#n	   k	      mu	    PL	    Pf	     w	     err  
0	  0.10472	  1	  0.00427213	  0.000300393	  3	  0.000188452
1	  0.20944	  1	  0.00151751	  0.000127375	  3	  7.9909e-05
2	  0.314159	  1	  0.0007108	  9.45866e-05	  3	  5.93389e-05
3	  0.418879	  1	  0.000398371	  5.09887e-05	  3	  3.19878e-05
4	  0.523599	  1	  0.000251849	  5.80887e-06	  3	  3.6442e-06
5	  0.628319	  1	  0.000170648	  8.49397e-06	  3	  5.32869e-06
6	  0.733038	  1	  0.000122002	  6.33585e-06	  3	  3.9748e-06
7	  0.837758	  1	  9.08132e-05	  1.19305e-05	  3	  7.48459e-06
8	  0.942478	  1	  6.97363e-05	  4.38728e-06	  3	  2.75236e-06
9	  0.10472	  0	  0.00427213	  5.88707e-05	  6	  2.69774e-05
10	  0.148096	  0.707107	  0.00271675	  6.97806e-05	  12	  2.3633e-05
11	  0.23416	  0.894427	  0.00120207	  7.52605e-05	  12	  2.54888e-05
12	  0.331153	  0.948683	  0.00064369	  5.65473e-05	  12	  1.91512e-05
13	  0.431771	  0.970143	  0.000374901	  1.77968e-05	  12	  6.02733e-06
14	  0.533968	  0.980581	  0.00024156	  1.31287e-05	  12	  4.44635e-06
15	  0.636985	  0.986394	  0.000165645	  9.13928e-06	  12	  3.09525e-06
16	  0.74048	  0.989949	  0.000119362	  6.87078e-06	  12	  2.32696e-06
17	  0.844278	  0.992278	  8.92337e-05	  8.53711e-06	  12	  2.89131e-06
18	  0.948278	  0.993884	  6.87654e-05	  3.02274e-06	  12	  1.02373e-06
19	  0.148096	  0	  0.00271675	  2.44061e-05	  6	  1.11841e-05
20	  0.18138	  0.57735	  0.00192736	  4.51093e-05	  12	  1.52774e-05
21	  0.25651	  0.816497	  0.00105795	  4.9021e-05	  12	  1.66022e-05
22	  0.347316	  0.904534	  0.000579791	  2.7173e-05	  12	  9.20282e-06
23	  0.444288	  0.942809	  0.000354409	  1.95087e-05	  12	  6.6071e-06
24	  0.54414	  0.96225	  0.000231969	  1.76549e-05	  12	  5.97926e-06
25	  0.645536	  0.973329	  0.000160985	  1.00993e-05	  12	  3.42039e-06
26	  0.747849	  0.980196	  0.000116753	  8.01763e-06	  12	  2.71537e-06
27	  0.850747	  0.984732	  8.77505e-05	  7.58158e-06	  12	  2.56769e-06
28	  0.954042	  0.987878	  6.78321e-05	  3.0614e-06	  12	  1.03682e-06
29	  0.20944	  0	  0.00151751	  2.12571e-05	  6	  9.74104e-06
30	  0.23416	  0.447214	  0.00120207	  2.68594e-05	  12	  9.09661e-06
31	  0.296192	  0.707107	  0.000782761	  2.33995e-05	  12	  7.92483e-06
32	  0.377572	  0.83205	  0.000493333	  1.61446e-05	  12	  5.46777e-06
33	  0.468321	  0.894427	  0.00031798	  2.91342e-05	  12	  9.86701e-06
34	  0.563933	  0.928477	  0.000215017	  9.02248e-06	  12	  3.05569e-06
35	  0.662306	  0.948683	  0.000152257	  8.24173e-06	  12	  2.79127e-06
36	  0.762371	  0.961524	  0.000111916	  6.111e-06	  12	  2.06965e-06
37	  0.863541	  0.970143	  8.48614e-05	  5.8856e-06	  12	  1.99331e-06
38	  0.965468	  0.976187	  6.60351e-05	  6.87394e-06	  12	  2.32803e-06
39	  0.23416	  0	  0.00120207	  1.70353e-05	  12	  5.76942e-06
40	  0.25651	  0.408248	  0.00105795	  2.30391e-05	  24	  5.85479e-06
41	  0.314159	  0.666667	  0.0007108	  2.76487e-05	  24	  7.02621e-06
42	  0.391825	  0.801784	  0.000459314	  1.44237e-05	  24	  3.66541e-06
43	  0.479886	  0.872872	  0.000301799	  1.94158e-05	  24	  4.93403e-06
44	  0.573574	  0.912871	  0.000207525	  8.92324e-06	  24	  2.26761e-06
45	  0.670534	  0.937043	  0.00014827	  8.82605e-06	  24	  2.24291e-06
46	  0.76953	  0.952579	  0.00010966	  5.01985e-06	  24	  1.27567e-06
47	  0.869868	  0.963087	  8.34996e-05	  3.66996e-06	  24	  9.32625e-07
48	  0.971131	  0.970495	  6.51545e-05	  3.87752e-06	  24	  9.85373e-07
49	  0.296192	  0	  0.000782761	  9.87287e-06	  6	  4.52423e-06
50	  0.314159	  0.333333	  0.0007108	  1.2621e-05	  12	  4.27441e-06
51	  0.36276	  0.57735	  0.000530683	  1.85106e-05	  12	  6.26908e-06
52	  0.431771	  0.727607	  0.000374901	  1.59868e-05	  12	  5.41433e-06
53	  0.51302	  0.816497	  0.000262812	  1.43326e-05	  12	  4.8541e-06
54	  0.601569	  0.870388	  0.000187384	  1.25132e-05	  12	  4.23792e-06
55	  0.694632	  0.904534	  0.000137293	  7.96643e-06	  12	  2.69803e-06
56	  0.790617	  0.927173	  0.000103284	  5.77796e-06	  12	  1.95685e-06
57	  0.888577	  0.942809	  7.96115e-05	  4.04182e-06	  12	  1.36886e-06
58	  0.987924	  0.953998	  6.26782e-05	  2.22016e-06	  12	  7.51911e-07
59	  0.314159	  0	  0.0007108	  1.3541e-05	  6	  6.20512e-06
60	  0.331153	  0.316228	  0.00064369	  1.7021e-05	  12	  5.7646e-06
61	  0.377572	  0.5547	  0.000493333	  1.3283e-05	  12	  4.49863e-06
62	  0.444288	  0.707107	  0.000354409	  9.43385e-06	  12	  3.19501e-06
63	  0.523599	  0.8	  0.000251849	  1.02649e-05	  12	  3.47647e-06
64	  0.610616	  0.857493	  0.000181465	  9.08876e-06	  12	  3.07814e-06
65	  0.702481	  0.894427	  0.000133953	  6.30832e-06	  12	  2.13647e-06
66	  0.797522	  0.919145	  0.000101309	  9.77167e-06	  12	  3.30942e-06
67	  0.894726	  0.936329	  7.83672e-05	  6.46752e-06	  12	  2.19039e-06
68	  0.993459	  0.948683	  6.18957e-05	  5.23276e-06	  12	  1.77221e-06
69	  0.331153	  0	  0.00064369	  1.5032e-05	  12	  5.09095e-06
70	  0.347316	  0.301511	  0.000579791	  5.30525e-06	  24	  1.34819e-06
71	  0.391825	  0.534522	  0.000459314	  9.16834e-06	  24	  2.3299e-06
72	  0.456463	  0.688247	  0.00033562	  1.01411e-05	  24	  2.5771e-06
73	  0.533968	  0.784465	  0.00024156	  7.40107e-06	  24	  1.88079e-06
74	  0.61953	  0.845154	  0.000175917	  8.21362e-06	  24	  2.08728e-06
75	  0.710244	  0.884652	  0.000130793	  6.8811e-06	  24	  1.74865e-06
76	  0.804368	  0.911322	  9.94144e-05	  4.68122e-06	  24	  1.18961e-06
77	  0.900833	  0.929981	  7.7197e-05	  3.49972e-06	  24	  8.89364e-07
78	  0.998963	  0.943456	  6.11335e-05	  2.71746e-06	  24	  6.90572e-07
79	  0.377572	  0	  0.000493333	  6.55698e-06	  12	  2.22069e-06
80	  0.391825	  0.267261	  0.000459314	  5.52437e-06	  24	  1.40387e-06
81	  0.431771	  0.485071	  0.000374901	  1.1379e-05	  24	  2.89168e-06
82	  0.491179	  0.639602	  0.000287358	  6.00283e-06	  24	  1.52547e-06
83	  0.563933	  0.742781	  0.000215017	  9.22886e-06	  24	  2.34528e-06
84	  0.645536	  0.811107	  0.000160985	  5.95465e-06	  24	  1.51322e-06
85	  0.733038	  0.857143	  0.000122002	  5.34615e-06	  24	  1.35859e-06
86	  0.824564	  0.889001	  9.40695e-05	  3.89159e-06	  24	  9.88948e-07
87	  0.918912	  0.911685	  7.38245e-05	  2.81064e-06	  24	  7.14251e-07
88	  0.418879	  0	  0.000398371	  7.23401e-06	  6	  3.31497e-06
89	  0.431771	  0.242536	  0.000374901	  5.54349e-06	  12	  1.87744e-06
90	  0.468321	  0.447214	  0.00031798	  1.08958e-05	  12	  3.69013e-06
91	  0.523599	  0.6	  0.000251849	  5.93176e-06	  12	  2.00894e-06
92	  0.592384	  0.707107	  0.000193728	  1.14777e-05	  12	  3.88723e-06
93	  0.670534	  0.780869	  0.00014827	  4.39846e-06	  12	  1.48965e-06
94	  0.755145	  0.83205	  0.000114321	  4.82594e-06	  12	  1.63443e-06
95	  0.844278	  0.868243	  8.92337e-05	  5.06061e-06	  12	  1.7139e-06
96	  0.936642	  0.894427	  7.07132e-05	  4.09066e-06	  12	  1.3854e-06
97	  0.431771	  0	  0.000374901	  4.97766e-06	  12	  1.68581e-06
98	  0.444288	  0.235702	  0.000354409	  3.56827e-06	  24	  9.06783e-07
99	  0.479886	  0.436436	  0.000301799	  7.75834e-06	  24	  1.97158e-06
100	  0.533968	  0.588348	  0.00024156	  6.10182e-06	  24	  1.55062e-06
101	  0.601569	  0.696311	  0.000187384	  5.08635e-06	  24	  1.29256e-06
102	  0.678662	  0.771517	  0.000144415	  4.91217e-06	  24	  1.2483e-06
103	  0.762371	  0.824163	  0.000111916	  4.14741e-06	  24	  1.05396e-06
104	  0.850747	  0.86164	  8.77505e-05	  4.97057e-06	  24	  1.26314e-06
105	  0.942478	  0.888889	  6.97363e-05	  3.32709e-06	  24	  8.45495e-07
106	  0.444288	  0	  0.000354409	  3.24993e-06	  6	  1.48928e-06
107	  0.456463	  0.229416	  0.00033562	  5.4608e-06	  12	  1.84944e-06
108	  0.491179	  0.426401	  0.000287358	  3.26233e-06	  12	  1.10487e-06
109	  0.54414	  0.57735	  0.000231969	  3.23181e-06	  12	  1.09453e-06
110	  0.610616	  0.685994	  0.000181465	  2.9606e-06	  12	  1.00268e-06
111	  0.686693	  0.762493	  0.000140776	  2.21654e-06	  12	  7.50688e-07
112	  0.76953	  0.816497	  0.00010966	  4.4725e-06	  12	  1.51473e-06
113	  0.857168	  0.855186	  8.62786e-05	  4.94334e-06	  12	  1.67419e-06
114	  0.948278	  0.883452	  6.87654e-05	  3.85615e-06	  12	  1.30598e-06
115	  0.468321	  0	  0.00031798	  6.52323e-06	  12	  2.20926e-06
116	  0.479886	  0.218218	  0.000301799	  5.96065e-06	  24	  1.51474e-06
117	  0.51302	  0.408248	  0.000262812	  5.14713e-06	  24	  1.30801e-06
118	  0.563933	  0.557086	  0.000215017	  5.80261e-06	  24	  1.47458e-06
119	  0.628319	  0.666667	  0.000170648	  5.99229e-06	  24	  1.52279e-06
120	  0.702481	  0.745356	  0.000133953	  5.38335e-06	  24	  1.36804e-06
121	  0.783651	  0.801784	  0.000105335	  3.87883e-06	  24	  9.85704e-07
122	  0.869868	  0.842701	  8.34996e-05	  3.96938e-06	  24	  1.00871e-06
123	  0.959772	  0.872872	  6.69309e-05	  3.93696e-06	  24	  1.00048e-06
124	  0.523599	  0	  0.000251849	  2.72421e-06	  18	  7.78314e-07
125	  0.533968	  0.196116	  0.00024156	  2.62357e-06	  36	  5.6844e-07
126	  0.563933	  0.371391	  0.000215017	  4.0046e-06	  36	  8.67663e-07
127	  0.610616	  0.514496	  0.000181465	  3.50839e-06	  36	  7.60151e-07
128	  0.670534	  0.624695	  0.00014827	  4.152e-06	  36	  8.996e-07
129	  0.74048	  0.707107	  0.000119362	  3.42175e-06	  36	  7.41378e-07
130	  0.817887	  0.768221	  9.58027e-05	  3.09967e-06	  36	  6.71596e-07
131	  0.900833	  0.813733	  7.7197e-05	  3.01613e-06	  36	  6.53495e-07
132	  0.987924	  0.847998	  6.26782e-05	  3.11312e-06	  36	  6.7451e-07
133	  0.533968	  0	  0.00024156	  2.08383e-06	  12	  7.0574e-07
134	  0.54414	  0.19245	  0.000231969	  4.27301e-06	  24	  1.08588e-06
135	  0.573574	  0.365148	  0.000207525	  2.75721e-06	  24	  7.00673e-07
136	  0.61953	  0.507093	  0.000175917	  3.66043e-06	  24	  9.30204e-07
137	  0.678662	  0.617213	  0.000144415	  3.5694e-06	  24	  9.07072e-07
138	  0.747849	  0.70014	  0.000116753	  4.57246e-06	  24	  1.16197e-06
139	  0.824564	  0.762001	  9.40695e-05	  2.93849e-06	  24	  7.46743e-07
140	  0.9069	  0.80829	  7.60446e-05	  3.05335e-06	  24	  7.75931e-07
141	  0.993459	  0.843274	  6.18957e-05	  2.42451e-06	  24	  6.16127e-07
142	  0.563933	  0	  0.000215017	  1.8233e-06	  12	  6.17507e-07
143	  0.573574	  0.182574	  0.000207525	  2.2166e-06	  24	  5.63292e-07
144	  0.601569	  0.348155	  0.000187384	  2.92107e-06	  24	  7.42315e-07
145	  0.645536	  0.486664	  0.000160985	  3.60455e-06	  24	  9.16003e-07
146	  0.702481	  0.596285	  0.000133953	  2.89068e-06	  24	  7.34591e-07
147	  0.76953	  0.680414	  0.00010966	  3.937e-06	  24	  1.00049e-06
148	  0.844278	  0.744208	  8.92337e-05	  3.58477e-06	  24	  9.10977e-07
149	  0.92486	  0.792594	  7.27641e-05	  2.91858e-06	  24	  7.4168e-07
150	  0.592384	  0	  0.000193728	  4.70489e-06	  6	  2.15601e-06
151	  0.601569	  0.174078	  0.000187384	  3.1259e-06	  12	  1.05867e-06
152	  0.628319	  0.333333	  0.000170648	  3.13835e-06	  12	  1.06288e-06
153	  0.670534	  0.468521	  0.00014827	  3.5487e-06	  12	  1.20186e-06
154	  0.72552	  0.57735	  0.000124835	  4.15367e-06	  12	  1.40675e-06
155	  0.790617	  0.662266	  0.000103284	  4.30638e-06	  12	  1.45846e-06
156	  0.863541	  0.727607	  8.48614e-05	  2.01975e-06	  12	  6.8404e-07
157	  0.942478	  0.777778	  6.97363e-05	  2.96184e-06	  12	  1.0031e-06
158	  0.610616	  0	  0.000181465	  3.32769e-06	  12	  1.12701e-06
159	  0.61953	  0.169031	  0.000175917	  2.97008e-06	  24	  7.54768e-07
160	  0.645536	  0.324443	  0.000160985	  3.25941e-06	  24	  8.28295e-07
161	  0.686693	  0.457496	  0.000140776	  1.27135e-06	  24	  3.23081e-07
162	  0.74048	  0.565685	  0.000119362	  2.71932e-06	  24	  6.91045e-07
163	  0.804368	  0.650945	  9.94144e-05	  2.30507e-06	  24	  5.85774e-07
164	  0.876148	  0.717137	  8.21476e-05	  2.77082e-06	  24	  7.04132e-07
165	  0.954042	  0.76835	  6.78321e-05	  1.98915e-06	  24	  5.05491e-07
166	  0.628319	  0	  0.000170648	  1.07252e-06	  6	  4.91482e-07
167	  0.636985	  0.164399	  0.000165645	  2.80049e-06	  12	  9.48457e-07
168	  0.662306	  0.316228	  0.000152257	  2.67911e-06	  12	  9.07347e-07
169	  0.702481	  0.447214	  0.000133953	  2.4099e-06	  12	  8.16172e-07
170	  0.755145	  0.5547	  0.000114321	  1.48633e-06	  12	  5.03383e-07
171	  0.817887	  0.640184	  9.58027e-05	  2.76884e-06	  12	  9.37738e-07
172	  0.888577	  0.707107	  7.96115e-05	  2.81811e-06	  12	  9.54423e-07
173	  0.965468	  0.759257	  6.60351e-05	  2.27759e-06	  12	  7.71363e-07
174	  0.636985	  0	  0.000165645	  2.79078e-06	  12	  9.45167e-07
175	  0.645536	  0.162221	  0.000160985	  2.1016e-06	  24	  5.34068e-07
176	  0.670534	  0.312348	  0.00014827	  3.19223e-06	  24	  8.11223e-07
177	  0.710244	  0.442326	  0.000130793	  3.34592e-06	  24	  8.5028e-07
178	  0.762371	  0.549442	  0.000111916	  2.95002e-06	  24	  7.49671e-07
179	  0.824564	  0.635001	  9.40695e-05	  2.77795e-06	  24	  7.05943e-07
180	  0.894726	  0.702247	  7.83672e-05	  3.11358e-06	  24	  7.91235e-07
181	  0.971131	  0.754829	  6.51545e-05	  2.12734e-06	  24	  5.40609e-07
182	  0.662306	  0	  0.000152257	  1.91737e-06	  12	  6.49366e-07
183	  0.670534	  0.156174	  0.00014827	  2.76896e-06	  24	  7.03661e-07
184	  0.694632	  0.301511	  0.000137293	  2.128e-06	  24	  5.40777e-07
185	  0.733038	  0.428571	  0.000122002	  2.17627e-06	  24	  5.53043e-07
186	  0.783651	  0.534522	  0.000105335	  2.26329e-06	  24	  5.75157e-07
187	  0.844278	  0.620174	  8.92337e-05	  2.69608e-06	  24	  6.85138e-07
188	  0.912926	  0.688247	  7.48999e-05	  2.62675e-06	  24	  6.6752e-07
189	  0.987924	  0.741999	  6.26782e-05	  1.8203e-06	  24	  4.62582e-07
190	  0.670534	  0	  0.00014827	  1.08415e-06	  12	  3.67175e-07
191	  0.678662	  0.154303	  0.000144415	  1.43762e-06	  24	  3.65335e-07
192	  0.702481	  0.298142	  0.000133953	  2.27683e-06	  24	  5.78598e-07
193	  0.74048	  0.424264	  0.000119362	  2.5502e-06	  24	  6.48067e-07
194	  0.790617	  0.529813	  0.000103284	  2.67868e-06	  24	  6.80717e-07
195	  0.850747	  0.615457	  8.77505e-05	  2.51603e-06	  24	  6.39384e-07
196	  0.918912	  0.683763	  7.38245e-05	  2.71748e-06	  24	  6.90578e-07
197	  0.993459	  0.737865	  6.18957e-05	  2.0177e-06	  24	  5.12747e-07
198	  0.702481	  0	  0.000133953	  1.39982e-06	  12	  4.74084e-07
199	  0.710244	  0.147442	  0.000130793	  2.41924e-06	  24	  6.14787e-07
200	  0.733038	  0.285714	  0.000122002	  1.57235e-06	  24	  3.99572e-07
201	  0.76953	  0.408248	  0.00010966	  2.26016e-06	  24	  5.74361e-07
202	  0.817887	  0.512148	  9.58027e-05	  1.95053e-06	  24	  4.95677e-07
203	  0.876148	  0.597614	  8.21476e-05	  1.18042e-06	  24	  2.99973e-07
204	  0.942478	  0.666667	  6.97363e-05	  2.37168e-06	  24	  6.02702e-07
205	  0.733038	  0	  0.000122002	  1.68725e-06	  6	  7.73182e-07
206	  0.74048	  0.141421	  0.000119362	  2.04078e-06	  12	  6.91161e-07
207	  0.762371	  0.274721	  0.000111916	  2.73953e-06	  12	  9.27811e-07
208	  0.797522	  0.393919	  0.000101309	  2.59531e-06	  12	  8.78965e-07
209	  0.844278	  0.496139	  8.92337e-05	  1.8285e-06	  12	  6.19267e-07
210	  0.900833	  0.581238	  7.7197e-05	  1.89671e-06	  12	  6.42369e-07
211	  0.965468	  0.650791	  6.60351e-05	  9.87147e-07	  12	  3.34322e-07
212	  0.74048	  0	  0.000119362	  2.0978e-06	  18	  5.99347e-07
213	  0.747849	  0.140028	  0.000116753	  2.40416e-06	  36	  5.20902e-07
214	  0.76953	  0.272166	  0.00010966	  1.75321e-06	  36	  3.79863e-07
215	  0.804368	  0.390567	  9.94144e-05	  1.79716e-06	  36	  3.89384e-07
216	  0.850747	  0.492366	  8.77505e-05	  1.76879e-06	  36	  3.83238e-07
217	  0.9069	  0.57735	  7.60446e-05	  2.35146e-06	  36	  5.09484e-07
218	  0.971131	  0.646997	  6.51545e-05	  2.7132e-06	  36	  5.8786e-07
219	  0.755145	  0	  0.000114321	  1.30195e-06	  12	  4.40937e-07
220	  0.762371	  0.137361	  0.000111916	  1.86692e-06	  24	  4.7443e-07
221	  0.783651	  0.267261	  0.000105335	  1.61247e-06	  24	  4.09767e-07
222	  0.817887	  0.384111	  9.58027e-05	  1.80256e-06	  24	  4.58074e-07
223	  0.863541	  0.485071	  8.48614e-05	  1.3901e-06	  24	  3.53257e-07
224	  0.918912	  0.569803	  7.38245e-05	  1.63652e-06	  24	  4.1588e-07
225	  0.982358	  0.639602	  6.34989e-05	  2.39e-06	  24	  6.07357e-07
226	  0.762371	  0	  0.000111916	  1.99322e-06	  12	  6.75053e-07
227	  0.76953	  0.136083	  0.00010966	  1.54003e-06	  24	  3.91358e-07
228	  0.790617	  0.264906	  0.000103284	  2.17613e-06	  24	  5.53006e-07
229	  0.824564	  0.381	  9.40695e-05	  9.8142e-07	  24	  2.49403e-07
230	  0.869868	  0.481543	  8.34996e-05	  1.89003e-06	  24	  4.80302e-07
231	  0.92486	  0.566139	  7.27641e-05	  1.90038e-06	  24	  4.82932e-07
232	  0.987924	  0.635999	  6.26782e-05	  1.2415e-06	  24	  3.15495e-07
233	  0.797522	  0	  0.000101309	  1.84532e-06	  12	  6.24965e-07
234	  0.804368	  0.130189	  9.94144e-05	  1.22084e-06	  24	  3.10245e-07
235	  0.824564	  0.254	  9.40695e-05	  8.09842e-07	  24	  2.05801e-07
236	  0.857168	  0.366508	  8.62786e-05	  1.71965e-06	  24	  4.37005e-07
237	  0.900833	  0.464991	  7.7197e-05	  1.85162e-06	  24	  4.70542e-07
238	  0.954042	  0.548821	  6.78321e-05	  1.95294e-06	  24	  4.9629e-07
239	  0.817887	  0	  9.58027e-05	  1.13347e-06	  12	  3.83879e-07
240	  0.824564	  0.127	  9.40695e-05	  1.32335e-06	  24	  3.36296e-07
241	  0.844278	  0.248069	  8.92337e-05	  1.40446e-06	  24	  3.56907e-07
242	  0.876148	  0.358569	  8.21476e-05	  1.25571e-06	  24	  3.19106e-07
243	  0.918912	  0.455842	  7.38245e-05	  1.51544e-06	  24	  3.8511e-07
244	  0.971131	  0.539164	  6.51545e-05	  1.59698e-06	  24	  4.05831e-07
245	  0.837758	  0	  9.08132e-05	  9.11877e-07	  6	  4.17866e-07
246	  0.844278	  0.124035	  8.92337e-05	  1.3063e-06	  12	  4.42412e-07
247	  0.863541	  0.242536	  8.48614e-05	  1.5636e-06	  12	  5.29553e-07
248	  0.894726	  0.351123	  7.83672e-05	  1.54342e-06	  12	  5.22716e-07
249	  0.936642	  0.447214	  7.07132e-05	  1.99339e-06	  12	  6.75113e-07
250	  0.987924	  0.529999	  6.26782e-05	  2.09562e-06	  12	  7.09733e-07
251	  0.844278	  0	  8.92337e-05	  1.04113e-06	  24	  2.64575e-07
252	  0.850747	  0.123091	  8.77505e-05	  1.34379e-06	  48	  2.61149e-07
253	  0.869868	  0.240772	  8.34996e-05	  1.39105e-06	  48	  2.70333e-07
254	  0.900833	  0.348743	  7.7197e-05	  1.53068e-06	  48	  2.97468e-07
255	  0.942478	  0.444444	  6.97363e-05	  1.25635e-06	  48	  2.44157e-07
256	  0.993459	  0.527046	  6.18957e-05	  1.61907e-06	  48	  3.14646e-07
257	  0.863541	  0	  8.48614e-05	  1.29524e-06	  12	  4.38666e-07
258	  0.869868	  0.120386	  8.34996e-05	  1.2392e-06	  24	  3.1491e-07
259	  0.888577	  0.235702	  7.96115e-05	  1.5276e-06	  24	  3.88199e-07
260	  0.918912	  0.341882	  7.38245e-05	  1.20957e-06	  24	  3.07382e-07
261	  0.959772	  0.436436	  6.69309e-05	  1.51382e-06	  24	  3.84698e-07
262	  0.888577	  0	  7.96115e-05	  8.44798e-07	  6	  3.87127e-07
263	  0.894726	  0.117041	  7.83672e-05	  1.54779e-06	  12	  5.24197e-07
264	  0.912926	  0.229416	  7.48999e-05	  1.60615e-06	  12	  5.43965e-07
265	  0.942478	  0.333333	  6.97363e-05	  1.32432e-06	  12	  4.48515e-07
266	  0.982358	  0.426401	  6.34989e-05	  1.21742e-06	  12	  4.12311e-07
267	  0.894726	  0	  7.83672e-05	  1.37904e-06	  12	  4.67048e-07
268	  0.900833	  0.116248	  7.7197e-05	  1.13765e-06	  24	  2.89104e-07
269	  0.918912	  0.227921	  7.38245e-05	  1.10786e-06	  24	  2.81534e-07
270	  0.948278	  0.331295	  6.87654e-05	  1.66743e-06	  24	  4.23733e-07
271	  0.987924	  0.423999	  6.26782e-05	  1.35395e-06	  24	  3.44071e-07
272	  0.900833	  0	  7.7197e-05	  1.41001e-06	  12	  4.77537e-07
273	  0.9069	  0.11547	  7.60446e-05	  1.05582e-06	  24	  2.68309e-07
274	  0.92486	  0.226455	  7.27641e-05	  9.97342e-07	  24	  2.53449e-07
275	  0.954042	  0.329293	  6.78321e-05	  1.54406e-06	  24	  3.92382e-07
276	  0.993459	  0.421637	  6.18957e-05	  1.31007e-06	  24	  3.32919e-07
277	  0.936642	  0	  7.07132e-05	  1.09733e-06	  12	  3.71639e-07
278	  0.942478	  0.111111	  6.97363e-05	  1.09658e-06	  24	  2.78666e-07
279	  0.959772	  0.218218	  6.69309e-05	  1.11994e-06	  24	  2.84603e-07
280	  0.987924	  0.317999	  6.26782e-05	  1.07142e-06	  24	  2.72275e-07
281	  0.942478	  0	  6.97363e-05	  2.84619e-06	  6	  1.30426e-06
282	  0.948278	  0.110432	  6.87654e-05	  1.02966e-06	  12	  3.48721e-07
283	  0.965468	  0.21693	  6.60351e-05	  1.69679e-06	  12	  5.7466e-07
284	  0.993459	  0.316228	  6.18957e-05	  1.04277e-06	  12	  3.53162e-07
285	  0.948278	  0	  6.87654e-05	  9.30305e-07	  12	  3.15071e-07
286	  0.954042	  0.109764	  6.78321e-05	  1.12591e-06	  24	  2.8612e-07
287	  0.971131	  0.215666	  6.51545e-05	  8.86456e-07	  24	  2.2527e-07
288	  0.998963	  0.314485	  6.11335e-05	  1.81863e-06	  24	  4.62159e-07
289	  0.965468	  0	  6.60351e-05	  1.17077e-06	  24	  2.97521e-07
290	  0.971131	  0.107833	  6.51545e-05	  9.63149e-07	  48	  1.87176e-07
291	  0.987924	  0.212	  6.26782e-05	  8.93801e-07	  48	  1.73699e-07
292	  0.987924	  0	  6.26782e-05	  1.06332e-06	  12	  3.6012e-07
293	  0.993459	  0.105409	  6.18957e-05	  1.36635e-06	  24	  3.47222e-07
294	  0.993459	  0	  6.18957e-05	  7.92755e-07	  12	  2.68486e-07
295	  0.998963	  0.104828	  6.11335e-05	  1.18677e-06	  24	  3.01587e-07
296	  1.08818	  0.030936	  5.03103e-05	  6.50861e-07	  138	  8.79481e-08
297	  1.08818	  0.0938307	  5.03103e-05	  7.44081e-07	  252	  8.40767e-08
298	  1.08818	  0.156319	  5.03103e-05	  6.46397e-07	  72	  1.08499e-07
299	  1.08818	  0.218712	  5.03103e-05	  8.51656e-07	  216	  1.00531e-07
300	  1.08818	  0.281224	  5.03103e-05	  8.52404e-07	  288	  9.28486e-08
301	  1.08818	  0.343807	  5.03103e-05	  8.97309e-07	  120	  1.26778e-07
302	  1.08818	  0.406302	  5.03103e-05	  1.06233e-06	  180	  1.32298e-07
303	  1.08818	  0.468745	  5.03103e-05	  1.08574e-06	  180	  1.35214e-07
304	  1.08818	  0.531226	  5.03103e-05	  1.07527e-06	  192	  1.31364e-07
305	  1.08818	  0.593785	  5.03103e-05	  1.41692e-06	  192	  1.73104e-07
306	  1.08818	  0.656281	  5.03103e-05	  1.34829e-06	  168	  1.71438e-07
307	  1.08818	  0.718743	  5.03103e-05	  1.48419e-06	  228	  1.72503e-07
308	  1.08818	  0.781255	  5.03103e-05	  1.93062e-06	  144	  2.57416e-07
309	  1.08818	  0.843774	  5.03103e-05	  2.04757e-06	  240	  2.34549e-07
310	  1.08818	  0.90628	  5.03103e-05	  2.22971e-06	  168	  2.83512e-07
311	  1.08818	  0.968758	  5.03103e-05	  2.67612e-06	  150	  3.5231e-07
312	  1.25577	  0.030936	  3.61853e-05	  6.62801e-07	  198	  8.02432e-08
313	  1.25577	  0.0938307	  3.61853e-05	  5.95563e-07	  396	  5.97063e-08
314	  1.25577	  0.156319	  3.61853e-05	  5.48223e-07	  396	  5.49604e-08
315	  1.25577	  0.218712	  3.61853e-05	  5.29363e-07	  204	  6.3531e-08
316	  1.25577	  0.281224	  3.61853e-05	  6.88182e-07	  216	  8.1234e-08
317	  1.25577	  0.343807	  3.61853e-05	  6.03796e-07	  372	  6.14951e-08
318	  1.25577	  0.406302	  3.61853e-05	  7.4558e-07	  312	  7.94891e-08
319	  1.25577	  0.468745	  3.61853e-05	  7.69974e-07	  288	  8.38698e-08
320	  1.25577	  0.531226	  3.61853e-05	  8.98615e-07	  264	  1.00237e-07
321	  1.25577	  0.593785	  3.61853e-05	  9.6056e-07	  312	  1.02409e-07
322	  1.25577	  0.656281	  3.61853e-05	  1.02286e-06	  276	  1.12712e-07
323	  1.25577	  0.718743	  3.61853e-05	  1.13503e-06	  312	  1.2101e-07
324	  1.25577	  0.781255	  3.61853e-05	  1.23311e-06	  276	  1.3588e-07
325	  1.25577	  0.843774	  3.61853e-05	  1.61064e-06	  240	  1.84498e-07
326	  1.25577	  0.90628	  3.61853e-05	  1.45908e-06	  324	  1.54014e-07
327	  1.25577	  0.968758	  3.61853e-05	  1.71411e-06	  315	  1.82284e-07
328	  1.45182	  0.030936	  2.58127e-05	  4.46494e-07	  246	  5.07921e-08
329	  1.45182	  0.0938307	  2.58127e-05	  4.23059e-07	  516	  3.97771e-08
330	  1.45182	  0.156319	  2.58127e-05	  4.09672e-07	  504	  3.87319e-08
331	  1.45182	  0.218712	  2.58127e-05	  4.6855e-07	  528	  4.38185e-08
332	  1.45182	  0.281224	  2.58127e-05	  4.41704e-07	  504	  4.17603e-08
333	  1.45182	  0.343807	  2.58127e-05	  5.30385e-07	  384	  5.35853e-08
334	  1.45182	  0.406302	  2.58127e-05	  5.56521e-07	  420	  5.49815e-08
335	  1.45182	  0.468745	  2.58127e-05	  5.81423e-07	  468	  5.59474e-08
336	  1.45182	  0.531226	  2.58127e-05	  6.14606e-07	  480	  5.87831e-08
337	  1.45182	  0.593785	  2.58127e-05	  7.74126e-07	  468	  7.44903e-08
338	  1.45182	  0.656281	  2.58127e-05	  6.8453e-07	  396	  6.86254e-08
339	  1.45182	  0.718743	  2.58127e-05	  7.16817e-07	  456	  6.94089e-08
340	  1.45182	  0.781255	  2.58127e-05	  8.38673e-07	  432	  8.22844e-08
341	  1.45182	  0.843774	  2.58127e-05	  9.19457e-07	  480	  8.79401e-08
342	  1.45182	  0.90628	  2.58127e-05	  1.04143e-06	  480	  9.96059e-08
343	  1.45182	  0.968758	  2.58127e-05	  1.06016e-06	  414	  1.05112e-07
344	  1.68148	  0.030936	  1.82704e-05	  3.02528e-07	  798	  2.58358e-08
345	  1.68148	  0.0938307	  1.82704e-05	  3.16559e-07	  708	  2.7725e-08
346	  1.68148	  0.156319	  1.82704e-05	  3.22631e-07	  684	  2.84676e-08
347	  1.68148	  0.218712	  1.82704e-05	  3.16459e-07	  720	  2.76166e-08
348	  1.68148	  0.281224	  1.82704e-05	  3.36548e-07	  708	  2.94756e-08
349	  1.68148	  0.343807	  1.82704e-05	  3.56141e-07	  720	  3.10796e-08
350	  1.68148	  0.406302	  1.82704e-05	  3.56481e-07	  672	  3.15756e-08
351	  1.68148	  0.468745	  1.82704e-05	  4.1291e-07	  732	  3.59071e-08
352	  1.68148	  0.531226	  1.82704e-05	  4.60016e-07	  672	  4.07463e-08
353	  1.68148	  0.593785	  1.82704e-05	  4.71384e-07	  708	  4.12849e-08
354	  1.68148	  0.656281	  1.82704e-05	  4.77236e-07	  744	  4.13581e-08
355	  1.68148	  0.718743	  1.82704e-05	  5.20612e-07	  744	  4.51171e-08
356	  1.68148	  0.781255	  1.82704e-05	  5.96542e-07	  696	  5.2439e-08
357	  1.68148	  0.843774	  1.82704e-05	  6.63498e-07	  708	  5.81107e-08
358	  1.68148	  0.90628	  1.82704e-05	  6.32992e-07	  696	  5.56431e-08
359	  1.68148	  0.968758	  1.82704e-05	  6.70577e-07	  741	  5.81631e-08
360	  1.94819	  0.030936	  1.2868e-05	  2.3475e-07	  1368	  1.80844e-08
361	  1.94819	  0.0938307	  1.2868e-05	  2.22363e-07	  924	  1.84333e-08
362	  1.94819	  0.156319	  1.2868e-05	  2.22507e-07	  972	  1.82623e-08
363	  1.94819	  0.218712	  1.2868e-05	  2.2948e-07	  972	  1.88346e-08
364	  1.94819	  0.281224	  1.2868e-05	  2.26628e-07	  1200	  1.78736e-08
365	  1.94819	  0.343807	  1.2868e-05	  2.43162e-07	  1140	  1.936e-08
366	  1.94819	  0.406302	  1.2868e-05	  2.69737e-07	  1080	  2.16947e-08
367	  1.94819	  0.468745	  1.2868e-05	  2.91867e-07	  1068	  2.35243e-08
368	  1.94819	  0.531226	  1.2868e-05	  2.94687e-07	  1164	  2.33718e-08
369	  1.94819	  0.593785	  1.2868e-05	  3.32215e-07	  1188	  2.62493e-08
370	  1.94819	  0.656281	  1.2868e-05	  3.51538e-07	  1068	  2.83338e-08
371	  1.94819	  0.718743	  1.2868e-05	  3.54464e-07	  1008	  2.88878e-08
372	  1.94819	  0.781255	  1.2868e-05	  3.75992e-07	  1164	  2.98201e-08
373	  1.94819	  0.843774	  1.2868e-05	  4.14425e-07	  1176	  3.28061e-08
374	  1.94819	  0.90628	  1.2868e-05	  4.28434e-07	  1080	  3.44585e-08
375	  1.94819	  0.968758	  1.2868e-05	  4.00685e-07	  1038	  3.24709e-08
376	  2.25604	  0.030936	  9.04471e-06	  1.70448e-07	  1896	  1.24368e-08
377	  2.25604	  0.0938307	  9.04471e-06	  1.76122e-07	  1272	  1.37443e-08
378	  2.25604	  0.156319	  9.04471e-06	  1.7206e-07	  2040	  1.24125e-08
379	  2.25604	  0.218712	  9.04471e-06	  1.7497e-07	  1740	  1.29431e-08
380	  2.25604	  0.281224	  9.04471e-06	  1.74739e-07	  1584	  1.31274e-08
381	  2.25604	  0.343807	  9.04471e-06	  1.86118e-07	  1764	  1.37373e-08
382	  2.25604	  0.406302	  9.04471e-06	  1.88277e-07	  1632	  1.40744e-08
383	  2.25604	  0.468745	  9.04471e-06	  2.00784e-07	  1860	  1.46948e-08
384	  2.25604	  0.531226	  9.04471e-06	  2.17122e-07	  1560	  1.63533e-08
385	  2.25604	  0.593785	  9.04471e-06	  2.18693e-07	  1692	  1.62512e-08
386	  2.25604	  0.656281	  9.04471e-06	  2.4307e-07	  1704	  1.80419e-08
387	  2.25604	  0.718743	  9.04471e-06	  2.38317e-07	  1824	  1.7496e-08
388	  2.25604	  0.781255	  9.04471e-06	  2.49063e-07	  1668	  1.85515e-08
389	  2.25604	  0.843774	  9.04471e-06	  2.66532e-07	  1680	  1.98293e-08
390	  2.25604	  0.90628	  9.04471e-06	  2.67735e-07	  1776	  1.97398e-08
391	  2.25604	  0.968758	  9.04471e-06	  2.56866e-07	  1656	  1.91554e-08
392	  2.61216	  0.030936	  6.3402e-06	  1.23714e-07	  2586	  8.61849e-09
393	  2.61216	  0.0938307	  6.3402e-06	  1.25065e-07	  3036	  8.52303e-09
394	  2.61216	  0.156319	  6.3402e-06	  1.29689e-07	  2124	  9.29847e-09
395	  2.61216	  0.218712	  6.3402e-06	  1.22917e-07	  2940	  8.4128e-09
396	  2.61216	  0.281224	  6.3402e-06	  1.30892e-07	  2616	  9.10372e-09
397	  2.61216	  0.343807	  6.3402e-06	  1.33074e-07	  2448	  9.34332e-09
398	  2.61216	  0.406302	  6.3402e-06	  1.34068e-07	  2916	  9.18611e-09
399	  2.61216	  0.468745	  6.3402e-06	  1.40221e-07	  2544	  9.79108e-09
400	  2.61216	  0.531226	  6.3402e-06	  1.48748e-07	  2652	  1.03259e-08
401	  2.61216	  0.593785	  6.3402e-06	  1.47232e-07	  2748	  1.01702e-08
402	  2.61216	  0.656281	  6.3402e-06	  1.55346e-07	  2676	  1.07703e-08
403	  2.61216	  0.718743	  6.3402e-06	  1.61098e-07	  2472	  1.1295e-08
404	  2.61216	  0.781255	  6.3402e-06	  1.65086e-07	  2616	  1.1482e-08
405	  2.61216	  0.843774	  6.3402e-06	  1.69623e-07	  2736	  1.1724e-08
406	  2.61216	  0.90628	  6.3402e-06	  1.68498e-07	  2568	  1.17499e-08
407	  2.61216	  0.968758	  6.3402e-06	  1.59031e-07	  2745	  1.09869e-08
408	  3.02645	  0.030936	  4.42237e-06	  9.06924e-08	  3414	  6.08679e-09
409	  3.02645	  0.0938307	  4.42237e-06	  9.19622e-08	  4512	  5.96718e-09
410	  3.02645	  0.156319	  4.42237e-06	  9.25178e-08	  4632	  5.98527e-09
411	  3.02645	  0.218712	  4.42237e-06	  8.96084e-08	  3972	  5.90224e-09
412	  3.02645	  0.281224	  4.42237e-06	  9.10696e-08	  4176	  5.96275e-09
413	  3.02645	  0.343807	  4.42237e-06	  9.29847e-08	  4344	  6.06004e-09
414	  3.02645	  0.406302	  4.42237e-06	  9.39509e-08	  4044	  6.17493e-09
415	  3.02645	  0.468745	  4.42237e-06	  1.01097e-07	  4092	  6.63525e-09
416	  3.02645	  0.531226	  4.42237e-06	  1.03312e-07	  4296	  6.74183e-09
417	  3.02645	  0.593785	  4.42237e-06	  1.03418e-07	  3996	  6.80691e-09
418	  3.02645	  0.656281	  4.42237e-06	  1.04875e-07	  4188	  6.86434e-09
419	  3.02645	  0.718743	  4.42237e-06	  1.06421e-07	  4212	  6.9608e-09
420	  3.02645	  0.781255	  4.42237e-06	  1.04762e-07	  4140	  6.86628e-09
421	  3.02645	  0.843774	  4.42237e-06	  1.02787e-07	  4128	  6.73913e-09
422	  3.02645	  0.90628	  4.42237e-06	  1.02762e-07	  4188	  6.72599e-09
423	  3.02645	  0.968758	  4.42237e-06	  9.46625e-08	  4128	  6.20648e-09
424	  3.50419	  0.030936	  3.0819e-06	  6.43663e-08	  7002	  3.98753e-09
425	  3.50419	  0.0938307	  3.0819e-06	  6.60928e-08	  6240	  4.14132e-09
426	  3.50419	  0.156319	  3.0819e-06	  6.46033e-08	  5964	  4.0667e-09
427	  3.50419	  0.218712	  3.0819e-06	  6.42608e-08	  6180	  4.03048e-09
428	  3.50419	  0.281224	  3.0819e-06	  6.71438e-08	  6420	  4.19518e-09
429	  3.50419	  0.343807	  3.0819e-06	  6.61602e-08	  6516	  4.12762e-09
430	  3.50419	  0.406302	  3.0819e-06	  6.63576e-08	  6312	  4.15311e-09
431	  3.50419	  0.468745	  3.0819e-06	  6.70997e-08	  6276	  4.20197e-09
432	  3.50419	  0.531226	  3.0819e-06	  6.82877e-08	  6360	  4.27066e-09
433	  3.50419	  0.593785	  3.0819e-06	  6.71228e-08	  6408	  4.19465e-09
434	  3.50419	  0.656281	  3.0819e-06	  6.65275e-08	  6360	  4.16058e-09
435	  3.50419	  0.718743	  3.0819e-06	  6.54782e-08	  6336	  4.09651e-09
436	  3.50419	  0.781255	  3.0819e-06	  6.46728e-08	  6372	  4.04382e-09
437	  3.50419	  0.843774	  3.0819e-06	  6.19371e-08	  6456	  3.8677e-09
438	  3.50419	  0.90628	  3.0819e-06	  5.83556e-08	  6360	  3.64952e-09
439	  3.50419	  0.968758	  3.0819e-06	  5.42538e-08	  6327	  3.39476e-09
440	  4.05763	  0.030936	  2.14162e-06	  4.7437e-08	  10392	  2.83719e-09
441	  4.05763	  0.0938307	  2.14162e-06	  4.7364e-08	  9420	  2.8562e-09
442	  4.05763	  0.156319	  2.14162e-06	  4.77039e-08	  10176	  2.85809e-09
443	  4.05763	  0.218712	  2.14162e-06	  4.70643e-08	  10260	  2.81786e-09
444	  4.05763	  0.281224	  2.14162e-06	  4.64857e-08	  9528	  2.80052e-09
445	  4.05763	  0.343807	  2.14162e-06	  4.6066e-08	  10140	  2.76077e-09
446	  4.05763	  0.406302	  2.14162e-06	  4.55503e-08	  9960	  2.73393e-09
447	  4.05763	  0.468745	  2.14162e-06	  4.4903e-08	  10068	  2.69266e-09
448	  4.05763	  0.531226	  2.14162e-06	  4.47272e-08	  9996	  2.68372e-09
449	  4.05763	  0.593785	  2.14162e-06	  4.36739e-08	  9828	  2.62424e-09
450	  4.05763	  0.656281	  2.14162e-06	  4.15456e-08	  10032	  2.49207e-09
451	  4.05763	  0.718743	  2.14162e-06	  4.04869e-08	  9924	  2.43076e-09
452	  4.05763	  0.781255	  2.14162e-06	  3.90688e-08	  10116	  2.34188e-09
453	  4.05763	  0.843774	  2.14162e-06	  3.64726e-08	  9888	  2.19041e-09
454	  4.05763	  0.90628	  2.14162e-06	  3.37478e-08	  10008	  2.02473e-09
455	  4.05763	  0.968758	  2.14162e-06	  3.00517e-08	  9978	  1.80343e-09
456	  4.69917	  0.030936	  1.48334e-06	  3.51731e-08	  13626	  2.05997e-09
457	  4.69917	  0.0938307	  1.48334e-06	  3.48575e-08	  16392	  2.01513e-09
458	  4.69917	  0.156319	  1.48334e-06	  3.41443e-08	  15708	  1.97964e-09
459	  4.69917	  0.218712	  1.48334e-06	  3.29543e-08	  15432	  1.91299e-09
460	  4.69917	  0.281224	  1.48334e-06	  3.26198e-08	  15780	  1.89066e-09
461	  4.69917	  0.343807	  1.48334e-06	  3.15962e-08	  15300	  1.83525e-09
462	  4.69917	  0.406302	  1.48334e-06	  3.00504e-08	  15588	  1.74321e-09
463	  4.69917	  0.468745	  1.48334e-06	  2.97161e-08	  15396	  1.7253e-09
464	  4.69917	  0.531226	  1.48334e-06	  2.89813e-08	  15504	  1.68182e-09
465	  4.69917	  0.593785	  1.48334e-06	  2.78067e-08	  15660	  1.61254e-09
466	  4.69917	  0.656281	  1.48334e-06	  2.57899e-08	  15192	  1.49873e-09
467	  4.69917	  0.718743	  1.48334e-06	  2.41295e-08	  15600	  1.39967e-09
468	  4.69917	  0.781255	  1.48334e-06	  2.19733e-08	  15216	  1.2768e-09
469	  4.69917	  0.843774	  1.48334e-06	  2.0692e-08	  15516	  1.20072e-09
470	  4.69917	  0.90628	  1.48334e-06	  1.8377e-08	  15540	  1.06627e-09
471	  4.69917	  0.968758	  1.48334e-06	  1.64951e-08	  15405	  9.57656e-10
472	  5.4432	  0.030936	  1.02479e-06	  2.54074e-08	  26250	  1.42719e-09
473	  5.4432	  0.0938307	  1.02479e-06	  2.48637e-08	  22392	  1.40934e-09
474	  5.4432	  0.156319	  1.02479e-06	  2.39476e-08	  24516	  1.35033e-09
475	  5.4432	  0.218712	  1.02479e-06	  2.35617e-08	  23592	  1.33149e-09
476	  5.4432	  0.281224	  1.02479e-06	  2.20238e-08	  24264	  1.24257e-09
477	  5.4432	  0.343807	  1.02479e-06	  2.13356e-08	  23928	  1.20471e-09
478	  5.4432	  0.406302	  1.02479e-06	  2.01299e-08	  24120	  1.13611e-09
479	  5.4432	  0.468745	  1.02479e-06	  1.91537e-08	  23964	  1.08142e-09
480	  5.4432	  0.531226	  1.02479e-06	  1.7939e-08	  24060	  1.0126e-09
481	  5.4432	  0.593785	  1.02479e-06	  1.66422e-08	  24108	  9.39294e-10
482	  5.4432	  0.656281	  1.02479e-06	  1.48837e-08	  24228	  8.39808e-10
483	  5.4432	  0.718743	  1.02479e-06	  1.38582e-08	  24144	  7.82098e-10
484	  5.4432	  0.781255	  1.02479e-06	  1.24392e-08	  23940	  7.02353e-10
485	  5.4432	  0.843774	  1.02479e-06	  1.09697e-08	  24192	  6.19014e-10
486	  5.4432	  0.90628	  1.02479e-06	  9.49277e-09	  23988	  5.3593e-10
487	  5.4432	  0.968758	  1.02479e-06	  8.32684e-09	  24141	  4.69934e-10
488	  6.30378	  0.030936	  7.06823e-07	  1.79633e-08	  35082	  9.94068e-10
489	  6.30378	  0.0938307	  7.06823e-07	  1.75871e-08	  39108	  9.68289e-10
490	  6.30378	  0.156319	  7.06823e-07	  1.68265e-08	  36924	  9.28892e-10
491	  6.30378	  0.218712	  7.06823e-07	  1.5829e-08	  37692	  8.72984e-10
492	  6.30378	  0.281224	  7.06823e-07	  1.49587e-08	  37092	  8.25604e-10
493	  6.30378	  0.343807	  7.06823e-07	  1.37204e-08	  37536	  7.5684e-10
494	  6.30378	  0.406302	  7.06823e-07	  1.28235e-08	  36984	  7.07855e-10
495	  6.30378	  0.468745	  7.06823e-07	  1.17894e-08	  37428	  6.50406e-10
496	  6.30378	  0.531226	  7.06823e-07	  1.05405e-08	  37392	  5.81532e-10
497	  6.30378	  0.593785	  7.06823e-07	  9.49352e-09	  37200	  5.23897e-10
498	  6.30378	  0.656281	  7.06823e-07	  8.34757e-09	  36924	  4.6082e-10
499	  6.30378	  0.718743	  7.06823e-07	  7.29964e-09	  37272	  4.02792e-10
500	  6.30378	  0.781255	  7.06823e-07	  6.4096e-09	  37284	  3.53675e-10
501	  6.30378	  0.843774	  7.06823e-07	  5.4289e-09	  37188	  2.99597e-10
502	  6.30378	  0.90628	  7.06823e-07	  4.63865e-09	  37320	  2.55944e-10
503	  6.30378	  0.968758	  7.06823e-07	  3.84738e-09	  37119	  2.12338e-10
504	  7.30029	  0.030936	  4.86302e-07	  1.27681e-08	  60258	  6.90417e-10
505	  7.30029	  0.0938307	  4.86302e-07	  1.22259e-08	  56916	  6.62543e-10
506	  7.30029	  0.156319	  4.86302e-07	  1.16304e-08	  56820	  6.30313e-10
507	  7.30029	  0.218712	  4.86302e-07	  1.06207e-08	  58716	  5.74863e-10
508	  7.30029	  0.281224	  4.86302e-07	  9.78227e-09	  57840	  5.29788e-10
509	  7.30029	  0.343807	  4.86302e-07	  8.78646e-09	  57612	  4.75929e-10
510	  7.30029	  0.406302	  4.86302e-07	  7.79018e-09	  58464	  4.21728e-10
511	  7.30029	  0.468745	  4.86302e-07	  6.88687e-09	  57948	  3.72953e-10
512	  7.30029	  0.531226	  4.86302e-07	  5.93822e-09	  57708	  3.21631e-10
513	  7.30029	  0.593785	  4.86302e-07	  5.10892e-09	  58236	  2.76616e-10
514	  7.30029	  0.656281	  4.86302e-07	  4.36132e-09	  58008	  2.36174e-10
515	  7.30029	  0.718743	  4.86302e-07	  3.61868e-09	  58200	  1.95934e-10
516	  7.30029	  0.781255	  4.86302e-07	  3.04643e-09	  58128	  1.64957e-10
517	  7.30029	  0.843774	  4.86302e-07	  2.55297e-09	  57972	  1.38252e-10
518	  7.30029	  0.90628	  4.86302e-07	  2.1036e-09	  57960	  1.13918e-10
519	  7.30029	  0.968758	  4.86302e-07	  1.73285e-09	  58122	  9.38301e-11
520	  8.455	  0.030936	  3.33992e-07	  8.75004e-09	  90198	  4.66637e-10
521	  8.455	  0.0938307	  3.33992e-07	  8.55082e-09	  89292	  4.56156e-10
522	  8.455	  0.156319	  3.33992e-07	  7.84175e-09	  90804	  4.18111e-10
523	  8.455	  0.218712	  3.33992e-07	  6.94654e-09	  89628	  3.7053e-10
524	  8.455	  0.281224	  3.33992e-07	  6.12563e-09	  89844	  3.26718e-10
525	  8.455	  0.343807	  3.33992e-07	  5.30676e-09	  90636	  2.82965e-10
526	  8.455	  0.406302	  3.33992e-07	  4.4874e-09	  89628	  2.39359e-10
527	  8.455	  0.468745	  3.33992e-07	  3.75093e-09	  89772	  2.00065e-10
528	  8.455	  0.531226	  3.33992e-07	  3.16964e-09	  90324	  1.69029e-10
529	  8.455	  0.593785	  3.33992e-07	  2.60671e-09	  89784	  1.39035e-10
530	  8.455	  0.656281	  3.33992e-07	  2.10383e-09	  90216	  1.12196e-10
531	  8.455	  0.718743	  3.33992e-07	  1.70318e-09	  89796	  9.08429e-11
532	  8.455	  0.781255	  3.33992e-07	  1.37346e-09	  90120	  7.32481e-11
533	  8.455	  0.843774	  3.33992e-07	  1.1077e-09	  90132	  5.90747e-11
534	  8.455	  0.90628	  3.33992e-07	  8.99402e-10	  89916	  4.79695e-11
535	  8.455	  0.968758	  3.33992e-07	  7.56318e-10	  89964	  4.03375e-11
536	  9.79129	  0.030936	  2.28926e-07	  6.07737e-09	  139068	  3.20165e-10
537	  9.79129	  0.0938307	  2.28926e-07	  5.76073e-09	  141180	  3.03368e-10
538	  9.79129	  0.156319	  2.28926e-07	  5.15445e-09	  139380	  2.71529e-10
539	  9.79129	  0.218712	  2.28926e-07	  4.45043e-09	  138804	  2.34467e-10
540	  9.79129	  0.281224	  2.28926e-07	  3.72691e-09	  140952	  1.96272e-10
541	  9.79129	  0.343807	  2.28926e-07	  3.03777e-09	  139668	  1.60017e-10
542	  9.79129	  0.406302	  2.28926e-07	  2.44802e-09	  139464	  1.28956e-10
543	  9.79129	  0.468745	  2.28926e-07	  1.95594e-09	  139812	  1.03028e-10
544	  9.79129	  0.531226	  2.28926e-07	  1.55775e-09	  139884	  8.20523e-11
545	  9.79129	  0.593785	  2.28926e-07	  1.23666e-09	  140184	  6.51357e-11
546	  9.79129	  0.656281	  2.28926e-07	  9.75077e-10	  139404	  5.13654e-11
547	  9.79129	  0.718743	  2.28926e-07	  7.61904e-10	  139932	  4.0132e-11
548	  9.79129	  0.781255	  2.28926e-07	  5.94705e-10	  139980	  3.13248e-11
549	  9.79129	  0.843774	  2.28926e-07	  4.65752e-10	  139632	  2.4534e-11
550	  9.79129	  0.90628	  2.28926e-07	  3.71954e-10	  140088	  1.95915e-11
551	  9.79129	  0.968758	  2.28926e-07	  3.16475e-10	  139623	  1.66707e-11
