#n	   k	      mu	    PL	    Pf	     w	     err  
0	  0.10472	  1	  0.00337336	  0.000375639	  3	  0.000235657
1	  0.20944	  1	  0.00118523	  0.000104835	  3	  6.57681e-05
2	  0.314159	  1	  0.000541544	  9.93643e-05	  3	  6.23362e-05
3	  0.418879	  1	  0.000303979	  1.87566e-05	  3	  1.1767e-05
4	  0.523599	  1	  0.000190456	  5.55636e-06	  3	  3.48578e-06
5	  0.628319	  1	  0.000128324	  2.63673e-05	  3	  1.65415e-05
6	  0.733038	  1	  9.13892e-05	  1.2658e-05	  3	  7.94098e-06
7	  0.837758	  1	  6.77334e-05	  1.07345e-05	  3	  6.73427e-06
8	  0.942478	  1	  5.17837e-05	  1.55374e-06	  3	  9.74737e-07
9	  0.10472	  0	  0.00337336	  6.24062e-05	  6	  2.85975e-05
10	  0.148096	  0.707107	  0.00214369	  8.96387e-05	  12	  3.03584e-05
11	  0.23416	  0.894427	  0.000929148	  0.000107858	  12	  3.65287e-05
12	  0.331153	  0.948683	  0.000492723	  4.33579e-05	  12	  1.46842e-05
13	  0.431771	  0.970143	  0.000285165	  2.33288e-05	  12	  7.90089e-06
14	  0.533968	  0.980581	  0.000182562	  1.57686e-05	  12	  5.34043e-06
15	  0.636985	  0.986394	  0.0001246	  9.34687e-06	  12	  3.16555e-06
16	  0.74048	  0.989949	  8.93161e-05	  1.23105e-05	  12	  4.16926e-06
17	  0.844278	  0.992278	  6.65372e-05	  5.89426e-06	  12	  1.99624e-06
18	  0.948278	  0.993884	  5.10869e-05	  5.71285e-06	  12	  1.9348e-06
19	  0.148096	  0	  0.00214369	  3.32386e-05	  6	  1.52315e-05
20	  0.18138	  0.57735	  0.00147854	  4.48655e-05	  12	  1.51948e-05
21	  0.25651	  0.816497	  0.000808954	  5.08067e-05	  12	  1.7207e-05
22	  0.347316	  0.904534	  0.000445552	  3.00957e-05	  12	  1.01927e-05
23	  0.444288	  0.942809	  0.000268995	  2.0203e-05	  12	  6.84224e-06
24	  0.54414	  0.96225	  0.000175401	  1.66881e-05	  12	  5.65183e-06
25	  0.645536	  0.973329	  0.000121008	  1.04536e-05	  12	  3.54036e-06
26	  0.747849	  0.980196	  8.73604e-05	  6.67377e-06	  12	  2.26024e-06
27	  0.850747	  0.984732	  6.53547e-05	  7.64939e-06	  12	  2.59066e-06
28	  0.954042	  0.987878	  5.03943e-05	  5.67278e-06	  12	  1.92123e-06
29	  0.20944	  0	  0.00118523	  2.08943e-05	  6	  9.57475e-06
30	  0.23416	  0.447214	  0.000929148	  3.35951e-05	  12	  1.13778e-05
31	  0.296192	  0.707107	  0.000602839	  4.0645e-05	  12	  1.37654e-05
32	  0.377572	  0.83205	  0.000375464	  2.72628e-05	  12	  9.23322e-06
33	  0.468321	  0.894427	  0.000241325	  2.18087e-05	  12	  7.38607e-06
34	  0.563933	  0.928477	  0.000162345	  8.42447e-06	  12	  2.85316e-06
35	  0.662306	  0.948683	  0.000114406	  8.34711e-06	  12	  2.82696e-06
36	  0.762371	  0.961524	  8.37153e-05	  8.78961e-06	  12	  2.97682e-06
37	  0.863541	  0.970143	  6.32417e-05	  2.29695e-06	  12	  7.7792e-07
38	  0.965468	  0.976187	  4.90214e-05	  3.76772e-06	  12	  1.27603e-06
39	  0.23416	  0	  0.000929148	  2.07824e-05	  12	  7.03849e-06
40	  0.25651	  0.408248	  0.000808954	  2.01222e-05	  24	  5.11353e-06
41	  0.314159	  0.666667	  0.000541544	  2.75799e-05	  24	  7.00873e-06
42	  0.391825	  0.801784	  0.000349651	  2.02801e-05	  24	  5.15365e-06
43	  0.479886	  0.872872	  0.000229069	  2.33473e-05	  24	  5.93312e-06
44	  0.573574	  0.912871	  0.000156465	  1.06023e-05	  24	  2.6943e-06
45	  0.670534	  0.937043	  0.000111285	  6.9228e-06	  24	  1.75925e-06
46	  0.76953	  0.952579	  8.19185e-05	  6.80274e-06	  24	  1.72874e-06
47	  0.869868	  0.963087	  6.21968e-05	  5.49504e-06	  24	  1.39642e-06
48	  0.971131	  0.970495	  4.83411e-05	  4.54596e-06	  24	  1.15524e-06
49	  0.296192	  0	  0.000602839	  1.19709e-05	  6	  5.48567e-06
50	  0.314159	  0.333333	  0.000541544	  1.50088e-05	  12	  5.0831e-06
51	  0.36276	  0.57735	  0.000406132	  1.28779e-05	  12	  4.36144e-06
52	  0.431771	  0.727607	  0.000285165	  1.6892e-05	  12	  5.7209e-06
53	  0.51302	  0.816497	  0.000198765	  1.42922e-05	  12	  4.84042e-06
54	  0.601569	  0.870388	  0.00014121	  1.12104e-05	  12	  3.7967e-06
55	  0.694632	  0.904534	  0.000102908	  1.13784e-05	  12	  3.85358e-06
56	  0.790617	  0.927173	  7.7144e-05	  6.19717e-06	  12	  2.09883e-06
57	  0.888577	  0.942809	  5.92597e-05	  4.82534e-06	  12	  1.63422e-06
58	  0.987924	  0.953998	  4.65162e-05	  2.32155e-06	  12	  7.86251e-07
59	  0.314159	  0	  0.000541544	  1.56638e-05	  6	  7.1779e-06
60	  0.331153	  0.316228	  0.000492723	  1.24071e-05	  12	  4.20197e-06
61	  0.377572	  0.5547	  0.000375464	  1.75734e-05	  12	  5.95166e-06
62	  0.444288	  0.707107	  0.000268995	  9.40473e-06	  12	  3.18515e-06
63	  0.523599	  0.8	  0.000190456	  1.41753e-05	  12	  4.80083e-06
64	  0.610616	  0.857493	  0.000136604	  5.85585e-06	  12	  1.98323e-06
65	  0.702481	  0.894427	  0.000100427	  6.9843e-06	  12	  2.36541e-06
66	  0.797522	  0.919145	  7.56233e-05	  6.03923e-06	  12	  2.04534e-06
67	  0.894726	  0.936329	  5.83458e-05	  3.16638e-06	  12	  1.07237e-06
68	  0.993459	  0.948683	  4.59175e-05	  3.83452e-06	  12	  1.29866e-06
69	  0.331153	  0	  0.000492723	  9.73067e-06	  12	  3.29554e-06
70	  0.347316	  0.301511	  0.000445552	  9.00142e-06	  24	  2.28748e-06
71	  0.391825	  0.534522	  0.000349651	  9.2733e-06	  24	  2.35657e-06
72	  0.456463	  0.688247	  0.0002546	  1.70389e-05	  24	  4.33e-06
73	  0.533968	  0.784465	  0.000182562	  9.21277e-06	  24	  2.34119e-06
74	  0.61953	  0.845154	  0.000132434	  6.56125e-06	  24	  1.66737e-06
75	  0.710244	  0.884652	  9.80305e-05	  1.05248e-05	  24	  2.67462e-06
76	  0.804368	  0.911322	  7.42288e-05	  5.48939e-06	  24	  1.39499e-06
77	  0.900833	  0.929981	  5.74381e-05	  4.3798e-06	  24	  1.11301e-06
78	  0.998963	  0.943456	  4.53221e-05	  2.89698e-06	  24	  7.36193e-07
79	  0.377572	  0	  0.000375464	  8.04496e-06	  12	  2.72463e-06
80	  0.391825	  0.267261	  0.000349651	  6.01856e-06	  24	  1.52946e-06
81	  0.431771	  0.485071	  0.000285165	  1.0716e-05	  24	  2.7232e-06
82	  0.491179	  0.639602	  0.000218013	  7.49584e-06	  24	  1.90487e-06
83	  0.563933	  0.742781	  0.000162345	  1.00408e-05	  24	  2.55161e-06
84	  0.645536	  0.811107	  0.000121008	  8.28126e-06	  24	  2.10447e-06
85	  0.733038	  0.857143	  9.13892e-05	  7.16344e-06	  24	  1.8204e-06
86	  0.824564	  0.889001	  7.01542e-05	  3.39966e-06	  24	  8.63935e-07
87	  0.918912	  0.911685	  5.48981e-05	  4.86194e-06	  24	  1.23554e-06
88	  0.418879	  0	  0.000303979	  1.79971e-06	  6	  8.24715e-07
89	  0.431771	  0.242536	  0.000285165	  4.52112e-06	  12	  1.53119e-06
90	  0.468321	  0.447214	  0.000241325	  8.20798e-06	  12	  2.77984e-06
91	  0.523599	  0.6	  0.000190456	  7.58249e-06	  12	  2.568e-06
92	  0.592384	  0.707107	  0.000145945	  3.69183e-06	  12	  1.25033e-06
93	  0.670534	  0.780869	  0.000111285	  8.01042e-06	  12	  2.71293e-06
94	  0.755145	  0.83205	  8.55291e-05	  4.71756e-06	  12	  1.59772e-06
95	  0.844278	  0.868243	  6.65372e-05	  4.63864e-06	  12	  1.57099e-06
96	  0.936642	  0.894427	  5.25294e-05	  2.3427e-06	  12	  7.93413e-07
97	  0.431771	  0	  0.000285165	  4.3e-06	  12	  1.4563e-06
98	  0.444288	  0.235702	  0.000268995	  2.79308e-06	  24	  7.09788e-07
99	  0.479886	  0.436436	  0.000229069	  9.16492e-06	  24	  2.32903e-06
100	  0.533968	  0.588348	  0.000182562	  4.96585e-06	  24	  1.26194e-06
101	  0.601569	  0.696311	  0.00014121	  4.74986e-06	  24	  1.20706e-06
102	  0.678662	  0.771517	  0.000108388	  4.25738e-06	  24	  1.0819e-06
103	  0.762371	  0.824163	  8.37153e-05	  6.35137e-06	  24	  1.61404e-06
104	  0.850747	  0.86164	  6.53547e-05	  5.39876e-06	  24	  1.37196e-06
105	  0.942478	  0.888889	  5.17837e-05	  4.45081e-06	  24	  1.13106e-06
106	  0.444288	  0	  0.000268995	  3.92805e-06	  6	  1.80002e-06
107	  0.456463	  0.229416	  0.0002546	  7.26775e-06	  12	  2.46141e-06
108	  0.491179	  0.426401	  0.000218013	  6.12616e-06	  12	  2.07478e-06
109	  0.54414	  0.57735	  0.000175401	  2.15434e-06	  12	  7.29623e-07
110	  0.610616	  0.685994	  0.000136604	  7.74405e-06	  12	  2.62272e-06
111	  0.686693	  0.762493	  0.000105632	  5.02365e-06	  12	  1.70139e-06
112	  0.76953	  0.816497	  8.19185e-05	  4.71968e-06	  12	  1.59844e-06
113	  0.857168	  0.855186	  6.42942e-05	  2.75525e-06	  12	  9.33135e-07
114	  0.948278	  0.883452	  5.10869e-05	  2.07833e-06	  12	  7.03878e-07
115	  0.468321	  0	  0.000241325	  5.04529e-06	  12	  1.70871e-06
116	  0.479886	  0.218218	  0.000229069	  7.04724e-06	  24	  1.79087e-06
117	  0.51302	  0.408248	  0.000198765	  7.17727e-06	  24	  1.82392e-06
118	  0.563933	  0.557086	  0.000162345	  6.85122e-06	  24	  1.74106e-06
119	  0.628319	  0.666667	  0.000128324	  5.23416e-06	  24	  1.33013e-06
120	  0.702481	  0.745356	  0.000100427	  5.79535e-06	  24	  1.47274e-06
121	  0.783651	  0.801784	  7.87209e-05	  4.96072e-06	  24	  1.26064e-06
122	  0.869868	  0.842701	  6.21968e-05	  3.35611e-06	  24	  8.52869e-07
123	  0.959772	  0.872872	  4.97058e-05	  3.15325e-06	  24	  8.01317e-07
124	  0.523599	  0	  0.000190456	  3.52495e-06	  18	  1.00709e-06
125	  0.533968	  0.196116	  0.000182562	  3.34109e-06	  36	  7.23904e-07
126	  0.563933	  0.371391	  0.000162345	  3.24205e-06	  36	  7.02444e-07
127	  0.610616	  0.514496	  0.000136604	  3.91057e-06	  36	  8.4729e-07
128	  0.670534	  0.624695	  0.000111285	  4.07757e-06	  36	  8.83474e-07
129	  0.74048	  0.707107	  8.93161e-05	  4.48154e-06	  36	  9.71001e-07
130	  0.817887	  0.768221	  7.14749e-05	  3.79078e-06	  36	  8.21335e-07
131	  0.900833	  0.813733	  5.74381e-05	  3.25639e-06	  36	  7.05552e-07
132	  0.987924	  0.847998	  4.65162e-05	  2.90521e-06	  36	  6.29463e-07
133	  0.533968	  0	  0.000182562	  3.29263e-06	  12	  1.11513e-06
134	  0.54414	  0.19245	  0.000175401	  4.86625e-06	  24	  1.23663e-06
135	  0.573574	  0.365148	  0.000156465	  3.33731e-06	  24	  8.48091e-07
136	  0.61953	  0.507093	  0.000132434	  4.31494e-06	  24	  1.09653e-06
137	  0.678662	  0.617213	  0.000108388	  4.14783e-06	  24	  1.05406e-06
138	  0.747849	  0.70014	  8.73604e-05	  3.93516e-06	  24	  1.00002e-06
139	  0.824564	  0.762001	  7.01542e-05	  1.63811e-06	  24	  4.16284e-07
140	  0.9069	  0.80829	  5.65364e-05	  3.62163e-06	  24	  9.20344e-07
141	  0.993459	  0.843274	  4.59175e-05	  2.73723e-06	  24	  6.95596e-07
142	  0.563933	  0	  0.000162345	  1.38024e-06	  12	  4.67454e-07
143	  0.573574	  0.182574	  0.000156465	  2.75346e-06	  24	  6.9972e-07
144	  0.601569	  0.348155	  0.00014121	  3.56204e-06	  24	  9.05201e-07
145	  0.645536	  0.486664	  0.000121008	  4.13128e-06	  24	  1.04986e-06
146	  0.702481	  0.596285	  0.000100427	  4.37851e-06	  24	  1.11268e-06
147	  0.76953	  0.680414	  8.19185e-05	  2.54852e-06	  24	  6.4764e-07
148	  0.844278	  0.744208	  6.65372e-05	  4.01874e-06	  24	  1.02126e-06
149	  0.92486	  0.792594	  5.41035e-05	  3.10501e-06	  24	  7.89059e-07
150	  0.592384	  0	  0.000145945	  9.30776e-07	  6	  4.26526e-07
151	  0.601569	  0.174078	  0.00014121	  1.99646e-06	  12	  6.76153e-07
152	  0.628319	  0.333333	  0.000128324	  2.83071e-06	  12	  9.5869e-07
153	  0.670534	  0.468521	  0.000111285	  2.47703e-06	  12	  8.38907e-07
154	  0.72552	  0.57735	  9.34835e-05	  4.74903e-06	  12	  1.60838e-06
155	  0.790617	  0.662266	  7.7144e-05	  3.43573e-06	  12	  1.1636e-06
156	  0.863541	  0.727607	  6.32417e-05	  2.87968e-06	  12	  9.75275e-07
157	  0.942478	  0.777778	  5.17837e-05	  2.20207e-06	  12	  7.45787e-07
158	  0.610616	  0	  0.000136604	  2.13397e-06	  12	  7.22722e-07
159	  0.61953	  0.169031	  0.000132434	  2.52905e-06	  24	  6.42693e-07
160	  0.645536	  0.324443	  0.000121008	  2.99108e-06	  24	  7.60107e-07
161	  0.686693	  0.457496	  0.000105632	  3.25086e-06	  24	  8.26123e-07
162	  0.74048	  0.565685	  8.93161e-05	  2.82459e-06	  24	  7.17797e-07
163	  0.804368	  0.650945	  7.42288e-05	  3.77938e-06	  24	  9.60432e-07
164	  0.876148	  0.717137	  6.11595e-05	  3.20155e-06	  24	  8.1359e-07
165	  0.954042	  0.76835	  5.03943e-05	  2.5981e-06	  24	  6.6024e-07
166	  0.628319	  0	  0.000128324	  7.03205e-06	  6	  3.22242e-06
167	  0.636985	  0.164399	  0.0001246	  3.54224e-06	  12	  1.19967e-06
168	  0.662306	  0.316228	  0.000114406	  2.23983e-06	  12	  7.58576e-07
169	  0.702481	  0.447214	  0.000100427	  1.23631e-06	  12	  4.18707e-07
170	  0.755145	  0.5547	  8.55291e-05	  1.72037e-06	  12	  5.82648e-07
171	  0.817887	  0.640184	  7.14749e-05	  2.17556e-06	  12	  7.36809e-07
172	  0.888577	  0.707107	  5.92597e-05	  2.45223e-06	  12	  8.30508e-07
173	  0.965468	  0.759257	  4.90214e-05	  2.90499e-06	  12	  9.83849e-07
174	  0.636985	  0	  0.0001246	  3.50231e-06	  12	  1.18615e-06
175	  0.645536	  0.162221	  0.000121008	  1.87947e-06	  24	  4.77619e-07
176	  0.670534	  0.312348	  0.000111285	  2.07397e-06	  24	  5.27046e-07
177	  0.710244	  0.442326	  9.80305e-05	  2.81436e-06	  24	  7.15196e-07
178	  0.762371	  0.549442	  8.37153e-05	  3.56743e-06	  24	  9.06571e-07
179	  0.824564	  0.635001	  7.01542e-05	  1.7866e-06	  24	  4.54019e-07
180	  0.894726	  0.702247	  5.83458e-05	  1.87115e-06	  24	  4.75504e-07
181	  0.971131	  0.754829	  4.83411e-05	  2.29594e-06	  24	  5.83454e-07
182	  0.662306	  0	  0.000114406	  2.06863e-06	  12	  7.00594e-07
183	  0.670534	  0.156174	  0.000111285	  1.93461e-06	  24	  4.9163e-07
184	  0.694632	  0.301511	  0.000102908	  2.13706e-06	  24	  5.43079e-07
185	  0.733038	  0.428571	  9.13892e-05	  2.75188e-06	  24	  6.99319e-07
186	  0.783651	  0.534522	  7.87209e-05	  2.31161e-06	  24	  5.87436e-07
187	  0.844278	  0.620174	  6.65372e-05	  2.28798e-06	  24	  5.81432e-07
188	  0.912926	  0.688247	  5.56979e-05	  1.67366e-06	  24	  4.25317e-07
189	  0.987924	  0.741999	  4.65162e-05	  1.90945e-06	  24	  4.85237e-07
190	  0.670534	  0	  0.000111285	  2.42537e-06	  12	  8.21414e-07
191	  0.678662	  0.154303	  0.000108388	  1.65321e-06	  24	  4.20121e-07
192	  0.702481	  0.298142	  0.000100427	  2.67403e-06	  24	  6.79536e-07
193	  0.74048	  0.424264	  8.93161e-05	  2.09668e-06	  24	  5.32816e-07
194	  0.790617	  0.529813	  7.7144e-05	  2.2675e-06	  24	  5.76226e-07
195	  0.850747	  0.615457	  6.53547e-05	  1.65531e-06	  24	  4.20655e-07
196	  0.918912	  0.683763	  5.48981e-05	  2.47081e-06	  24	  6.27893e-07
197	  0.993459	  0.737865	  4.59175e-05	  2.13285e-06	  24	  5.42009e-07
198	  0.702481	  0	  0.000100427	  1.03354e-06	  12	  3.50036e-07
199	  0.710244	  0.147442	  9.80305e-05	  2.10591e-06	  24	  5.35164e-07
200	  0.733038	  0.285714	  9.13892e-05	  2.69434e-06	  24	  6.84697e-07
201	  0.76953	  0.408248	  8.19185e-05	  2.27874e-06	  24	  5.79082e-07
202	  0.817887	  0.512148	  7.14749e-05	  3.19595e-06	  24	  8.12168e-07
203	  0.876148	  0.597614	  6.11595e-05	  2.61115e-06	  24	  6.63555e-07
204	  0.942478	  0.666667	  5.17837e-05	  2.15347e-06	  24	  5.47249e-07
205	  0.733038	  0	  9.13892e-05	  1.73587e-06	  6	  7.95458e-07
206	  0.74048	  0.141421	  8.93161e-05	  1.72308e-06	  12	  5.83565e-07
207	  0.762371	  0.274721	  8.37153e-05	  1.42947e-06	  12	  4.84126e-07
208	  0.797522	  0.393919	  7.56233e-05	  1.93454e-06	  12	  6.5518e-07
209	  0.844278	  0.496139	  6.65372e-05	  2.39821e-06	  12	  8.12213e-07
210	  0.900833	  0.581238	  5.74381e-05	  2.51966e-06	  12	  8.53348e-07
211	  0.965468	  0.650791	  4.90214e-05	  2.11112e-06	  12	  7.14984e-07
212	  0.74048	  0	  8.93161e-05	  1.79127e-06	  18	  5.11771e-07
213	  0.747849	  0.140028	  8.73604e-05	  2.31002e-06	  36	  5.00504e-07
214	  0.76953	  0.272166	  8.19185e-05	  1.77823e-06	  36	  3.85284e-07
215	  0.804368	  0.390567	  7.42288e-05	  2.61419e-06	  36	  5.66407e-07
216	  0.850747	  0.492366	  6.53547e-05	  1.61559e-06	  36	  3.50045e-07
217	  0.9069	  0.57735	  5.65364e-05	  1.64986e-06	  36	  3.57469e-07
218	  0.971131	  0.646997	  4.83411e-05	  2.69766e-06	  36	  5.84493e-07
219	  0.755145	  0	  8.55291e-05	  1.1379e-06	  12	  3.8538e-07
220	  0.762371	  0.137361	  8.37153e-05	  2.21731e-06	  24	  5.63472e-07
221	  0.783651	  0.267261	  7.87209e-05	  1.92508e-06	  24	  4.8921e-07
222	  0.817887	  0.384111	  7.14749e-05	  2.07784e-06	  24	  5.28031e-07
223	  0.863541	  0.485071	  6.32417e-05	  1.12548e-06	  24	  2.86011e-07
224	  0.918912	  0.569803	  5.48981e-05	  1.88977e-06	  24	  4.80237e-07
225	  0.982358	  0.639602	  4.71184e-05	  1.41855e-06	  24	  3.60488e-07
226	  0.762371	  0	  8.37153e-05	  9.48511e-07	  12	  3.21237e-07
227	  0.76953	  0.136083	  8.19185e-05	  2.16434e-06	  24	  5.5001e-07
228	  0.790617	  0.264906	  7.7144e-05	  1.52912e-06	  24	  3.88587e-07
229	  0.824564	  0.381	  7.01542e-05	  1.52814e-06	  24	  3.88338e-07
230	  0.869868	  0.481543	  6.21968e-05	  1.11095e-06	  24	  2.82318e-07
231	  0.92486	  0.566139	  5.41035e-05	  2.09194e-06	  24	  5.31614e-07
232	  0.987924	  0.635999	  4.65162e-05	  1.55534e-06	  24	  3.9525e-07
233	  0.797522	  0	  7.56233e-05	  1.67464e-06	  12	  5.6716e-07
234	  0.804368	  0.130189	  7.42288e-05	  2.11794e-06	  24	  5.38219e-07
235	  0.824564	  0.254	  7.01542e-05	  1.34137e-06	  24	  3.40874e-07
236	  0.857168	  0.366508	  6.42942e-05	  1.61741e-06	  24	  4.11023e-07
237	  0.900833	  0.464991	  5.74381e-05	  1.52119e-06	  24	  3.86572e-07
238	  0.954042	  0.548821	  5.03943e-05	  1.77507e-06	  24	  4.51088e-07
239	  0.817887	  0	  7.14749e-05	  1.25884e-06	  12	  4.26336e-07
240	  0.824564	  0.127	  7.01542e-05	  1.19562e-06	  24	  3.03835e-07
241	  0.844278	  0.248069	  6.65372e-05	  1.40034e-06	  24	  3.5586e-07
242	  0.876148	  0.358569	  6.11595e-05	  1.75527e-06	  24	  4.46056e-07
243	  0.918912	  0.455842	  5.48981e-05	  1.62683e-06	  24	  4.13417e-07
244	  0.971131	  0.539164	  4.83411e-05	  1.93419e-06	  24	  4.91523e-07
245	  0.837758	  0	  6.77334e-05	  1.56085e-06	  6	  7.15258e-07
246	  0.844278	  0.124035	  6.65372e-05	  2.08542e-06	  12	  7.06281e-07
247	  0.863541	  0.242536	  6.32417e-05	  6.8255e-07	  12	  2.31163e-07
248	  0.894726	  0.351123	  5.83458e-05	  1.28908e-06	  12	  4.36581e-07
249	  0.936642	  0.447214	  5.25294e-05	  1.36952e-06	  12	  4.63822e-07
250	  0.987924	  0.529999	  4.65162e-05	  2.18e-06	  12	  7.38311e-07
251	  0.844278	  0	  6.65372e-05	  1.81342e-06	  24	  4.60833e-07
252	  0.850747	  0.123091	  6.53547e-05	  1.54885e-06	  48	  3.01e-07
253	  0.869868	  0.240772	  6.21968e-05	  1.28077e-06	  48	  2.48902e-07
254	  0.900833	  0.348743	  5.74381e-05	  1.51005e-06	  48	  2.9346e-07
255	  0.942478	  0.444444	  5.17837e-05	  1.43824e-06	  48	  2.79503e-07
256	  0.993459	  0.527046	  4.59175e-05	  1.60365e-06	  48	  3.11649e-07
257	  0.863541	  0	  6.32417e-05	  8.14169e-07	  12	  2.75739e-07
258	  0.869868	  0.120386	  6.21968e-05	  1.33504e-06	  24	  3.39265e-07
259	  0.888577	  0.235702	  5.92597e-05	  1.30386e-06	  24	  3.31341e-07
260	  0.918912	  0.341882	  5.48981e-05	  1.41726e-06	  24	  3.6016e-07
261	  0.959772	  0.436436	  4.97058e-05	  1.37309e-06	  24	  3.48935e-07
262	  0.888577	  0	  5.92597e-05	  1.24727e-06	  6	  5.7156e-07
263	  0.894726	  0.117041	  5.83458e-05	  8.93327e-07	  12	  3.02548e-07
264	  0.912926	  0.229416	  5.56979e-05	  1.29196e-06	  12	  4.37553e-07
265	  0.942478	  0.333333	  5.17837e-05	  1.44087e-06	  12	  4.87986e-07
266	  0.982358	  0.426401	  4.71184e-05	  1.33258e-06	  12	  4.51311e-07
267	  0.894726	  0	  5.83458e-05	  9.12888e-07	  12	  3.09173e-07
268	  0.900833	  0.116248	  5.74381e-05	  1.12816e-06	  24	  2.86692e-07
269	  0.918912	  0.227921	  5.48981e-05	  1.42253e-06	  24	  3.615e-07
270	  0.948278	  0.331295	  5.10869e-05	  1.42186e-06	  24	  3.61328e-07
271	  0.987924	  0.423999	  4.65162e-05	  1.23885e-06	  24	  3.14822e-07
272	  0.900833	  0	  5.74381e-05	  1.59804e-06	  12	  5.41215e-07
273	  0.9069	  0.11547	  5.65364e-05	  1.17292e-06	  24	  2.98066e-07
274	  0.92486	  0.226455	  5.41035e-05	  9.435e-07	  24	  2.39766e-07
275	  0.954042	  0.329293	  5.03943e-05	  1.40751e-06	  24	  3.57682e-07
276	  0.993459	  0.421637	  4.59175e-05	  1.26028e-06	  24	  3.20268e-07
277	  0.936642	  0	  5.25294e-05	  8.70194e-07	  12	  2.94713e-07
278	  0.942478	  0.111111	  5.17837e-05	  1.19797e-06	  24	  3.04433e-07
279	  0.959772	  0.218218	  4.97058e-05	  1.0449e-06	  24	  2.65535e-07
280	  0.987924	  0.317999	  4.65162e-05	  1.00104e-06	  24	  2.54388e-07
281	  0.942478	  0	  5.17837e-05	  2.05423e-06	  6	  9.41345e-07
282	  0.948278	  0.110432	  5.10869e-05	  1.43655e-06	  12	  4.86525e-07
283	  0.965468	  0.21693	  4.90214e-05	  1.21641e-06	  12	  4.11968e-07
284	  0.993459	  0.316228	  4.59175e-05	  1.34389e-06	  12	  4.55141e-07
285	  0.948278	  0	  5.10869e-05	  1.30243e-06	  12	  4.41099e-07
286	  0.954042	  0.109764	  5.03943e-05	  9.88666e-07	  24	  2.51244e-07
287	  0.971131	  0.215666	  4.83411e-05	  8.34753e-07	  24	  2.12131e-07
288	  0.998963	  0.314485	  4.53221e-05	  1.04663e-06	  24	  2.65975e-07
289	  0.965468	  0	  4.90214e-05	  9.56986e-07	  24	  2.43193e-07
290	  0.971131	  0.107833	  4.83411e-05	  1.11115e-06	  48	  2.15938e-07
291	  0.987924	  0.212	  4.65162e-05	  1.18804e-06	  48	  2.30881e-07
292	  0.987924	  0	  4.65162e-05	  1.03515e-06	  12	  3.50579e-07
293	  0.993459	  0.105409	  4.59175e-05	  1.05354e-06	  24	  2.6773e-07
294	  0.993459	  0	  4.59175e-05	  8.94272e-07	  12	  3.02868e-07
295	  0.998963	  0.104828	  4.53221e-05	  9.12072e-07	  24	  2.31779e-07
296	  1.08818	  0.030936	  3.72146e-05	  8.55449e-07	  138	  1.15593e-07
297	  1.08818	  0.0938307	  3.72146e-05	  7.86099e-07	  252	  8.88245e-08
298	  1.08818	  0.156319	  3.72146e-05	  7.07674e-07	  72	  1.18784e-07
299	  1.08818	  0.218712	  3.72146e-05	  8.00269e-07	  216	  9.44649e-08
300	  1.08818	  0.281224	  3.72146e-05	  9.37998e-07	  288	  1.02172e-07
301	  1.08818	  0.343807	  3.72146e-05	  8.93554e-07	  120	  1.26248e-07
302	  1.08818	  0.406302	  3.72146e-05	  1.25053e-06	  180	  1.55735e-07
303	  1.08818	  0.468745	  3.72146e-05	  1.17139e-06	  180	  1.4588e-07
304	  1.08818	  0.531226	  3.72146e-05	  1.35188e-06	  192	  1.65157e-07
305	  1.08818	  0.593785	  3.72146e-05	  1.72728e-06	  192	  2.1102e-07
306	  1.08818	  0.656281	  3.72146e-05	  1.41715e-06	  168	  1.80192e-07
307	  1.08818	  0.718743	  3.72146e-05	  1.84536e-06	  228	  2.1448e-07
308	  1.08818	  0.781255	  3.72146e-05	  2.57632e-06	  144	  3.4351e-07
309	  1.08818	  0.843774	  3.72146e-05	  2.20511e-06	  240	  2.52595e-07
310	  1.08818	  0.90628	  3.72146e-05	  2.81663e-06	  168	  3.58139e-07
311	  1.08818	  0.968758	  3.72146e-05	  2.88072e-06	  150	  3.79246e-07
312	  1.25577	  0.030936	  2.66409e-05	  6.52206e-07	  198	  7.89606e-08
313	  1.25577	  0.0938307	  2.66409e-05	  6.73598e-07	  396	  6.75295e-08
314	  1.25577	  0.156319	  2.66409e-05	  6.43252e-07	  396	  6.44872e-08
315	  1.25577	  0.218712	  2.66409e-05	  6.13319e-07	  204	  7.36069e-08
316	  1.25577	  0.281224	  2.66409e-05	  7.28801e-07	  216	  8.60287e-08
317	  1.25577	  0.343807	  2.66409e-05	  7.21148e-07	  372	  7.34472e-08
318	  1.25577	  0.406302	  2.66409e-05	  8.24781e-07	  312	  8.79331e-08
319	  1.25577	  0.468745	  2.66409e-05	  8.15999e-07	  288	  8.88831e-08
320	  1.25577	  0.531226	  2.66409e-05	  1.08138e-06	  264	  1.20623e-07
321	  1.25577	  0.593785	  2.66409e-05	  1.02745e-06	  312	  1.0954e-07
322	  1.25577	  0.656281	  2.66409e-05	  1.10867e-06	  276	  1.22167e-07
323	  1.25577	  0.718743	  2.66409e-05	  1.27088e-06	  312	  1.35494e-07
324	  1.25577	  0.781255	  2.66409e-05	  1.48453e-06	  276	  1.63584e-07
325	  1.25577	  0.843774	  2.66409e-05	  1.52074e-06	  240	  1.742e-07
326	  1.25577	  0.90628	  2.66409e-05	  1.71656e-06	  324	  1.81192e-07
327	  1.25577	  0.968758	  2.66409e-05	  2.00857e-06	  315	  2.13598e-07
328	  1.45182	  0.030936	  1.89001e-05	  4.58821e-07	  246	  5.21944e-08
329	  1.45182	  0.0938307	  1.89001e-05	  4.23762e-07	  516	  3.98431e-08
330	  1.45182	  0.156319	  1.89001e-05	  4.67724e-07	  504	  4.42202e-08
331	  1.45182	  0.218712	  1.89001e-05	  4.36955e-07	  528	  4.08637e-08
332	  1.45182	  0.281224	  1.89001e-05	  4.71327e-07	  504	  4.45609e-08
333	  1.45182	  0.343807	  1.89001e-05	  5.38461e-07	  384	  5.44012e-08
334	  1.45182	  0.406302	  1.89001e-05	  6.52976e-07	  420	  6.45108e-08
335	  1.45182	  0.468745	  1.89001e-05	  5.74056e-07	  468	  5.52386e-08
336	  1.45182	  0.531226	  1.89001e-05	  6.52459e-07	  480	  6.24035e-08
337	  1.45182	  0.593785	  1.89001e-05	  6.79009e-07	  468	  6.53376e-08
338	  1.45182	  0.656281	  1.89001e-05	  7.34076e-07	  396	  7.35925e-08
339	  1.45182	  0.718743	  1.89001e-05	  8.25421e-07	  456	  7.9925e-08
340	  1.45182	  0.781255	  1.89001e-05	  1.02051e-06	  432	  1.00125e-07
341	  1.45182	  0.843774	  1.89001e-05	  1.029e-06	  480	  9.84169e-08
342	  1.45182	  0.90628	  1.89001e-05	  1.2265e-06	  480	  1.17306e-07
343	  1.45182	  0.968758	  1.89001e-05	  1.38524e-06	  414	  1.37343e-07
344	  1.68148	  0.030936	  1.33206e-05	  3.1471e-07	  798	  2.68761e-08
345	  1.68148	  0.0938307	  1.33206e-05	  3.53629e-07	  708	  3.09717e-08
346	  1.68148	  0.156319	  1.33206e-05	  3.26475e-07	  684	  2.88069e-08
347	  1.68148	  0.218712	  1.33206e-05	  3.54542e-07	  720	  3.09401e-08
348	  1.68148	  0.281224	  1.33206e-05	  3.63173e-07	  708	  3.18075e-08
349	  1.68148	  0.343807	  1.33206e-05	  3.85835e-07	  720	  3.3671e-08
350	  1.68148	  0.406302	  1.33206e-05	  4.10818e-07	  672	  3.63886e-08
351	  1.68148	  0.468745	  1.33206e-05	  4.7596e-07	  732	  4.139e-08
352	  1.68148	  0.531226	  1.33206e-05	  4.85248e-07	  672	  4.29813e-08
353	  1.68148	  0.593785	  1.33206e-05	  5.02486e-07	  708	  4.40089e-08
354	  1.68148	  0.656281	  1.33206e-05	  5.24265e-07	  744	  4.54337e-08
355	  1.68148	  0.718743	  1.33206e-05	  6.55003e-07	  744	  5.67637e-08
356	  1.68148	  0.781255	  1.33206e-05	  7.13853e-07	  696	  6.27512e-08
357	  1.68148	  0.843774	  1.33206e-05	  7.29155e-07	  708	  6.3861e-08
358	  1.68148	  0.90628	  1.33206e-05	  8.06278e-07	  696	  7.08758e-08
359	  1.68148	  0.968758	  1.33206e-05	  9.10568e-07	  741	  7.8979e-08
360	  1.94819	  0.030936	  9.33117e-06	  2.32252e-07	  1368	  1.7892e-08
361	  1.94819	  0.0938307	  9.33117e-06	  2.33061e-07	  924	  1.93202e-08
362	  1.94819	  0.156319	  9.33117e-06	  2.4677e-07	  972	  2.02536e-08
363	  1.94819	  0.218712	  9.33117e-06	  2.67937e-07	  972	  2.1991e-08
364	  1.94819	  0.281224	  9.33117e-06	  2.42417e-07	  1200	  1.91188e-08
365	  1.94819	  0.343807	  9.33117e-06	  2.6296e-07	  1140	  2.09362e-08
366	  1.94819	  0.406302	  9.33117e-06	  2.85454e-07	  1080	  2.29588e-08
367	  1.94819	  0.468745	  9.33117e-06	  3.19393e-07	  1068	  2.57429e-08
368	  1.94819	  0.531226	  9.33117e-06	  3.03158e-07	  1164	  2.40436e-08
369	  1.94819	  0.593785	  9.33117e-06	  3.68741e-07	  1188	  2.91353e-08
370	  1.94819	  0.656281	  9.33117e-06	  3.73961e-07	  1068	  3.01411e-08
371	  1.94819	  0.718743	  9.33117e-06	  4.03189e-07	  1008	  3.28587e-08
372	  1.94819	  0.781255	  9.33117e-06	  4.49428e-07	  1164	  3.56444e-08
373	  1.94819	  0.843774	  9.33117e-06	  4.78307e-07	  1176	  3.78631e-08
374	  1.94819	  0.90628	  9.33117e-06	  5.09894e-07	  1080	  4.10103e-08
375	  1.94819	  0.968758	  9.33117e-06	  5.52363e-07	  1038	  4.47627e-08
376	  2.25604	  0.030936	  6.52811e-06	  1.74759e-07	  1896	  1.27514e-08
377	  2.25604	  0.0938307	  6.52811e-06	  1.77007e-07	  1272	  1.38134e-08
378	  2.25604	  0.156319	  6.52811e-06	  1.71912e-07	  2040	  1.24018e-08
379	  2.25604	  0.218712	  6.52811e-06	  1.84358e-07	  1740	  1.36376e-08
380	  2.25604	  0.281224	  6.52811e-06	  1.88723e-07	  1584	  1.4178e-08
381	  2.25604	  0.343807	  6.52811e-06	  1.91374e-07	  1764	  1.41252e-08
382	  2.25604	  0.406302	  6.52811e-06	  2.00652e-07	  1632	  1.49995e-08
383	  2.25604	  0.468745	  6.52811e-06	  2.15098e-07	  1860	  1.57423e-08
384	  2.25604	  0.531226	  6.52811e-06	  2.31942e-07	  1560	  1.74695e-08
385	  2.25604	  0.593785	  6.52811e-06	  2.41797e-07	  1692	  1.79681e-08
386	  2.25604	  0.656281	  6.52811e-06	  2.64547e-07	  1704	  1.9636e-08
387	  2.25604	  0.718743	  6.52811e-06	  2.77468e-07	  1824	  2.03702e-08
388	  2.25604	  0.781255	  6.52811e-06	  2.91365e-07	  1668	  2.17024e-08
389	  2.25604	  0.843774	  6.52811e-06	  3.09388e-07	  1680	  2.30177e-08
390	  2.25604	  0.90628	  6.52811e-06	  3.34007e-07	  1776	  2.4626e-08
391	  2.25604	  0.968758	  6.52811e-06	  3.46712e-07	  1656	  2.58556e-08
392	  2.61216	  0.030936	  4.55291e-06	  1.29695e-07	  2586	  9.03518e-09
393	  2.61216	  0.0938307	  4.55291e-06	  1.25478e-07	  3036	  8.5512e-09
394	  2.61216	  0.156319	  4.55291e-06	  1.34646e-07	  2124	  9.65388e-09
395	  2.61216	  0.218712	  4.55291e-06	  1.27794e-07	  2940	  8.74659e-09
396	  2.61216	  0.281224	  4.55291e-06	  1.33243e-07	  2616	  9.26725e-09
397	  2.61216	  0.343807	  4.55291e-06	  1.41802e-07	  2448	  9.95609e-09
398	  2.61216	  0.406302	  4.55291e-06	  1.48419e-07	  2916	  1.01695e-08
399	  2.61216	  0.468745	  4.55291e-06	  1.50588e-07	  2544	  1.0515e-08
400	  2.61216	  0.531226	  4.55291e-06	  1.60071e-07	  2652	  1.11118e-08
401	  2.61216	  0.593785	  4.55291e-06	  1.66133e-07	  2748	  1.14758e-08
402	  2.61216	  0.656281	  4.55291e-06	  1.77082e-07	  2676	  1.22773e-08
403	  2.61216	  0.718743	  4.55291e-06	  1.79603e-07	  2472	  1.25925e-08
404	  2.61216	  0.781255	  4.55291e-06	  1.91344e-07	  2616	  1.33082e-08
405	  2.61216	  0.843774	  4.55291e-06	  1.97025e-07	  2736	  1.3618e-08
406	  2.61216	  0.90628	  4.55291e-06	  2.05445e-07	  2568	  1.43264e-08
407	  2.61216	  0.968758	  4.55291e-06	  2.10943e-07	  2745	  1.45733e-08
408	  3.02645	  0.030936	  3.15769e-06	  9.86558e-08	  3414	  6.62125e-09
409	  3.02645	  0.0938307	  3.15769e-06	  9.46089e-08	  4512	  6.13891e-09
410	  3.02645	  0.156319	  3.15769e-06	  9.47248e-08	  4632	  6.12805e-09
411	  3.02645	  0.218712	  3.15769e-06	  9.10807e-08	  3972	  5.99921e-09
412	  3.02645	  0.281224	  3.15769e-06	  9.57206e-08	  4176	  6.26727e-09
413	  3.02645	  0.343807	  3.15769e-06	  1.02602e-07	  4344	  6.6868e-09
414	  3.02645	  0.406302	  3.15769e-06	  1.05713e-07	  4044	  6.94797e-09
415	  3.02645	  0.468745	  3.15769e-06	  1.07145e-07	  4092	  7.03223e-09
416	  3.02645	  0.531226	  3.15769e-06	  1.1447e-07	  4296	  7.46998e-09
417	  3.02645	  0.593785	  3.15769e-06	  1.16979e-07	  3996	  7.6995e-09
418	  3.02645	  0.656281	  3.15769e-06	  1.17731e-07	  4188	  7.70579e-09
419	  3.02645	  0.718743	  3.15769e-06	  1.27931e-07	  4212	  8.36772e-09
420	  3.02645	  0.781255	  3.15769e-06	  1.23223e-07	  4140	  8.07623e-09
421	  3.02645	  0.843774	  3.15769e-06	  1.25296e-07	  4128	  8.21495e-09
422	  3.02645	  0.90628	  3.15769e-06	  1.29568e-07	  4188	  8.48055e-09
423	  3.02645	  0.968758	  3.15769e-06	  1.24106e-07	  4128	  8.1369e-09
424	  3.50419	  0.030936	  2.19091e-06	  6.93606e-08	  7002	  4.29693e-09
425	  3.50419	  0.0938307	  2.19091e-06	  6.97973e-08	  6240	  4.37344e-09
426	  3.50419	  0.156319	  2.19091e-06	  6.7342e-08	  5964	  4.2391e-09
427	  3.50419	  0.218712	  2.19091e-06	  6.98785e-08	  6180	  4.38282e-09
428	  3.50419	  0.281224	  2.19091e-06	  6.95149e-08	  6420	  4.34333e-09
429	  3.50419	  0.343807	  2.19091e-06	  7.13485e-08	  6516	  4.45131e-09
430	  3.50419	  0.406302	  2.19091e-06	  7.51905e-08	  6312	  4.70594e-09
431	  3.50419	  0.468745	  2.19091e-06	  7.68071e-08	  6276	  4.80988e-09
432	  3.50419	  0.531226	  2.19091e-06	  7.70636e-08	  6360	  4.8195e-09
433	  3.50419	  0.593785	  2.19091e-06	  7.90668e-08	  6408	  4.94105e-09
434	  3.50419	  0.656281	  2.19091e-06	  8.27855e-08	  6360	  5.17734e-09
435	  3.50419	  0.718743	  2.19091e-06	  8.05081e-08	  6336	  5.03683e-09
436	  3.50419	  0.781255	  2.19091e-06	  7.71629e-08	  6372	  4.8248e-09
437	  3.50419	  0.843774	  2.19091e-06	  8.17347e-08	  6456	  5.10398e-09
438	  3.50419	  0.90628	  2.19091e-06	  7.7836e-08	  6360	  4.86781e-09
439	  3.50419	  0.968758	  2.19091e-06	  7.45641e-08	  6327	  4.66562e-09
440	  4.05763	  0.030936	  1.51336e-06	  5.0983e-08	  10392	  3.04927e-09
441	  4.05763	  0.0938307	  1.51336e-06	  4.96774e-08	  9420	  2.99571e-09
442	  4.05763	  0.156319	  1.51336e-06	  5.04569e-08	  10176	  3.02303e-09
443	  4.05763	  0.218712	  1.51336e-06	  4.98743e-08	  10260	  2.9861e-09
444	  4.05763	  0.281224	  1.51336e-06	  4.85637e-08	  9528	  2.92571e-09
445	  4.05763	  0.343807	  1.51336e-06	  4.97621e-08	  10140	  2.98228e-09
446	  4.05763	  0.406302	  1.51336e-06	  5.20989e-08	  9960	  3.12698e-09
447	  4.05763	  0.468745	  1.51336e-06	  5.21055e-08	  10068	  3.12457e-09
448	  4.05763	  0.531226	  1.51336e-06	  5.31466e-08	  9996	  3.1889e-09
449	  4.05763	  0.593785	  1.51336e-06	  5.13586e-08	  9828	  3.08599e-09
450	  4.05763	  0.656281	  1.51336e-06	  5.0565e-08	  10032	  3.03309e-09
451	  4.05763	  0.718743	  1.51336e-06	  5.06661e-08	  9924	  3.0419e-09
452	  4.05763	  0.781255	  1.51336e-06	  4.87195e-08	  10116	  2.92037e-09
453	  4.05763	  0.843774	  1.51336e-06	  4.81342e-08	  9888	  2.89077e-09
454	  4.05763	  0.90628	  1.51336e-06	  4.6354e-08	  10008	  2.78105e-09
455	  4.05763	  0.968758	  1.51336e-06	  4.22119e-08	  9978	  2.53318e-09
456	  4.69917	  0.030936	  1.04338e-06	  3.69743e-08	  13626	  2.16546e-09
457	  4.69917	  0.0938307	  1.04338e-06	  3.70231e-08	  16392	  2.14033e-09
458	  4.69917	  0.156319	  1.04338e-06	  3.62945e-08	  15708	  2.10431e-09
459	  4.69917	  0.218712	  1.04338e-06	  3.55216e-08	  15432	  2.06202e-09
460	  4.69917	  0.281224	  1.04338e-06	  3.47207e-08	  15780	  2.01244e-09
461	  4.69917	  0.343807	  1.04338e-06	  3.49241e-08	  15300	  2.02855e-09
462	  4.69917	  0.406302	  1.04338e-06	  3.42702e-08	  15588	  1.988e-09
463	  4.69917	  0.468745	  1.04338e-06	  3.47702e-08	  15396	  2.01874e-09
464	  4.69917	  0.531226	  1.04338e-06	  3.44371e-08	  15504	  1.99842e-09
465	  4.69917	  0.593785	  1.04338e-06	  3.35452e-08	  15660	  1.94532e-09
466	  4.69917	  0.656281	  1.04338e-06	  3.20134e-08	  15192	  1.8604e-09
467	  4.69917	  0.718743	  1.04338e-06	  3.12647e-08	  15600	  1.81355e-09
468	  4.69917	  0.781255	  1.04338e-06	  2.98429e-08	  15216	  1.73407e-09
469	  4.69917	  0.843774	  1.04338e-06	  2.81414e-08	  15516	  1.63299e-09
470	  4.69917	  0.90628	  1.04338e-06	  2.63344e-08	  15540	  1.52797e-09
471	  4.69917	  0.968758	  1.04338e-06	  2.41254e-08	  15405	  1.40065e-09
472	  5.4432	  0.030936	  7.17077e-07	  2.70908e-08	  26250	  1.52175e-09
473	  5.4432	  0.0938307	  7.17077e-07	  2.65861e-08	  22392	  1.50697e-09
474	  5.4432	  0.156319	  7.17077e-07	  2.57649e-08	  24516	  1.4528e-09
475	  5.4432	  0.218712	  7.17077e-07	  2.50732e-08	  23592	  1.4169e-09
476	  5.4432	  0.281224	  7.17077e-07	  2.44667e-08	  24264	  1.38041e-09
477	  5.4432	  0.343807	  7.17077e-07	  2.40623e-08	  23928	  1.35867e-09
478	  5.4432	  0.406302	  7.17077e-07	  2.33369e-08	  24120	  1.31711e-09
479	  5.4432	  0.468745	  7.17077e-07	  2.25461e-08	  23964	  1.27295e-09
480	  5.4432	  0.531226	  7.17077e-07	  2.19547e-08	  24060	  1.23928e-09
481	  5.4432	  0.593785	  7.17077e-07	  2.09184e-08	  24108	  1.18064e-09
482	  5.4432	  0.656281	  7.17077e-07	  1.98897e-08	  24228	  1.12226e-09
483	  5.4432	  0.718743	  7.17077e-07	  1.86188e-08	  24144	  1.05077e-09
484	  5.4432	  0.781255	  7.17077e-07	  1.72016e-08	  23940	  9.71256e-10
485	  5.4432	  0.843774	  7.17077e-07	  1.56136e-08	  24192	  8.81066e-10
486	  5.4432	  0.90628	  7.17077e-07	  1.44905e-08	  23988	  8.18082e-10
487	  5.4432	  0.968758	  7.17077e-07	  1.29984e-08	  24141	  7.33582e-10
488	  6.30378	  0.030936	  4.9157e-07	  1.95128e-08	  35082	  1.07982e-09
489	  6.30378	  0.0938307	  4.9157e-07	  1.89302e-08	  39108	  1.04223e-09
490	  6.30378	  0.156319	  4.9157e-07	  1.83365e-08	  36924	  1.01225e-09
491	  6.30378	  0.218712	  4.9157e-07	  1.76754e-08	  37692	  9.7481e-10
492	  6.30378	  0.281224	  4.9157e-07	  1.66854e-08	  37092	  9.20907e-10
493	  6.30378	  0.343807	  4.9157e-07	  1.63124e-08	  37536	  8.99815e-10
494	  6.30378	  0.406302	  4.9157e-07	  1.52614e-08	  36984	  8.42426e-10
495	  6.30378	  0.468745	  4.9157e-07	  1.46342e-08	  37428	  8.07354e-10
496	  6.30378	  0.531226	  4.9157e-07	  1.35685e-08	  37392	  7.48594e-10
497	  6.30378	  0.593785	  4.9157e-07	  1.25775e-08	  37200	  6.94086e-10
498	  6.30378	  0.656281	  4.9157e-07	  1.16177e-08	  36924	  6.41342e-10
499	  6.30378	  0.718743	  4.9157e-07	  1.05655e-08	  37272	  5.83004e-10
500	  6.30378	  0.781255	  4.9157e-07	  9.45905e-09	  37284	  5.2194e-10
501	  6.30378	  0.843774	  4.9157e-07	  8.38786e-09	  37188	  4.62889e-10
502	  6.30378	  0.90628	  4.9157e-07	  7.54239e-09	  37320	  4.16162e-10
503	  6.30378	  0.968758	  4.9157e-07	  6.49622e-09	  37119	  3.58529e-10
504	  7.30029	  0.030936	  3.36789e-07	  1.388e-08	  60258	  7.50546e-10
505	  7.30029	  0.0938307	  3.36789e-07	  1.33407e-08	  56916	  7.22956e-10
506	  7.30029	  0.156319	  3.36789e-07	  1.26921e-08	  56820	  6.87852e-10
507	  7.30029	  0.218712	  3.36789e-07	  1.20465e-08	  58716	  6.5204e-10
508	  7.30029	  0.281224	  3.36789e-07	  1.12146e-08	  57840	  6.07361e-10
509	  7.30029	  0.343807	  3.36789e-07	  1.04694e-08	  57612	  5.67086e-10
510	  7.30029	  0.406302	  3.36789e-07	  9.80469e-09	  58464	  5.30784e-10
511	  7.30029	  0.468745	  3.36789e-07	  8.95913e-09	  57948	  4.85174e-10
512	  7.30029	  0.531226	  3.36789e-07	  8.16977e-09	  57708	  4.42497e-10
513	  7.30029	  0.593785	  3.36789e-07	  7.24625e-09	  58236	  3.9234e-10
514	  7.30029	  0.656281	  3.36789e-07	  6.45462e-09	  58008	  3.49531e-10
515	  7.30029	  0.718743	  3.36789e-07	  5.62906e-09	  58200	  3.04786e-10
516	  7.30029	  0.781255	  3.36789e-07	  4.8494e-09	  58128	  2.62584e-10
517	  7.30029	  0.843774	  3.36789e-07	  4.22588e-09	  57972	  2.28845e-10
518	  7.30029	  0.90628	  3.36789e-07	  3.57896e-09	  57960	  1.93814e-10
519	  7.30029	  0.968758	  3.36789e-07	  3.00008e-09	  58122	  1.62448e-10
520	  8.455	  0.030936	  2.29847e-07	  9.67382e-09	  90198	  5.15902e-10
521	  8.455	  0.0938307	  2.29847e-07	  9.33107e-09	  89292	  4.9778e-10
522	  8.455	  0.156319	  2.29847e-07	  8.77497e-09	  90804	  4.67869e-10
523	  8.455	  0.218712	  2.29847e-07	  7.99691e-09	  89628	  4.26557e-10
524	  8.455	  0.281224	  2.29847e-07	  7.31689e-09	  89844	  3.90255e-10
525	  8.455	  0.343807	  2.29847e-07	  6.65339e-09	  90636	  3.5477e-10
526	  8.455	  0.406302	  2.29847e-07	  5.90613e-09	  89628	  3.15034e-10
527	  8.455	  0.468745	  2.29847e-07	  5.22657e-09	  89772	  2.78773e-10
528	  8.455	  0.531226	  2.29847e-07	  4.57964e-09	  90324	  2.4422e-10
529	  8.455	  0.593785	  2.29847e-07	  3.89025e-09	  89784	  2.07495e-10
530	  8.455	  0.656281	  2.29847e-07	  3.30079e-09	  90216	  1.76029e-10
531	  8.455	  0.718743	  2.29847e-07	  2.79629e-09	  89796	  1.49146e-10
532	  8.455	  0.781255	  2.29847e-07	  2.32012e-09	  90120	  1.23734e-10
533	  8.455	  0.843774	  2.29847e-07	  1.9189e-09	  90132	  1.02337e-10
534	  8.455	  0.90628	  2.29847e-07	  1.57977e-09	  89916	  8.42566e-11
535	  8.455	  0.968758	  2.29847e-07	  1.27952e-09	  89964	  6.82421e-11
536	  9.79129	  0.030936	  1.56828e-07	  6.63295e-09	  139068	  3.49434e-10
537	  9.79129	  0.0938307	  1.56828e-07	  6.29288e-09	  141180	  3.31392e-10
538	  9.79129	  0.156319	  1.56828e-07	  5.83497e-09	  139380	  3.07378e-10
539	  9.79129	  0.218712	  1.56828e-07	  5.23117e-09	  138804	  2.756e-10
540	  9.79129	  0.281224	  1.56828e-07	  4.58539e-09	  140952	  2.41483e-10
541	  9.79129	  0.343807	  1.56828e-07	  4.00044e-09	  139668	  2.10727e-10
542	  9.79129	  0.406302	  1.56828e-07	  3.40039e-09	  139464	  1.79125e-10
543	  9.79129	  0.468745	  1.56828e-07	  2.87147e-09	  139812	  1.51253e-10
544	  9.79129	  0.531226	  1.56828e-07	  2.37698e-09	  139884	  1.25205e-10
545	  9.79129	  0.593785	  1.56828e-07	  1.94637e-09	  140184	  1.02517e-10
546	  9.79129	  0.656281	  1.56828e-07	  1.56985e-09	  139404	  8.26971e-11
547	  9.79129	  0.718743	  1.56828e-07	  1.2738e-09	  139932	  6.70951e-11
548	  9.79129	  0.781255	  1.56828e-07	  1.02394e-09	  139980	  5.39339e-11
549	  9.79129	  0.843774	  1.56828e-07	  8.10642e-10	  139632	  4.27015e-11
550	  9.79129	  0.90628	  1.56828e-07	  6.45077e-10	  140088	  3.39773e-11
551	  9.79129	  0.968758	  1.56828e-07	  4.98062e-10	  139623	  2.6236e-11
