#n	   k	      mu	    PL	    Pf	     w	     err  
0	  0.10472	  1	  0.00306127	  0.000557157	  3	  0.000349533
1	  0.20944	  1	  0.0010874	  0.000161027	  3	  0.00010102
2	  0.314159	  1	  0.000509336	  0.000146789	  3	  9.2088e-05
3	  0.418879	  1	  0.00028546	  2.54222e-05	  3	  1.59486e-05
4	  0.523599	  1	  0.000180467	  9.1566e-06	  3	  5.74439e-06
5	  0.628319	  1	  0.000122281	  4.90341e-05	  3	  3.07615e-05
6	  0.733038	  1	  8.74227e-05	  2.04367e-05	  3	  1.2821e-05
7	  0.837758	  1	  6.50738e-05	  1.56872e-05	  3	  9.84139e-06
8	  0.942478	  1	  4.99708e-05	  2.54965e-06	  3	  1.59952e-06
9	  0.10472	  0	  0.00306127	  9.8608e-05	  6	  4.51869e-05
10	  0.148096	  0.707107	  0.00194673	  0.000137875	  12	  4.6695e-05
11	  0.23416	  0.894427	  0.000861366	  0.000163577	  12	  5.53996e-05
12	  0.331153	  0.948683	  0.000461248	  6.80105e-05	  12	  2.30335e-05
13	  0.431771	  0.970143	  0.000268642	  3.4462e-05	  12	  1.16714e-05
14	  0.533968	  0.980581	  0.000173094	  2.27824e-05	  12	  7.71582e-06
15	  0.636985	  0.986394	  0.000118696	  1.54708e-05	  12	  5.23958e-06
16	  0.74048	  0.989949	  8.55312e-05	  1.7868e-05	  12	  6.05144e-06
17	  0.844278	  0.992278	  6.3942e-05	  1.0067e-05	  12	  3.40944e-06
18	  0.948278	  0.993884	  4.92751e-05	  9.41143e-06	  12	  3.18742e-06
19	  0.148096	  0	  0.00194673	  5.56587e-05	  6	  2.55055e-05
20	  0.18138	  0.57735	  0.00138108	  7.58953e-05	  12	  2.57039e-05
21	  0.25651	  0.816497	  0.000758093	  8.26069e-05	  12	  2.79769e-05
22	  0.347316	  0.904534	  0.00041546	  4.58274e-05	  12	  1.55206e-05
23	  0.444288	  0.942809	  0.000253958	  2.73694e-05	  12	  9.26932e-06
24	  0.54414	  0.96225	  0.000166222	  2.79718e-05	  12	  9.47337e-06
25	  0.645536	  0.973329	  0.000115357	  1.57128e-05	  12	  5.32153e-06
26	  0.747849	  0.980196	  8.36612e-05	  1.19354e-05	  12	  4.04222e-06
27	  0.850747	  0.984732	  6.28792e-05	  1.2361e-05	  12	  4.18636e-06
28	  0.954042	  0.987878	  4.86063e-05	  8.56248e-06	  12	  2.8999e-06
29	  0.20944	  0	  0.0010874	  3.31057e-05	  6	  1.51706e-05
30	  0.23416	  0.447214	  0.000861366	  5.33406e-05	  12	  1.80651e-05
31	  0.296192	  0.707107	  0.000560902	  6.14418e-05	  12	  2.08088e-05
32	  0.377572	  0.83205	  0.000353507	  4.28586e-05	  12	  1.45151e-05
33	  0.468321	  0.894427	  0.000227855	  3.45233e-05	  12	  1.16922e-05
34	  0.563933	  0.928477	  0.000154074	  1.22332e-05	  12	  4.14308e-06
35	  0.662306	  0.948683	  0.000109103	  1.37365e-05	  12	  4.65219e-06
36	  0.762371	  0.961524	  8.01954e-05	  1.15435e-05	  12	  3.90949e-06
37	  0.863541	  0.970143	  6.0809e-05	  4.55844e-06	  12	  1.54383e-06
38	  0.965468	  0.976187	  4.73186e-05	  6.38581e-06	  12	  2.16272e-06
39	  0.23416	  0	  0.000861366	  3.4899e-05	  12	  1.18194e-05
40	  0.25651	  0.408248	  0.000758093	  3.39872e-05	  24	  8.63697e-06
41	  0.314159	  0.666667	  0.000509336	  4.50866e-05	  24	  1.14576e-05
42	  0.391825	  0.801784	  0.00032913	  3.166e-05	  24	  8.04558e-06
43	  0.479886	  0.872872	  0.00021626	  3.83824e-05	  24	  9.75389e-06
44	  0.573574	  0.912871	  0.000148705	  1.67154e-05	  24	  4.2478e-06
45	  0.670534	  0.937043	  0.000106245	  1.15359e-05	  24	  2.93155e-06
46	  0.76953	  0.952579	  7.85788e-05	  1.11999e-05	  24	  2.84615e-06
47	  0.869868	  0.963087	  5.98331e-05	  9.487e-06	  24	  2.41088e-06
48	  0.971131	  0.970495	  4.66877e-05	  7.06776e-06	  24	  1.79609e-06
49	  0.296192	  0	  0.000560902	  1.9691e-05	  6	  9.02339e-06
50	  0.314159	  0.333333	  0.000509336	  2.52824e-05	  12	  8.56253e-06
51	  0.36276	  0.57735	  0.000380271	  2.15235e-05	  12	  7.28947e-06
52	  0.431771	  0.727607	  0.000268642	  2.65304e-05	  12	  8.98517e-06
53	  0.51302	  0.816497	  0.000188322	  2.41981e-05	  12	  8.19528e-06
54	  0.601569	  0.870388	  0.000134274	  1.72725e-05	  12	  5.84978e-06
55	  0.694632	  0.904534	  9.83796e-05	  1.68401e-05	  12	  5.70333e-06
56	  0.790617	  0.927173	  7.40102e-05	  8.56434e-06	  12	  2.90053e-06
57	  0.888577	  0.942809	  5.7047e-05	  7.64301e-06	  12	  2.5885e-06
58	  0.987924	  0.953998	  4.49132e-05	  4.04807e-06	  12	  1.37098e-06
59	  0.314159	  0	  0.000509336	  2.52181e-05	  6	  1.15561e-05
60	  0.331153	  0.316228	  0.000461248	  2.16709e-05	  12	  7.3394e-06
61	  0.377572	  0.5547	  0.000353507	  2.80882e-05	  12	  9.51277e-06
62	  0.444288	  0.707107	  0.000253958	  1.55337e-05	  12	  5.26089e-06
63	  0.523599	  0.8	  0.000180467	  2.28748e-05	  12	  7.74711e-06
64	  0.610616	  0.857493	  0.000130032	  8.50133e-06	  12	  2.87919e-06
65	  0.702481	  0.894427	  9.59862e-05	  1.00055e-05	  12	  3.38861e-06
66	  0.797522	  0.919145	  7.25949e-05	  9.66643e-06	  12	  3.27378e-06
67	  0.894726	  0.936329	  5.61554e-05	  4.48069e-06	  12	  1.5175e-06
68	  0.993459	  0.948683	  4.43525e-05	  6.20591e-06	  12	  2.10179e-06
69	  0.331153	  0	  0.000461248	  1.58325e-05	  12	  5.36208e-06
70	  0.347316	  0.301511	  0.00041546	  1.50059e-05	  24	  3.81337e-06
71	  0.391825	  0.534522	  0.00032913	  1.49598e-05	  24	  3.80165e-06
72	  0.456463	  0.688247	  0.000240494	  2.69546e-05	  24	  6.84982e-06
73	  0.533968	  0.784465	  0.000173094	  1.38034e-05	  24	  3.50778e-06
74	  0.61953	  0.845154	  0.000126056	  1.09221e-05	  24	  2.77556e-06
75	  0.710244	  0.884652	  9.37219e-05	  1.5181e-05	  24	  3.85785e-06
76	  0.804368	  0.911322	  7.12372e-05	  9.79913e-06	  24	  2.4902e-06
77	  0.900833	  0.929981	  5.53169e-05	  6.71462e-06	  24	  1.70635e-06
78	  0.998963	  0.943456	  4.38063e-05	  4.78226e-06	  24	  1.21529e-06
79	  0.377572	  0	  0.000353507	  1.36404e-05	  12	  4.61967e-06
80	  0.391825	  0.267261	  0.00032913	  9.85081e-06	  24	  2.50333e-06
81	  0.431771	  0.485071	  0.000268642	  1.80638e-05	  24	  4.59044e-06
82	  0.491179	  0.639602	  0.000205912	  1.18896e-05	  24	  3.02144e-06
83	  0.563933	  0.742781	  0.000154074	  1.60152e-05	  24	  4.06985e-06
84	  0.645536	  0.811107	  0.000115357	  1.30017e-05	  24	  3.30404e-06
85	  0.733038	  0.857143	  8.74227e-05	  1.13467e-05	  24	  2.88346e-06
86	  0.824564	  0.889001	  6.74072e-05	  5.1892e-06	  24	  1.3187e-06
87	  0.918912	  0.911685	  5.29003e-05	  7.3387e-06	  24	  1.86494e-06
88	  0.418879	  0	  0.00028546	  3.57575e-06	  6	  1.63858e-06
89	  0.431771	  0.242536	  0.000268642	  7.53717e-06	  12	  2.55265e-06
90	  0.468321	  0.447214	  0.000227855	  1.33206e-05	  12	  4.51134e-06
91	  0.523599	  0.6	  0.000180467	  1.25776e-05	  12	  4.25972e-06
92	  0.592384	  0.707107	  0.000138819	  5.33763e-06	  12	  1.80772e-06
93	  0.670534	  0.780869	  0.000106245	  1.26774e-05	  12	  4.29352e-06
94	  0.755145	  0.83205	  8.19187e-05	  7.56191e-06	  12	  2.56103e-06
95	  0.844278	  0.868243	  6.3942e-05	  7.28035e-06	  12	  2.46567e-06
96	  0.936642	  0.894427	  5.06708e-05	  4.26645e-06	  12	  1.44494e-06
97	  0.431771	  0	  0.000268642	  7.53189e-06	  12	  2.55086e-06
98	  0.444288	  0.235702	  0.000253958	  4.40107e-06	  24	  1.11842e-06
99	  0.479886	  0.436436	  0.00021626	  1.57046e-05	  24	  3.99093e-06
100	  0.533968	  0.588348	  0.000173094	  8.49666e-06	  24	  2.15921e-06
101	  0.601569	  0.696311	  0.000134274	  7.30846e-06	  24	  1.85726e-06
102	  0.678662	  0.771517	  0.000103483	  6.94163e-06	  24	  1.76404e-06
103	  0.762371	  0.824163	  8.01954e-05	  1.08405e-05	  24	  2.75483e-06
104	  0.850747	  0.86164	  6.28792e-05	  8.77818e-06	  24	  2.23075e-06
105	  0.942478	  0.888889	  4.99708e-05	  7.25606e-06	  24	  1.84394e-06
106	  0.444288	  0	  0.000253958	  7.11618e-06	  6	  3.26098e-06
107	  0.456463	  0.229416	  0.000240494	  1.21133e-05	  12	  4.10249e-06
108	  0.491179	  0.426401	  0.000205912	  1.03419e-05	  12	  3.50255e-06
109	  0.54414	  0.57735	  0.000166222	  3.86549e-06	  12	  1.30915e-06
110	  0.610616	  0.685994	  0.000130032	  1.31508e-05	  12	  4.45384e-06
111	  0.686693	  0.762493	  0.000100876	  8.20241e-06	  12	  2.77795e-06
112	  0.76953	  0.816497	  7.85788e-05	  7.21741e-06	  12	  2.44436e-06
113	  0.857168	  0.855186	  6.18245e-05	  4.09388e-06	  12	  1.38649e-06
114	  0.948278	  0.883452	  4.92751e-05	  3.44945e-06	  12	  1.16824e-06
115	  0.468321	  0	  0.000227855	  8.69048e-06	  12	  2.94325e-06
116	  0.479886	  0.218218	  0.00021626	  1.20528e-05	  24	  3.06291e-06
117	  0.51302	  0.408248	  0.000188322	  1.22696e-05	  24	  3.11799e-06
118	  0.563933	  0.557086	  0.000154074	  1.10565e-05	  24	  2.80971e-06
119	  0.628319	  0.666667	  0.000122281	  8.3521e-06	  24	  2.12247e-06
120	  0.702481	  0.745356	  9.59862e-05	  9.61228e-06	  24	  2.44271e-06
121	  0.783651	  0.801784	  7.54794e-05	  7.72634e-06	  24	  1.96345e-06
122	  0.869868	  0.842701	  5.98331e-05	  5.09285e-06	  24	  1.29422e-06
123	  0.959772	  0.872872	  4.79605e-05	  4.96326e-06	  24	  1.26128e-06
124	  0.523599	  0	  0.000180467	  6.26602e-06	  18	  1.79022e-06
125	  0.533968	  0.196116	  0.000173094	  6.0917e-06	  36	  1.31987e-06
126	  0.563933	  0.371391	  0.000154074	  5.63538e-06	  36	  1.221e-06
127	  0.610616	  0.514496	  0.000130032	  6.54289e-06	  36	  1.41763e-06
128	  0.670534	  0.624695	  0.000106245	  6.92436e-06	  36	  1.50028e-06
129	  0.74048	  0.707107	  8.55312e-05	  7.14122e-06	  36	  1.54726e-06
130	  0.817887	  0.768221	  6.86491e-05	  6.16255e-06	  36	  1.33522e-06
131	  0.900833	  0.813733	  5.53169e-05	  5.92607e-06	  36	  1.28398e-06
132	  0.987924	  0.847998	  4.49132e-05	  4.8182e-06	  36	  1.04394e-06
133	  0.533968	  0	  0.000173094	  5.90567e-06	  12	  2.0001e-06
134	  0.54414	  0.19245	  0.000166222	  8.16985e-06	  24	  2.07615e-06
135	  0.573574	  0.365148	  0.000148705	  6.1505e-06	  24	  1.56299e-06
136	  0.61953	  0.507093	  0.000126056	  7.27381e-06	  24	  1.84845e-06
137	  0.678662	  0.617213	  0.000103483	  6.53006e-06	  24	  1.65945e-06
138	  0.747849	  0.70014	  8.36612e-05	  6.43818e-06	  24	  1.6361e-06
139	  0.824564	  0.762001	  6.74072e-05	  2.78449e-06	  24	  7.07607e-07
140	  0.9069	  0.80829	  5.44911e-05	  5.62606e-06	  24	  1.42972e-06
141	  0.993459	  0.843274	  4.43525e-05	  4.0964e-06	  24	  1.041e-06
142	  0.563933	  0	  0.000154074	  2.54267e-06	  12	  8.61138e-07
143	  0.573574	  0.182574	  0.000148705	  4.94248e-06	  24	  1.256e-06
144	  0.601569	  0.348155	  0.000134274	  5.86643e-06	  24	  1.4908e-06
145	  0.645536	  0.486664	  0.000115357	  6.60962e-06	  24	  1.67966e-06
146	  0.702481	  0.596285	  9.59862e-05	  6.72587e-06	  24	  1.70921e-06
147	  0.76953	  0.680414	  7.85788e-05	  3.93514e-06	  24	  1.00001e-06
148	  0.844278	  0.744208	  6.3942e-05	  6.54984e-06	  24	  1.66447e-06
149	  0.92486	  0.792594	  5.21404e-05	  5.00387e-06	  24	  1.2716e-06
150	  0.592384	  0	  0.000138819	  1.68145e-06	  6	  7.70524e-07
151	  0.601569	  0.174078	  0.000134274	  3.60435e-06	  12	  1.22071e-06
152	  0.628319	  0.333333	  0.000122281	  4.87267e-06	  12	  1.65025e-06
153	  0.670534	  0.468521	  0.000106245	  4.19619e-06	  12	  1.42114e-06
154	  0.72552	  0.57735	  8.94525e-05	  7.3483e-06	  12	  2.48869e-06
155	  0.790617	  0.662266	  7.40102e-05	  5.62603e-06	  12	  1.9054e-06
156	  0.863541	  0.727607	  6.0809e-05	  4.35027e-06	  12	  1.47333e-06
157	  0.942478	  0.777778	  4.99708e-05	  3.7972e-06	  12	  1.28602e-06
158	  0.610616	  0	  0.000130032	  4.12016e-06	  12	  1.39539e-06
159	  0.61953	  0.169031	  0.000126056	  4.22907e-06	  24	  1.07471e-06
160	  0.645536	  0.324443	  0.000115357	  5.19372e-06	  24	  1.31985e-06
161	  0.686693	  0.457496	  0.000100876	  5.25315e-06	  24	  1.33495e-06
162	  0.74048	  0.565685	  8.55312e-05	  4.91887e-06	  24	  1.25e-06
163	  0.804368	  0.650945	  7.12372e-05	  6.2124e-06	  24	  1.57872e-06
164	  0.876148	  0.717137	  5.88643e-05	  5.67461e-06	  24	  1.44205e-06
165	  0.954042	  0.76835	  4.86063e-05	  4.46379e-06	  24	  1.13436e-06
166	  0.628319	  0	  0.000122281	  1.10707e-05	  6	  5.07311e-06
167	  0.636985	  0.164399	  0.000118696	  6.23729e-06	  12	  2.11241e-06
168	  0.662306	  0.316228	  0.000109103	  3.96519e-06	  12	  1.34291e-06
169	  0.702481	  0.447214	  9.59862e-05	  2.27805e-06	  12	  7.71518e-07
170	  0.755145	  0.5547	  8.19187e-05	  3.13406e-06	  12	  1.06143e-06
171	  0.817887	  0.640184	  6.86491e-05	  3.71616e-06	  12	  1.25857e-06
172	  0.888577	  0.707107	  5.7047e-05	  3.72967e-06	  12	  1.26315e-06
173	  0.965468	  0.759257	  4.73186e-05	  4.64476e-06	  12	  1.57306e-06
174	  0.636985	  0	  0.000118696	  6.26288e-06	  12	  2.12108e-06
175	  0.645536	  0.162221	  0.000115357	  3.27355e-06	  24	  8.31888e-07
176	  0.670534	  0.312348	  0.000106245	  3.4483e-06	  24	  8.76295e-07
177	  0.710244	  0.442326	  9.37219e-05	  4.69669e-06	  24	  1.19354e-06
178	  0.762371	  0.549442	  8.01954e-05	  6.13562e-06	  24	  1.55921e-06
179	  0.824564	  0.635001	  6.74072e-05	  3.05319e-06	  24	  7.75889e-07
180	  0.894726	  0.702247	  5.61554e-05	  3.16073e-06	  24	  8.03218e-07
181	  0.971131	  0.754829	  4.66877e-05	  4.18834e-06	  24	  1.06436e-06
182	  0.662306	  0	  0.000109103	  3.51206e-06	  12	  1.18945e-06
183	  0.670534	  0.156174	  0.000106245	  3.32979e-06	  24	  8.46181e-07
184	  0.694632	  0.301511	  9.83796e-05	  3.22338e-06	  24	  8.19139e-07
185	  0.733038	  0.428571	  8.74227e-05	  5.15498e-06	  24	  1.31e-06
186	  0.783651	  0.534522	  7.54794e-05	  3.71114e-06	  24	  9.43091e-07
187	  0.844278	  0.620174	  6.3942e-05	  3.77061e-06	  24	  9.58203e-07
188	  0.912926	  0.688247	  5.36709e-05	  3.00384e-06	  24	  7.63349e-07
189	  0.987924	  0.741999	  4.49132e-05	  3.40498e-06	  24	  8.65289e-07
190	  0.670534	  0	  0.000106245	  3.85915e-06	  12	  1.307e-06
191	  0.678662	  0.154303	  0.000103483	  2.9137e-06	  24	  7.40441e-07
192	  0.702481	  0.298142	  9.59862e-05	  4.42463e-06	  24	  1.1244e-06
193	  0.74048	  0.424264	  8.55312e-05	  3.71719e-06	  24	  9.44627e-07
194	  0.790617	  0.529813	  7.40102e-05	  3.75209e-06	  24	  9.53496e-07
195	  0.850747	  0.615457	  6.28792e-05	  2.84316e-06	  24	  7.22515e-07
196	  0.918912	  0.683763	  5.29003e-05	  4.35569e-06	  24	  1.10689e-06
197	  0.993459	  0.737865	  4.43525e-05	  3.63189e-06	  24	  9.22951e-07
198	  0.702481	  0	  9.59862e-05	  1.92211e-06	  12	  6.50972e-07
199	  0.710244	  0.147442	  9.37219e-05	  3.65813e-06	  24	  9.2962e-07
200	  0.733038	  0.285714	  8.74227e-05	  4.66751e-06	  24	  1.18613e-06
201	  0.76953	  0.408248	  7.85788e-05	  3.87604e-06	  24	  9.84995e-07
202	  0.817887	  0.512148	  6.86491e-05	  5.33195e-06	  24	  1.35498e-06
203	  0.876148	  0.597614	  5.88643e-05	  4.20793e-06	  24	  1.06934e-06
204	  0.942478	  0.666667	  4.99708e-05	  3.70626e-06	  24	  9.41851e-07
205	  0.733038	  0	  8.74227e-05	  2.45909e-06	  6	  1.12688e-06
206	  0.74048	  0.141421	  8.55312e-05	  2.85288e-06	  12	  9.66199e-07
207	  0.762371	  0.274721	  8.01954e-05	  2.60037e-06	  12	  8.80679e-07
208	  0.797522	  0.393919	  7.25949e-05	  3.51176e-06	  12	  1.18935e-06
209	  0.844278	  0.496139	  6.3942e-05	  4.21472e-06	  12	  1.42742e-06
210	  0.900833	  0.581238	  5.53169e-05	  4.21132e-06	  12	  1.42627e-06
211	  0.965468	  0.650791	  4.73186e-05	  3.41092e-06	  12	  1.15519e-06
212	  0.74048	  0	  8.55312e-05	  2.90669e-06	  18	  8.30447e-07
213	  0.747849	  0.140028	  8.36612e-05	  4.22773e-06	  36	  9.16008e-07
214	  0.76953	  0.272166	  7.85788e-05	  3.24956e-06	  36	  7.04071e-07
215	  0.804368	  0.390567	  7.12372e-05	  4.59382e-06	  36	  9.95328e-07
216	  0.850747	  0.492366	  6.28792e-05	  2.67686e-06	  36	  5.79987e-07
217	  0.9069	  0.57735	  5.44911e-05	  2.62749e-06	  36	  5.6929e-07
218	  0.971131	  0.646997	  4.66877e-05	  4.50622e-06	  36	  9.76348e-07
219	  0.755145	  0	  8.19187e-05	  1.94294e-06	  12	  6.58024e-07
220	  0.762371	  0.137361	  8.01954e-05	  3.83151e-06	  24	  9.73679e-07
221	  0.783651	  0.267261	  7.54794e-05	  3.41636e-06	  24	  8.68179e-07
222	  0.817887	  0.384111	  6.86491e-05	  3.57829e-06	  24	  9.09329e-07
223	  0.863541	  0.485071	  6.0809e-05	  2.11482e-06	  24	  5.37428e-07
224	  0.918912	  0.569803	  5.29003e-05	  3.06448e-06	  24	  7.78759e-07
225	  0.982358	  0.639602	  4.55013e-05	  2.45899e-06	  24	  6.24888e-07
226	  0.762371	  0	  8.01954e-05	  1.69797e-06	  12	  5.7506e-07
227	  0.76953	  0.136083	  7.85788e-05	  3.89549e-06	  24	  9.89939e-07
228	  0.790617	  0.264906	  7.40102e-05	  2.73837e-06	  24	  6.95885e-07
229	  0.824564	  0.381	  6.74072e-05	  2.48283e-06	  24	  6.30946e-07
230	  0.869868	  0.481543	  5.98331e-05	  1.87865e-06	  24	  4.77411e-07
231	  0.92486	  0.566139	  5.21404e-05	  3.51295e-06	  24	  8.92725e-07
232	  0.987924	  0.635999	  4.49132e-05	  2.81211e-06	  24	  7.14626e-07
233	  0.797522	  0	  7.25949e-05	  3.11218e-06	  12	  1.05402e-06
234	  0.804368	  0.130189	  7.12372e-05	  3.56387e-06	  24	  9.05664e-07
235	  0.824564	  0.254	  6.74072e-05	  2.22689e-06	  24	  5.65906e-07
236	  0.857168	  0.366508	  6.18245e-05	  2.8831e-06	  24	  7.32665e-07
237	  0.900833	  0.464991	  5.53169e-05	  2.71011e-06	  24	  6.88704e-07
238	  0.954042	  0.548821	  4.86063e-05	  3.05315e-06	  24	  7.75878e-07
239	  0.817887	  0	  6.86491e-05	  2.34791e-06	  12	  7.9518e-07
240	  0.824564	  0.127	  6.74072e-05	  2.32253e-06	  24	  5.90212e-07
241	  0.844278	  0.248069	  6.3942e-05	  2.40967e-06	  24	  6.12355e-07
242	  0.876148	  0.358569	  5.88643e-05	  3.20962e-06	  24	  8.15642e-07
243	  0.918912	  0.455842	  5.29003e-05	  2.68375e-06	  24	  6.82006e-07
244	  0.971131	  0.539164	  4.66877e-05	  3.48368e-06	  24	  8.85288e-07
245	  0.837758	  0	  6.50738e-05	  2.59749e-06	  6	  1.1903e-06
246	  0.844278	  0.124035	  6.3942e-05	  3.76175e-06	  12	  1.27401e-06
247	  0.863541	  0.242536	  6.0809e-05	  1.28306e-06	  12	  4.34539e-07
248	  0.894726	  0.351123	  5.61554e-05	  2.24019e-06	  12	  7.58698e-07
249	  0.936642	  0.447214	  5.06708e-05	  2.09516e-06	  12	  7.0958e-07
250	  0.987924	  0.529999	  4.49132e-05	  3.68193e-06	  12	  1.24698e-06
251	  0.844278	  0	  6.3942e-05	  3.15583e-06	  24	  8.01974e-07
252	  0.850747	  0.123091	  6.28792e-05	  2.60703e-06	  48	  5.06643e-07
253	  0.869868	  0.240772	  5.98331e-05	  2.24865e-06	  48	  4.36997e-07
254	  0.900833	  0.348743	  5.53169e-05	  2.6173e-06	  48	  5.08639e-07
255	  0.942478	  0.444444	  4.99708e-05	  2.54858e-06	  48	  4.95284e-07
256	  0.993459	  0.527046	  4.43525e-05	  2.73466e-06	  48	  5.31447e-07
257	  0.863541	  0	  6.0809e-05	  1.37765e-06	  12	  4.66577e-07
258	  0.869868	  0.120386	  5.98331e-05	  2.13362e-06	  24	  5.42204e-07
259	  0.888577	  0.235702	  5.7047e-05	  2.13828e-06	  24	  5.43389e-07
260	  0.918912	  0.341882	  5.29003e-05	  2.51359e-06	  24	  6.38763e-07
261	  0.959772	  0.436436	  4.79605e-05	  2.31225e-06	  24	  5.87599e-07
262	  0.888577	  0	  5.7047e-05	  2.31757e-06	  6	  1.06202e-06
263	  0.894726	  0.117041	  5.61554e-05	  1.6406e-06	  12	  5.55632e-07
264	  0.912926	  0.229416	  5.36709e-05	  2.25202e-06	  12	  7.62703e-07
265	  0.942478	  0.333333	  4.99708e-05	  2.37753e-06	  12	  8.05212e-07
266	  0.982358	  0.426401	  4.55013e-05	  2.27584e-06	  12	  7.7077e-07
267	  0.894726	  0	  5.61554e-05	  1.76056e-06	  12	  5.96259e-07
268	  0.900833	  0.116248	  5.53169e-05	  2.14954e-06	  24	  5.4625e-07
269	  0.918912	  0.227921	  5.29003e-05	  2.40206e-06	  24	  6.10422e-07
270	  0.948278	  0.331295	  4.92751e-05	  2.40455e-06	  24	  6.11054e-07
271	  0.987924	  0.423999	  4.49132e-05	  1.99012e-06	  24	  5.05738e-07
272	  0.900833	  0	  5.53169e-05	  2.55263e-06	  12	  8.64513e-07
273	  0.9069	  0.11547	  5.44911e-05	  1.95535e-06	  24	  4.96901e-07
274	  0.92486	  0.226455	  5.21404e-05	  1.63738e-06	  24	  4.16099e-07
275	  0.954042	  0.329293	  4.86063e-05	  2.40878e-06	  24	  6.1213e-07
276	  0.993459	  0.421637	  4.43525e-05	  2.17598e-06	  24	  5.52969e-07
277	  0.936642	  0	  5.06708e-05	  1.49479e-06	  12	  5.06247e-07
278	  0.942478	  0.111111	  4.99708e-05	  2.0026e-06	  24	  5.08908e-07
279	  0.959772	  0.218218	  4.79605e-05	  1.62954e-06	  24	  4.14106e-07
280	  0.987924	  0.317999	  4.49132e-05	  1.67022e-06	  24	  4.24444e-07
281	  0.942478	  0	  4.99708e-05	  3.87429e-06	  6	  1.77539e-06
282	  0.948278	  0.110432	  4.92751e-05	  2.66595e-06	  12	  9.0289e-07
283	  0.965468	  0.21693	  4.73186e-05	  2.18742e-06	  12	  7.40824e-07
284	  0.993459	  0.316228	  4.43525e-05	  2.37748e-06	  12	  8.05194e-07
285	  0.948278	  0	  4.92751e-05	  2.48738e-06	  12	  8.42414e-07
286	  0.954042	  0.109764	  4.86063e-05	  1.71033e-06	  24	  4.34635e-07
287	  0.971131	  0.215666	  4.66877e-05	  1.39372e-06	  24	  3.54177e-07
288	  0.998963	  0.314485	  4.38063e-05	  1.87337e-06	  24	  4.76068e-07
289	  0.965468	  0	  4.73186e-05	  1.55507e-06	  24	  3.9518e-07
290	  0.971131	  0.107833	  4.66877e-05	  1.95781e-06	  48	  3.80476e-07
291	  0.987924	  0.212	  4.49132e-05	  1.99734e-06	  48	  3.88157e-07
292	  0.987924	  0	  4.49132e-05	  1.9088e-06	  12	  6.46462e-07
293	  0.993459	  0.105409	  4.43525e-05	  1.94768e-06	  24	  4.94953e-07
294	  0.993459	  0	  4.43525e-05	  1.56422e-06	  12	  5.29763e-07
295	  0.998963	  0.104828	  4.38063e-05	  1.51495e-06	  24	  3.84984e-07
296	  1.08818	  0.030936	  3.60508e-05	  1.47792e-06	  138	  1.99706e-07
297	  1.08818	  0.0938307	  3.60508e-05	  1.35044e-06	  252	  1.52591e-07
298	  1.08818	  0.156319	  3.60508e-05	  1.22745e-06	  72	  2.06028e-07
299	  1.08818	  0.218712	  3.60508e-05	  1.38452e-06	  216	  1.6343e-07
300	  1.08818	  0.281224	  3.60508e-05	  1.63477e-06	  288	  1.78068e-07
301	  1.08818	  0.343807	  3.60508e-05	  1.52306e-06	  120	  2.15188e-07
302	  1.08818	  0.406302	  3.60508e-05	  2.10448e-06	  180	  2.62083e-07
303	  1.08818	  0.468745	  3.60508e-05	  2.08971e-06	  180	  2.60243e-07
304	  1.08818	  0.531226	  3.60508e-05	  2.26997e-06	  192	  2.7732e-07
305	  1.08818	  0.593785	  3.60508e-05	  2.94239e-06	  192	  3.59468e-07
306	  1.08818	  0.656281	  3.60508e-05	  2.48565e-06	  168	  3.16054e-07
307	  1.08818	  0.718743	  3.60508e-05	  3.07881e-06	  228	  3.5784e-07
308	  1.08818	  0.781255	  3.60508e-05	  4.01193e-06	  144	  5.34924e-07
309	  1.08818	  0.843774	  3.60508e-05	  3.53078e-06	  240	  4.0445e-07
310	  1.08818	  0.90628	  3.60508e-05	  4.8462e-06	  168	  6.16202e-07
311	  1.08818	  0.968758	  3.60508e-05	  4.72676e-06	  150	  6.22276e-07
312	  1.25577	  0.030936	  2.59292e-05	  1.11059e-06	  198	  1.34456e-07
313	  1.25577	  0.0938307	  2.59292e-05	  1.15735e-06	  396	  1.16027e-07
314	  1.25577	  0.156319	  2.59292e-05	  1.10972e-06	  396	  1.11252e-07
315	  1.25577	  0.218712	  2.59292e-05	  1.05344e-06	  204	  1.26428e-07
316	  1.25577	  0.281224	  2.59292e-05	  1.23298e-06	  216	  1.45543e-07
317	  1.25577	  0.343807	  2.59292e-05	  1.24144e-06	  372	  1.26438e-07
318	  1.25577	  0.406302	  2.59292e-05	  1.37937e-06	  312	  1.4706e-07
319	  1.25577	  0.468745	  2.59292e-05	  1.40034e-06	  288	  1.52533e-07
320	  1.25577	  0.531226	  2.59292e-05	  1.82438e-06	  264	  2.03502e-07
321	  1.25577	  0.593785	  2.59292e-05	  1.66138e-06	  312	  1.77126e-07
322	  1.25577	  0.656281	  2.59292e-05	  1.88942e-06	  276	  2.082e-07
323	  1.25577	  0.718743	  2.59292e-05	  2.07672e-06	  312	  2.21407e-07
324	  1.25577	  0.781255	  2.59292e-05	  2.36508e-06	  276	  2.60615e-07
325	  1.25577	  0.843774	  2.59292e-05	  2.60662e-06	  240	  2.98587e-07
326	  1.25577	  0.90628	  2.59292e-05	  2.99616e-06	  324	  3.16261e-07
327	  1.25577	  0.968758	  2.59292e-05	  3.3357e-06	  315	  3.5473e-07
328	  1.45182	  0.030936	  1.84965e-05	  7.84553e-07	  246	  8.92489e-08
329	  1.45182	  0.0938307	  1.84965e-05	  7.18125e-07	  516	  6.75199e-08
330	  1.45182	  0.156319	  1.84965e-05	  7.93799e-07	  504	  7.50486e-08
331	  1.45182	  0.218712	  1.84965e-05	  7.71935e-07	  528	  7.21909e-08
332	  1.45182	  0.281224	  1.84965e-05	  8.01918e-07	  504	  7.58162e-08
333	  1.45182	  0.343807	  1.84965e-05	  9.48259e-07	  384	  9.58036e-08
334	  1.45182	  0.406302	  1.84965e-05	  1.09399e-06	  420	  1.08081e-07
335	  1.45182	  0.468745	  1.84965e-05	  9.65227e-07	  468	  9.2879e-08
336	  1.45182	  0.531226	  1.84965e-05	  1.07494e-06	  480	  1.02811e-07
337	  1.45182	  0.593785	  1.84965e-05	  1.14347e-06	  468	  1.1003e-07
338	  1.45182	  0.656281	  1.84965e-05	  1.26425e-06	  396	  1.26743e-07
339	  1.45182	  0.718743	  1.84965e-05	  1.3657e-06	  456	  1.3224e-07
340	  1.45182	  0.781255	  1.84965e-05	  1.70379e-06	  432	  1.67163e-07
341	  1.45182	  0.843774	  1.84965e-05	  1.79546e-06	  480	  1.71724e-07
342	  1.45182	  0.90628	  1.84965e-05	  2.14004e-06	  480	  2.04681e-07
343	  1.45182	  0.968758	  1.84965e-05	  2.233e-06	  414	  2.21396e-07
344	  1.68148	  0.030936	  1.3092e-05	  5.34594e-07	  798	  4.56541e-08
345	  1.68148	  0.0938307	  1.3092e-05	  6.0669e-07	  708	  5.31353e-08
346	  1.68148	  0.156319	  1.3092e-05	  5.48223e-07	  684	  4.8373e-08
347	  1.68148	  0.218712	  1.3092e-05	  6.09853e-07	  720	  5.32206e-08
348	  1.68148	  0.281224	  1.3092e-05	  6.06141e-07	  708	  5.30872e-08
349	  1.68148	  0.343807	  1.3092e-05	  6.3783e-07	  720	  5.56621e-08
350	  1.68148	  0.406302	  1.3092e-05	  6.97975e-07	  672	  6.18238e-08
351	  1.68148	  0.468745	  1.3092e-05	  7.83076e-07	  732	  6.80971e-08
352	  1.68148	  0.531226	  1.3092e-05	  8.05872e-07	  672	  7.13808e-08
353	  1.68148	  0.593785	  1.3092e-05	  8.30347e-07	  708	  7.27237e-08
354	  1.68148	  0.656281	  1.3092e-05	  8.65929e-07	  744	  7.50429e-08
355	  1.68148	  0.718743	  1.3092e-05	  1.09393e-06	  744	  9.48016e-08
356	  1.68148	  0.781255	  1.3092e-05	  1.1538e-06	  696	  1.01425e-07
357	  1.68148	  0.843774	  1.3092e-05	  1.26591e-06	  708	  1.10871e-07
358	  1.68148	  0.90628	  1.3092e-05	  1.41155e-06	  696	  1.24082e-07
359	  1.68148	  0.968758	  1.3092e-05	  1.50949e-06	  741	  1.30927e-07
360	  1.94819	  0.030936	  9.22078e-06	  3.94711e-07	  1368	  3.04073e-08
361	  1.94819	  0.0938307	  9.22078e-06	  3.91709e-07	  924	  3.24717e-08
362	  1.94819	  0.156319	  9.22078e-06	  4.25172e-07	  972	  3.4896e-08
363	  1.94819	  0.218712	  9.22078e-06	  4.40827e-07	  972	  3.61809e-08
364	  1.94819	  0.281224	  9.22078e-06	  4.05636e-07	  1200	  3.19915e-08
365	  1.94819	  0.343807	  9.22078e-06	  4.34996e-07	  1140	  3.46333e-08
366	  1.94819	  0.406302	  9.22078e-06	  4.75257e-07	  1080	  3.82244e-08
367	  1.94819	  0.468745	  9.22078e-06	  5.31797e-07	  1068	  4.28626e-08
368	  1.94819	  0.531226	  9.22078e-06	  5.14312e-07	  1164	  4.07903e-08
369	  1.94819	  0.593785	  9.22078e-06	  6.08764e-07	  1188	  4.81002e-08
370	  1.94819	  0.656281	  9.22078e-06	  6.26371e-07	  1068	  5.04852e-08
371	  1.94819	  0.718743	  9.22078e-06	  6.51543e-07	  1008	  5.30988e-08
372	  1.94819	  0.781255	  9.22078e-06	  7.58799e-07	  1164	  6.01808e-08
373	  1.94819	  0.843774	  9.22078e-06	  7.892e-07	  1176	  6.24736e-08
374	  1.94819	  0.90628	  9.22078e-06	  8.79177e-07	  1080	  7.07113e-08
375	  1.94819	  0.968758	  9.22078e-06	  9.39419e-07	  1038	  7.61291e-08
376	  2.25604	  0.030936	  6.48115e-06	  2.91437e-07	  1896	  2.12649e-08
377	  2.25604	  0.0938307	  6.48115e-06	  2.92913e-07	  1272	  2.28585e-08
378	  2.25604	  0.156319	  6.48115e-06	  2.85806e-07	  2040	  2.06181e-08
379	  2.25604	  0.218712	  6.48115e-06	  3.04313e-07	  1740	  2.2511e-08
380	  2.25604	  0.281224	  6.48115e-06	  3.08802e-07	  1584	  2.3199e-08
381	  2.25604	  0.343807	  6.48115e-06	  3.15691e-07	  1764	  2.3301e-08
382	  2.25604	  0.406302	  6.48115e-06	  3.29362e-07	  1632	  2.4621e-08
383	  2.25604	  0.468745	  6.48115e-06	  3.55222e-07	  1860	  2.59976e-08
384	  2.25604	  0.531226	  6.48115e-06	  3.802e-07	  1560	  2.86361e-08
385	  2.25604	  0.593785	  6.48115e-06	  3.97711e-07	  1692	  2.95542e-08
386	  2.25604	  0.656281	  6.48115e-06	  4.43322e-07	  1704	  3.29056e-08
387	  2.25604	  0.718743	  6.48115e-06	  4.60623e-07	  1824	  3.38165e-08
388	  2.25604	  0.781255	  6.48115e-06	  4.99777e-07	  1668	  3.7226e-08
389	  2.25604	  0.843774	  6.48115e-06	  5.33627e-07	  1680	  3.97005e-08
390	  2.25604	  0.90628	  6.48115e-06	  5.82813e-07	  1776	  4.29702e-08
391	  2.25604	  0.968758	  6.48115e-06	  6.03464e-07	  1656	  4.50025e-08
392	  2.61216	  0.030936	  4.54319e-06	  2.15394e-07	  2586	  1.50054e-08
393	  2.61216	  0.0938307	  4.54319e-06	  2.0918e-07	  3036	  1.42554e-08
394	  2.61216	  0.156319	  4.54319e-06	  2.19905e-07	  2124	  1.57668e-08
395	  2.61216	  0.218712	  4.54319e-06	  2.13046e-07	  2940	  1.45815e-08
396	  2.61216	  0.281224	  4.54319e-06	  2.25281e-07	  2616	  1.56686e-08
397	  2.61216	  0.343807	  4.54319e-06	  2.32819e-07	  2448	  1.63465e-08
398	  2.61216	  0.406302	  4.54319e-06	  2.40608e-07	  2916	  1.64861e-08
399	  2.61216	  0.468745	  4.54319e-06	  2.50367e-07	  2544	  1.74822e-08
400	  2.61216	  0.531226	  4.54319e-06	  2.63558e-07	  2652	  1.82958e-08
401	  2.61216	  0.593785	  4.54319e-06	  2.73092e-07	  2748	  1.88641e-08
402	  2.61216	  0.656281	  4.54319e-06	  3.04662e-07	  2676	  2.11225e-08
403	  2.61216	  0.718743	  4.54319e-06	  2.9847e-07	  2472	  2.09266e-08
404	  2.61216	  0.781255	  4.54319e-06	  3.22968e-07	  2616	  2.2463e-08
405	  2.61216	  0.843774	  4.54319e-06	  3.34998e-07	  2736	  2.31544e-08
406	  2.61216	  0.90628	  4.54319e-06	  3.55106e-07	  2568	  2.47627e-08
407	  2.61216	  0.968758	  4.54319e-06	  3.6065e-07	  2745	  2.49161e-08
408	  3.02645	  0.030936	  3.16893e-06	  1.56252e-07	  3414	  1.04868e-08
409	  3.02645	  0.0938307	  3.16893e-06	  1.52965e-07	  4512	  9.9255e-09
410	  3.02645	  0.156319	  3.16893e-06	  1.4985e-07	  4632	  9.69428e-09
411	  3.02645	  0.218712	  3.16893e-06	  1.50326e-07	  3972	  9.90151e-09
412	  3.02645	  0.281224	  3.16893e-06	  1.56306e-07	  4176	  1.02341e-08
413	  3.02645	  0.343807	  3.16893e-06	  1.61216e-07	  4344	  1.05068e-08
414	  3.02645	  0.406302	  3.16893e-06	  1.68768e-07	  4044	  1.10923e-08
415	  3.02645	  0.468745	  3.16893e-06	  1.75531e-07	  4092	  1.15206e-08
416	  3.02645	  0.531226	  3.16893e-06	  1.90639e-07	  4296	  1.24405e-08
417	  3.02645	  0.593785	  3.16893e-06	  1.91207e-07	  3996	  1.25851e-08
418	  3.02645	  0.656281	  3.16893e-06	  1.98687e-07	  4188	  1.30045e-08
419	  3.02645	  0.718743	  3.16893e-06	  2.11578e-07	  4212	  1.3839e-08
420	  3.02645	  0.781255	  3.16893e-06	  2.1082e-07	  4140	  1.38175e-08
421	  3.02645	  0.843774	  3.16893e-06	  2.15677e-07	  4128	  1.41407e-08
422	  3.02645	  0.90628	  3.16893e-06	  2.22822e-07	  4188	  1.45842e-08
423	  3.02645	  0.968758	  3.16893e-06	  2.20413e-07	  4128	  1.44512e-08
424	  3.50419	  0.030936	  2.20839e-06	  1.09845e-07	  7002	  6.80494e-09
425	  3.50419	  0.0938307	  2.20839e-06	  1.11018e-07	  6240	  6.95631e-09
426	  3.50419	  0.156319	  2.20839e-06	  1.05475e-07	  5964	  6.63955e-09
427	  3.50419	  0.218712	  2.20839e-06	  1.09284e-07	  6180	  6.85433e-09
428	  3.50419	  0.281224	  2.20839e-06	  1.12214e-07	  6420	  7.0112e-09
429	  3.50419	  0.343807	  2.20839e-06	  1.14869e-07	  6516	  7.16649e-09
430	  3.50419	  0.406302	  2.20839e-06	  1.17377e-07	  6312	  7.34623e-09
431	  3.50419	  0.468745	  2.20839e-06	  1.27312e-07	  6276	  7.97261e-09
432	  3.50419	  0.531226	  2.20839e-06	  1.24262e-07	  6360	  7.77123e-09
433	  3.50419	  0.593785	  2.20839e-06	  1.26741e-07	  6408	  7.92033e-09
434	  3.50419	  0.656281	  2.20839e-06	  1.37075e-07	  6360	  8.57258e-09
435	  3.50419	  0.718743	  2.20839e-06	  1.34587e-07	  6336	  8.42014e-09
436	  3.50419	  0.781255	  2.20839e-06	  1.33138e-07	  6372	  8.32477e-09
437	  3.50419	  0.843774	  2.20839e-06	  1.37933e-07	  6456	  8.61333e-09
438	  3.50419	  0.90628	  2.20839e-06	  1.3289e-07	  6360	  8.31083e-09
439	  3.50419	  0.968758	  2.20839e-06	  1.29338e-07	  6327	  8.09293e-09
440	  4.05763	  0.030936	  1.53462e-06	  7.81446e-08	  10392	  4.6738e-09
441	  4.05763	  0.0938307	  1.53462e-06	  7.53748e-08	  9420	  4.54535e-09
442	  4.05763	  0.156319	  1.53462e-06	  7.77856e-08	  10176	  4.66038e-09
443	  4.05763	  0.218712	  1.53462e-06	  7.82343e-08	  10260	  4.68408e-09
444	  4.05763	  0.281224	  1.53462e-06	  7.56476e-08	  9528	  4.55737e-09
445	  4.05763	  0.343807	  1.53462e-06	  7.79101e-08	  10140	  4.66921e-09
446	  4.05763	  0.406302	  1.53462e-06	  8.17737e-08	  9960	  4.90806e-09
447	  4.05763	  0.468745	  1.53462e-06	  8.18487e-08	  10068	  4.90815e-09
448	  4.05763	  0.531226	  1.53462e-06	  8.52625e-08	  9996	  5.11592e-09
449	  4.05763	  0.593785	  1.53462e-06	  8.36498e-08	  9828	  5.02628e-09
450	  4.05763	  0.656281	  1.53462e-06	  8.4315e-08	  10032	  5.05755e-09
451	  4.05763	  0.718743	  1.53462e-06	  8.3656e-08	  9924	  5.02255e-09
452	  4.05763	  0.781255	  1.53462e-06	  8.06801e-08	  10116	  4.83617e-09
453	  4.05763	  0.843774	  1.53462e-06	  8.00938e-08	  9888	  4.81015e-09
454	  4.05763	  0.90628	  1.53462e-06	  7.93915e-08	  10008	  4.76318e-09
455	  4.05763	  0.968758	  1.53462e-06	  7.26152e-08	  9978	  4.35771e-09
456	  4.69917	  0.030936	  1.06291e-06	  5.47445e-08	  13626	  3.2062e-09
457	  4.69917	  0.0938307	  1.06291e-06	  5.48572e-08	  16392	  3.17132e-09
458	  4.69917	  0.156319	  1.06291e-06	  5.41633e-08	  15708	  3.14032e-09
459	  4.69917	  0.218712	  1.06291e-06	  5.32827e-08	  15432	  3.09305e-09
460	  4.69917	  0.281224	  1.06291e-06	  5.3158e-08	  15780	  3.08107e-09
461	  4.69917	  0.343807	  1.06291e-06	  5.38983e-08	  15300	  3.13066e-09
462	  4.69917	  0.406302	  1.06291e-06	  5.37017e-08	  15588	  3.11521e-09
463	  4.69917	  0.468745	  1.06291e-06	  5.43944e-08	  15396	  3.1581e-09
464	  4.69917	  0.531226	  1.06291e-06	  5.43644e-08	  15504	  3.15483e-09
465	  4.69917	  0.593785	  1.06291e-06	  5.30844e-08	  15660	  3.07842e-09
466	  4.69917	  0.656281	  1.06291e-06	  5.1812e-08	  15192	  3.01096e-09
467	  4.69917	  0.718743	  1.06291e-06	  5.08464e-08	  15600	  2.94942e-09
468	  4.69917	  0.781255	  1.06291e-06	  4.95884e-08	  15216	  2.88142e-09
469	  4.69917	  0.843774	  1.06291e-06	  4.71137e-08	  15516	  2.73391e-09
470	  4.69917	  0.90628	  1.06291e-06	  4.32822e-08	  15540	  2.51131e-09
471	  4.69917	  0.968758	  1.06291e-06	  4.09218e-08	  15405	  2.3758e-09
472	  5.4432	  0.030936	  7.34335e-07	  3.87735e-08	  26250	  2.17799e-09
473	  5.4432	  0.0938307	  7.34335e-07	  3.82226e-08	  22392	  2.16656e-09
474	  5.4432	  0.156319	  7.34335e-07	  3.77161e-08	  24516	  2.12669e-09
475	  5.4432	  0.218712	  7.34335e-07	  3.66513e-08	  23592	  2.07119e-09
476	  5.4432	  0.281224	  7.34335e-07	  3.66725e-08	  24264	  2.06905e-09
477	  5.4432	  0.343807	  7.34335e-07	  3.63047e-08	  23928	  2.04993e-09
478	  5.4432	  0.406302	  7.34335e-07	  3.53308e-08	  24120	  1.99403e-09
479	  5.4432	  0.468745	  7.34335e-07	  3.41835e-08	  23964	  1.92999e-09
480	  5.4432	  0.531226	  7.34335e-07	  3.37194e-08	  24060	  1.90335e-09
481	  5.4432	  0.593785	  7.34335e-07	  3.28027e-08	  24108	  1.8514e-09
482	  5.4432	  0.656281	  7.34335e-07	  3.13376e-08	  24228	  1.76821e-09
483	  5.4432	  0.718743	  7.34335e-07	  2.98781e-08	  24144	  1.68619e-09
484	  5.4432	  0.781255	  7.34335e-07	  2.7583e-08	  23940	  1.55742e-09
485	  5.4432	  0.843774	  7.34335e-07	  2.51048e-08	  24192	  1.41665e-09
486	  5.4432	  0.90628	  7.34335e-07	  2.36392e-08	  23988	  1.33459e-09
487	  5.4432	  0.968758	  7.34335e-07	  2.13313e-08	  24141	  1.20386e-09
488	  6.30378	  0.030936	  5.06487e-07	  2.69579e-08	  35082	  1.49182e-09
489	  6.30378	  0.0938307	  5.06487e-07	  2.62498e-08	  39108	  1.44523e-09
490	  6.30378	  0.156319	  5.06487e-07	  2.57843e-08	  36924	  1.4234e-09
491	  6.30378	  0.218712	  5.06487e-07	  2.50478e-08	  37692	  1.38141e-09
492	  6.30378	  0.281224	  5.06487e-07	  2.39271e-08	  37092	  1.32059e-09
493	  6.30378	  0.343807	  5.06487e-07	  2.35303e-08	  37536	  1.29797e-09
494	  6.30378	  0.406302	  5.06487e-07	  2.27923e-08	  36984	  1.25813e-09
495	  6.30378	  0.468745	  5.06487e-07	  2.1537e-08	  37428	  1.18817e-09
496	  6.30378	  0.531226	  5.06487e-07	  2.04054e-08	  37392	  1.1258e-09
497	  6.30378	  0.593785	  5.06487e-07	  1.91542e-08	  37200	  1.05702e-09
498	  6.30378	  0.656281	  5.06487e-07	  1.76602e-08	  36924	  9.74913e-10
499	  6.30378	  0.718743	  5.06487e-07	  1.63572e-08	  37272	  9.02587e-10
500	  6.30378	  0.781255	  5.06487e-07	  1.46992e-08	  37284	  8.11084e-10
501	  6.30378	  0.843774	  5.06487e-07	  1.32647e-08	  37188	  7.32019e-10
502	  6.30378	  0.90628	  5.06487e-07	  1.19163e-08	  37320	  6.575e-10
503	  6.30378	  0.968758	  5.06487e-07	  1.05885e-08	  37119	  5.84386e-10
504	  7.30029	  0.030936	  3.48469e-07	  1.82305e-08	  60258	  9.85788e-10
505	  7.30029	  0.0938307	  3.48469e-07	  1.79137e-08	  56916	  9.70774e-10
506	  7.30029	  0.156319	  3.48469e-07	  1.72985e-08	  56820	  9.37496e-10
507	  7.30029	  0.218712	  3.48469e-07	  1.65954e-08	  58716	  8.98256e-10
508	  7.30029	  0.281224	  3.48469e-07	  1.57988e-08	  57840	  8.55631e-10
509	  7.30029	  0.343807	  3.48469e-07	  1.47286e-08	  57612	  7.97794e-10
510	  7.30029	  0.406302	  3.48469e-07	  1.38884e-08	  58464	  7.51861e-10
511	  7.30029	  0.468745	  3.48469e-07	  1.286e-08	  57948	  6.96421e-10
512	  7.30029	  0.531226	  3.48469e-07	  1.18356e-08	  57708	  6.41048e-10
513	  7.30029	  0.593785	  3.48469e-07	  1.05617e-08	  58236	  5.71852e-10
514	  7.30029	  0.656281	  3.48469e-07	  9.48913e-09	  58008	  5.13855e-10
515	  7.30029	  0.718743	  3.48469e-07	  8.44601e-09	  58200	  4.5731e-10
516	  7.30029	  0.781255	  3.48469e-07	  7.35291e-09	  58128	  3.98143e-10
517	  7.30029	  0.843774	  3.48469e-07	  6.43769e-09	  57972	  3.48622e-10
518	  7.30029	  0.90628	  3.48469e-07	  5.68944e-09	  57960	  3.08104e-10
519	  7.30029	  0.968758	  3.48469e-07	  5.19065e-09	  58122	  2.81063e-10
520	  8.455	  0.030936	  2.39328e-07	  1.21401e-08	  90198	  6.47426e-10
521	  8.455	  0.0938307	  2.39328e-07	  1.19588e-08	  89292	  6.37958e-10
522	  8.455	  0.156319	  2.39328e-07	  1.15122e-08	  90804	  6.13814e-10
523	  8.455	  0.218712	  2.39328e-07	  1.07297e-08	  89628	  5.72327e-10
524	  8.455	  0.281224	  2.39328e-07	  9.95466e-09	  89844	  5.30944e-10
525	  8.455	  0.343807	  2.39328e-07	  9.0711e-09	  90636	  4.83686e-10
526	  8.455	  0.406302	  2.39328e-07	  8.1924e-09	  89628	  4.36985e-10
527	  8.455	  0.468745	  2.39328e-07	  7.25971e-09	  89772	  3.87215e-10
528	  8.455	  0.531226	  2.39328e-07	  6.44397e-09	  90324	  3.4364e-10
529	  8.455	  0.593785	  2.39328e-07	  5.51718e-09	  89784	  2.94272e-10
530	  8.455	  0.656281	  2.39328e-07	  4.75034e-09	  90216	  2.53333e-10
531	  8.455	  0.718743	  2.39328e-07	  4.09727e-09	  89796	  2.18536e-10
532	  8.455	  0.781255	  2.39328e-07	  3.50237e-09	  90120	  1.86785e-10
533	  8.455	  0.843774	  2.39328e-07	  2.98568e-09	  90132	  1.59229e-10
534	  8.455	  0.90628	  2.39328e-07	  2.63424e-09	  89916	  1.40497e-10
535	  8.455	  0.968758	  2.39328e-07	  2.48683e-09	  89964	  1.32632e-10
536	  9.79129	  0.030936	  1.64041e-07	  8.08577e-09	  139068	  4.25971e-10
537	  9.79129	  0.0938307	  1.64041e-07	  7.91625e-09	  141180	  4.16881e-10
538	  9.79129	  0.156319	  1.64041e-07	  7.477e-09	  139380	  3.93878e-10
539	  9.79129	  0.218712	  1.64041e-07	  6.85091e-09	  138804	  3.60934e-10
540	  9.79129	  0.281224	  1.64041e-07	  6.1315e-09	  140952	  3.22907e-10
541	  9.79129	  0.343807	  1.64041e-07	  5.34104e-09	  139668	  2.81344e-10
542	  9.79129	  0.406302	  1.64041e-07	  4.58307e-09	  139464	  2.41426e-10
543	  9.79129	  0.468745	  1.64041e-07	  3.90526e-09	  139812	  2.05707e-10
544	  9.79129	  0.531226	  1.64041e-07	  3.27556e-09	  139884	  1.72536e-10
545	  9.79129	  0.593785	  1.64041e-07	  2.74467e-09	  140184	  1.44564e-10
546	  9.79129	  0.656281	  1.64041e-07	  2.28933e-09	  139404	  1.20598e-10
547	  9.79129	  0.718743	  1.64041e-07	  1.91098e-09	  139932	  1.00658e-10
548	  9.79129	  0.781255	  1.64041e-07	  1.59459e-09	  139980	  8.39913e-11
549	  9.79129	  0.843774	  1.64041e-07	  1.33361e-09	  139632	  7.02493e-11
550	  9.79129	  0.90628	  1.64041e-07	  1.14775e-09	  140088	  6.04538e-11
551	  9.79129	  0.968758	  1.64041e-07	  1.05072e-09	  139623	  5.53479e-11
