#n	   k	      mu	    PL	    Pf	     w	     err  
0	  0.10472	  1	  0.00225964	  0.000190547	  3	  0.00011954
1	  0.20944	  1	  0.000802648	  5.86923e-05	  3	  3.68206e-05
2	  0.314159	  1	  0.00037596	  4.97129e-05	  3	  3.11874e-05
3	  0.418879	  1	  0.000210709	  9.57046e-06	  3	  6.00403e-06
4	  0.523599	  1	  0.000133209	  3.6467e-06	  3	  2.28776e-06
5	  0.628319	  1	  9.02603e-05	  2.01897e-05	  3	  1.2666e-05
6	  0.733038	  1	  6.45299e-05	  5.73273e-06	  3	  3.59643e-06
7	  0.837758	  1	  4.80334e-05	  4.3854e-06	  3	  2.75118e-06
8	  0.942478	  1	  3.68853e-05	  1.42791e-06	  3	  8.958e-07
9	  0.10472	  0	  0.00225964	  4.23309e-05	  6	  1.9398e-05
10	  0.148096	  0.707107	  0.00143696	  5.32559e-05	  12	  1.80364e-05
11	  0.23416	  0.894427	  0.000635806	  5.52935e-05	  12	  1.87265e-05
12	  0.331153	  0.948683	  0.000340464	  2.42441e-05	  12	  8.21089e-06
13	  0.431771	  0.970143	  0.000198294	  1.37159e-05	  12	  4.64522e-06
14	  0.533968	  0.980581	  0.000127767	  7.90952e-06	  12	  2.67876e-06
15	  0.636985	  0.986394	  8.76137e-05	  6.6853e-06	  12	  2.26414e-06
16	  0.74048	  0.989949	  6.31338e-05	  6.68586e-06	  12	  2.26433e-06
17	  0.844278	  0.992278	  4.7198e-05	  4.12333e-06	  12	  1.39647e-06
18	  0.948278	  0.993884	  3.63718e-05	  3.69019e-06	  12	  1.24977e-06
19	  0.148096	  0	  0.00143696	  2.3304e-05	  6	  1.0679e-05
20	  0.18138	  0.57735	  0.00101943	  2.72703e-05	  12	  9.23577e-06
21	  0.25651	  0.816497	  0.000559577	  2.97858e-05	  12	  1.00877e-05
22	  0.347316	  0.904534	  0.000306666	  1.69024e-05	  12	  5.72442e-06
23	  0.444288	  0.942809	  0.000187456	  8.98144e-06	  12	  3.04179e-06
24	  0.54414	  0.96225	  0.000122694	  1.19184e-05	  12	  4.03648e-06
25	  0.645536	  0.973329	  8.51493e-05	  5.50557e-06	  12	  1.8646e-06
26	  0.747849	  0.980196	  6.17534e-05	  5.28919e-06	  12	  1.79132e-06
27	  0.850747	  0.984732	  4.64135e-05	  4.36718e-06	  12	  1.47905e-06
28	  0.954042	  0.987878	  3.58781e-05	  2.45883e-06	  12	  8.32744e-07
29	  0.20944	  0	  0.000802648	  1.51134e-05	  6	  6.9257e-06
30	  0.23416	  0.447214	  0.000635806	  2.07385e-05	  12	  7.02361e-06
31	  0.296192	  0.707107	  0.000414022	  2.33752e-05	  12	  7.9166e-06
32	  0.377572	  0.83205	  0.000260936	  1.60674e-05	  12	  5.44164e-06
33	  0.468321	  0.894427	  0.000168188	  1.16526e-05	  12	  3.94645e-06
34	  0.563933	  0.928477	  0.000113728	  4.96253e-06	  12	  1.68069e-06
35	  0.662306	  0.948683	  8.05326e-05	  5.74631e-06	  12	  1.94613e-06
36	  0.762371	  0.961524	  5.91952e-05	  3.96403e-06	  12	  1.34252e-06
37	  0.863541	  0.970143	  4.48854e-05	  1.96902e-06	  12	  6.6686e-07
38	  0.965468	  0.976187	  3.49276e-05	  2.55014e-06	  12	  8.63668e-07
39	  0.23416	  0	  0.000635806	  1.41412e-05	  12	  4.78927e-06
40	  0.25651	  0.408248	  0.000559577	  1.32964e-05	  24	  3.37894e-06
41	  0.314159	  0.666667	  0.00037596	  1.67893e-05	  24	  4.26657e-06
42	  0.391825	  0.801784	  0.000242943	  1.24604e-05	  24	  3.16649e-06
43	  0.479886	  0.872872	  0.000159629	  1.46868e-05	  24	  3.73227e-06
44	  0.573574	  0.912871	  0.000109765	  6.34468e-06	  24	  1.61234e-06
45	  0.670534	  0.937043	  7.84236e-05	  5.06501e-06	  24	  1.28714e-06
46	  0.76953	  0.952579	  5.80019e-05	  4.55128e-06	  24	  1.15659e-06
47	  0.869868	  0.963087	  4.41651e-05	  3.82881e-06	  24	  9.72992e-07
48	  0.971131	  0.970495	  3.44619e-05	  2.59614e-06	  24	  6.59743e-07
49	  0.296192	  0	  0.000414022	  8.07297e-06	  6	  3.69943e-06
50	  0.314159	  0.333333	  0.00037596	  9.85249e-06	  12	  3.33679e-06
51	  0.36276	  0.57735	  0.000280692	  8.21676e-06	  12	  2.78281e-06
52	  0.431771	  0.727607	  0.000198294	  9.29947e-06	  12	  3.1495e-06
53	  0.51302	  0.816497	  0.000139008	  9.9413e-06	  12	  3.36687e-06
54	  0.601569	  0.870388	  9.91124e-05	  6.78481e-06	  12	  2.29785e-06
55	  0.694632	  0.904534	  7.26177e-05	  5.55484e-06	  12	  1.88129e-06
56	  0.790617	  0.927173	  5.46297e-05	  3.20025e-06	  12	  1.08385e-06
57	  0.888577	  0.942809	  4.21085e-05	  3.25687e-06	  12	  1.10302e-06
58	  0.987924	  0.953998	  3.31521e-05	  1.87448e-06	  12	  6.34839e-07
59	  0.314159	  0	  0.00037596	  1.03821e-05	  6	  4.75758e-06
60	  0.331153	  0.316228	  0.000340464	  8.19205e-06	  12	  2.77444e-06
61	  0.377572	  0.5547	  0.000260936	  1.05526e-05	  12	  3.5739e-06
62	  0.444288	  0.707107	  0.000187456	  5.77746e-06	  12	  1.95668e-06
63	  0.523599	  0.8	  0.000133209	  8.50664e-06	  12	  2.88099e-06
64	  0.610616	  0.857493	  9.59816e-05	  3.29835e-06	  12	  1.11707e-06
65	  0.702481	  0.894427	  7.0851e-05	  4.18167e-06	  12	  1.41623e-06
66	  0.797522	  0.919145	  5.3585e-05	  4.28379e-06	  12	  1.45081e-06
67	  0.894726	  0.936329	  4.14504e-05	  1.8933e-06	  12	  6.41214e-07
68	  0.993459	  0.948683	  3.27382e-05	  2.05876e-06	  12	  6.97251e-07
69	  0.331153	  0	  0.000340464	  6.65649e-06	  12	  2.25439e-06
70	  0.347316	  0.301511	  0.000306666	  6.25099e-06	  24	  1.58853e-06
71	  0.391825	  0.534522	  0.000242943	  6.8109e-06	  24	  1.73082e-06
72	  0.456463	  0.688247	  0.000177518	  9.71139e-06	  24	  2.4679e-06
73	  0.533968	  0.784465	  0.000127767	  4.7741e-06	  24	  1.21321e-06
74	  0.61953	  0.845154	  9.30468e-05	  4.56499e-06	  24	  1.16008e-06
75	  0.710244	  0.884652	  6.91796e-05	  5.12732e-06	  24	  1.30298e-06
76	  0.804368	  0.911322	  5.25828e-05	  3.96722e-06	  24	  1.00817e-06
77	  0.900833	  0.929981	  4.08315e-05	  2.89078e-06	  24	  7.34618e-07
78	  0.998963	  0.943456	  3.23351e-05	  2.26834e-06	  24	  5.7644e-07
79	  0.377572	  0	  0.000260936	  5.45191e-06	  12	  1.84643e-06
80	  0.391825	  0.267261	  0.000242943	  4.50269e-06	  24	  1.14424e-06
81	  0.431771	  0.485071	  0.000198294	  6.47571e-06	  24	  1.64564e-06
82	  0.491179	  0.639602	  0.000151991	  4.69906e-06	  24	  1.19414e-06
83	  0.563933	  0.742781	  0.000113728	  5.96081e-06	  24	  1.51479e-06
84	  0.645536	  0.811107	  8.51493e-05	  4.74637e-06	  24	  1.20617e-06
85	  0.733038	  0.857143	  6.45299e-05	  4.36956e-06	  24	  1.11041e-06
86	  0.824564	  0.889001	  4.97558e-05	  1.93325e-06	  24	  4.91287e-07
87	  0.918912	  0.911685	  3.90477e-05	  2.53356e-06	  24	  6.43838e-07
88	  0.418879	  0	  0.000210709	  1.7104e-06	  6	  7.83788e-07
89	  0.431771	  0.242536	  0.000198294	  3.33467e-06	  12	  1.12937e-06
90	  0.468321	  0.447214	  0.000168188	  4.99551e-06	  12	  1.69186e-06
91	  0.523599	  0.6	  0.000133209	  5.29547e-06	  12	  1.79344e-06
92	  0.592384	  0.707107	  0.000102468	  2.41561e-06	  12	  8.18106e-07
93	  0.670534	  0.780869	  7.84236e-05	  5.04767e-06	  12	  1.70952e-06
94	  0.755145	  0.83205	  6.04673e-05	  2.84925e-06	  12	  9.64971e-07
95	  0.844278	  0.868243	  4.7198e-05	  2.61449e-06	  12	  8.85462e-07
96	  0.936642	  0.894427	  3.7402e-05	  1.89453e-06	  12	  6.41629e-07
97	  0.431771	  0	  0.000198294	  3.1924e-06	  12	  1.08119e-06
98	  0.444288	  0.235702	  0.000187456	  1.86171e-06	  24	  4.73106e-07
99	  0.479886	  0.436436	  0.000159629	  6.00905e-06	  24	  1.52705e-06
100	  0.533968	  0.588348	  0.000127767	  3.06996e-06	  24	  7.8015e-07
101	  0.601569	  0.696311	  9.91124e-05	  2.63762e-06	  24	  6.70283e-07
102	  0.678662	  0.771517	  7.63847e-05	  3.18475e-06	  24	  8.09322e-07
103	  0.762371	  0.824163	  5.91952e-05	  4.16513e-06	  24	  1.05846e-06
104	  0.850747	  0.86164	  4.64135e-05	  3.45554e-06	  24	  8.78136e-07
105	  0.942478	  0.888889	  3.68853e-05	  2.99003e-06	  24	  7.5984e-07
106	  0.444288	  0	  0.000187456	  2.61356e-06	  6	  1.19766e-06
107	  0.456463	  0.229416	  0.000177518	  4.3526e-06	  12	  1.47412e-06
108	  0.491179	  0.426401	  0.000151991	  3.90087e-06	  12	  1.32113e-06
109	  0.54414	  0.57735	  0.000122694	  1.73245e-06	  12	  5.86738e-07
110	  0.610616	  0.685994	  9.59816e-05	  5.61067e-06	  12	  1.90019e-06
111	  0.686693	  0.762493	  7.446e-05	  3.3163e-06	  12	  1.12315e-06
112	  0.76953	  0.816497	  5.80019e-05	  2.48873e-06	  12	  8.42873e-07
113	  0.857168	  0.855186	  4.5635e-05	  1.83725e-06	  12	  6.2223e-07
114	  0.948278	  0.883452	  3.63718e-05	  1.65266e-06	  12	  5.59716e-07
115	  0.468321	  0	  0.000168188	  3.32315e-06	  12	  1.12547e-06
116	  0.479886	  0.218218	  0.000159629	  4.54477e-06	  24	  1.15494e-06
117	  0.51302	  0.408248	  0.000139008	  4.90683e-06	  24	  1.24694e-06
118	  0.563933	  0.557086	  0.000113728	  4.14449e-06	  24	  1.05321e-06
119	  0.628319	  0.666667	  9.02603e-05	  2.5797e-06	  24	  6.55564e-07
120	  0.702481	  0.745356	  7.0851e-05	  3.86711e-06	  24	  9.82727e-07
121	  0.783651	  0.801784	  5.57142e-05	  2.69173e-06	  24	  6.84033e-07
122	  0.869868	  0.842701	  4.41651e-05	  1.85468e-06	  24	  4.71319e-07
123	  0.959772	  0.872872	  3.54015e-05	  1.98458e-06	  24	  5.04331e-07
124	  0.523599	  0	  0.000133209	  2.48374e-06	  18	  7.0961e-07
125	  0.533968	  0.196116	  0.000127767	  2.14775e-06	  36	  4.65345e-07
126	  0.563933	  0.371391	  0.000113728	  2.27506e-06	  36	  4.92929e-07
127	  0.610616	  0.514496	  9.59816e-05	  2.58613e-06	  36	  5.60328e-07
128	  0.670534	  0.624695	  7.84236e-05	  2.81053e-06	  36	  6.08949e-07
129	  0.74048	  0.707107	  6.31338e-05	  2.62494e-06	  36	  5.68736e-07
130	  0.817887	  0.768221	  5.06725e-05	  2.54804e-06	  36	  5.52075e-07
131	  0.900833	  0.813733	  4.08315e-05	  2.58964e-06	  36	  5.61089e-07
132	  0.987924	  0.847998	  3.31521e-05	  1.82862e-06	  36	  3.96202e-07
133	  0.533968	  0	  0.000127767	  2.14134e-06	  12	  7.2522e-07
134	  0.54414	  0.19245	  0.000122694	  3.48175e-06	  24	  8.84797e-07
135	  0.573574	  0.365148	  0.000109765	  2.51758e-06	  24	  6.39777e-07
136	  0.61953	  0.507093	  9.30468e-05	  2.84973e-06	  24	  7.24185e-07
137	  0.678662	  0.617213	  7.63847e-05	  2.52673e-06	  24	  6.42102e-07
138	  0.747849	  0.70014	  6.17534e-05	  2.66473e-06	  24	  6.77173e-07
139	  0.824564	  0.762001	  4.97558e-05	  1.41984e-06	  24	  3.60817e-07
140	  0.9069	  0.80829	  4.02219e-05	  2.11899e-06	  24	  5.38486e-07
141	  0.993459	  0.843274	  3.27382e-05	  1.64534e-06	  24	  4.18121e-07
142	  0.563933	  0	  0.000113728	  1.11798e-06	  12	  3.78633e-07
143	  0.573574	  0.182574	  0.000109765	  2.0834e-06	  24	  5.29441e-07
144	  0.601569	  0.348155	  9.91124e-05	  2.1874e-06	  24	  5.55872e-07
145	  0.645536	  0.486664	  8.51493e-05	  2.77262e-06	  24	  7.04589e-07
146	  0.702481	  0.596285	  7.0851e-05	  2.59563e-06	  24	  6.59613e-07
147	  0.76953	  0.680414	  5.80019e-05	  1.58649e-06	  24	  4.03166e-07
148	  0.844278	  0.744208	  4.7198e-05	  2.28603e-06	  24	  5.80936e-07
149	  0.92486	  0.792594	  3.84868e-05	  1.90954e-06	  24	  4.8526e-07
150	  0.592384	  0	  0.000102468	  8.23961e-07	  6	  3.77579e-07
151	  0.601569	  0.174078	  9.91124e-05	  1.4257e-06	  12	  4.82849e-07
152	  0.628319	  0.333333	  9.02603e-05	  1.6617e-06	  12	  5.62775e-07
153	  0.670534	  0.468521	  7.84236e-05	  1.67727e-06	  12	  5.68049e-07
154	  0.72552	  0.57735	  6.60282e-05	  2.9482e-06	  12	  9.98482e-07
155	  0.790617	  0.662266	  5.46297e-05	  2.18428e-06	  12	  7.39761e-07
156	  0.863541	  0.727607	  4.48854e-05	  1.80759e-06	  12	  6.12185e-07
157	  0.942478	  0.777778	  3.68853e-05	  1.71061e-06	  12	  5.79343e-07
158	  0.610616	  0	  9.59816e-05	  1.32499e-06	  12	  4.48739e-07
159	  0.61953	  0.169031	  9.30468e-05	  1.70082e-06	  24	  4.3222e-07
160	  0.645536	  0.324443	  8.51493e-05	  2.1097e-06	  24	  5.36126e-07
161	  0.686693	  0.457496	  7.446e-05	  2.14019e-06	  24	  5.43874e-07
162	  0.74048	  0.565685	  6.31338e-05	  1.91117e-06	  24	  4.85674e-07
163	  0.804368	  0.650945	  5.25828e-05	  2.66428e-06	  24	  6.77058e-07
164	  0.876148	  0.717137	  4.345e-05	  2.41353e-06	  24	  6.13337e-07
165	  0.954042	  0.76835	  3.58781e-05	  1.86519e-06	  24	  4.73991e-07
166	  0.628319	  0	  9.02603e-05	  4.71094e-06	  6	  2.15878e-06
167	  0.636985	  0.164399	  8.76137e-05	  2.11101e-06	  12	  7.14948e-07
168	  0.662306	  0.316228	  8.05326e-05	  1.7623e-06	  12	  5.96847e-07
169	  0.702481	  0.447214	  7.0851e-05	  1.23152e-06	  12	  4.17084e-07
170	  0.755145	  0.5547	  6.04673e-05	  1.38293e-06	  12	  4.68364e-07
171	  0.817887	  0.640184	  5.06725e-05	  1.6727e-06	  12	  5.66503e-07
172	  0.888577	  0.707107	  4.21085e-05	  1.31305e-06	  12	  4.44699e-07
173	  0.965468	  0.759257	  3.49276e-05	  1.82461e-06	  12	  6.17951e-07
174	  0.636985	  0	  8.76137e-05	  2.05613e-06	  12	  6.96361e-07
175	  0.645536	  0.162221	  8.51493e-05	  1.1805e-06	  24	  2.99993e-07
176	  0.670534	  0.312348	  7.84236e-05	  1.52201e-06	  24	  3.86779e-07
177	  0.710244	  0.442326	  6.91796e-05	  1.9778e-06	  24	  5.02606e-07
178	  0.762371	  0.549442	  5.91952e-05	  2.37537e-06	  24	  6.03639e-07
179	  0.824564	  0.635001	  4.97558e-05	  1.36286e-06	  24	  3.46336e-07
180	  0.894726	  0.702247	  4.14504e-05	  1.52701e-06	  24	  3.8805e-07
181	  0.971131	  0.754829	  3.44619e-05	  1.83545e-06	  24	  4.66433e-07
182	  0.662306	  0	  8.05326e-05	  1.45334e-06	  12	  4.92211e-07
183	  0.670534	  0.156174	  7.84236e-05	  1.43479e-06	  24	  3.64615e-07
184	  0.694632	  0.301511	  7.26177e-05	  1.25341e-06	  24	  3.18521e-07
185	  0.733038	  0.428571	  6.45299e-05	  2.05114e-06	  24	  5.21245e-07
186	  0.783651	  0.534522	  5.57142e-05	  1.30676e-06	  24	  3.3208e-07
187	  0.844278	  0.620174	  4.7198e-05	  1.34937e-06	  24	  3.42906e-07
188	  0.912926	  0.688247	  3.96165e-05	  1.2982e-06	  24	  3.29903e-07
189	  0.987924	  0.741999	  3.31521e-05	  1.61226e-06	  24	  4.09715e-07
190	  0.670534	  0	  7.84236e-05	  1.79987e-06	  12	  6.09572e-07
191	  0.678662	  0.154303	  7.63847e-05	  1.26088e-06	  24	  3.20421e-07
192	  0.702481	  0.298142	  7.0851e-05	  1.75909e-06	  24	  4.47028e-07
193	  0.74048	  0.424264	  6.31338e-05	  1.56461e-06	  24	  3.97606e-07
194	  0.790617	  0.529813	  5.46297e-05	  1.54221e-06	  24	  3.91913e-07
195	  0.850747	  0.615457	  4.64135e-05	  1.23231e-06	  24	  3.13159e-07
196	  0.918912	  0.683763	  3.90477e-05	  1.74507e-06	  24	  4.43463e-07
197	  0.993459	  0.737865	  3.27382e-05	  1.5589e-06	  24	  3.96154e-07
198	  0.702481	  0	  7.0851e-05	  9.28426e-07	  12	  3.14435e-07
199	  0.710244	  0.147442	  6.91796e-05	  1.43957e-06	  24	  3.65829e-07
200	  0.733038	  0.285714	  6.45299e-05	  1.83813e-06	  24	  4.67112e-07
201	  0.76953	  0.408248	  5.80019e-05	  1.36439e-06	  24	  3.46724e-07
202	  0.817887	  0.512148	  5.06725e-05	  2.09424e-06	  24	  5.32197e-07
203	  0.876148	  0.597614	  4.345e-05	  1.58344e-06	  24	  4.0239e-07
204	  0.942478	  0.666667	  3.68853e-05	  1.59908e-06	  24	  4.06365e-07
205	  0.733038	  0	  6.45299e-05	  7.97188e-07	  6	  3.6531e-07
206	  0.74048	  0.141421	  6.31338e-05	  1.11939e-06	  12	  3.79109e-07
207	  0.762371	  0.274721	  5.91952e-05	  8.77536e-07	  12	  2.972e-07
208	  0.797522	  0.393919	  5.3585e-05	  1.5422e-06	  12	  5.22304e-07
209	  0.844278	  0.496139	  4.7198e-05	  1.60357e-06	  12	  5.4309e-07
210	  0.900833	  0.581238	  4.08315e-05	  1.87962e-06	  12	  6.3658e-07
211	  0.965468	  0.650791	  3.49276e-05	  1.42495e-06	  12	  4.82596e-07
212	  0.74048	  0	  6.31338e-05	  1.13122e-06	  18	  3.23192e-07
213	  0.747849	  0.140028	  6.17534e-05	  1.47457e-06	  36	  3.19491e-07
214	  0.76953	  0.272166	  5.80019e-05	  1.26854e-06	  36	  2.7485e-07
215	  0.804368	  0.390567	  5.25828e-05	  1.65113e-06	  36	  3.57744e-07
216	  0.850747	  0.492366	  4.64135e-05	  1.18365e-06	  36	  2.56457e-07
217	  0.9069	  0.57735	  4.02219e-05	  1.09318e-06	  36	  2.36856e-07
218	  0.971131	  0.646997	  3.44619e-05	  1.81325e-06	  36	  3.92871e-07
219	  0.755145	  0	  6.04673e-05	  8.87495e-07	  12	  3.00573e-07
220	  0.762371	  0.137361	  5.91952e-05	  1.37364e-06	  24	  3.49076e-07
221	  0.783651	  0.267261	  5.57142e-05	  1.13945e-06	  24	  2.89561e-07
222	  0.817887	  0.384111	  5.06725e-05	  1.51317e-06	  24	  3.84533e-07
223	  0.863541	  0.485071	  4.48854e-05	  9.92647e-07	  24	  2.52256e-07
224	  0.918912	  0.569803	  3.90477e-05	  1.12394e-06	  24	  2.8562e-07
225	  0.982358	  0.639602	  3.35862e-05	  1.21907e-06	  24	  3.09795e-07
226	  0.762371	  0	  5.91952e-05	  7.00798e-07	  12	  2.37343e-07
227	  0.76953	  0.136083	  5.80019e-05	  1.52406e-06	  24	  3.873e-07
228	  0.790617	  0.264906	  5.46297e-05	  1.06583e-06	  24	  2.70854e-07
229	  0.824564	  0.381	  4.97558e-05	  9.65562e-07	  24	  2.45373e-07
230	  0.869868	  0.481543	  4.41651e-05	  7.76655e-07	  24	  1.97367e-07
231	  0.92486	  0.566139	  3.84868e-05	  1.41581e-06	  24	  3.59792e-07
232	  0.987924	  0.635999	  3.31521e-05	  1.18724e-06	  24	  3.01706e-07
233	  0.797522	  0	  5.3585e-05	  1.28175e-06	  12	  4.34097e-07
234	  0.804368	  0.130189	  5.25828e-05	  1.2111e-06	  24	  3.07768e-07
235	  0.824564	  0.254	  4.97558e-05	  8.19392e-07	  24	  2.08227e-07
236	  0.857168	  0.366508	  4.5635e-05	  1.19384e-06	  24	  3.03383e-07
237	  0.900833	  0.464991	  4.08315e-05	  1.19448e-06	  24	  3.03546e-07
238	  0.954042	  0.548821	  3.58781e-05	  1.16037e-06	  24	  2.94879e-07
239	  0.817887	  0	  5.06725e-05	  9.36473e-07	  12	  3.1716e-07
240	  0.824564	  0.127	  4.97558e-05	  8.8661e-07	  24	  2.25309e-07
241	  0.844278	  0.248069	  4.7198e-05	  9.14032e-07	  24	  2.32278e-07
242	  0.876148	  0.358569	  4.345e-05	  1.16628e-06	  24	  2.96379e-07
243	  0.918912	  0.455842	  3.90477e-05	  8.7957e-07	  24	  2.2352e-07
244	  0.971131	  0.539164	  3.44619e-05	  1.29652e-06	  24	  3.29477e-07
245	  0.837758	  0	  4.80334e-05	  9.42788e-07	  6	  4.32031e-07
246	  0.844278	  0.124035	  4.7198e-05	  1.37892e-06	  12	  4.67006e-07
247	  0.863541	  0.242536	  4.48854e-05	  4.39863e-07	  12	  1.48971e-07
248	  0.894726	  0.351123	  4.14504e-05	  8.46819e-07	  12	  2.86797e-07
249	  0.936642	  0.447214	  3.7402e-05	  7.39204e-07	  12	  2.5035e-07
250	  0.987924	  0.529999	  3.31521e-05	  1.42141e-06	  12	  4.81397e-07
251	  0.844278	  0	  4.7198e-05	  1.16677e-06	  24	  2.96506e-07
252	  0.850747	  0.123091	  4.64135e-05	  9.21638e-07	  48	  1.79109e-07
253	  0.869868	  0.240772	  4.41651e-05	  9.09758e-07	  48	  1.768e-07
254	  0.900833	  0.348743	  4.08315e-05	  1.02541e-06	  48	  1.99276e-07
255	  0.942478	  0.444444	  3.68853e-05	  1.10548e-06	  48	  2.14836e-07
256	  0.993459	  0.527046	  3.27382e-05	  1.17074e-06	  48	  2.27519e-07
257	  0.863541	  0	  4.48854e-05	  4.60629e-07	  12	  1.56004e-07
258	  0.869868	  0.120386	  4.41651e-05	  8.53143e-07	  24	  2.16804e-07
259	  0.888577	  0.235702	  4.21085e-05	  9.08524e-07	  24	  2.30878e-07
260	  0.918912	  0.341882	  3.90477e-05	  8.54777e-07	  24	  2.17219e-07
261	  0.959772	  0.436436	  3.54015e-05	  1.02399e-06	  24	  2.6022e-07
262	  0.888577	  0	  4.21085e-05	  8.70347e-07	  6	  3.98835e-07
263	  0.894726	  0.117041	  4.14504e-05	  8.18783e-07	  12	  2.77302e-07
264	  0.912926	  0.229416	  3.96165e-05	  8.76017e-07	  12	  2.96685e-07
265	  0.942478	  0.333333	  3.68853e-05	  9.10117e-07	  12	  3.08234e-07
266	  0.982358	  0.426401	  3.35862e-05	  9.6076e-07	  12	  3.25385e-07
267	  0.894726	  0	  4.14504e-05	  6.7188e-07	  12	  2.27549e-07
268	  0.900833	  0.116248	  4.08315e-05	  8.79706e-07	  24	  2.23555e-07
269	  0.918912	  0.227921	  3.90477e-05	  8.08276e-07	  24	  2.05402e-07
270	  0.948278	  0.331295	  3.63718e-05	  9.81338e-07	  24	  2.49382e-07
271	  0.987924	  0.423999	  3.31521e-05	  7.33648e-07	  24	  1.86438e-07
272	  0.900833	  0	  4.08315e-05	  1.17029e-06	  12	  3.96348e-07
273	  0.9069	  0.11547	  4.02219e-05	  6.5001e-07	  24	  1.65183e-07
274	  0.92486	  0.226455	  3.84868e-05	  6.62767e-07	  24	  1.68425e-07
275	  0.954042	  0.329293	  3.58781e-05	  9.0046e-07	  24	  2.28829e-07
276	  0.993459	  0.421637	  3.27382e-05	  9.98299e-07	  24	  2.53692e-07
277	  0.936642	  0	  3.7402e-05	  5.07455e-07	  12	  1.71862e-07
278	  0.942478	  0.111111	  3.68853e-05	  8.34045e-07	  24	  2.11951e-07
279	  0.959772	  0.218218	  3.54015e-05	  6.42275e-07	  24	  1.63218e-07
280	  0.987924	  0.317999	  3.31521e-05	  5.95272e-07	  24	  1.51273e-07
281	  0.942478	  0	  3.68853e-05	  1.5954e-06	  6	  7.31089e-07
282	  0.948278	  0.110432	  3.63718e-05	  1.06597e-06	  12	  3.61018e-07
283	  0.965468	  0.21693	  3.49276e-05	  8.21625e-07	  12	  2.78264e-07
284	  0.993459	  0.316228	  3.27382e-05	  7.43382e-07	  12	  2.51765e-07
285	  0.948278	  0	  3.63718e-05	  9.83014e-07	  12	  3.32922e-07
286	  0.954042	  0.109764	  3.58781e-05	  5.79e-07	  24	  1.47138e-07
287	  0.971131	  0.215666	  3.44619e-05	  4.62024e-07	  24	  1.17411e-07
288	  0.998963	  0.314485	  3.23351e-05	  8.55614e-07	  24	  2.17432e-07
289	  0.965468	  0	  3.49276e-05	  6.44601e-07	  24	  1.63809e-07
290	  0.971131	  0.107833	  3.44619e-05	  7.36326e-07	  48	  1.43096e-07
291	  0.987924	  0.212	  3.31521e-05	  8.00333e-07	  48	  1.55535e-07
292	  0.987924	  0	  3.31521e-05	  6.60062e-07	  12	  2.23547e-07
293	  0.993459	  0.105409	  3.27382e-05	  7.97988e-07	  24	  2.02788e-07
294	  0.993459	  0	  3.27382e-05	  5.51314e-07	  12	  1.86717e-07
295	  0.998963	  0.104828	  3.23351e-05	  6.70936e-07	  24	  1.70501e-07
296	  1.08818	  0.030936	  2.66104e-05	  6.04303e-07	  138	  8.16568e-08
297	  1.08818	  0.0938307	  2.66104e-05	  5.34789e-07	  252	  6.04279e-08
298	  1.08818	  0.156319	  2.66104e-05	  4.98046e-07	  72	  8.35976e-08
299	  1.08818	  0.218712	  2.66104e-05	  5.43025e-07	  216	  6.40994e-08
300	  1.08818	  0.281224	  2.66104e-05	  6.49691e-07	  288	  7.07679e-08
301	  1.08818	  0.343807	  2.66104e-05	  5.54159e-07	  120	  7.82955e-08
302	  1.08818	  0.406302	  2.66104e-05	  8.4092e-07	  180	  1.04724e-07
303	  1.08818	  0.468745	  2.66104e-05	  8.68851e-07	  180	  1.08203e-07
304	  1.08818	  0.531226	  2.66104e-05	  8.92547e-07	  192	  1.09041e-07
305	  1.08818	  0.593785	  2.66104e-05	  1.1938e-06	  192	  1.45845e-07
306	  1.08818	  0.656281	  2.66104e-05	  1.08985e-06	  168	  1.38576e-07
307	  1.08818	  0.718743	  2.66104e-05	  1.25136e-06	  228	  1.45441e-07
308	  1.08818	  0.781255	  2.66104e-05	  1.57381e-06	  144	  2.09842e-07
309	  1.08818	  0.843774	  2.66104e-05	  1.42933e-06	  240	  1.6373e-07
310	  1.08818	  0.90628	  2.66104e-05	  2.09326e-06	  168	  2.66161e-07
311	  1.08818	  0.968758	  2.66104e-05	  1.79033e-06	  150	  2.35696e-07
312	  1.25577	  0.030936	  1.91393e-05	  4.48241e-07	  198	  5.42672e-08
313	  1.25577	  0.0938307	  1.91393e-05	  4.35225e-07	  396	  4.36321e-08
314	  1.25577	  0.156319	  1.91393e-05	  4.54819e-07	  396	  4.55964e-08
315	  1.25577	  0.218712	  1.91393e-05	  4.10195e-07	  204	  4.92292e-08
316	  1.25577	  0.281224	  1.91393e-05	  4.71056e-07	  216	  5.56042e-08
317	  1.25577	  0.343807	  1.91393e-05	  4.88076e-07	  372	  4.97094e-08
318	  1.25577	  0.406302	  1.91393e-05	  5.60127e-07	  312	  5.97173e-08
319	  1.25577	  0.468745	  1.91393e-05	  5.6485e-07	  288	  6.15266e-08
320	  1.25577	  0.531226	  1.91393e-05	  7.52106e-07	  264	  8.38942e-08
321	  1.25577	  0.593785	  1.91393e-05	  6.75404e-07	  312	  7.20074e-08
322	  1.25577	  0.656281	  1.91393e-05	  8.14022e-07	  276	  8.96995e-08
323	  1.25577	  0.718743	  1.91393e-05	  8.45887e-07	  312	  9.01833e-08
324	  1.25577	  0.781255	  1.91393e-05	  9.72518e-07	  276	  1.07165e-07
325	  1.25577	  0.843774	  1.91393e-05	  1.14853e-06	  240	  1.31563e-07
326	  1.25577	  0.90628	  1.91393e-05	  1.37999e-06	  324	  1.45666e-07
327	  1.25577	  0.968758	  1.91393e-05	  1.48559e-06	  315	  1.57983e-07
328	  1.45182	  0.030936	  1.3653e-05	  3.13002e-07	  246	  3.56064e-08
329	  1.45182	  0.0938307	  1.3653e-05	  2.82909e-07	  516	  2.65998e-08
330	  1.45182	  0.156319	  1.3653e-05	  3.27905e-07	  504	  3.10013e-08
331	  1.45182	  0.218712	  1.3653e-05	  3.16042e-07	  528	  2.95561e-08
332	  1.45182	  0.281224	  1.3653e-05	  3.22804e-07	  504	  3.0519e-08
333	  1.45182	  0.343807	  1.3653e-05	  3.59719e-07	  384	  3.63428e-08
334	  1.45182	  0.406302	  1.3653e-05	  4.49307e-07	  420	  4.43893e-08
335	  1.45182	  0.468745	  1.3653e-05	  3.9494e-07	  468	  3.80031e-08
336	  1.45182	  0.531226	  1.3653e-05	  4.25984e-07	  480	  4.07427e-08
337	  1.45182	  0.593785	  1.3653e-05	  4.93397e-07	  468	  4.74772e-08
338	  1.45182	  0.656281	  1.3653e-05	  5.51366e-07	  396	  5.52755e-08
339	  1.45182	  0.718743	  1.3653e-05	  5.59915e-07	  456	  5.42161e-08
340	  1.45182	  0.781255	  1.3653e-05	  6.96676e-07	  432	  6.83526e-08
341	  1.45182	  0.843774	  1.3653e-05	  7.91785e-07	  480	  7.57291e-08
342	  1.45182	  0.90628	  1.3653e-05	  9.23744e-07	  480	  8.83502e-08
343	  1.45182	  0.968758	  1.3653e-05	  9.47206e-07	  414	  9.3913e-08
344	  1.68148	  0.030936	  9.66366e-06	  2.04209e-07	  798	  1.74394e-08
345	  1.68148	  0.0938307	  9.66366e-06	  2.36232e-07	  708	  2.06898e-08
346	  1.68148	  0.156319	  9.66366e-06	  2.2309e-07	  684	  1.96846e-08
347	  1.68148	  0.218712	  9.66366e-06	  2.50257e-07	  720	  2.18394e-08
348	  1.68148	  0.281224	  9.66366e-06	  2.46014e-07	  708	  2.15465e-08
349	  1.68148	  0.343807	  9.66366e-06	  2.50482e-07	  720	  2.1859e-08
350	  1.68148	  0.406302	  9.66366e-06	  2.74083e-07	  672	  2.42771e-08
351	  1.68148	  0.468745	  9.66366e-06	  3.02141e-07	  732	  2.62745e-08
352	  1.68148	  0.531226	  9.66366e-06	  3.42368e-07	  672	  3.03256e-08
353	  1.68148	  0.593785	  9.66366e-06	  3.44455e-07	  708	  3.01681e-08
354	  1.68148	  0.656281	  9.66366e-06	  3.59646e-07	  744	  3.11675e-08
355	  1.68148	  0.718743	  9.66366e-06	  4.505e-07	  744	  3.90411e-08
356	  1.68148	  0.781255	  9.66366e-06	  4.76964e-07	  696	  4.19274e-08
357	  1.68148	  0.843774	  9.66366e-06	  5.28088e-07	  708	  4.62511e-08
358	  1.68148	  0.90628	  9.66366e-06	  6.14307e-07	  696	  5.40006e-08
359	  1.68148	  0.968758	  9.66366e-06	  6.75362e-07	  741	  5.85782e-08
360	  1.94819	  0.030936	  6.8062e-06	  1.65119e-07	  1368	  1.27203e-08
361	  1.94819	  0.0938307	  6.8062e-06	  1.6342e-07	  924	  1.35471e-08
362	  1.94819	  0.156319	  6.8062e-06	  1.77935e-07	  972	  1.4604e-08
363	  1.94819	  0.218712	  6.8062e-06	  1.7327e-07	  972	  1.42211e-08
364	  1.94819	  0.281224	  6.8062e-06	  1.72392e-07	  1200	  1.35961e-08
365	  1.94819	  0.343807	  6.8062e-06	  1.76885e-07	  1140	  1.40831e-08
366	  1.94819	  0.406302	  6.8062e-06	  1.9932e-07	  1080	  1.60311e-08
367	  1.94819	  0.468745	  6.8062e-06	  2.17969e-07	  1068	  1.75682e-08
368	  1.94819	  0.531226	  6.8062e-06	  2.23793e-07	  1164	  1.77491e-08
369	  1.94819	  0.593785	  6.8062e-06	  2.50334e-07	  1188	  1.97796e-08
370	  1.94819	  0.656281	  6.8062e-06	  2.59823e-07	  1068	  2.09416e-08
371	  1.94819	  0.718743	  6.8062e-06	  2.74642e-07	  1008	  2.23825e-08
372	  1.94819	  0.781255	  6.8062e-06	  3.39322e-07	  1164	  2.69118e-08
373	  1.94819	  0.843774	  6.8062e-06	  3.28447e-07	  1176	  2.6e-08
374	  1.94819	  0.90628	  6.8062e-06	  4.03197e-07	  1080	  3.24287e-08
375	  1.94819	  0.968758	  6.8062e-06	  4.34843e-07	  1038	  3.5239e-08
376	  2.25604	  0.030936	  4.78398e-06	  1.22066e-07	  1896	  8.90665e-09
377	  2.25604	  0.0938307	  4.78398e-06	  1.20063e-07	  1272	  9.36958e-09
378	  2.25604	  0.156319	  4.78398e-06	  1.17076e-07	  2040	  8.44592e-09
379	  2.25604	  0.218712	  4.78398e-06	  1.25156e-07	  1740	  9.25817e-09
380	  2.25604	  0.281224	  4.78398e-06	  1.30995e-07	  1584	  9.84116e-09
381	  2.25604	  0.343807	  4.78398e-06	  1.32758e-07	  1764	  9.7988e-09
382	  2.25604	  0.406302	  4.78398e-06	  1.39416e-07	  1632	  1.04218e-08
383	  2.25604	  0.468745	  4.78398e-06	  1.45609e-07	  1860	  1.06566e-08
384	  2.25604	  0.531226	  4.78398e-06	  1.54805e-07	  1560	  1.16597e-08
385	  2.25604	  0.593785	  4.78398e-06	  1.71072e-07	  1692	  1.27125e-08
386	  2.25604	  0.656281	  4.78398e-06	  1.89651e-07	  1704	  1.40769e-08
387	  2.25604	  0.718743	  4.78398e-06	  1.9843e-07	  1824	  1.45676e-08
388	  2.25604	  0.781255	  4.78398e-06	  2.15149e-07	  1668	  1.60254e-08
389	  2.25604	  0.843774	  4.78398e-06	  2.26697e-07	  1680	  1.68657e-08
390	  2.25604	  0.90628	  4.78398e-06	  2.58594e-07	  1776	  1.90659e-08
391	  2.25604	  0.968758	  4.78398e-06	  2.74267e-07	  1656	  2.04531e-08
392	  2.61216	  0.030936	  3.3535e-06	  8.74966e-08	  2586	  6.09542e-09
393	  2.61216	  0.0938307	  3.3535e-06	  8.79724e-08	  3036	  5.99522e-09
394	  2.61216	  0.156319	  3.3535e-06	  9.10256e-08	  2124	  6.52637e-09
395	  2.61216	  0.218712	  3.3535e-06	  8.9195e-08	  2940	  6.10475e-09
396	  2.61216	  0.281224	  3.3535e-06	  9.58408e-08	  2616	  6.66588e-09
397	  2.61216	  0.343807	  3.3535e-06	  9.37245e-08	  2448	  6.58052e-09
398	  2.61216	  0.406302	  3.3535e-06	  9.83007e-08	  2916	  6.73542e-09
399	  2.61216	  0.468745	  3.3535e-06	  1.0628e-07	  2544	  7.4211e-09
400	  2.61216	  0.531226	  3.3535e-06	  1.1189e-07	  2652	  7.7672e-09
401	  2.61216	  0.593785	  3.3535e-06	  1.13888e-07	  2748	  7.86693e-09
402	  2.61216	  0.656281	  3.3535e-06	  1.31157e-07	  2676	  9.09328e-09
403	  2.61216	  0.718743	  3.3535e-06	  1.28688e-07	  2472	  9.02266e-09
404	  2.61216	  0.781255	  3.3535e-06	  1.4296e-07	  2616	  9.94306e-09
405	  2.61216	  0.843774	  3.3535e-06	  1.51294e-07	  2736	  1.04571e-08
406	  2.61216	  0.90628	  3.3535e-06	  1.58404e-07	  2568	  1.1046e-08
407	  2.61216	  0.968758	  3.3535e-06	  1.696e-07	  2745	  1.17171e-08
408	  3.02645	  0.030936	  2.3391e-06	  6.69507e-08	  3414	  4.49338e-09
409	  3.02645	  0.0938307	  2.3391e-06	  6.57408e-08	  4512	  4.26574e-09
410	  3.02645	  0.156319	  2.3391e-06	  6.35782e-08	  4632	  4.11308e-09
411	  3.02645	  0.218712	  2.3391e-06	  6.41931e-08	  3972	  4.22821e-09
412	  3.02645	  0.281224	  2.3391e-06	  6.50269e-08	  4176	  4.25761e-09
413	  3.02645	  0.343807	  2.3391e-06	  6.8477e-08	  4344	  4.46282e-09
414	  3.02645	  0.406302	  2.3391e-06	  6.91339e-08	  4044	  4.54384e-09
415	  3.02645	  0.468745	  2.3391e-06	  7.45129e-08	  4092	  4.89047e-09
416	  3.02645	  0.531226	  2.3391e-06	  7.84753e-08	  4296	  5.12106e-09
417	  3.02645	  0.593785	  2.3391e-06	  8.0431e-08	  3996	  5.29391e-09
418	  3.02645	  0.656281	  2.3391e-06	  8.3927e-08	  4188	  5.49322e-09
419	  3.02645	  0.718743	  2.3391e-06	  9.02241e-08	  4212	  5.90141e-09
420	  3.02645	  0.781255	  2.3391e-06	  9.27453e-08	  4140	  6.07869e-09
421	  3.02645	  0.843774	  2.3391e-06	  9.65264e-08	  4128	  6.32869e-09
422	  3.02645	  0.90628	  2.3391e-06	  1.03148e-07	  4188	  6.75126e-09
423	  3.02645	  0.968758	  2.3391e-06	  1.01245e-07	  4128	  6.63808e-09
424	  3.50419	  0.030936	  1.63009e-06	  4.79776e-08	  7002	  2.97224e-09
425	  3.50419	  0.0938307	  1.63009e-06	  4.74177e-08	  6240	  2.97116e-09
426	  3.50419	  0.156319	  1.63009e-06	  4.66383e-08	  5964	  2.93583e-09
427	  3.50419	  0.218712	  1.63009e-06	  4.71342e-08	  6180	  2.95628e-09
428	  3.50419	  0.281224	  1.63009e-06	  4.75869e-08	  6420	  2.97325e-09
429	  3.50419	  0.343807	  1.63009e-06	  4.78562e-08	  6516	  2.98566e-09
430	  3.50419	  0.406302	  1.63009e-06	  4.93815e-08	  6312	  3.09063e-09
431	  3.50419	  0.468745	  1.63009e-06	  5.29084e-08	  6276	  3.31328e-09
432	  3.50419	  0.531226	  1.63009e-06	  5.18254e-08	  6360	  3.24112e-09
433	  3.50419	  0.593785	  1.63009e-06	  5.35277e-08	  6408	  3.34506e-09
434	  3.50419	  0.656281	  1.63009e-06	  5.63592e-08	  6360	  3.52466e-09
435	  3.50419	  0.718743	  1.63009e-06	  5.69426e-08	  6336	  3.5625e-09
436	  3.50419	  0.781255	  1.63009e-06	  5.7818e-08	  6372	  3.61521e-09
437	  3.50419	  0.843774	  1.63009e-06	  5.93715e-08	  6456	  3.70749e-09
438	  3.50419	  0.90628	  1.63009e-06	  5.80659e-08	  6360	  3.6314e-09
439	  3.50419	  0.968758	  1.63009e-06	  5.89871e-08	  6327	  3.69094e-09
440	  4.05763	  0.030936	  1.13276e-06	  3.51831e-08	  10392	  2.10429e-09
441	  4.05763	  0.0938307	  1.13276e-06	  3.31586e-08	  9420	  1.99957e-09
442	  4.05763	  0.156319	  1.13276e-06	  3.3658e-08	  10176	  2.01656e-09
443	  4.05763	  0.218712	  1.13276e-06	  3.40793e-08	  10260	  2.04041e-09
444	  4.05763	  0.281224	  1.13276e-06	  3.24148e-08	  9528	  1.95282e-09
445	  4.05763	  0.343807	  1.13276e-06	  3.35248e-08	  10140	  2.00917e-09
446	  4.05763	  0.406302	  1.13276e-06	  3.44444e-08	  9960	  2.06735e-09
447	  4.05763	  0.468745	  1.13276e-06	  3.35829e-08	  10068	  2.01384e-09
448	  4.05763	  0.531226	  1.13276e-06	  3.48031e-08	  9996	  2.08826e-09
449	  4.05763	  0.593785	  1.13276e-06	  3.51052e-08	  9828	  2.10937e-09
450	  4.05763	  0.656281	  1.13276e-06	  3.57594e-08	  10032	  2.14499e-09
451	  4.05763	  0.718743	  1.13276e-06	  3.53669e-08	  9924	  2.12337e-09
452	  4.05763	  0.781255	  1.13276e-06	  3.4694e-08	  10116	  2.07964e-09
453	  4.05763	  0.843774	  1.13276e-06	  3.46702e-08	  9888	  2.08217e-09
454	  4.05763	  0.90628	  1.13276e-06	  3.41745e-08	  10008	  2.05033e-09
455	  4.05763	  0.968758	  1.13276e-06	  3.32126e-08	  9978	  1.99312e-09
456	  4.69917	  0.030936	  7.84577e-07	  2.48632e-08	  13626	  1.45615e-09
457	  4.69917	  0.0938307	  7.84577e-07	  2.43315e-08	  16392	  1.40662e-09
458	  4.69917	  0.156319	  7.84577e-07	  2.40148e-08	  15708	  1.39235e-09
459	  4.69917	  0.218712	  7.84577e-07	  2.33277e-08	  15432	  1.35417e-09
460	  4.69917	  0.281224	  7.84577e-07	  2.31005e-08	  15780	  1.33892e-09
461	  4.69917	  0.343807	  7.84577e-07	  2.23808e-08	  15300	  1.29998e-09
462	  4.69917	  0.406302	  7.84577e-07	  2.29005e-08	  15588	  1.32845e-09
463	  4.69917	  0.468745	  7.84577e-07	  2.2173e-08	  15396	  1.28735e-09
464	  4.69917	  0.531226	  7.84577e-07	  2.25353e-08	  15504	  1.30775e-09
465	  4.69917	  0.593785	  7.84577e-07	  2.23999e-08	  15660	  1.29899e-09
466	  4.69917	  0.656281	  7.84577e-07	  2.14841e-08	  15192	  1.24851e-09
467	  4.69917	  0.718743	  7.84577e-07	  2.08538e-08	  15600	  1.20965e-09
468	  4.69917	  0.781255	  7.84577e-07	  2.05107e-08	  15216	  1.19181e-09
469	  4.69917	  0.843774	  7.84577e-07	  1.97153e-08	  15516	  1.14404e-09
470	  4.69917	  0.90628	  7.84577e-07	  1.84364e-08	  15540	  1.06971e-09
471	  4.69917	  0.968758	  7.84577e-07	  1.79528e-08	  15405	  1.04228e-09
472	  5.4432	  0.030936	  5.4204e-07	  1.78936e-08	  26250	  1.00512e-09
473	  5.4432	  0.0938307	  5.4204e-07	  1.73757e-08	  22392	  9.84904e-10
474	  5.4432	  0.156319	  5.4204e-07	  1.70488e-08	  24516	  9.61325e-10
475	  5.4432	  0.218712	  5.4204e-07	  1.64803e-08	  23592	  9.31313e-10
476	  5.4432	  0.281224	  5.4204e-07	  1.56787e-08	  24264	  8.84591e-10
477	  5.4432	  0.343807	  5.4204e-07	  1.53819e-08	  23928	  8.68536e-10
478	  5.4432	  0.406302	  5.4204e-07	  1.48695e-08	  24120	  8.39221e-10
479	  5.4432	  0.468745	  5.4204e-07	  1.42153e-08	  23964	  8.02591e-10
480	  5.4432	  0.531226	  5.4204e-07	  1.39668e-08	  24060	  7.88381e-10
481	  5.4432	  0.593785	  5.4204e-07	  1.3375e-08	  24108	  7.54889e-10
482	  5.4432	  0.656281	  5.4204e-07	  1.25956e-08	  24228	  7.10701e-10
483	  5.4432	  0.718743	  5.4204e-07	  1.20223e-08	  24144	  6.78486e-10
484	  5.4432	  0.781255	  5.4204e-07	  1.14082e-08	  23940	  6.44144e-10
485	  5.4432	  0.843774	  5.4204e-07	  1.04063e-08	  24192	  5.87218e-10
486	  5.4432	  0.90628	  5.4204e-07	  9.60785e-09	  23988	  5.42427e-10
487	  5.4432	  0.968758	  5.4204e-07	  8.92624e-09	  24141	  5.03762e-10
488	  6.30378	  0.030936	  3.73857e-07	  1.27886e-08	  35082	  7.07706e-10
489	  6.30378	  0.0938307	  3.73857e-07	  1.21182e-08	  39108	  6.67187e-10
490	  6.30378	  0.156319	  3.73857e-07	  1.17138e-08	  36924	  6.4665e-10
491	  6.30378	  0.218712	  3.73857e-07	  1.09843e-08	  37692	  6.05795e-10
492	  6.30378	  0.281224	  3.73857e-07	  1.04139e-08	  37092	  5.74768e-10
493	  6.30378	  0.343807	  3.73857e-07	  9.86962e-09	  37536	  5.44423e-10
494	  6.30378	  0.406302	  3.73857e-07	  9.3672e-09	  36984	  5.17068e-10
495	  6.30378	  0.468745	  3.73857e-07	  8.82726e-09	  37428	  4.8699e-10
496	  6.30378	  0.531226	  3.73857e-07	  8.22076e-09	  37392	  4.53551e-10
497	  6.30378	  0.593785	  3.73857e-07	  7.71259e-09	  37200	  4.25617e-10
498	  6.30378	  0.656281	  3.73857e-07	  7.02033e-09	  36924	  3.87551e-10
499	  6.30378	  0.718743	  3.73857e-07	  6.35335e-09	  37272	  3.50576e-10
500	  6.30378	  0.781255	  3.73857e-07	  5.79476e-09	  37284	  3.19748e-10
501	  6.30378	  0.843774	  3.73857e-07	  5.11696e-09	  37188	  2.82383e-10
502	  6.30378	  0.90628	  3.73857e-07	  4.55271e-09	  37320	  2.51202e-10
503	  6.30378	  0.968758	  3.73857e-07	  4.0113e-09	  37119	  2.21385e-10
504	  7.30029	  0.030936	  2.57218e-07	  8.7811e-09	  60258	  4.74827e-10
505	  7.30029	  0.0938307	  2.57218e-07	  8.37713e-09	  56916	  4.5397e-10
506	  7.30029	  0.156319	  2.57218e-07	  7.92476e-09	  56820	  4.29483e-10
507	  7.30029	  0.218712	  2.57218e-07	  7.32822e-09	  58716	  3.96654e-10
508	  7.30029	  0.281224	  2.57218e-07	  6.74203e-09	  57840	  3.65135e-10
509	  7.30029	  0.343807	  2.57218e-07	  6.16695e-09	  57612	  3.34041e-10
510	  7.30029	  0.406302	  2.57218e-07	  5.63336e-09	  58464	  3.04966e-10
511	  7.30029	  0.468745	  2.57218e-07	  5.03202e-09	  57948	  2.72505e-10
512	  7.30029	  0.531226	  2.57218e-07	  4.55368e-09	  57708	  2.4664e-10
513	  7.30029	  0.593785	  2.57218e-07	  4.02466e-09	  58236	  2.17911e-10
514	  7.30029	  0.656281	  2.57218e-07	  3.55095e-09	  58008	  1.92291e-10
515	  7.30029	  0.718743	  2.57218e-07	  3.09778e-09	  58200	  1.6773e-10
516	  7.30029	  0.781255	  2.57218e-07	  2.67594e-09	  58128	  1.44896e-10
517	  7.30029	  0.843774	  2.57218e-07	  2.29347e-09	  57972	  1.24199e-10
518	  7.30029	  0.90628	  2.57218e-07	  1.95992e-09	  57960	  1.06137e-10
519	  7.30029	  0.968758	  2.57218e-07	  1.63021e-09	  58122	  8.82724e-11
520	  8.455	  0.030936	  1.76657e-07	  5.98552e-09	  90198	  3.19206e-10
521	  8.455	  0.0938307	  1.76657e-07	  5.63374e-09	  89292	  3.0054e-10
522	  8.455	  0.156319	  1.76657e-07	  5.17771e-09	  90804	  2.76068e-10
523	  8.455	  0.218712	  1.76657e-07	  4.61069e-09	  89628	  2.45935e-10
524	  8.455	  0.281224	  1.76657e-07	  4.14434e-09	  89844	  2.21044e-10
525	  8.455	  0.343807	  1.76657e-07	  3.63139e-09	  90636	  1.93631e-10
526	  8.455	  0.406302	  1.76657e-07	  3.15827e-09	  89628	  1.68463e-10
527	  8.455	  0.468745	  1.76657e-07	  2.71683e-09	  89772	  1.44909e-10
528	  8.455	  0.531226	  1.76657e-07	  2.31243e-09	  90324	  1.23316e-10
529	  8.455	  0.593785	  1.76657e-07	  1.95062e-09	  89784	  1.04041e-10
530	  8.455	  0.656281	  1.76657e-07	  1.63411e-09	  90216	  8.7146e-11
531	  8.455	  0.718743	  1.76657e-07	  1.36455e-09	  89796	  7.2781e-11
532	  8.455	  0.781255	  1.76657e-07	  1.12415e-09	  90120	  5.99522e-11
533	  8.455	  0.843774	  1.76657e-07	  9.23835e-10	  90132	  4.92689e-11
534	  8.455	  0.90628	  1.76657e-07	  7.4682e-10	  89916	  3.98316e-11
535	  8.455	  0.968758	  1.76657e-07	  5.89906e-10	  89964	  3.1462e-11
536	  9.79129	  0.030936	  1.21085e-07	  3.94697e-09	  139068	  2.07933e-10
537	  9.79129	  0.0938307	  1.21085e-07	  3.63846e-09	  141180	  1.91606e-10
538	  9.79129	  0.156319	  1.21085e-07	  3.25237e-09	  139380	  1.7133e-10
539	  9.79129	  0.218712	  1.21085e-07	  2.80558e-09	  138804	  1.4781e-10
540	  9.79129	  0.281224	  1.21085e-07	  2.38027e-09	  140952	  1.25354e-10
541	  9.79129	  0.343807	  1.21085e-07	  1.96789e-09	  139668	  1.0366e-10
542	  9.79129	  0.406302	  1.21085e-07	  1.61309e-09	  139464	  8.49738e-11
543	  9.79129	  0.468745	  1.21085e-07	  1.31655e-09	  139812	  6.93486e-11
544	  9.79129	  0.531226	  1.21085e-07	  1.05206e-09	  139884	  5.54158e-11
545	  9.79129	  0.593785	  1.21085e-07	  8.48566e-10	  140184	  4.46947e-11
546	  9.79129	  0.656281	  1.21085e-07	  6.8219e-10	  139404	  3.59366e-11
547	  9.79129	  0.718743	  1.21085e-07	  5.38743e-10	  139932	  2.83773e-11
548	  9.79129	  0.781255	  1.21085e-07	  4.24697e-10	  139980	  2.237e-11
549	  9.79129	  0.843774	  1.21085e-07	  3.26758e-10	  139632	  1.72123e-11
550	  9.79129	  0.90628	  1.21085e-07	  2.53502e-10	  140088	  1.33524e-11
551	  9.79129	  0.968758	  1.21085e-07	  1.87986e-10	  139623	  9.90239e-12
