#n	   k	      mu	    PL	    Pf	     w	     err  
0	  0.0785398	  1	  0.00212628	  0.000406266	  3	  0.000254871
1	  0.15708	  1	  0.000717429	  0.000114672	  3	  7.19398e-05
2	  0.235619	  1	  0.000360187	  0.000100609	  3	  6.31171e-05
3	  0.314159	  1	  0.000214876	  1.92446e-05	  3	  1.20731e-05
4	  0.392699	  1	  0.000138219	  9.6624e-06	  3	  6.06171e-06
5	  0.471239	  1	  9.48394e-05	  4.49561e-05	  3	  2.82032e-05
6	  0.549779	  1	  6.86144e-05	  1.34215e-05	  3	  8.41996e-06
7	  0.628319	  1	  5.15874e-05	  1.00468e-05	  3	  6.30284e-06
8	  0.706858	  1	  3.99491e-05	  3.62914e-06	  3	  2.27674e-06
9	  0.0785398	  0	  0.00212628	  7.40519e-05	  6	  3.39342e-05
10	  0.111072	  0.707107	  0.00120941	  9.13324e-05	  12	  3.0932e-05
11	  0.17562	  0.894427	  0.000602043	  0.00011208	  12	  3.79587e-05
12	  0.248365	  0.948683	  0.000335836	  5.24638e-05	  12	  1.77682e-05
13	  0.323828	  0.970143	  0.000203617	  2.60652e-05	  12	  8.82763e-06
14	  0.400476	  0.980581	  0.000132628	  1.6679e-05	  12	  5.64876e-06
15	  0.477739	  0.986394	  9.21231e-05	  1.4941e-05	  12	  5.06015e-06
16	  0.55536	  0.989949	  6.71414e-05	  1.349e-05	  12	  4.56874e-06
17	  0.633208	  0.992278	  5.0734e-05	  9.24817e-06	  12	  3.13213e-06
18	  0.711208	  0.993884	  3.94221e-05	  7.94089e-06	  12	  2.68938e-06
19	  0.111072	  0	  0.00120941	  3.62247e-05	  6	  1.65999e-05
20	  0.136035	  0.57735	  0.000979254	  5.89175e-05	  12	  1.99539e-05
21	  0.192382	  0.816497	  0.000543438	  6.27749e-05	  12	  2.12603e-05
22	  0.260487	  0.904534	  0.000311167	  3.60761e-05	  12	  1.22181e-05
23	  0.333216	  0.942809	  0.000192008	  1.83855e-05	  12	  6.22672e-06
24	  0.408105	  0.96225	  0.000127344	  2.54785e-05	  12	  8.62895e-06
25	  0.484152	  0.973329	  8.95479e-05	  1.1537e-05	  12	  3.90728e-06
26	  0.560886	  0.980196	  6.57611e-05	  1.16584e-05	  12	  3.9484e-06
27	  0.63806	  0.984732	  4.98938e-05	  9.99427e-06	  12	  3.38481e-06
28	  0.715532	  0.987878	  3.88982e-05	  5.54421e-06	  12	  1.87768e-06
29	  0.15708	  0	  0.000717429	  2.43683e-05	  6	  1.11667e-05
30	  0.17562	  0.447214	  0.000602043	  3.77939e-05	  12	  1.27999e-05
31	  0.222144	  0.707107	  0.000399944	  4.41742e-05	  12	  1.49607e-05
32	  0.283179	  0.83205	  0.000258962	  3.29355e-05	  12	  1.11544e-05
33	  0.351241	  0.894427	  0.000171083	  2.55324e-05	  12	  8.64718e-06
34	  0.42295	  0.928477	  0.000118114	  8.86284e-06	  12	  3.00162e-06
35	  0.496729	  0.948683	  8.49071e-05	  1.19104e-05	  12	  4.03377e-06
36	  0.571778	  0.961524	  6.31524e-05	  7.28249e-06	  12	  2.4664e-06
37	  0.647656	  0.970143	  4.83181e-05	  4.4152e-06	  12	  1.49532e-06
38	  0.724101	  0.976187	  3.78993e-05	  5.49677e-06	  12	  1.86162e-06
39	  0.17562	  0	  0.000602043	  2.50149e-05	  12	  8.47191e-06
40	  0.192382	  0.408248	  0.000543438	  2.6307e-05	  24	  6.68525e-06
41	  0.235619	  0.666667	  0.000360187	  3.29412e-05	  24	  8.37116e-06
42	  0.293869	  0.801784	  0.000240002	  2.41114e-05	  24	  6.12729e-06
43	  0.359915	  0.872872	  0.000162888	  3.11687e-05	  24	  7.92071e-06
44	  0.43018	  0.912871	  0.000114154	  1.39067e-05	  24	  3.53403e-06
45	  0.5029	  0.937043	  8.27679e-05	  1.00321e-05	  24	  2.54941e-06
46	  0.577147	  0.952579	  6.19084e-05	  1.01791e-05	  24	  2.58677e-06
47	  0.652401	  0.963087	  4.75591e-05	  8.16559e-06	  24	  2.07507e-06
48	  0.728348	  0.970495	  3.74156e-05	  5.27521e-06	  24	  1.34056e-06
49	  0.222144	  0	  0.000399944	  1.41629e-05	  6	  6.49012e-06
50	  0.235619	  0.333333	  0.000360187	  1.83822e-05	  12	  6.22559e-06
51	  0.27207	  0.57735	  0.000283838	  1.73426e-05	  12	  5.87352e-06
52	  0.323828	  0.727607	  0.000203617	  1.97248e-05	  12	  6.68031e-06
53	  0.384765	  0.816497	  0.000143953	  2.08119e-05	  12	  7.04848e-06
54	  0.451177	  0.870388	  0.000103904	  1.32989e-05	  12	  4.504e-06
55	  0.520974	  0.904534	  7.69397e-05	  1.15435e-05	  12	  3.9095e-06
56	  0.592963	  0.927173	  5.84426e-05	  6.56878e-06	  12	  2.22468e-06
57	  0.666432	  0.942809	  4.54179e-05	  6.76793e-06	  12	  2.29213e-06
58	  0.740943	  0.953998	  3.60339e-05	  4.81032e-06	  12	  1.62913e-06
59	  0.235619	  0	  0.000360187	  1.694e-05	  6	  7.76273e-06
60	  0.248365	  0.316228	  0.000335836	  1.62621e-05	  12	  5.50757e-06
61	  0.283179	  0.5547	  0.000258962	  2.0757e-05	  12	  7.02989e-06
62	  0.333216	  0.707107	  0.000192008	  1.24527e-05	  12	  4.21743e-06
63	  0.392699	  0.8	  0.000138219	  1.8334e-05	  12	  6.20925e-06
64	  0.457962	  0.857493	  0.000100773	  6.57366e-06	  12	  2.22633e-06
65	  0.526861	  0.894427	  7.51484e-05	  7.82838e-06	  12	  2.65128e-06
66	  0.598141	  0.919145	  5.73521e-05	  8.6893e-06	  12	  2.94285e-06
67	  0.671044	  0.936329	  4.4748e-05	  4.29593e-06	  12	  1.45493e-06
68	  0.745094	  0.948683	  3.55895e-05	  4.73343e-06	  12	  1.6031e-06
69	  0.248365	  0	  0.000335836	  1.19348e-05	  12	  4.04203e-06
70	  0.260487	  0.301511	  0.000311167	  1.21567e-05	  24	  3.08931e-06
71	  0.293869	  0.534522	  0.000240002	  1.20396e-05	  24	  3.05956e-06
72	  0.342347	  0.688247	  0.000180852	  1.98641e-05	  24	  5.04795e-06
73	  0.400476	  0.784465	  0.000132628	  1.02043e-05	  24	  2.59317e-06
74	  0.464648	  0.845154	  9.77461e-05	  9.48422e-06	  24	  2.41017e-06
75	  0.532683	  0.884652	  7.33928e-05	  1.0602e-05	  24	  2.69423e-06
76	  0.603276	  0.911322	  5.63091e-05	  9.07176e-06	  24	  2.30535e-06
77	  0.675625	  0.929981	  4.40828e-05	  5.89036e-06	  24	  1.49688e-06
78	  0.749222	  0.943456	  3.51553e-05	  4.8044e-06	  24	  1.22091e-06
79	  0.283179	  0	  0.000258962	  1.03162e-05	  12	  3.49385e-06
80	  0.293869	  0.267261	  0.000240002	  7.54197e-06	  24	  1.9166e-06
81	  0.323828	  0.485071	  0.000203617	  1.39423e-05	  24	  3.54306e-06
82	  0.368384	  0.639602	  0.000155962	  9.26282e-06	  24	  2.35391e-06
83	  0.42295	  0.742781	  0.000118114	  1.25672e-05	  24	  3.19363e-06
84	  0.484152	  0.811107	  8.95479e-05	  1.00098e-05	  24	  2.54373e-06
85	  0.549779	  0.857143	  6.86144e-05	  9.22759e-06	  24	  2.34495e-06
86	  0.618423	  0.889001	  5.33856e-05	  4.15703e-06	  24	  1.0564e-06
87	  0.689184	  0.911685	  4.22157e-05	  5.62479e-06	  24	  1.4294e-06
88	  0.314159	  0	  0.000214876	  2.92469e-06	  6	  1.34023e-06
89	  0.323828	  0.242536	  0.000203617	  6.02967e-06	  12	  2.0421e-06
90	  0.351241	  0.447214	  0.000171083	  9.77919e-06	  12	  3.31197e-06
91	  0.392699	  0.6	  0.000138219	  1.06828e-05	  12	  3.61801e-06
92	  0.444288	  0.707107	  0.000107139	  4.49966e-06	  12	  1.52392e-06
93	  0.5029	  0.780869	  8.27679e-05	  1.004e-05	  12	  3.40031e-06
94	  0.566359	  0.83205	  6.44121e-05	  6.13821e-06	  12	  2.07886e-06
95	  0.633208	  0.868243	  5.0734e-05	  5.84662e-06	  12	  1.98011e-06
96	  0.702481	  0.894427	  4.04942e-05	  4.35907e-06	  12	  1.47631e-06
97	  0.323828	  0	  0.000203617	  5.97578e-06	  12	  2.02385e-06
98	  0.333216	  0.235702	  0.000192008	  3.45631e-06	  24	  8.78331e-07
99	  0.359915	  0.436436	  0.000162888	  1.2041e-05	  24	  3.05992e-06
100	  0.400476	  0.588348	  0.000132628	  7.05252e-06	  24	  1.79221e-06
101	  0.451177	  0.696311	  0.000103904	  5.51393e-06	  24	  1.40122e-06
102	  0.508996	  0.771517	  8.07551e-05	  6.28951e-06	  24	  1.59832e-06
103	  0.571778	  0.824163	  6.31524e-05	  9.18377e-06	  24	  2.33382e-06
104	  0.63806	  0.86164	  4.98938e-05	  7.18256e-06	  24	  1.82526e-06
105	  0.706858	  0.888889	  3.99491e-05	  6.23337e-06	  24	  1.58405e-06
106	  0.333216	  0	  0.000192008	  5.40686e-06	  6	  2.47768e-06
107	  0.342347	  0.229416	  0.000180852	  8.61396e-06	  12	  2.91733e-06
108	  0.368384	  0.426401	  0.000155962	  7.65487e-06	  12	  2.59251e-06
109	  0.408105	  0.57735	  0.000127344	  3.62111e-06	  12	  1.22638e-06
110	  0.457962	  0.685994	  0.000100773	  1.13187e-05	  12	  3.83335e-06
111	  0.51502	  0.762493	  7.88177e-05	  6.72594e-06	  12	  2.27791e-06
112	  0.577147	  0.816497	  6.19084e-05	  5.44048e-06	  12	  1.84255e-06
113	  0.642876	  0.855186	  4.9103e-05	  3.9061e-06	  12	  1.3229e-06
114	  0.711208	  0.883452	  3.94221e-05	  3.63707e-06	  12	  1.23179e-06
115	  0.351241	  0	  0.000171083	  6.28454e-06	  12	  2.12842e-06
116	  0.359915	  0.218218	  0.000162888	  9.08374e-06	  24	  2.3084e-06
117	  0.384765	  0.408248	  0.000143953	  9.66926e-06	  24	  2.45719e-06
118	  0.42295	  0.557086	  0.000118114	  8.54268e-06	  24	  2.1709e-06
119	  0.471239	  0.666667	  9.48394e-05	  6.1474e-06	  24	  1.5622e-06
120	  0.526861	  0.745356	  7.51484e-05	  7.96884e-06	  24	  2.02508e-06
121	  0.587738	  0.801784	  5.95507e-05	  5.82149e-06	  24	  1.47938e-06
122	  0.652401	  0.842701	  4.75591e-05	  4.07835e-06	  24	  1.03641e-06
123	  0.719829	  0.872872	  3.83859e-05	  4.18576e-06	  24	  1.0637e-06
124	  0.392699	  0	  0.000138219	  4.96438e-06	  18	  1.41833e-06
125	  0.400476	  0.196116	  0.000132628	  4.93039e-06	  36	  1.06825e-06
126	  0.42295	  0.371391	  0.000118114	  4.58844e-06	  36	  9.94163e-07
127	  0.457962	  0.514496	  0.000100773	  5.40946e-06	  36	  1.17205e-06
128	  0.5029	  0.624695	  8.27679e-05	  5.93336e-06	  36	  1.28556e-06
129	  0.55536	  0.707107	  6.71414e-05	  5.68509e-06	  36	  1.23177e-06
130	  0.613416	  0.768221	  5.43156e-05	  5.20654e-06	  36	  1.12808e-06
131	  0.675625	  0.813733	  4.40828e-05	  5.6978e-06	  36	  1.23452e-06
132	  0.740943	  0.847998	  3.60339e-05	  4.15799e-06	  36	  9.00897e-07
133	  0.400476	  0	  0.000132628	  4.63648e-06	  12	  1.57026e-06
134	  0.408105	  0.19245	  0.000127344	  6.40322e-06	  24	  1.62721e-06
135	  0.43018	  0.365148	  0.000114154	  5.30873e-06	  24	  1.34908e-06
136	  0.464648	  0.507093	  9.77461e-05	  5.8139e-06	  24	  1.47745e-06
137	  0.508996	  0.617213	  8.07551e-05	  4.99741e-06	  24	  1.26996e-06
138	  0.560886	  0.70014	  6.57611e-05	  5.51905e-06	  24	  1.40252e-06
139	  0.618423	  0.762001	  5.33856e-05	  2.84488e-06	  24	  7.22952e-07
140	  0.680175	  0.80829	  4.34497e-05	  4.43556e-06	  24	  1.12718e-06
141	  0.745094	  0.843274	  3.55895e-05	  3.49078e-06	  24	  8.87093e-07
142	  0.42295	  0	  0.000118114	  2.24572e-06	  12	  7.60571e-07
143	  0.43018	  0.182574	  0.000114154	  4.24725e-06	  24	  1.07933e-06
144	  0.451177	  0.348155	  0.000103904	  4.3975e-06	  24	  1.11751e-06
145	  0.484152	  0.486664	  8.95479e-05	  5.36113e-06	  24	  1.36239e-06
146	  0.526861	  0.596285	  7.51484e-05	  5.19811e-06	  24	  1.32096e-06
147	  0.577147	  0.680414	  6.19084e-05	  3.45491e-06	  24	  8.77977e-07
148	  0.633208	  0.744208	  5.0734e-05	  4.98059e-06	  24	  1.26569e-06
149	  0.693645	  0.792594	  4.16309e-05	  3.76001e-06	  24	  9.5551e-07
150	  0.444288	  0	  0.000107139	  1.57855e-06	  6	  7.23366e-07
151	  0.451177	  0.174078	  0.000103904	  2.86775e-06	  12	  9.71237e-07
152	  0.471239	  0.333333	  9.48394e-05	  3.6927e-06	  12	  1.25062e-06
153	  0.5029	  0.468521	  8.27679e-05	  3.63712e-06	  12	  1.2318e-06
154	  0.54414	  0.57735	  7.01248e-05	  5.56528e-06	  12	  1.88482e-06
155	  0.592963	  0.662266	  5.84426e-05	  4.65798e-06	  12	  1.57754e-06
156	  0.647656	  0.727607	  4.83181e-05	  3.52779e-06	  12	  1.19478e-06
157	  0.706858	  0.777778	  3.99491e-05	  3.48937e-06	  12	  1.18176e-06
158	  0.457962	  0	  0.000100773	  3.43736e-06	  12	  1.16415e-06
159	  0.464648	  0.169031	  9.77461e-05	  3.41182e-06	  24	  8.67027e-07
160	  0.484152	  0.324443	  8.95479e-05	  4.3862e-06	  24	  1.11464e-06
161	  0.51502	  0.457496	  7.88177e-05	  4.15994e-06	  24	  1.05714e-06
162	  0.55536	  0.565685	  6.71414e-05	  4.16842e-06	  24	  1.0593e-06
163	  0.603276	  0.650945	  5.63091e-05	  5.52426e-06	  24	  1.40385e-06
164	  0.657111	  0.717137	  4.68308e-05	  5.16203e-06	  24	  1.3118e-06
165	  0.715532	  0.76835	  3.88982e-05	  3.92831e-06	  24	  9.98278e-07
166	  0.471239	  0	  9.48394e-05	  7.83053e-06	  6	  3.58832e-06
167	  0.477739	  0.164399	  9.21231e-05	  4.8068e-06	  12	  1.62794e-06
168	  0.496729	  0.316228	  8.49071e-05	  3.38539e-06	  12	  1.14655e-06
169	  0.526861	  0.447214	  7.51484e-05	  2.20007e-06	  12	  7.4511e-07
170	  0.566359	  0.5547	  6.44121e-05	  2.75613e-06	  12	  9.33434e-07
171	  0.613416	  0.640184	  5.43156e-05	  3.58582e-06	  12	  1.21443e-06
172	  0.666432	  0.707107	  4.54179e-05	  3.03746e-06	  12	  1.02871e-06
173	  0.724101	  0.759257	  3.78993e-05	  3.84436e-06	  12	  1.30199e-06
174	  0.477739	  0	  9.21231e-05	  4.9147e-06	  12	  1.66449e-06
175	  0.484152	  0.162221	  8.95479e-05	  2.70911e-06	  24	  6.88451e-07
176	  0.5029	  0.312348	  8.27679e-05	  2.89329e-06	  24	  7.35254e-07
177	  0.532683	  0.442326	  7.33928e-05	  3.91898e-06	  24	  9.95907e-07
178	  0.571778	  0.549442	  6.31524e-05	  5.05775e-06	  24	  1.2853e-06
179	  0.618423	  0.635001	  5.33856e-05	  2.75487e-06	  24	  7.0008e-07
180	  0.671044	  0.702247	  4.4748e-05	  2.90472e-06	  24	  7.38159e-07
181	  0.728348	  0.754829	  3.74156e-05	  3.95388e-06	  24	  1.00478e-06
182	  0.496729	  0	  8.49071e-05	  2.80711e-06	  12	  9.50698e-07
183	  0.5029	  0.156174	  8.27679e-05	  2.81189e-06	  24	  7.1457e-07
184	  0.520974	  0.301511	  7.69397e-05	  2.44745e-06	  24	  6.21957e-07
185	  0.549779	  0.428571	  6.86144e-05	  4.45283e-06	  24	  1.13157e-06
186	  0.587738	  0.534522	  5.95507e-05	  2.98033e-06	  24	  7.57373e-07
187	  0.633208	  0.620174	  5.0734e-05	  3.05693e-06	  24	  7.7684e-07
188	  0.684694	  0.688247	  4.28307e-05	  2.84669e-06	  24	  7.23413e-07
189	  0.740943	  0.741999	  3.60339e-05	  3.06145e-06	  24	  7.77989e-07
190	  0.5029	  0	  8.27679e-05	  3.03715e-06	  12	  1.02861e-06
191	  0.508996	  0.154303	  8.07551e-05	  2.37936e-06	  24	  6.04652e-07
192	  0.526861	  0.298142	  7.51484e-05	  3.3945e-06	  24	  8.62624e-07
193	  0.55536	  0.424264	  6.71414e-05	  3.1916e-06	  24	  8.11062e-07
194	  0.592963	  0.529813	  5.84426e-05	  3.04881e-06	  24	  7.74775e-07
195	  0.63806	  0.615457	  4.98938e-05	  2.75716e-06	  24	  7.0066e-07
196	  0.689184	  0.683763	  4.22157e-05	  3.49731e-06	  24	  8.8875e-07
197	  0.745094	  0.737865	  3.55895e-05	  3.16127e-06	  24	  8.03355e-07
198	  0.526861	  0	  7.51484e-05	  1.69626e-06	  12	  5.74481e-07
199	  0.532683	  0.147442	  7.33928e-05	  2.84047e-06	  24	  7.21832e-07
200	  0.549779	  0.285714	  6.86144e-05	  3.76805e-06	  24	  9.57552e-07
201	  0.577147	  0.408248	  6.19084e-05	  3.10931e-06	  24	  7.90151e-07
202	  0.613416	  0.512148	  5.43156e-05	  4.30791e-06	  24	  1.09474e-06
203	  0.657111	  0.597614	  4.68308e-05	  3.3942e-06	  24	  8.62549e-07
204	  0.706858	  0.666667	  3.99491e-05	  3.36587e-06	  24	  8.55349e-07
205	  0.549779	  0	  6.86144e-05	  1.88365e-06	  6	  8.6318e-07
206	  0.55536	  0.141421	  6.71414e-05	  2.29985e-06	  12	  7.78903e-07
207	  0.571778	  0.274721	  6.31524e-05	  2.03253e-06	  12	  6.88366e-07
208	  0.598141	  0.393919	  5.73521e-05	  3.24143e-06	  12	  1.09779e-06
209	  0.633208	  0.496139	  5.0734e-05	  3.60794e-06	  12	  1.22192e-06
210	  0.675625	  0.581238	  4.40828e-05	  3.72056e-06	  12	  1.26006e-06
211	  0.724101	  0.650791	  3.78993e-05	  2.84158e-06	  12	  9.62374e-07
212	  0.55536	  0	  6.71414e-05	  2.4423e-06	  18	  6.9777e-07
213	  0.560886	  0.140028	  6.57611e-05	  3.20176e-06	  36	  6.93714e-07
214	  0.577147	  0.272166	  6.19084e-05	  2.76722e-06	  36	  5.99565e-07
215	  0.603276	  0.390567	  5.63091e-05	  3.76017e-06	  36	  8.14704e-07
216	  0.63806	  0.492366	  4.98938e-05	  2.38027e-06	  36	  5.15725e-07
217	  0.680175	  0.57735	  4.34497e-05	  2.30009e-06	  36	  4.98353e-07
218	  0.728348	  0.646997	  3.74156e-05	  3.75211e-06	  36	  8.12957e-07
219	  0.566359	  0	  6.44121e-05	  1.62044e-06	  12	  5.48804e-07
220	  0.571778	  0.137361	  6.31524e-05	  3.03525e-06	  24	  7.71331e-07
221	  0.587738	  0.267261	  5.95507e-05	  2.79133e-06	  24	  7.09343e-07
222	  0.613416	  0.384111	  5.43156e-05	  3.05062e-06	  24	  7.75237e-07
223	  0.647656	  0.485071	  4.83181e-05	  2.10453e-06	  24	  5.34813e-07
224	  0.689184	  0.569803	  4.22157e-05	  2.49757e-06	  24	  6.34692e-07
225	  0.736769	  0.639602	  3.64809e-05	  2.12889e-06	  24	  5.41002e-07
226	  0.571778	  0	  6.31524e-05	  1.48293e-06	  12	  5.02231e-07
227	  0.577147	  0.136083	  6.19084e-05	  3.2403e-06	  24	  8.23437e-07
228	  0.592963	  0.264906	  5.84426e-05	  2.30276e-06	  24	  5.85186e-07
229	  0.618423	  0.381	  5.33856e-05	  1.86835e-06	  24	  4.74794e-07
230	  0.652401	  0.481543	  4.75591e-05	  1.84107e-06	  24	  4.67861e-07
231	  0.693645	  0.566139	  4.16309e-05	  2.90564e-06	  24	  7.38393e-07
232	  0.740943	  0.635999	  3.60339e-05	  2.49126e-06	  24	  6.3309e-07
233	  0.598141	  0	  5.73521e-05	  2.75344e-06	  12	  9.32523e-07
234	  0.603276	  0.130189	  5.63091e-05	  2.70331e-06	  24	  6.86977e-07
235	  0.618423	  0.254	  5.33856e-05	  1.66051e-06	  24	  4.21976e-07
236	  0.642876	  0.366508	  4.9103e-05	  2.53846e-06	  24	  6.45085e-07
237	  0.675625	  0.464991	  4.40828e-05	  2.51572e-06	  24	  6.39305e-07
238	  0.715532	  0.548821	  3.88982e-05	  2.50806e-06	  24	  6.37358e-07
239	  0.613416	  0	  5.43156e-05	  2.09443e-06	  12	  7.09331e-07
240	  0.618423	  0.127	  5.33856e-05	  2.02385e-06	  24	  5.14309e-07
241	  0.633208	  0.248069	  5.0734e-05	  1.86485e-06	  24	  4.73905e-07
242	  0.657111	  0.358569	  4.68308e-05	  2.57301e-06	  24	  6.53864e-07
243	  0.689184	  0.455842	  4.22157e-05	  1.84085e-06	  24	  4.67804e-07
244	  0.728348	  0.539164	  3.74156e-05	  2.98007e-06	  24	  7.57307e-07
245	  0.628319	  0	  5.15874e-05	  2.34421e-06	  6	  1.07423e-06
246	  0.633208	  0.124035	  5.0734e-05	  3.06224e-06	  12	  1.0371e-06
247	  0.647656	  0.242536	  4.83181e-05	  1.15119e-06	  12	  3.8988e-07
248	  0.671044	  0.351123	  4.4748e-05	  1.8683e-06	  12	  6.32747e-07
249	  0.702481	  0.447214	  4.04942e-05	  1.54868e-06	  12	  5.24499e-07
250	  0.740943	  0.529999	  3.60339e-05	  2.9427e-06	  12	  9.96618e-07
251	  0.633208	  0	  5.0734e-05	  2.49919e-06	  24	  6.35105e-07
252	  0.63806	  0.123091	  4.98938e-05	  1.95984e-06	  48	  3.8087e-07
253	  0.652401	  0.240772	  4.75591e-05	  1.92686e-06	  48	  3.7446e-07
254	  0.675625	  0.348743	  4.40828e-05	  2.21063e-06	  48	  4.29608e-07
255	  0.706858	  0.444444	  3.99491e-05	  2.22773e-06	  48	  4.32932e-07
256	  0.745094	  0.527046	  3.55895e-05	  2.39797e-06	  48	  4.66016e-07
257	  0.647656	  0	  4.83181e-05	  1.16218e-06	  12	  3.93601e-07
258	  0.652401	  0.120386	  4.75591e-05	  1.57274e-06	  24	  3.99671e-07
259	  0.666432	  0.235702	  4.54179e-05	  1.67292e-06	  24	  4.25128e-07
260	  0.689184	  0.341882	  4.22157e-05	  1.98619e-06	  24	  5.04738e-07
261	  0.719829	  0.436436	  3.83859e-05	  1.85875e-06	  24	  4.72353e-07
262	  0.666432	  0	  4.54179e-05	  1.95598e-06	  6	  8.96325e-07
263	  0.671044	  0.117041	  4.4748e-05	  1.59195e-06	  12	  5.39154e-07
264	  0.684694	  0.229416	  4.28307e-05	  1.87994e-06	  12	  6.36689e-07
265	  0.706858	  0.333333	  3.99491e-05	  1.73455e-06	  12	  5.87449e-07
266	  0.736769	  0.426401	  3.64809e-05	  1.72927e-06	  12	  5.85662e-07
267	  0.671044	  0	  4.4748e-05	  1.54346e-06	  12	  5.22733e-07
268	  0.675625	  0.116248	  4.40828e-05	  1.88066e-06	  24	  4.77922e-07
269	  0.689184	  0.227921	  4.22157e-05	  1.81646e-06	  24	  4.61605e-07
270	  0.711208	  0.331295	  3.94221e-05	  2.06656e-06	  24	  5.25163e-07
271	  0.740943	  0.423999	  3.60339e-05	  1.58579e-06	  24	  4.02988e-07
272	  0.675625	  0	  4.40828e-05	  1.91658e-06	  12	  6.49097e-07
273	  0.680175	  0.11547	  4.34497e-05	  1.42632e-06	  24	  3.62462e-07
274	  0.693645	  0.226455	  4.16309e-05	  1.39737e-06	  24	  3.55106e-07
275	  0.715532	  0.329293	  3.88982e-05	  1.87054e-06	  24	  4.7535e-07
276	  0.745094	  0.421637	  3.55895e-05	  1.97888e-06	  24	  5.0288e-07
277	  0.702481	  0	  4.04942e-05	  1.16287e-06	  12	  3.93834e-07
278	  0.706858	  0.111111	  3.99491e-05	  1.58574e-06	  24	  4.02974e-07
279	  0.719829	  0.218218	  3.83859e-05	  1.15965e-06	  24	  2.94695e-07
280	  0.740943	  0.317999	  3.60339e-05	  1.28739e-06	  24	  3.27156e-07
281	  0.706858	  0	  3.99491e-05	  3.48331e-06	  6	  1.59622e-06
282	  0.711208	  0.110432	  3.94221e-05	  2.18959e-06	  12	  7.4156e-07
283	  0.724101	  0.21693	  3.78993e-05	  1.67825e-06	  12	  5.68381e-07
284	  0.745094	  0.316228	  3.55895e-05	  1.82365e-06	  12	  6.17623e-07
285	  0.711208	  0	  3.94221e-05	  2.11391e-06	  12	  7.15929e-07
286	  0.715532	  0.109764	  3.88982e-05	  1.32781e-06	  24	  3.37428e-07
287	  0.728348	  0.215666	  3.74156e-05	  1.09818e-06	  24	  2.79075e-07
288	  0.749222	  0.314485	  3.51553e-05	  1.62837e-06	  24	  4.13809e-07
289	  0.724101	  0	  3.78993e-05	  1.20444e-06	  24	  3.06077e-07
290	  0.728348	  0.107833	  3.74156e-05	  1.6041e-06	  48	  3.11737e-07
291	  0.740943	  0.212	  3.60339e-05	  1.59093e-06	  48	  3.09177e-07
292	  0.740943	  0	  3.60339e-05	  1.57451e-06	  12	  5.33248e-07
293	  0.745094	  0.105409	  3.55895e-05	  1.68461e-06	  24	  4.281e-07
294	  0.745094	  0	  3.55895e-05	  1.20278e-06	  12	  4.0735e-07
295	  0.749222	  0.104828	  3.51553e-05	  1.23555e-06	  24	  3.13984e-07
296	  0.825306	  0.0310881	  2.83792e-05	  1.20975e-06	  162	  1.55534e-07
297	  0.825306	  0.0938297	  2.83792e-05	  1.14013e-06	  324	  1.20347e-07
298	  0.825306	  0.156272	  2.83792e-05	  1.01354e-06	  108	  1.48204e-07
299	  0.825306	  0.218736	  2.83792e-05	  1.14799e-06	  216	  1.35511e-07
300	  0.825306	  0.281273	  2.83792e-05	  1.29748e-06	  336	  1.35657e-07
301	  0.825306	  0.343755	  2.83792e-05	  1.16162e-06	  144	  1.54883e-07
302	  0.825306	  0.406262	  2.83792e-05	  1.74235e-06	  180	  2.16985e-07
303	  0.825306	  0.468768	  2.83792e-05	  1.71877e-06	  252	  1.94211e-07
304	  0.825306	  0.531237	  2.83792e-05	  1.93068e-06	  240	  2.21159e-07
305	  0.825306	  0.593753	  2.83792e-05	  2.4563e-06	  192	  3.00083e-07
306	  0.825306	  0.656275	  2.83792e-05	  2.16617e-06	  192	  2.64638e-07
307	  0.825306	  0.718761	  2.83792e-05	  2.61163e-06	  252	  2.95098e-07
308	  0.825306	  0.781244	  2.83792e-05	  2.99923e-06	  168	  3.81357e-07
309	  0.825306	  0.843748	  2.83792e-05	  3.02958e-06	  240	  3.47037e-07
310	  0.825306	  0.906262	  2.83792e-05	  4.21192e-06	  228	  4.89537e-07
311	  0.825306	  0.968494	  2.83792e-05	  4.08561e-06	  198	  4.94632e-07
312	  0.968767	  0.0310881	  1.98057e-05	  8.84022e-07	  228	  1.02747e-07
313	  0.968767	  0.0938297	  1.98057e-05	  8.27583e-07	  456	  8.01343e-08
314	  0.968767	  0.156272	  1.98057e-05	  8.90134e-07	  480	  8.51356e-08
315	  0.968767	  0.218736	  1.98057e-05	  7.62761e-07	  288	  8.30841e-08
316	  0.968767	  0.281273	  1.98057e-05	  8.9262e-07	  264	  9.9568e-08
317	  0.968767	  0.343755	  1.98057e-05	  1.05163e-06	  348	  1.08955e-07
318	  0.968767	  0.406262	  1.98057e-05	  1.12652e-06	  444	  1.09789e-07
319	  0.968767	  0.468768	  1.98057e-05	  1.05302e-06	  312	  1.12266e-07
320	  0.968767	  0.531237	  1.98057e-05	  1.29342e-06	  348	  1.34005e-07
321	  0.968767	  0.593753	  1.98057e-05	  1.30262e-06	  408	  1.2962e-07
322	  0.968767	  0.656275	  1.98057e-05	  1.6783e-06	  252	  1.89639e-07
323	  0.968767	  0.718761	  1.98057e-05	  1.62901e-06	  384	  1.64581e-07
324	  0.968767	  0.781244	  1.98057e-05	  1.99526e-06	  384	  2.01583e-07
325	  0.968767	  0.843748	  1.98057e-05	  2.30311e-06	  360	  2.3654e-07
326	  0.968767	  0.906262	  1.98057e-05	  2.78178e-06	  360	  2.85702e-07
327	  0.968767	  0.968494	  1.98057e-05	  2.91351e-06	  330	  3.06059e-07
328	  1.14208	  0.0310881	  1.36126e-05	  5.68704e-07	  336	  5.94606e-08
329	  1.14208	  0.0938297	  1.36126e-05	  5.82289e-07	  648	  5.19889e-08
330	  1.14208	  0.156272	  1.36126e-05	  5.99567e-07	  636	  5.37528e-08
331	  1.14208	  0.218736	  1.36126e-05	  6.56948e-07	  696	  5.77489e-08
332	  1.14208	  0.281273	  1.36126e-05	  6.41588e-07	  660	  5.70531e-08
333	  1.14208	  0.343755	  1.36126e-05	  7.31498e-07	  600	  6.64381e-08
334	  1.14208	  0.406262	  1.36126e-05	  7.75754e-07	  552	  7.1806e-08
335	  1.14208	  0.468768	  1.36126e-05	  7.91692e-07	  576	  7.25717e-08
336	  1.14208	  0.531237	  1.36126e-05	  8.31072e-07	  612	  7.51477e-08
337	  1.14208	  0.593753	  1.36126e-05	  9.26977e-07	  612	  8.38197e-08
338	  1.14208	  0.656275	  1.36126e-05	  1.0329e-06	  648	  9.22207e-08
339	  1.14208	  0.718761	  1.36126e-05	  1.1101e-06	  600	  1.00825e-07
340	  1.14208	  0.781244	  1.36126e-05	  1.2866e-06	  552	  1.19091e-07
341	  1.14208	  0.843748	  1.36126e-05	  1.52488e-06	  600	  1.38497e-07
342	  1.14208	  0.906262	  1.36126e-05	  1.77548e-06	  564	  1.63535e-07
343	  1.14208	  0.968494	  1.36126e-05	  1.92146e-06	  618	  1.73365e-07
344	  1.3449	  0.0310881	  9.33134e-06	  3.86709e-07	  1290	  3.01023e-08
345	  1.3449	  0.0938297	  9.33134e-06	  3.91496e-07	  840	  3.30827e-08
346	  1.3449	  0.156272	  9.33134e-06	  4.14733e-07	  900	  3.45611e-08
347	  1.3449	  0.218736	  9.33134e-06	  4.4803e-07	  864	  3.76438e-08
348	  1.3449	  0.281273	  9.33134e-06	  4.32294e-07	  864	  3.63216e-08
349	  1.3449	  0.343755	  9.33134e-06	  4.49462e-07	  936	  3.71642e-08
350	  1.3449	  0.406262	  9.33134e-06	  4.95809e-07	  876	  4.15423e-08
351	  1.3449	  0.468768	  9.33134e-06	  5.48477e-07	  1044	  4.43988e-08
352	  1.3449	  0.531237	  9.33134e-06	  5.70285e-07	  900	  4.75238e-08
353	  1.3449	  0.593753	  9.33134e-06	  6.17843e-07	  924	  5.12177e-08
354	  1.3449	  0.656275	  9.33134e-06	  6.92963e-07	  936	  5.72983e-08
355	  1.3449	  0.718761	  9.33134e-06	  7.87289e-07	  948	  6.49344e-08
356	  1.3449	  0.781244	  9.33134e-06	  8.61161e-07	  876	  7.2154e-08
357	  1.3449	  0.843748	  9.33134e-06	  9.4777e-07	  972	  7.77882e-08
358	  1.3449	  0.906262	  9.33134e-06	  1.1033e-06	  996	  9.01245e-08
359	  1.3449	  0.968494	  9.33134e-06	  1.17343e-06	  921	  9.73375e-08
360	  1.58505	  0.0310881	  6.34992e-06	  2.90479e-07	  1830	  2.13142e-08
361	  1.58505	  0.0938297	  6.34992e-06	  2.94333e-07	  1296	  2.28926e-08
362	  1.58505	  0.156272	  6.34992e-06	  2.92324e-07	  1488	  2.21944e-08
363	  1.58505	  0.218736	  6.34992e-06	  2.91568e-07	  1740	  2.15682e-08
364	  1.58505	  0.281273	  6.34992e-06	  3.09912e-07	  1572	  2.33121e-08
365	  1.58505	  0.343755	  6.34992e-06	  3.19781e-07	  1608	  2.39637e-08
366	  1.58505	  0.406262	  6.34992e-06	  3.39183e-07	  1596	  2.54493e-08
367	  1.58505	  0.468768	  6.34992e-06	  3.59748e-07	  1548	  2.71309e-08
368	  1.58505	  0.531237	  6.34992e-06	  3.86419e-07	  1620	  2.89216e-08
369	  1.58505	  0.593753	  6.34992e-06	  4.40878e-07	  1632	  3.29573e-08
370	  1.58505	  0.656275	  6.34992e-06	  4.76276e-07	  1548	  3.5919e-08
371	  1.58505	  0.718761	  6.34992e-06	  4.92542e-07	  1572	  3.70498e-08
372	  1.58505	  0.781244	  6.34992e-06	  5.84361e-07	  1620	  4.37366e-08
373	  1.58505	  0.843748	  6.34992e-06	  5.80582e-07	  1596	  4.35618e-08
374	  1.58505	  0.906262	  6.34992e-06	  6.85949e-07	  1620	  5.134e-08
375	  1.58505	  0.968494	  6.34992e-06	  7.69876e-07	  1545	  5.80803e-08
376	  1.87042	  0.0310881	  4.28766e-06	  1.96667e-07	  2682	  1.36309e-08
377	  1.87042	  0.0938297	  4.28766e-06	  1.93529e-07	  2484	  1.35595e-08
378	  1.87042	  0.156272	  4.28766e-06	  1.97582e-07	  2700	  1.36816e-08
379	  1.87042	  0.218736	  4.28766e-06	  2.01328e-07	  2508	  1.40865e-08
380	  1.87042	  0.281273	  4.28766e-06	  2.2561e-07	  2424	  1.58629e-08
381	  1.87042	  0.343755	  4.28766e-06	  2.22363e-07	  2736	  1.53693e-08
382	  1.87042	  0.406262	  4.28766e-06	  2.27555e-07	  2556	  1.58787e-08
383	  1.87042	  0.468768	  4.28766e-06	  2.54095e-07	  2604	  1.76841e-08
384	  1.87042	  0.531237	  4.28766e-06	  2.60603e-07	  2616	  1.81253e-08
385	  1.87042	  0.593753	  4.28766e-06	  2.85708e-07	  2520	  1.99769e-08
386	  1.87042	  0.656275	  4.28766e-06	  3.26514e-07	  2736	  2.2568e-08
387	  1.87042	  0.718761	  4.28766e-06	  3.21367e-07	  2568	  2.241e-08
388	  1.87042	  0.781244	  4.28766e-06	  3.75052e-07	  2484	  2.62778e-08
389	  1.87042	  0.843748	  4.28766e-06	  3.91854e-07	  2652	  2.72019e-08
390	  1.87042	  0.906262	  4.28766e-06	  4.17828e-07	  2544	  2.91754e-08
391	  1.87042	  0.968494	  4.28766e-06	  4.48097e-07	  2592	  3.12063e-08
392	  2.20602	  0.0310881	  2.88585e-06	  1.38575e-07	  3600	  9.23836e-09
393	  2.20602	  0.0938297	  2.88585e-06	  1.40127e-07	  4920	  9.0041e-09
394	  2.20602	  0.156272	  2.88585e-06	  1.36921e-07	  4272	  8.94089e-09
395	  2.20602	  0.218736	  2.88585e-06	  1.41954e-07	  4212	  9.28498e-09
396	  2.20602	  0.281273	  2.88585e-06	  1.5016e-07	  4452	  9.75847e-09
397	  2.20602	  0.343755	  2.88585e-06	  1.49406e-07	  4152	  9.78897e-09
398	  2.20602	  0.406262	  2.88585e-06	  1.57907e-07	  4296	  1.03045e-08
399	  2.20602	  0.468768	  2.88585e-06	  1.72099e-07	  4128	  1.12836e-08
400	  2.20602	  0.531237	  2.88585e-06	  1.82038e-07	  4200	  1.19108e-08
401	  2.20602	  0.593753	  2.88585e-06	  1.93248e-07	  4284	  1.26149e-08
402	  2.20602	  0.656275	  2.88585e-06	  2.00961e-07	  4284	  1.31184e-08
403	  2.20602	  0.718761	  2.88585e-06	  2.22346e-07	  4200	  1.45482e-08
404	  2.20602	  0.781244	  2.88585e-06	  2.36838e-07	  4260	  1.54705e-08
405	  2.20602	  0.843748	  2.88585e-06	  2.46897e-07	  4284	  1.6117e-08
406	  2.20602	  0.906262	  2.88585e-06	  2.61503e-07	  4284	  1.70705e-08
407	  2.20602	  0.968494	  2.88585e-06	  2.71984e-07	  4239	  1.77767e-08
408	  2.60077	  0.0310881	  1.93705e-06	  9.72236e-08	  7410	  5.99062e-09
409	  2.60077	  0.0938297	  1.93705e-06	  9.73729e-08	  6768	  6.05226e-09
410	  2.60077	  0.156272	  1.93705e-06	  9.56957e-08	  6624	  5.96058e-09
411	  2.60077	  0.218736	  1.93705e-06	  9.96618e-08	  6792	  6.19238e-09
412	  2.60077	  0.281273	  1.93705e-06	  9.90313e-08	  6948	  6.13964e-09
413	  2.60077	  0.343755	  1.93705e-06	  1.03586e-07	  7068	  6.41145e-09
414	  2.60077	  0.406262	  1.93705e-06	  1.0852e-07	  6996	  6.72346e-09
415	  2.60077	  0.468768	  1.93705e-06	  1.18032e-07	  6864	  7.32627e-09
416	  2.60077	  0.531237	  1.93705e-06	  1.18702e-07	  6912	  7.36285e-09
417	  2.60077	  0.593753	  1.93705e-06	  1.25369e-07	  7020	  7.76478e-09
418	  2.60077	  0.656275	  1.93705e-06	  1.35157e-07	  6816	  8.39492e-09
419	  2.60077	  0.718761	  1.93705e-06	  1.39291e-07	  6936	  8.63704e-09
420	  2.60077	  0.781244	  1.93705e-06	  1.45538e-07	  6924	  9.02595e-09
421	  2.60077	  0.843748	  1.93705e-06	  1.52785e-07	  6996	  9.46591e-09
422	  2.60077	  0.906262	  1.93705e-06	  1.53392e-07	  6936	  9.51145e-09
423	  2.60077	  0.968494	  1.93705e-06	  1.57493e-07	  6915	  9.76859e-09
424	  3.06654	  0.0310881	  1.29469e-06	  6.70227e-08	  11706	  3.9706e-09
425	  3.06654	  0.0938297	  1.29469e-06	  6.45676e-08	  10812	  3.84934e-09
426	  3.06654	  0.156272	  1.29469e-06	  6.73341e-08	  11424	  3.99668e-09
427	  3.06654	  0.218736	  1.29469e-06	  6.70937e-08	  11928	  3.96901e-09
428	  3.06654	  0.281273	  1.29469e-06	  6.65136e-08	  11136	  3.95598e-09
429	  3.06654	  0.343755	  1.29469e-06	  6.97877e-08	  11460	  4.14129e-09
430	  3.06654	  0.406262	  1.29469e-06	  7.2212e-08	  11484	  4.28445e-09
431	  3.06654	  0.468768	  1.29469e-06	  7.42111e-08	  11244	  4.41041e-09
432	  3.06654	  0.531237	  1.29469e-06	  7.76597e-08	  11664	  4.60206e-09
433	  3.06654	  0.593753	  1.29469e-06	  8.03373e-08	  11316	  4.77208e-09
434	  3.06654	  0.656275	  1.29469e-06	  8.43691e-08	  11268	  5.01326e-09
435	  3.06654	  0.718761	  1.29469e-06	  8.50148e-08	  11604	  5.03995e-09
436	  3.06654	  0.781244	  1.29469e-06	  8.70828e-08	  11532	  5.16507e-09
437	  3.06654	  0.843748	  1.29469e-06	  8.87345e-08	  11352	  5.26956e-09
438	  3.06654	  0.906262	  1.29469e-06	  8.97008e-08	  11460	  5.32297e-09
439	  3.06654	  0.968494	  1.29469e-06	  8.81088e-08	  11313	  5.23382e-09
440	  3.61603	  0.0310881	  8.61929e-07	  4.48614e-08	  17742	  2.57987e-09
441	  3.61603	  0.0938297	  8.61929e-07	  4.48405e-08	  19596	  2.56235e-09
442	  3.61603	  0.156272	  8.61929e-07	  4.56161e-08	  19044	  2.61136e-09
443	  3.61603	  0.218736	  8.61929e-07	  4.46063e-08	  18456	  2.55866e-09
444	  3.61603	  0.281273	  8.61929e-07	  4.50557e-08	  18828	  2.58114e-09
445	  3.61603	  0.343755	  8.61929e-07	  4.50659e-08	  18612	  2.58363e-09
446	  3.61603	  0.406262	  8.61929e-07	  4.72847e-08	  18528	  2.71161e-09
447	  3.61603	  0.468768	  8.61929e-07	  4.76416e-08	  18852	  2.72907e-09
448	  3.61603	  0.531237	  8.61929e-07	  4.93793e-08	  18492	  2.83209e-09
449	  3.61603	  0.593753	  8.61929e-07	  5.04543e-08	  18696	  2.89171e-09
450	  3.61603	  0.656275	  8.61929e-07	  5.12881e-08	  18720	  2.93926e-09
451	  3.61603	  0.718761	  8.61929e-07	  5.11296e-08	  18684	  2.93053e-09
452	  3.61603	  0.781244	  8.61929e-07	  5.15993e-08	  18528	  2.95904e-09
453	  3.61603	  0.843748	  8.61929e-07	  5.12115e-08	  18732	  2.93475e-09
454	  3.61603	  0.906262	  8.61929e-07	  5.01319e-08	  18684	  2.87335e-09
455	  3.61603	  0.968494	  8.61929e-07	  4.98545e-08	  18717	  2.85713e-09
456	  4.26398	  0.0310881	  5.71851e-07	  3.10584e-08	  31710	  1.72733e-09
457	  4.26398	  0.0938297	  5.71851e-07	  2.95164e-08	  29988	  1.64627e-09
458	  4.26398	  0.156272	  5.71851e-07	  3.02301e-08	  29868	  1.68642e-09
459	  4.26398	  0.218736	  5.71851e-07	  2.97632e-08	  31044	  1.65708e-09
460	  4.26398	  0.281273	  5.71851e-07	  2.96909e-08	  30504	  1.65454e-09
461	  4.26398	  0.343755	  5.71851e-07	  3.01048e-08	  30612	  1.6773e-09
462	  4.26398	  0.406262	  5.71851e-07	  3.00378e-08	  30984	  1.67254e-09
463	  4.26398	  0.468768	  5.71851e-07	  3.0199e-08	  30564	  1.68269e-09
464	  4.26398	  0.531237	  5.71851e-07	  3.04751e-08	  30540	  1.69814e-09
465	  4.26398	  0.593753	  5.71851e-07	  3.04316e-08	  31092	  1.69416e-09
466	  4.26398	  0.656275	  5.71851e-07	  3.01753e-08	  30624	  1.6812e-09
467	  4.26398	  0.718761	  5.71851e-07	  2.97433e-08	  30612	  1.65716e-09
468	  4.26398	  0.781244	  5.71851e-07	  2.92774e-08	  30720	  1.63091e-09
469	  4.26398	  0.843748	  5.71851e-07	  2.78181e-08	  30600	  1.54993e-09
470	  4.26398	  0.906262	  5.71851e-07	  2.68676e-08	  30672	  1.49679e-09
471	  4.26398	  0.968494	  5.71851e-07	  2.58369e-08	  30651	  1.43942e-09
472	  5.02761	  0.0310881	  3.78455e-07	  2.04585e-08	  50190	  1.11425e-09
473	  5.02761	  0.0938297	  3.78455e-07	  2.01813e-08	  50196	  1.09914e-09
474	  5.02761	  0.156272	  3.78455e-07	  1.98445e-08	  50184	  1.08081e-09
475	  5.02761	  0.218736	  3.78455e-07	  1.91439e-08	  50076	  1.04275e-09
476	  5.02761	  0.281273	  3.78455e-07	  1.89935e-08	  50484	  1.03421e-09
477	  5.02761	  0.343755	  3.78455e-07	  1.87568e-08	  50208	  1.02155e-09
478	  5.02761	  0.406262	  3.78455e-07	  1.86426e-08	  49692	  1.01576e-09
479	  5.02761	  0.468768	  3.78455e-07	  1.83486e-08	  50604	  9.98999e-10
480	  5.02761	  0.531237	  3.78455e-07	  1.8096e-08	  50400	  9.85409e-10
481	  5.02761	  0.593753	  3.78455e-07	  1.76315e-08	  49788	  9.60595e-10
482	  5.02761	  0.656275	  3.78455e-07	  1.70744e-08	  50304	  9.29848e-10
483	  5.02761	  0.718761	  3.78455e-07	  1.61974e-08	  50352	  8.82052e-10
484	  5.02761	  0.781244	  3.78455e-07	  1.54572e-08	  49980	  8.41999e-10
485	  5.02761	  0.843748	  3.78455e-07	  1.43617e-08	  50340	  7.82094e-10
486	  5.02761	  0.906262	  3.78455e-07	  1.34091e-08	  50244	  7.30275e-10
487	  5.02761	  0.968494	  3.78455e-07	  1.23284e-08	  50046	  6.71527e-10
488	  5.92776	  0.0310881	  2.49741e-07	  1.36515e-08	  80868	  7.30578e-10
489	  5.92776	  0.0938297	  2.49741e-07	  1.29301e-08	  83352	  6.91292e-10
490	  5.92776	  0.156272	  2.49741e-07	  1.266e-08	  83316	  6.76862e-10
491	  5.92776	  0.218736	  2.49741e-07	  1.22632e-08	  82056	  6.55969e-10
492	  5.92776	  0.281273	  2.49741e-07	  1.18695e-08	  82464	  6.34809e-10
493	  5.92776	  0.343755	  2.49741e-07	  1.14655e-08	  82380	  6.13219e-10
494	  5.92776	  0.406262	  2.49741e-07	  1.10991e-08	  82560	  5.93581e-10
495	  5.92776	  0.468768	  2.49741e-07	  1.07089e-08	  81852	  5.72878e-10
496	  5.92776	  0.531237	  2.49741e-07	  1.01759e-08	  82212	  5.44286e-10
497	  5.92776	  0.593753	  2.49741e-07	  9.64031e-09	  82428	  5.15593e-10
498	  5.92776	  0.656275	  2.49741e-07	  8.90383e-09	  82032	  4.76279e-10
499	  5.92776	  0.718761	  2.49741e-07	  8.35185e-09	  82020	  4.46755e-10
500	  5.92776	  0.781244	  2.49741e-07	  7.59072e-09	  82716	  4.05929e-10
501	  5.92776	  0.843748	  2.49741e-07	  6.83963e-09	  82248	  3.6583e-10
502	  5.92776	  0.906262	  2.49741e-07	  6.23524e-09	  82356	  3.33489e-10
503	  5.92776	  0.968494	  2.49741e-07	  5.4636e-09	  82491	  2.92203e-10
504	  6.98944	  0.0310881	  1.64301e-07	  8.61013e-09	  133704	  4.54053e-10
505	  6.98944	  0.0938297	  1.64301e-07	  8.12154e-09	  135348	  4.28152e-10
506	  6.98944	  0.156272	  1.64301e-07	  7.8521e-09	  134928	  4.13981e-10
507	  6.98944	  0.218736	  1.64301e-07	  7.48447e-09	  135072	  3.94588e-10
508	  6.98944	  0.281273	  1.64301e-07	  7.07844e-09	  135012	  3.73186e-10
509	  6.98944	  0.343755	  1.64301e-07	  6.69319e-09	  135168	  3.52865e-10
510	  6.98944	  0.406262	  1.64301e-07	  6.23967e-09	  134808	  3.28978e-10
511	  6.98944	  0.468768	  1.64301e-07	  5.79967e-09	  135264	  3.05753e-10
512	  6.98944	  0.531237	  1.64301e-07	  5.33505e-09	  135084	  2.81268e-10
513	  6.98944	  0.593753	  1.64301e-07	  4.85001e-09	  134976	  2.55702e-10
514	  6.98944	  0.656275	  1.64301e-07	  4.33138e-09	  135072	  2.28354e-10
515	  6.98944	  0.718761	  1.64301e-07	  3.87218e-09	  135360	  2.04134e-10
516	  6.98944	  0.781244	  1.64301e-07	  3.4123e-09	  134988	  1.79902e-10
517	  6.98944	  0.843748	  1.64301e-07	  2.96823e-09	  134820	  1.56495e-10
518	  6.98944	  0.906262	  1.64301e-07	  2.60069e-09	  134964	  1.37114e-10
519	  6.98944	  0.968494	  1.64301e-07	  2.2237e-09	  134910	  1.17239e-10
520	  8.24181	  0.0310881	  1.07773e-07	  5.27323e-09	  221856	  2.74857e-10
521	  8.24181	  0.0938297	  1.07773e-07	  4.88908e-09	  221460	  2.54843e-10
522	  8.24181	  0.156272	  1.07773e-07	  4.64027e-09	  221772	  2.41867e-10
523	  8.24181	  0.218736	  1.07773e-07	  4.34074e-09	  221376	  2.26263e-10
524	  8.24181	  0.281273	  1.07773e-07	  3.98643e-09	  221184	  2.07798e-10
525	  8.24181	  0.343755	  1.07773e-07	  3.60181e-09	  221616	  1.87742e-10
526	  8.24181	  0.406262	  1.07773e-07	  3.2399e-09	  221088	  1.68885e-10
527	  8.24181	  0.468768	  1.07773e-07	  2.89566e-09	  221484	  1.50936e-10
528	  8.24181	  0.531237	  1.07773e-07	  2.51843e-09	  221388	  1.31274e-10
529	  8.24181	  0.593753	  1.07773e-07	  2.21231e-09	  221568	  1.15316e-10
530	  8.24181	  0.656275	  1.07773e-07	  1.91833e-09	  221472	  9.99927e-11
531	  8.24181	  0.718761	  1.07773e-07	  1.64458e-09	  221172	  8.57262e-11
532	  8.24181	  0.781244	  1.07773e-07	  1.39603e-09	  221088	  7.27707e-11
533	  8.24181	  0.843748	  1.07773e-07	  1.1796e-09	  221580	  6.14859e-11
534	  8.24181	  0.906262	  1.07773e-07	  9.90422e-10	  221304	  5.16264e-11
535	  8.24181	  0.968494	  1.07773e-07	  8.10771e-10	  221598	  4.22608e-11
536	  9.71482	  0.0310881	  7.06086e-08	  3.02833e-09	  356232	  1.56491e-10
537	  9.71482	  0.0938297	  7.06086e-08	  2.79933e-09	  353940	  1.44672e-10
538	  9.71482	  0.156272	  7.06086e-08	  2.59901e-09	  357672	  1.34296e-10
539	  9.71482	  0.218736	  7.06086e-08	  2.34439e-09	  364152	  1.21104e-10
540	  9.71482	  0.281273	  7.06086e-08	  2.06293e-09	  362544	  1.06573e-10
541	  9.71482	  0.343755	  7.06086e-08	  1.78534e-09	  361908	  9.22346e-11
542	  9.71482	  0.406262	  7.06086e-08	  1.5262e-09	  363768	  7.88403e-11
543	  9.71482	  0.468768	  7.06086e-08	  1.29371e-09	  362412	  6.68346e-11
544	  9.71482	  0.531237	  7.06086e-08	  1.09043e-09	  362208	  5.63335e-11
545	  9.71482	  0.593753	  7.06086e-08	  9.15505e-10	  363300	  4.72942e-11
546	  9.71482	  0.656275	  7.06086e-08	  7.65606e-10	  362820	  3.95514e-11
547	  9.71482	  0.718761	  7.06086e-08	  6.36692e-10	  362364	  3.28923e-11
548	  9.71482	  0.781244	  7.06086e-08	  5.24034e-10	  363060	  2.70714e-11
549	  9.71482	  0.843748	  7.06086e-08	  4.25001e-10	  363000	  2.19555e-11
550	  9.71482	  0.906262	  7.06086e-08	  3.44326e-10	  362388	  1.77883e-11
551	  9.71482	  0.968494	  7.06086e-08	  2.76749e-10	  353154	  1.43031e-11
