#n	   k	      mu	    PL	    Pf	     w	     err  
0	  0.125664	  1	  0.00533799	  0.0012288	  3	  0.000770888
1	  0.251327	  1	  0.00153297	  0.000146444	  3	  9.18716e-05
2	  0.376991	  1	  0.000674331	  3.41256e-05	  3	  2.14087e-05
3	  0.502655	  1	  0.000366372	  2.47785e-05	  3	  1.55448e-05
4	  0.628319	  1	  0.000224868	  2.69824e-05	  3	  1.69274e-05
5	  0.753982	  1	  0.000149596	  1.10959e-05	  3	  6.96102e-06
6	  0.879646	  1	  0.000105267	  7.03007e-06	  3	  4.41032e-06
7	  1.00531	  1	  7.73367e-05	  1.2726e-05	  3	  7.98365e-06
8	  0.125664	  0	  0.00533799	  0.00024044	  6	  0.000110181
9	  0.177715	  0.707107	  0.00286765	  4.97776e-05	  12	  1.68584e-05
10	  0.280993	  0.894427	  0.00119922	  9.13449e-05	  12	  3.09362e-05
11	  0.397384	  0.948683	  0.000602238	  5.98152e-05	  12	  2.02579e-05
12	  0.518125	  0.970143	  0.000343069	  6.95853e-05	  12	  2.35668e-05
13	  0.640762	  0.980581	  0.000215318	  2.75926e-05	  12	  9.34494e-06
14	  0.764382	  0.986394	  0.000144999	  1.67459e-05	  12	  5.67142e-06
15	  0.888577	  0.989949	  0.000102875	  9.67495e-06	  12	  3.27666e-06
16	  1.01313	  0.992278	  7.59517e-05	  7.266e-06	  12	  2.46081e-06
17	  0.177715	  0	  0.00286765	  1.91969e-05	  6	  8.79693e-06
18	  0.217656	  0.57735	  0.00193201	  7.66435e-05	  12	  2.59572e-05
19	  0.307812	  0.816497	  0.00101975	  6.77479e-05	  12	  2.29445e-05
20	  0.416779	  0.904534	  0.000544345	  4.73533e-05	  12	  1.60374e-05
21	  0.533146	  0.942809	  0.00032229	  3.57137e-05	  12	  1.20953e-05
22	  0.652968	  0.96225	  0.000206491	  2.04132e-05	  12	  6.91345e-06
23	  0.774643	  0.973329	  0.000140709	  1.83446e-05	  12	  6.21287e-06
24	  0.897418	  0.980196	  0.000100538	  1.06273e-05	  12	  3.59921e-06
25	  1.0209	  0.984732	  7.46273e-05	  6.46524e-06	  12	  2.18962e-06
26	  0.251327	  0	  0.00153297	  8.87323e-06	  6	  4.06614e-06
27	  0.280993	  0.447214	  0.00119922	  3.38695e-05	  12	  1.14708e-05
28	  0.355431	  0.707107	  0.000755363	  2.52582e-05	  12	  8.55434e-06
29	  0.453087	  0.83205	  0.000457694	  2.64842e-05	  12	  8.96953e-06
30	  0.561985	  0.894427	  0.000287335	  3.23138e-05	  12	  1.09439e-05
31	  0.67672	  0.928477	  0.000190662	  1.76071e-05	  12	  5.96309e-06
32	  0.794767	  0.948683	  0.000132712	  1.4219e-05	  12	  4.81561e-06
33	  0.914846	  0.961524	  9.61793e-05	  1.03848e-05	  12	  3.51707e-06
34	  1.03625	  0.970143	  7.20735e-05	  3.8227e-06	  12	  1.29465e-06
35	  0.280993	  0	  0.00119922	  1.94714e-05	  12	  6.59449e-06
36	  0.307812	  0.408248	  0.00101975	  2.58585e-05	  24	  6.57126e-06
37	  0.376991	  0.666667	  0.000674331	  1.7082e-05	  24	  4.34096e-06
38	  0.470191	  0.801784	  0.000423097	  2.47711e-05	  24	  6.29494e-06
39	  0.575863	  0.872872	  0.000272348	  2.57396e-05	  24	  6.54106e-06
40	  0.688288	  0.912871	  0.000183612	  1.93022e-05	  24	  4.90515e-06
41	  0.80464	  0.937043	  0.000129076	  7.16624e-06	  24	  1.82111e-06
42	  0.923436	  0.952579	  9.4156e-05	  8.90109e-06	  24	  2.26198e-06
43	  1.04384	  0.963087	  7.0859e-05	  6.71114e-06	  24	  1.70546e-06
44	  0.355431	  0	  0.000755363	  7.77586e-06	  6	  3.56327e-06
45	  0.376991	  0.333333	  0.000674331	  1.02352e-05	  12	  3.46642e-06
46	  0.435312	  0.57735	  0.000497688	  1.43068e-05	  12	  4.84535e-06
47	  0.518125	  0.727607	  0.000343069	  2.72183e-05	  12	  9.21817e-06
48	  0.615624	  0.816497	  0.000235227	  1.29219e-05	  12	  4.37634e-06
49	  0.721883	  0.870388	  0.000165008	  1.43343e-05	  12	  4.85468e-06
50	  0.833559	  0.904534	  0.000119096	  9.37908e-06	  12	  3.17646e-06
51	  0.94874	  0.927173	  8.84403e-05	  7.01369e-06	  12	  2.37536e-06
52	  0.376991	  0	  0.000674331	  6.84156e-06	  6	  3.13513e-06
53	  0.397384	  0.316228	  0.000602238	  1.96285e-05	  12	  6.64769e-06
54	  0.453087	  0.5547	  0.000457694	  2.08217e-05	  12	  7.0518e-06
55	  0.533146	  0.707107	  0.00032229	  1.56448e-05	  12	  5.2985e-06
56	  0.628319	  0.8	  0.000224868	  1.44303e-05	  12	  4.88718e-06
57	  0.732739	  0.857493	  0.000159522	  8.38336e-06	  12	  2.83924e-06
58	  0.842978	  0.894427	  0.00011604	  8.31783e-06	  12	  2.81704e-06
59	  0.957026	  0.919145	  8.66937e-05	  9.63177e-06	  12	  3.26204e-06
60	  0.397384	  0	  0.000602238	  1.5556e-05	  12	  5.26845e-06
61	  0.416779	  0.301511	  0.000544345	  1.15816e-05	  24	  2.94317e-06
62	  0.470191	  0.534522	  0.000423097	  1.53298e-05	  24	  3.89567e-06
63	  0.547755	  0.688247	  0.000303913	  1.7827e-05	  24	  4.53026e-06
64	  0.640762	  0.784465	  0.000215318	  1.26026e-05	  24	  3.20262e-06
65	  0.743437	  0.845154	  0.000154428	  1.33006e-05	  24	  3.38001e-06
66	  0.852293	  0.884652	  0.000113196	  1.11333e-05	  24	  2.82925e-06
67	  0.965241	  0.911322	  8.49914e-05	  7.80053e-06	  24	  1.9823e-06
68	  0.453087	  0	  0.000457694	  9.4192e-06	  12	  3.19005e-06
69	  0.470191	  0.267261	  0.000423097	  9.26455e-06	  24	  2.35435e-06
70	  0.518125	  0.485071	  0.000343069	  1.45188e-05	  24	  3.68959e-06
71	  0.589415	  0.639602	  0.0002588	  8.72944e-06	  24	  2.21836e-06
72	  0.67672	  0.742781	  0.000190662	  8.61944e-06	  24	  2.19041e-06
73	  0.774643	  0.811107	  0.000140709	  6.78346e-06	  24	  1.72384e-06
74	  0.879646	  0.857143	  0.000105267	  5.42406e-06	  24	  1.37838e-06
75	  0.989477	  0.889001	  8.02223e-05	  6.45976e-06	  24	  1.64158e-06
76	  0.502655	  0	  0.000366372	  5.27975e-06	  6	  2.41944e-06
77	  0.518125	  0.242536	  0.000343069	  1.3888e-05	  12	  4.70353e-06
78	  0.561985	  0.447214	  0.000287335	  9.19294e-06	  12	  3.11342e-06
79	  0.628319	  0.6	  0.000224868	  9.94416e-06	  12	  3.36784e-06
80	  0.710861	  0.707107	  0.000170833	  6.72906e-06	  12	  2.27896e-06
81	  0.80464	  0.780869	  0.000129076	  7.8016e-06	  12	  2.64221e-06
82	  0.906174	  0.83205	  9.83384e-05	  5.84903e-06	  12	  1.98092e-06
83	  1.01313	  0.868243	  7.59517e-05	  4.73627e-06	  12	  1.60406e-06
84	  0.518125	  0	  0.000343069	  1.08459e-05	  12	  3.67324e-06
85	  0.533146	  0.235702	  0.00032229	  6.86618e-06	  24	  1.74486e-06
86	  0.575863	  0.436436	  0.000272348	  1.01324e-05	  24	  2.57489e-06
87	  0.640762	  0.588348	  0.000215318	  9.24349e-06	  24	  2.34899e-06
88	  0.721883	  0.696311	  0.000165008	  8.41299e-06	  24	  2.13794e-06
89	  0.814394	  0.771517	  0.000125575	  7.06026e-06	  24	  1.79418e-06
90	  0.914846	  0.824163	  9.61793e-05	  5.50104e-06	  24	  1.39795e-06
91	  1.0209	  0.86164	  7.46273e-05	  6.07794e-06	  24	  1.54455e-06
92	  0.533146	  0	  0.00032229	  6.77128e-06	  6	  3.10293e-06
93	  0.547755	  0.229416	  0.000303913	  7.00531e-06	  12	  2.37253e-06
94	  0.589415	  0.426401	  0.0002588	  6.21736e-06	  12	  2.10566e-06
95	  0.652968	  0.57735	  0.000206491	  7.4149e-06	  12	  2.51124e-06
96	  0.732739	  0.685994	  0.000159522	  1.37199e-05	  12	  4.6466e-06
97	  0.824032	  0.762493	  0.000122243	  8.74339e-06	  12	  2.96117e-06
98	  0.923436	  0.816497	  9.4156e-05	  5.55876e-06	  12	  1.88261e-06
99	  1.0286	  0.855186	  7.33129e-05	  5.11752e-06	  12	  1.73318e-06
100	  0.561985	  0	  0.000287335	  7.29282e-06	  12	  2.4699e-06
101	  0.575863	  0.218218	  0.000272348	  8.12077e-06	  24	  2.06368e-06
102	  0.615624	  0.408248	  0.000235227	  5.3601e-06	  24	  1.36213e-06
103	  0.67672	  0.557086	  0.000190662	  6.05484e-06	  24	  1.53868e-06
104	  0.753982	  0.666667	  0.000149596	  6.13936e-06	  24	  1.56016e-06
105	  0.842978	  0.745356	  0.00011604	  5.02905e-06	  24	  1.278e-06
106	  0.940381	  0.801784	  9.02866e-05	  4.67503e-06	  24	  1.18804e-06
107	  1.04384	  0.842701	  7.0859e-05	  4.4817e-06	  24	  1.13891e-06
108	  0.628319	  0	  0.000224868	  3.23193e-06	  18	  9.2337e-07
109	  0.640762	  0.196116	  0.000215318	  4.41438e-06	  36	  9.56449e-07
110	  0.67672	  0.371391	  0.000190662	  4.9443e-06	  36	  1.07126e-06
111	  0.732739	  0.514496	  0.000159522	  6.10899e-06	  36	  1.32361e-06
112	  0.80464	  0.624695	  0.000129076	  5.50981e-06	  36	  1.19379e-06
113	  0.888577	  0.707107	  0.000102875	  5.74577e-06	  36	  1.24492e-06
114	  0.981465	  0.768221	  8.17779e-05	  5.6345e-06	  36	  1.22081e-06
115	  0.640762	  0	  0.000215318	  2.34419e-06	  12	  7.93919e-07
116	  0.652968	  0.19245	  0.000206491	  4.19862e-06	  24	  1.06697e-06
117	  0.688288	  0.365148	  0.000183612	  5.25181e-06	  24	  1.33461e-06
118	  0.743437	  0.507093	  0.000154428	  5.42318e-06	  24	  1.37816e-06
119	  0.814394	  0.617213	  0.000125575	  4.63717e-06	  24	  1.17842e-06
120	  0.897418	  0.70014	  0.000100538	  6.12577e-06	  24	  1.5567e-06
121	  0.989477	  0.762001	  8.02223e-05	  3.43253e-06	  24	  8.7229e-07
122	  0.67672	  0	  0.000190662	  6.06439e-06	  12	  2.05386e-06
123	  0.688288	  0.182574	  0.000183612	  3.66057e-06	  24	  9.30238e-07
124	  0.721883	  0.348155	  0.000165008	  3.6583e-06	  24	  9.29661e-07
125	  0.774643	  0.486664	  0.000140709	  3.74077e-06	  24	  9.5062e-07
126	  0.842978	  0.596285	  0.00011604	  4.08008e-06	  24	  1.03685e-06
127	  0.923436	  0.680414	  9.4156e-05	  3.96056e-06	  24	  1.00647e-06
128	  1.01313	  0.744208	  7.59517e-05	  3.0087e-06	  24	  7.64582e-07
129	  0.710861	  0	  0.000170833	  3.89737e-06	  6	  1.78596e-06
130	  0.721883	  0.174078	  0.000165008	  3.25999e-06	  12	  1.10408e-06
131	  0.753982	  0.333333	  0.000149596	  3.3476e-06	  12	  1.13375e-06
132	  0.80464	  0.468521	  0.000129076	  2.65734e-06	  12	  8.99974e-07
133	  0.870624	  0.57735	  0.000107809	  3.48595e-06	  12	  1.18061e-06
134	  0.94874	  0.662266	  8.84403e-05	  4.27475e-06	  12	  1.44775e-06
135	  1.03625	  0.727607	  7.20735e-05	  2.3697e-06	  12	  8.02557e-07
136	  0.732739	  0	  0.000159522	  2.38843e-06	  12	  8.08902e-07
137	  0.743437	  0.169031	  0.000154428	  4.15965e-06	  24	  1.05707e-06
138	  0.774643	  0.324443	  0.000140709	  3.06153e-06	  24	  7.7801e-07
139	  0.824032	  0.457496	  0.000122243	  3.05215e-06	  24	  7.75625e-07
140	  0.888577	  0.565685	  0.000102875	  4.15884e-06	  24	  1.05686e-06
141	  0.965241	  0.650945	  8.49914e-05	  3.88353e-06	  24	  9.86899e-07
142	  0.753982	  0	  0.000149596	  1.27179e-06	  6	  5.82795e-07
143	  0.764382	  0.164399	  0.000144999	  3.02001e-06	  12	  1.0228e-06
144	  0.794767	  0.316228	  0.000132712	  4.04144e-06	  12	  1.36873e-06
145	  0.842978	  0.447214	  0.00011604	  5.05111e-06	  12	  1.71069e-06
146	  0.906174	  0.5547	  9.83384e-05	  3.56495e-06	  12	  1.20736e-06
147	  0.981465	  0.640184	  8.17779e-05	  3.81591e-06	  12	  1.29235e-06
148	  0.764382	  0	  0.000144999	  3.0712e-06	  12	  1.04014e-06
149	  0.774643	  0.162221	  0.000140709	  3.24081e-06	  24	  8.23568e-07
150	  0.80464	  0.312348	  0.000129076	  3.10783e-06	  24	  7.89774e-07
151	  0.852293	  0.442326	  0.000113196	  3.45385e-06	  24	  8.77707e-07
152	  0.914846	  0.549442	  9.61793e-05	  2.93328e-06	  24	  7.45417e-07
153	  0.989477	  0.635001	  8.02223e-05	  3.43685e-06	  24	  8.73388e-07
154	  0.794767	  0	  0.000132712	  2.66335e-06	  12	  9.02009e-07
155	  0.80464	  0.156174	  0.000129076	  2.34091e-06	  24	  5.94881e-07
156	  0.833559	  0.301511	  0.000119096	  3.59521e-06	  24	  9.13631e-07
157	  0.879646	  0.428571	  0.000105267	  2.8238e-06	  24	  7.17595e-07
158	  0.940381	  0.534522	  9.02866e-05	  3.02266e-06	  24	  7.68131e-07
159	  1.01313	  0.620174	  7.59517e-05	  3.12204e-06	  24	  7.93385e-07
160	  0.80464	  0	  0.000129076	  1.64846e-06	  12	  5.58294e-07
161	  0.814394	  0.154303	  0.000125575	  1.97259e-06	  24	  5.01283e-07
162	  0.842978	  0.298142	  0.00011604	  2.16136e-06	  24	  5.49253e-07
163	  0.888577	  0.424264	  0.000102875	  3.39583e-06	  24	  8.62962e-07
164	  0.94874	  0.529813	  8.84403e-05	  2.02012e-06	  24	  5.13362e-07
165	  1.0209	  0.615457	  7.46273e-05	  3.04103e-06	  24	  7.72799e-07
166	  0.842978	  0	  0.00011604	  2.81297e-06	  12	  9.52681e-07
167	  0.852293	  0.147442	  0.000113196	  2.49359e-06	  24	  6.33681e-07
168	  0.879646	  0.285714	  0.000105267	  1.79873e-06	  24	  4.57101e-07
169	  0.923436	  0.408248	  9.4156e-05	  3.50158e-06	  24	  8.89837e-07
170	  0.981465	  0.512148	  8.17779e-05	  2.33984e-06	  24	  5.94611e-07
171	  0.879646	  0	  0.000105267	  4.97044e-06	  6	  2.2777e-06
172	  0.888577	  0.141421	  0.000102875	  2.80448e-06	  12	  9.49806e-07
173	  0.914846	  0.274721	  9.61793e-05	  1.97667e-06	  12	  6.6945e-07
174	  0.957026	  0.393919	  8.66937e-05	  3.08902e-06	  12	  1.04617e-06
175	  1.01313	  0.496139	  7.59517e-05	  3.00781e-06	  12	  1.01867e-06
176	  0.888577	  0	  0.000102875	  2.84531e-06	  18	  8.1291e-07
177	  0.897418	  0.140028	  0.000100538	  2.73393e-06	  36	  5.92351e-07
178	  0.923436	  0.272166	  9.4156e-05	  2.11319e-06	  36	  4.57858e-07
179	  0.965241	  0.390567	  8.49914e-05	  1.84763e-06	  36	  4.00321e-07
180	  1.0209	  0.492366	  7.46273e-05	  2.68012e-06	  36	  5.80693e-07
181	  0.906174	  0	  9.83384e-05	  2.17063e-06	  12	  7.35138e-07
182	  0.914846	  0.137361	  9.61793e-05	  2.2661e-06	  24	  5.75872e-07
183	  0.940381	  0.267261	  9.02866e-05	  1.57082e-06	  24	  3.99183e-07
184	  0.981465	  0.384111	  8.17779e-05	  2.28381e-06	  24	  5.80372e-07
185	  1.03625	  0.485071	  7.20735e-05	  2.34693e-06	  24	  5.96412e-07
186	  0.914846	  0	  9.61793e-05	  1.46086e-06	  12	  4.94758e-07
187	  0.923436	  0.136083	  9.4156e-05	  2.39915e-06	  24	  6.09683e-07
188	  0.94874	  0.264906	  8.84403e-05	  2.09697e-06	  24	  5.3289e-07
189	  0.989477	  0.381	  8.02223e-05	  1.9275e-06	  24	  4.89824e-07
190	  1.04384	  0.481543	  7.0859e-05	  2.8359e-06	  24	  7.2067e-07
191	  0.957026	  0	  8.66937e-05	  2.14183e-06	  12	  7.25384e-07
192	  0.965241	  0.130189	  8.49914e-05	  1.19983e-06	  24	  3.04905e-07
193	  0.989477	  0.254	  8.02223e-05	  2.04609e-06	  24	  5.1996e-07
194	  1.0286	  0.366508	  7.33129e-05	  1.73934e-06	  24	  4.42009e-07
195	  0.981465	  0	  8.17779e-05	  1.90656e-06	  12	  6.45705e-07
196	  0.989477	  0.127	  8.02223e-05	  2.13823e-06	  24	  5.43376e-07
197	  1.01313	  0.248069	  7.59517e-05	  1.98333e-06	  24	  5.04013e-07
198	  1.00531	  0	  7.73367e-05	  1.01178e-06	  6	  4.63644e-07
199	  1.01313	  0.124035	  7.59517e-05	  1.35302e-06	  12	  4.58235e-07
200	  1.03625	  0.242536	  7.20735e-05	  1.63922e-06	  12	  5.55163e-07
201	  1.01313	  0	  7.59517e-05	  1.58074e-06	  24	  4.01705e-07
202	  1.0209	  0.123091	  7.46273e-05	  1.74224e-06	  48	  3.38583e-07
203	  1.04384	  0.240772	  7.0859e-05	  2.40424e-06	  48	  4.67235e-07
204	  1.03625	  0	  7.20735e-05	  1.38898e-06	  12	  4.70412e-07
205	  1.04384	  0.120386	  7.0859e-05	  2.3909e-06	  24	  6.07586e-07
206	  1.13795	  0.0307688	  5.78752e-05	  1.16009e-06	  108	  1.69634e-07
207	  1.13795	  0.0938409	  5.78752e-05	  1.25474e-06	  216	  1.48111e-07
208	  1.13795	  0.218771	  5.78752e-05	  1.32855e-06	  216	  1.56824e-07
209	  1.13795	  0.343792	  5.78752e-05	  1.3483e-06	  228	  1.56709e-07
210	  1.13795	  0.406346	  5.78752e-05	  1.81751e-06	  84	  2.89182e-07
211	  1.13795	  0.468799	  5.78752e-05	  2.10012e-06	  108	  3.07091e-07
212	  1.13795	  0.531211	  5.78752e-05	  1.70401e-06	  132	  2.33515e-07
213	  1.13795	  0.593752	  5.78752e-05	  2.56559e-06	  120	  3.62484e-07
214	  1.13795	  0.656285	  5.78752e-05	  2.51471e-06	  144	  3.35294e-07
215	  1.13795	  0.718778	  5.78752e-05	  3.22082e-06	  132	  4.41377e-07
216	  1.13795	  0.781285	  5.78752e-05	  3.21833e-06	  120	  4.54708e-07
217	  1.13795	  0.843751	  5.78752e-05	  3.34407e-06	  144	  4.45875e-07
218	  1.13795	  0.906307	  5.78752e-05	  5.09339e-06	  108	  7.44781e-07
219	  1.13795	  0.968805	  5.78752e-05	  5.12627e-06	  123	  7.18534e-07
220	  1.31028	  0.0307688	  4.14765e-05	  8.56055e-07	  138	  1.15675e-07
221	  1.31028	  0.0938409	  4.14765e-05	  9.41107e-07	  276	  1.03703e-07
222	  1.31028	  0.156375	  4.14765e-05	  1.04509e-06	  72	  1.75419e-07
223	  1.31028	  0.218771	  4.14765e-05	  9.06009e-07	  192	  1.10686e-07
224	  1.31028	  0.281239	  4.14765e-05	  1.10968e-06	  288	  1.20872e-07
225	  1.31028	  0.343792	  4.14765e-05	  1.00662e-06	  120	  1.42222e-07
226	  1.31028	  0.406346	  4.14765e-05	  1.19483e-06	  180	  1.48799e-07
227	  1.31028	  0.468799	  4.14765e-05	  1.02623e-06	  192	  1.25373e-07
228	  1.31028	  0.531211	  4.14765e-05	  1.37134e-06	  168	  1.74368e-07
229	  1.31028	  0.593752	  4.14765e-05	  1.42275e-06	  192	  1.73816e-07
230	  1.31028	  0.656285	  4.14765e-05	  1.43063e-06	  192	  1.74778e-07
231	  1.31028	  0.718778	  4.14765e-05	  2.16416e-06	  228	  2.51533e-07
232	  1.31028	  0.781285	  4.14765e-05	  2.76769e-06	  144	  3.69025e-07
233	  1.31028	  0.843751	  4.14765e-05	  2.58086e-06	  216	  3.04648e-07
234	  1.31028	  0.906307	  4.14765e-05	  3.39346e-06	  168	  4.31484e-07
235	  1.31028	  0.968805	  4.14765e-05	  3.25889e-06	  162	  4.18987e-07
236	  1.51187	  0.0307688	  2.94727e-05	  6.44019e-07	  198	  7.79694e-08
237	  1.51187	  0.0938409	  2.94727e-05	  6.22234e-07	  396	  6.23801e-08
238	  1.51187	  0.156375	  2.94727e-05	  6.9915e-07	  396	  7.00911e-08
239	  1.51187	  0.218771	  2.94727e-05	  7.13939e-07	  204	  8.56827e-08
240	  1.51187	  0.281239	  2.94727e-05	  8.13399e-07	  240	  9.31746e-08
241	  1.51187	  0.343792	  2.94727e-05	  8.7977e-07	  372	  8.96024e-08
242	  1.51187	  0.406346	  2.94727e-05	  8.09138e-07	  312	  8.62653e-08
243	  1.51187	  0.468799	  2.94727e-05	  8.89191e-07	  276	  9.79826e-08
244	  1.51187	  0.531211	  2.94727e-05	  1.08943e-06	  288	  1.18667e-07
245	  1.51187	  0.593752	  2.94727e-05	  1.04051e-06	  336	  1.0879e-07
246	  1.51187	  0.656285	  2.94727e-05	  1.18623e-06	  252	  1.34037e-07
247	  1.51187	  0.718778	  2.94727e-05	  1.3449e-06	  312	  1.43384e-07
248	  1.51187	  0.781285	  2.94727e-05	  1.56787e-06	  324	  1.65498e-07
249	  1.51187	  0.843751	  2.94727e-05	  1.74655e-06	  240	  2.00067e-07
250	  1.51187	  0.906307	  2.94727e-05	  1.77054e-06	  324	  1.8689e-07
251	  1.51187	  0.968805	  2.94727e-05	  2.31655e-06	  303	  2.4891e-07
252	  1.74481	  0.0307688	  2.08594e-05	  4.66637e-07	  246	  5.30835e-08
253	  1.74481	  0.0938409	  2.08594e-05	  4.94393e-07	  492	  4.70086e-08
254	  1.74481	  0.156375	  2.08594e-05	  5.23534e-07	  504	  4.94967e-08
255	  1.74481	  0.218771	  2.08594e-05	  4.95597e-07	  528	  4.63479e-08
256	  1.74481	  0.281239	  2.08594e-05	  5.41631e-07	  480	  5.18035e-08
257	  1.74481	  0.343792	  2.08594e-05	  5.24245e-07	  384	  5.2965e-08
258	  1.74481	  0.406346	  2.08594e-05	  6.10432e-07	  420	  6.03076e-08
259	  1.74481	  0.468799	  2.08594e-05	  6.37391e-07	  468	  6.1333e-08
260	  1.74481	  0.531211	  2.08594e-05	  7.47663e-07	  456	  7.23957e-08
261	  1.74481	  0.593752	  2.08594e-05	  7.65391e-07	  444	  7.45934e-08
262	  1.74481	  0.656285	  2.08594e-05	  8.56822e-07	  396	  8.5898e-08
263	  1.74481	  0.718778	  2.08594e-05	  1.00804e-06	  456	  9.76076e-08
264	  1.74481	  0.781285	  2.08594e-05	  1.0421e-06	  384	  1.05284e-07
265	  1.74481	  0.843751	  2.08594e-05	  1.11992e-06	  480	  1.07114e-07
266	  1.74481	  0.906307	  2.08594e-05	  1.21213e-06	  480	  1.15932e-07
267	  1.74481	  0.968805	  2.08594e-05	  1.21737e-06	  414	  1.20699e-07
268	  2.01778	  0.0307688	  1.46375e-05	  3.88152e-07	  798	  3.3148e-08
269	  2.01778	  0.0938409	  1.46375e-05	  3.84239e-07	  708	  3.36525e-08
270	  2.01778	  0.156375	  1.46375e-05	  3.64339e-07	  684	  3.21478e-08
271	  2.01778	  0.218771	  1.46375e-05	  3.7388e-07	  720	  3.26277e-08
272	  2.01778	  0.281239	  1.46375e-05	  4.12879e-07	  708	  3.61609e-08
273	  2.01778	  0.343792	  1.46375e-05	  4.3108e-07	  720	  3.76194e-08
274	  2.01778	  0.406346	  1.46375e-05	  4.20956e-07	  672	  3.72865e-08
275	  2.01778	  0.468799	  1.46375e-05	  5.02588e-07	  732	  4.37056e-08
276	  2.01778	  0.531211	  1.46375e-05	  5.36289e-07	  672	  4.75023e-08
277	  2.01778	  0.593752	  1.46375e-05	  5.57682e-07	  708	  4.8843e-08
278	  2.01778	  0.656285	  1.46375e-05	  6.2634e-07	  744	  5.42797e-08
279	  2.01778	  0.718778	  1.46375e-05	  6.94701e-07	  744	  6.0204e-08
280	  2.01778	  0.781285	  1.46375e-05	  7.41278e-07	  696	  6.5162e-08
281	  2.01778	  0.843751	  1.46375e-05	  7.63049e-07	  708	  6.68296e-08
282	  2.01778	  0.906307	  1.46375e-05	  8.03513e-07	  696	  7.06327e-08
283	  2.01778	  0.968805	  1.46375e-05	  8.6301e-07	  741	  7.4854e-08
284	  2.33149	  0.0307688	  1.02575e-05	  2.6004e-07	  1320	  2.01593e-08
285	  2.33149	  0.0938409	  1.02575e-05	  2.60136e-07	  900	  2.1678e-08
286	  2.33149	  0.156375	  1.02575e-05	  2.71492e-07	  948	  2.23922e-08
287	  2.33149	  0.218771	  1.02575e-05	  2.68077e-07	  924	  2.2223e-08
288	  2.33149	  0.281239	  1.02575e-05	  2.80194e-07	  1128	  2.23524e-08
289	  2.33149	  0.343792	  1.02575e-05	  2.8174e-07	  1116	  2.25206e-08
290	  2.33149	  0.406346	  1.02575e-05	  3.02633e-07	  1080	  2.43405e-08
291	  2.33149	  0.468799	  1.02575e-05	  3.44181e-07	  1020	  2.79858e-08
292	  2.33149	  0.531211	  1.02575e-05	  3.48534e-07	  1092	  2.79738e-08
293	  2.33149	  0.593752	  1.02575e-05	  4.10958e-07	  1140	  3.27194e-08
294	  2.33149	  0.656285	  1.02575e-05	  4.15088e-07	  1008	  3.38285e-08
295	  2.33149	  0.718778	  1.02575e-05	  4.34291e-07	  984	  3.55593e-08
296	  2.33149	  0.781285	  1.02575e-05	  4.9149e-07	  1056	  3.9699e-08
297	  2.33149	  0.843751	  1.02575e-05	  4.84941e-07	  1128	  3.8686e-08
298	  2.33149	  0.906307	  1.02575e-05	  5.44777e-07	  1080	  4.38159e-08
299	  2.33149	  0.968805	  1.02575e-05	  5.78515e-07	  1002	  4.72018e-08
300	  2.69126	  0.0307688	  7.18512e-06	  1.83091e-07	  1902	  1.33527e-08
301	  2.69126	  0.0938409	  7.18512e-06	  1.95674e-07	  1200	  1.54323e-08
302	  2.69126	  0.156375	  7.18512e-06	  1.987e-07	  1932	  1.44556e-08
303	  2.69126	  0.218771	  7.18512e-06	  2.0514e-07	  1692	  1.52441e-08
304	  2.69126	  0.281239	  7.18512e-06	  2.07228e-07	  1488	  1.57336e-08
305	  2.69126	  0.343792	  7.18512e-06	  2.04368e-07	  1716	  1.51519e-08
306	  2.69126	  0.406346	  7.18512e-06	  2.17843e-07	  1464	  1.65855e-08
307	  2.69126	  0.468799	  7.18512e-06	  2.34838e-07	  1836	  1.72225e-08
308	  2.69126	  0.531211	  7.18512e-06	  2.5532e-07	  1608	  1.91331e-08
309	  2.69126	  0.593752	  7.18512e-06	  2.66877e-07	  1632	  1.995e-08
310	  2.69126	  0.656285	  7.18512e-06	  2.81371e-07	  1716	  2.08609e-08
311	  2.69126	  0.718778	  7.18512e-06	  2.90756e-07	  1752	  2.14842e-08
312	  2.69126	  0.781285	  7.18512e-06	  3.18127e-07	  1668	  2.36957e-08
313	  2.69126	  0.843751	  7.18512e-06	  3.29409e-07	  1560	  2.48106e-08
314	  2.69126	  0.906307	  7.18512e-06	  3.26453e-07	  1704	  2.4231e-08
315	  2.69126	  0.968805	  7.18512e-06	  3.67324e-07	  1605	  2.7535e-08
316	  3.10927	  0.0307688	  5.01042e-06	  1.32164e-07	  2496	  9.25357e-09
317	  3.10927	  0.0938409	  5.01042e-06	  1.28431e-07	  2892	  8.80975e-09
318	  3.10927	  0.156375	  5.01042e-06	  1.50769e-07	  2136	  1.08006e-08
319	  3.10927	  0.218771	  5.01042e-06	  1.36702e-07	  2784	  9.42591e-09
320	  3.10927	  0.281239	  5.01042e-06	  1.53244e-07	  2544	  1.07005e-08
321	  3.10927	  0.343792	  5.01042e-06	  1.47397e-07	  2364	  1.04014e-08
322	  3.10927	  0.406346	  5.01042e-06	  1.61213e-07	  2808	  1.1103e-08
323	  3.10927	  0.468799	  5.01042e-06	  1.649e-07	  2376	  1.1628e-08
324	  3.10927	  0.531211	  5.01042e-06	  1.76957e-07	  2568	  1.23398e-08
325	  3.10927	  0.593752	  5.01042e-06	  1.81832e-07	  2568	  1.26798e-08
326	  3.10927	  0.656285	  5.01042e-06	  1.88212e-07	  2556	  1.31334e-08
327	  3.10927	  0.718778	  5.01042e-06	  1.96927e-07	  2436	  1.38363e-08
328	  3.10927	  0.781285	  5.01042e-06	  2.03178e-07	  2508	  1.4216e-08
329	  3.10927	  0.843751	  5.01042e-06	  2.1346e-07	  2628	  1.48369e-08
330	  3.10927	  0.906307	  5.01042e-06	  2.05608e-07	  2532	  1.43665e-08
331	  3.10927	  0.968805	  5.01042e-06	  2.13797e-07	  2580	  1.4899e-08
332	  3.59032	  0.0307688	  3.48869e-06	  1.00764e-07	  3282	  6.79706e-09
333	  3.59032	  0.0938409	  3.48869e-06	  1.01405e-07	  4320	  6.61305e-09
334	  3.59032	  0.156375	  3.48869e-06	  1.00008e-07	  4296	  6.52624e-09
335	  3.59032	  0.218771	  3.48869e-06	  1.01811e-07	  3684	  6.76791e-09
336	  3.59032	  0.281239	  3.48869e-06	  1.07599e-07	  3972	  7.08722e-09
337	  3.59032	  0.343792	  3.48869e-06	  1.10242e-07	  4008	  7.25342e-09
338	  3.59032	  0.406346	  3.48869e-06	  1.09119e-07	  3816	  7.22239e-09
339	  3.59032	  0.468799	  3.48869e-06	  1.14807e-07	  3900	  7.57872e-09
340	  3.59032	  0.531211	  3.48869e-06	  1.21128e-07	  3924	  7.99009e-09
341	  3.59032	  0.593752	  3.48869e-06	  1.23025e-07	  3744	  8.16187e-09
342	  3.59032	  0.656285	  3.48869e-06	  1.23514e-07	  3936	  8.14446e-09
343	  3.59032	  0.718778	  3.48869e-06	  1.28871e-07	  3948	  8.49457e-09
344	  3.59032	  0.781285	  3.48869e-06	  1.30982e-07	  3852	  8.65949e-09
345	  3.59032	  0.843751	  3.48869e-06	  1.32227e-07	  3996	  8.7031e-09
346	  3.59032	  0.906307	  3.48869e-06	  1.32641e-07	  3864	  8.76587e-09
347	  3.59032	  0.968805	  3.48869e-06	  1.28774e-07	  3924	  8.49444e-09
348	  4.14536	  0.0307688	  2.42356e-06	  7.06833e-08	  6432	  4.4155e-09
349	  4.14536	  0.0938409	  2.42356e-06	  7.40195e-08	  5904	  4.6643e-09
350	  4.14536	  0.156375	  2.42356e-06	  7.22872e-08	  5664	  4.57486e-09
351	  4.14536	  0.218771	  2.42356e-06	  7.4485e-08	  6060	  4.68108e-09
352	  4.14536	  0.281239	  2.42356e-06	  7.28193e-08	  5808	  4.59647e-09
353	  4.14536	  0.343792	  2.42356e-06	  7.58553e-08	  6228	  4.75396e-09
354	  4.14536	  0.406346	  2.42356e-06	  7.73088e-08	  6120	  4.85366e-09
355	  4.14536	  0.468799	  2.42356e-06	  7.88858e-08	  5976	  4.96474e-09
356	  4.14536	  0.531211	  2.42356e-06	  8.08034e-08	  5976	  5.08543e-09
357	  4.14536	  0.593752	  2.42356e-06	  8.18698e-08	  6072	  5.14414e-09
358	  4.14536	  0.656285	  2.42356e-06	  8.36883e-08	  6024	  5.26267e-09
359	  4.14536	  0.718778	  2.42356e-06	  8.149e-08	  6012	  5.12548e-09
360	  4.14536	  0.781285	  2.42356e-06	  8.08416e-08	  6060	  5.08056e-09
361	  4.14536	  0.843751	  2.42356e-06	  8.24785e-08	  6036	  5.18554e-09
362	  4.14536	  0.906307	  2.42356e-06	  8.05946e-08	  5916	  5.07756e-09
363	  4.14536	  0.968805	  2.42356e-06	  7.6764e-08	  6075	  4.82308e-09
364	  4.78665	  0.0307688	  1.67897e-06	  5.20916e-08	  9726	  3.13278e-09
365	  4.78665	  0.0938409	  1.67897e-06	  5.24588e-08	  8388	  3.19572e-09
366	  4.78665	  0.156375	  1.67897e-06	  5.22889e-08	  9816	  3.14221e-09
367	  4.78665	  0.218771	  1.67897e-06	  5.27953e-08	  9192	  3.19043e-09
368	  4.78665	  0.281239	  1.67897e-06	  5.34278e-08	  9372	  3.22328e-09
369	  4.78665	  0.343792	  1.67897e-06	  5.16712e-08	  9120	  3.12463e-09
370	  4.78665	  0.406346	  1.67897e-06	  5.45336e-08	  9168	  3.29622e-09
371	  4.78665	  0.468799	  1.67897e-06	  5.32559e-08	  9288	  3.21539e-09
372	  4.78665	  0.531211	  1.67897e-06	  5.38486e-08	  9288	  3.25118e-09
373	  4.78665	  0.593752	  1.67897e-06	  5.34763e-08	  9492	  3.2227e-09
374	  4.78665	  0.656285	  1.67897e-06	  5.33642e-08	  8976	  3.23147e-09
375	  4.78665	  0.718778	  1.67897e-06	  5.29906e-08	  9432	  3.19516e-09
376	  4.78665	  0.781285	  1.67897e-06	  5.02382e-08	  9240	  3.03454e-09
377	  4.78665	  0.843751	  1.67897e-06	  4.87769e-08	  9300	  2.94464e-09
378	  4.78665	  0.906307	  1.67897e-06	  4.85589e-08	  9312	  2.93115e-09
379	  4.78665	  0.968805	  1.67897e-06	  4.50429e-08	  9183	  2.72218e-09
380	  5.52669	  0.0307688	  1.16074e-06	  3.82566e-08	  12906	  2.24958e-09
381	  5.52669	  0.0938409	  1.16074e-06	  3.67732e-08	  15516	  2.13388e-09
382	  5.52669	  0.156375	  1.16074e-06	  3.65208e-08	  14088	  2.13373e-09
383	  5.52669	  0.218771	  1.16074e-06	  3.71149e-08	  14496	  2.16401e-09
384	  5.52669	  0.281239	  1.16074e-06	  3.59995e-08	  14268	  2.10135e-09
385	  5.52669	  0.343792	  1.16074e-06	  3.59984e-08	  14340	  2.10053e-09
386	  5.52669	  0.406346	  1.16074e-06	  3.62024e-08	  14292	  2.11295e-09
387	  5.52669	  0.468799	  1.16074e-06	  3.53736e-08	  14064	  2.06696e-09
388	  5.52669	  0.531211	  1.16074e-06	  3.55241e-08	  14448	  2.07175e-09
389	  5.52669	  0.593752	  1.16074e-06	  3.36806e-08	  14148	  1.96719e-09
390	  5.52669	  0.656285	  1.16074e-06	  3.32985e-08	  14340	  1.94299e-09
391	  5.52669	  0.718778	  1.16074e-06	  3.21821e-08	  14196	  1.87921e-09
392	  5.52669	  0.781285	  1.16074e-06	  3.05591e-08	  14148	  1.78487e-09
393	  5.52669	  0.843751	  1.16074e-06	  2.87155e-08	  14244	  1.67638e-09
394	  5.52669	  0.906307	  1.16074e-06	  2.73122e-08	  14352	  1.59359e-09
395	  5.52669	  0.968805	  1.16074e-06	  2.58267e-08	  14226	  1.50787e-09
396	  6.38202	  0.0307688	  8.00943e-07	  2.71203e-08	  23682	  1.53225e-09
397	  6.38202	  0.0938409	  8.00943e-07	  2.66057e-08	  20736	  1.51505e-09
398	  6.38202	  0.156375	  8.00943e-07	  2.57937e-08	  21744	  1.46461e-09
399	  6.38202	  0.218771	  8.00943e-07	  2.56513e-08	  22008	  1.45547e-09
400	  6.38202	  0.281239	  8.00943e-07	  2.46982e-08	  21600	  1.40296e-09
401	  6.38202	  0.343792	  8.00943e-07	  2.45067e-08	  22332	  1.38933e-09
402	  6.38202	  0.406346	  8.00943e-07	  2.37713e-08	  21948	  1.34902e-09
403	  6.38202	  0.468799	  8.00943e-07	  2.32923e-08	  22008	  1.32163e-09
404	  6.38202	  0.531211	  8.00943e-07	  2.24883e-08	  21960	  1.27617e-09
405	  6.38202	  0.593752	  8.00943e-07	  2.14229e-08	  21840	  1.2161e-09
406	  6.38202	  0.656285	  8.00943e-07	  1.97904e-08	  22212	  1.12231e-09
407	  6.38202	  0.718778	  8.00943e-07	  1.92556e-08	  21972	  1.09268e-09
408	  6.38202	  0.781285	  8.00943e-07	  1.76759e-08	  21876	  1.00331e-09
409	  6.38202	  0.843751	  8.00943e-07	  1.64875e-08	  22152	  9.35153e-10
410	  6.38202	  0.906307	  8.00943e-07	  1.50571e-08	  21912	  8.54573e-10
411	  6.38202	  0.968805	  8.00943e-07	  1.37726e-08	  22020	  7.8144e-10
412	  7.37039	  0.0307688	  5.51369e-07	  1.92893e-08	  32160	  1.07202e-09
413	  7.37039	  0.0938409	  5.51369e-07	  1.85948e-08	  35364	  1.02862e-09
414	  7.37039	  0.156375	  5.51369e-07	  1.80778e-08	  34104	  1.00178e-09
415	  7.37039	  0.218771	  5.51369e-07	  1.73097e-08	  33708	  9.59766e-10
416	  7.37039	  0.281239	  5.51369e-07	  1.67682e-08	  34344	  9.28891e-10
417	  7.37039	  0.343792	  5.51369e-07	  1.58273e-08	  33612	  8.77693e-10
418	  7.37039	  0.406346	  5.51369e-07	  1.50101e-08	  33732	  8.32231e-10
419	  7.37039	  0.468799	  5.51369e-07	  1.46425e-08	  33960	  8.11581e-10
420	  7.37039	  0.531211	  5.51369e-07	  1.36043e-08	  33816	  7.54194e-10
421	  7.37039	  0.593752	  5.51369e-07	  1.26693e-08	  33960	  7.02214e-10
422	  7.37039	  0.656285	  5.51369e-07	  1.17792e-08	  33516	  6.53302e-10
423	  7.37039	  0.718778	  5.51369e-07	  1.08673e-08	  34056	  6.02253e-10
424	  7.37039	  0.781285	  5.51369e-07	  1.00727e-08	  33984	  5.58277e-10
425	  7.37039	  0.843751	  5.51369e-07	  9.02432e-09	  33768	  5.00325e-10
426	  7.37039	  0.906307	  5.51369e-07	  8.19404e-09	  33972	  4.54159e-10
427	  7.37039	  0.968805	  5.51369e-07	  7.382e-09	  33804	  4.09251e-10
428	  8.51213	  0.0307688	  3.7877e-07	  1.34134e-08	  54198	  7.28288e-10
429	  8.51213	  0.0938409	  3.7877e-07	  1.29043e-08	  49692	  7.03105e-10
430	  8.51213	  0.156375	  3.7877e-07	  1.22696e-08	  53040	  6.66753e-10
431	  8.51213	  0.218771	  3.7877e-07	  1.15844e-08	  51612	  6.30212e-10
432	  8.51213	  0.281239	  3.7877e-07	  1.09107e-08	  52416	  5.93191e-10
433	  8.51213	  0.343792	  3.7877e-07	  1.01362e-08	  51984	  5.51268e-10
434	  8.51213	  0.406346	  3.7877e-07	  9.3809e-09	  52524	  5.09977e-10
435	  8.51213	  0.468799	  3.7877e-07	  8.76802e-09	  52164	  4.76791e-10
436	  8.51213	  0.531211	  3.7877e-07	  8.01579e-09	  52320	  4.35833e-10
437	  8.51213	  0.593752	  3.7877e-07	  7.33376e-09	  52380	  3.98732e-10
438	  8.51213	  0.656285	  3.7877e-07	  6.58708e-09	  52164	  3.58195e-10
439	  8.51213	  0.718778	  3.7877e-07	  6.04103e-09	  52284	  3.28471e-10
440	  8.51213	  0.781285	  3.7877e-07	  5.34306e-09	  52140	  2.90553e-10
441	  8.51213	  0.843751	  3.7877e-07	  4.78341e-09	  52164	  2.60114e-10
442	  8.51213	  0.906307	  3.7877e-07	  4.2126e-09	  52200	  2.29068e-10
443	  8.51213	  0.968805	  3.7877e-07	  3.66606e-09	  52086	  1.99367e-10
444	  9.82942	  0.0307688	  2.5979e-07	  9.23191e-09	  79470	  4.94344e-10
445	  9.82942	  0.0938409	  2.5979e-07	  8.74335e-09	  82284	  4.67648e-10
446	  9.82942	  0.156375	  2.5979e-07	  8.1361e-09	  78936	  4.35764e-10
447	  9.82942	  0.218771	  2.5979e-07	  7.51688e-09	  80292	  4.02372e-10
448	  9.82942	  0.281239	  2.5979e-07	  6.83318e-09	  80172	  3.65792e-10
449	  9.82942	  0.343792	  2.5979e-07	  6.22899e-09	  80484	  3.33406e-10
450	  9.82942	  0.406346	  2.5979e-07	  5.60292e-09	  80208	  2.99929e-10
451	  9.82942	  0.468799	  2.5979e-07	  5.0332e-09	  79944	  2.69461e-10
452	  9.82942	  0.531211	  2.5979e-07	  4.52093e-09	  79896	  2.42041e-10
453	  9.82942	  0.593752	  2.5979e-07	  4.00308e-09	  80508	  2.14262e-10
454	  9.82942	  0.656285	  2.5979e-07	  3.52174e-09	  80316	  1.88514e-10
455	  9.82942	  0.718778	  2.5979e-07	  3.12091e-09	  80124	  1.67071e-10
456	  9.82942	  0.781285	  2.5979e-07	  2.69521e-09	  80256	  1.44274e-10
457	  9.82942	  0.843751	  2.5979e-07	  2.32991e-09	  80136	  1.24726e-10
458	  9.82942	  0.906307	  2.5979e-07	  2.01864e-09	  80364	  1.08053e-10
459	  9.82942	  0.968805	  2.5979e-07	  1.70216e-09	  80229	  9.11176e-11
