#n	   k	      mu	    PL	    Pf	     w	     err  
0	  0.10472	  1	  0.00340069	  0.000796233	  3	  0.000499517
1	  0.20944	  1	  0.00120796	  0.0002253	  3	  0.000141342
2	  0.314159	  1	  0.00056581	  0.000210605	  3	  0.000132123
3	  0.418879	  1	  0.000317111	  3.70367e-05	  3	  2.3235e-05
4	  0.523599	  1	  0.000200477	  1.29781e-05	  3	  8.14179e-06
5	  0.628319	  1	  0.000135839	  6.44012e-05	  3	  4.04021e-05
6	  0.733038	  1	  9.71158e-05	  2.87455e-05	  3	  1.80335e-05
7	  0.837758	  1	  7.2289e-05	  2.28474e-05	  3	  1.43333e-05
8	  0.942478	  1	  5.55114e-05	  3.41468e-06	  3	  2.1422e-06
9	  0.10472	  0	  0.00340069	  0.000133934	  6	  6.13749e-05
10	  0.148096	  0.707107	  0.00216258	  0.000190971	  12	  6.46773e-05
11	  0.23416	  0.894427	  0.000956871	  0.000235351	  12	  7.97075e-05
12	  0.331153	  0.948683	  0.000512389	  9.60826e-05	  12	  3.25408e-05
13	  0.431771	  0.970143	  0.000298428	  4.67944e-05	  12	  1.58481e-05
14	  0.533968	  0.980581	  0.000192286	  3.24326e-05	  12	  1.09841e-05
15	  0.636985	  0.986394	  0.000131856	  2.02404e-05	  12	  6.85493e-06
16	  0.74048	  0.989949	  9.50147e-05	  2.44194e-05	  12	  8.27026e-06
17	  0.844278	  0.992278	  7.10317e-05	  1.33205e-05	  12	  4.51133e-06
18	  0.948278	  0.993884	  5.47385e-05	  1.27516e-05	  12	  4.31864e-06
19	  0.148096	  0	  0.00216258	  7.5381e-05	  6	  3.45432e-05
20	  0.18138	  0.57735	  0.00153421	  0.000107466	  12	  3.63962e-05
21	  0.25651	  0.816497	  0.000842148	  0.000115741	  12	  3.91985e-05
22	  0.347316	  0.904534	  0.000461525	  6.393e-05	  12	  2.16515e-05
23	  0.444288	  0.942809	  0.000282116	  4.06367e-05	  12	  1.37626e-05
24	  0.54414	  0.96225	  0.000184652	  3.69319e-05	  12	  1.25079e-05
25	  0.645536	  0.973329	  0.000128147	  2.17723e-05	  12	  7.37375e-06
26	  0.747849	  0.980196	  9.29373e-05	  1.53958e-05	  12	  5.21417e-06
27	  0.850747	  0.984732	  6.98511e-05	  1.66214e-05	  12	  5.62927e-06
28	  0.954042	  0.987878	  5.39956e-05	  1.22266e-05	  12	  4.14083e-06
29	  0.20944	  0	  0.00120796	  4.41397e-05	  6	  2.0227e-05
30	  0.23416	  0.447214	  0.000956871	  7.32506e-05	  12	  2.48082e-05
31	  0.296192	  0.707107	  0.000623093	  8.59191e-05	  12	  2.90987e-05
32	  0.377572	  0.83205	  0.000392702	  5.95153e-05	  12	  2.01564e-05
33	  0.468321	  0.894427	  0.000253118	  4.96555e-05	  12	  1.68171e-05
34	  0.563933	  0.928477	  0.000171157	  1.66427e-05	  12	  5.63647e-06
35	  0.662306	  0.948683	  0.000121199	  1.80843e-05	  12	  6.12469e-06
36	  0.762371	  0.961524	  8.90872e-05	  1.71193e-05	  12	  5.79789e-06
37	  0.863541	  0.970143	  6.75513e-05	  5.91945e-06	  12	  2.00477e-06
38	  0.965468	  0.976187	  5.25652e-05	  8.19789e-06	  12	  2.77642e-06
39	  0.23416	  0	  0.000956871	  4.72207e-05	  12	  1.59925e-05
40	  0.25651	  0.408248	  0.000842148	  4.63142e-05	  24	  1.17695e-05
41	  0.314159	  0.666667	  0.00056581	  6.29926e-05	  24	  1.60079e-05
42	  0.391825	  0.801784	  0.000365623	  4.40422e-05	  24	  1.11922e-05
43	  0.479886	  0.872872	  0.000240238	  5.29171e-05	  24	  1.34475e-05
44	  0.573574	  0.912871	  0.000165194	  2.34188e-05	  24	  5.95129e-06
45	  0.670534	  0.937043	  0.000118025	  1.52384e-05	  24	  3.87244e-06
46	  0.76953	  0.952579	  8.72914e-05	  1.50161e-05	  24	  3.81596e-06
47	  0.869868	  0.963087	  6.64672e-05	  1.23077e-05	  24	  3.12768e-06
48	  0.971131	  0.970495	  5.18642e-05	  9.72668e-06	  24	  2.47179e-06
49	  0.296192	  0	  0.000623093	  2.67752e-05	  6	  1.22697e-05
50	  0.314159	  0.333333	  0.00056581	  3.50512e-05	  12	  1.1871e-05
51	  0.36276	  0.57735	  0.000422434	  2.96257e-05	  12	  1.00335e-05
52	  0.431771	  0.727607	  0.000298428	  3.80612e-05	  12	  1.28904e-05
53	  0.51302	  0.816497	  0.000209203	  3.2598e-05	  12	  1.10401e-05
54	  0.601569	  0.870388	  0.000149161	  2.36725e-05	  12	  8.01728e-06
55	  0.694632	  0.904534	  0.000109288	  2.42003e-05	  12	  8.19604e-06
56	  0.790617	  0.927173	  8.22162e-05	  1.21311e-05	  12	  4.10849e-06
57	  0.888577	  0.942809	  6.33722e-05	  1.03371e-05	  12	  3.50092e-06
58	  0.987924	  0.953998	  4.9893e-05	  5.22591e-06	  12	  1.76988e-06
59	  0.314159	  0	  0.00056581	  3.26366e-05	  6	  1.49557e-05
60	  0.331153	  0.316228	  0.000512389	  3.00639e-05	  12	  1.01819e-05
61	  0.377572	  0.5547	  0.000392702	  3.92552e-05	  12	  1.32948e-05
62	  0.444288	  0.707107	  0.000282116	  2.18067e-05	  12	  7.38538e-06
63	  0.523599	  0.8	  0.000200477	  3.18861e-05	  12	  1.0799e-05
64	  0.610616	  0.857493	  0.00014445	  1.18875e-05	  12	  4.02601e-06
65	  0.702481	  0.894427	  0.000106629	  1.3995e-05	  12	  4.73975e-06
66	  0.797522	  0.919145	  8.0644e-05	  1.2822e-05	  12	  4.34249e-06
67	  0.894726	  0.936329	  6.23818e-05	  6.4949e-06	  12	  2.19966e-06
68	  0.993459	  0.948683	  4.92701e-05	  8.65326e-06	  12	  2.93064e-06
69	  0.331153	  0	  0.000512389	  2.14157e-05	  12	  7.25297e-06
70	  0.347316	  0.301511	  0.000461525	  2.01075e-05	  24	  5.1098e-06
71	  0.391825	  0.534522	  0.000365623	  1.99066e-05	  24	  5.05874e-06
72	  0.456463	  0.688247	  0.00026716	  3.78584e-05	  24	  9.62072e-06
73	  0.533968	  0.784465	  0.000192286	  1.96361e-05	  24	  4.99001e-06
74	  0.61953	  0.845154	  0.000140033	  1.4551e-05	  24	  3.69775e-06
75	  0.710244	  0.884652	  0.000104113	  2.15316e-05	  24	  5.47171e-06
76	  0.804368	  0.911322	  7.91357e-05	  1.29973e-05	  24	  3.30293e-06
77	  0.900833	  0.929981	  6.14503e-05	  8.88599e-06	  24	  2.25815e-06
78	  0.998963	  0.943456	  4.86634e-05	  6.29128e-06	  24	  1.59877e-06
79	  0.377572	  0	  0.000392702	  1.86191e-05	  12	  6.30583e-06
80	  0.391825	  0.267261	  0.000365623	  1.34027e-05	  24	  3.40595e-06
81	  0.431771	  0.485071	  0.000298428	  2.55729e-05	  24	  6.4987e-06
82	  0.491179	  0.639602	  0.000228743	  1.63048e-05	  24	  4.14344e-06
83	  0.563933	  0.742781	  0.000171157	  2.21452e-05	  24	  5.62763e-06
84	  0.645536	  0.811107	  0.000128147	  1.8299e-05	  24	  4.65022e-06
85	  0.733038	  0.857143	  9.71158e-05	  1.5586e-05	  24	  3.96078e-06
86	  0.824564	  0.889001	  7.48811e-05	  7.32155e-06	  24	  1.86058e-06
87	  0.918912	  0.911685	  5.87657e-05	  1.02312e-05	  24	  2.6e-06
88	  0.418879	  0	  0.000317111	  4.49717e-06	  6	  2.06082e-06
89	  0.431771	  0.242536	  0.000298428	  9.88672e-06	  12	  3.34839e-06
90	  0.468321	  0.447214	  0.000253118	  1.89091e-05	  12	  6.40405e-06
91	  0.523599	  0.6	  0.000200477	  1.70893e-05	  12	  5.78772e-06
92	  0.592384	  0.707107	  0.000154211	  6.85216e-06	  12	  2.32066e-06
93	  0.670534	  0.780869	  0.000118025	  1.73738e-05	  12	  5.88409e-06
94	  0.755145	  0.83205	  9.10016e-05	  1.05526e-05	  12	  3.5739e-06
95	  0.844278	  0.868243	  7.10317e-05	  1.00763e-05	  12	  3.4126e-06
96	  0.936642	  0.894427	  5.6289e-05	  5.57919e-06	  12	  1.88953e-06
97	  0.431771	  0	  0.000298428	  1.01227e-05	  12	  3.42829e-06
98	  0.444288	  0.235702	  0.000282116	  6.29761e-06	  24	  1.60038e-06
99	  0.479886	  0.436436	  0.000240238	  2.17885e-05	  24	  5.53699e-06
100	  0.533968	  0.588348	  0.000192286	  1.19973e-05	  24	  3.04881e-06
101	  0.601569	  0.696311	  0.000149161	  1.03814e-05	  24	  2.63818e-06
102	  0.678662	  0.771517	  0.000114957	  9.29475e-06	  24	  2.36202e-06
103	  0.762371	  0.824163	  8.90872e-05	  1.48998e-05	  24	  3.78639e-06
104	  0.850747	  0.86164	  6.98511e-05	  1.18751e-05	  24	  3.01776e-06
105	  0.942478	  0.888889	  5.55114e-05	  9.74449e-06	  24	  2.47631e-06
106	  0.444288	  0	  0.000282116	  9.87233e-06	  6	  4.52398e-06
107	  0.456463	  0.229416	  0.00026716	  1.71154e-05	  12	  5.79655e-06
108	  0.491179	  0.426401	  0.000228743	  1.4046e-05	  12	  4.75704e-06
109	  0.54414	  0.57735	  0.000184652	  5.198e-06	  12	  1.76043e-06
110	  0.610616	  0.685994	  0.00014445	  1.73672e-05	  12	  5.88184e-06
111	  0.686693	  0.762493	  0.00011206	  1.12007e-05	  12	  3.79339e-06
112	  0.76953	  0.816497	  8.72914e-05	  9.92581e-06	  12	  3.36162e-06
113	  0.857168	  0.855186	  6.86794e-05	  5.64751e-06	  12	  1.91267e-06
114	  0.948278	  0.883452	  5.47385e-05	  4.38287e-06	  12	  1.48437e-06
115	  0.468321	  0	  0.000253118	  1.2192e-05	  12	  4.12913e-06
116	  0.479886	  0.218218	  0.000240238	  1.66817e-05	  24	  4.23922e-06
117	  0.51302	  0.408248	  0.000209203	  1.65573e-05	  24	  4.2076e-06
118	  0.563933	  0.557086	  0.000171157	  1.53246e-05	  24	  3.89434e-06
119	  0.628319	  0.666667	  0.000135839	  1.20483e-05	  24	  3.06175e-06
120	  0.702481	  0.745356	  0.000106629	  1.29295e-05	  24	  3.2857e-06
121	  0.783651	  0.801784	  8.38484e-05	  1.07507e-05	  24	  2.732e-06
122	  0.869868	  0.842701	  6.64672e-05	  7.30756e-06	  24	  1.85703e-06
123	  0.959772	  0.872872	  5.32783e-05	  6.61549e-06	  24	  1.68116e-06
124	  0.523599	  0	  0.000200477	  8.54979e-06	  18	  2.44269e-06
125	  0.533968	  0.196116	  0.000192286	  8.48851e-06	  36	  1.83918e-06
126	  0.563933	  0.371391	  0.000171157	  7.68561e-06	  36	  1.66522e-06
127	  0.610616	  0.514496	  0.00014445	  8.94122e-06	  36	  1.93726e-06
128	  0.670534	  0.624695	  0.000118025	  9.44284e-06	  36	  2.04595e-06
129	  0.74048	  0.707107	  9.50147e-05	  9.96897e-06	  36	  2.15994e-06
130	  0.817887	  0.768221	  7.62607e-05	  8.42079e-06	  36	  1.8245e-06
131	  0.900833	  0.813733	  6.14503e-05	  7.78211e-06	  36	  1.68612e-06
132	  0.987924	  0.847998	  4.9893e-05	  6.56194e-06	  36	  1.42175e-06
133	  0.533968	  0	  0.000192286	  8.22535e-06	  12	  2.78572e-06
134	  0.54414	  0.19245	  0.000184652	  1.09364e-05	  24	  2.77921e-06
135	  0.573574	  0.365148	  0.000165194	  8.23606e-06	  24	  2.09298e-06
136	  0.61953	  0.507093	  0.000140033	  9.91358e-06	  24	  2.51928e-06
137	  0.678662	  0.617213	  0.000114957	  9.14907e-06	  24	  2.325e-06
138	  0.747849	  0.70014	  9.29373e-05	  8.72438e-06	  24	  2.21708e-06
139	  0.824564	  0.762001	  7.48811e-05	  3.68535e-06	  24	  9.36537e-07
140	  0.9069	  0.80829	  6.0533e-05	  7.76843e-06	  24	  1.97415e-06
141	  0.993459	  0.843274	  4.92701e-05	  5.51031e-06	  24	  1.4003e-06
142	  0.563933	  0	  0.000171157	  3.51119e-06	  12	  1.18915e-06
143	  0.573574	  0.182574	  0.000165194	  6.60012e-06	  24	  1.67725e-06
144	  0.601569	  0.348155	  0.000149161	  8.51702e-06	  24	  2.16438e-06
145	  0.645536	  0.486664	  0.000128147	  9.03883e-06	  24	  2.29698e-06
146	  0.702481	  0.596285	  0.000106629	  9.3396e-06	  24	  2.37342e-06
147	  0.76953	  0.680414	  8.72914e-05	  5.37155e-06	  24	  1.36504e-06
148	  0.844278	  0.744208	  7.10317e-05	  9.30418e-06	  24	  2.36442e-06
149	  0.92486	  0.792594	  5.79216e-05	  6.7887e-06	  24	  1.72517e-06
150	  0.592384	  0	  0.000154211	  2.28873e-06	  6	  1.04881e-06
151	  0.601569	  0.174078	  0.000149161	  4.99728e-06	  12	  1.69245e-06
152	  0.628319	  0.333333	  0.000135839	  7.02877e-06	  12	  2.38047e-06
153	  0.670534	  0.468521	  0.000118025	  5.63852e-06	  12	  1.90963e-06
154	  0.72552	  0.57735	  9.93707e-05	  1.00295e-05	  12	  3.39675e-06
155	  0.790617	  0.662266	  8.22162e-05	  7.59094e-06	  12	  2.57086e-06
156	  0.863541	  0.727607	  6.75513e-05	  6.02492e-06	  12	  2.04049e-06
157	  0.942478	  0.777778	  5.55114e-05	  4.97392e-06	  12	  1.68454e-06
158	  0.610616	  0	  0.00014445	  5.89093e-06	  12	  1.99511e-06
159	  0.61953	  0.169031	  0.000140033	  5.71807e-06	  24	  1.4531e-06
160	  0.645536	  0.324443	  0.000128147	  7.09896e-06	  24	  1.80402e-06
161	  0.686693	  0.457496	  0.00011206	  7.17714e-06	  24	  1.82389e-06
162	  0.74048	  0.565685	  9.50147e-05	  6.80658e-06	  24	  1.72972e-06
163	  0.804368	  0.650945	  7.91357e-05	  8.21587e-06	  24	  2.08785e-06
164	  0.876148	  0.717137	  6.5391e-05	  7.43479e-06	  24	  1.88936e-06
165	  0.954042	  0.76835	  5.39956e-05	  5.89452e-06	  24	  1.49794e-06
166	  0.628319	  0	  0.000135839	  1.53464e-05	  6	  7.03246e-06
167	  0.636985	  0.164399	  0.000131856	  8.81392e-06	  12	  2.98506e-06
168	  0.662306	  0.316228	  0.000121199	  5.16623e-06	  12	  1.74967e-06
169	  0.702481	  0.447214	  0.000106629	  3.02078e-06	  12	  1.02306e-06
170	  0.755145	  0.5547	  9.10016e-05	  4.21315e-06	  12	  1.42689e-06
171	  0.817887	  0.640184	  7.62607e-05	  4.84737e-06	  12	  1.64168e-06
172	  0.888577	  0.707107	  6.33722e-05	  5.03255e-06	  12	  1.7044e-06
173	  0.965468	  0.759257	  5.25652e-05	  6.41803e-06	  12	  2.17363e-06
174	  0.636985	  0	  0.000131856	  8.796e-06	  12	  2.97899e-06
175	  0.645536	  0.162221	  0.000128147	  4.5147e-06	  24	  1.14729e-06
176	  0.670534	  0.312348	  0.000118025	  4.65353e-06	  24	  1.18258e-06
177	  0.710244	  0.442326	  0.000104113	  6.30719e-06	  24	  1.60281e-06
178	  0.762371	  0.549442	  8.90872e-05	  8.35701e-06	  24	  2.12372e-06
179	  0.824564	  0.635001	  7.48811e-05	  4.08138e-06	  24	  1.03718e-06
180	  0.894726	  0.702247	  6.23818e-05	  4.04276e-06	  24	  1.02736e-06
181	  0.971131	  0.754829	  5.18642e-05	  5.3178e-06	  24	  1.35138e-06
182	  0.662306	  0	  0.000121199	  4.69935e-06	  12	  1.59155e-06
183	  0.670534	  0.156174	  0.000118025	  4.44923e-06	  24	  1.13066e-06
184	  0.694632	  0.301511	  0.000109288	  4.53767e-06	  24	  1.15313e-06
185	  0.733038	  0.428571	  9.71158e-05	  6.99268e-06	  24	  1.77701e-06
186	  0.783651	  0.534522	  8.38484e-05	  5.23751e-06	  24	  1.33098e-06
187	  0.844278	  0.620174	  7.10317e-05	  5.43117e-06	  24	  1.38019e-06
188	  0.912926	  0.688247	  5.96217e-05	  4.02855e-06	  24	  1.02375e-06
189	  0.987924	  0.741999	  4.9893e-05	  4.37063e-06	  24	  1.11068e-06
190	  0.670534	  0	  0.000118025	  5.00571e-06	  12	  1.69531e-06
191	  0.678662	  0.154303	  0.000114957	  3.95489e-06	  24	  1.00503e-06
192	  0.702481	  0.298142	  0.000106629	  6.09346e-06	  24	  1.54849e-06
193	  0.74048	  0.424264	  9.50147e-05	  5.0794e-06	  24	  1.2908e-06
194	  0.790617	  0.529813	  8.22162e-05	  5.21696e-06	  24	  1.32576e-06
195	  0.850747	  0.615457	  6.98511e-05	  3.82927e-06	  24	  9.73109e-07
196	  0.918912	  0.683763	  5.87657e-05	  5.9892e-06	  24	  1.522e-06
197	  0.993459	  0.737865	  4.92701e-05	  4.86385e-06	  24	  1.23602e-06
198	  0.702481	  0	  0.000106629	  2.5656e-06	  12	  8.68906e-07
199	  0.710244	  0.147442	  0.000104113	  5.03927e-06	  24	  1.2806e-06
200	  0.733038	  0.285714	  9.71158e-05	  6.43073e-06	  24	  1.6342e-06
201	  0.76953	  0.408248	  8.72914e-05	  5.60599e-06	  24	  1.42462e-06
202	  0.817887	  0.512148	  7.62607e-05	  7.18107e-06	  24	  1.82488e-06
203	  0.876148	  0.597614	  6.5391e-05	  6.05853e-06	  24	  1.53962e-06
204	  0.942478	  0.666667	  5.55114e-05	  5.00259e-06	  24	  1.27128e-06
205	  0.733038	  0	  9.71158e-05	  4.18599e-06	  6	  1.91822e-06
206	  0.74048	  0.141421	  9.50147e-05	  3.87256e-06	  12	  1.31154e-06
207	  0.762371	  0.274721	  8.90872e-05	  3.9628e-06	  12	  1.3421e-06
208	  0.797522	  0.393919	  8.0644e-05	  4.75728e-06	  12	  1.61117e-06
209	  0.844278	  0.496139	  7.10317e-05	  5.71373e-06	  12	  1.9351e-06
210	  0.900833	  0.581238	  6.14503e-05	  5.46925e-06	  12	  1.8523e-06
211	  0.965468	  0.650791	  5.25652e-05	  4.87285e-06	  12	  1.65031e-06
212	  0.74048	  0	  9.50147e-05	  3.95684e-06	  18	  1.13048e-06
213	  0.747849	  0.140028	  9.29373e-05	  5.9346e-06	  36	  1.28583e-06
214	  0.76953	  0.272166	  8.72914e-05	  4.48846e-06	  36	  9.725e-07
215	  0.804368	  0.390567	  7.91357e-05	  6.29226e-06	  36	  1.36332e-06
216	  0.850747	  0.492366	  6.98511e-05	  3.60846e-06	  36	  7.81833e-07
217	  0.9069	  0.57735	  6.0533e-05	  3.57212e-06	  36	  7.7396e-07
218	  0.971131	  0.646997	  5.18642e-05	  5.96572e-06	  36	  1.29257e-06
219	  0.755145	  0	  9.10016e-05	  2.51216e-06	  12	  8.50805e-07
220	  0.762371	  0.137361	  8.90872e-05	  5.44033e-06	  24	  1.38252e-06
221	  0.783651	  0.267261	  8.38484e-05	  4.78721e-06	  24	  1.21654e-06
222	  0.817887	  0.384111	  7.62607e-05	  4.7136e-06	  24	  1.19784e-06
223	  0.863541	  0.485071	  6.75513e-05	  2.88527e-06	  24	  7.33217e-07
224	  0.918912	  0.569803	  5.87657e-05	  4.31991e-06	  24	  1.09779e-06
225	  0.982358	  0.639602	  5.05463e-05	  3.13613e-06	  24	  7.96966e-07
226	  0.762371	  0	  8.90872e-05	  2.37232e-06	  12	  8.03447e-07
227	  0.76953	  0.136083	  8.72914e-05	  5.44701e-06	  24	  1.38422e-06
228	  0.790617	  0.264906	  8.22162e-05	  3.72058e-06	  24	  9.4549e-07
229	  0.824564	  0.381	  7.48811e-05	  3.53326e-06	  24	  8.97888e-07
230	  0.869868	  0.481543	  6.64672e-05	  2.60676e-06	  24	  6.62441e-07
231	  0.92486	  0.566139	  5.79216e-05	  4.74782e-06	  24	  1.20654e-06
232	  0.987924	  0.635999	  4.9893e-05	  3.75781e-06	  24	  9.5495e-07
233	  0.797522	  0	  8.0644e-05	  4.1297e-06	  12	  1.39863e-06
234	  0.804368	  0.130189	  7.91357e-05	  5.12916e-06	  24	  1.30344e-06
235	  0.824564	  0.254	  7.48811e-05	  3.21232e-06	  24	  8.16329e-07
236	  0.857168	  0.366508	  6.86794e-05	  3.81531e-06	  24	  9.69562e-07
237	  0.900833	  0.464991	  6.14503e-05	  3.6428e-06	  24	  9.25723e-07
238	  0.954042	  0.548821	  5.39956e-05	  4.21603e-06	  24	  1.07139e-06
239	  0.817887	  0	  7.62607e-05	  3.00344e-06	  12	  1.01719e-06
240	  0.824564	  0.127	  7.48811e-05	  3.12816e-06	  24	  7.94941e-07
241	  0.844278	  0.248069	  7.10317e-05	  3.39537e-06	  24	  8.62845e-07
242	  0.876148	  0.358569	  6.5391e-05	  4.53562e-06	  24	  1.15261e-06
243	  0.918912	  0.455842	  5.87657e-05	  3.91458e-06	  24	  9.94788e-07
244	  0.971131	  0.539164	  5.18642e-05	  4.90726e-06	  24	  1.24705e-06
245	  0.837758	  0	  7.2289e-05	  3.99471e-06	  6	  1.83057e-06
246	  0.844278	  0.124035	  7.10317e-05	  5.07531e-06	  12	  1.71888e-06
247	  0.863541	  0.242536	  6.75513e-05	  1.84122e-06	  12	  6.23574e-07
248	  0.894726	  0.351123	  6.23818e-05	  3.13422e-06	  12	  1.06148e-06
249	  0.936642	  0.447214	  5.6289e-05	  2.89912e-06	  12	  9.8186e-07
250	  0.987924	  0.529999	  4.9893e-05	  5.10723e-06	  12	  1.72969e-06
251	  0.844278	  0	  7.10317e-05	  4.2951e-06	  24	  1.09149e-06
252	  0.850747	  0.123091	  6.98511e-05	  3.67801e-06	  48	  7.14776e-07
253	  0.869868	  0.240772	  6.64672e-05	  3.04597e-06	  48	  5.91947e-07
254	  0.900833	  0.348743	  6.14503e-05	  3.66593e-06	  48	  7.12428e-07
255	  0.942478	  0.444444	  5.55114e-05	  3.35844e-06	  48	  6.52671e-07
256	  0.993459	  0.527046	  4.92701e-05	  3.73282e-06	  48	  7.25427e-07
257	  0.863541	  0	  6.75513e-05	  2.03747e-06	  12	  6.9004e-07
258	  0.869868	  0.120386	  6.64672e-05	  2.98315e-06	  24	  7.5809e-07
259	  0.888577	  0.235702	  6.33722e-05	  2.98829e-06	  24	  7.59398e-07
260	  0.918912	  0.341882	  5.87657e-05	  3.60428e-06	  24	  9.15935e-07
261	  0.959772	  0.436436	  5.32783e-05	  3.12644e-06	  24	  7.94503e-07
262	  0.888577	  0	  6.33722e-05	  2.94856e-06	  6	  1.35117e-06
263	  0.894726	  0.117041	  6.23818e-05	  2.08504e-06	  12	  7.06152e-07
264	  0.912926	  0.229416	  5.96217e-05	  3.11391e-06	  12	  1.05461e-06
265	  0.942478	  0.333333	  5.55114e-05	  3.23023e-06	  12	  1.094e-06
266	  0.982358	  0.426401	  5.05463e-05	  3.22325e-06	  12	  1.09163e-06
267	  0.894726	  0	  6.23818e-05	  2.42714e-06	  12	  8.22013e-07
268	  0.900833	  0.116248	  6.14503e-05	  2.8717e-06	  24	  7.29768e-07
269	  0.918912	  0.227921	  5.87657e-05	  3.47927e-06	  24	  8.84168e-07
270	  0.948278	  0.331295	  5.47385e-05	  3.18152e-06	  24	  8.08502e-07
271	  0.987924	  0.423999	  4.9893e-05	  2.83829e-06	  24	  7.21279e-07
272	  0.900833	  0	  6.14503e-05	  3.41156e-06	  12	  1.15541e-06
273	  0.9069	  0.11547	  6.0533e-05	  2.8451e-06	  24	  7.23009e-07
274	  0.92486	  0.226455	  5.79216e-05	  2.20658e-06	  24	  5.60745e-07
275	  0.954042	  0.329293	  5.39956e-05	  3.28804e-06	  24	  8.35571e-07
276	  0.993459	  0.421637	  4.92701e-05	  2.87209e-06	  24	  7.29869e-07
277	  0.936642	  0	  5.6289e-05	  2.13298e-06	  12	  7.22386e-07
278	  0.942478	  0.111111	  5.55114e-05	  2.77584e-06	  24	  7.05407e-07
279	  0.959772	  0.218218	  5.32783e-05	  2.3611e-06	  24	  6.00012e-07
280	  0.987924	  0.317999	  4.9893e-05	  2.41323e-06	  24	  6.13261e-07
281	  0.942478	  0	  5.55114e-05	  5.13757e-06	  6	  2.35428e-06
282	  0.948278	  0.110432	  5.47385e-05	  3.66466e-06	  12	  1.24113e-06
283	  0.965468	  0.21693	  5.25652e-05	  2.98782e-06	  12	  1.0119e-06
284	  0.993459	  0.316228	  4.92701e-05	  3.50071e-06	  12	  1.1856e-06
285	  0.948278	  0	  5.47385e-05	  3.39142e-06	  12	  1.14859e-06
286	  0.954042	  0.109764	  5.39956e-05	  2.58311e-06	  24	  6.5643e-07
287	  0.971131	  0.215666	  5.18642e-05	  1.95213e-06	  24	  4.96082e-07
288	  0.998963	  0.314485	  4.86634e-05	  2.46736e-06	  24	  6.27016e-07
289	  0.965468	  0	  5.25652e-05	  2.13393e-06	  24	  5.42284e-07
290	  0.971131	  0.107833	  5.18642e-05	  2.66306e-06	  48	  5.17533e-07
291	  0.987924	  0.212	  4.9893e-05	  2.76934e-06	  48	  5.38187e-07
292	  0.987924	  0	  4.9893e-05	  2.71274e-06	  12	  9.18739e-07
293	  0.993459	  0.105409	  4.92701e-05	  2.73961e-06	  24	  6.962e-07
294	  0.993459	  0	  4.92701e-05	  2.26818e-06	  12	  7.68175e-07
295	  0.998963	  0.104828	  4.86634e-05	  2.10138e-06	  24	  5.34011e-07
296	  1.08818	  0.030936	  4.0048e-05	  2.02115e-06	  138	  2.7311e-07
297	  1.08818	  0.0938307	  4.0048e-05	  1.86558e-06	  252	  2.10799e-07
298	  1.08818	  0.156319	  4.0048e-05	  1.68695e-06	  72	  2.83157e-07
299	  1.08818	  0.218712	  4.0048e-05	  1.91469e-06	  216	  2.26012e-07
300	  1.08818	  0.281224	  4.0048e-05	  2.22493e-06	  288	  2.42352e-07
301	  1.08818	  0.343807	  4.0048e-05	  2.14256e-06	  120	  3.02716e-07
302	  1.08818	  0.406302	  4.0048e-05	  2.88921e-06	  180	  3.59809e-07
303	  1.08818	  0.468745	  4.0048e-05	  2.80837e-06	  180	  3.49742e-07
304	  1.08818	  0.531226	  4.0048e-05	  3.08304e-06	  192	  3.76651e-07
305	  1.08818	  0.593785	  4.0048e-05	  3.99188e-06	  192	  4.87684e-07
306	  1.08818	  0.656281	  4.0048e-05	  3.27105e-06	  168	  4.1592e-07
307	  1.08818	  0.718743	  4.0048e-05	  4.15848e-06	  228	  4.83326e-07
308	  1.08818	  0.781255	  4.0048e-05	  5.40866e-06	  144	  7.21154e-07
309	  1.08818	  0.843774	  4.0048e-05	  4.77258e-06	  240	  5.46698e-07
310	  1.08818	  0.90628	  4.0048e-05	  6.39939e-06	  168	  8.13694e-07
311	  1.08818	  0.968758	  4.0048e-05	  6.41193e-06	  150	  8.44128e-07
312	  1.25577	  0.030936	  2.88042e-05	  1.56955e-06	  198	  1.90021e-07
313	  1.25577	  0.0938307	  2.88042e-05	  1.62335e-06	  396	  1.62744e-07
314	  1.25577	  0.156319	  2.88042e-05	  1.537e-06	  396	  1.54087e-07
315	  1.25577	  0.218712	  2.88042e-05	  1.43946e-06	  204	  1.72756e-07
316	  1.25577	  0.281224	  2.88042e-05	  1.73423e-06	  216	  2.04711e-07
317	  1.25577	  0.343807	  2.88042e-05	  1.69983e-06	  372	  1.73123e-07
318	  1.25577	  0.406302	  2.88042e-05	  1.88266e-06	  312	  2.00718e-07
319	  1.25577	  0.468745	  2.88042e-05	  1.89335e-06	  288	  2.06234e-07
320	  1.25577	  0.531226	  2.88042e-05	  2.44502e-06	  264	  2.72731e-07
321	  1.25577	  0.593785	  2.88042e-05	  2.27574e-06	  312	  2.42625e-07
322	  1.25577	  0.656281	  2.88042e-05	  2.49462e-06	  276	  2.7489e-07
323	  1.25577	  0.718743	  2.88042e-05	  2.79435e-06	  312	  2.97916e-07
324	  1.25577	  0.781255	  2.88042e-05	  3.18848e-06	  276	  3.51348e-07
325	  1.25577	  0.843774	  2.88042e-05	  3.38468e-06	  240	  3.87714e-07
326	  1.25577	  0.90628	  2.88042e-05	  3.85114e-06	  324	  4.06509e-07
327	  1.25577	  0.968758	  2.88042e-05	  4.32691e-06	  315	  4.6014e-07
328	  1.45182	  0.030936	  2.05474e-05	  1.08141e-06	  246	  1.23019e-07
329	  1.45182	  0.0938307	  2.05474e-05	  9.97818e-07	  516	  9.38174e-08
330	  1.45182	  0.156319	  2.05474e-05	  1.08628e-06	  504	  1.02701e-07
331	  1.45182	  0.218712	  2.05474e-05	  1.06167e-06	  528	  9.92869e-08
332	  1.45182	  0.281224	  2.05474e-05	  1.10479e-06	  504	  1.04451e-07
333	  1.45182	  0.343807	  2.05474e-05	  1.30602e-06	  384	  1.31948e-07
334	  1.45182	  0.406302	  2.05474e-05	  1.48686e-06	  420	  1.46894e-07
335	  1.45182	  0.468745	  2.05474e-05	  1.32043e-06	  468	  1.27058e-07
336	  1.45182	  0.531226	  2.05474e-05	  1.47918e-06	  480	  1.41474e-07
337	  1.45182	  0.593785	  2.05474e-05	  1.52345e-06	  468	  1.46594e-07
338	  1.45182	  0.656281	  2.05474e-05	  1.66681e-06	  396	  1.671e-07
339	  1.45182	  0.718743	  2.05474e-05	  1.83308e-06	  456	  1.77495e-07
340	  1.45182	  0.781255	  2.05474e-05	  2.24853e-06	  432	  2.20609e-07
341	  1.45182	  0.843774	  2.05474e-05	  2.348e-06	  480	  2.24571e-07
342	  1.45182	  0.90628	  2.05474e-05	  2.76456e-06	  480	  2.64412e-07
343	  1.45182	  0.968758	  2.05474e-05	  2.97141e-06	  414	  2.94608e-07
344	  1.68148	  0.030936	  1.45436e-05	  7.52382e-07	  798	  6.42531e-08
345	  1.68148	  0.0938307	  1.45436e-05	  8.4382e-07	  708	  7.39037e-08
346	  1.68148	  0.156319	  1.45436e-05	  7.61693e-07	  684	  6.72088e-08
347	  1.68148	  0.218712	  1.45436e-05	  8.35282e-07	  720	  7.28932e-08
348	  1.68148	  0.281224	  1.45436e-05	  8.3617e-07	  708	  7.32337e-08
349	  1.68148	  0.343807	  1.45436e-05	  8.8655e-07	  720	  7.73673e-08
350	  1.68148	  0.406302	  1.45436e-05	  9.55646e-07	  672	  8.46471e-08
351	  1.68148	  0.468745	  1.45436e-05	  1.06463e-06	  732	  9.25812e-08
352	  1.68148	  0.531226	  1.45436e-05	  1.07543e-06	  672	  9.52571e-08
353	  1.68148	  0.593785	  1.45436e-05	  1.1168e-06	  708	  9.78117e-08
354	  1.68148	  0.656281	  1.45436e-05	  1.15527e-06	  744	  1.00118e-07
355	  1.68148	  0.718743	  1.45436e-05	  1.44872e-06	  744	  1.25549e-07
356	  1.68148	  0.781255	  1.45436e-05	  1.53218e-06	  696	  1.34686e-07
357	  1.68148	  0.843774	  1.45436e-05	  1.63525e-06	  708	  1.43219e-07
358	  1.68148	  0.90628	  1.45436e-05	  1.79548e-06	  696	  1.57832e-07
359	  1.68148	  0.968758	  1.45436e-05	  1.94042e-06	  741	  1.68304e-07
360	  1.94819	  0.030936	  1.02432e-05	  5.47508e-07	  1368	  4.21783e-08
361	  1.94819	  0.0938307	  1.02432e-05	  5.37127e-07	  924	  4.45265e-08
362	  1.94819	  0.156319	  1.02432e-05	  5.78586e-07	  972	  4.74874e-08
363	  1.94819	  0.218712	  1.02432e-05	  6.12189e-07	  972	  5.02454e-08
364	  1.94819	  0.281224	  1.02432e-05	  5.528e-07	  1200	  4.35979e-08
365	  1.94819	  0.343807	  1.02432e-05	  6.00973e-07	  1140	  4.78479e-08
366	  1.94819	  0.406302	  1.02432e-05	  6.42876e-07	  1080	  5.17059e-08
367	  1.94819	  0.468745	  1.02432e-05	  7.16712e-07	  1068	  5.77666e-08
368	  1.94819	  0.531226	  1.02432e-05	  6.79356e-07	  1164	  5.38801e-08
369	  1.94819	  0.593785	  1.02432e-05	  8.13089e-07	  1188	  6.42446e-08
370	  1.94819	  0.656281	  1.02432e-05	  8.27703e-07	  1068	  6.67124e-08
371	  1.94819	  0.718743	  1.02432e-05	  8.66372e-07	  1008	  7.06067e-08
372	  1.94819	  0.781255	  1.02432e-05	  9.84089e-07	  1164	  7.80486e-08
373	  1.94819	  0.843774	  1.02432e-05	  1.03297e-06	  1176	  8.17704e-08
374	  1.94819	  0.90628	  1.02432e-05	  1.11461e-06	  1080	  8.96469e-08
375	  1.94819	  0.968758	  1.02432e-05	  1.1917e-06	  1038	  9.65734e-08
376	  2.25604	  0.030936	  7.19976e-06	  3.99612e-07	  1896	  2.9158e-08
377	  2.25604	  0.0938307	  7.19976e-06	  4.03495e-07	  1272	  3.14882e-08
378	  2.25604	  0.156319	  7.19976e-06	  3.98526e-07	  2040	  2.87498e-08
379	  2.25604	  0.218712	  7.19976e-06	  4.17495e-07	  1740	  3.08834e-08
380	  2.25604	  0.281224	  7.19976e-06	  4.16773e-07	  1584	  3.13105e-08
381	  2.25604	  0.343807	  7.19976e-06	  4.29087e-07	  1764	  3.16707e-08
382	  2.25604	  0.406302	  7.19976e-06	  4.45373e-07	  1632	  3.32933e-08
383	  2.25604	  0.468745	  7.19976e-06	  4.80422e-07	  1860	  3.51606e-08
384	  2.25604	  0.531226	  7.19976e-06	  5.08804e-07	  1560	  3.83223e-08
385	  2.25604	  0.593785	  7.19976e-06	  5.24533e-07	  1692	  3.89785e-08
386	  2.25604	  0.656281	  7.19976e-06	  5.79596e-07	  1704	  4.30206e-08
387	  2.25604	  0.718743	  7.19976e-06	  6.01671e-07	  1824	  4.41715e-08
388	  2.25604	  0.781255	  7.19976e-06	  6.42276e-07	  1668	  4.784e-08
389	  2.25604	  0.843774	  7.19976e-06	  6.84029e-07	  1680	  5.08901e-08
390	  2.25604	  0.90628	  7.19976e-06	  7.33743e-07	  1776	  5.40981e-08
391	  2.25604	  0.968758	  7.19976e-06	  7.60679e-07	  1656	  5.67266e-08
392	  2.61216	  0.030936	  5.04692e-06	  3.00603e-07	  2586	  2.09414e-08
393	  2.61216	  0.0938307	  5.04692e-06	  2.8861e-07	  3036	  1.96685e-08
394	  2.61216	  0.156319	  5.04692e-06	  3.03132e-07	  2124	  2.1734e-08
395	  2.61216	  0.218712	  5.04692e-06	  2.91547e-07	  2940	  1.99543e-08
396	  2.61216	  0.281224	  5.04692e-06	  3.03011e-07	  2616	  2.10749e-08
397	  2.61216	  0.343807	  5.04692e-06	  3.17564e-07	  2448	  2.22966e-08
398	  2.61216	  0.406302	  5.04692e-06	  3.24974e-07	  2916	  2.22668e-08
399	  2.61216	  0.468745	  5.04692e-06	  3.32383e-07	  2544	  2.3209e-08
400	  2.61216	  0.531226	  5.04692e-06	  3.48657e-07	  2652	  2.42032e-08
401	  2.61216	  0.593785	  5.04692e-06	  3.61645e-07	  2748	  2.4981e-08
402	  2.61216	  0.656281	  5.04692e-06	  3.92996e-07	  2676	  2.72468e-08
403	  2.61216	  0.718743	  5.04692e-06	  3.8374e-07	  2472	  2.69052e-08
404	  2.61216	  0.781255	  5.04692e-06	  4.13849e-07	  2616	  2.87838e-08
405	  2.61216	  0.843774	  5.04692e-06	  4.24822e-07	  2736	  2.93628e-08
406	  2.61216	  0.90628	  5.04692e-06	  4.42099e-07	  2568	  3.08291e-08
407	  2.61216	  0.968758	  5.04692e-06	  4.50054e-07	  2745	  3.10927e-08
408	  3.02645	  0.030936	  3.52029e-06	  2.16047e-07	  3414	  1.44999e-08
409	  3.02645	  0.0938307	  3.52029e-06	  2.12191e-07	  4512	  1.37685e-08
410	  3.02645	  0.156319	  3.52029e-06	  2.07307e-07	  4632	  1.34113e-08
411	  3.02645	  0.218712	  3.52029e-06	  2.04159e-07	  3972	  1.34474e-08
412	  3.02645	  0.281224	  3.52029e-06	  2.12254e-07	  4176	  1.38973e-08
413	  3.02645	  0.343807	  3.52029e-06	  2.20338e-07	  4344	  1.436e-08
414	  3.02645	  0.406302	  3.52029e-06	  2.26762e-07	  4044	  1.49039e-08
415	  3.02645	  0.468745	  3.52029e-06	  2.31288e-07	  4092	  1.518e-08
416	  3.02645	  0.531226	  3.52029e-06	  2.48593e-07	  4296	  1.62224e-08
417	  3.02645	  0.593785	  3.52029e-06	  2.49291e-07	  3996	  1.64082e-08
418	  3.02645	  0.656281	  3.52029e-06	  2.54841e-07	  4188	  1.668e-08
419	  3.02645	  0.718743	  3.52029e-06	  2.72765e-07	  4212	  1.78411e-08
420	  3.02645	  0.781255	  3.52029e-06	  2.64438e-07	  4140	  1.73318e-08
421	  3.02645	  0.843774	  3.52029e-06	  2.67465e-07	  4128	  1.75362e-08
422	  3.02645	  0.90628	  3.52029e-06	  2.73094e-07	  4188	  1.78747e-08
423	  3.02645	  0.968758	  3.52029e-06	  2.69178e-07	  4128	  1.76485e-08
424	  3.50419	  0.030936	  2.45325e-06	  1.51068e-07	  7002	  9.35873e-09
425	  3.50419	  0.0938307	  2.45325e-06	  1.52134e-07	  6240	  9.53261e-09
426	  3.50419	  0.156319	  2.45325e-06	  1.44055e-07	  5964	  9.0681e-09
427	  3.50419	  0.218712	  2.45325e-06	  1.49591e-07	  6180	  9.38245e-09
428	  3.50419	  0.281224	  2.45325e-06	  1.50462e-07	  6420	  9.40094e-09
429	  3.50419	  0.343807	  2.45325e-06	  1.53445e-07	  6516	  9.57316e-09
430	  3.50419	  0.406302	  2.45325e-06	  1.56381e-07	  6312	  9.78742e-09
431	  3.50419	  0.468745	  2.45325e-06	  1.66138e-07	  6276	  1.04041e-08
432	  3.50419	  0.531226	  2.45325e-06	  1.62911e-07	  6360	  1.01884e-08
433	  3.50419	  0.593785	  2.45325e-06	  1.64415e-07	  6408	  1.02747e-08
434	  3.50419	  0.656281	  2.45325e-06	  1.74984e-07	  6360	  1.09434e-08
435	  3.50419	  0.718743	  2.45325e-06	  1.69988e-07	  6336	  1.0635e-08
436	  3.50419	  0.781255	  2.45325e-06	  1.65259e-07	  6372	  1.03332e-08
437	  3.50419	  0.843774	  2.45325e-06	  1.72474e-07	  6456	  1.07702e-08
438	  3.50419	  0.90628	  2.45325e-06	  1.64409e-07	  6360	  1.0282e-08
439	  3.50419	  0.968758	  2.45325e-06	  1.55709e-07	  6327	  9.74299e-09
440	  4.05763	  0.030936	  1.70477e-06	  1.07542e-07	  10392	  6.43204e-09
441	  4.05763	  0.0938307	  1.70477e-06	  1.03326e-07	  9420	  6.23091e-09
442	  4.05763	  0.156319	  1.70477e-06	  1.06144e-07	  10176	  6.35942e-09
443	  4.05763	  0.218712	  1.70477e-06	  1.05345e-07	  10260	  6.30724e-09
444	  4.05763	  0.281224	  1.70477e-06	  1.01477e-07	  9528	  6.11348e-09
445	  4.05763	  0.343807	  1.70477e-06	  1.0365e-07	  10140	  6.21184e-09
446	  4.05763	  0.406302	  1.70477e-06	  1.07957e-07	  9960	  6.47956e-09
447	  4.05763	  0.468745	  1.70477e-06	  1.06921e-07	  10068	  6.41162e-09
448	  4.05763	  0.531226	  1.70477e-06	  1.10079e-07	  9996	  6.60497e-09
449	  4.05763	  0.593785	  1.70477e-06	  1.06137e-07	  9828	  6.37745e-09
450	  4.05763	  0.656281	  1.70477e-06	  1.05465e-07	  10032	  6.32621e-09
451	  4.05763	  0.718743	  1.70477e-06	  1.04406e-07	  9924	  6.26837e-09
452	  4.05763	  0.781255	  1.70477e-06	  1.00301e-07	  10116	  6.01228e-09
453	  4.05763	  0.843774	  1.70477e-06	  9.85412e-08	  9888	  5.91804e-09
454	  4.05763	  0.90628	  1.70477e-06	  9.49347e-08	  10008	  5.69571e-09
455	  4.05763	  0.968758	  1.70477e-06	  8.67703e-08	  9978	  5.20718e-09
456	  4.69917	  0.030936	  1.18077e-06	  7.55757e-08	  13626	  4.42623e-09
457	  4.69917	  0.0938307	  1.18077e-06	  7.46346e-08	  16392	  4.31467e-09
458	  4.69917	  0.156319	  1.18077e-06	  7.31248e-08	  15708	  4.23969e-09
459	  4.69917	  0.218712	  1.18077e-06	  7.15534e-08	  15432	  4.15367e-09
460	  4.69917	  0.281224	  1.18077e-06	  7.01841e-08	  15780	  4.06791e-09
461	  4.69917	  0.343807	  1.18077e-06	  7.095e-08	  15300	  4.1211e-09
462	  4.69917	  0.406302	  1.18077e-06	  6.94257e-08	  15588	  4.02735e-09
463	  4.69917	  0.468745	  1.18077e-06	  7.00672e-08	  15396	  4.06805e-09
464	  4.69917	  0.531226	  1.18077e-06	  6.94652e-08	  15504	  4.03115e-09
465	  4.69917	  0.593785	  1.18077e-06	  6.67506e-08	  15660	  3.87094e-09
466	  4.69917	  0.656281	  1.18077e-06	  6.42833e-08	  15192	  3.73571e-09
467	  4.69917	  0.718743	  1.18077e-06	  6.2696e-08	  15600	  3.63677e-09
468	  4.69917	  0.781255	  1.18077e-06	  5.98678e-08	  15216	  3.47873e-09
469	  4.69917	  0.843774	  1.18077e-06	  5.62618e-08	  15516	  3.26476e-09
470	  4.69917	  0.90628	  1.18077e-06	  5.18503e-08	  15540	  3.00845e-09
471	  4.69917	  0.968758	  1.18077e-06	  4.79322e-08	  15405	  2.78279e-09
472	  5.4432	  0.030936	  8.15755e-07	  5.24749e-08	  26250	  2.94763e-09
473	  5.4432	  0.0938307	  8.15755e-07	  5.12933e-08	  22392	  2.90744e-09
474	  5.4432	  0.156319	  8.15755e-07	  4.99536e-08	  24516	  2.81672e-09
475	  5.4432	  0.218712	  8.15755e-07	  4.82983e-08	  23592	  2.72936e-09
476	  5.4432	  0.281224	  8.15755e-07	  4.77813e-08	  24264	  2.69581e-09
477	  5.4432	  0.343807	  8.15755e-07	  4.6921e-08	  23928	  2.64938e-09
478	  5.4432	  0.406302	  8.15755e-07	  4.50145e-08	  24120	  2.54057e-09
479	  5.4432	  0.468745	  8.15755e-07	  4.32191e-08	  23964	  2.44014e-09
480	  5.4432	  0.531226	  8.15755e-07	  4.20605e-08	  24060	  2.37419e-09
481	  5.4432	  0.593785	  8.15755e-07	  4.03824e-08	  24108	  2.2792e-09
482	  5.4432	  0.656281	  8.15755e-07	  3.78787e-08	  24228	  2.13729e-09
483	  5.4432	  0.718743	  8.15755e-07	  3.60477e-08	  24144	  2.03438e-09
484	  5.4432	  0.781255	  8.15755e-07	  3.29117e-08	  23940	  1.85829e-09
485	  5.4432	  0.843774	  8.15755e-07	  2.96594e-08	  24192	  1.67366e-09
486	  5.4432	  0.90628	  8.15755e-07	  2.75703e-08	  23988	  1.55652e-09
487	  5.4432	  0.968758	  8.15755e-07	  2.43662e-08	  24141	  1.37513e-09
488	  6.30378	  0.030936	  5.62645e-07	  3.62358e-08	  35082	  2.00525e-09
489	  6.30378	  0.0938307	  5.62645e-07	  3.44956e-08	  39108	  1.89921e-09
490	  6.30378	  0.156319	  5.62645e-07	  3.34673e-08	  36924	  1.84753e-09
491	  6.30378	  0.218712	  5.62645e-07	  3.24011e-08	  37692	  1.78695e-09
492	  6.30378	  0.281224	  5.62645e-07	  3.04981e-08	  37092	  1.68326e-09
493	  6.30378	  0.343807	  5.62645e-07	  2.998e-08	  37536	  1.65374e-09
494	  6.30378	  0.406302	  5.62645e-07	  2.81172e-08	  36984	  1.55207e-09
495	  6.30378	  0.468745	  5.62645e-07	  2.66311e-08	  37428	  1.46921e-09
496	  6.30378	  0.531226	  5.62645e-07	  2.46651e-08	  37392	  1.36081e-09
497	  6.30378	  0.593785	  5.62645e-07	  2.29474e-08	  37200	  1.26635e-09
498	  6.30378	  0.656281	  5.62645e-07	  2.0961e-08	  36924	  1.15713e-09
499	  6.30378	  0.718743	  5.62645e-07	  1.91408e-08	  37272	  1.05618e-09
500	  6.30378	  0.781255	  5.62645e-07	  1.69099e-08	  37284	  9.33068e-10
501	  6.30378	  0.843774	  5.62645e-07	  1.51181e-08	  37188	  8.34301e-10
502	  6.30378	  0.90628	  5.62645e-07	  1.33845e-08	  37320	  7.3851e-10
503	  6.30378	  0.968758	  5.62645e-07	  1.14599e-08	  37119	  6.32477e-10
504	  7.30029	  0.030936	  3.87106e-07	  2.40496e-08	  60258	  1.30045e-09
505	  7.30029	  0.0938307	  3.87106e-07	  2.28041e-08	  56916	  1.23579e-09
506	  7.30029	  0.156319	  3.87106e-07	  2.1749e-08	  56820	  1.17869e-09
507	  7.30029	  0.218712	  3.87106e-07	  2.07074e-08	  58716	  1.12083e-09
508	  7.30029	  0.281224	  3.87106e-07	  1.93627e-08	  57840	  1.04864e-09
509	  7.30029	  0.343807	  3.87106e-07	  1.79695e-08	  57612	  9.73338e-10
510	  7.30029	  0.406302	  3.87106e-07	  1.67207e-08	  58464	  9.05188e-10
511	  7.30029	  0.468745	  3.87106e-07	  1.53204e-08	  57948	  8.29664e-10
512	  7.30029	  0.531226	  3.87106e-07	  1.38847e-08	  57708	  7.52035e-10
513	  7.30029	  0.593785	  3.87106e-07	  1.22518e-08	  58236	  6.63361e-10
514	  7.30029	  0.656281	  3.87106e-07	  1.08371e-08	  58008	  5.86848e-10
515	  7.30029	  0.718743	  3.87106e-07	  9.56581e-09	  58200	  5.17942e-10
516	  7.30029	  0.781255	  3.87106e-07	  8.15729e-09	  58128	  4.41698e-10
517	  7.30029	  0.843774	  3.87106e-07	  7.05064e-09	  57972	  3.81816e-10
518	  7.30029	  0.90628	  3.87106e-07	  5.97128e-09	  57960	  3.23367e-10
519	  7.30029	  0.968758	  3.87106e-07	  4.96113e-09	  58122	  2.68635e-10
520	  8.455	  0.030936	  2.65864e-07	  1.54051e-08	  90198	  8.21549e-10
521	  8.455	  0.0938307	  2.65864e-07	  1.45836e-08	  89292	  7.77983e-10
522	  8.455	  0.156319	  2.65864e-07	  1.38257e-08	  90804	  7.37165e-10
523	  8.455	  0.218712	  2.65864e-07	  1.26062e-08	  89628	  6.72417e-10
524	  8.455	  0.281224	  2.65864e-07	  1.15788e-08	  89844	  6.17568e-10
525	  8.455	  0.343807	  2.65864e-07	  1.04716e-08	  90636	  5.58365e-10
526	  8.455	  0.406302	  2.65864e-07	  9.33311e-09	  89628	  4.9783e-10
527	  8.455	  0.468745	  2.65864e-07	  8.17851e-09	  89772	  4.36222e-10
528	  8.455	  0.531226	  2.65864e-07	  7.1358e-09	  90324	  3.80533e-10
529	  8.455	  0.593785	  2.65864e-07	  6.11188e-09	  89784	  3.25992e-10
530	  8.455	  0.656281	  2.65864e-07	  5.1457e-09	  90216	  2.74417e-10
531	  8.455	  0.718743	  2.65864e-07	  4.37263e-09	  89796	  2.33223e-10
532	  8.455	  0.781255	  2.65864e-07	  3.64633e-09	  90120	  1.94463e-10
533	  8.455	  0.843774	  2.65864e-07	  3.02432e-09	  90132	  1.61289e-10
534	  8.455	  0.90628	  2.65864e-07	  2.4907e-09	  89916	  1.32841e-10
535	  8.455	  0.968758	  2.65864e-07	  1.99324e-09	  89964	  1.06307e-10
536	  9.79129	  0.030936	  1.82229e-07	  9.61034e-09	  139068	  5.06288e-10
537	  9.79129	  0.0938307	  1.82229e-07	  8.89204e-09	  141180	  4.68268e-10
538	  9.79129	  0.156319	  1.82229e-07	  8.23394e-09	  139380	  4.33752e-10
539	  9.79129	  0.218712	  1.82229e-07	  7.39291e-09	  138804	  3.89489e-10
540	  9.79129	  0.281224	  1.82229e-07	  6.55306e-09	  140952	  3.45107e-10
541	  9.79129	  0.343807	  1.82229e-07	  5.65358e-09	  139668	  2.97807e-10
542	  9.79129	  0.406302	  1.82229e-07	  4.82551e-09	  139464	  2.54197e-10
543	  9.79129	  0.468745	  1.82229e-07	  4.06584e-09	  139812	  2.14166e-10
544	  9.79129	  0.531226	  1.82229e-07	  3.38329e-09	  139884	  1.78211e-10
545	  9.79129	  0.593785	  1.82229e-07	  2.79727e-09	  140184	  1.47335e-10
546	  9.79129	  0.656281	  1.82229e-07	  2.28764e-09	  139404	  1.20509e-10
547	  9.79129	  0.718743	  1.82229e-07	  1.87465e-09	  139932	  9.87442e-11
548	  9.79129	  0.781255	  1.82229e-07	  1.51966e-09	  139980	  8.00448e-11
549	  9.79129	  0.843774	  1.82229e-07	  1.21733e-09	  139632	  6.41244e-11
550	  9.79129	  0.90628	  1.82229e-07	  9.67771e-10	  140088	  5.09742e-11
551	  9.79129	  0.968758	  1.82229e-07	  7.404e-10	  139623	  3.90014e-11
