#n	   k	      mu	    PL	    Pf	     w	     err  
0	  0.125664	  1	  0.00569891	  0.00057504	  3	  0.000360751
1	  0.251327	  1	  0.00163519	  0.000127786	  3	  8.01667e-05
2	  0.376991	  1	  0.000719018	  0.000125835	  3	  7.89423e-05
3	  0.502655	  1	  0.000390786	  3.33675e-05	  3	  2.09331e-05
4	  0.628319	  1	  0.000239952	  7.59721e-06	  3	  4.76611e-06
5	  0.753982	  1	  0.000159476	  2.02024e-05	  3	  1.2674e-05
6	  0.879646	  1	  0.000112317	  1.18407e-05	  3	  7.42828e-06
7	  1.00531	  1	  8.25039e-05	  1.18549e-05	  3	  7.43718e-06
8	  0.125664	  0	  0.00569891	  0.000102591	  6	  4.70124e-05
9	  0.177715	  0.707107	  0.00305739	  0.000111666	  12	  3.78185e-05
10	  0.280993	  0.894427	  0.00128036	  0.000144016	  12	  4.87746e-05
11	  0.397384	  0.948683	  0.000642413	  5.45519e-05	  12	  1.84754e-05
12	  0.518125	  0.970143	  0.000366024	  2.70808e-05	  12	  9.17158e-06
13	  0.640762	  0.980581	  0.000229554	  2.15395e-05	  12	  7.29491e-06
14	  0.764382	  0.986394	  0.000154683	  1.0146e-05	  12	  3.43621e-06
15	  0.888577	  0.989949	  0.000109695	  1.34372e-05	  12	  4.55084e-06
16	  1.01313	  0.992278	  8.10068e-05	  6.54578e-06	  12	  2.21689e-06
17	  0.177715	  0	  0.00305739	  4.40525e-05	  6	  2.0187e-05
18	  0.217656	  0.57735	  0.00206177	  5.39349e-05	  12	  1.82664e-05
19	  0.307812	  0.816497	  0.00108748	  5.97438e-05	  12	  2.02337e-05
20	  0.416779	  0.904534	  0.000580252	  3.71322e-05	  12	  1.25757e-05
21	  0.533146	  0.942809	  0.000343932	  3.13598e-05	  12	  1.06208e-05
22	  0.652968	  0.96225	  0.000220312	  1.66154e-05	  12	  5.62722e-06
23	  0.774643	  0.973329	  0.000150078	  1.17924e-05	  12	  3.99381e-06
24	  0.897418	  0.980196	  0.000107209	  5.9214e-06	  12	  2.00543e-06
25	  1.0209	  0.984732	  7.95212e-05	  6.52525e-06	  12	  2.20994e-06
26	  0.251327	  0	  0.00163519	  2.34934e-05	  6	  1.07658e-05
27	  0.280993	  0.447214	  0.00128036	  4.40053e-05	  12	  1.49035e-05
28	  0.355431	  0.707107	  0.000805761	  5.33379e-05	  12	  1.80642e-05
29	  0.453087	  0.83205	  0.000488116	  3.30406e-05	  12	  1.119e-05
30	  0.561985	  0.894427	  0.000306554	  2.62168e-05	  12	  8.87898e-06
31	  0.67672	  0.928477	  0.000203428	  1.05543e-05	  12	  3.57448e-06
32	  0.794767	  0.948683	  0.000141617	  8.2048e-06	  12	  2.77876e-06
33	  0.914846	  0.961524	  0.000102611	  1.2499e-05	  12	  4.23312e-06
34	  1.03625	  0.970143	  7.68783e-05	  2.00638e-06	  12	  6.79512e-07
35	  0.280993	  0	  0.00128036	  2.82581e-05	  12	  9.57033e-06
36	  0.307812	  0.408248	  0.00108748	  2.46032e-05	  24	  6.25227e-06
37	  0.376991	  0.666667	  0.000719018	  3.23019e-05	  24	  8.20869e-06
38	  0.470191	  0.801784	  0.000450407	  2.36049e-05	  24	  5.99858e-06
39	  0.575863	  0.872872	  0.000290711	  2.44298e-05	  24	  6.2082e-06
40	  0.688288	  0.912871	  0.000195792	  1.29583e-05	  24	  3.29301e-06
41	  0.80464	  0.937043	  0.000137633	  6.6796e-06	  24	  1.69745e-06
42	  0.923436	  0.952579	  0.000100345	  6.35348e-06	  24	  1.61457e-06
43	  1.04384	  0.963087	  7.55743e-05	  4.95094e-06	  24	  1.25815e-06
44	  0.355431	  0	  0.000805761	  1.52774e-05	  6	  7.00085e-06
45	  0.376991	  0.333333	  0.000719018	  1.95009e-05	  12	  6.60446e-06
46	  0.435312	  0.57735	  0.000531305	  1.45599e-05	  12	  4.93107e-06
47	  0.518125	  0.727607	  0.000366024	  2.06996e-05	  12	  7.01044e-06
48	  0.615624	  0.816497	  0.000250932	  1.47273e-05	  12	  4.98777e-06
49	  0.721883	  0.870388	  0.000176011	  1.23889e-05	  12	  4.19582e-06
50	  0.833559	  0.904534	  0.000126961	  1.27525e-05	  12	  4.31897e-06
51	  0.94874	  0.927173	  9.43313e-05	  8.01661e-06	  12	  2.71503e-06
52	  0.376991	  0	  0.000719018	  2.10158e-05	  6	  9.63046e-06
53	  0.397384	  0.316228	  0.000642413	  1.4091e-05	  12	  4.77228e-06
54	  0.453087	  0.5547	  0.000488116	  2.15108e-05	  12	  7.28518e-06
55	  0.533146	  0.707107	  0.000343932	  1.12274e-05	  12	  3.80243e-06
56	  0.628319	  0.8	  0.000239952	  1.49844e-05	  12	  5.07485e-06
57	  0.732739	  0.857493	  0.000170056	  7.23088e-06	  12	  2.44892e-06
58	  0.842978	  0.894427	  0.000123791	  8.7505e-06	  12	  2.96358e-06
59	  0.957026	  0.919145	  9.24074e-05	  5.87827e-06	  12	  1.99082e-06
60	  0.397384	  0	  0.000642413	  1.14367e-05	  12	  3.87331e-06
61	  0.416779	  0.301511	  0.000580252	  1.04686e-05	  24	  2.66034e-06
62	  0.470191	  0.534522	  0.000450407	  1.07827e-05	  24	  2.74013e-06
63	  0.547755	  0.688247	  0.000324243	  2.04044e-05	  24	  5.18525e-06
64	  0.640762	  0.784465	  0.000229554	  1.24337e-05	  24	  3.1597e-06
65	  0.743437	  0.845154	  0.000164728	  6.919e-06	  24	  1.75828e-06
66	  0.852293	  0.884652	  0.000120748	  1.2722e-05	  24	  3.23298e-06
67	  0.965241	  0.911322	  9.06578e-05	  5.26064e-06	  24	  1.33686e-06
68	  0.453087	  0	  0.000488116	  9.86322e-06	  12	  3.34043e-06
69	  0.470191	  0.267261	  0.000450407	  7.20944e-06	  24	  1.83209e-06
70	  0.518125	  0.485071	  0.000366024	  1.22497e-05	  24	  3.11294e-06
71	  0.589415	  0.639602	  0.0002763	  8.41717e-06	  24	  2.13901e-06
72	  0.67672	  0.742781	  0.000203428	  1.19613e-05	  24	  3.03966e-06
73	  0.774643	  0.811107	  0.000150078	  9.53071e-06	  24	  2.42198e-06
74	  0.879646	  0.857143	  0.000112317	  8.0248e-06	  24	  2.0393e-06
75	  0.989477	  0.889001	  8.55335e-05	  4.18998e-06	  24	  1.06478e-06
76	  0.502655	  0	  0.000390786	  2.09297e-06	  6	  9.59101e-07
77	  0.518125	  0.242536	  0.000366024	  5.06876e-06	  12	  1.71666e-06
78	  0.561985	  0.447214	  0.000306554	  1.04392e-05	  12	  3.53549e-06
79	  0.628319	  0.6	  0.000239952	  7.95588e-06	  12	  2.69446e-06
80	  0.710861	  0.707107	  0.000182114	  4.89344e-06	  12	  1.65729e-06
81	  0.80464	  0.780869	  0.000137633	  7.85199e-06	  12	  2.65927e-06
82	  0.906174	  0.83205	  0.000104899	  5.63242e-06	  12	  1.90756e-06
83	  1.01313	  0.868243	  8.10068e-05	  5.04192e-06	  12	  1.70757e-06
84	  0.518125	  0	  0.000366024	  4.82233e-06	  12	  1.6332e-06
85	  0.533146	  0.235702	  0.000343932	  4.02982e-06	  24	  1.02407e-06
86	  0.575863	  0.436436	  0.000290711	  1.01399e-05	  24	  2.57678e-06
87	  0.640762	  0.588348	  0.000229554	  6.03131e-06	  24	  1.5327e-06
88	  0.721883	  0.696311	  0.000176011	  5.92196e-06	  24	  1.50491e-06
89	  0.814394	  0.771517	  0.000133926	  5.00744e-06	  24	  1.27251e-06
90	  0.914846	  0.824163	  0.000102611	  6.33724e-06	  24	  1.61045e-06
91	  1.0209	  0.86164	  7.95212e-05	  5.83304e-06	  24	  1.48232e-06
92	  0.533146	  0	  0.000343932	  4.64764e-06	  6	  2.12977e-06
93	  0.547755	  0.229416	  0.000324243	  9.28084e-06	  12	  3.14319e-06
94	  0.589415	  0.426401	  0.0002763	  6.80526e-06	  12	  2.30477e-06
95	  0.652968	  0.57735	  0.000220312	  2.85291e-06	  12	  9.66211e-07
96	  0.732739	  0.685994	  0.000170056	  7.53203e-06	  12	  2.55091e-06
97	  0.824032	  0.762493	  0.000130423	  5.51873e-06	  12	  1.86906e-06
98	  0.923436	  0.816497	  0.000100345	  4.83552e-06	  12	  1.63767e-06
99	  1.0286	  0.855186	  7.81919e-05	  3.63609e-06	  12	  1.23145e-06
100	  0.561985	  0	  0.000306554	  6.39757e-06	  12	  2.1667e-06
101	  0.575863	  0.218218	  0.000290711	  7.9768e-06	  24	  2.0271e-06
102	  0.615624	  0.408248	  0.000250932	  7.65017e-06	  24	  1.94409e-06
103	  0.67672	  0.557086	  0.000203428	  7.80321e-06	  24	  1.98298e-06
104	  0.753982	  0.666667	  0.000159476	  6.48224e-06	  24	  1.64729e-06
105	  0.842978	  0.745356	  0.000123791	  5.76498e-06	  24	  1.46502e-06
106	  0.940381	  0.801784	  9.63123e-05	  5.18974e-06	  24	  1.31884e-06
107	  1.04384	  0.842701	  7.55743e-05	  3.81037e-06	  24	  9.68308e-07
108	  0.628319	  0	  0.000239952	  4.01971e-06	  18	  1.14844e-06
109	  0.640762	  0.196116	  0.000229554	  3.8698e-06	  36	  8.38457e-07
110	  0.67672	  0.371391	  0.000203428	  3.67483e-06	  36	  7.96212e-07
111	  0.732739	  0.514496	  0.000170056	  4.24919e-06	  36	  9.20658e-07
112	  0.80464	  0.624695	  0.000137633	  4.48433e-06	  36	  9.71605e-07
113	  0.888577	  0.707107	  0.000109695	  4.76973e-06	  36	  1.03344e-06
114	  0.981465	  0.768221	  8.72025e-05	  4.04814e-06	  36	  8.77098e-07
115	  0.640762	  0	  0.000229554	  3.6828e-06	  12	  1.24727e-06
116	  0.652968	  0.19245	  0.000220312	  5.46293e-06	  24	  1.38826e-06
117	  0.688288	  0.365148	  0.000195792	  3.42756e-06	  24	  8.71026e-07
118	  0.743437	  0.507093	  0.000164728	  4.70319e-06	  24	  1.19519e-06
119	  0.814394	  0.617213	  0.000133926	  4.80594e-06	  24	  1.22131e-06
120	  0.897418	  0.70014	  0.000107209	  4.12536e-06	  24	  1.04835e-06
121	  0.989477	  0.762001	  8.55335e-05	  1.95426e-06	  24	  4.96625e-07
122	  0.67672	  0	  0.000203428	  1.32052e-06	  12	  4.47227e-07
123	  0.688288	  0.182574	  0.000195792	  2.8779e-06	  24	  7.31344e-07
124	  0.721883	  0.348155	  0.000176011	  4.45874e-06	  24	  1.13307e-06
125	  0.774643	  0.486664	  0.000150078	  4.83178e-06	  24	  1.22787e-06
126	  0.842978	  0.596285	  0.000123791	  5.32875e-06	  24	  1.35416e-06
127	  0.923436	  0.680414	  0.000100345	  2.93874e-06	  24	  7.46806e-07
128	  1.01313	  0.744208	  8.10068e-05	  4.09694e-06	  24	  1.04113e-06
129	  0.710861	  0	  0.000182114	  1.28903e-06	  6	  5.90695e-07
130	  0.721883	  0.174078	  0.000176011	  2.49275e-06	  12	  8.44231e-07
131	  0.753982	  0.333333	  0.000159476	  3.44287e-06	  12	  1.16601e-06
132	  0.80464	  0.468521	  0.000137633	  2.73992e-06	  12	  9.27943e-07
133	  0.870624	  0.57735	  0.000114965	  4.71295e-06	  12	  1.59616e-06
134	  0.94874	  0.662266	  9.43313e-05	  3.9058e-06	  12	  1.3228e-06
135	  1.03625	  0.727607	  7.68783e-05	  3.07184e-06	  12	  1.04036e-06
136	  0.732739	  0	  0.000170056	  2.23106e-06	  12	  7.55603e-07
137	  0.743437	  0.169031	  0.000164728	  3.03222e-06	  24	  7.7056e-07
138	  0.774643	  0.324443	  0.000150078	  3.27681e-06	  24	  8.32716e-07
139	  0.824032	  0.457496	  0.000130423	  3.79408e-06	  24	  9.64166e-07
140	  0.888577	  0.565685	  0.000109695	  2.71168e-06	  24	  6.89104e-07
141	  0.965241	  0.650945	  9.06578e-05	  4.48879e-06	  24	  1.14071e-06
142	  0.753982	  0	  0.000159476	  8.96879e-06	  6	  4.10993e-06
143	  0.764382	  0.164399	  0.000154683	  3.94075e-06	  12	  1.33464e-06
144	  0.794767	  0.316228	  0.000141617	  2.36401e-06	  12	  8.00632e-07
145	  0.842978	  0.447214	  0.000123791	  1.4882e-06	  12	  5.04017e-07
146	  0.906174	  0.5547	  0.000104899	  1.66372e-06	  12	  5.63459e-07
147	  0.981465	  0.640184	  8.72025e-05	  2.55329e-06	  12	  8.64735e-07
148	  0.764382	  0	  0.000154683	  3.53195e-06	  12	  1.19618e-06
149	  0.774643	  0.162221	  0.000150078	  2.21879e-06	  24	  5.63849e-07
150	  0.80464	  0.312348	  0.000137633	  2.46006e-06	  24	  6.25161e-07
151	  0.852293	  0.442326	  0.000120748	  3.22133e-06	  24	  8.18617e-07
152	  0.914846	  0.549442	  0.000102611	  3.45527e-06	  24	  8.78068e-07
153	  0.989477	  0.635001	  8.55335e-05	  2.21724e-06	  24	  5.63454e-07
154	  0.794767	  0	  0.000141617	  2.38774e-06	  12	  8.08668e-07
155	  0.80464	  0.156174	  0.000137633	  2.10362e-06	  24	  5.34581e-07
156	  0.833559	  0.301511	  0.000126961	  3.11046e-06	  24	  7.90444e-07
157	  0.879646	  0.428571	  0.000112317	  2.72831e-06	  24	  6.93329e-07
158	  0.940381	  0.534522	  9.63123e-05	  2.94212e-06	  24	  7.47664e-07
159	  1.01313	  0.620174	  8.10068e-05	  2.98608e-06	  24	  7.58834e-07
160	  0.80464	  0	  0.000137633	  3.02272e-06	  12	  1.02372e-06
161	  0.814394	  0.154303	  0.000133926	  1.90635e-06	  24	  4.8445e-07
162	  0.842978	  0.298142	  0.000123791	  3.19153e-06	  24	  8.11044e-07
163	  0.888577	  0.424264	  0.000109695	  2.06577e-06	  24	  5.24961e-07
164	  0.94874	  0.529813	  9.43313e-05	  2.67047e-06	  24	  6.78632e-07
165	  1.0209	  0.615457	  7.95212e-05	  1.74013e-06	  24	  4.42208e-07
166	  0.842978	  0	  0.000123791	  1.1699e-06	  12	  3.96217e-07
167	  0.852293	  0.147442	  0.000120748	  2.46415e-06	  24	  6.26201e-07
168	  0.879646	  0.285714	  0.000112317	  2.9885e-06	  24	  7.5945e-07
169	  0.923436	  0.408248	  0.000100345	  2.62513e-06	  24	  6.6711e-07
170	  0.981465	  0.512148	  8.72025e-05	  3.39221e-06	  24	  8.62042e-07
171	  0.879646	  0	  0.000112317	  2.75384e-06	  6	  1.26194e-06
172	  0.888577	  0.141421	  0.000109695	  2.33164e-06	  12	  7.89667e-07
173	  0.914846	  0.274721	  0.000102611	  1.63326e-06	  12	  5.53143e-07
174	  0.957026	  0.393919	  9.24074e-05	  1.81105e-06	  12	  6.13359e-07
175	  1.01313	  0.496139	  8.10068e-05	  2.3978e-06	  12	  8.12076e-07
176	  0.888577	  0	  0.000109695	  2.3538e-06	  18	  6.72487e-07
177	  0.897418	  0.140028	  0.000107209	  2.4785e-06	  36	  5.37008e-07
178	  0.923436	  0.272166	  0.000100345	  1.95964e-06	  36	  4.2459e-07
179	  0.965241	  0.390567	  9.06578e-05	  2.63287e-06	  36	  5.70455e-07
180	  1.0209	  0.492366	  7.95212e-05	  1.86273e-06	  36	  4.03592e-07
181	  0.906174	  0	  0.000104899	  1.30119e-06	  12	  4.40681e-07
182	  0.914846	  0.137361	  0.000102611	  2.58785e-06	  24	  6.57635e-07
183	  0.940381	  0.267261	  9.63123e-05	  2.19888e-06	  24	  5.58788e-07
184	  0.981465	  0.384111	  8.72025e-05	  2.13819e-06	  24	  5.43364e-07
185	  1.03625	  0.485071	  7.68783e-05	  1.24094e-06	  24	  3.15352e-07
186	  0.914846	  0	  0.000102611	  1.16561e-06	  12	  3.94762e-07
187	  0.923436	  0.136083	  0.000100345	  2.30136e-06	  24	  5.8483e-07
188	  0.94874	  0.264906	  9.43313e-05	  1.47025e-06	  24	  3.73625e-07
189	  0.989477	  0.381	  8.55335e-05	  1.75818e-06	  24	  4.46796e-07
190	  1.04384	  0.481543	  7.55743e-05	  1.34483e-06	  24	  3.41753e-07
191	  0.957026	  0	  9.24074e-05	  1.61784e-06	  12	  5.47923e-07
192	  0.965241	  0.130189	  9.06578e-05	  2.38883e-06	  24	  6.07058e-07
193	  0.989477	  0.254	  8.55335e-05	  1.6162e-06	  24	  4.10715e-07
194	  1.0286	  0.366508	  7.81919e-05	  1.60115e-06	  24	  4.06892e-07
195	  0.981465	  0	  8.72025e-05	  1.1932e-06	  12	  4.04107e-07
196	  0.989477	  0.127	  8.55335e-05	  1.15459e-06	  24	  2.9341e-07
197	  1.01313	  0.248069	  8.10068e-05	  1.70132e-06	  24	  4.32347e-07
198	  1.00531	  0	  8.25039e-05	  1.91119e-06	  6	  8.758e-07
199	  1.01313	  0.124035	  8.10068e-05	  2.1658e-06	  12	  7.33504e-07
200	  1.03625	  0.242536	  7.68783e-05	  7.26577e-07	  12	  2.46074e-07
201	  1.01313	  0	  8.10068e-05	  1.93772e-06	  24	  4.92423e-07
202	  1.0209	  0.123091	  7.95212e-05	  1.965e-06	  48	  3.81873e-07
203	  1.04384	  0.240772	  7.55743e-05	  1.39244e-06	  48	  2.70604e-07
204	  1.03625	  0	  7.68783e-05	  1.02663e-06	  12	  3.47693e-07
205	  1.04384	  0.120386	  7.55743e-05	  1.66018e-06	  24	  4.21892e-07
206	  1.13795	  0.0307688	  6.1738e-05	  1.27457e-06	  108	  1.86374e-07
207	  1.13795	  0.0938409	  6.1738e-05	  1.2498e-06	  216	  1.47528e-07
208	  1.13795	  0.218771	  6.1738e-05	  1.33361e-06	  216	  1.57421e-07
209	  1.13795	  0.343792	  6.1738e-05	  1.48811e-06	  228	  1.72958e-07
210	  1.13795	  0.406346	  6.1738e-05	  1.29278e-06	  84	  2.05693e-07
211	  1.13795	  0.468799	  6.1738e-05	  1.58229e-06	  108	  2.3137e-07
212	  1.13795	  0.531211	  6.1738e-05	  2.00505e-06	  132	  2.7477e-07
213	  1.13795	  0.593752	  6.1738e-05	  2.36959e-06	  120	  3.34792e-07
214	  1.13795	  0.656285	  6.1738e-05	  2.09104e-06	  144	  2.78805e-07
215	  1.13795	  0.718778	  6.1738e-05	  2.29532e-06	  132	  3.14548e-07
216	  1.13795	  0.781285	  6.1738e-05	  2.77672e-06	  120	  3.92315e-07
217	  1.13795	  0.843751	  6.1738e-05	  2.98226e-06	  144	  3.97634e-07
218	  1.13795	  0.906307	  6.1738e-05	  4.19941e-06	  108	  6.14058e-07
219	  1.13795	  0.968805	  6.1738e-05	  4.07468e-06	  123	  5.71136e-07
220	  1.31028	  0.0307688	  4.42559e-05	  9.4207e-07	  138	  1.27298e-07
221	  1.31028	  0.0938409	  4.42559e-05	  9.17819e-07	  276	  1.01137e-07
222	  1.31028	  0.156375	  4.42559e-05	  8.14307e-07	  72	  1.36682e-07
223	  1.31028	  0.218771	  4.42559e-05	  9.03073e-07	  192	  1.10327e-07
224	  1.31028	  0.281239	  4.42559e-05	  1.05818e-06	  288	  1.15263e-07
225	  1.31028	  0.343792	  4.42559e-05	  1.05495e-06	  120	  1.49051e-07
226	  1.31028	  0.406346	  4.42559e-05	  1.34482e-06	  180	  1.67478e-07
227	  1.31028	  0.468799	  4.42559e-05	  1.1612e-06	  192	  1.41863e-07
228	  1.31028	  0.531211	  4.42559e-05	  1.35673e-06	  168	  1.7251e-07
229	  1.31028	  0.593752	  4.42559e-05	  1.76751e-06	  192	  2.15934e-07
230	  1.31028	  0.656285	  4.42559e-05	  1.33191e-06	  192	  1.62717e-07
231	  1.31028	  0.718778	  4.42559e-05	  1.81332e-06	  228	  2.10756e-07
232	  1.31028	  0.781285	  4.42559e-05	  2.67099e-06	  144	  3.56132e-07
233	  1.31028	  0.843751	  4.42559e-05	  2.25421e-06	  216	  2.6609e-07
234	  1.31028	  0.906307	  4.42559e-05	  2.77841e-06	  168	  3.5328e-07
235	  1.31028	  0.968805	  4.42559e-05	  2.85605e-06	  162	  3.67195e-07
236	  1.51187	  0.0307688	  3.14307e-05	  7.30576e-07	  198	  8.84486e-08
237	  1.51187	  0.0938409	  3.14307e-05	  7.54594e-07	  396	  7.56494e-08
238	  1.51187	  0.156375	  3.14307e-05	  7.39978e-07	  396	  7.41842e-08
239	  1.51187	  0.218771	  3.14307e-05	  6.68215e-07	  204	  8.01952e-08
240	  1.51187	  0.281239	  3.14307e-05	  8.10716e-07	  240	  9.28673e-08
241	  1.51187	  0.343792	  3.14307e-05	  7.98757e-07	  372	  8.13514e-08
242	  1.51187	  0.406346	  3.14307e-05	  8.83703e-07	  312	  9.4215e-08
243	  1.51187	  0.468799	  3.14307e-05	  9.10138e-07	  276	  1.00291e-07
244	  1.51187	  0.531211	  3.14307e-05	  1.10026e-06	  288	  1.19847e-07
245	  1.51187	  0.593752	  3.14307e-05	  1.10002e-06	  336	  1.15012e-07
246	  1.51187	  0.656285	  3.14307e-05	  1.08177e-06	  252	  1.22234e-07
247	  1.51187	  0.718778	  3.14307e-05	  1.23708e-06	  312	  1.3189e-07
248	  1.51187	  0.781285	  3.14307e-05	  1.60087e-06	  324	  1.68981e-07
249	  1.51187	  0.843751	  3.14307e-05	  1.54471e-06	  240	  1.76946e-07
250	  1.51187	  0.906307	  3.14307e-05	  1.71576e-06	  324	  1.81108e-07
251	  1.51187	  0.968805	  3.14307e-05	  1.77171e-06	  303	  1.90368e-07
252	  1.74481	  0.0307688	  2.22272e-05	  5.03264e-07	  246	  5.72501e-08
253	  1.74481	  0.0938409	  2.22272e-05	  4.78361e-07	  492	  4.54842e-08
254	  1.74481	  0.156375	  2.22272e-05	  5.17986e-07	  504	  4.89723e-08
255	  1.74481	  0.218771	  2.22272e-05	  4.64125e-07	  528	  4.34047e-08
256	  1.74481	  0.281239	  2.22272e-05	  5.19921e-07	  480	  4.97271e-08
257	  1.74481	  0.343792	  2.22272e-05	  5.60096e-07	  384	  5.6587e-08
258	  1.74481	  0.406346	  2.22272e-05	  6.77696e-07	  420	  6.6953e-08
259	  1.74481	  0.468799	  2.22272e-05	  6.23109e-07	  468	  5.99587e-08
260	  1.74481	  0.531211	  2.22272e-05	  7.15964e-07	  456	  6.93263e-08
261	  1.74481	  0.593752	  2.22272e-05	  6.88e-07	  444	  6.70511e-08
262	  1.74481	  0.656285	  2.22272e-05	  7.26825e-07	  396	  7.28655e-08
263	  1.74481	  0.718778	  2.22272e-05	  8.87964e-07	  456	  8.59809e-08
264	  1.74481	  0.781285	  2.22272e-05	  9.25389e-07	  384	  9.3493e-08
265	  1.74481	  0.843751	  2.22272e-05	  1.00104e-06	  480	  9.57431e-08
266	  1.74481	  0.906307	  2.22272e-05	  1.06819e-06	  480	  1.02166e-07
267	  1.74481	  0.968805	  2.22272e-05	  1.28244e-06	  414	  1.27151e-07
268	  2.01778	  0.0307688	  1.56099e-05	  3.61447e-07	  798	  3.08674e-08
269	  2.01778	  0.0938409	  1.56099e-05	  3.89016e-07	  708	  3.40709e-08
270	  2.01778	  0.156375	  1.56099e-05	  3.84485e-07	  684	  3.39254e-08
271	  2.01778	  0.218771	  1.56099e-05	  3.95751e-07	  720	  3.45364e-08
272	  2.01778	  0.281239	  1.56099e-05	  4.0463e-07	  708	  3.54384e-08
273	  2.01778	  0.343792	  1.56099e-05	  4.16108e-07	  720	  3.63129e-08
274	  2.01778	  0.406346	  1.56099e-05	  4.4695e-07	  672	  3.95889e-08
275	  2.01778	  0.468799	  1.56099e-05	  4.97074e-07	  732	  4.32261e-08
276	  2.01778	  0.531211	  1.56099e-05	  4.95565e-07	  672	  4.38951e-08
277	  2.01778	  0.593752	  1.56099e-05	  5.41997e-07	  708	  4.74693e-08
278	  2.01778	  0.656285	  1.56099e-05	  5.26149e-07	  744	  4.5597e-08
279	  2.01778	  0.718778	  1.56099e-05	  6.41357e-07	  744	  5.55811e-08
280	  2.01778	  0.781285	  1.56099e-05	  6.79878e-07	  696	  5.97646e-08
281	  2.01778	  0.843751	  1.56099e-05	  7.01663e-07	  708	  6.14532e-08
282	  2.01778	  0.906307	  1.56099e-05	  7.17874e-07	  696	  6.31046e-08
283	  2.01778	  0.968805	  1.56099e-05	  9.15333e-07	  741	  7.93922e-08
284	  2.33149	  0.0307688	  1.09369e-05	  2.63654e-07	  1320	  2.04396e-08
285	  2.33149	  0.0938409	  1.09369e-05	  2.63021e-07	  900	  2.19184e-08
286	  2.33149	  0.156375	  1.09369e-05	  2.76437e-07	  948	  2.28001e-08
287	  2.33149	  0.218771	  1.09369e-05	  2.92289e-07	  924	  2.42301e-08
288	  2.33149	  0.281239	  1.09369e-05	  2.72819e-07	  1128	  2.1764e-08
289	  2.33149	  0.343792	  1.09369e-05	  2.93231e-07	  1116	  2.34392e-08
290	  2.33149	  0.406346	  1.09369e-05	  3.0901e-07	  1080	  2.48534e-08
291	  2.33149	  0.468799	  1.09369e-05	  3.30914e-07	  1020	  2.6907e-08
292	  2.33149	  0.531211	  1.09369e-05	  3.27658e-07	  1092	  2.62983e-08
293	  2.33149	  0.593752	  1.09369e-05	  3.54377e-07	  1140	  2.82146e-08
294	  2.33149	  0.656285	  1.09369e-05	  3.63736e-07	  1008	  2.96434e-08
295	  2.33149	  0.718778	  1.09369e-05	  4.04023e-07	  984	  3.3081e-08
296	  2.33149	  0.781285	  1.09369e-05	  4.24804e-07	  1056	  3.43127e-08
297	  2.33149	  0.843751	  1.09369e-05	  4.24424e-07	  1128	  3.38583e-08
298	  2.33149	  0.906307	  1.09369e-05	  4.5143e-07	  1080	  3.63081e-08
299	  2.33149	  0.968805	  1.09369e-05	  4.98322e-07	  1002	  4.06587e-08
300	  2.69126	  0.0307688	  7.65759e-06	  1.99986e-07	  1902	  1.45848e-08
301	  2.69126	  0.0938409	  7.65759e-06	  2.02465e-07	  1200	  1.59679e-08
302	  2.69126	  0.156375	  7.65759e-06	  1.90277e-07	  1932	  1.38428e-08
303	  2.69126	  0.218771	  7.65759e-06	  2.03347e-07	  1692	  1.51109e-08
304	  2.69126	  0.281239	  7.65759e-06	  2.05043e-07	  1488	  1.55677e-08
305	  2.69126	  0.343792	  7.65759e-06	  2.13819e-07	  1716	  1.58526e-08
306	  2.69126	  0.406346	  7.65759e-06	  2.14932e-07	  1464	  1.63639e-08
307	  2.69126	  0.468799	  7.65759e-06	  2.16793e-07	  1836	  1.58992e-08
308	  2.69126	  0.531211	  7.65759e-06	  2.42796e-07	  1608	  1.81946e-08
309	  2.69126	  0.593752	  7.65759e-06	  2.51502e-07	  1632	  1.88007e-08
310	  2.69126	  0.656285	  7.65759e-06	  2.57045e-07	  1716	  1.90574e-08
311	  2.69126	  0.718778	  7.65759e-06	  2.7167e-07	  1752	  2.0074e-08
312	  2.69126	  0.781285	  7.65759e-06	  2.65753e-07	  1668	  1.97946e-08
313	  2.69126	  0.843751	  7.65759e-06	  2.84896e-07	  1560	  2.1458e-08
314	  2.69126	  0.906307	  7.65759e-06	  2.92302e-07	  1704	  2.16962e-08
315	  2.69126	  0.968805	  7.65759e-06	  3.10817e-07	  1605	  2.32991e-08
316	  3.10927	  0.0307688	  5.34203e-06	  1.45105e-07	  2496	  1.01597e-08
317	  3.10927	  0.0938409	  5.34203e-06	  1.4405e-07	  2892	  9.88115e-09
318	  3.10927	  0.156375	  5.34203e-06	  1.49271e-07	  2136	  1.06934e-08
319	  3.10927	  0.218771	  5.34203e-06	  1.41524e-07	  2784	  9.75844e-09
320	  3.10927	  0.281239	  5.34203e-06	  1.49759e-07	  2544	  1.04571e-08
321	  3.10927	  0.343792	  5.34203e-06	  1.50451e-07	  2364	  1.06169e-08
322	  3.10927	  0.406346	  5.34203e-06	  1.57737e-07	  2808	  1.08635e-08
323	  3.10927	  0.468799	  5.34203e-06	  1.59536e-07	  2376	  1.12497e-08
324	  3.10927	  0.531211	  5.34203e-06	  1.6627e-07	  2568	  1.15946e-08
325	  3.10927	  0.593752	  5.34203e-06	  1.6673e-07	  2568	  1.16267e-08
326	  3.10927	  0.656285	  5.34203e-06	  1.68719e-07	  2556	  1.17732e-08
327	  3.10927	  0.718778	  5.34203e-06	  1.77789e-07	  2436	  1.24916e-08
328	  3.10927	  0.781285	  5.34203e-06	  1.75165e-07	  2508	  1.2256e-08
329	  3.10927	  0.843751	  5.34203e-06	  1.78527e-07	  2628	  1.24088e-08
330	  3.10927	  0.906307	  5.34203e-06	  1.8312e-07	  2532	  1.27952e-08
331	  3.10927	  0.968805	  5.34203e-06	  1.81657e-07	  2580	  1.26592e-08
332	  3.59032	  0.0307688	  3.7182e-06	  1.16042e-07	  3282	  7.82768e-09
333	  3.59032	  0.0938409	  3.7182e-06	  1.08806e-07	  4320	  7.09574e-09
334	  3.59032	  0.156375	  3.7182e-06	  1.12097e-07	  4296	  7.31508e-09
335	  3.59032	  0.218771	  3.7182e-06	  1.0312e-07	  3684	  6.85496e-09
336	  3.59032	  0.281239	  3.7182e-06	  1.02326e-07	  3972	  6.73989e-09
337	  3.59032	  0.343792	  3.7182e-06	  1.11792e-07	  4008	  7.35539e-09
338	  3.59032	  0.406346	  3.7182e-06	  1.06572e-07	  3816	  7.05378e-09
339	  3.59032	  0.468799	  3.7182e-06	  1.11097e-07	  3900	  7.33385e-09
340	  3.59032	  0.531211	  3.7182e-06	  1.11417e-07	  3924	  7.34946e-09
341	  3.59032	  0.593752	  3.7182e-06	  1.17985e-07	  3744	  7.82745e-09
342	  3.59032	  0.656285	  3.7182e-06	  1.12357e-07	  3936	  7.40873e-09
343	  3.59032	  0.718778	  3.7182e-06	  1.13569e-07	  3948	  7.48594e-09
344	  3.59032	  0.781285	  3.7182e-06	  1.12621e-07	  3852	  7.44563e-09
345	  3.59032	  0.843751	  3.7182e-06	  1.13662e-07	  3996	  7.48116e-09
346	  3.59032	  0.906307	  3.7182e-06	  1.09399e-07	  3864	  7.22991e-09
347	  3.59032	  0.968805	  3.7182e-06	  1.09753e-07	  3924	  7.23973e-09
348	  4.14536	  0.0307688	  2.58049e-06	  7.86921e-08	  6432	  4.91581e-09
349	  4.14536	  0.0938409	  2.58049e-06	  7.81844e-08	  5904	  4.92675e-09
350	  4.14536	  0.156375	  2.58049e-06	  7.64438e-08	  5664	  4.83792e-09
351	  4.14536	  0.218771	  2.58049e-06	  7.58726e-08	  6060	  4.76828e-09
352	  4.14536	  0.281239	  2.58049e-06	  7.36175e-08	  5808	  4.64686e-09
353	  4.14536	  0.343792	  2.58049e-06	  7.61848e-08	  6228	  4.77461e-09
354	  4.14536	  0.406346	  2.58049e-06	  7.78057e-08	  6120	  4.88486e-09
355	  4.14536	  0.468799	  2.58049e-06	  7.42465e-08	  5976	  4.67277e-09
356	  4.14536	  0.531211	  2.58049e-06	  7.62798e-08	  5976	  4.80073e-09
357	  4.14536	  0.593752	  2.58049e-06	  7.54044e-08	  6072	  4.7379e-09
358	  4.14536	  0.656285	  2.58049e-06	  7.52083e-08	  6024	  4.72941e-09
359	  4.14536	  0.718778	  2.58049e-06	  7.17307e-08	  6012	  4.51165e-09
360	  4.14536	  0.781285	  2.58049e-06	  7.12296e-08	  6060	  4.47649e-09
361	  4.14536	  0.843751	  2.58049e-06	  6.90816e-08	  6036	  4.34326e-09
362	  4.14536	  0.906307	  2.58049e-06	  6.6734e-08	  5916	  4.20433e-09
363	  4.14536	  0.968805	  2.58049e-06	  6.24983e-08	  6075	  3.92677e-09
364	  4.78665	  0.0307688	  1.78966e-06	  5.82766e-08	  9726	  3.50475e-09
365	  4.78665	  0.0938409	  1.78966e-06	  5.68801e-08	  8388	  3.46506e-09
366	  4.78665	  0.156375	  1.78966e-06	  5.62729e-08	  9816	  3.38162e-09
367	  4.78665	  0.218771	  1.78966e-06	  5.40945e-08	  9192	  3.26894e-09
368	  4.78665	  0.281239	  1.78966e-06	  5.25245e-08	  9372	  3.16878e-09
369	  4.78665	  0.343792	  1.78966e-06	  5.2336e-08	  9120	  3.16483e-09
370	  4.78665	  0.406346	  1.78966e-06	  5.26356e-08	  9168	  3.1815e-09
371	  4.78665	  0.468799	  1.78966e-06	  5.12991e-08	  9288	  3.09725e-09
372	  4.78665	  0.531211	  1.78966e-06	  4.99877e-08	  9288	  3.01807e-09
373	  4.78665	  0.593752	  1.78966e-06	  4.75538e-08	  9492	  2.86579e-09
374	  4.78665	  0.656285	  1.78966e-06	  4.66219e-08	  8976	  2.82319e-09
375	  4.78665	  0.718778	  1.78966e-06	  4.45428e-08	  9432	  2.68578e-09
376	  4.78665	  0.781285	  1.78966e-06	  4.21631e-08	  9240	  2.54678e-09
377	  4.78665	  0.843751	  1.78966e-06	  4.03588e-08	  9300	  2.43644e-09
378	  4.78665	  0.906307	  1.78966e-06	  3.9335e-08	  9312	  2.37437e-09
379	  4.78665	  0.968805	  1.78966e-06	  3.53597e-08	  9183	  2.13698e-09
380	  5.52669	  0.0307688	  1.23745e-06	  4.23693e-08	  12906	  2.49142e-09
381	  5.52669	  0.0938409	  1.23745e-06	  4.16944e-08	  15516	  2.41945e-09
382	  5.52669	  0.156375	  1.23745e-06	  3.91116e-08	  14088	  2.2851e-09
383	  5.52669	  0.218771	  1.23745e-06	  3.83585e-08	  14496	  2.23652e-09
384	  5.52669	  0.281239	  1.23745e-06	  3.61302e-08	  14268	  2.10899e-09
385	  5.52669	  0.343792	  1.23745e-06	  3.57411e-08	  14340	  2.08552e-09
386	  5.52669	  0.406346	  1.23745e-06	  3.4276e-08	  14292	  2.00051e-09
387	  5.52669	  0.468799	  1.23745e-06	  3.29962e-08	  14064	  1.92804e-09
388	  5.52669	  0.531211	  1.23745e-06	  3.17965e-08	  14448	  1.85436e-09
389	  5.52669	  0.593752	  1.23745e-06	  3.04239e-08	  14148	  1.77698e-09
390	  5.52669	  0.656285	  1.23745e-06	  2.8523e-08	  14340	  1.66434e-09
391	  5.52669	  0.718778	  1.23745e-06	  2.69147e-08	  14196	  1.57163e-09
392	  5.52669	  0.781285	  1.23745e-06	  2.45351e-08	  14148	  1.43303e-09
393	  5.52669	  0.843751	  1.23745e-06	  2.33655e-08	  14244	  1.36405e-09
394	  5.52669	  0.906307	  1.23745e-06	  2.17903e-08	  14352	  1.2714e-09
395	  5.52669	  0.968805	  1.23745e-06	  1.92795e-08	  14226	  1.12562e-09
396	  6.38202	  0.0307688	  8.52653e-07	  3.11831e-08	  23682	  1.76179e-09
397	  6.38202	  0.0938409	  8.52653e-07	  2.95921e-08	  20736	  1.68511e-09
398	  6.38202	  0.156375	  8.52653e-07	  2.78207e-08	  21744	  1.5797e-09
399	  6.38202	  0.218771	  8.52653e-07	  2.67466e-08	  22008	  1.51762e-09
400	  6.38202	  0.281239	  8.52653e-07	  2.51723e-08	  21600	  1.42989e-09
401	  6.38202	  0.343792	  8.52653e-07	  2.3593e-08	  22332	  1.33753e-09
402	  6.38202	  0.406346	  8.52653e-07	  2.25494e-08	  21948	  1.27968e-09
403	  6.38202	  0.468799	  8.52653e-07	  2.12054e-08	  22008	  1.20321e-09
404	  6.38202	  0.531211	  8.52653e-07	  1.9539e-08	  21960	  1.1088e-09
405	  6.38202	  0.593752	  8.52653e-07	  1.8482e-08	  21840	  1.04916e-09
406	  6.38202	  0.656285	  8.52653e-07	  1.68585e-08	  22212	  9.56042e-10
407	  6.38202	  0.718778	  8.52653e-07	  1.52264e-08	  21972	  8.64041e-10
408	  6.38202	  0.781285	  8.52653e-07	  1.40085e-08	  21876	  7.95136e-10
409	  6.38202	  0.843751	  8.52653e-07	  1.27511e-08	  22152	  7.23225e-10
410	  6.38202	  0.906307	  8.52653e-07	  1.14246e-08	  21912	  6.48407e-10
411	  6.38202	  0.968805	  8.52653e-07	  1.00603e-08	  22020	  5.70813e-10
412	  7.37039	  0.0307688	  5.87354e-07	  2.18433e-08	  32160	  1.21397e-09
413	  7.37039	  0.0938409	  5.87354e-07	  2.05673e-08	  35364	  1.13773e-09
414	  7.37039	  0.156375	  5.87354e-07	  1.93667e-08	  34104	  1.0732e-09
415	  7.37039	  0.218771	  5.87354e-07	  1.77588e-08	  33708	  9.84668e-10
416	  7.37039	  0.281239	  5.87354e-07	  1.66575e-08	  34344	  9.22757e-10
417	  7.37039	  0.343792	  5.87354e-07	  1.54556e-08	  33612	  8.57083e-10
418	  7.37039	  0.406346	  5.87354e-07	  1.41437e-08	  33732	  7.84193e-10
419	  7.37039	  0.468799	  5.87354e-07	  1.28071e-08	  33960	  7.09852e-10
420	  7.37039	  0.531211	  5.87354e-07	  1.16949e-08	  33816	  6.48343e-10
421	  7.37039	  0.593752	  5.87354e-07	  1.04581e-08	  33960	  5.79657e-10
422	  7.37039	  0.656285	  5.87354e-07	  9.40317e-09	  33516	  5.21521e-10
423	  7.37039	  0.718778	  5.87354e-07	  8.30736e-09	  34056	  4.60384e-10
424	  7.37039	  0.781285	  5.87354e-07	  7.27736e-09	  33984	  4.03344e-10
425	  7.37039	  0.843751	  5.87354e-07	  6.39018e-09	  33768	  3.54283e-10
426	  7.37039	  0.906307	  5.87354e-07	  5.6563e-09	  33972	  3.13503e-10
427	  7.37039	  0.968805	  5.87354e-07	  4.78019e-09	  33804	  2.65009e-10
428	  8.51213	  0.0307688	  4.03511e-07	  1.50267e-08	  54198	  8.1588e-10
429	  8.51213	  0.0938409	  4.03511e-07	  1.40761e-08	  49692	  7.66949e-10
430	  8.51213	  0.156375	  4.03511e-07	  1.279e-08	  53040	  6.95033e-10
431	  8.51213	  0.218771	  4.03511e-07	  1.17634e-08	  51612	  6.3995e-10
432	  8.51213	  0.281239	  4.03511e-07	  1.04875e-08	  52416	  5.70181e-10
433	  8.51213	  0.343792	  4.03511e-07	  9.45115e-09	  51984	  5.1401e-10
434	  8.51213	  0.406346	  4.03511e-07	  8.38557e-09	  52524	  4.55868e-10
435	  8.51213	  0.468799	  4.03511e-07	  7.49155e-09	  52164	  4.07379e-10
436	  8.51213	  0.531211	  4.03511e-07	  6.53115e-09	  52320	  3.55111e-10
437	  8.51213	  0.593752	  4.03511e-07	  5.6159e-09	  52380	  3.05333e-10
438	  8.51213	  0.656285	  4.03511e-07	  4.91864e-09	  52164	  2.67468e-10
439	  8.51213	  0.718778	  4.03511e-07	  4.16759e-09	  52284	  2.26606e-10
440	  8.51213	  0.781285	  4.03511e-07	  3.53234e-09	  52140	  1.92086e-10
441	  8.51213	  0.843751	  4.03511e-07	  3.02605e-09	  52164	  1.64552e-10
442	  8.51213	  0.906307	  4.03511e-07	  2.54142e-09	  52200	  1.38194e-10
443	  8.51213	  0.968805	  4.03511e-07	  2.1149e-09	  52086	  1.15012e-10
444	  9.82942	  0.0307688	  2.76515e-07	  1.01022e-08	  79470	  5.40945e-10
445	  9.82942	  0.0938409	  2.76515e-07	  9.31001e-09	  82284	  4.97956e-10
446	  9.82942	  0.156375	  2.76515e-07	  8.29054e-09	  78936	  4.44035e-10
447	  9.82942	  0.218771	  2.76515e-07	  7.4099e-09	  80292	  3.96645e-10
448	  9.82942	  0.281239	  2.76515e-07	  6.40768e-09	  80172	  3.43014e-10
449	  9.82942	  0.343792	  2.76515e-07	  5.55564e-09	  80484	  2.97365e-10
450	  9.82942	  0.406346	  2.76515e-07	  4.74161e-09	  80208	  2.53823e-10
451	  9.82942	  0.468799	  2.76515e-07	  4.04312e-09	  79944	  2.16455e-10
452	  9.82942	  0.531211	  2.76515e-07	  3.35491e-09	  79896	  1.79615e-10
453	  9.82942	  0.593752	  2.76515e-07	  2.8307e-09	  80508	  1.51511e-10
454	  9.82942	  0.656285	  2.76515e-07	  2.33464e-09	  80316	  1.2497e-10
455	  9.82942	  0.718778	  2.76515e-07	  1.92592e-09	  80124	  1.031e-10
456	  9.82942	  0.781285	  2.76515e-07	  1.57623e-09	  80256	  8.43754e-11
457	  9.82942	  0.843751	  2.76515e-07	  1.29203e-09	  80136	  6.91656e-11
458	  9.82942	  0.906307	  2.76515e-07	  1.04339e-09	  80364	  5.58502e-11
459	  9.82942	  0.968805	  2.76515e-07	  8.25805e-10	  80229	  4.42057e-11
