#n	   k	      mu	    PL	    Pf	     w	     err  
0	  0.10472	  1	  0.00379853	  0.000355996	  3	  0.000223334
1	  0.20944	  1	  0.00134928	  0.000100654	  3	  6.3145e-05
2	  0.314159	  1	  0.000632002	  9.64146e-05	  3	  6.04857e-05
3	  0.418879	  1	  0.000354209	  1.78811e-05	  3	  1.12177e-05
4	  0.523599	  1	  0.00022393	  5.40407e-06	  3	  3.39025e-06
5	  0.628319	  1	  0.000151731	  2.58899e-05	  3	  1.62421e-05
6	  0.733038	  1	  0.000108477	  1.19828e-05	  3	  7.51743e-06
7	  0.837758	  1	  8.07459e-05	  1.03303e-05	  3	  6.48073e-06
8	  0.942478	  1	  6.20055e-05	  1.55243e-06	  3	  9.73917e-07
9	  0.10472	  0	  0.00379853	  6.0784e-05	  6	  2.78542e-05
10	  0.148096	  0.707107	  0.00241558	  8.59775e-05	  12	  2.91184e-05
11	  0.23416	  0.894427	  0.00106881	  0.000104783	  12	  3.54875e-05
12	  0.331153	  0.948683	  0.000572332	  4.22648e-05	  12	  1.4314e-05
13	  0.431771	  0.970143	  0.00033334	  2.2723e-05	  12	  7.69573e-06
14	  0.533968	  0.980581	  0.000214781	  1.50194e-05	  12	  5.08669e-06
15	  0.636985	  0.986394	  0.000147282	  9.12431e-06	  12	  3.09018e-06
16	  0.74048	  0.989949	  0.00010613	  1.19056e-05	  12	  4.03212e-06
17	  0.844278	  0.992278	  7.93415e-05	  5.7704e-06	  12	  1.95429e-06
18	  0.948278	  0.993884	  6.11422e-05	  5.56528e-06	  12	  1.88482e-06
19	  0.148096	  0	  0.00241558	  3.27171e-05	  6	  1.49925e-05
20	  0.18138	  0.57735	  0.0017137	  4.39891e-05	  12	  1.4898e-05
21	  0.25651	  0.816497	  0.000940668	  5.00624e-05	  12	  1.69549e-05
22	  0.347316	  0.904534	  0.000515517	  2.92157e-05	  12	  9.89465e-06
23	  0.444288	  0.942809	  0.00031512	  1.94544e-05	  12	  6.58873e-06
24	  0.54414	  0.96225	  0.000206254	  1.6416e-05	  12	  5.55969e-06
25	  0.645536	  0.973329	  0.000143139	  1.00887e-05	  12	  3.4168e-06
26	  0.747849	  0.980196	  0.00010381	  6.51074e-06	  12	  2.20502e-06
27	  0.850747	  0.984732	  7.80228e-05	  7.42333e-06	  12	  2.5141e-06
28	  0.954042	  0.987878	  6.03124e-05	  5.37317e-06	  12	  1.81976e-06
29	  0.20944	  0	  0.00134928	  1.99498e-05	  6	  9.14198e-06
30	  0.23416	  0.447214	  0.00106881	  3.33246e-05	  12	  1.12862e-05
31	  0.296192	  0.707107	  0.000695986	  3.96869e-05	  12	  1.3441e-05
32	  0.377572	  0.83205	  0.000438644	  2.67565e-05	  12	  9.06176e-06
33	  0.468321	  0.894427	  0.00028273	  2.14908e-05	  12	  7.2784e-06
34	  0.563933	  0.928477	  0.000191181	  8.20966e-06	  12	  2.78041e-06
35	  0.662306	  0.948683	  0.000135378	  8.15932e-06	  12	  2.76336e-06
36	  0.762371	  0.961524	  9.95093e-05	  8.44314e-06	  12	  2.85948e-06
37	  0.863541	  0.970143	  7.54539e-05	  2.29621e-06	  12	  7.77668e-07
38	  0.965468	  0.976187	  5.87146e-05	  3.70472e-06	  12	  1.2547e-06
39	  0.23416	  0	  0.00106881	  2.09358e-05	  12	  7.09044e-06
40	  0.25651	  0.408248	  0.000940668	  2.01945e-05	  24	  5.13191e-06
41	  0.314159	  0.666667	  0.000632002	  2.75066e-05	  24	  6.9901e-06
42	  0.391825	  0.801784	  0.000408396	  2.0017e-05	  24	  5.0868e-06
43	  0.479886	  0.872872	  0.000268343	  2.29788e-05	  24	  5.83946e-06
44	  0.573574	  0.912871	  0.000184519	  1.04873e-05	  24	  2.66508e-06
45	  0.670534	  0.937043	  0.000131833	  6.84323e-06	  24	  1.73903e-06
46	  0.76953	  0.952579	  9.75033e-05	  6.62241e-06	  24	  1.68291e-06
47	  0.869868	  0.963087	  7.4243e-05	  5.38517e-06	  24	  1.3685e-06
48	  0.971131	  0.970495	  5.79317e-05	  4.36784e-06	  24	  1.10997e-06
49	  0.296192	  0	  0.000695986	  1.1977e-05	  6	  5.48845e-06
50	  0.314159	  0.333333	  0.000632002	  1.52361e-05	  12	  5.1601e-06
51	  0.36276	  0.57735	  0.000471853	  1.28878e-05	  12	  4.36477e-06
52	  0.431771	  0.727607	  0.00033334	  1.6584e-05	  12	  5.61659e-06
53	  0.51302	  0.816497	  0.000233677	  1.42954e-05	  12	  4.84149e-06
54	  0.601569	  0.870388	  0.000166611	  1.10383e-05	  12	  3.7384e-06
55	  0.694632	  0.904534	  0.000122073	  1.11047e-05	  12	  3.76088e-06
56	  0.790617	  0.927173	  9.18345e-05	  5.98777e-06	  12	  2.02791e-06
57	  0.888577	  0.942809	  7.0786e-05	  4.72585e-06	  12	  1.60053e-06
58	  0.987924	  0.953998	  5.57298e-05	  2.25223e-06	  12	  7.62775e-07
59	  0.314159	  0	  0.000632002	  1.61487e-05	  6	  7.40014e-06
60	  0.331153	  0.316228	  0.000572332	  1.24032e-05	  12	  4.20066e-06
61	  0.377572	  0.5547	  0.000438644	  1.7454e-05	  12	  5.91122e-06
62	  0.444288	  0.707107	  0.00031512	  9.30567e-06	  12	  3.1516e-06
63	  0.523599	  0.8	  0.00022393	  1.40453e-05	  12	  4.75678e-06
64	  0.610616	  0.857493	  0.000161348	  5.80796e-06	  12	  1.96701e-06
65	  0.702481	  0.894427	  0.000119103	  6.86573e-06	  12	  2.32525e-06
66	  0.797522	  0.919145	  9.00783e-05	  5.97261e-06	  12	  2.02277e-06
67	  0.894726	  0.936329	  6.96796e-05	  3.01816e-06	  12	  1.02218e-06
68	  0.993459	  0.948683	  5.50341e-05	  3.72219e-06	  12	  1.26061e-06
69	  0.331153	  0	  0.000572332	  9.69515e-06	  12	  3.28351e-06
70	  0.347316	  0.301511	  0.000515517	  8.89992e-06	  24	  2.26169e-06
71	  0.391825	  0.534522	  0.000408396	  9.29115e-06	  24	  2.36111e-06
72	  0.456463	  0.688247	  0.000298414	  1.68386e-05	  24	  4.2791e-06
73	  0.533968	  0.784465	  0.000214781	  9.04111e-06	  24	  2.29756e-06
74	  0.61953	  0.845154	  0.000156415	  6.46282e-06	  24	  1.64236e-06
75	  0.710244	  0.884652	  0.000116293	  1.03083e-05	  24	  2.61959e-06
76	  0.804368	  0.911322	  8.83936e-05	  5.37368e-06	  24	  1.36558e-06
77	  0.900833	  0.929981	  6.86392e-05	  4.29986e-06	  24	  1.0927e-06
78	  0.998963	  0.943456	  5.43564e-05	  2.83084e-06	  24	  7.19384e-07
79	  0.377572	  0	  0.000438644	  8.11384e-06	  12	  2.74795e-06
80	  0.391825	  0.267261	  0.000408396	  6.11595e-06	  24	  1.55421e-06
81	  0.431771	  0.485071	  0.00033334	  1.05647e-05	  24	  2.68476e-06
82	  0.491179	  0.639602	  0.000255503	  7.47475e-06	  24	  1.89952e-06
83	  0.563933	  0.742781	  0.000191181	  9.92275e-06	  24	  2.52161e-06
84	  0.645536	  0.811107	  0.000143139	  8.23782e-06	  24	  2.09343e-06
85	  0.733038	  0.857143	  0.000108477	  7.02185e-06	  24	  1.78442e-06
86	  0.824564	  0.889001	  8.36412e-05	  3.2504e-06	  24	  8.26005e-07
87	  0.918912	  0.911685	  6.56405e-05	  4.74232e-06	  24	  1.20514e-06
88	  0.418879	  0	  0.000354209	  1.9396e-06	  6	  8.88817e-07
89	  0.431771	  0.242536	  0.00033334	  4.54809e-06	  12	  1.54032e-06
90	  0.468321	  0.447214	  0.00028273	  8.26165e-06	  12	  2.79802e-06
91	  0.523599	  0.6	  0.00022393	  7.62621e-06	  12	  2.58281e-06
92	  0.592384	  0.707107	  0.000172252	  3.64869e-06	  12	  1.23572e-06
93	  0.670534	  0.780869	  0.000131833	  7.89659e-06	  12	  2.67438e-06
94	  0.755145	  0.83205	  0.000101648	  4.63219e-06	  12	  1.56881e-06
95	  0.844278	  0.868243	  7.93415e-05	  4.51509e-06	  12	  1.52915e-06
96	  0.936642	  0.894427	  6.28741e-05	  2.25264e-06	  12	  7.62913e-07
97	  0.431771	  0	  0.00033334	  4.34223e-06	  12	  1.47061e-06
98	  0.444288	  0.235702	  0.00031512	  2.78267e-06	  24	  7.07143e-07
99	  0.479886	  0.436436	  0.000268343	  9.19395e-06	  24	  2.33641e-06
100	  0.533968	  0.588348	  0.000214781	  4.92593e-06	  24	  1.2518e-06
101	  0.601569	  0.696311	  0.000166611	  4.70544e-06	  24	  1.19577e-06
102	  0.678662	  0.771517	  0.000128405	  4.24373e-06	  24	  1.07843e-06
103	  0.762371	  0.824163	  9.95093e-05	  6.26828e-06	  24	  1.59292e-06
104	  0.850747	  0.86164	  7.80228e-05	  5.3131e-06	  24	  1.35019e-06
105	  0.942478	  0.888889	  6.20055e-05	  4.37176e-06	  24	  1.11097e-06
106	  0.444288	  0	  0.00031512	  4.07196e-06	  6	  1.86597e-06
107	  0.456463	  0.229416	  0.000298414	  7.29016e-06	  12	  2.469e-06
108	  0.491179	  0.426401	  0.000255503	  6.15046e-06	  12	  2.08301e-06
109	  0.54414	  0.57735	  0.000206254	  2.2233e-06	  12	  7.52976e-07
110	  0.610616	  0.685994	  0.000161348	  7.79505e-06	  12	  2.63999e-06
111	  0.686693	  0.762493	  0.00012517	  4.98079e-06	  12	  1.68687e-06
112	  0.76953	  0.816497	  9.75033e-05	  4.59672e-06	  12	  1.55679e-06
113	  0.857168	  0.855186	  7.6714e-05	  2.65583e-06	  12	  8.99462e-07
114	  0.948278	  0.883452	  6.11422e-05	  2.04481e-06	  12	  6.92525e-07
115	  0.468321	  0	  0.00028273	  5.1229e-06	  12	  1.735e-06
116	  0.479886	  0.218218	  0.000268343	  7.08913e-06	  24	  1.80152e-06
117	  0.51302	  0.408248	  0.000233677	  7.16559e-06	  24	  1.82095e-06
118	  0.563933	  0.557086	  0.000191181	  6.77151e-06	  24	  1.7208e-06
119	  0.628319	  0.666667	  0.000151731	  5.13907e-06	  24	  1.30596e-06
120	  0.702481	  0.745356	  0.000119103	  5.7712e-06	  24	  1.4666e-06
121	  0.783651	  0.801784	  9.36575e-05	  4.8727e-06	  24	  1.23827e-06
122	  0.869868	  0.842701	  7.4243e-05	  3.30412e-06	  24	  8.39657e-07
123	  0.959772	  0.872872	  5.95111e-05	  3.07275e-06	  24	  7.8086e-07
124	  0.523599	  0	  0.00022393	  3.61048e-06	  18	  1.03152e-06
125	  0.533968	  0.196116	  0.000214781	  3.31564e-06	  36	  7.18389e-07
126	  0.563933	  0.371391	  0.000191181	  3.2562e-06	  36	  7.0551e-07
127	  0.610616	  0.514496	  0.000161348	  3.92038e-06	  36	  8.49415e-07
128	  0.670534	  0.624695	  0.000131833	  4.09993e-06	  36	  8.88317e-07
129	  0.74048	  0.707107	  0.00010613	  4.44688e-06	  36	  9.6349e-07
130	  0.817887	  0.768221	  8.51823e-05	  3.77092e-06	  36	  8.17033e-07
131	  0.900833	  0.813733	  6.86392e-05	  3.24833e-06	  36	  7.03805e-07
132	  0.987924	  0.847998	  5.57298e-05	  2.86829e-06	  36	  6.21462e-07
133	  0.533968	  0	  0.000214781	  3.2336e-06	  12	  1.09514e-06
134	  0.54414	  0.19245	  0.000206254	  4.90527e-06	  24	  1.24655e-06
135	  0.573574	  0.365148	  0.000184519	  3.37538e-06	  24	  8.57766e-07
136	  0.61953	  0.507093	  0.000156415	  4.35312e-06	  24	  1.10623e-06
137	  0.678662	  0.617213	  0.000128405	  4.09719e-06	  24	  1.0412e-06
138	  0.747849	  0.70014	  0.00010381	  3.90782e-06	  24	  9.93071e-07
139	  0.824564	  0.762001	  8.36412e-05	  1.64225e-06	  24	  4.17335e-07
140	  0.9069	  0.80829	  6.76145e-05	  3.5981e-06	  24	  9.14365e-07
141	  0.993459	  0.843274	  5.50341e-05	  2.69978e-06	  24	  6.86079e-07
142	  0.563933	  0	  0.000191181	  1.35739e-06	  12	  4.59715e-07
143	  0.573574	  0.182574	  0.000184519	  2.75856e-06	  24	  7.01018e-07
144	  0.601569	  0.348155	  0.000166611	  3.58615e-06	  24	  9.11327e-07
145	  0.645536	  0.486664	  0.000143139	  4.18527e-06	  24	  1.06358e-06
146	  0.702481	  0.596285	  0.000119103	  4.34958e-06	  24	  1.10533e-06
147	  0.76953	  0.680414	  9.75033e-05	  2.48645e-06	  24	  6.31868e-07
148	  0.844278	  0.744208	  7.93415e-05	  3.95452e-06	  24	  1.00494e-06
149	  0.92486	  0.792594	  6.46977e-05	  3.06385e-06	  24	  7.78597e-07
150	  0.592384	  0	  0.000172252	  9.56767e-07	  6	  4.38437e-07
151	  0.601569	  0.174078	  0.000166611	  2.03419e-06	  12	  6.88928e-07
152	  0.628319	  0.333333	  0.000151731	  2.82463e-06	  12	  9.56631e-07
153	  0.670534	  0.468521	  0.000131833	  2.49158e-06	  12	  8.43837e-07
154	  0.72552	  0.57735	  0.000110996	  4.73989e-06	  12	  1.60528e-06
155	  0.790617	  0.662266	  9.18345e-05	  3.42992e-06	  12	  1.16163e-06
156	  0.863541	  0.727607	  7.54539e-05	  2.83517e-06	  12	  9.60202e-07
157	  0.942478	  0.777778	  6.20055e-05	  2.18565e-06	  12	  7.40227e-07
158	  0.610616	  0	  0.000161348	  2.11616e-06	  12	  7.16691e-07
159	  0.61953	  0.169031	  0.000156415	  2.53956e-06	  24	  6.45364e-07
160	  0.645536	  0.324443	  0.000143139	  3.03786e-06	  24	  7.71993e-07
161	  0.686693	  0.457496	  0.00012517	  3.2596e-06	  24	  8.28344e-07
162	  0.74048	  0.565685	  0.00010613	  2.82793e-06	  24	  7.18645e-07
163	  0.804368	  0.650945	  8.83936e-05	  3.72504e-06	  24	  9.46624e-07
164	  0.876148	  0.717137	  7.30409e-05	  3.20645e-06	  24	  8.14836e-07
165	  0.954042	  0.76835	  6.03124e-05	  2.56637e-06	  24	  6.52178e-07
166	  0.628319	  0	  0.000151731	  7.1283e-06	  6	  3.26653e-06
167	  0.636985	  0.164399	  0.000147282	  3.53117e-06	  12	  1.19592e-06
168	  0.662306	  0.316228	  0.000135378	  2.2757e-06	  12	  7.70723e-07
169	  0.702481	  0.447214	  0.000119103	  1.30006e-06	  12	  4.40298e-07
170	  0.755145	  0.5547	  0.000101648	  1.74627e-06	  12	  5.91418e-07
171	  0.817887	  0.640184	  8.51823e-05	  2.18437e-06	  12	  7.39791e-07
172	  0.888577	  0.707107	  7.0786e-05	  2.46805e-06	  12	  8.35868e-07
173	  0.965468	  0.759257	  5.87146e-05	  2.80416e-06	  12	  9.49701e-07
174	  0.636985	  0	  0.000147282	  3.48241e-06	  12	  1.1794e-06
175	  0.645536	  0.162221	  0.000143139	  1.86474e-06	  24	  4.73875e-07
176	  0.670534	  0.312348	  0.000131833	  2.10354e-06	  24	  5.34559e-07
177	  0.710244	  0.442326	  0.000116293	  2.8588e-06	  24	  7.26491e-07
178	  0.762371	  0.549442	  9.95093e-05	  3.57459e-06	  24	  9.08391e-07
179	  0.824564	  0.635001	  8.36412e-05	  1.77383e-06	  24	  4.50774e-07
180	  0.894726	  0.702247	  6.96796e-05	  1.85352e-06	  24	  4.71025e-07
181	  0.971131	  0.754829	  5.79317e-05	  2.28058e-06	  24	  5.7955e-07
182	  0.662306	  0	  0.000135378	  2.10002e-06	  12	  7.11223e-07
183	  0.670534	  0.156174	  0.000131833	  1.96781e-06	  24	  5.00068e-07
184	  0.694632	  0.301511	  0.000122073	  2.16698e-06	  24	  5.50683e-07
185	  0.733038	  0.428571	  0.000108477	  2.79606e-06	  24	  7.10545e-07
186	  0.783651	  0.534522	  9.36575e-05	  2.29507e-06	  24	  5.83232e-07
187	  0.844278	  0.620174	  7.93415e-05	  2.25474e-06	  24	  5.72985e-07
188	  0.912926	  0.688247	  6.65967e-05	  1.65726e-06	  24	  4.21151e-07
189	  0.987924	  0.741999	  5.57298e-05	  1.89867e-06	  24	  4.82498e-07
190	  0.670534	  0	  0.000131833	  2.50189e-06	  12	  8.47326e-07
191	  0.678662	  0.154303	  0.000128405	  1.66072e-06	  24	  4.22028e-07
192	  0.702481	  0.298142	  0.000119103	  2.71956e-06	  24	  6.91107e-07
193	  0.74048	  0.424264	  0.00010613	  2.11427e-06	  24	  5.37288e-07
194	  0.790617	  0.529813	  9.18345e-05	  2.27809e-06	  24	  5.78918e-07
195	  0.850747	  0.615457	  7.80228e-05	  1.66772e-06	  24	  4.23808e-07
196	  0.918912	  0.683763	  6.56405e-05	  2.49223e-06	  24	  6.33336e-07
197	  0.993459	  0.737865	  5.50341e-05	  2.11061e-06	  24	  5.36356e-07
198	  0.702481	  0	  0.000119103	  1.08506e-06	  12	  3.67482e-07
199	  0.710244	  0.147442	  0.000116293	  2.15138e-06	  24	  5.46717e-07
200	  0.733038	  0.285714	  0.000108477	  2.74354e-06	  24	  6.97199e-07
201	  0.76953	  0.408248	  9.75033e-05	  2.2867e-06	  24	  5.81105e-07
202	  0.817887	  0.512148	  8.51823e-05	  3.20362e-06	  24	  8.14118e-07
203	  0.876148	  0.597614	  7.30409e-05	  2.59951e-06	  24	  6.60599e-07
204	  0.942478	  0.666667	  6.20055e-05	  2.16551e-06	  24	  5.50309e-07
205	  0.733038	  0	  0.000108477	  1.60551e-06	  6	  7.35723e-07
206	  0.74048	  0.141421	  0.00010613	  1.71073e-06	  12	  5.79381e-07
207	  0.762371	  0.274721	  9.95093e-05	  1.44428e-06	  12	  4.89141e-07
208	  0.797522	  0.393919	  9.00783e-05	  1.96155e-06	  12	  6.6433e-07
209	  0.844278	  0.496139	  7.93415e-05	  2.40657e-06	  12	  8.15044e-07
210	  0.900833	  0.581238	  6.86392e-05	  2.56827e-06	  12	  8.69808e-07
211	  0.965468	  0.650791	  5.87146e-05	  2.04938e-06	  12	  6.94075e-07
212	  0.74048	  0	  0.00010613	  1.79397e-06	  18	  5.1254e-07
213	  0.747849	  0.140028	  0.00010381	  2.31957e-06	  36	  5.02574e-07
214	  0.76953	  0.272166	  9.75033e-05	  1.80808e-06	  36	  3.91751e-07
215	  0.804368	  0.390567	  8.83936e-05	  2.60165e-06	  36	  5.6369e-07
216	  0.850747	  0.492366	  7.80228e-05	  1.6372e-06	  36	  3.54726e-07
217	  0.9069	  0.57735	  6.76145e-05	  1.62635e-06	  36	  3.52376e-07
218	  0.971131	  0.646997	  5.79317e-05	  2.68087e-06	  36	  5.80855e-07
219	  0.755145	  0	  0.000101648	  1.16284e-06	  12	  3.93825e-07
220	  0.762371	  0.137361	  9.95093e-05	  2.2382e-06	  24	  5.68781e-07
221	  0.783651	  0.267261	  9.36575e-05	  1.9315e-06	  24	  4.9084e-07
222	  0.817887	  0.384111	  8.51823e-05	  2.11279e-06	  24	  5.36912e-07
223	  0.863541	  0.485071	  7.54539e-05	  1.14511e-06	  24	  2.91001e-07
224	  0.918912	  0.569803	  6.56405e-05	  1.8989e-06	  24	  4.82556e-07
225	  0.982358	  0.639602	  5.64596e-05	  1.46677e-06	  24	  3.72741e-07
226	  0.762371	  0	  9.95093e-05	  9.45716e-07	  12	  3.20291e-07
227	  0.76953	  0.136083	  9.75033e-05	  2.19114e-06	  24	  5.56822e-07
228	  0.790617	  0.264906	  9.18345e-05	  1.52652e-06	  24	  3.87925e-07
229	  0.824564	  0.381	  8.36412e-05	  1.53343e-06	  24	  3.89681e-07
230	  0.869868	  0.481543	  7.4243e-05	  1.10969e-06	  24	  2.82e-07
231	  0.92486	  0.566139	  6.46977e-05	  2.09423e-06	  24	  5.32194e-07
232	  0.987924	  0.635999	  5.57298e-05	  1.56827e-06	  24	  3.98536e-07
233	  0.797522	  0	  9.00783e-05	  1.73321e-06	  12	  5.86995e-07
234	  0.804368	  0.130189	  8.83936e-05	  2.11022e-06	  24	  5.36257e-07
235	  0.824564	  0.254	  8.36412e-05	  1.35069e-06	  24	  3.43242e-07
236	  0.857168	  0.366508	  7.6714e-05	  1.6005e-06	  24	  4.06726e-07
237	  0.900833	  0.464991	  6.86392e-05	  1.53648e-06	  24	  3.90457e-07
238	  0.954042	  0.548821	  6.03124e-05	  1.77683e-06	  24	  4.51535e-07
239	  0.817887	  0	  8.51823e-05	  1.27153e-06	  12	  4.30636e-07
240	  0.824564	  0.127	  8.36412e-05	  1.19565e-06	  24	  3.03843e-07
241	  0.844278	  0.248069	  7.93415e-05	  1.40144e-06	  24	  3.5614e-07
242	  0.876148	  0.358569	  7.30409e-05	  1.76113e-06	  24	  4.47547e-07
243	  0.918912	  0.455842	  6.56405e-05	  1.63733e-06	  24	  4.16086e-07
244	  0.971131	  0.539164	  5.79317e-05	  1.94096e-06	  24	  4.93245e-07
245	  0.837758	  0	  8.07459e-05	  1.51949e-06	  6	  6.96302e-07
246	  0.844278	  0.124035	  7.93415e-05	  2.09205e-06	  12	  7.08524e-07
247	  0.863541	  0.242536	  7.54539e-05	  6.81674e-07	  12	  2.30866e-07
248	  0.894726	  0.351123	  6.96796e-05	  1.28982e-06	  12	  4.36831e-07
249	  0.936642	  0.447214	  6.28741e-05	  1.32965e-06	  12	  4.50321e-07
250	  0.987924	  0.529999	  5.57298e-05	  2.20049e-06	  12	  7.45251e-07
251	  0.844278	  0	  7.93415e-05	  1.81772e-06	  24	  4.61928e-07
252	  0.850747	  0.123091	  7.80228e-05	  1.56463e-06	  48	  3.04067e-07
253	  0.869868	  0.240772	  7.4243e-05	  1.28957e-06	  48	  2.50613e-07
254	  0.900833	  0.348743	  6.86392e-05	  1.52204e-06	  48	  2.9579e-07
255	  0.942478	  0.444444	  6.20055e-05	  1.45353e-06	  48	  2.82475e-07
256	  0.993459	  0.527046	  5.50341e-05	  1.61837e-06	  48	  3.14509e-07
257	  0.863541	  0	  7.54539e-05	  7.8631e-07	  12	  2.66304e-07
258	  0.869868	  0.120386	  7.4243e-05	  1.37476e-06	  24	  3.4936e-07
259	  0.888577	  0.235702	  7.0786e-05	  1.32049e-06	  24	  3.35568e-07
260	  0.918912	  0.341882	  6.56405e-05	  1.42516e-06	  24	  3.62166e-07
261	  0.959772	  0.436436	  5.95111e-05	  1.39002e-06	  24	  3.53238e-07
262	  0.888577	  0	  7.0786e-05	  1.23955e-06	  6	  5.68023e-07
263	  0.894726	  0.117041	  6.96796e-05	  9.14449e-07	  12	  3.09701e-07
264	  0.912926	  0.229416	  6.65967e-05	  1.32244e-06	  12	  4.47876e-07
265	  0.942478	  0.333333	  6.20055e-05	  1.47482e-06	  12	  4.99486e-07
266	  0.982358	  0.426401	  5.64596e-05	  1.38979e-06	  12	  4.70689e-07
267	  0.894726	  0	  6.96796e-05	  9.27884e-07	  12	  3.14251e-07
268	  0.900833	  0.116248	  6.86392e-05	  1.13398e-06	  24	  2.88172e-07
269	  0.918912	  0.227921	  6.56405e-05	  1.41935e-06	  24	  3.60691e-07
270	  0.948278	  0.331295	  6.11422e-05	  1.41954e-06	  24	  3.6074e-07
271	  0.987924	  0.423999	  5.57298e-05	  1.23736e-06	  24	  3.14443e-07
272	  0.900833	  0	  6.86392e-05	  1.67275e-06	  12	  5.66519e-07
273	  0.9069	  0.11547	  6.76145e-05	  1.15645e-06	  24	  2.93882e-07
274	  0.92486	  0.226455	  6.46977e-05	  9.49721e-07	  24	  2.41347e-07
275	  0.954042	  0.329293	  6.03124e-05	  1.42268e-06	  24	  3.61538e-07
276	  0.993459	  0.421637	  5.50341e-05	  1.28459e-06	  24	  3.26446e-07
277	  0.936642	  0	  6.28741e-05	  8.64658e-07	  12	  2.92838e-07
278	  0.942478	  0.111111	  6.20055e-05	  1.22639e-06	  24	  3.11655e-07
279	  0.959772	  0.218218	  5.95111e-05	  1.07363e-06	  24	  2.72835e-07
280	  0.987924	  0.317999	  5.57298e-05	  1.02868e-06	  24	  2.61412e-07
281	  0.942478	  0	  6.20055e-05	  2.05962e-06	  6	  9.43816e-07
282	  0.948278	  0.110432	  6.11422e-05	  1.44941e-06	  12	  4.9088e-07
283	  0.965468	  0.21693	  5.87146e-05	  1.27031e-06	  12	  4.30223e-07
284	  0.993459	  0.316228	  5.50341e-05	  1.36842e-06	  12	  4.63451e-07
285	  0.948278	  0	  6.11422e-05	  1.31657e-06	  12	  4.45891e-07
286	  0.954042	  0.109764	  6.03124e-05	  9.80438e-07	  24	  2.49153e-07
287	  0.971131	  0.215666	  5.79317e-05	  8.38475e-07	  24	  2.13077e-07
288	  0.998963	  0.314485	  5.43564e-05	  1.0832e-06	  24	  2.75268e-07
289	  0.965468	  0	  5.87146e-05	  9.9685e-07	  24	  2.53324e-07
290	  0.971131	  0.107833	  5.79317e-05	  1.12222e-06	  48	  2.18089e-07
291	  0.987924	  0.212	  5.57298e-05	  1.20499e-06	  48	  2.34174e-07
292	  0.987924	  0	  5.57298e-05	  1.04143e-06	  12	  3.52705e-07
293	  0.993459	  0.105409	  5.50341e-05	  1.06525e-06	  24	  2.70706e-07
294	  0.993459	  0	  5.50341e-05	  9.09192e-07	  12	  3.07921e-07
295	  0.998963	  0.104828	  5.43564e-05	  9.35564e-07	  24	  2.37749e-07
296	  1.08818	  0.030936	  4.47331e-05	  8.71265e-07	  138	  1.1773e-07
297	  1.08818	  0.0938307	  4.47331e-05	  7.99942e-07	  252	  9.03887e-08
298	  1.08818	  0.156319	  4.47331e-05	  7.13335e-07	  72	  1.19734e-07
299	  1.08818	  0.218712	  4.47331e-05	  8.10571e-07	  216	  9.5681e-08
300	  1.08818	  0.281224	  4.47331e-05	  9.57138e-07	  288	  1.04257e-07
301	  1.08818	  0.343807	  4.47331e-05	  9.04752e-07	  120	  1.2783e-07
302	  1.08818	  0.406302	  4.47331e-05	  1.26993e-06	  180	  1.58152e-07
303	  1.08818	  0.468745	  4.47331e-05	  1.18589e-06	  180	  1.47685e-07
304	  1.08818	  0.531226	  4.47331e-05	  1.36112e-06	  192	  1.66287e-07
305	  1.08818	  0.593785	  4.47331e-05	  1.72425e-06	  192	  2.1065e-07
306	  1.08818	  0.656281	  4.47331e-05	  1.42488e-06	  168	  1.81176e-07
307	  1.08818	  0.718743	  4.47331e-05	  1.83809e-06	  228	  2.13635e-07
308	  1.08818	  0.781255	  4.47331e-05	  2.51815e-06	  144	  3.35753e-07
309	  1.08818	  0.843774	  4.47331e-05	  2.1585e-06	  240	  2.47255e-07
310	  1.08818	  0.90628	  4.47331e-05	  2.73327e-06	  168	  3.4754e-07
311	  1.08818	  0.968758	  4.47331e-05	  2.79731e-06	  150	  3.68265e-07
312	  1.25577	  0.030936	  3.21739e-05	  6.65401e-07	  198	  8.05581e-08
313	  1.25577	  0.0938307	  3.21739e-05	  6.88235e-07	  396	  6.89969e-08
314	  1.25577	  0.156319	  3.21739e-05	  6.56886e-07	  396	  6.5854e-08
315	  1.25577	  0.218712	  3.21739e-05	  6.20495e-07	  204	  7.4468e-08
316	  1.25577	  0.281224	  3.21739e-05	  7.38136e-07	  216	  8.71306e-08
317	  1.25577	  0.343807	  3.21739e-05	  7.31012e-07	  372	  7.44518e-08
318	  1.25577	  0.406302	  3.21739e-05	  8.35367e-07	  312	  8.90617e-08
319	  1.25577	  0.468745	  3.21739e-05	  8.26816e-07	  288	  9.00614e-08
320	  1.25577	  0.531226	  3.21739e-05	  1.09091e-06	  264	  1.21686e-07
321	  1.25577	  0.593785	  3.21739e-05	  1.03072e-06	  312	  1.09889e-07
322	  1.25577	  0.656281	  3.21739e-05	  1.10176e-06	  276	  1.21406e-07
323	  1.25577	  0.718743	  3.21739e-05	  1.25327e-06	  312	  1.33616e-07
324	  1.25577	  0.781255	  3.21739e-05	  1.457e-06	  276	  1.60551e-07
325	  1.25577	  0.843774	  3.21739e-05	  1.48791e-06	  240	  1.7044e-07
326	  1.25577	  0.90628	  3.21739e-05	  1.67604e-06	  324	  1.76916e-07
327	  1.25577	  0.968758	  3.21739e-05	  1.93773e-06	  315	  2.06066e-07
328	  1.45182	  0.030936	  2.29512e-05	  4.73591e-07	  246	  5.38746e-08
329	  1.45182	  0.0938307	  2.29512e-05	  4.32368e-07	  516	  4.06524e-08
330	  1.45182	  0.156319	  2.29512e-05	  4.81249e-07	  504	  4.5499e-08
331	  1.45182	  0.218712	  2.29512e-05	  4.46795e-07	  528	  4.17841e-08
332	  1.45182	  0.281224	  2.29512e-05	  4.81687e-07	  504	  4.55404e-08
333	  1.45182	  0.343807	  2.29512e-05	  5.45175e-07	  384	  5.50796e-08
334	  1.45182	  0.406302	  2.29512e-05	  6.62966e-07	  420	  6.54977e-08
335	  1.45182	  0.468745	  2.29512e-05	  5.80969e-07	  468	  5.59038e-08
336	  1.45182	  0.531226	  2.29512e-05	  6.52796e-07	  480	  6.24358e-08
337	  1.45182	  0.593785	  2.29512e-05	  6.82235e-07	  468	  6.56481e-08
338	  1.45182	  0.656281	  2.29512e-05	  7.33236e-07	  396	  7.35083e-08
339	  1.45182	  0.718743	  2.29512e-05	  8.17439e-07	  456	  7.9152e-08
340	  1.45182	  0.781255	  2.29512e-05	  1.00605e-06	  432	  9.87065e-08
341	  1.45182	  0.843774	  2.29512e-05	  1.00788e-06	  480	  9.63972e-08
342	  1.45182	  0.90628	  2.29512e-05	  1.18754e-06	  480	  1.13581e-07
343	  1.45182	  0.968758	  2.29512e-05	  1.32771e-06	  414	  1.31638e-07
344	  1.68148	  0.030936	  1.6245e-05	  3.24112e-07	  798	  2.7679e-08
345	  1.68148	  0.0938307	  1.6245e-05	  3.61414e-07	  708	  3.16535e-08
346	  1.68148	  0.156319	  1.6245e-05	  3.33029e-07	  684	  2.93851e-08
347	  1.68148	  0.218712	  1.6245e-05	  3.63189e-07	  720	  3.16947e-08
348	  1.68148	  0.281224	  1.6245e-05	  3.69675e-07	  708	  3.2377e-08
349	  1.68148	  0.343807	  1.6245e-05	  3.89633e-07	  720	  3.40024e-08
350	  1.68148	  0.406302	  1.6245e-05	  4.14261e-07	  672	  3.66935e-08
351	  1.68148	  0.468745	  1.6245e-05	  4.78045e-07	  732	  4.15713e-08
352	  1.68148	  0.531226	  1.6245e-05	  4.89258e-07	  672	  4.33365e-08
353	  1.68148	  0.593785	  1.6245e-05	  5.02403e-07	  708	  4.40016e-08
354	  1.68148	  0.656281	  1.6245e-05	  5.23363e-07	  744	  4.53555e-08
355	  1.68148	  0.718743	  1.6245e-05	  6.46448e-07	  744	  5.60223e-08
356	  1.68148	  0.781255	  1.6245e-05	  6.98199e-07	  696	  6.13751e-08
357	  1.68148	  0.843774	  1.6245e-05	  7.06713e-07	  708	  6.18955e-08
358	  1.68148	  0.90628	  1.6245e-05	  7.79211e-07	  696	  6.84964e-08
359	  1.68148	  0.968758	  1.6245e-05	  8.68207e-07	  741	  7.53047e-08
360	  1.94819	  0.030936	  1.14415e-05	  2.37608e-07	  1368	  1.83046e-08
361	  1.94819	  0.0938307	  1.14415e-05	  2.39398e-07	  924	  1.98455e-08
362	  1.94819	  0.156319	  1.14415e-05	  2.52608e-07	  972	  2.07328e-08
363	  1.94819	  0.218712	  1.14415e-05	  2.71433e-07	  972	  2.22779e-08
364	  1.94819	  0.281224	  1.14415e-05	  2.47679e-07	  1200	  1.95338e-08
365	  1.94819	  0.343807	  1.14415e-05	  2.67118e-07	  1140	  2.12673e-08
366	  1.94819	  0.406302	  1.14415e-05	  2.89506e-07	  1080	  2.32847e-08
367	  1.94819	  0.468745	  1.14415e-05	  3.22511e-07	  1068	  2.59942e-08
368	  1.94819	  0.531226	  1.14415e-05	  3.0415e-07	  1164	  2.41223e-08
369	  1.94819	  0.593785	  1.14415e-05	  3.6975e-07	  1188	  2.9215e-08
370	  1.94819	  0.656281	  1.14415e-05	  3.71004e-07	  1068	  2.99027e-08
371	  1.94819	  0.718743	  1.14415e-05	  3.95912e-07	  1008	  3.22657e-08
372	  1.94819	  0.781255	  1.14415e-05	  4.36659e-07	  1164	  3.46317e-08
373	  1.94819	  0.843774	  1.14415e-05	  4.62262e-07	  1176	  3.65929e-08
374	  1.94819	  0.90628	  1.14415e-05	  4.8677e-07	  1080	  3.91504e-08
375	  1.94819	  0.968758	  1.14415e-05	  5.19882e-07	  1038	  4.21305e-08
376	  2.25604	  0.030936	  8.04204e-06	  1.78843e-07	  1896	  1.30494e-08
377	  2.25604	  0.0938307	  8.04204e-06	  1.80818e-07	  1272	  1.41108e-08
378	  2.25604	  0.156319	  8.04204e-06	  1.76008e-07	  2040	  1.26973e-08
379	  2.25604	  0.218712	  8.04204e-06	  1.88029e-07	  1740	  1.39091e-08
380	  2.25604	  0.281224	  8.04204e-06	  1.91644e-07	  1584	  1.43974e-08
381	  2.25604	  0.343807	  8.04204e-06	  1.93866e-07	  1764	  1.43091e-08
382	  2.25604	  0.406302	  8.04204e-06	  2.03468e-07	  1632	  1.521e-08
383	  2.25604	  0.468745	  8.04204e-06	  2.16415e-07	  1860	  1.58388e-08
384	  2.25604	  0.531226	  8.04204e-06	  2.31738e-07	  1560	  1.74541e-08
385	  2.25604	  0.593785	  8.04204e-06	  2.40207e-07	  1692	  1.785e-08
386	  2.25604	  0.656281	  8.04204e-06	  2.60383e-07	  1704	  1.93269e-08
387	  2.25604	  0.718743	  8.04204e-06	  2.72213e-07	  1824	  1.99844e-08
388	  2.25604	  0.781255	  8.04204e-06	  2.82901e-07	  1668	  2.10719e-08
389	  2.25604	  0.843774	  8.04204e-06	  2.98021e-07	  1680	  2.2172e-08
390	  2.25604	  0.90628	  8.04204e-06	  3.17375e-07	  1776	  2.33997e-08
391	  2.25604	  0.968758	  8.04204e-06	  3.26393e-07	  1656	  2.43403e-08
392	  2.61216	  0.030936	  5.63734e-06	  1.32942e-07	  2586	  9.26137e-09
393	  2.61216	  0.0938307	  5.63734e-06	  1.28301e-07	  3036	  8.74357e-09
394	  2.61216	  0.156319	  5.63734e-06	  1.3732e-07	  2124	  9.84557e-09
395	  2.61216	  0.218712	  5.63734e-06	  1.30406e-07	  2940	  8.92532e-09
396	  2.61216	  0.281224	  5.63734e-06	  1.3581e-07	  2616	  9.44576e-09
397	  2.61216	  0.343807	  5.63734e-06	  1.43156e-07	  2448	  1.00512e-08
398	  2.61216	  0.406302	  5.63734e-06	  1.49751e-07	  2916	  1.02607e-08
399	  2.61216	  0.468745	  5.63734e-06	  1.52038e-07	  2544	  1.06162e-08
400	  2.61216	  0.531226	  5.63734e-06	  1.59965e-07	  2652	  1.11045e-08
401	  2.61216	  0.593785	  5.63734e-06	  1.63709e-07	  2748	  1.13084e-08
402	  2.61216	  0.656281	  5.63734e-06	  1.74296e-07	  2676	  1.20842e-08
403	  2.61216	  0.718743	  5.63734e-06	  1.74868e-07	  2472	  1.22605e-08
404	  2.61216	  0.781255	  5.63734e-06	  1.83473e-07	  2616	  1.27608e-08
405	  2.61216	  0.843774	  5.63734e-06	  1.87153e-07	  2736	  1.29356e-08
406	  2.61216	  0.90628	  5.63734e-06	  1.93321e-07	  2568	  1.3481e-08
407	  2.61216	  0.968758	  5.63734e-06	  1.95498e-07	  2745	  1.35063e-08
408	  3.02645	  0.030936	  3.93212e-06	  1.01298e-07	  3414	  6.79855e-09
409	  3.02645	  0.0938307	  3.93212e-06	  9.69978e-08	  4512	  6.29392e-09
410	  3.02645	  0.156319	  3.93212e-06	  9.63532e-08	  4632	  6.23339e-09
411	  3.02645	  0.218712	  3.93212e-06	  9.22363e-08	  3972	  6.07533e-09
412	  3.02645	  0.281224	  3.93212e-06	  9.75129e-08	  4176	  6.38462e-09
413	  3.02645	  0.343807	  3.93212e-06	  1.03662e-07	  4344	  6.75592e-09
414	  3.02645	  0.406302	  3.93212e-06	  1.0667e-07	  4044	  7.01093e-09
415	  3.02645	  0.468745	  3.93212e-06	  1.06649e-07	  4092	  6.99962e-09
416	  3.02645	  0.531226	  3.93212e-06	  1.14029e-07	  4296	  7.44116e-09
417	  3.02645	  0.593785	  3.93212e-06	  1.14997e-07	  3996	  7.56901e-09
418	  3.02645	  0.656281	  3.93212e-06	  1.14383e-07	  4188	  7.48666e-09
419	  3.02645	  0.718743	  3.93212e-06	  1.2271e-07	  4212	  8.02627e-09
420	  3.02645	  0.781255	  3.93212e-06	  1.1707e-07	  4140	  7.67296e-09
421	  3.02645	  0.843774	  3.93212e-06	  1.18167e-07	  4128	  7.74751e-09
422	  3.02645	  0.90628	  3.93212e-06	  1.20466e-07	  4188	  7.88482e-09
423	  3.02645	  0.968758	  3.93212e-06	  1.13949e-07	  4128	  7.47102e-09
424	  3.50419	  0.030936	  2.74025e-06	  7.07133e-08	  7002	  4.38073e-09
425	  3.50419	  0.0938307	  2.74025e-06	  7.13292e-08	  6240	  4.46944e-09
426	  3.50419	  0.156319	  2.74025e-06	  6.84569e-08	  5964	  4.30928e-09
427	  3.50419	  0.218712	  2.74025e-06	  7.10642e-08	  6180	  4.45719e-09
428	  3.50419	  0.281224	  2.74025e-06	  7.0316e-08	  6420	  4.39338e-09
429	  3.50419	  0.343807	  2.74025e-06	  7.19433e-08	  6516	  4.48841e-09
430	  3.50419	  0.406302	  2.74025e-06	  7.51419e-08	  6312	  4.7029e-09
431	  3.50419	  0.468745	  2.74025e-06	  7.61731e-08	  6276	  4.77018e-09
432	  3.50419	  0.531226	  2.74025e-06	  7.57289e-08	  6360	  4.73603e-09
433	  3.50419	  0.593785	  2.74025e-06	  7.68296e-08	  6408	  4.80125e-09
434	  3.50419	  0.656281	  2.74025e-06	  7.95128e-08	  6360	  4.97267e-09
435	  3.50419	  0.718743	  2.74025e-06	  7.66453e-08	  6336	  4.79516e-09
436	  3.50419	  0.781255	  2.74025e-06	  7.22267e-08	  6372	  4.51615e-09
437	  3.50419	  0.843774	  2.74025e-06	  7.55215e-08	  6456	  4.71599e-09
438	  3.50419	  0.90628	  2.74025e-06	  7.10153e-08	  6360	  4.44125e-09
439	  3.50419	  0.968758	  2.74025e-06	  6.67023e-08	  6327	  4.17369e-09
440	  4.05763	  0.030936	  1.90421e-06	  5.17571e-08	  10392	  3.09557e-09
441	  4.05763	  0.0938307	  1.90421e-06	  5.0271e-08	  9420	  3.0315e-09
442	  4.05763	  0.156319	  1.90421e-06	  5.11816e-08	  10176	  3.06645e-09
443	  4.05763	  0.218712	  1.90421e-06	  5.04815e-08	  10260	  3.02245e-09
444	  4.05763	  0.281224	  1.90421e-06	  4.88948e-08	  9528	  2.94565e-09
445	  4.05763	  0.343807	  1.90421e-06	  4.96124e-08	  10140	  2.97331e-09
446	  4.05763	  0.406302	  1.90421e-06	  5.18162e-08	  9960	  3.11001e-09
447	  4.05763	  0.468745	  1.90421e-06	  5.11134e-08	  10068	  3.06508e-09
448	  4.05763	  0.531226	  1.90421e-06	  5.17206e-08	  9996	  3.10334e-09
449	  4.05763	  0.593785	  1.90421e-06	  4.9076e-08	  9828	  2.94883e-09
450	  4.05763	  0.656281	  1.90421e-06	  4.7676e-08	  10032	  2.8598e-09
451	  4.05763	  0.718743	  1.90421e-06	  4.71518e-08	  9924	  2.83091e-09
452	  4.05763	  0.781255	  1.90421e-06	  4.44771e-08	  10116	  2.66607e-09
453	  4.05763	  0.843774	  1.90421e-06	  4.34801e-08	  9888	  2.61126e-09
454	  4.05763	  0.90628	  1.90421e-06	  4.11296e-08	  10008	  2.46761e-09
455	  4.05763	  0.968758	  1.90421e-06	  3.66868e-08	  9978	  2.20161e-09
456	  4.69917	  0.030936	  1.3189e-06	  3.73407e-08	  13626	  2.18692e-09
457	  4.69917	  0.0938307	  1.3189e-06	  3.73778e-08	  16392	  2.16083e-09
458	  4.69917	  0.156319	  1.3189e-06	  3.63587e-08	  15708	  2.10804e-09
459	  4.69917	  0.218712	  1.3189e-06	  3.56304e-08	  15432	  2.06834e-09
460	  4.69917	  0.281224	  1.3189e-06	  3.46843e-08	  15780	  2.01032e-09
461	  4.69917	  0.343807	  1.3189e-06	  3.45027e-08	  15300	  2.00407e-09
462	  4.69917	  0.406302	  1.3189e-06	  3.37152e-08	  15588	  1.9558e-09
463	  4.69917	  0.468745	  1.3189e-06	  3.38203e-08	  15396	  1.96358e-09
464	  4.69917	  0.531226	  1.3189e-06	  3.28316e-08	  15504	  1.90526e-09
465	  4.69917	  0.593785	  1.3189e-06	  3.14588e-08	  15660	  1.82433e-09
466	  4.69917	  0.656281	  1.3189e-06	  2.94156e-08	  15192	  1.70944e-09
467	  4.69917	  0.718743	  1.3189e-06	  2.83272e-08	  15600	  1.64316e-09
468	  4.69917	  0.781255	  1.3189e-06	  2.64367e-08	  15216	  1.53615e-09
469	  4.69917	  0.843774	  1.3189e-06	  2.45144e-08	  15516	  1.42253e-09
470	  4.69917	  0.90628	  1.3189e-06	  2.23978e-08	  15540	  1.29956e-09
471	  4.69917	  0.968758	  1.3189e-06	  2.0188e-08	  15405	  1.17205e-09
472	  5.4432	  0.030936	  9.11188e-07	  2.71036e-08	  26250	  1.52247e-09
473	  5.4432	  0.0938307	  9.11188e-07	  2.65171e-08	  22392	  1.50306e-09
474	  5.4432	  0.156319	  9.11188e-07	  2.56501e-08	  24516	  1.44632e-09
475	  5.4432	  0.218712	  9.11188e-07	  2.49912e-08	  23592	  1.41227e-09
476	  5.4432	  0.281224	  9.11188e-07	  2.41612e-08	  24264	  1.36317e-09
477	  5.4432	  0.343807	  9.11188e-07	  2.35467e-08	  23928	  1.32955e-09
478	  5.4432	  0.406302	  9.11188e-07	  2.25397e-08	  24120	  1.27212e-09
479	  5.4432	  0.468745	  9.11188e-07	  2.12778e-08	  23964	  1.20134e-09
480	  5.4432	  0.531226	  9.11188e-07	  2.04809e-08	  24060	  1.15609e-09
481	  5.4432	  0.593785	  9.11188e-07	  1.90746e-08	  24108	  1.07658e-09
482	  5.4432	  0.656281	  9.11188e-07	  1.75986e-08	  24228	  9.92991e-10
483	  5.4432	  0.718743	  9.11188e-07	  1.61696e-08	  24144	  9.12545e-10
484	  5.4432	  0.781255	  9.11188e-07	  1.46414e-08	  23940	  8.26696e-10
485	  5.4432	  0.843774	  9.11188e-07	  1.30035e-08	  24192	  7.33777e-10
486	  5.4432	  0.90628	  9.11188e-07	  1.17833e-08	  23988	  6.65246e-10
487	  5.4432	  0.968758	  9.11188e-07	  1.0333e-08	  24141	  5.83152e-10
488	  6.30378	  0.030936	  6.28467e-07	  1.9358e-08	  35082	  1.07125e-09
489	  6.30378	  0.0938307	  6.28467e-07	  1.88212e-08	  39108	  1.03623e-09
490	  6.30378	  0.156319	  6.28467e-07	  1.81162e-08	  36924	  1.00009e-09
491	  6.30378	  0.218712	  6.28467e-07	  1.7401e-08	  37692	  9.59679e-10
492	  6.30378	  0.281224	  6.28467e-07	  1.62308e-08	  37092	  8.95812e-10
493	  6.30378	  0.343807	  6.28467e-07	  1.56448e-08	  37536	  8.62988e-10
494	  6.30378	  0.406302	  6.28467e-07	  1.4387e-08	  36984	  7.94161e-10
495	  6.30378	  0.468745	  6.28467e-07	  1.34187e-08	  37428	  7.40297e-10
496	  6.30378	  0.531226	  6.28467e-07	  1.21867e-08	  37392	  6.72358e-10
497	  6.30378	  0.593785	  6.28467e-07	  1.09941e-08	  37200	  6.06708e-10
498	  6.30378	  0.656281	  6.28467e-07	  9.91187e-09	  36924	  5.47176e-10
499	  6.30378	  0.718743	  6.28467e-07	  8.74688e-09	  37272	  4.82651e-10
500	  6.30378	  0.781255	  6.28467e-07	  7.6334e-09	  37284	  4.21203e-10
501	  6.30378	  0.843774	  6.28467e-07	  6.60032e-09	  37188	  3.64243e-10
502	  6.30378	  0.90628	  6.28467e-07	  5.80263e-09	  37320	  3.20168e-10
503	  6.30378	  0.968758	  6.28467e-07	  4.88794e-09	  37119	  2.69767e-10
504	  7.30029	  0.030936	  4.32392e-07	  1.35935e-08	  60258	  7.3505e-10
505	  7.30029	  0.0938307	  4.32392e-07	  1.31532e-08	  56916	  7.12791e-10
506	  7.30029	  0.156319	  4.32392e-07	  1.24679e-08	  56820	  6.75701e-10
507	  7.30029	  0.218712	  4.32392e-07	  1.17229e-08	  58716	  6.34526e-10
508	  7.30029	  0.281224	  4.32392e-07	  1.07212e-08	  57840	  5.8064e-10
509	  7.30029	  0.343807	  4.32392e-07	  9.76955e-09	  57612	  5.2918e-10
510	  7.30029	  0.406302	  4.32392e-07	  8.91468e-09	  58464	  4.82603e-10
511	  7.30029	  0.468745	  4.32392e-07	  7.93281e-09	  57948	  4.29594e-10
512	  7.30029	  0.531226	  4.32392e-07	  6.99083e-09	  57708	  3.78643e-10
513	  7.30029	  0.593785	  4.32392e-07	  6.04027e-09	  58236	  3.27044e-10
514	  7.30029	  0.656281	  4.32392e-07	  5.20644e-09	  58008	  2.81939e-10
515	  7.30029	  0.718743	  4.32392e-07	  4.43213e-09	  58200	  2.39978e-10
516	  7.30029	  0.781255	  4.32392e-07	  3.72615e-09	  58128	  2.01762e-10
517	  7.30029	  0.843774	  4.32392e-07	  3.15234e-09	  57972	  1.70709e-10
518	  7.30029	  0.90628	  4.32392e-07	  2.62855e-09	  57960	  1.42346e-10
519	  7.30029	  0.968758	  4.32392e-07	  2.21384e-09	  58122	  1.19875e-10
520	  8.455	  0.030936	  2.96967e-07	  9.39545e-09	  90198	  5.01056e-10
521	  8.455	  0.0938307	  2.96967e-07	  9.1619e-09	  89292	  4.88756e-10
522	  8.455	  0.156319	  2.96967e-07	  8.55495e-09	  90804	  4.56138e-10
523	  8.455	  0.218712	  2.96967e-07	  7.70805e-09	  89628	  4.11149e-10
524	  8.455	  0.281224	  2.96967e-07	  6.87116e-09	  89844	  3.66482e-10
525	  8.455	  0.343807	  2.96967e-07	  6.06285e-09	  90636	  3.23281e-10
526	  8.455	  0.406302	  2.96967e-07	  5.19886e-09	  89628	  2.77308e-10
527	  8.455	  0.468745	  2.96967e-07	  4.42818e-09	  89772	  2.36188e-10
528	  8.455	  0.531226	  2.96967e-07	  3.71872e-09	  90324	  1.9831e-10
529	  8.455	  0.593785	  2.96967e-07	  3.0929e-09	  89784	  1.64967e-10
530	  8.455	  0.656281	  2.96967e-07	  2.53627e-09	  90216	  1.35258e-10
531	  8.455	  0.718743	  2.96967e-07	  2.09053e-09	  89796	  1.11503e-10
532	  8.455	  0.781255	  2.96967e-07	  1.69739e-09	  90120	  9.05236e-11
533	  8.455	  0.843774	  2.96967e-07	  1.38576e-09	  90132	  7.39038e-11
534	  8.455	  0.90628	  2.96967e-07	  1.14508e-09	  89916	  6.10729e-11
535	  8.455	  0.968758	  2.96967e-07	  9.78728e-10	  89964	  5.21995e-11
536	  9.79129	  0.030936	  2.03548e-07	  6.55928e-09	  139068	  3.45553e-10
537	  9.79129	  0.0938307	  2.03548e-07	  6.25957e-09	  141180	  3.29638e-10
538	  9.79129	  0.156319	  2.03548e-07	  5.75578e-09	  139380	  3.03206e-10
539	  9.79129	  0.218712	  2.03548e-07	  5.03044e-09	  138804	  2.65024e-10
540	  9.79129	  0.281224	  2.03548e-07	  4.26815e-09	  140952	  2.24776e-10
541	  9.79129	  0.343807	  2.03548e-07	  3.55588e-09	  139668	  1.87309e-10
542	  9.79129	  0.406302	  2.03548e-07	  2.89679e-09	  139464	  1.52596e-10
543	  9.79129	  0.468745	  2.03548e-07	  2.34376e-09	  139812	  1.23456e-10
544	  9.79129	  0.531226	  2.03548e-07	  1.86899e-09	  139884	  9.84469e-11
545	  9.79129	  0.593785	  2.03548e-07	  1.49275e-09	  140184	  7.86245e-11
546	  9.79129	  0.656281	  2.03548e-07	  1.18675e-09	  139404	  6.25161e-11
547	  9.79129	  0.718743	  2.03548e-07	  9.43126e-10	  139932	  4.96775e-11
548	  9.79129	  0.781255	  2.03548e-07	  7.47242e-10	  139980	  3.93593e-11
549	  9.79129	  0.843774	  2.03548e-07	  5.88795e-10	  139632	  3.10154e-11
550	  9.79129	  0.90628	  2.03548e-07	  4.81085e-10	  140088	  2.53396e-11
551	  9.79129	  0.968758	  2.03548e-07	  4.1083e-10	  139623	  2.1641e-11
