#n	   k	      mu	    PL	    Pf	     w	     err  
0	  0.10472	  1	  0.0024549	  0.000614574	  3	  0.000385553
1	  0.20944	  1	  0.000862531	  0.00018136	  3	  0.000113777
2	  0.314159	  1	  0.000394099	  0.0001564	  3	  9.81174e-05
3	  0.418879	  1	  0.000221215	  2.60902e-05	  3	  1.63677e-05
4	  0.523599	  1	  0.000138601	  1.10588e-05	  3	  6.93774e-06
5	  0.628319	  1	  9.33856e-05	  5.94387e-05	  3	  3.72889e-05
6	  0.733038	  1	  6.65069e-05	  2.19058e-05	  3	  1.37426e-05
7	  0.837758	  1	  4.92918e-05	  1.56839e-05	  3	  9.83929e-06
8	  0.942478	  1	  3.76847e-05	  3.46595e-06	  3	  2.17437e-06
9	  0.10472	  0	  0.0024549	  0.000118395	  6	  5.42545e-05
10	  0.148096	  0.707107	  0.00156003	  0.000160918	  12	  5.44989e-05
11	  0.23416	  0.894427	  0.000676171	  0.000177843	  12	  6.02311e-05
12	  0.331153	  0.948683	  0.000358571	  7.64144e-05	  12	  2.58796e-05
13	  0.431771	  0.970143	  0.000207524	  3.64601e-05	  12	  1.23481e-05
14	  0.533968	  0.980581	  0.000132856	  2.44202e-05	  12	  8.27053e-06
15	  0.636985	  0.986394	  9.06752e-05	  1.84748e-05	  12	  6.25694e-06
16	  0.74048	  0.989949	  6.49983e-05	  1.88669e-05	  12	  6.38975e-06
17	  0.844278	  0.992278	  4.84213e-05	  1.19104e-05	  12	  4.03375e-06
18	  0.948278	  0.993884	  3.71776e-05	  1.10214e-05	  12	  3.73267e-06
19	  0.148096	  0	  0.00156003	  6.91008e-05	  6	  3.16653e-05
20	  0.18138	  0.57735	  0.00107598	  8.86248e-05	  12	  3.0015e-05
21	  0.25651	  0.816497	  0.000588702	  9.34991e-05	  12	  3.16658e-05
22	  0.347316	  0.904534	  0.000324242	  5.09533e-05	  12	  1.72566e-05
23	  0.444288	  0.942809	  0.000195757	  2.78063e-05	  12	  9.4173e-06
24	  0.54414	  0.96225	  0.000127645	  3.28198e-05	  12	  1.11152e-05
25	  0.645536	  0.973329	  8.80612e-05	  1.66923e-05	  12	  5.65326e-06
26	  0.747849	  0.980196	  6.3575e-05	  1.50704e-05	  12	  5.10396e-06
27	  0.850747	  0.984732	  4.75607e-05	  1.43609e-05	  12	  4.86369e-06
28	  0.954042	  0.987878	  3.66735e-05	  8.93317e-06	  12	  3.02544e-06
29	  0.20944	  0	  0.000862531	  4.15353e-05	  6	  1.90335e-05
30	  0.23416	  0.447214	  0.000676171	  6.06399e-05	  12	  2.05372e-05
31	  0.296192	  0.707107	  0.000438706	  6.81966e-05	  12	  2.30965e-05
32	  0.377572	  0.83205	  0.000273237	  4.81044e-05	  12	  1.62918e-05
33	  0.468321	  0.894427	  0.00017562	  3.76422e-05	  12	  1.27485e-05
34	  0.563933	  0.928477	  0.000118144	  1.3035e-05	  12	  4.41463e-06
35	  0.662306	  0.948683	  8.3257e-05	  1.57379e-05	  12	  5.33005e-06
36	  0.762371	  0.961524	  6.09223e-05	  1.12402e-05	  12	  3.80677e-06
37	  0.863541	  0.970143	  4.6023e-05	  5.72342e-06	  12	  1.93838e-06
38	  0.965468	  0.976187	  3.56745e-05	  7.04426e-06	  12	  2.38572e-06
39	  0.23416	  0	  0.000676171	  4.19168e-05	  12	  1.41962e-05
40	  0.25651	  0.408248	  0.000588702	  4.02975e-05	  24	  1.02406e-05
41	  0.314159	  0.666667	  0.000394099	  5.02664e-05	  24	  1.27739e-05
42	  0.391825	  0.801784	  0.000254452	  3.49797e-05	  24	  8.88918e-06
43	  0.479886	  0.872872	  0.000166701	  4.35942e-05	  24	  1.10783e-05
44	  0.573574	  0.912871	  0.000113865	  1.86625e-05	  24	  4.74259e-06
45	  0.670534	  0.937043	  8.09855e-05	  1.33497e-05	  24	  3.39249e-06
46	  0.76953	  0.952579	  5.96147e-05	  1.3033e-05	  24	  3.312e-06
47	  0.869868	  0.963087	  4.52627e-05	  1.11502e-05	  24	  2.83355e-06
48	  0.971131	  0.970495	  3.51794e-05	  7.55752e-06	  24	  1.92055e-06
49	  0.296192	  0	  0.000438706	  2.32206e-05	  6	  1.06408e-05
50	  0.314159	  0.333333	  0.000394099	  2.93538e-05	  12	  9.94139e-06
51	  0.36276	  0.57735	  0.000295556	  2.52156e-05	  12	  8.53991e-06
52	  0.431771	  0.727607	  0.000207524	  2.96457e-05	  12	  1.00403e-05
53	  0.51302	  0.816497	  0.000144648	  2.8405e-05	  12	  9.62008e-06
54	  0.601569	  0.870388	  0.000102763	  1.85101e-05	  12	  6.26891e-06
55	  0.694632	  0.904534	  7.48896e-05	  1.71864e-05	  12	  5.82059e-06
56	  0.790617	  0.927173	  5.61402e-05	  8.85538e-06	  12	  2.9991e-06
57	  0.888577	  0.942809	  4.31252e-05	  8.98238e-06	  12	  3.04211e-06
58	  0.987924	  0.953998	  3.38514e-05	  5.40465e-06	  12	  1.83042e-06
59	  0.314159	  0	  0.000394099	  2.78705e-05	  6	  1.27716e-05
60	  0.331153	  0.316228	  0.000358571	  2.58487e-05	  12	  8.75432e-06
61	  0.377572	  0.5547	  0.000273237	  3.16057e-05	  12	  1.07041e-05
62	  0.444288	  0.707107	  0.000195757	  1.80888e-05	  12	  6.12623e-06
63	  0.523599	  0.8	  0.000138601	  2.56801e-05	  12	  8.69721e-06
64	  0.610616	  0.857493	  9.94111e-05	  8.90473e-06	  12	  3.01581e-06
65	  0.702481	  0.894427	  7.30838e-05	  1.04875e-05	  12	  3.55185e-06
66	  0.797522	  0.919145	  5.50336e-05	  1.08407e-05	  12	  3.67147e-06
67	  0.894726	  0.936329	  4.24601e-05	  5.28621e-06	  12	  1.79031e-06
68	  0.993459	  0.948683	  3.34157e-05	  6.87239e-06	  12	  2.32751e-06
69	  0.331153	  0	  0.000358571	  1.8619e-05	  12	  6.3058e-06
70	  0.347316	  0.301511	  0.000324242	  1.78046e-05	  24	  4.52458e-06
71	  0.391825	  0.534522	  0.000254452	  1.72845e-05	  24	  4.3924e-06
72	  0.456463	  0.688247	  0.00018528	  2.95346e-05	  24	  7.50547e-06
73	  0.533968	  0.784465	  0.000132856	  1.48791e-05	  24	  3.78113e-06
74	  0.61953	  0.845154	  9.63768e-05	  1.28338e-05	  24	  3.26138e-06
75	  0.710244	  0.884652	  7.134e-05	  1.55645e-05	  24	  3.95531e-06
76	  0.804368	  0.911322	  5.40187e-05	  1.19977e-05	  24	  3.0489e-06
77	  0.900833	  0.929981	  4.17995e-05	  7.66753e-06	  24	  1.9485e-06
78	  0.998963	  0.943456	  3.29824e-05	  5.77153e-06	  24	  1.46668e-06
79	  0.377572	  0	  0.000273237	  1.63165e-05	  12	  5.52599e-06
80	  0.391825	  0.267261	  0.000254452	  1.13078e-05	  24	  2.87357e-06
81	  0.431771	  0.485071	  0.000207524	  2.1064e-05	  24	  5.35287e-06
82	  0.491179	  0.639602	  0.000158655	  1.33907e-05	  24	  3.4029e-06
83	  0.563933	  0.742781	  0.000118144	  1.77235e-05	  24	  4.50397e-06
84	  0.645536	  0.811107	  8.80612e-05	  1.42305e-05	  24	  3.61631e-06
85	  0.733038	  0.857143	  6.65069e-05	  1.28074e-05	  24	  3.25468e-06
86	  0.824564	  0.889001	  5.10535e-05	  5.84222e-06	  24	  1.48465e-06
87	  0.918912	  0.911685	  3.99511e-05	  7.90414e-06	  24	  2.00863e-06
88	  0.418879	  0	  0.000221215	  4.25457e-06	  6	  1.94965e-06
89	  0.431771	  0.242536	  0.000207524	  8.71184e-06	  12	  2.95048e-06
90	  0.468321	  0.447214	  0.00017562	  1.49507e-05	  12	  5.06343e-06
91	  0.523599	  0.6	  0.000138601	  1.47103e-05	  12	  4.982e-06
92	  0.592384	  0.707107	  0.000106209	  5.85683e-06	  12	  1.98356e-06
93	  0.670534	  0.780869	  8.09855e-05	  1.38398e-05	  12	  4.6872e-06
94	  0.755145	  0.83205	  6.22423e-05	  8.36968e-06	  12	  2.8346e-06
95	  0.844278	  0.868243	  4.84213e-05	  7.99778e-06	  12	  2.70865e-06
96	  0.936642	  0.894427	  3.82274e-05	  5.38403e-06	  12	  1.82344e-06
97	  0.431771	  0	  0.000207524	  8.98963e-06	  12	  3.04457e-06
98	  0.444288	  0.235702	  0.000195757	  5.05974e-06	  24	  1.2858e-06
99	  0.479886	  0.436436	  0.000166701	  1.8414e-05	  24	  4.67945e-06
100	  0.533968	  0.588348	  0.000132856	  1.01313e-05	  24	  2.57461e-06
101	  0.601569	  0.696311	  0.000102763	  7.84189e-06	  24	  1.99281e-06
102	  0.678662	  0.771517	  7.88777e-05	  8.17535e-06	  24	  2.07755e-06
103	  0.762371	  0.824163	  6.09223e-05	  1.25027e-05	  24	  3.17725e-06
104	  0.850747	  0.86164	  4.75607e-05	  9.66644e-06	  24	  2.45647e-06
105	  0.942478	  0.888889	  3.76847e-05	  8.30934e-06	  24	  2.1116e-06
106	  0.444288	  0	  0.000195757	  8.63383e-06	  6	  3.95644e-06
107	  0.456463	  0.229416	  0.00018528	  1.39222e-05	  12	  4.71512e-06
108	  0.491179	  0.426401	  0.000158655	  1.17818e-05	  12	  3.99021e-06
109	  0.54414	  0.57735	  0.000127645	  4.81458e-06	  12	  1.63058e-06
110	  0.610616	  0.685994	  9.94111e-05	  1.51532e-05	  12	  5.13201e-06
111	  0.686693	  0.762493	  7.6872e-05	  9.27105e-06	  12	  3.13988e-06
112	  0.76953	  0.816497	  5.96147e-05	  7.967e-06	  12	  2.69823e-06
113	  0.857168	  0.855186	  4.6789e-05	  4.83936e-06	  12	  1.63897e-06
114	  0.948278	  0.883452	  3.71776e-05	  4.29609e-06	  12	  1.45498e-06
115	  0.468321	  0	  0.00017562	  1.02035e-05	  12	  3.45566e-06
116	  0.479886	  0.218218	  0.000166701	  1.41198e-05	  24	  3.58818e-06
117	  0.51302	  0.408248	  0.000144648	  1.42795e-05	  24	  3.62876e-06
118	  0.563933	  0.557086	  0.000118144	  1.2406e-05	  24	  3.15268e-06
119	  0.628319	  0.666667	  9.33856e-05	  9.25147e-06	  24	  2.35102e-06
120	  0.702481	  0.745356	  7.30838e-05	  1.08494e-05	  24	  2.7571e-06
121	  0.783651	  0.801784	  5.72878e-05	  8.34523e-06	  24	  2.12073e-06
122	  0.869868	  0.842701	  4.52627e-05	  5.52479e-06	  24	  1.40398e-06
123	  0.959772	  0.872872	  3.61725e-05	  5.45105e-06	  24	  1.38524e-06
124	  0.523599	  0	  0.000138601	  7.58456e-06	  18	  2.16692e-06
125	  0.533968	  0.196116	  0.000132856	  7.61576e-06	  36	  1.65008e-06
126	  0.563933	  0.371391	  0.000118144	  6.67075e-06	  36	  1.44533e-06
127	  0.610616	  0.514496	  9.94111e-05	  7.57765e-06	  36	  1.64183e-06
128	  0.670534	  0.624695	  8.09855e-05	  8.05061e-06	  36	  1.7443e-06
129	  0.74048	  0.707107	  6.49983e-05	  7.83944e-06	  36	  1.69855e-06
130	  0.817887	  0.768221	  5.20146e-05	  6.97647e-06	  36	  1.51157e-06
131	  0.900833	  0.813733	  4.17995e-05	  7.15622e-06	  36	  1.55051e-06
132	  0.987924	  0.847998	  3.38514e-05	  5.56907e-06	  36	  1.20663e-06
133	  0.533968	  0	  0.000132856	  7.30209e-06	  12	  2.47304e-06
134	  0.54414	  0.19245	  0.000127645	  9.52e-06	  24	  2.41926e-06
135	  0.573574	  0.365148	  0.000113865	  7.48905e-06	  24	  1.90315e-06
136	  0.61953	  0.507093	  9.63768e-05	  8.41512e-06	  24	  2.13848e-06
137	  0.678662	  0.617213	  7.88777e-05	  7.10596e-06	  24	  1.8058e-06
138	  0.747849	  0.70014	  6.3575e-05	  7.39987e-06	  24	  1.88049e-06
139	  0.824564	  0.762001	  5.10535e-05	  3.57459e-06	  24	  9.0839e-07
140	  0.9069	  0.80829	  4.11434e-05	  6.10845e-06	  24	  1.5523e-06
141	  0.993459	  0.843274	  3.34157e-05	  4.36253e-06	  24	  1.10863e-06
142	  0.563933	  0	  0.000118144	  3.23179e-06	  12	  1.09453e-06
143	  0.573574	  0.182574	  0.000113865	  5.98672e-06	  24	  1.52137e-06
144	  0.601569	  0.348155	  0.000102763	  6.67053e-06	  24	  1.69514e-06
145	  0.645536	  0.486664	  8.80612e-05	  7.5215e-06	  24	  1.9114e-06
146	  0.702481	  0.596285	  7.30838e-05	  7.4185e-06	  24	  1.88522e-06
147	  0.76953	  0.680414	  5.96147e-05	  4.59757e-06	  24	  1.16835e-06
148	  0.844278	  0.744208	  4.84213e-05	  7.32793e-06	  24	  1.8622e-06
149	  0.92486	  0.792594	  3.93729e-05	  5.41337e-06	  24	  1.37567e-06
150	  0.592384	  0	  0.000106209	  2.20332e-06	  6	  1.00967e-06
151	  0.601569	  0.174078	  0.000102763	  4.2559e-06	  12	  1.44137e-06
152	  0.628319	  0.333333	  9.33856e-05	  5.64727e-06	  12	  1.91259e-06
153	  0.670534	  0.468521	  8.09855e-05	  4.91258e-06	  12	  1.66377e-06
154	  0.72552	  0.57735	  6.8031e-05	  7.82556e-06	  12	  2.65032e-06
155	  0.790617	  0.662266	  5.61402e-05	  6.40616e-06	  12	  2.16961e-06
156	  0.863541	  0.727607	  4.6023e-05	  4.62035e-06	  12	  1.5648e-06
157	  0.942478	  0.777778	  3.76847e-05	  4.50431e-06	  12	  1.5255e-06
158	  0.610616	  0	  9.94111e-05	  5.33114e-06	  12	  1.80552e-06
159	  0.61953	  0.169031	  9.63768e-05	  5.10609e-06	  24	  1.29758e-06
160	  0.645536	  0.324443	  8.80612e-05	  6.31707e-06	  24	  1.60532e-06
161	  0.686693	  0.457496	  7.6872e-05	  6.00382e-06	  24	  1.52572e-06
162	  0.74048	  0.565685	  6.49983e-05	  5.80234e-06	  24	  1.47451e-06
163	  0.804368	  0.650945	  5.40187e-05	  7.25043e-06	  24	  1.84251e-06
164	  0.876148	  0.717137	  4.45078e-05	  6.63006e-06	  24	  1.68486e-06
165	  0.954042	  0.76835	  3.66735e-05	  5.20777e-06	  24	  1.32342e-06
166	  0.628319	  0	  9.33856e-05	  1.24355e-05	  6	  5.69855e-06
167	  0.636985	  0.164399	  9.06752e-05	  7.21696e-06	  12	  2.4442e-06
168	  0.662306	  0.316228	  8.3257e-05	  4.82037e-06	  12	  1.63254e-06
169	  0.702481	  0.447214	  7.30838e-05	  2.84635e-06	  12	  9.63989e-07
170	  0.755145	  0.5547	  6.22423e-05	  3.70953e-06	  12	  1.25632e-06
171	  0.817887	  0.640184	  5.20146e-05	  4.65812e-06	  12	  1.57759e-06
172	  0.888577	  0.707107	  4.31252e-05	  4.03719e-06	  12	  1.3673e-06
173	  0.965468	  0.759257	  3.56745e-05	  5.28978e-06	  12	  1.79152e-06
174	  0.636985	  0	  9.06752e-05	  7.4881e-06	  12	  2.53603e-06
175	  0.645536	  0.162221	  8.80612e-05	  4.05169e-06	  24	  1.02963e-06
176	  0.670534	  0.312348	  8.09855e-05	  4.10308e-06	  24	  1.04269e-06
177	  0.710244	  0.442326	  7.134e-05	  5.49e-06	  24	  1.39514e-06
178	  0.762371	  0.549442	  6.09223e-05	  7.22481e-06	  24	  1.836e-06
179	  0.824564	  0.635001	  5.10535e-05	  3.68591e-06	  24	  9.36678e-07
180	  0.894726	  0.702247	  4.24601e-05	  3.71551e-06	  24	  9.44202e-07
181	  0.971131	  0.754829	  3.51794e-05	  5.09371e-06	  24	  1.29444e-06
182	  0.662306	  0	  8.3257e-05	  4.08452e-06	  12	  1.38333e-06
183	  0.670534	  0.156174	  8.09855e-05	  4.01786e-06	  24	  1.02103e-06
184	  0.694632	  0.301511	  7.48896e-05	  3.48396e-06	  24	  8.85358e-07
185	  0.733038	  0.428571	  6.65069e-05	  6.28582e-06	  24	  1.59738e-06
186	  0.783651	  0.534522	  5.72878e-05	  4.37013e-06	  24	  1.11056e-06
187	  0.844278	  0.620174	  4.84213e-05	  4.32209e-06	  24	  1.09835e-06
188	  0.912926	  0.688247	  4.05331e-05	  3.64332e-06	  24	  9.25856e-07
189	  0.987924	  0.741999	  3.38514e-05	  4.04299e-06	  24	  1.02742e-06
190	  0.670534	  0	  8.09855e-05	  4.31196e-06	  12	  1.46035e-06
191	  0.678662	  0.154303	  7.88777e-05	  3.45735e-06	  24	  8.78595e-07
192	  0.702481	  0.298142	  7.30838e-05	  4.99779e-06	  24	  1.27006e-06
193	  0.74048	  0.424264	  6.49983e-05	  4.39172e-06	  24	  1.11604e-06
194	  0.790617	  0.529813	  5.61402e-05	  4.20803e-06	  24	  1.06936e-06
195	  0.850747	  0.615457	  4.75607e-05	  3.35898e-06	  24	  8.53599e-07
196	  0.918912	  0.683763	  3.99511e-05	  4.94217e-06	  24	  1.25592e-06
197	  0.993459	  0.737865	  3.34157e-05	  4.25677e-06	  24	  1.08175e-06
198	  0.702481	  0	  7.30838e-05	  2.42371e-06	  12	  8.2085e-07
199	  0.710244	  0.147442	  7.134e-05	  4.22555e-06	  24	  1.07382e-06
200	  0.733038	  0.285714	  6.65069e-05	  5.50295e-06	  24	  1.39843e-06
201	  0.76953	  0.408248	  5.96147e-05	  4.57482e-06	  24	  1.16257e-06
202	  0.817887	  0.512148	  5.20146e-05	  6.06919e-06	  24	  1.54233e-06
203	  0.876148	  0.597614	  4.45078e-05	  4.68459e-06	  24	  1.19047e-06
204	  0.942478	  0.666667	  3.76847e-05	  4.34297e-06	  24	  1.10365e-06
205	  0.733038	  0	  6.65069e-05	  3.14055e-06	  6	  1.43915e-06
206	  0.74048	  0.141421	  6.49983e-05	  3.25073e-06	  12	  1.10094e-06
207	  0.762371	  0.274721	  6.09223e-05	  3.0793e-06	  12	  1.04288e-06
208	  0.797522	  0.393919	  5.50336e-05	  4.33801e-06	  12	  1.46918e-06
209	  0.844278	  0.496139	  4.84213e-05	  5.05806e-06	  12	  1.71304e-06
210	  0.900833	  0.581238	  4.17995e-05	  4.77834e-06	  12	  1.6183e-06
211	  0.965468	  0.650791	  3.56745e-05	  3.88593e-06	  12	  1.31607e-06
212	  0.74048	  0	  6.49983e-05	  3.46244e-06	  18	  9.89226e-07
213	  0.747849	  0.140028	  6.3575e-05	  5.06919e-06	  36	  1.09832e-06
214	  0.76953	  0.272166	  5.96147e-05	  3.98207e-06	  36	  8.62782e-07
215	  0.804368	  0.390567	  5.40187e-05	  5.45036e-06	  36	  1.18091e-06
216	  0.850747	  0.492366	  4.75607e-05	  3.15529e-06	  36	  6.83646e-07
217	  0.9069	  0.57735	  4.11434e-05	  3.12036e-06	  36	  6.76078e-07
218	  0.971131	  0.646997	  3.51794e-05	  5.21478e-06	  36	  1.12987e-06
219	  0.755145	  0	  6.22423e-05	  2.35602e-06	  12	  7.97924e-07
220	  0.762371	  0.137361	  6.09223e-05	  4.60369e-06	  24	  1.16991e-06
221	  0.783651	  0.267261	  5.72878e-05	  4.17233e-06	  24	  1.06029e-06
222	  0.817887	  0.384111	  5.20146e-05	  4.14697e-06	  24	  1.05384e-06
223	  0.863541	  0.485071	  4.6023e-05	  2.68711e-06	  24	  6.8286e-07
224	  0.918912	  0.569803	  3.99511e-05	  3.5254e-06	  24	  8.9589e-07
225	  0.982358	  0.639602	  3.42896e-05	  2.77331e-06	  24	  7.04765e-07
226	  0.762371	  0	  6.09223e-05	  2.02135e-06	  12	  6.8458e-07
227	  0.76953	  0.136083	  5.96147e-05	  4.80237e-06	  24	  1.2204e-06
228	  0.790617	  0.264906	  5.61402e-05	  3.31586e-06	  24	  8.42641e-07
229	  0.824564	  0.381	  5.10535e-05	  2.78954e-06	  24	  7.08889e-07
230	  0.869868	  0.481543	  4.52627e-05	  2.35104e-06	  24	  5.97456e-07
231	  0.92486	  0.566139	  3.93729e-05	  4.00345e-06	  24	  1.01737e-06
232	  0.987924	  0.635999	  3.38514e-05	  3.3189e-06	  24	  8.43412e-07
233	  0.797522	  0	  5.50336e-05	  3.90489e-06	  12	  1.32249e-06
234	  0.804368	  0.130189	  5.40187e-05	  4.15739e-06	  24	  1.05649e-06
235	  0.824564	  0.254	  5.10535e-05	  2.59143e-06	  24	  6.58545e-07
236	  0.857168	  0.366508	  4.6789e-05	  3.55273e-06	  24	  9.02833e-07
237	  0.900833	  0.464991	  4.17995e-05	  3.3617e-06	  24	  8.54288e-07
238	  0.954042	  0.548821	  3.66735e-05	  3.52072e-06	  24	  8.94701e-07
239	  0.817887	  0	  5.20146e-05	  2.9996e-06	  12	  1.01589e-06
240	  0.824564	  0.127	  5.10535e-05	  2.9423e-06	  24	  7.4771e-07
241	  0.844278	  0.248069	  4.84213e-05	  2.78976e-06	  24	  7.08946e-07
242	  0.876148	  0.358569	  4.45078e-05	  3.76624e-06	  24	  9.57093e-07
243	  0.918912	  0.455842	  3.99511e-05	  2.81489e-06	  24	  7.15331e-07
244	  0.971131	  0.539164	  3.51794e-05	  4.15831e-06	  24	  1.05673e-06
245	  0.837758	  0	  4.92918e-05	  3.33405e-06	  6	  1.52782e-06
246	  0.844278	  0.124035	  4.84213e-05	  4.57792e-06	  12	  1.55043e-06
247	  0.863541	  0.242536	  4.6023e-05	  1.67221e-06	  12	  5.66336e-07
248	  0.894726	  0.351123	  4.24601e-05	  2.56987e-06	  12	  8.7035e-07
249	  0.936642	  0.447214	  3.82274e-05	  2.27472e-06	  12	  7.70392e-07
250	  0.987924	  0.529999	  3.38514e-05	  4.14146e-06	  12	  1.40261e-06
251	  0.844278	  0	  4.84213e-05	  3.71457e-06	  24	  9.43961e-07
252	  0.850747	  0.123091	  4.75607e-05	  3.01515e-06	  48	  5.85957e-07
253	  0.869868	  0.240772	  4.52627e-05	  2.72787e-06	  48	  5.30127e-07
254	  0.900833	  0.348743	  4.17995e-05	  3.14931e-06	  48	  6.1203e-07
255	  0.942478	  0.444444	  3.76847e-05	  3.04552e-06	  48	  5.9186e-07
256	  0.993459	  0.527046	  3.34157e-05	  3.23853e-06	  48	  6.29368e-07
257	  0.863541	  0	  4.6023e-05	  1.75386e-06	  12	  5.93987e-07
258	  0.869868	  0.120386	  4.52627e-05	  2.36735e-06	  24	  6.01602e-07
259	  0.888577	  0.235702	  4.31252e-05	  2.40965e-06	  24	  6.12351e-07
260	  0.918912	  0.341882	  3.99511e-05	  2.9237e-06	  24	  7.42983e-07
261	  0.959772	  0.436436	  3.61725e-05	  2.67597e-06	  24	  6.80029e-07
262	  0.888577	  0	  4.31252e-05	  2.8234e-06	  6	  1.29382e-06
263	  0.894726	  0.117041	  4.24601e-05	  2.04013e-06	  12	  6.9094e-07
264	  0.912926	  0.229416	  4.05331e-05	  2.5778e-06	  12	  8.73036e-07
265	  0.942478	  0.333333	  3.76847e-05	  2.53718e-06	  12	  8.59278e-07
266	  0.982358	  0.426401	  3.42896e-05	  2.50958e-06	  12	  8.49932e-07
267	  0.894726	  0	  4.24601e-05	  2.2644e-06	  12	  7.66896e-07
268	  0.900833	  0.116248	  4.17995e-05	  2.71569e-06	  24	  6.90121e-07
269	  0.918912	  0.227921	  3.99511e-05	  2.70463e-06	  24	  6.87311e-07
270	  0.948278	  0.331295	  3.71776e-05	  2.81075e-06	  24	  7.1428e-07
271	  0.987924	  0.423999	  3.38514e-05	  2.32781e-06	  24	  5.91554e-07
272	  0.900833	  0	  4.17995e-05	  2.77899e-06	  12	  9.41174e-07
273	  0.9069	  0.11547	  4.11434e-05	  2.21087e-06	  24	  5.61835e-07
274	  0.92486	  0.226455	  3.93729e-05	  1.9916e-06	  24	  5.06113e-07
275	  0.954042	  0.329293	  3.66735e-05	  2.67604e-06	  24	  6.80045e-07
276	  0.993459	  0.421637	  3.34157e-05	  2.63993e-06	  24	  6.7087e-07
277	  0.936642	  0	  3.82274e-05	  1.84008e-06	  12	  6.23189e-07
278	  0.942478	  0.111111	  3.76847e-05	  2.30278e-06	  24	  5.85192e-07
279	  0.959772	  0.218218	  3.61725e-05	  1.77107e-06	  24	  4.50072e-07
280	  0.987924	  0.317999	  3.38514e-05	  1.90354e-06	  24	  4.83734e-07
281	  0.942478	  0	  3.76847e-05	  5.05345e-06	  6	  2.31573e-06
282	  0.948278	  0.110432	  3.71776e-05	  3.26723e-06	  12	  1.10653e-06
283	  0.965468	  0.21693	  3.56745e-05	  2.49163e-06	  12	  8.43852e-07
284	  0.993459	  0.316228	  3.34157e-05	  2.7545e-06	  12	  9.32882e-07
285	  0.948278	  0	  3.71776e-05	  3.1316e-06	  12	  1.06059e-06
286	  0.954042	  0.109764	  3.66735e-05	  1.95077e-06	  24	  4.95737e-07
287	  0.971131	  0.215666	  3.51794e-05	  1.65883e-06	  24	  4.21548e-07
288	  0.998963	  0.314485	  3.29824e-05	  2.22125e-06	  24	  5.64473e-07
289	  0.965468	  0	  3.56745e-05	  1.73186e-06	  24	  4.40109e-07
290	  0.971131	  0.107833	  3.51794e-05	  2.33752e-06	  48	  4.54269e-07
291	  0.987924	  0.212	  3.38514e-05	  2.29594e-06	  48	  4.46188e-07
292	  0.987924	  0	  3.38514e-05	  2.30836e-06	  12	  7.81784e-07
293	  0.993459	  0.105409	  3.34157e-05	  2.41442e-06	  24	  6.13561e-07
294	  0.993459	  0	  3.34157e-05	  1.8205e-06	  12	  6.16557e-07
295	  0.998963	  0.104828	  3.29824e-05	  1.7719e-06	  24	  4.50282e-07
296	  1.08818	  0.030936	  2.70823e-05	  1.74811e-06	  138	  2.36214e-07
297	  1.08818	  0.0938307	  2.70823e-05	  1.60889e-06	  252	  1.81795e-07
298	  1.08818	  0.156319	  2.70823e-05	  1.47593e-06	  72	  2.47737e-07
299	  1.08818	  0.218712	  2.70823e-05	  1.63938e-06	  216	  1.93514e-07
300	  1.08818	  0.281224	  2.70823e-05	  1.92545e-06	  288	  2.09731e-07
301	  1.08818	  0.343807	  2.70823e-05	  1.71145e-06	  120	  2.41805e-07
302	  1.08818	  0.406302	  2.70823e-05	  2.40483e-06	  180	  2.99487e-07
303	  1.08818	  0.468745	  2.70823e-05	  2.49535e-06	  180	  3.1076e-07
304	  1.08818	  0.531226	  2.70823e-05	  2.61841e-06	  192	  3.19888e-07
305	  1.08818	  0.593785	  2.70823e-05	  3.36912e-06	  192	  4.11601e-07
306	  1.08818	  0.656281	  2.70823e-05	  2.90949e-06	  168	  3.69946e-07
307	  1.08818	  0.718743	  2.70823e-05	  3.52943e-06	  228	  4.10214e-07
308	  1.08818	  0.781255	  2.70823e-05	  4.3742e-06	  144	  5.83227e-07
309	  1.08818	  0.843774	  2.70823e-05	  4.0012e-06	  240	  4.58337e-07
310	  1.08818	  0.90628	  2.70823e-05	  5.77726e-06	  168	  7.34588e-07
311	  1.08818	  0.968758	  2.70823e-05	  5.47277e-06	  150	  7.20488e-07
312	  1.25577	  0.030936	  1.93875e-05	  1.29691e-06	  198	  1.57013e-07
313	  1.25577	  0.0938307	  1.93875e-05	  1.33861e-06	  396	  1.34198e-07
314	  1.25577	  0.156319	  1.93875e-05	  1.3052e-06	  396	  1.30848e-07
315	  1.25577	  0.218712	  1.93875e-05	  1.23602e-06	  204	  1.4834e-07
316	  1.25577	  0.281224	  1.93875e-05	  1.43676e-06	  216	  1.69597e-07
317	  1.25577	  0.343807	  1.93875e-05	  1.45428e-06	  372	  1.48115e-07
318	  1.25577	  0.406302	  1.93875e-05	  1.58069e-06	  312	  1.68523e-07
319	  1.25577	  0.468745	  1.93875e-05	  1.65111e-06	  288	  1.79848e-07
320	  1.25577	  0.531226	  1.93875e-05	  2.07855e-06	  264	  2.31853e-07
321	  1.25577	  0.593785	  1.93875e-05	  1.8672e-06	  312	  1.9907e-07
322	  1.25577	  0.656281	  1.93875e-05	  2.21673e-06	  276	  2.44268e-07
323	  1.25577	  0.718743	  1.93875e-05	  2.36313e-06	  312	  2.51943e-07
324	  1.25577	  0.781255	  1.93875e-05	  2.68907e-06	  276	  2.96316e-07
325	  1.25577	  0.843774	  1.93875e-05	  3.16086e-06	  240	  3.62076e-07
326	  1.25577	  0.90628	  1.93875e-05	  3.71563e-06	  324	  3.92206e-07
327	  1.25577	  0.968758	  1.93875e-05	  4.03497e-06	  315	  4.29093e-07
328	  1.45182	  0.030936	  1.37542e-05	  9.08558e-07	  246	  1.03355e-07
329	  1.45182	  0.0938307	  1.37542e-05	  8.53989e-07	  516	  8.02942e-08
330	  1.45182	  0.156319	  1.37542e-05	  9.39395e-07	  504	  8.88137e-08
331	  1.45182	  0.218712	  1.37542e-05	  9.30295e-07	  528	  8.70006e-08
332	  1.45182	  0.281224	  1.37542e-05	  9.26259e-07	  504	  8.75718e-08
333	  1.45182	  0.343807	  1.37542e-05	  1.12262e-06	  384	  1.1342e-07
334	  1.45182	  0.406302	  1.37542e-05	  1.24944e-06	  420	  1.23439e-07
335	  1.45182	  0.468745	  1.37542e-05	  1.1195e-06	  468	  1.07724e-07
336	  1.45182	  0.531226	  1.37542e-05	  1.2324e-06	  480	  1.17871e-07
337	  1.45182	  0.593785	  1.37542e-05	  1.32811e-06	  468	  1.27797e-07
338	  1.45182	  0.656281	  1.37542e-05	  1.50269e-06	  396	  1.50648e-07
339	  1.45182	  0.718743	  1.37542e-05	  1.55442e-06	  456	  1.50513e-07
340	  1.45182	  0.781255	  1.37542e-05	  1.95068e-06	  432	  1.91386e-07
341	  1.45182	  0.843774	  1.37542e-05	  2.21624e-06	  480	  2.11969e-07
342	  1.45182	  0.90628	  1.37542e-05	  2.5554e-06	  480	  2.44408e-07
343	  1.45182	  0.968758	  1.37542e-05	  2.65952e-06	  414	  2.63684e-07
344	  1.68148	  0.030936	  9.69386e-06	  6.26985e-07	  798	  5.35443e-08
345	  1.68148	  0.0938307	  9.69386e-06	  7.01274e-07	  708	  6.14192e-08
346	  1.68148	  0.156319	  9.69386e-06	  6.4709e-07	  684	  5.70966e-08
347	  1.68148	  0.218712	  9.69386e-06	  7.14285e-07	  720	  6.23341e-08
348	  1.68148	  0.281224	  9.69386e-06	  7.00591e-07	  708	  6.13593e-08
349	  1.68148	  0.343807	  9.69386e-06	  7.46029e-07	  720	  6.51043e-08
350	  1.68148	  0.406302	  9.69386e-06	  8.15551e-07	  672	  7.22381e-08
351	  1.68148	  0.468745	  9.69386e-06	  8.8105e-07	  732	  7.66171e-08
352	  1.68148	  0.531226	  9.69386e-06	  9.28962e-07	  672	  8.22835e-08
353	  1.68148	  0.593785	  9.69386e-06	  9.65506e-07	  708	  8.45613e-08
354	  1.68148	  0.656281	  9.69386e-06	  9.93594e-07	  744	  8.61066e-08
355	  1.68148	  0.718743	  9.69386e-06	  1.26688e-06	  744	  1.0979e-07
356	  1.68148	  0.781255	  9.69386e-06	  1.31758e-06	  696	  1.15822e-07
357	  1.68148	  0.843774	  9.69386e-06	  1.49785e-06	  708	  1.31185e-07
358	  1.68148	  0.90628	  9.69386e-06	  1.72621e-06	  696	  1.51742e-07
359	  1.68148	  0.968758	  9.69386e-06	  1.84303e-06	  741	  1.59857e-07
360	  1.94819	  0.030936	  6.7906e-06	  4.69999e-07	  1368	  3.62072e-08
361	  1.94819	  0.0938307	  6.7906e-06	  4.64736e-07	  924	  3.85255e-08
362	  1.94819	  0.156319	  6.7906e-06	  5.07969e-07	  972	  4.16916e-08
363	  1.94819	  0.218712	  6.7906e-06	  5.0747e-07	  972	  4.16506e-08
364	  1.94819	  0.281224	  6.7906e-06	  4.70606e-07	  1200	  3.71155e-08
365	  1.94819	  0.343807	  6.7906e-06	  5.05204e-07	  1140	  4.0223e-08
366	  1.94819	  0.406302	  6.7906e-06	  5.44068e-07	  1080	  4.37588e-08
367	  1.94819	  0.468745	  6.7906e-06	  6.08087e-07	  1068	  4.90115e-08
368	  1.94819	  0.531226	  6.7906e-06	  6.11648e-07	  1164	  4.85101e-08
369	  1.94819	  0.593785	  6.7906e-06	  6.91687e-07	  1188	  5.46522e-08
370	  1.94819	  0.656281	  6.7906e-06	  7.38476e-07	  1068	  5.95208e-08
371	  1.94819	  0.718743	  6.7906e-06	  7.5377e-07	  1008	  6.143e-08
372	  1.94819	  0.781255	  6.7906e-06	  9.26242e-07	  1164	  7.34607e-08
373	  1.94819	  0.843774	  6.7906e-06	  9.19402e-07	  1176	  7.27804e-08
374	  1.94819	  0.90628	  6.7906e-06	  1.1086e-06	  1080	  8.91636e-08
375	  1.94819	  0.968758	  6.7906e-06	  1.21009e-06	  1038	  9.80642e-08
376	  2.25604	  0.030936	  4.75072e-06	  3.38155e-07	  1896	  2.46738e-08
377	  2.25604	  0.0938307	  4.75072e-06	  3.42537e-07	  1272	  2.67311e-08
378	  2.25604	  0.156319	  4.75072e-06	  3.32088e-07	  2040	  2.39569e-08
379	  2.25604	  0.218712	  4.75072e-06	  3.55952e-07	  1740	  2.63309e-08
380	  2.25604	  0.281224	  4.75072e-06	  3.64017e-07	  1584	  2.73472e-08
381	  2.25604	  0.343807	  4.75072e-06	  3.66774e-07	  1764	  2.70714e-08
382	  2.25604	  0.406302	  4.75072e-06	  3.787e-07	  1632	  2.83093e-08
383	  2.25604	  0.468745	  4.75072e-06	  4.06226e-07	  1860	  2.97304e-08
384	  2.25604	  0.531226	  4.75072e-06	  4.35824e-07	  1560	  3.28256e-08
385	  2.25604	  0.593785	  4.75072e-06	  4.67837e-07	  1692	  3.47653e-08
386	  2.25604	  0.656281	  4.75072e-06	  5.33217e-07	  1704	  3.95781e-08
387	  2.25604	  0.718743	  4.75072e-06	  5.44966e-07	  1824	  4.00085e-08
388	  2.25604	  0.781255	  4.75072e-06	  6.05641e-07	  1668	  4.51113e-08
389	  2.25604	  0.843774	  4.75072e-06	  6.41974e-07	  1680	  4.77612e-08
390	  2.25604	  0.90628	  4.75072e-06	  7.26173e-07	  1776	  5.354e-08
391	  2.25604	  0.968758	  4.75072e-06	  7.72779e-07	  1656	  5.7629e-08
392	  2.61216	  0.030936	  3.3133e-06	  2.49656e-07	  2586	  1.73922e-08
393	  2.61216	  0.0938307	  3.3133e-06	  2.43489e-07	  3036	  1.65935e-08
394	  2.61216	  0.156319	  3.3133e-06	  2.48056e-07	  2124	  1.77851e-08
395	  2.61216	  0.218712	  3.3133e-06	  2.47947e-07	  2940	  1.69702e-08
396	  2.61216	  0.281224	  3.3133e-06	  2.66657e-07	  2616	  1.85464e-08
397	  2.61216	  0.343807	  3.3133e-06	  2.68115e-07	  2448	  1.88247e-08
398	  2.61216	  0.406302	  3.3133e-06	  2.77252e-07	  2916	  1.89969e-08
399	  2.61216	  0.468745	  3.3133e-06	  2.92408e-07	  2544	  2.04177e-08
400	  2.61216	  0.531226	  3.3133e-06	  3.14145e-07	  2652	  2.18074e-08
401	  2.61216	  0.593785	  3.3133e-06	  3.24403e-07	  2748	  2.24085e-08
402	  2.61216	  0.656281	  3.3133e-06	  3.71056e-07	  2676	  2.57257e-08
403	  2.61216	  0.718743	  3.3133e-06	  3.64161e-07	  2472	  2.55324e-08
404	  2.61216	  0.781255	  3.3133e-06	  4.03073e-07	  2616	  2.80343e-08
405	  2.61216	  0.843774	  3.3133e-06	  4.28745e-07	  2736	  2.9634e-08
406	  2.61216	  0.90628	  3.3133e-06	  4.54287e-07	  2568	  3.1679e-08
407	  2.61216	  0.968758	  3.3133e-06	  4.7989e-07	  2745	  3.3154e-08
408	  3.02645	  0.030936	  2.29795e-06	  1.78419e-07	  3414	  1.19745e-08
409	  3.02645	  0.0938307	  2.29795e-06	  1.78888e-07	  4512	  1.16075e-08
410	  3.02645	  0.156319	  2.29795e-06	  1.71145e-07	  4632	  1.10719e-08
411	  3.02645	  0.218712	  2.29795e-06	  1.75729e-07	  3972	  1.15748e-08
412	  3.02645	  0.281224	  2.29795e-06	  1.82532e-07	  4176	  1.19512e-08
413	  3.02645	  0.343807	  2.29795e-06	  1.85713e-07	  4344	  1.21034e-08
414	  3.02645	  0.406302	  2.29795e-06	  1.89692e-07	  4044	  1.24675e-08
415	  3.02645	  0.468745	  2.29795e-06	  2.07305e-07	  4092	  1.3606e-08
416	  3.02645	  0.531226	  2.29795e-06	  2.231e-07	  4296	  1.45588e-08
417	  3.02645	  0.593785	  2.29795e-06	  2.28309e-07	  3996	  1.50271e-08
418	  3.02645	  0.656281	  2.29795e-06	  2.40944e-07	  4188	  1.57704e-08
419	  3.02645	  0.718743	  2.29795e-06	  2.59256e-07	  4212	  1.69575e-08
420	  3.02645	  0.781255	  2.29795e-06	  2.69052e-07	  4140	  1.76342e-08
421	  3.02645	  0.843774	  2.29795e-06	  2.81552e-07	  4128	  1.84597e-08
422	  3.02645	  0.90628	  2.29795e-06	  3.01509e-07	  4188	  1.97345e-08
423	  3.02645	  0.968758	  2.29795e-06	  3.03732e-07	  4128	  1.9914e-08
424	  3.50419	  0.030936	  1.5944e-06	  1.27512e-07	  7002	  7.89944e-09
425	  3.50419	  0.0938307	  1.5944e-06	  1.28301e-07	  6240	  8.03927e-09
426	  3.50419	  0.156319	  1.5944e-06	  1.2267e-07	  5964	  7.72193e-09
427	  3.50419	  0.218712	  1.5944e-06	  1.26266e-07	  6180	  7.91949e-09
428	  3.50419	  0.281224	  1.5944e-06	  1.29198e-07	  6420	  8.07233e-09
429	  3.50419	  0.343807	  1.5944e-06	  1.31879e-07	  6516	  8.22771e-09
430	  3.50419	  0.406302	  1.5944e-06	  1.36461e-07	  6312	  8.54066e-09
431	  3.50419	  0.468745	  1.5944e-06	  1.49406e-07	  6276	  9.35621e-09
432	  3.50419	  0.531226	  1.5944e-06	  1.46932e-07	  6360	  9.18904e-09
433	  3.50419	  0.593785	  1.5944e-06	  1.54228e-07	  6408	  9.63807e-09
434	  3.50419	  0.656281	  1.5944e-06	  1.66408e-07	  6360	  1.0407e-08
435	  3.50419	  0.718743	  1.5944e-06	  1.70803e-07	  6336	  1.06859e-08
436	  3.50419	  0.781255	  1.5944e-06	  1.74089e-07	  6372	  1.08853e-08
437	  3.50419	  0.843774	  1.5944e-06	  1.83642e-07	  6456	  1.14677e-08
438	  3.50419	  0.90628	  1.5944e-06	  1.81253e-07	  6360	  1.13354e-08
439	  3.50419	  0.968758	  1.5944e-06	  1.85589e-07	  6327	  1.16127e-08
440	  4.05763	  0.030936	  1.10132e-06	  9.10137e-08	  10392	  5.44349e-09
441	  4.05763	  0.0938307	  1.10132e-06	  8.64979e-08	  9420	  5.2161e-09
442	  4.05763	  0.156319	  1.10132e-06	  9.0715e-08	  10176	  5.43502e-09
443	  4.05763	  0.218712	  1.10132e-06	  9.07175e-08	  10260	  5.43148e-09
444	  4.05763	  0.281224	  1.10132e-06	  8.79103e-08	  9528	  5.29613e-09
445	  4.05763	  0.343807	  1.10132e-06	  9.22472e-08	  10140	  5.52844e-09
446	  4.05763	  0.406302	  1.10132e-06	  9.52217e-08	  9960	  5.71521e-09
447	  4.05763	  0.468745	  1.10132e-06	  9.66424e-08	  10068	  5.79527e-09
448	  4.05763	  0.531226	  1.10132e-06	  1.01624e-07	  9996	  6.09767e-09
449	  4.05763	  0.593785	  1.10132e-06	  1.02939e-07	  9828	  6.18533e-09
450	  4.05763	  0.656281	  1.10132e-06	  1.08191e-07	  10032	  6.48971e-09
451	  4.05763	  0.718743	  1.10132e-06	  1.09736e-07	  9924	  6.58836e-09
452	  4.05763	  0.781255	  1.10132e-06	  1.10097e-07	  10116	  6.59946e-09
453	  4.05763	  0.843774	  1.10132e-06	  1.12875e-07	  9888	  6.7789e-09
454	  4.05763	  0.90628	  1.10132e-06	  1.14767e-07	  10008	  6.88556e-09
455	  4.05763	  0.968758	  1.10132e-06	  1.11608e-07	  9978	  6.69771e-09
456	  4.69917	  0.030936	  7.59303e-07	  6.36108e-08	  13626	  3.72548e-09
457	  4.69917	  0.0938307	  7.59303e-07	  6.19363e-08	  16392	  3.58057e-09
458	  4.69917	  0.156319	  7.59303e-07	  6.2249e-08	  15708	  3.60912e-09
459	  4.69917	  0.218712	  7.59303e-07	  6.17697e-08	  15432	  3.58572e-09
460	  4.69917	  0.281224	  7.59303e-07	  6.19345e-08	  15780	  3.58976e-09
461	  4.69917	  0.343807	  7.59303e-07	  6.22242e-08	  15300	  3.61427e-09
462	  4.69917	  0.406302	  7.59303e-07	  6.45731e-08	  15588	  3.74585e-09
463	  4.69917	  0.468745	  7.59303e-07	  6.48121e-08	  15396	  3.76295e-09
464	  4.69917	  0.531226	  7.59303e-07	  6.6853e-08	  15504	  3.87956e-09
465	  4.69917	  0.593785	  7.59303e-07	  6.87241e-08	  15660	  3.98538e-09
466	  4.69917	  0.656281	  7.59303e-07	  6.86704e-08	  15192	  3.99066e-09
467	  4.69917	  0.718743	  7.59303e-07	  6.85174e-08	  15600	  3.97445e-09
468	  4.69917	  0.781255	  7.59303e-07	  7.03702e-08	  15216	  4.08899e-09
469	  4.69917	  0.843774	  7.59303e-07	  6.98471e-08	  15516	  4.05309e-09
470	  4.69917	  0.90628	  7.59303e-07	  6.81095e-08	  15540	  3.95184e-09
471	  4.69917	  0.968758	  7.59303e-07	  6.77178e-08	  15405	  3.93149e-09
472	  5.4432	  0.030936	  5.2184e-07	  4.48928e-08	  26250	  2.52172e-09
473	  5.4432	  0.0938307	  5.2184e-07	  4.36491e-08	  22392	  2.47415e-09
474	  5.4432	  0.156319	  5.2184e-07	  4.33576e-08	  24516	  2.44479e-09
475	  5.4432	  0.218712	  5.2184e-07	  4.31112e-08	  23592	  2.43624e-09
476	  5.4432	  0.281224	  5.2184e-07	  4.268e-08	  24264	  2.40799e-09
477	  5.4432	  0.343807	  5.2184e-07	  4.33061e-08	  23928	  2.44526e-09
478	  5.4432	  0.406302	  5.2184e-07	  4.2809e-08	  24120	  2.41609e-09
479	  5.4432	  0.468745	  5.2184e-07	  4.29628e-08	  23964	  2.42567e-09
480	  5.4432	  0.531226	  5.2184e-07	  4.31945e-08	  24060	  2.4382e-09
481	  5.4432	  0.593785	  5.2184e-07	  4.38643e-08	  24108	  2.47572e-09
482	  5.4432	  0.656281	  5.2184e-07	  4.34173e-08	  24228	  2.4498e-09
483	  5.4432	  0.718743	  5.2184e-07	  4.3413e-08	  24144	  2.45004e-09
484	  5.4432	  0.781255	  5.2184e-07	  4.27137e-08	  23940	  2.41174e-09
485	  5.4432	  0.843774	  5.2184e-07	  4.04961e-08	  24192	  2.28517e-09
486	  5.4432	  0.90628	  5.2184e-07	  3.98316e-08	  23988	  2.24876e-09
487	  5.4432	  0.968758	  5.2184e-07	  3.85778e-08	  24141	  2.17718e-09
488	  6.30378	  0.030936	  3.57731e-07	  3.15481e-08	  35082	  1.74584e-09
489	  6.30378	  0.0938307	  3.57731e-07	  3.01163e-08	  39108	  1.6581e-09
490	  6.30378	  0.156319	  3.57731e-07	  2.97684e-08	  36924	  1.64334e-09
491	  6.30378	  0.218712	  3.57731e-07	  2.90345e-08	  37692	  1.60128e-09
492	  6.30378	  0.281224	  3.57731e-07	  2.83524e-08	  37092	  1.56483e-09
493	  6.30378	  0.343807	  3.57731e-07	  2.82648e-08	  37536	  1.55913e-09
494	  6.30378	  0.406302	  3.57731e-07	  2.82054e-08	  36984	  1.55693e-09
495	  6.30378	  0.468745	  3.57731e-07	  2.80818e-08	  37428	  1.54924e-09
496	  6.30378	  0.531226	  3.57731e-07	  2.78481e-08	  37392	  1.53642e-09
497	  6.30378	  0.593785	  3.57731e-07	  2.72339e-08	  37200	  1.5029e-09
498	  6.30378	  0.656281	  3.57731e-07	  2.64714e-08	  36924	  1.46133e-09
499	  6.30378	  0.718743	  3.57731e-07	  2.56328e-08	  37272	  1.41441e-09
500	  6.30378	  0.781255	  3.57731e-07	  2.47295e-08	  37284	  1.36455e-09
501	  6.30378	  0.843774	  3.57731e-07	  2.32566e-08	  37188	  1.28343e-09
502	  6.30378	  0.90628	  3.57731e-07	  2.21858e-08	  37320	  1.22413e-09
503	  6.30378	  0.968758	  3.57731e-07	  2.06169e-08	  37119	  1.13785e-09
504	  7.30029	  0.030936	  2.45092e-07	  2.13769e-08	  60258	  1.15593e-09
505	  7.30029	  0.0938307	  2.45092e-07	  2.04845e-08	  56916	  1.11009e-09
506	  7.30029	  0.156319	  2.45092e-07	  2.01063e-08	  56820	  1.08966e-09
507	  7.30029	  0.218712	  2.45092e-07	  1.9646e-08	  58716	  1.06338e-09
508	  7.30029	  0.281224	  2.45092e-07	  1.90418e-08	  57840	  1.03126e-09
509	  7.30029	  0.343807	  2.45092e-07	  1.84042e-08	  57612	  9.96884e-10
510	  7.30029	  0.406302	  2.45092e-07	  1.81031e-08	  58464	  9.80026e-10
511	  7.30029	  0.468745	  2.45092e-07	  1.74199e-08	  57948	  9.4336e-10
512	  7.30029	  0.531226	  2.45092e-07	  1.70172e-08	  57708	  9.217e-10
513	  7.30029	  0.593785	  2.45092e-07	  1.62183e-08	  58236	  8.7812e-10
514	  7.30029	  0.656281	  2.45092e-07	  1.54804e-08	  58008	  8.38296e-10
515	  7.30029	  0.718743	  2.45092e-07	  1.46054e-08	  58200	  7.90809e-10
516	  7.30029	  0.781255	  2.45092e-07	  1.35648e-08	  58128	  7.34502e-10
517	  7.30029	  0.843774	  2.45092e-07	  1.26334e-08	  57972	  6.84142e-10
518	  7.30029	  0.90628	  2.45092e-07	  1.1727e-08	  57960	  6.35058e-10
519	  7.30029	  0.968758	  2.45092e-07	  1.06287e-08	  58122	  5.75522e-10
520	  8.455	  0.030936	  1.67267e-07	  1.44663e-08	  90198	  7.71483e-10
521	  8.455	  0.0938307	  1.67267e-07	  1.37563e-08	  89292	  7.33849e-10
522	  8.455	  0.156319	  1.67267e-07	  1.33724e-08	  90804	  7.12998e-10
523	  8.455	  0.218712	  1.67267e-07	  1.2723e-08	  89628	  6.78649e-10
524	  8.455	  0.281224	  1.67267e-07	  1.22488e-08	  89844	  6.53305e-10
525	  8.455	  0.343807	  1.67267e-07	  1.16415e-08	  90636	  6.20742e-10
526	  8.455	  0.406302	  1.67267e-07	  1.11448e-08	  89628	  5.94464e-10
527	  8.455	  0.468745	  1.67267e-07	  1.06174e-08	  89772	  5.66308e-10
528	  8.455	  0.531226	  1.67267e-07	  9.99316e-09	  90324	  5.32909e-10
529	  8.455	  0.593785	  1.67267e-07	  9.22331e-09	  89784	  4.91947e-10
530	  8.455	  0.656281	  1.67267e-07	  8.53433e-09	  90216	  4.5513e-10
531	  8.455	  0.718743	  1.67267e-07	  7.86253e-09	  89796	  4.19365e-10
532	  8.455	  0.781255	  1.67267e-07	  7.10926e-09	  90120	  3.79145e-10
533	  8.455	  0.843774	  1.67267e-07	  6.45702e-09	  90132	  3.44359e-10
534	  8.455	  0.90628	  1.67267e-07	  5.81592e-09	  89916	  3.10191e-10
535	  8.455	  0.968758	  1.67267e-07	  5.15582e-09	  89964	  2.74981e-10
536	  9.79129	  0.030936	  1.14129e-07	  9.50557e-09	  139068	  5.00768e-10
537	  9.79129	  0.0938307	  1.14129e-07	  8.9564e-09	  141180	  4.71657e-10
538	  9.79129	  0.156319	  1.14129e-07	  8.55611e-09	  139380	  4.50724e-10
539	  9.79129	  0.218712	  1.14129e-07	  8.10059e-09	  138804	  4.26772e-10
540	  9.79129	  0.281224	  1.14129e-07	  7.59188e-09	  140952	  3.99816e-10
541	  9.79129	  0.343807	  1.14129e-07	  7.03798e-09	  139668	  3.70731e-10
542	  9.79129	  0.406302	  1.14129e-07	  6.52136e-09	  139464	  3.4353e-10
543	  9.79129	  0.468745	  1.14129e-07	  6.02055e-09	  139812	  3.17129e-10
544	  9.79129	  0.531226	  1.14129e-07	  5.45917e-09	  139884	  2.87555e-10
545	  9.79129	  0.593785	  1.14129e-07	  4.94808e-09	  140184	  2.6062e-10
546	  9.79129	  0.656281	  1.14129e-07	  4.4562e-09	  139404	  2.34745e-10
547	  9.79129	  0.718743	  1.14129e-07	  3.95681e-09	  139932	  2.08418e-10
548	  9.79129	  0.781255	  1.14129e-07	  3.48352e-09	  139980	  1.83487e-10
549	  9.79129	  0.843774	  1.14129e-07	  3.05096e-09	  139632	  1.60713e-10
550	  9.79129	  0.90628	  1.14129e-07	  2.6837e-09	  140088	  1.41355e-10
551	  9.79129	  0.968758	  1.14129e-07	  2.30284e-09	  139623	  1.21305e-10
