#n	   k	      mu	    PL	    Pf	     w	     err  
0	  0.10472	  1	  0.00306127	  0.00044064	  3	  0.000276436
1	  0.20944	  1	  0.0010874	  0.000128336	  3	  8.05114e-05
2	  0.314159	  1	  0.000509336	  0.00011642	  3	  7.3036e-05
3	  0.418879	  1	  0.00028546	  2.08781e-05	  3	  1.30979e-05
4	  0.523599	  1	  0.000180467	  7.05435e-06	  3	  4.42555e-06
5	  0.628319	  1	  0.000122281	  3.84777e-05	  3	  2.4139e-05
6	  0.733038	  1	  8.74227e-05	  1.55428e-05	  3	  9.75079e-06
7	  0.837758	  1	  6.50738e-05	  1.22954e-05	  3	  7.71354e-06
8	  0.942478	  1	  4.99708e-05	  2.05034e-06	  3	  1.28628e-06
9	  0.10472	  0	  0.00306127	  7.68258e-05	  6	  3.52053e-05
10	  0.148096	  0.707107	  0.00194673	  0.00010904	  12	  3.6929e-05
11	  0.23416	  0.894427	  0.000861366	  0.000128406	  12	  4.34878e-05
12	  0.331153	  0.948683	  0.000461248	  5.35827e-05	  12	  1.81471e-05
13	  0.431771	  0.970143	  0.000268642	  2.84354e-05	  12	  9.63035e-06
14	  0.533968	  0.980581	  0.000173094	  1.80474e-05	  12	  6.11222e-06
15	  0.636985	  0.986394	  0.000118696	  1.24969e-05	  12	  4.2324e-06
16	  0.74048	  0.989949	  8.55312e-05	  1.46572e-05	  12	  4.96403e-06
17	  0.844278	  0.992278	  6.3942e-05	  8.01441e-06	  12	  2.71428e-06
18	  0.948278	  0.993884	  4.92751e-05	  7.56845e-06	  12	  2.56325e-06
19	  0.148096	  0	  0.00194673	  4.21593e-05	  6	  1.93194e-05
20	  0.18138	  0.57735	  0.00138108	  5.76658e-05	  12	  1.953e-05
21	  0.25651	  0.816497	  0.000758093	  6.43734e-05	  12	  2.18017e-05
22	  0.347316	  0.904534	  0.00041546	  3.6394e-05	  12	  1.23258e-05
23	  0.444288	  0.942809	  0.000253958	  2.17891e-05	  12	  7.37942e-06
24	  0.54414	  0.96225	  0.000166222	  2.25265e-05	  12	  7.62918e-06
25	  0.645536	  0.973329	  0.000115357	  1.2592e-05	  12	  4.26459e-06
26	  0.747849	  0.980196	  8.36612e-05	  9.5136e-06	  12	  3.22202e-06
27	  0.850747	  0.984732	  6.28792e-05	  9.76398e-06	  12	  3.30682e-06
28	  0.954042	  0.987878	  4.86063e-05	  6.68641e-06	  12	  2.26452e-06
29	  0.20944	  0	  0.0010874	  2.63314e-05	  6	  1.20663e-05
30	  0.23416	  0.447214	  0.000861366	  4.14382e-05	  12	  1.40341e-05
31	  0.296192	  0.707107	  0.000560902	  4.87412e-05	  12	  1.65074e-05
32	  0.377572	  0.83205	  0.000353507	  3.39313e-05	  12	  1.14917e-05
33	  0.468321	  0.894427	  0.000227855	  2.67917e-05	  12	  9.07368e-06
34	  0.563933	  0.928477	  0.000154074	  1.01114e-05	  12	  3.42447e-06
35	  0.662306	  0.948683	  0.000109103	  1.10865e-05	  12	  3.75471e-06
36	  0.762371	  0.961524	  8.01954e-05	  9.38602e-06	  12	  3.17881e-06
37	  0.863541	  0.970143	  6.0809e-05	  3.5574e-06	  12	  1.2048e-06
38	  0.965468	  0.976187	  4.73186e-05	  5.1804e-06	  12	  1.75447e-06
39	  0.23416	  0	  0.000861366	  2.62868e-05	  12	  8.9027e-06
40	  0.25651	  0.408248	  0.000758093	  2.5932e-05	  24	  6.58995e-06
41	  0.314159	  0.666667	  0.000509336	  3.50908e-05	  24	  8.91741e-06
42	  0.391825	  0.801784	  0.00032913	  2.52365e-05	  24	  6.41321e-06
43	  0.479886	  0.872872	  0.00021626	  3.04371e-05	  24	  7.73479e-06
44	  0.573574	  0.912871	  0.000148705	  1.32462e-05	  24	  3.36617e-06
45	  0.670534	  0.937043	  0.000106245	  9.39183e-06	  24	  2.38669e-06
46	  0.76953	  0.952579	  7.85788e-05	  8.98161e-06	  24	  2.28244e-06
47	  0.869868	  0.963087	  5.98331e-05	  7.59804e-06	  24	  1.93085e-06
48	  0.971131	  0.970495	  4.66877e-05	  5.71017e-06	  24	  1.45109e-06
49	  0.296192	  0	  0.000560902	  1.48803e-05	  6	  6.81887e-06
50	  0.314159	  0.333333	  0.000509336	  1.92212e-05	  12	  6.50973e-06
51	  0.36276	  0.57735	  0.000380271	  1.66015e-05	  12	  5.6225e-06
52	  0.431771	  0.727607	  0.000268642	  2.05497e-05	  12	  6.95968e-06
53	  0.51302	  0.816497	  0.000188322	  1.91089e-05	  12	  6.47171e-06
54	  0.601569	  0.870388	  0.000134274	  1.39804e-05	  12	  4.73483e-06
55	  0.694632	  0.904534	  9.83796e-05	  1.33382e-05	  12	  4.51732e-06
56	  0.790617	  0.927173	  7.40102e-05	  6.96738e-06	  12	  2.35968e-06
57	  0.888577	  0.942809	  5.7047e-05	  6.08575e-06	  12	  2.06109e-06
58	  0.987924	  0.953998	  4.49132e-05	  3.15239e-06	  12	  1.06764e-06
59	  0.314159	  0	  0.000509336	  1.90928e-05	  6	  8.74926e-06
60	  0.331153	  0.316228	  0.000461248	  1.61537e-05	  12	  5.47087e-06
61	  0.377572	  0.5547	  0.000353507	  2.17868e-05	  12	  7.37863e-06
62	  0.444288	  0.707107	  0.000253958	  1.19881e-05	  12	  4.06006e-06
63	  0.523599	  0.8	  0.000180467	  1.79874e-05	  12	  6.09188e-06
64	  0.610616	  0.857493	  0.000130032	  6.89877e-06	  12	  2.33644e-06
65	  0.702481	  0.894427	  9.59862e-05	  8.30111e-06	  12	  2.81138e-06
66	  0.797522	  0.919145	  7.25949e-05	  7.87495e-06	  12	  2.66705e-06
67	  0.894726	  0.936329	  5.61554e-05	  3.58931e-06	  12	  1.21561e-06
68	  0.993459	  0.948683	  4.43525e-05	  4.86379e-06	  12	  1.64724e-06
69	  0.331153	  0	  0.000461248	  1.21737e-05	  12	  4.12292e-06
70	  0.347316	  0.301511	  0.00041546	  1.15482e-05	  24	  2.93468e-06
71	  0.391825	  0.534522	  0.00032913	  1.19872e-05	  24	  3.04624e-06
72	  0.456463	  0.688247	  0.000240494	  2.09739e-05	  24	  5.32998e-06
73	  0.533968	  0.784465	  0.000173094	  1.08482e-05	  24	  2.75679e-06
74	  0.61953	  0.845154	  0.000126056	  8.73822e-06	  24	  2.22059e-06
75	  0.710244	  0.884652	  9.37219e-05	  1.21114e-05	  24	  3.07781e-06
76	  0.804368	  0.911322	  7.12372e-05	  7.65063e-06	  24	  1.94421e-06
77	  0.900833	  0.929981	  5.53169e-05	  5.51922e-06	  24	  1.40257e-06
78	  0.998963	  0.943456	  4.38063e-05	  3.84084e-06	  24	  9.76051e-07
79	  0.377572	  0	  0.000353507	  1.02179e-05	  12	  3.46055e-06
80	  0.391825	  0.267261	  0.00032913	  7.73311e-06	  24	  1.96517e-06
81	  0.431771	  0.485071	  0.000268642	  1.36197e-05	  24	  3.4611e-06
82	  0.491179	  0.639602	  0.000205912	  9.39998e-06	  24	  2.38876e-06
83	  0.563933	  0.742781	  0.000154074	  1.25224e-05	  24	  3.18224e-06
84	  0.645536	  0.811107	  0.000115357	  1.01947e-05	  24	  2.59071e-06
85	  0.733038	  0.857143	  8.74227e-05	  9.04236e-06	  24	  2.29788e-06
86	  0.824564	  0.889001	  6.74072e-05	  4.06475e-06	  24	  1.03295e-06
87	  0.918912	  0.911685	  5.29003e-05	  5.76903e-06	  24	  1.46605e-06
88	  0.418879	  0	  0.00028546	  2.49572e-06	  6	  1.14366e-06
89	  0.431771	  0.242536	  0.000268642	  5.85912e-06	  12	  1.98434e-06
90	  0.468321	  0.447214	  0.000227855	  1.01251e-05	  12	  3.42911e-06
91	  0.523599	  0.6	  0.000180467	  9.86605e-06	  12	  3.34139e-06
92	  0.592384	  0.707107	  0.000138819	  4.42543e-06	  12	  1.49878e-06
93	  0.670534	  0.780869	  0.000106245	  1.00981e-05	  12	  3.41997e-06
94	  0.755145	  0.83205	  8.19187e-05	  5.9928e-06	  12	  2.02961e-06
95	  0.844278	  0.868243	  6.3942e-05	  5.7109e-06	  12	  1.93414e-06
96	  0.936642	  0.894427	  5.06708e-05	  3.35905e-06	  12	  1.13763e-06
97	  0.431771	  0	  0.000268642	  5.69847e-06	  12	  1.92993e-06
98	  0.444288	  0.235702	  0.000253958	  3.35297e-06	  24	  8.52072e-07
99	  0.479886	  0.436436	  0.00021626	  1.19222e-05	  24	  3.02971e-06
100	  0.533968	  0.588348	  0.000173094	  6.43577e-06	  24	  1.63548e-06
101	  0.601569	  0.696311	  0.000134274	  5.6962e-06	  24	  1.44754e-06
102	  0.678662	  0.771517	  0.000103483	  5.6255e-06	  24	  1.42957e-06
103	  0.762371	  0.824163	  8.01954e-05	  8.47564e-06	  24	  2.15386e-06
104	  0.850747	  0.86164	  6.28792e-05	  6.96803e-06	  24	  1.77075e-06
105	  0.942478	  0.888889	  4.99708e-05	  5.85705e-06	  24	  1.48842e-06
106	  0.444288	  0	  0.000253958	  5.18186e-06	  6	  2.37458e-06
107	  0.456463	  0.229416	  0.000240494	  8.99663e-06	  12	  3.04693e-06
108	  0.491179	  0.426401	  0.000205912	  7.86869e-06	  12	  2.66493e-06
109	  0.54414	  0.57735	  0.000166222	  2.98545e-06	  12	  1.0111e-06
110	  0.610616	  0.685994	  0.000130032	  1.04651e-05	  12	  3.54426e-06
111	  0.686693	  0.762493	  0.000100876	  6.48881e-06	  12	  2.1976e-06
112	  0.76953	  0.816497	  7.85788e-05	  5.62697e-06	  12	  1.90571e-06
113	  0.857168	  0.855186	  6.18245e-05	  3.24597e-06	  12	  1.09933e-06
114	  0.948278	  0.883452	  4.92751e-05	  2.76882e-06	  12	  9.3773e-07
115	  0.468321	  0	  0.000227855	  6.45586e-06	  12	  2.18644e-06
116	  0.479886	  0.218218	  0.00021626	  9.01477e-06	  24	  2.29087e-06
117	  0.51302	  0.408248	  0.000188322	  9.39666e-06	  24	  2.38792e-06
118	  0.563933	  0.557086	  0.000154074	  8.4974e-06	  24	  2.15939e-06
119	  0.628319	  0.666667	  0.000122281	  6.24987e-06	  24	  1.58824e-06
120	  0.702481	  0.745356	  9.59862e-05	  7.58916e-06	  24	  1.92859e-06
121	  0.783651	  0.801784	  7.54794e-05	  6.13419e-06	  24	  1.55885e-06
122	  0.869868	  0.842701	  5.98331e-05	  4.02749e-06	  24	  1.02348e-06
123	  0.959772	  0.872872	  4.79605e-05	  4.00971e-06	  24	  1.01896e-06
124	  0.523599	  0	  0.000180467	  4.59375e-06	  18	  1.31244e-06
125	  0.533968	  0.196116	  0.000173094	  4.39251e-06	  36	  9.51711e-07
126	  0.563933	  0.371391	  0.000154074	  4.27639e-06	  36	  9.2655e-07
127	  0.610616	  0.514496	  0.000130032	  5.04301e-06	  36	  1.09265e-06
128	  0.670534	  0.624695	  0.000106245	  5.37788e-06	  36	  1.16521e-06
129	  0.74048	  0.707107	  8.55312e-05	  5.58665e-06	  36	  1.21044e-06
130	  0.817887	  0.768221	  6.86491e-05	  4.92679e-06	  36	  1.06747e-06
131	  0.900833	  0.813733	  5.53169e-05	  4.66785e-06	  36	  1.01137e-06
132	  0.987924	  0.847998	  4.49132e-05	  3.80069e-06	  36	  8.23483e-07
133	  0.533968	  0	  0.000173094	  4.33874e-06	  12	  1.46942e-06
134	  0.54414	  0.19245	  0.000166222	  6.27295e-06	  24	  1.59411e-06
135	  0.573574	  0.365148	  0.000148705	  4.62863e-06	  24	  1.17625e-06
136	  0.61953	  0.507093	  0.000126056	  5.6237e-06	  24	  1.42912e-06
137	  0.678662	  0.617213	  0.000103483	  5.12106e-06	  24	  1.30139e-06
138	  0.747849	  0.70014	  8.36612e-05	  5.10873e-06	  24	  1.29825e-06
139	  0.824564	  0.762001	  6.74072e-05	  2.22999e-06	  24	  5.66693e-07
140	  0.9069	  0.80829	  5.44911e-05	  4.51834e-06	  24	  1.14822e-06
141	  0.993459	  0.843274	  4.43525e-05	  3.28425e-06	  24	  8.34607e-07
142	  0.563933	  0	  0.000154074	  1.89786e-06	  12	  6.42758e-07
143	  0.573574	  0.182574	  0.000148705	  3.72394e-06	  24	  9.46342e-07
144	  0.601569	  0.348155	  0.000134274	  4.41857e-06	  24	  1.12287e-06
145	  0.645536	  0.486664	  0.000115357	  5.22874e-06	  24	  1.32875e-06
146	  0.702481	  0.596285	  9.59862e-05	  5.24705e-06	  24	  1.3334e-06
147	  0.76953	  0.680414	  7.85788e-05	  3.11965e-06	  24	  7.92778e-07
148	  0.844278	  0.744208	  6.3942e-05	  5.05577e-06	  24	  1.28479e-06
149	  0.92486	  0.792594	  5.21404e-05	  4.00241e-06	  24	  1.01711e-06
150	  0.592384	  0	  0.000138819	  1.24951e-06	  6	  5.72587e-07
151	  0.601569	  0.174078	  0.000134274	  2.66636e-06	  12	  9.0303e-07
152	  0.628319	  0.333333	  0.000122281	  3.61123e-06	  12	  1.22303e-06
153	  0.670534	  0.468521	  0.000106245	  3.16619e-06	  12	  1.07231e-06
154	  0.72552	  0.57735	  8.94525e-05	  5.8571e-06	  12	  1.98365e-06
155	  0.790617	  0.662266	  7.40102e-05	  4.41949e-06	  12	  1.49677e-06
156	  0.863541	  0.727607	  6.0809e-05	  3.43741e-06	  12	  1.16417e-06
157	  0.942478	  0.777778	  4.99708e-05	  2.93801e-06	  12	  9.9503e-07
158	  0.610616	  0	  0.000130032	  2.85322e-06	  12	  9.66316e-07
159	  0.61953	  0.169031	  0.000126056	  3.18341e-06	  24	  8.08982e-07
160	  0.645536	  0.324443	  0.000115357	  3.91604e-06	  24	  9.9516e-07
161	  0.686693	  0.457496	  0.000100876	  4.10233e-06	  24	  1.0425e-06
162	  0.74048	  0.565685	  8.55312e-05	  3.73822e-06	  24	  9.49972e-07
163	  0.804368	  0.650945	  7.12372e-05	  4.90982e-06	  24	  1.2477e-06
164	  0.876148	  0.717137	  5.88643e-05	  4.47548e-06	  24	  1.13733e-06
165	  0.954042	  0.76835	  4.86063e-05	  3.51416e-06	  24	  8.93034e-07
166	  0.628319	  0	  0.000122281	  8.73034e-06	  6	  4.00067e-06
167	  0.636985	  0.164399	  0.000118696	  4.50481e-06	  12	  1.52567e-06
168	  0.662306	  0.316228	  0.000109103	  3.04081e-06	  12	  1.02985e-06
169	  0.702481	  0.447214	  9.59862e-05	  1.77949e-06	  12	  6.02669e-07
170	  0.755145	  0.5547	  8.19187e-05	  2.42805e-06	  12	  8.22321e-07
171	  0.817887	  0.640184	  6.86491e-05	  2.9206e-06	  12	  9.89133e-07
172	  0.888577	  0.707107	  5.7047e-05	  2.90424e-06	  12	  9.83594e-07
173	  0.965468	  0.759257	  4.73186e-05	  3.5868e-06	  12	  1.21476e-06
174	  0.636985	  0	  0.000118696	  4.4881e-06	  12	  1.52001e-06
175	  0.645536	  0.162221	  0.000115357	  2.38875e-06	  24	  6.07038e-07
176	  0.670534	  0.312348	  0.000106245	  2.67055e-06	  24	  6.78652e-07
177	  0.710244	  0.442326	  9.37219e-05	  3.63236e-06	  24	  9.23071e-07
178	  0.762371	  0.549442	  8.01954e-05	  4.74778e-06	  24	  1.20653e-06
179	  0.824564	  0.635001	  6.74072e-05	  2.38767e-06	  24	  6.06765e-07
180	  0.894726	  0.702247	  5.61554e-05	  2.53253e-06	  24	  6.43576e-07
181	  0.971131	  0.754829	  4.66877e-05	  3.29118e-06	  24	  8.36368e-07
182	  0.662306	  0	  0.000109103	  2.6376e-06	  12	  8.9329e-07
183	  0.670534	  0.156174	  0.000106245	  2.52909e-06	  24	  6.42703e-07
184	  0.694632	  0.301511	  9.83796e-05	  2.46743e-06	  24	  6.27034e-07
185	  0.733038	  0.428571	  8.74227e-05	  3.86195e-06	  24	  9.81414e-07
186	  0.783651	  0.534522	  7.54794e-05	  2.82634e-06	  24	  7.18241e-07
187	  0.844278	  0.620174	  6.3942e-05	  2.86991e-06	  24	  7.29314e-07
188	  0.912926	  0.688247	  5.36709e-05	  2.33334e-06	  24	  5.92959e-07
189	  0.987924	  0.741999	  4.49132e-05	  2.7444e-06	  24	  6.97419e-07
190	  0.670534	  0	  0.000106245	  3.04935e-06	  12	  1.03274e-06
191	  0.678662	  0.154303	  0.000103483	  2.2201e-06	  24	  5.64181e-07
192	  0.702481	  0.298142	  9.59862e-05	  3.39012e-06	  24	  8.61511e-07
193	  0.74048	  0.424264	  8.55312e-05	  2.85336e-06	  24	  7.25107e-07
194	  0.790617	  0.529813	  7.40102e-05	  2.91201e-06	  24	  7.40011e-07
195	  0.850747	  0.615457	  6.28792e-05	  2.181e-06	  24	  5.54246e-07
196	  0.918912	  0.683763	  5.29003e-05	  3.39522e-06	  24	  8.62807e-07
197	  0.993459	  0.737865	  4.43525e-05	  2.84438e-06	  24	  7.22826e-07
198	  0.702481	  0	  9.59862e-05	  1.45865e-06	  12	  4.94009e-07
199	  0.710244	  0.147442	  9.37219e-05	  2.74475e-06	  24	  6.97508e-07
200	  0.733038	  0.285714	  8.74227e-05	  3.50902e-06	  24	  8.91728e-07
201	  0.76953	  0.408248	  7.85788e-05	  2.87559e-06	  24	  7.30757e-07
202	  0.817887	  0.512148	  6.86491e-05	  4.14435e-06	  24	  1.05318e-06
203	  0.876148	  0.597614	  5.88643e-05	  3.25523e-06	  24	  8.27233e-07
204	  0.942478	  0.666667	  4.99708e-05	  2.9227e-06	  24	  7.42728e-07
205	  0.733038	  0	  8.74227e-05	  1.92948e-06	  6	  8.84182e-07
206	  0.74048	  0.141421	  8.55312e-05	  2.09808e-06	  12	  7.10568e-07
207	  0.762371	  0.274721	  8.01954e-05	  1.90181e-06	  12	  6.44095e-07
208	  0.797522	  0.393919	  7.25949e-05	  2.67906e-06	  12	  9.0733e-07
209	  0.844278	  0.496139	  6.3942e-05	  3.17539e-06	  12	  1.07543e-06
210	  0.900833	  0.581238	  5.53169e-05	  3.37526e-06	  12	  1.14312e-06
211	  0.965468	  0.650791	  4.73186e-05	  2.66263e-06	  12	  9.01766e-07
212	  0.74048	  0	  8.55312e-05	  2.1739e-06	  18	  6.21088e-07
213	  0.747849	  0.140028	  8.36612e-05	  3.05603e-06	  36	  6.62139e-07
214	  0.76953	  0.272166	  7.85788e-05	  2.39294e-06	  36	  5.1847e-07
215	  0.804368	  0.390567	  7.12372e-05	  3.41343e-06	  36	  7.39576e-07
216	  0.850747	  0.492366	  6.28792e-05	  2.09047e-06	  36	  4.52935e-07
217	  0.9069	  0.57735	  5.44911e-05	  2.08879e-06	  36	  4.52572e-07
218	  0.971131	  0.646997	  4.66877e-05	  3.5489e-06	  36	  7.68928e-07
219	  0.755145	  0	  8.19187e-05	  1.47359e-06	  12	  4.99069e-07
220	  0.762371	  0.137361	  8.01954e-05	  2.79256e-06	  24	  7.09657e-07
221	  0.783651	  0.267261	  7.54794e-05	  2.48027e-06	  24	  6.30295e-07
222	  0.817887	  0.384111	  6.86491e-05	  2.77421e-06	  24	  7.04995e-07
223	  0.863541	  0.485071	  6.0809e-05	  1.58709e-06	  24	  4.03318e-07
224	  0.918912	  0.569803	  5.29003e-05	  2.33977e-06	  24	  5.94592e-07
225	  0.982358	  0.639602	  4.55013e-05	  2.00381e-06	  24	  5.09216e-07
226	  0.762371	  0	  8.01954e-05	  1.23715e-06	  12	  4.18993e-07
227	  0.76953	  0.136083	  7.85788e-05	  2.89436e-06	  24	  7.35526e-07
228	  0.790617	  0.264906	  7.40102e-05	  2.04267e-06	  24	  5.19092e-07
229	  0.824564	  0.381	  6.74072e-05	  1.87328e-06	  24	  4.76046e-07
230	  0.869868	  0.481543	  5.98331e-05	  1.42265e-06	  24	  3.61529e-07
231	  0.92486	  0.566139	  5.21404e-05	  2.75021e-06	  24	  6.98896e-07
232	  0.987924	  0.635999	  4.49132e-05	  2.17677e-06	  24	  5.53171e-07
233	  0.797522	  0	  7.25949e-05	  2.30311e-06	  12	  7.80006e-07
234	  0.804368	  0.130189	  7.12372e-05	  2.61011e-06	  24	  6.63291e-07
235	  0.824564	  0.254	  6.74072e-05	  1.633e-06	  24	  4.14984e-07
236	  0.857168	  0.366508	  6.18245e-05	  2.21296e-06	  24	  5.62368e-07
237	  0.900833	  0.464991	  5.53169e-05	  2.09566e-06	  24	  5.32558e-07
238	  0.954042	  0.548821	  4.86063e-05	  2.32756e-06	  24	  5.91489e-07
239	  0.817887	  0	  6.86491e-05	  1.75953e-06	  12	  5.9591e-07
240	  0.824564	  0.127	  6.74072e-05	  1.68685e-06	  24	  4.28669e-07
241	  0.844278	  0.248069	  6.3942e-05	  1.80209e-06	  24	  4.57955e-07
242	  0.876148	  0.358569	  5.88643e-05	  2.35393e-06	  24	  5.98191e-07
243	  0.918912	  0.455842	  5.29003e-05	  2.02555e-06	  24	  5.1474e-07
244	  0.971131	  0.539164	  4.66877e-05	  2.57773e-06	  24	  6.55063e-07
245	  0.837758	  0	  6.50738e-05	  2.02647e-06	  6	  9.28629e-07
246	  0.844278	  0.124035	  6.3942e-05	  2.7369e-06	  12	  9.2692e-07
247	  0.863541	  0.242536	  6.0809e-05	  9.01884e-07	  12	  3.05446e-07
248	  0.894726	  0.351123	  5.61554e-05	  1.67615e-06	  12	  5.67669e-07
249	  0.936642	  0.447214	  5.06708e-05	  1.60352e-06	  12	  5.43074e-07
250	  0.987924	  0.529999	  4.49132e-05	  2.83123e-06	  12	  9.58868e-07
251	  0.844278	  0	  6.3942e-05	  2.35989e-06	  24	  5.99705e-07
252	  0.850747	  0.123091	  6.28792e-05	  1.90992e-06	  48	  3.71169e-07
253	  0.869868	  0.240772	  5.98331e-05	  1.6867e-06	  48	  3.2779e-07
254	  0.900833	  0.348743	  5.53169e-05	  1.95861e-06	  48	  3.80631e-07
255	  0.942478	  0.444444	  4.99708e-05	  1.95855e-06	  48	  3.8062e-07
256	  0.993459	  0.527046	  4.43525e-05	  2.12493e-06	  48	  4.12954e-07
257	  0.863541	  0	  6.0809e-05	  9.86364e-07	  12	  3.34057e-07
258	  0.869868	  0.120386	  5.98331e-05	  1.62808e-06	  24	  4.13734e-07
259	  0.888577	  0.235702	  5.7047e-05	  1.64069e-06	  24	  4.1694e-07
260	  0.918912	  0.341882	  5.29003e-05	  1.82525e-06	  24	  4.6384e-07
261	  0.959772	  0.436436	  4.79605e-05	  1.81998e-06	  24	  4.625e-07
262	  0.888577	  0	  5.7047e-05	  1.69315e-06	  6	  7.75883e-07
263	  0.894726	  0.117041	  5.61554e-05	  1.23493e-06	  12	  4.1824e-07
264	  0.912926	  0.229416	  5.36709e-05	  1.68396e-06	  12	  5.70317e-07
265	  0.942478	  0.333333	  4.99708e-05	  1.80064e-06	  12	  6.09832e-07
266	  0.982358	  0.426401	  4.55013e-05	  1.76575e-06	  12	  5.98016e-07
267	  0.894726	  0	  5.61554e-05	  1.27253e-06	  12	  4.30975e-07
268	  0.900833	  0.116248	  5.53169e-05	  1.58697e-06	  24	  4.03287e-07
269	  0.918912	  0.227921	  5.29003e-05	  1.75843e-06	  24	  4.4686e-07
270	  0.948278	  0.331295	  4.92751e-05	  1.82977e-06	  24	  4.64988e-07
271	  0.987924	  0.423999	  4.49132e-05	  1.51287e-06	  24	  3.84458e-07
272	  0.900833	  0	  5.53169e-05	  2.03234e-06	  12	  6.88302e-07
273	  0.9069	  0.11547	  5.44911e-05	  1.44389e-06	  24	  3.66928e-07
274	  0.92486	  0.226455	  5.21404e-05	  1.21459e-06	  24	  3.08656e-07
275	  0.954042	  0.329293	  4.86063e-05	  1.82504e-06	  24	  4.63786e-07
276	  0.993459	  0.421637	  4.43525e-05	  1.69273e-06	  24	  4.30164e-07
277	  0.936642	  0	  5.06708e-05	  1.05643e-06	  12	  3.57787e-07
278	  0.942478	  0.111111	  4.99708e-05	  1.54042e-06	  24	  3.91457e-07
279	  0.959772	  0.218218	  4.79605e-05	  1.25553e-06	  24	  3.19062e-07
280	  0.987924	  0.317999	  4.49132e-05	  1.23405e-06	  24	  3.13601e-07
281	  0.942478	  0	  4.99708e-05	  2.97807e-06	  6	  1.36469e-06
282	  0.948278	  0.110432	  4.92751e-05	  1.95836e-06	  12	  6.63248e-07
283	  0.965468	  0.21693	  4.73186e-05	  1.63336e-06	  12	  5.53178e-07
284	  0.993459	  0.316228	  4.43525e-05	  1.69872e-06	  12	  5.75316e-07
285	  0.948278	  0	  4.92751e-05	  1.79886e-06	  12	  6.09229e-07
286	  0.954042	  0.109764	  4.86063e-05	  1.23768e-06	  24	  3.14524e-07
287	  0.971131	  0.215666	  4.66877e-05	  9.93272e-07	  24	  2.52414e-07
288	  0.998963	  0.314485	  4.38063e-05	  1.44762e-06	  24	  3.67874e-07
289	  0.965468	  0	  4.73186e-05	  1.18656e-06	  24	  3.01534e-07
290	  0.971131	  0.107833	  4.66877e-05	  1.44229e-06	  48	  2.80291e-07
291	  0.987924	  0.212	  4.49132e-05	  1.51312e-06	  48	  2.94055e-07
292	  0.987924	  0	  4.49132e-05	  1.36657e-06	  12	  4.62823e-07
293	  0.993459	  0.105409	  4.43525e-05	  1.4241e-06	  24	  3.61899e-07
294	  0.993459	  0	  4.43525e-05	  1.13678e-06	  12	  3.84999e-07
295	  0.998963	  0.104828	  4.38063e-05	  1.14549e-06	  24	  2.91095e-07
296	  1.08818	  0.030936	  3.60508e-05	  1.11294e-06	  138	  1.50387e-07
297	  1.08818	  0.0938307	  3.60508e-05	  1.01376e-06	  252	  1.14549e-07
298	  1.08818	  0.156319	  3.60508e-05	  9.16927e-07	  72	  1.53907e-07
299	  1.08818	  0.218712	  3.60508e-05	  1.03115e-06	  216	  1.21719e-07
300	  1.08818	  0.281224	  3.60508e-05	  1.22833e-06	  288	  1.33797e-07
301	  1.08818	  0.343807	  3.60508e-05	  1.14076e-06	  120	  1.61174e-07
302	  1.08818	  0.406302	  3.60508e-05	  1.59927e-06	  180	  1.99165e-07
303	  1.08818	  0.468745	  3.60508e-05	  1.59525e-06	  180	  1.98666e-07
304	  1.08818	  0.531226	  3.60508e-05	  1.747e-06	  192	  2.13429e-07
305	  1.08818	  0.593785	  3.60508e-05	  2.28225e-06	  192	  2.7882e-07
306	  1.08818	  0.656281	  3.60508e-05	  1.95817e-06	  168	  2.48985e-07
307	  1.08818	  0.718743	  3.60508e-05	  2.41408e-06	  228	  2.8058e-07
308	  1.08818	  0.781255	  3.60508e-05	  3.21346e-06	  144	  4.28462e-07
309	  1.08818	  0.843774	  3.60508e-05	  2.80035e-06	  240	  3.2078e-07
310	  1.08818	  0.90628	  3.60508e-05	  3.86767e-06	  168	  4.91781e-07
311	  1.08818	  0.968758	  3.60508e-05	  3.69976e-06	  150	  4.87072e-07
312	  1.25577	  0.030936	  2.59292e-05	  8.40244e-07	  198	  1.01726e-07
313	  1.25577	  0.0938307	  2.59292e-05	  8.58854e-07	  396	  8.61018e-08
314	  1.25577	  0.156319	  2.59292e-05	  8.33348e-07	  396	  8.35447e-08
315	  1.25577	  0.218712	  2.59292e-05	  7.921e-07	  204	  9.50631e-08
316	  1.25577	  0.281224	  2.59292e-05	  9.29204e-07	  216	  1.09685e-07
317	  1.25577	  0.343807	  2.59292e-05	  9.35786e-07	  372	  9.53075e-08
318	  1.25577	  0.406302	  2.59292e-05	  1.0566e-06	  312	  1.12648e-07
319	  1.25577	  0.468745	  2.59292e-05	  1.0709e-06	  288	  1.16649e-07
320	  1.25577	  0.531226	  2.59292e-05	  1.42083e-06	  264	  1.58488e-07
321	  1.25577	  0.593785	  2.59292e-05	  1.29482e-06	  312	  1.38046e-07
322	  1.25577	  0.656281	  2.59292e-05	  1.49382e-06	  276	  1.64608e-07
323	  1.25577	  0.718743	  2.59292e-05	  1.63751e-06	  312	  1.74581e-07
324	  1.25577	  0.781255	  2.59292e-05	  1.87473e-06	  276	  2.06582e-07
325	  1.25577	  0.843774	  2.59292e-05	  2.06544e-06	  240	  2.36596e-07
326	  1.25577	  0.90628	  2.59292e-05	  2.39713e-06	  324	  2.53031e-07
327	  1.25577	  0.968758	  2.59292e-05	  2.67228e-06	  315	  2.8418e-07
328	  1.45182	  0.030936	  1.84965e-05	  5.83742e-07	  246	  6.64051e-08
329	  1.45182	  0.0938307	  1.84965e-05	  5.3607e-07	  516	  5.04026e-08
330	  1.45182	  0.156319	  1.84965e-05	  6.00748e-07	  504	  5.67969e-08
331	  1.45182	  0.218712	  1.84965e-05	  5.78345e-07	  528	  5.40865e-08
332	  1.45182	  0.281224	  1.84965e-05	  6.0694e-07	  504	  5.73822e-08
333	  1.45182	  0.343807	  1.84965e-05	  7.07033e-07	  384	  7.14322e-08
334	  1.45182	  0.406302	  1.84965e-05	  8.45171e-07	  420	  8.34986e-08
335	  1.45182	  0.468745	  1.84965e-05	  7.43382e-07	  468	  7.15319e-08
336	  1.45182	  0.531226	  1.84965e-05	  8.28797e-07	  480	  7.92691e-08
337	  1.45182	  0.593785	  1.84965e-05	  9.00898e-07	  468	  8.66889e-08
338	  1.45182	  0.656281	  1.84965e-05	  9.94341e-07	  396	  9.96846e-08
339	  1.45182	  0.718743	  1.84965e-05	  1.07654e-06	  456	  1.04241e-07
340	  1.45182	  0.781255	  1.84965e-05	  1.34974e-06	  432	  1.32426e-07
341	  1.45182	  0.843774	  1.84965e-05	  1.4111e-06	  480	  1.34963e-07
342	  1.45182	  0.90628	  1.84965e-05	  1.70937e-06	  480	  1.6349e-07
343	  1.45182	  0.968758	  1.84965e-05	  1.77402e-06	  414	  1.7589e-07
344	  1.68148	  0.030936	  1.3092e-05	  3.97532e-07	  798	  3.39491e-08
345	  1.68148	  0.0938307	  1.3092e-05	  4.52863e-07	  708	  3.96628e-08
346	  1.68148	  0.156319	  1.3092e-05	  4.12874e-07	  684	  3.64304e-08
347	  1.68148	  0.218712	  1.3092e-05	  4.58854e-07	  720	  4.00432e-08
348	  1.68148	  0.281224	  1.3092e-05	  4.62574e-07	  708	  4.05133e-08
349	  1.68148	  0.343807	  1.3092e-05	  4.84679e-07	  720	  4.22969e-08
350	  1.68148	  0.406302	  1.3092e-05	  5.31765e-07	  672	  4.71015e-08
351	  1.68148	  0.468745	  1.3092e-05	  6.02783e-07	  732	  5.24187e-08
352	  1.68148	  0.531226	  1.3092e-05	  6.31444e-07	  672	  5.59306e-08
353	  1.68148	  0.593785	  1.3092e-05	  6.4698e-07	  708	  5.6664e-08
354	  1.68148	  0.656281	  1.3092e-05	  6.80155e-07	  744	  5.89434e-08
355	  1.68148	  0.718743	  1.3092e-05	  8.57526e-07	  744	  7.43147e-08
356	  1.68148	  0.781255	  1.3092e-05	  9.13293e-07	  696	  8.0283e-08
357	  1.68148	  0.843774	  1.3092e-05	  9.98491e-07	  708	  8.74502e-08
358	  1.68148	  0.90628	  1.3092e-05	  1.12197e-06	  696	  9.86264e-08
359	  1.68148	  0.968758	  1.3092e-05	  1.20084e-06	  741	  1.04156e-07
360	  1.94819	  0.030936	  9.22078e-06	  2.99835e-07	  1368	  2.30983e-08
361	  1.94819	  0.0938307	  9.22078e-06	  2.98564e-07	  924	  2.47502e-08
362	  1.94819	  0.156319	  9.22078e-06	  3.22369e-07	  972	  2.64585e-08
363	  1.94819	  0.218712	  9.22078e-06	  3.3392e-07	  972	  2.74065e-08
364	  1.94819	  0.281224	  9.22078e-06	  3.10558e-07	  1200	  2.4493e-08
365	  1.94819	  0.343807	  9.22078e-06	  3.30168e-07	  1140	  2.62871e-08
366	  1.94819	  0.406302	  9.22078e-06	  3.66386e-07	  1080	  2.94681e-08
367	  1.94819	  0.468745	  9.22078e-06	  4.10626e-07	  1068	  3.30963e-08
368	  1.94819	  0.531226	  9.22078e-06	  4.01142e-07	  1164	  3.18147e-08
369	  1.94819	  0.593785	  9.22078e-06	  4.75485e-07	  1188	  3.75695e-08
370	  1.94819	  0.656281	  9.22078e-06	  4.86763e-07	  1068	  3.92329e-08
371	  1.94819	  0.718743	  9.22078e-06	  5.11883e-07	  1008	  4.1717e-08
372	  1.94819	  0.781255	  9.22078e-06	  5.97805e-07	  1164	  4.74122e-08
373	  1.94819	  0.843774	  9.22078e-06	  6.22242e-07	  1176	  4.92571e-08
374	  1.94819	  0.90628	  9.22078e-06	  6.97222e-07	  1080	  5.60769e-08
375	  1.94819	  0.968758	  9.22078e-06	  7.39987e-07	  1038	  5.99675e-08
376	  2.25604	  0.030936	  6.48115e-06	  2.19656e-07	  1896	  1.60274e-08
377	  2.25604	  0.0938307	  6.48115e-06	  2.22436e-07	  1272	  1.73586e-08
378	  2.25604	  0.156319	  6.48115e-06	  2.17052e-07	  2040	  1.56582e-08
379	  2.25604	  0.218712	  6.48115e-06	  2.3199e-07	  1740	  1.7161e-08
380	  2.25604	  0.281224	  6.48115e-06	  2.36815e-07	  1584	  1.7791e-08
381	  2.25604	  0.343807	  6.48115e-06	  2.4414e-07	  1764	  1.80199e-08
382	  2.25604	  0.406302	  6.48115e-06	  2.5525e-07	  1632	  1.90809e-08
383	  2.25604	  0.468745	  6.48115e-06	  2.74215e-07	  1860	  2.00689e-08
384	  2.25604	  0.531226	  6.48115e-06	  2.95834e-07	  1560	  2.22818e-08
385	  2.25604	  0.593785	  6.48115e-06	  3.11486e-07	  1692	  2.31468e-08
386	  2.25604	  0.656281	  6.48115e-06	  3.46738e-07	  1704	  2.57366e-08
387	  2.25604	  0.718743	  6.48115e-06	  3.62648e-07	  1824	  2.66237e-08
388	  2.25604	  0.781255	  6.48115e-06	  3.92966e-07	  1668	  2.92701e-08
389	  2.25604	  0.843774	  6.48115e-06	  4.19145e-07	  1680	  3.11833e-08
390	  2.25604	  0.90628	  6.48115e-06	  4.60621e-07	  1776	  3.39611e-08
391	  2.25604	  0.968758	  6.48115e-06	  4.75376e-07	  1656	  3.54505e-08
392	  2.61216	  0.030936	  4.54319e-06	  1.64523e-07	  2586	  1.14615e-08
393	  2.61216	  0.0938307	  4.54319e-06	  1.59834e-07	  3036	  1.08925e-08
394	  2.61216	  0.156319	  4.54319e-06	  1.68319e-07	  2124	  1.20681e-08
395	  2.61216	  0.218712	  4.54319e-06	  1.63148e-07	  2940	  1.11663e-08
396	  2.61216	  0.281224	  4.54319e-06	  1.72026e-07	  2616	  1.19647e-08
397	  2.61216	  0.343807	  4.54319e-06	  1.7765e-07	  2448	  1.24731e-08
398	  2.61216	  0.406302	  4.54319e-06	  1.86538e-07	  2916	  1.27813e-08
399	  2.61216	  0.468745	  4.54319e-06	  1.94035e-07	  2544	  1.35487e-08
400	  2.61216	  0.531226	  4.54319e-06	  2.04827e-07	  2652	  1.42188e-08
401	  2.61216	  0.593785	  4.54319e-06	  2.12436e-07	  2748	  1.46743e-08
402	  2.61216	  0.656281	  4.54319e-06	  2.37667e-07	  2676	  1.64778e-08
403	  2.61216	  0.718743	  4.54319e-06	  2.33931e-07	  2472	  1.64016e-08
404	  2.61216	  0.781255	  4.54319e-06	  2.52929e-07	  2616	  1.75916e-08
405	  2.61216	  0.843774	  4.54319e-06	  2.6172e-07	  2736	  1.80896e-08
406	  2.61216	  0.90628	  4.54319e-06	  2.7925e-07	  2568	  1.94731e-08
407	  2.61216	  0.968758	  4.54319e-06	  2.83335e-07	  2745	  1.95747e-08
408	  3.02645	  0.030936	  3.16893e-06	  1.21113e-07	  3414	  8.12848e-09
409	  3.02645	  0.0938307	  3.16893e-06	  1.18167e-07	  4512	  7.66755e-09
410	  3.02645	  0.156319	  3.16893e-06	  1.15882e-07	  4632	  7.49674e-09
411	  3.02645	  0.218712	  3.16893e-06	  1.15858e-07	  3972	  7.63121e-09
412	  3.02645	  0.281224	  3.16893e-06	  1.2034e-07	  4176	  7.87924e-09
413	  3.02645	  0.343807	  3.16893e-06	  1.25732e-07	  4344	  8.19426e-09
414	  3.02645	  0.406302	  3.16893e-06	  1.31302e-07	  4044	  8.62982e-09
415	  3.02645	  0.468745	  3.16893e-06	  1.37002e-07	  4092	  8.99181e-09
416	  3.02645	  0.531226	  3.16893e-06	  1.48051e-07	  4296	  9.66137e-09
417	  3.02645	  0.593785	  3.16893e-06	  1.49171e-07	  3996	  9.81836e-09
418	  3.02645	  0.656281	  3.16893e-06	  1.55534e-07	  4188	  1.01801e-08
419	  3.02645	  0.718743	  3.16893e-06	  1.65737e-07	  4212	  1.08405e-08
420	  3.02645	  0.781255	  3.16893e-06	  1.64184e-07	  4140	  1.07609e-08
421	  3.02645	  0.843774	  3.16893e-06	  1.68197e-07	  4128	  1.10277e-08
422	  3.02645	  0.90628	  3.16893e-06	  1.73827e-07	  4188	  1.13774e-08
423	  3.02645	  0.968758	  3.16893e-06	  1.70813e-07	  4128	  1.11992e-08
424	  3.50419	  0.030936	  2.20839e-06	  8.59936e-08	  7002	  5.32735e-09
425	  3.50419	  0.0938307	  2.20839e-06	  8.63509e-08	  6240	  5.41068e-09
426	  3.50419	  0.156319	  2.20839e-06	  8.27186e-08	  5964	  5.20704e-09
427	  3.50419	  0.218712	  2.20839e-06	  8.50651e-08	  6180	  5.33533e-09
428	  3.50419	  0.281224	  2.20839e-06	  8.74225e-08	  6420	  5.4622e-09
429	  3.50419	  0.343807	  2.20839e-06	  8.95546e-08	  6516	  5.58715e-09
430	  3.50419	  0.406302	  2.20839e-06	  9.18597e-08	  6312	  5.74921e-09
431	  3.50419	  0.468745	  2.20839e-06	  9.90233e-08	  6276	  6.20113e-09
432	  3.50419	  0.531226	  2.20839e-06	  9.6886e-08	  6360	  6.05918e-09
433	  3.50419	  0.593785	  2.20839e-06	  9.85681e-08	  6408	  6.15973e-09
434	  3.50419	  0.656281	  2.20839e-06	  1.06585e-07	  6360	  6.66574e-09
435	  3.50419	  0.718743	  2.20839e-06	  1.04672e-07	  6336	  6.54857e-09
436	  3.50419	  0.781255	  2.20839e-06	  1.02996e-07	  6372	  6.4401e-09
437	  3.50419	  0.843774	  2.20839e-06	  1.06597e-07	  6456	  6.65649e-09
438	  3.50419	  0.90628	  2.20839e-06	  1.02505e-07	  6360	  6.41056e-09
439	  3.50419	  0.968758	  2.20839e-06	  9.92188e-08	  6327	  6.20831e-09
440	  4.05763	  0.030936	  1.53462e-06	  6.201e-08	  10392	  3.70879e-09
441	  4.05763	  0.0938307	  1.53462e-06	  5.93755e-08	  9420	  3.58054e-09
442	  4.05763	  0.156319	  1.53462e-06	  6.11624e-08	  10176	  3.66443e-09
443	  4.05763	  0.218712	  1.53462e-06	  6.15769e-08	  10260	  3.68676e-09
444	  4.05763	  0.281224	  1.53462e-06	  5.91388e-08	  9528	  3.5628e-09
445	  4.05763	  0.343807	  1.53462e-06	  6.09803e-08	  10140	  3.65459e-09
446	  4.05763	  0.406302	  1.53462e-06	  6.41425e-08	  9960	  3.84984e-09
447	  4.05763	  0.468745	  1.53462e-06	  6.37908e-08	  10068	  3.82529e-09
448	  4.05763	  0.531226	  1.53462e-06	  6.63775e-08	  9996	  3.98278e-09
449	  4.05763	  0.593785	  1.53462e-06	  6.49419e-08	  9828	  3.90217e-09
450	  4.05763	  0.656281	  1.53462e-06	  6.53897e-08	  10032	  3.92234e-09
451	  4.05763	  0.718743	  1.53462e-06	  6.45868e-08	  9924	  3.87768e-09
452	  4.05763	  0.781255	  1.53462e-06	  6.20779e-08	  10116	  3.7211e-09
453	  4.05763	  0.843774	  1.53462e-06	  6.12053e-08	  9888	  3.67577e-09
454	  4.05763	  0.90628	  1.53462e-06	  6.03219e-08	  10008	  3.61907e-09
455	  4.05763	  0.968758	  1.53462e-06	  5.50025e-08	  9978	  3.30076e-09
456	  4.69917	  0.030936	  1.06291e-06	  4.40728e-08	  13626	  2.5812e-09
457	  4.69917	  0.0938307	  1.06291e-06	  4.37792e-08	  16392	  2.5309e-09
458	  4.69917	  0.156319	  1.06291e-06	  4.30466e-08	  15708	  2.49579e-09
459	  4.69917	  0.218712	  1.06291e-06	  4.22122e-08	  15432	  2.45041e-09
460	  4.69917	  0.281224	  1.06291e-06	  4.19166e-08	  15780	  2.42951e-09
461	  4.69917	  0.343807	  1.06291e-06	  4.22422e-08	  15300	  2.45362e-09
462	  4.69917	  0.406302	  1.06291e-06	  4.19717e-08	  15588	  2.43475e-09
463	  4.69917	  0.468745	  1.06291e-06	  4.23325e-08	  15396	  2.45779e-09
464	  4.69917	  0.531226	  1.06291e-06	  4.2377e-08	  15504	  2.45919e-09
465	  4.69917	  0.593785	  1.06291e-06	  4.11825e-08	  15660	  2.38822e-09
466	  4.69917	  0.656281	  1.06291e-06	  3.98707e-08	  15192	  2.31701e-09
467	  4.69917	  0.718743	  1.06291e-06	  3.89018e-08	  15600	  2.25656e-09
468	  4.69917	  0.781255	  1.06291e-06	  3.77911e-08	  15216	  2.19592e-09
469	  4.69917	  0.843774	  1.06291e-06	  3.55476e-08	  15516	  2.06276e-09
470	  4.69917	  0.90628	  1.06291e-06	  3.23859e-08	  15540	  1.87909e-09
471	  4.69917	  0.968758	  1.06291e-06	  3.0298e-08	  15405	  1.75901e-09
472	  5.4432	  0.030936	  7.34335e-07	  3.16406e-08	  26250	  1.77732e-09
473	  5.4432	  0.0938307	  7.34335e-07	  3.08809e-08	  22392	  1.75041e-09
474	  5.4432	  0.156319	  7.34335e-07	  3.04425e-08	  24516	  1.71655e-09
475	  5.4432	  0.218712	  7.34335e-07	  2.92897e-08	  23592	  1.65517e-09
476	  5.4432	  0.281224	  7.34335e-07	  2.90741e-08	  24264	  1.64035e-09
477	  5.4432	  0.343807	  7.34335e-07	  2.85429e-08	  23928	  1.61166e-09
478	  5.4432	  0.406302	  7.34335e-07	  2.76053e-08	  24120	  1.55801e-09
479	  5.4432	  0.468745	  7.34335e-07	  2.6769e-08	  23964	  1.51137e-09
480	  5.4432	  0.531226	  7.34335e-07	  2.62414e-08	  24060	  1.48125e-09
481	  5.4432	  0.593785	  7.34335e-07	  2.52205e-08	  24108	  1.42346e-09
482	  5.4432	  0.656281	  7.34335e-07	  2.38828e-08	  24228	  1.34758e-09
483	  5.4432	  0.718743	  7.34335e-07	  2.26058e-08	  24144	  1.27577e-09
484	  5.4432	  0.781255	  7.34335e-07	  2.06033e-08	  23940	  1.16333e-09
485	  5.4432	  0.843774	  7.34335e-07	  1.86292e-08	  24192	  1.05123e-09
486	  5.4432	  0.90628	  7.34335e-07	  1.71807e-08	  23988	  9.69965e-10
487	  5.4432	  0.968758	  7.34335e-07	  1.53231e-08	  24141	  8.64777e-10
488	  6.30378	  0.030936	  5.06487e-07	  2.23496e-08	  35082	  1.23681e-09
489	  6.30378	  0.0938307	  5.06487e-07	  2.14864e-08	  39108	  1.18297e-09
490	  6.30378	  0.156319	  5.06487e-07	  2.08799e-08	  36924	  1.15266e-09
491	  6.30378	  0.218712	  5.06487e-07	  2.01359e-08	  37692	  1.11051e-09
492	  6.30378	  0.281224	  5.06487e-07	  1.90202e-08	  37092	  1.04977e-09
493	  6.30378	  0.343807	  5.06487e-07	  1.85949e-08	  37536	  1.02572e-09
494	  6.30378	  0.406302	  5.06487e-07	  1.781e-08	  36984	  9.83111e-10
495	  6.30378	  0.468745	  5.06487e-07	  1.66209e-08	  37428	  9.16955e-10
496	  6.30378	  0.531226	  5.06487e-07	  1.56293e-08	  37392	  8.62289e-10
497	  6.30378	  0.593785	  5.06487e-07	  1.45773e-08	  37200	  8.04445e-10
498	  6.30378	  0.656281	  5.06487e-07	  1.33407e-08	  36924	  7.36464e-10
499	  6.30378	  0.718743	  5.06487e-07	  1.20976e-08	  37272	  6.67542e-10
500	  6.30378	  0.781255	  5.06487e-07	  1.0711e-08	  37284	  5.91019e-10
501	  6.30378	  0.843774	  5.06487e-07	  9.53293e-09	  37188	  5.2608e-10
502	  6.30378	  0.90628	  5.06487e-07	  8.34073e-09	  37320	  4.60212e-10
503	  6.30378	  0.968758	  5.06487e-07	  7.10208e-09	  37119	  3.91967e-10
504	  7.30029	  0.030936	  3.48469e-07	  1.53547e-08	  60258	  8.30284e-10
505	  7.30029	  0.0938307	  3.48469e-07	  1.47871e-08	  56916	  8.01335e-10
506	  7.30029	  0.156319	  3.48469e-07	  1.41269e-08	  56820	  7.65609e-10
507	  7.30029	  0.218712	  3.48469e-07	  1.33841e-08	  58716	  7.24438e-10
508	  7.30029	  0.281224	  3.48469e-07	  1.2585e-08	  57840	  6.81579e-10
509	  7.30029	  0.343807	  3.48469e-07	  1.15762e-08	  57612	  6.27038e-10
510	  7.30029	  0.406302	  3.48469e-07	  1.07682e-08	  58464	  5.82945e-10
511	  7.30029	  0.468745	  3.48469e-07	  9.85076e-09	  57948	  5.33459e-10
512	  7.30029	  0.531226	  3.48469e-07	  8.97129e-09	  57708	  4.8591e-10
513	  7.30029	  0.593785	  3.48469e-07	  7.84611e-09	  58236	  4.24819e-10
514	  7.30029	  0.656281	  3.48469e-07	  6.95547e-09	  58008	  3.76652e-10
515	  7.30029	  0.718743	  3.48469e-07	  6.03844e-09	  58200	  3.26952e-10
516	  7.30029	  0.781255	  3.48469e-07	  5.13563e-09	  58128	  2.78083e-10
517	  7.30029	  0.843774	  3.48469e-07	  4.37054e-09	  57972	  2.36679e-10
518	  7.30029	  0.90628	  3.48469e-07	  3.66433e-09	  57960	  1.98437e-10
519	  7.30029	  0.968758	  3.48469e-07	  3.04935e-09	  58122	  1.65116e-10
520	  8.455	  0.030936	  2.39328e-07	  1.0349e-08	  90198	  5.51908e-10
521	  8.455	  0.0938307	  2.39328e-07	  9.90677e-09	  89292	  5.28492e-10
522	  8.455	  0.156319	  2.39328e-07	  9.36632e-09	  90804	  4.99399e-10
523	  8.455	  0.218712	  2.39328e-07	  8.5372e-09	  89628	  4.55376e-10
524	  8.455	  0.281224	  2.39328e-07	  7.8331e-09	  89844	  4.17788e-10
525	  8.455	  0.343807	  2.39328e-07	  7.02305e-09	  90636	  3.7448e-10
526	  8.455	  0.406302	  2.39328e-07	  6.23072e-09	  89628	  3.32348e-10
527	  8.455	  0.468745	  2.39328e-07	  5.42487e-09	  89772	  2.89349e-10
528	  8.455	  0.531226	  2.39328e-07	  4.71707e-09	  90324	  2.51549e-10
529	  8.455	  0.593785	  2.39328e-07	  3.93122e-09	  89784	  2.09681e-10
530	  8.455	  0.656281	  2.39328e-07	  3.30351e-09	  90216	  1.76174e-10
531	  8.455	  0.718743	  2.39328e-07	  2.76239e-09	  89796	  1.47338e-10
532	  8.455	  0.781255	  2.39328e-07	  2.26664e-09	  90120	  1.20883e-10
533	  8.455	  0.843774	  2.39328e-07	  1.84939e-09	  90132	  9.86295e-11
534	  8.455	  0.90628	  2.39328e-07	  1.50382e-09	  89916	  8.0206e-11
535	  8.455	  0.968758	  2.39328e-07	  1.18949e-09	  89964	  6.34402e-11
536	  9.79129	  0.030936	  1.64041e-07	  6.79256e-09	  139068	  3.57843e-10
537	  9.79129	  0.0938307	  1.64041e-07	  6.4082e-09	  141180	  3.37465e-10
538	  9.79129	  0.156319	  1.64041e-07	  5.91326e-09	  139380	  3.11502e-10
539	  9.79129	  0.218712	  1.64041e-07	  5.28538e-09	  138804	  2.78455e-10
540	  9.79129	  0.281224	  1.64041e-07	  4.63965e-09	  140952	  2.4434e-10
541	  9.79129	  0.343807	  1.64041e-07	  3.94665e-09	  139668	  2.07893e-10
542	  9.79129	  0.406302	  1.64041e-07	  3.3325e-09	  139464	  1.75549e-10
543	  9.79129	  0.468745	  1.64041e-07	  2.7493e-09	  139812	  1.44818e-10
544	  9.79129	  0.531226	  1.64041e-07	  2.23117e-09	  139884	  1.17524e-10
545	  9.79129	  0.593785	  1.64041e-07	  1.81701e-09	  140184	  9.57037e-11
546	  9.79129	  0.656281	  1.64041e-07	  1.45621e-09	  139404	  7.67106e-11
547	  9.79129	  0.718743	  1.64041e-07	  1.16368e-09	  139932	  6.12949e-11
548	  9.79129	  0.781255	  1.64041e-07	  9.24828e-10	  139980	  4.87133e-11
549	  9.79129	  0.843774	  1.64041e-07	  7.20707e-10	  139632	  3.79641e-11
550	  9.79129	  0.90628	  1.64041e-07	  5.66719e-10	  140088	  2.98501e-11
551	  9.79129	  0.968758	  1.64041e-07	  4.2483e-10	  139623	  2.23784e-11
