#n	   k	      mu	    PL	    Pf	     w	     err  
0	  0.10472	  1	  0.00337336	  0.000424143	  3	  0.000266086
1	  0.20944	  1	  0.00118523	  0.000103329	  3	  6.48233e-05
2	  0.314159	  1	  0.000541544	  4.17553e-05	  3	  2.61952e-05
3	  0.418879	  1	  0.000303979	  1.82702e-05	  3	  1.14618e-05
4	  0.523599	  1	  0.000190456	  1.05667e-05	  3	  6.629e-06
5	  0.628319	  1	  0.000128324	  5.48336e-05	  3	  3.43999e-05
6	  0.733038	  1	  9.13892e-05	  1.1644e-05	  3	  7.30489e-06
7	  0.837758	  1	  6.77334e-05	  8.46954e-06	  3	  5.31337e-06
8	  0.942478	  1	  5.17837e-05	  2.1517e-06	  3	  1.34987e-06
9	  0.10472	  0	  0.00337336	  7.61306e-05	  6	  3.48867e-05
10	  0.148096	  0.707107	  0.00214369	  9.52978e-05	  12	  3.2275e-05
11	  0.23416	  0.894427	  0.000929148	  0.000165742	  12	  5.61325e-05
12	  0.331153	  0.948683	  0.000492723	  5.59024e-05	  12	  1.89327e-05
13	  0.431771	  0.970143	  0.000285165	  9.47407e-06	  12	  3.20863e-06
14	  0.533968	  0.980581	  0.000182562	  1.96702e-05	  12	  6.66182e-06
15	  0.636985	  0.986394	  0.0001246	  1.07521e-05	  12	  3.64147e-06
16	  0.74048	  0.989949	  8.93161e-05	  1.51684e-05	  12	  5.13716e-06
17	  0.844278	  0.992278	  6.65372e-05	  6.15259e-06	  12	  2.08373e-06
18	  0.948278	  0.993884	  5.10869e-05	  7.26705e-06	  12	  2.46117e-06
19	  0.148096	  0	  0.00214369	  4.60317e-05	  6	  2.1094e-05
20	  0.18138	  0.57735	  0.00147854	  5.21303e-05	  12	  1.76552e-05
21	  0.25651	  0.816497	  0.000808954	  6.71959e-05	  12	  2.27576e-05
22	  0.347316	  0.904534	  0.000445552	  3.86249e-05	  12	  1.30813e-05
23	  0.444288	  0.942809	  0.000268995	  2.43987e-05	  12	  8.26323e-06
24	  0.54414	  0.96225	  0.000175401	  1.29214e-05	  12	  4.37615e-06
25	  0.645536	  0.973329	  0.000121008	  1.52017e-05	  12	  5.14845e-06
26	  0.747849	  0.980196	  8.73604e-05	  6.66506e-06	  12	  2.25729e-06
27	  0.850747	  0.984732	  6.53547e-05	  7.94317e-06	  12	  2.69015e-06
28	  0.954042	  0.987878	  5.03943e-05	  5.62176e-06	  12	  1.90395e-06
29	  0.20944	  0	  0.00118523	  2.56435e-05	  6	  1.17511e-05
30	  0.23416	  0.447214	  0.000929148	  2.81238e-05	  12	  9.52485e-06
31	  0.296192	  0.707107	  0.000602839	  4.44601e-05	  12	  1.50575e-05
32	  0.377572	  0.83205	  0.000375464	  2.69987e-05	  12	  9.14379e-06
33	  0.468321	  0.894427	  0.000241325	  2.45015e-05	  12	  8.29804e-06
34	  0.563933	  0.928477	  0.000162345	  7.01442e-06	  12	  2.37561e-06
35	  0.662306	  0.948683	  0.000114406	  8.99676e-06	  12	  3.04698e-06
36	  0.762371	  0.961524	  8.37153e-05	  9.3933e-06	  12	  3.18128e-06
37	  0.863541	  0.970143	  6.32417e-05	  2.27905e-06	  12	  7.71857e-07
38	  0.965468	  0.976187	  4.90214e-05	  3.51845e-06	  12	  1.19161e-06
39	  0.23416	  0	  0.000929148	  2.60916e-05	  12	  8.83658e-06
40	  0.25651	  0.408248	  0.000808954	  2.28171e-05	  24	  5.79837e-06
41	  0.314159	  0.666667	  0.000541544	  3.3681e-05	  24	  8.55916e-06
42	  0.391825	  0.801784	  0.000349651	  2.81221e-05	  24	  7.1465e-06
43	  0.479886	  0.872872	  0.000229069	  2.3401e-05	  24	  5.94676e-06
44	  0.573574	  0.912871	  0.000156465	  9.33365e-06	  24	  2.37191e-06
45	  0.670534	  0.937043	  0.000111285	  9.57369e-06	  24	  2.43291e-06
46	  0.76953	  0.952579	  8.19185e-05	  8.93855e-06	  24	  2.2715e-06
47	  0.869868	  0.963087	  6.21968e-05	  7.80083e-06	  24	  1.98238e-06
48	  0.971131	  0.970495	  4.83411e-05	  5.33124e-06	  24	  1.3548e-06
49	  0.296192	  0	  0.000602839	  1.2474e-05	  6	  5.7162e-06
50	  0.314159	  0.333333	  0.000541544	  1.81773e-05	  12	  6.15618e-06
51	  0.36276	  0.57735	  0.000406132	  1.74134e-05	  12	  5.89747e-06
52	  0.431771	  0.727607	  0.000285165	  1.86609e-05	  12	  6.31999e-06
53	  0.51302	  0.816497	  0.000198765	  1.30262e-05	  12	  4.41164e-06
54	  0.601569	  0.870388	  0.00014121	  1.36244e-05	  12	  4.61424e-06
55	  0.694632	  0.904534	  0.000102908	  9.83718e-06	  12	  3.33161e-06
56	  0.790617	  0.927173	  7.7144e-05	  7.02748e-06	  12	  2.38003e-06
57	  0.888577	  0.942809	  5.92597e-05	  4.17124e-06	  12	  1.4127e-06
58	  0.987924	  0.953998	  4.65162e-05	  2.212e-06	  12	  7.49149e-07
59	  0.314159	  0	  0.000541544	  2.43391e-05	  6	  1.11533e-05
60	  0.331153	  0.316228	  0.000492723	  1.48365e-05	  12	  5.02476e-06
61	  0.377572	  0.5547	  0.000375464	  2.16153e-05	  12	  7.32057e-06
62	  0.444288	  0.707107	  0.000268995	  9.81064e-06	  12	  3.32262e-06
63	  0.523599	  0.8	  0.000190456	  1.81347e-05	  12	  6.14177e-06
64	  0.610616	  0.857493	  0.000136604	  5.61626e-06	  12	  1.90209e-06
65	  0.702481	  0.894427	  0.000100427	  8.49782e-06	  12	  2.878e-06
66	  0.797522	  0.919145	  7.56233e-05	  8.01614e-06	  12	  2.71487e-06
67	  0.894726	  0.936329	  5.83458e-05	  2.71719e-06	  12	  9.20245e-07
68	  0.993459	  0.948683	  4.59175e-05	  3.86101e-06	  12	  1.30763e-06
69	  0.331153	  0	  0.000492723	  8.72511e-06	  12	  2.95498e-06
70	  0.347316	  0.301511	  0.000445552	  1.07935e-05	  24	  2.7429e-06
71	  0.391825	  0.534522	  0.000349651	  9.53309e-06	  24	  2.42259e-06
72	  0.456463	  0.688247	  0.0002546	  2.33358e-05	  24	  5.93018e-06
73	  0.533968	  0.784465	  0.000182562	  1.19607e-05	  24	  3.03949e-06
74	  0.61953	  0.845154	  0.000132434	  6.92782e-06	  24	  1.76053e-06
75	  0.710244	  0.884652	  9.80305e-05	  1.42611e-05	  24	  3.62408e-06
76	  0.804368	  0.911322	  7.42288e-05	  5.4394e-06	  24	  1.38228e-06
77	  0.900833	  0.929981	  5.74381e-05	  6.01684e-06	  24	  1.52902e-06
78	  0.998963	  0.943456	  4.53221e-05	  3.73202e-06	  24	  9.48396e-07
79	  0.377572	  0	  0.000375464	  9.58612e-06	  12	  3.24658e-06
80	  0.391825	  0.267261	  0.000349651	  7.2397e-06	  24	  1.83978e-06
81	  0.431771	  0.485071	  0.000285165	  1.25313e-05	  24	  3.1845e-06
82	  0.491179	  0.639602	  0.000218013	  8.41509e-06	  24	  2.13848e-06
83	  0.563933	  0.742781	  0.000162345	  1.39775e-05	  24	  3.55203e-06
84	  0.645536	  0.811107	  0.000121008	  7.02292e-06	  24	  1.78469e-06
85	  0.733038	  0.857143	  9.13892e-05	  8.23011e-06	  24	  2.09147e-06
86	  0.824564	  0.889001	  7.01542e-05	  3.7078e-06	  24	  9.42242e-07
87	  0.918912	  0.911685	  5.48981e-05	  4.9599e-06	  24	  1.26043e-06
88	  0.418879	  0	  0.000303979	  2.16442e-06	  6	  9.91841e-07
89	  0.431771	  0.242536	  0.000285165	  4.49332e-06	  12	  1.52178e-06
90	  0.468321	  0.447214	  0.000241325	  9.37084e-06	  12	  3.17367e-06
91	  0.523599	  0.6	  0.000190456	  9.88775e-06	  12	  3.34874e-06
92	  0.592384	  0.707107	  0.000145945	  4.69671e-06	  12	  1.59066e-06
93	  0.670534	  0.780869	  0.000111285	  9.66469e-06	  12	  3.27319e-06
94	  0.755145	  0.83205	  8.55291e-05	  4.85997e-06	  12	  1.64595e-06
95	  0.844278	  0.868243	  6.65372e-05	  6.40174e-06	  12	  2.16811e-06
96	  0.936642	  0.894427	  5.25294e-05	  3.11578e-06	  12	  1.05524e-06
97	  0.431771	  0	  0.000285165	  7.45967e-06	  12	  2.52641e-06
98	  0.444288	  0.235702	  0.000268995	  3.5913e-06	  24	  9.12636e-07
99	  0.479886	  0.436436	  0.000229069	  1.2801e-05	  24	  3.25304e-06
100	  0.533968	  0.588348	  0.000182562	  5.00933e-06	  24	  1.27299e-06
101	  0.601569	  0.696311	  0.00014121	  5.49647e-06	  24	  1.39679e-06
102	  0.678662	  0.771517	  0.000108388	  5.93173e-06	  24	  1.5074e-06
103	  0.762371	  0.824163	  8.37153e-05	  8.66822e-06	  24	  2.2028e-06
104	  0.850747	  0.86164	  6.53547e-05	  5.66764e-06	  24	  1.44028e-06
105	  0.942478	  0.888889	  5.17837e-05	  5.97578e-06	  24	  1.51859e-06
106	  0.444288	  0	  0.000268995	  5.1037e-06	  6	  2.33876e-06
107	  0.456463	  0.229416	  0.0002546	  6.67199e-06	  12	  2.25964e-06
108	  0.491179	  0.426401	  0.000218013	  6.68273e-06	  12	  2.26327e-06
109	  0.54414	  0.57735	  0.000175401	  3.44047e-06	  12	  1.1652e-06
110	  0.610616	  0.685994	  0.000136604	  7.97673e-06	  12	  2.70152e-06
111	  0.686693	  0.762493	  0.000105632	  6.53348e-06	  12	  2.21273e-06
112	  0.76953	  0.816497	  8.19185e-05	  6.44855e-06	  12	  2.18396e-06
113	  0.857168	  0.855186	  6.42942e-05	  2.31761e-06	  12	  7.84917e-07
114	  0.948278	  0.883452	  5.10869e-05	  2.85444e-06	  12	  9.66727e-07
115	  0.468321	  0	  0.000241325	  5.38937e-06	  12	  1.82524e-06
116	  0.479886	  0.218218	  0.000229069	  7.62084e-06	  24	  1.93664e-06
117	  0.51302	  0.408248	  0.000198765	  9.04544e-06	  24	  2.29866e-06
118	  0.563933	  0.557086	  0.000162345	  8.63553e-06	  24	  2.1945e-06
119	  0.628319	  0.666667	  0.000128324	  6.61865e-06	  24	  1.68196e-06
120	  0.702481	  0.745356	  0.000100427	  3.90382e-06	  24	  9.92056e-07
121	  0.783651	  0.801784	  7.87209e-05	  5.13603e-06	  24	  1.30519e-06
122	  0.869868	  0.842701	  6.21968e-05	  3.29694e-06	  24	  8.37832e-07
123	  0.959772	  0.872872	  4.97058e-05	  4.99052e-06	  24	  1.26821e-06
124	  0.523599	  0	  0.000190456	  3.94616e-06	  18	  1.12743e-06
125	  0.533968	  0.196116	  0.000182562	  4.22391e-06	  36	  9.1518e-07
126	  0.563933	  0.371391	  0.000162345	  2.74694e-06	  36	  5.95171e-07
127	  0.610616	  0.514496	  0.000136604	  3.89265e-06	  36	  8.43407e-07
128	  0.670534	  0.624695	  0.000111285	  5.43628e-06	  36	  1.17786e-06
129	  0.74048	  0.707107	  8.93161e-05	  5.8759e-06	  36	  1.27311e-06
130	  0.817887	  0.768221	  7.14749e-05	  3.67495e-06	  36	  7.9624e-07
131	  0.900833	  0.813733	  5.74381e-05	  3.21778e-06	  36	  6.97186e-07
132	  0.987924	  0.847998	  4.65162e-05	  3.16526e-06	  36	  6.85807e-07
133	  0.533968	  0	  0.000182562	  3.92617e-06	  12	  1.32969e-06
134	  0.54414	  0.19245	  0.000175401	  5.95392e-06	  24	  1.51304e-06
135	  0.573574	  0.365148	  0.000156465	  5.06834e-06	  24	  1.28799e-06
136	  0.61953	  0.507093	  0.000132434	  4.4595e-06	  24	  1.13327e-06
137	  0.678662	  0.617213	  0.000108388	  4.47901e-06	  24	  1.13823e-06
138	  0.747849	  0.70014	  8.73604e-05	  4.89301e-06	  24	  1.24343e-06
139	  0.824564	  0.762001	  7.01542e-05	  1.77484e-06	  24	  4.51029e-07
140	  0.9069	  0.80829	  5.65364e-05	  4.54269e-06	  24	  1.15441e-06
141	  0.993459	  0.843274	  4.59175e-05	  3.91476e-06	  24	  9.94834e-07
142	  0.563933	  0	  0.000162345	  1.84634e-06	  12	  6.25309e-07
143	  0.573574	  0.182574	  0.000156465	  2.97275e-06	  24	  7.55447e-07
144	  0.601569	  0.348155	  0.00014121	  4.50646e-06	  24	  1.1452e-06
145	  0.645536	  0.486664	  0.000121008	  5.35474e-06	  24	  1.36077e-06
146	  0.702481	  0.596285	  0.000100427	  4.82663e-06	  24	  1.22656e-06
147	  0.76953	  0.680414	  8.19185e-05	  3.44744e-06	  24	  8.76077e-07
148	  0.844278	  0.744208	  6.65372e-05	  4.53895e-06	  24	  1.15346e-06
149	  0.92486	  0.792594	  5.41035e-05	  3.66879e-06	  24	  9.32328e-07
150	  0.592384	  0	  0.000145945	  6.73115e-07	  6	  3.08454e-07
151	  0.601569	  0.174078	  0.00014121	  2.38621e-06	  12	  8.08149e-07
152	  0.628319	  0.333333	  0.000128324	  3.44967e-06	  12	  1.16832e-06
153	  0.670534	  0.468521	  0.000111285	  2.43447e-06	  12	  8.24493e-07
154	  0.72552	  0.57735	  9.34835e-05	  4.95406e-06	  12	  1.67782e-06
155	  0.790617	  0.662266	  7.7144e-05	  5.72718e-06	  12	  1.93965e-06
156	  0.863541	  0.727607	  6.32417e-05	  3.23883e-06	  12	  1.09691e-06
157	  0.942478	  0.777778	  5.17837e-05	  2.90997e-06	  12	  9.85534e-07
158	  0.610616	  0	  0.000136604	  2.74751e-06	  12	  9.30513e-07
159	  0.61953	  0.169031	  0.000132434	  3.55577e-06	  24	  9.03607e-07
160	  0.645536	  0.324443	  0.000121008	  2.98139e-06	  24	  7.57643e-07
161	  0.686693	  0.457496	  0.000105632	  3.3224e-06	  24	  8.44302e-07
162	  0.74048	  0.565685	  8.93161e-05	  2.78243e-06	  24	  7.07082e-07
163	  0.804368	  0.650945	  7.42288e-05	  5.07776e-06	  24	  1.29038e-06
164	  0.876148	  0.717137	  6.11595e-05	  3.3699e-06	  24	  8.56374e-07
165	  0.954042	  0.76835	  5.03943e-05	  3.64435e-06	  24	  9.26117e-07
166	  0.628319	  0	  0.000128324	  6.54176e-06	  6	  2.99775e-06
167	  0.636985	  0.164399	  0.0001246	  4.00513e-06	  12	  1.35644e-06
168	  0.662306	  0.316228	  0.000114406	  2.33386e-06	  12	  7.9042e-07
169	  0.702481	  0.447214	  0.000100427	  1.91329e-06	  12	  6.47983e-07
170	  0.755145	  0.5547	  8.55291e-05	  2.0455e-06	  12	  6.92762e-07
171	  0.817887	  0.640184	  7.14749e-05	  2.19968e-06	  12	  7.44978e-07
172	  0.888577	  0.707107	  5.92597e-05	  2.11967e-06	  12	  7.17878e-07
173	  0.965468	  0.759257	  4.90214e-05	  2.41075e-06	  12	  8.1646e-07
174	  0.636985	  0	  0.0001246	  4.40298e-06	  12	  1.49118e-06
175	  0.645536	  0.162221	  0.000121008	  2.08892e-06	  24	  5.30846e-07
176	  0.670534	  0.312348	  0.000111285	  2.57138e-06	  24	  6.53449e-07
177	  0.710244	  0.442326	  9.80305e-05	  3.20201e-06	  24	  8.13707e-07
178	  0.762371	  0.549442	  8.37153e-05	  4.92511e-06	  24	  1.25159e-06
179	  0.824564	  0.635001	  7.01542e-05	  2.00144e-06	  24	  5.08615e-07
180	  0.894726	  0.702247	  5.83458e-05	  1.94061e-06	  24	  4.93155e-07
181	  0.971131	  0.754829	  4.83411e-05	  3.10197e-06	  24	  7.88284e-07
182	  0.662306	  0	  0.000114406	  3.10161e-06	  12	  1.05044e-06
183	  0.670534	  0.156174	  0.000111285	  2.32464e-06	  24	  5.90746e-07
184	  0.694632	  0.301511	  0.000102908	  2.74474e-06	  24	  6.97505e-07
185	  0.733038	  0.428571	  9.13892e-05	  3.01829e-06	  24	  7.6702e-07
186	  0.783651	  0.534522	  7.87209e-05	  3.33822e-06	  24	  8.48322e-07
187	  0.844278	  0.620174	  6.65372e-05	  2.12919e-06	  24	  5.41077e-07
188	  0.912926	  0.688247	  5.56979e-05	  2.14617e-06	  24	  5.45394e-07
189	  0.987924	  0.741999	  4.65162e-05	  2.76506e-06	  24	  7.02668e-07
190	  0.670534	  0	  0.000111285	  2.58636e-06	  12	  8.75935e-07
191	  0.678662	  0.154303	  0.000108388	  2.09317e-06	  24	  5.31924e-07
192	  0.702481	  0.298142	  0.000100427	  4.64135e-06	  24	  1.17948e-06
193	  0.74048	  0.424264	  8.93161e-05	  2.72703e-06	  24	  6.93003e-07
194	  0.790617	  0.529813	  7.7144e-05	  2.2915e-06	  24	  5.82326e-07
195	  0.850747	  0.615457	  6.53547e-05	  1.62934e-06	  24	  4.14056e-07
196	  0.918912	  0.683763	  5.48981e-05	  2.70341e-06	  24	  6.87001e-07
197	  0.993459	  0.737865	  4.59175e-05	  2.65258e-06	  24	  6.74086e-07
198	  0.702481	  0	  0.000100427	  8.09391e-07	  12	  2.74121e-07
199	  0.710244	  0.147442	  9.80305e-05	  2.59116e-06	  24	  6.58476e-07
200	  0.733038	  0.285714	  9.13892e-05	  3.32315e-06	  24	  8.44493e-07
201	  0.76953	  0.408248	  8.19185e-05	  2.51235e-06	  24	  6.38449e-07
202	  0.817887	  0.512148	  7.14749e-05	  4.10865e-06	  24	  1.04411e-06
203	  0.876148	  0.597614	  6.11595e-05	  3.94269e-06	  24	  1.00193e-06
204	  0.942478	  0.666667	  5.17837e-05	  1.87628e-06	  24	  4.76809e-07
205	  0.733038	  0	  9.13892e-05	  2.35871e-06	  6	  1.08087e-06
206	  0.74048	  0.141421	  8.93161e-05	  1.08934e-06	  12	  3.68933e-07
207	  0.762371	  0.274721	  8.37153e-05	  1.17482e-06	  12	  3.97882e-07
208	  0.797522	  0.393919	  7.56233e-05	  1.89399e-06	  12	  6.41449e-07
209	  0.844278	  0.496139	  6.65372e-05	  3.18619e-06	  12	  1.07908e-06
210	  0.900833	  0.581238	  5.74381e-05	  3.09579e-06	  12	  1.04847e-06
211	  0.965468	  0.650791	  4.90214e-05	  1.99723e-06	  12	  6.76412e-07
212	  0.74048	  0	  8.93161e-05	  1.95961e-06	  18	  5.59866e-07
213	  0.747849	  0.140028	  8.73604e-05	  3.07426e-06	  36	  6.66089e-07
214	  0.76953	  0.272166	  8.19185e-05	  1.69188e-06	  36	  3.66574e-07
215	  0.804368	  0.390567	  7.42288e-05	  2.91362e-06	  36	  6.31284e-07
216	  0.850747	  0.492366	  6.53547e-05	  1.76359e-06	  36	  3.82112e-07
217	  0.9069	  0.57735	  5.65364e-05	  2.37329e-06	  36	  5.14212e-07
218	  0.971131	  0.646997	  4.83411e-05	  2.70098e-06	  36	  5.85212e-07
219	  0.755145	  0	  8.55291e-05	  1.38028e-06	  12	  4.67466e-07
220	  0.762371	  0.137361	  8.37153e-05	  2.07999e-06	  24	  5.28576e-07
221	  0.783651	  0.267261	  7.87209e-05	  2.49723e-06	  24	  6.34608e-07
222	  0.817887	  0.384111	  7.14749e-05	  2.71109e-06	  24	  6.88953e-07
223	  0.863541	  0.485071	  6.32417e-05	  1.13593e-06	  24	  2.88667e-07
224	  0.918912	  0.569803	  5.48981e-05	  2.49606e-06	  24	  6.3431e-07
225	  0.982358	  0.639602	  4.71184e-05	  1.94547e-06	  24	  4.9439e-07
226	  0.762371	  0	  8.37153e-05	  1.11354e-06	  12	  3.77129e-07
227	  0.76953	  0.136083	  8.19185e-05	  2.46868e-06	  24	  6.27352e-07
228	  0.790617	  0.264906	  7.7144e-05	  1.52653e-06	  24	  3.87927e-07
229	  0.824564	  0.381	  7.01542e-05	  2.13328e-06	  24	  5.42118e-07
230	  0.869868	  0.481543	  6.21968e-05	  1.46556e-06	  24	  3.72435e-07
231	  0.92486	  0.566139	  5.41035e-05	  2.84332e-06	  24	  7.22557e-07
232	  0.987924	  0.635999	  4.65162e-05	  1.15232e-06	  24	  2.92834e-07
233	  0.797522	  0	  7.56233e-05	  1.73296e-06	  12	  5.8691e-07
234	  0.804368	  0.130189	  7.42288e-05	  2.06712e-06	  24	  5.25306e-07
235	  0.824564	  0.254	  7.01542e-05	  1.71187e-06	  24	  4.35029e-07
236	  0.857168	  0.366508	  6.42942e-05	  1.78907e-06	  24	  4.54645e-07
237	  0.900833	  0.464991	  5.74381e-05	  1.62865e-06	  24	  4.1388e-07
238	  0.954042	  0.548821	  5.03943e-05	  1.89999e-06	  24	  4.82834e-07
239	  0.817887	  0	  7.14749e-05	  1.75309e-06	  12	  5.93726e-07
240	  0.824564	  0.127	  7.01542e-05	  1.68396e-06	  24	  4.27935e-07
241	  0.844278	  0.248069	  6.65372e-05	  1.5709e-06	  24	  3.99203e-07
242	  0.876148	  0.358569	  6.11595e-05	  2.23657e-06	  24	  5.68368e-07
243	  0.918912	  0.455842	  5.48981e-05	  2.08573e-06	  24	  5.30033e-07
244	  0.971131	  0.539164	  4.83411e-05	  1.88253e-06	  24	  4.78397e-07
245	  0.837758	  0	  6.77334e-05	  2.46722e-06	  6	  1.1306e-06
246	  0.844278	  0.124035	  6.65372e-05	  1.44018e-06	  12	  4.87755e-07
247	  0.863541	  0.242536	  6.32417e-05	  9.36221e-07	  12	  3.17075e-07
248	  0.894726	  0.351123	  5.83458e-05	  1.63593e-06	  12	  5.54048e-07
249	  0.936642	  0.447214	  5.25294e-05	  1.65933e-06	  12	  5.61975e-07
250	  0.987924	  0.529999	  4.65162e-05	  3.31254e-06	  12	  1.12188e-06
251	  0.844278	  0	  6.65372e-05	  2.44073e-06	  24	  6.20249e-07
252	  0.850747	  0.123091	  6.53547e-05	  1.98482e-06	  48	  3.85726e-07
253	  0.869868	  0.240772	  6.21968e-05	  1.63583e-06	  48	  3.17903e-07
254	  0.900833	  0.348743	  5.74381e-05	  1.5397e-06	  48	  2.99222e-07
255	  0.942478	  0.444444	  5.17837e-05	  1.60502e-06	  48	  3.11915e-07
256	  0.993459	  0.527046	  4.59175e-05	  1.6259e-06	  48	  3.15974e-07
257	  0.863541	  0	  6.32417e-05	  1.19557e-06	  12	  4.04911e-07
258	  0.869868	  0.120386	  6.21968e-05	  1.5785e-06	  24	  4.01135e-07
259	  0.888577	  0.235702	  5.92597e-05	  1.64255e-06	  24	  4.17412e-07
260	  0.918912	  0.341882	  5.48981e-05	  1.28118e-06	  24	  3.25579e-07
261	  0.959772	  0.436436	  4.97058e-05	  1.6872e-06	  24	  4.28759e-07
262	  0.888577	  0	  5.92597e-05	  2.41044e-06	  6	  1.10458e-06
263	  0.894726	  0.117041	  5.83458e-05	  1.21307e-06	  12	  4.10836e-07
264	  0.912926	  0.229416	  5.56979e-05	  1.58368e-06	  12	  5.36354e-07
265	  0.942478	  0.333333	  5.17837e-05	  2.02325e-06	  12	  6.85226e-07
266	  0.982358	  0.426401	  4.71184e-05	  2.06873e-06	  12	  7.00627e-07
267	  0.894726	  0	  5.83458e-05	  9.31025e-07	  12	  3.15315e-07
268	  0.900833	  0.116248	  5.74381e-05	  1.25827e-06	  24	  3.19757e-07
269	  0.918912	  0.227921	  5.48981e-05	  2.0559e-06	  24	  5.22455e-07
270	  0.948278	  0.331295	  5.10869e-05	  1.61561e-06	  24	  4.10564e-07
271	  0.987924	  0.423999	  4.65162e-05	  1.30295e-06	  24	  3.3111e-07
272	  0.900833	  0	  5.74381e-05	  1.71962e-06	  12	  5.82391e-07
273	  0.9069	  0.11547	  5.65364e-05	  1.39371e-06	  24	  3.54176e-07
274	  0.92486	  0.226455	  5.41035e-05	  1.17383e-06	  24	  2.98299e-07
275	  0.954042	  0.329293	  5.03943e-05	  1.68514e-06	  24	  4.28236e-07
276	  0.993459	  0.421637	  4.59175e-05	  1.46704e-06	  24	  3.72811e-07
277	  0.936642	  0	  5.25294e-05	  1.10942e-06	  12	  3.75732e-07
278	  0.942478	  0.111111	  5.17837e-05	  1.34254e-06	  24	  3.41171e-07
279	  0.959772	  0.218218	  4.97058e-05	  9.90641e-07	  24	  2.51746e-07
280	  0.987924	  0.317999	  4.65162e-05	  1.49739e-06	  24	  3.80522e-07
281	  0.942478	  0	  5.17837e-05	  1.83476e-06	  6	  8.40777e-07
282	  0.948278	  0.110432	  5.10869e-05	  1.62984e-06	  12	  5.51988e-07
283	  0.965468	  0.21693	  4.90214e-05	  1.39485e-06	  12	  4.72401e-07
284	  0.993459	  0.316228	  4.59175e-05	  1.67583e-06	  12	  5.67561e-07
285	  0.948278	  0	  5.10869e-05	  1.16033e-06	  12	  3.92975e-07
286	  0.954042	  0.109764	  5.03943e-05	  1.31375e-06	  24	  3.33855e-07
287	  0.971131	  0.215666	  4.83411e-05	  1.04423e-06	  24	  2.65364e-07
288	  0.998963	  0.314485	  4.53221e-05	  9.36531e-07	  24	  2.37995e-07
289	  0.965468	  0	  4.90214e-05	  1.09451e-06	  24	  2.78141e-07
290	  0.971131	  0.107833	  4.83411e-05	  1.55429e-06	  48	  3.02057e-07
291	  0.987924	  0.212	  4.65162e-05	  1.3457e-06	  48	  2.6152e-07
292	  0.987924	  0	  4.65162e-05	  5.79751e-07	  12	  1.96347e-07
293	  0.993459	  0.105409	  4.59175e-05	  1.07551e-06	  24	  2.73314e-07
294	  0.993459	  0	  4.59175e-05	  1.19406e-06	  12	  4.044e-07
295	  0.998963	  0.104828	  4.53221e-05	  1.00022e-06	  24	  2.5418e-07
296	  1.08818	  0.030936	  3.72146e-05	  1.16642e-06	  138	  1.57614e-07
297	  1.08818	  0.0938307	  3.72146e-05	  8.1858e-07	  252	  9.24947e-08
298	  1.08818	  0.156319	  3.72146e-05	  8.93498e-07	  72	  1.49975e-07
299	  1.08818	  0.218712	  3.72146e-05	  9.25517e-07	  216	  1.09249e-07
300	  1.08818	  0.281224	  3.72146e-05	  1.1707e-06	  288	  1.27519e-07
301	  1.08818	  0.343807	  3.72146e-05	  8.80193e-07	  120	  1.2436e-07
302	  1.08818	  0.406302	  3.72146e-05	  1.3766e-06	  180	  1.71436e-07
303	  1.08818	  0.468745	  3.72146e-05	  1.46566e-06	  180	  1.82527e-07
304	  1.08818	  0.531226	  3.72146e-05	  1.59929e-06	  192	  1.95383e-07
305	  1.08818	  0.593785	  3.72146e-05	  1.76441e-06	  192	  2.15556e-07
306	  1.08818	  0.656281	  3.72146e-05	  1.54475e-06	  168	  1.96418e-07
307	  1.08818	  0.718743	  3.72146e-05	  2.20866e-06	  228	  2.56706e-07
308	  1.08818	  0.781255	  3.72146e-05	  2.87957e-06	  144	  3.83943e-07
309	  1.08818	  0.843774	  3.72146e-05	  2.64341e-06	  240	  3.02802e-07
310	  1.08818	  0.90628	  3.72146e-05	  3.10142e-06	  168	  3.9435e-07
311	  1.08818	  0.968758	  3.72146e-05	  3.14069e-06	  150	  4.13471e-07
312	  1.25577	  0.030936	  2.66409e-05	  7.49083e-07	  198	  9.06891e-08
313	  1.25577	  0.0938307	  2.66409e-05	  8.49814e-07	  396	  8.51955e-08
314	  1.25577	  0.156319	  2.66409e-05	  7.39996e-07	  396	  7.4186e-08
315	  1.25577	  0.218712	  2.66409e-05	  7.01139e-07	  204	  8.41465e-08
316	  1.25577	  0.281224	  2.66409e-05	  9.16512e-07	  216	  1.08186e-07
317	  1.25577	  0.343807	  2.66409e-05	  9.00129e-07	  372	  9.1676e-08
318	  1.25577	  0.406302	  2.66409e-05	  9.70785e-07	  312	  1.03499e-07
319	  1.25577	  0.468745	  2.66409e-05	  9.0523e-07	  288	  9.86027e-08
320	  1.25577	  0.531226	  2.66409e-05	  1.298e-06	  264	  1.44786e-07
321	  1.25577	  0.593785	  2.66409e-05	  1.19163e-06	  312	  1.27044e-07
322	  1.25577	  0.656281	  2.66409e-05	  1.24504e-06	  276	  1.37194e-07
323	  1.25577	  0.718743	  2.66409e-05	  1.35341e-06	  312	  1.44292e-07
324	  1.25577	  0.781255	  2.66409e-05	  1.84952e-06	  276	  2.03804e-07
325	  1.25577	  0.843774	  2.66409e-05	  1.84106e-06	  240	  2.10893e-07
326	  1.25577	  0.90628	  2.66409e-05	  1.99116e-06	  324	  2.10178e-07
327	  1.25577	  0.968758	  2.66409e-05	  2.27732e-06	  315	  2.42179e-07
328	  1.45182	  0.030936	  1.89001e-05	  5.25835e-07	  246	  5.98177e-08
329	  1.45182	  0.0938307	  1.89001e-05	  4.98803e-07	  516	  4.68987e-08
330	  1.45182	  0.156319	  1.89001e-05	  5.16793e-07	  504	  4.88594e-08
331	  1.45182	  0.218712	  1.89001e-05	  5.12526e-07	  528	  4.79311e-08
332	  1.45182	  0.281224	  1.89001e-05	  5.65727e-07	  504	  5.34858e-08
333	  1.45182	  0.343807	  1.89001e-05	  6.28463e-07	  384	  6.34943e-08
334	  1.45182	  0.406302	  1.89001e-05	  7.80681e-07	  420	  7.71274e-08
335	  1.45182	  0.468745	  1.89001e-05	  6.57068e-07	  468	  6.32264e-08
336	  1.45182	  0.531226	  1.89001e-05	  7.78668e-07	  480	  7.44745e-08
337	  1.45182	  0.593785	  1.89001e-05	  7.51178e-07	  468	  7.22821e-08
338	  1.45182	  0.656281	  1.89001e-05	  8.5107e-07	  396	  8.53214e-08
339	  1.45182	  0.718743	  1.89001e-05	  9.55013e-07	  456	  9.24733e-08
340	  1.45182	  0.781255	  1.89001e-05	  1.17043e-06	  432	  1.14834e-07
341	  1.45182	  0.843774	  1.89001e-05	  1.23645e-06	  480	  1.18258e-07
342	  1.45182	  0.90628	  1.89001e-05	  1.39269e-06	  480	  1.33201e-07
343	  1.45182	  0.968758	  1.89001e-05	  1.58003e-06	  414	  1.56656e-07
344	  1.68148	  0.030936	  1.33206e-05	  3.59658e-07	  798	  3.07147e-08
345	  1.68148	  0.0938307	  1.33206e-05	  4.10037e-07	  708	  3.5912e-08
346	  1.68148	  0.156319	  1.33206e-05	  3.76088e-07	  684	  3.31845e-08
347	  1.68148	  0.218712	  1.33206e-05	  4.33311e-07	  720	  3.78141e-08
348	  1.68148	  0.281224	  1.33206e-05	  4.36816e-07	  708	  3.82573e-08
349	  1.68148	  0.343807	  1.33206e-05	  4.64487e-07	  720	  4.05347e-08
350	  1.68148	  0.406302	  1.33206e-05	  4.72726e-07	  672	  4.18721e-08
351	  1.68148	  0.468745	  1.33206e-05	  5.40428e-07	  732	  4.69962e-08
352	  1.68148	  0.531226	  1.33206e-05	  5.40143e-07	  672	  4.78436e-08
353	  1.68148	  0.593785	  1.33206e-05	  6.02043e-07	  708	  5.27283e-08
354	  1.68148	  0.656281	  1.33206e-05	  5.65625e-07	  744	  4.9018e-08
355	  1.68148	  0.718743	  1.33206e-05	  7.55323e-07	  744	  6.54576e-08
356	  1.68148	  0.781255	  1.33206e-05	  8.40337e-07	  696	  7.38697e-08
357	  1.68148	  0.843774	  1.33206e-05	  9.12612e-07	  708	  7.99286e-08
358	  1.68148	  0.90628	  1.33206e-05	  9.84655e-07	  696	  8.6556e-08
359	  1.68148	  0.968758	  1.33206e-05	  9.94769e-07	  741	  8.62822e-08
360	  1.94819	  0.030936	  9.33117e-06	  2.68185e-07	  1368	  2.06601e-08
361	  1.94819	  0.0938307	  9.33117e-06	  2.64321e-07	  924	  2.19116e-08
362	  1.94819	  0.156319	  9.33117e-06	  2.89735e-07	  972	  2.378e-08
363	  1.94819	  0.218712	  9.33117e-06	  3.15898e-07	  972	  2.59273e-08
364	  1.94819	  0.281224	  9.33117e-06	  2.68758e-07	  1200	  2.11963e-08
365	  1.94819	  0.343807	  9.33117e-06	  3.12538e-07	  1140	  2.48834e-08
366	  1.94819	  0.406302	  9.33117e-06	  3.25643e-07	  1080	  2.61912e-08
367	  1.94819	  0.468745	  9.33117e-06	  3.64328e-07	  1068	  2.93647e-08
368	  1.94819	  0.531226	  9.33117e-06	  3.43647e-07	  1164	  2.72548e-08
369	  1.94819	  0.593785	  9.33117e-06	  4.29372e-07	  1188	  3.3926e-08
370	  1.94819	  0.656281	  9.33117e-06	  4.38709e-07	  1068	  3.53597e-08
371	  1.94819	  0.718743	  9.33117e-06	  4.85319e-07	  1008	  3.9552e-08
372	  1.94819	  0.781255	  9.33117e-06	  5.27058e-07	  1164	  4.18012e-08
373	  1.94819	  0.843774	  9.33117e-06	  5.81827e-07	  1176	  4.60577e-08
374	  1.94819	  0.90628	  9.33117e-06	  5.92701e-07	  1080	  4.76704e-08
375	  1.94819	  0.968758	  9.33117e-06	  6.67699e-07	  1038	  5.41093e-08
376	  2.25604	  0.030936	  6.52811e-06	  2.05993e-07	  1896	  1.50304e-08
377	  2.25604	  0.0938307	  6.52811e-06	  2.14116e-07	  1272	  1.67093e-08
378	  2.25604	  0.156319	  6.52811e-06	  1.99054e-07	  2040	  1.43598e-08
379	  2.25604	  0.218712	  6.52811e-06	  2.18268e-07	  1740	  1.61459e-08
380	  2.25604	  0.281224	  6.52811e-06	  2.16732e-07	  1584	  1.62822e-08
381	  2.25604	  0.343807	  6.52811e-06	  2.30767e-07	  1764	  1.70328e-08
382	  2.25604	  0.406302	  6.52811e-06	  2.36429e-07	  1632	  1.7674e-08
383	  2.25604	  0.468745	  6.52811e-06	  2.4046e-07	  1860	  1.75986e-08
384	  2.25604	  0.531226	  6.52811e-06	  2.73121e-07	  1560	  2.05711e-08
385	  2.25604	  0.593785	  6.52811e-06	  2.79093e-07	  1692	  2.07397e-08
386	  2.25604	  0.656281	  6.52811e-06	  2.92561e-07	  1704	  2.17154e-08
387	  2.25604	  0.718743	  6.52811e-06	  3.18703e-07	  1824	  2.33975e-08
388	  2.25604	  0.781255	  6.52811e-06	  3.32393e-07	  1668	  2.47583e-08
389	  2.25604	  0.843774	  6.52811e-06	  3.65563e-07	  1680	  2.7197e-08
390	  2.25604	  0.90628	  6.52811e-06	  3.93584e-07	  1776	  2.90186e-08
391	  2.25604	  0.968758	  6.52811e-06	  4.23244e-07	  1656	  3.15628e-08
392	  2.61216	  0.030936	  4.55291e-06	  1.50575e-07	  2586	  1.04897e-08
393	  2.61216	  0.0938307	  4.55291e-06	  1.40891e-07	  3036	  9.60154e-09
394	  2.61216	  0.156319	  4.55291e-06	  1.59555e-07	  2124	  1.14398e-08
395	  2.61216	  0.218712	  4.55291e-06	  1.49535e-07	  2940	  1.02346e-08
396	  2.61216	  0.281224	  4.55291e-06	  1.58102e-07	  2616	  1.09962e-08
397	  2.61216	  0.343807	  4.55291e-06	  1.61912e-07	  2448	  1.1368e-08
398	  2.61216	  0.406302	  4.55291e-06	  1.67022e-07	  2916	  1.14441e-08
399	  2.61216	  0.468745	  4.55291e-06	  1.73074e-07	  2544	  1.20851e-08
400	  2.61216	  0.531226	  4.55291e-06	  1.88385e-07	  2652	  1.30774e-08
401	  2.61216	  0.593785	  4.55291e-06	  1.98678e-07	  2748	  1.37239e-08
402	  2.61216	  0.656281	  4.55291e-06	  2.01279e-07	  2676	  1.39549e-08
403	  2.61216	  0.718743	  4.55291e-06	  2.09167e-07	  2472	  1.46653e-08
404	  2.61216	  0.781255	  4.55291e-06	  2.12402e-07	  2616	  1.47729e-08
405	  2.61216	  0.843774	  4.55291e-06	  2.37147e-07	  2736	  1.63912e-08
406	  2.61216	  0.90628	  4.55291e-06	  2.41802e-07	  2568	  1.68617e-08
407	  2.61216	  0.968758	  4.55291e-06	  2.42873e-07	  2745	  1.67793e-08
408	  3.02645	  0.030936	  3.15769e-06	  1.14832e-07	  3414	  7.70691e-09
409	  3.02645	  0.0938307	  3.15769e-06	  1.08546e-07	  4512	  7.04326e-09
410	  3.02645	  0.156319	  3.15769e-06	  1.09521e-07	  4632	  7.08529e-09
411	  3.02645	  0.218712	  3.15769e-06	  1.06715e-07	  3972	  7.02901e-09
412	  3.02645	  0.281224	  3.15769e-06	  1.10764e-07	  4176	  7.25223e-09
413	  3.02645	  0.343807	  3.15769e-06	  1.17795e-07	  4344	  7.67699e-09
414	  3.02645	  0.406302	  3.15769e-06	  1.21263e-07	  4044	  7.97004e-09
415	  3.02645	  0.468745	  3.15769e-06	  1.20994e-07	  4092	  7.94115e-09
416	  3.02645	  0.531226	  3.15769e-06	  1.29633e-07	  4296	  8.45948e-09
417	  3.02645	  0.593785	  3.15769e-06	  1.33973e-07	  3996	  8.81801e-09
418	  3.02645	  0.656281	  3.15769e-06	  1.36399e-07	  4188	  8.92767e-09
419	  3.02645	  0.718743	  3.15769e-06	  1.55112e-07	  4212	  1.01456e-08
420	  3.02645	  0.781255	  3.15769e-06	  1.42513e-07	  4140	  9.34053e-09
421	  3.02645	  0.843774	  3.15769e-06	  1.47148e-07	  4128	  9.64768e-09
422	  3.02645	  0.90628	  3.15769e-06	  1.51912e-07	  4188	  9.943e-09
423	  3.02645	  0.968758	  3.15769e-06	  1.46845e-07	  4128	  9.62779e-09
424	  3.50419	  0.030936	  2.19091e-06	  7.91225e-08	  7002	  4.90168e-09
425	  3.50419	  0.0938307	  2.19091e-06	  8.18272e-08	  6240	  5.12723e-09
426	  3.50419	  0.156319	  2.19091e-06	  7.69695e-08	  5964	  4.84514e-09
427	  3.50419	  0.218712	  2.19091e-06	  7.9952e-08	  6180	  5.01463e-09
428	  3.50419	  0.281224	  2.19091e-06	  8.18337e-08	  6420	  5.11301e-09
429	  3.50419	  0.343807	  2.19091e-06	  8.27014e-08	  6516	  5.1596e-09
430	  3.50419	  0.406302	  2.19091e-06	  8.59134e-08	  6312	  5.37705e-09
431	  3.50419	  0.468745	  2.19091e-06	  8.98137e-08	  6276	  5.62439e-09
432	  3.50419	  0.531226	  2.19091e-06	  8.94026e-08	  6360	  5.59117e-09
433	  3.50419	  0.593785	  2.19091e-06	  9.1634e-08	  6408	  5.72641e-09
434	  3.50419	  0.656281	  2.19091e-06	  9.66134e-08	  6360	  6.04213e-09
435	  3.50419	  0.718743	  2.19091e-06	  9.37163e-08	  6336	  5.86317e-09
436	  3.50419	  0.781255	  2.19091e-06	  8.83416e-08	  6372	  5.52377e-09
437	  3.50419	  0.843774	  2.19091e-06	  9.43477e-08	  6456	  5.8916e-09
438	  3.50419	  0.90628	  2.19091e-06	  9.08248e-08	  6360	  5.68012e-09
439	  3.50419	  0.968758	  2.19091e-06	  8.84086e-08	  6327	  5.53189e-09
440	  4.05763	  0.030936	  1.51336e-06	  5.83729e-08	  10392	  3.49126e-09
441	  4.05763	  0.0938307	  1.51336e-06	  5.69719e-08	  9420	  3.43559e-09
442	  4.05763	  0.156319	  1.51336e-06	  5.76207e-08	  10176	  3.45224e-09
443	  4.05763	  0.218712	  1.51336e-06	  5.78388e-08	  10260	  3.46295e-09
444	  4.05763	  0.281224	  1.51336e-06	  5.6624e-08	  9528	  3.4113e-09
445	  4.05763	  0.343807	  1.51336e-06	  5.67266e-08	  10140	  3.39967e-09
446	  4.05763	  0.406302	  1.51336e-06	  5.89931e-08	  9960	  3.54077e-09
447	  4.05763	  0.468745	  1.51336e-06	  5.95265e-08	  10068	  3.56957e-09
448	  4.05763	  0.531226	  1.51336e-06	  6.06485e-08	  9996	  3.63903e-09
449	  4.05763	  0.593785	  1.51336e-06	  5.93836e-08	  9828	  3.56819e-09
450	  4.05763	  0.656281	  1.51336e-06	  5.89215e-08	  10032	  3.53435e-09
451	  4.05763	  0.718743	  1.51336e-06	  5.88852e-08	  9924	  3.53537e-09
452	  4.05763	  0.781255	  1.51336e-06	  5.78834e-08	  10116	  3.46967e-09
453	  4.05763	  0.843774	  1.51336e-06	  5.52968e-08	  9888	  3.32093e-09
454	  4.05763	  0.90628	  1.51336e-06	  5.29865e-08	  10008	  3.17898e-09
455	  4.05763	  0.968758	  1.51336e-06	  4.81674e-08	  9978	  2.89058e-09
456	  4.69917	  0.030936	  1.04338e-06	  4.21122e-08	  13626	  2.46638e-09
457	  4.69917	  0.0938307	  1.04338e-06	  4.25902e-08	  16392	  2.46217e-09
458	  4.69917	  0.156319	  1.04338e-06	  4.18106e-08	  15708	  2.42413e-09
459	  4.69917	  0.218712	  1.04338e-06	  4.08256e-08	  15432	  2.36992e-09
460	  4.69917	  0.281224	  1.04338e-06	  3.90805e-08	  15780	  2.26513e-09
461	  4.69917	  0.343807	  1.04338e-06	  4.01734e-08	  15300	  2.33345e-09
462	  4.69917	  0.406302	  1.04338e-06	  3.89242e-08	  15588	  2.25797e-09
463	  4.69917	  0.468745	  1.04338e-06	  3.9545e-08	  15396	  2.29595e-09
464	  4.69917	  0.531226	  1.04338e-06	  3.86681e-08	  15504	  2.24395e-09
465	  4.69917	  0.593785	  1.04338e-06	  3.85924e-08	  15660	  2.23802e-09
466	  4.69917	  0.656281	  1.04338e-06	  3.70416e-08	  15192	  2.15261e-09
467	  4.69917	  0.718743	  1.04338e-06	  3.62016e-08	  15600	  2.09992e-09
468	  4.69917	  0.781255	  1.04338e-06	  3.48952e-08	  15216	  2.02765e-09
469	  4.69917	  0.843774	  1.04338e-06	  3.2454e-08	  15516	  1.88324e-09
470	  4.69917	  0.90628	  1.04338e-06	  3.07243e-08	  15540	  1.78268e-09
471	  4.69917	  0.968758	  1.04338e-06	  2.8009e-08	  15405	  1.62612e-09
472	  5.4432	  0.030936	  7.17077e-07	  3.07923e-08	  26250	  1.72967e-09
473	  5.4432	  0.0938307	  7.17077e-07	  3.01086e-08	  22392	  1.70664e-09
474	  5.4432	  0.156319	  7.17077e-07	  2.91096e-08	  24516	  1.64139e-09
475	  5.4432	  0.218712	  7.17077e-07	  2.85545e-08	  23592	  1.61363e-09
476	  5.4432	  0.281224	  7.17077e-07	  2.81573e-08	  24264	  1.58863e-09
477	  5.4432	  0.343807	  7.17077e-07	  2.71631e-08	  23928	  1.53375e-09
478	  5.4432	  0.406302	  7.17077e-07	  2.68316e-08	  24120	  1.51435e-09
479	  5.4432	  0.468745	  7.17077e-07	  2.55424e-08	  23964	  1.44212e-09
480	  5.4432	  0.531226	  7.17077e-07	  2.48567e-08	  24060	  1.40309e-09
481	  5.4432	  0.593785	  7.17077e-07	  2.37452e-08	  24108	  1.34019e-09
482	  5.4432	  0.656281	  7.17077e-07	  2.29159e-08	  24228	  1.29302e-09
483	  5.4432	  0.718743	  7.17077e-07	  2.15172e-08	  24144	  1.21434e-09
484	  5.4432	  0.781255	  7.17077e-07	  1.98834e-08	  23940	  1.12268e-09
485	  5.4432	  0.843774	  7.17077e-07	  1.81123e-08	  24192	  1.02207e-09
486	  5.4432	  0.90628	  7.17077e-07	  1.66014e-08	  23988	  9.3726e-10
487	  5.4432	  0.968758	  7.17077e-07	  1.50196e-08	  24141	  8.47647e-10
488	  6.30378	  0.030936	  4.9157e-07	  2.18042e-08	  35082	  1.20662e-09
489	  6.30378	  0.0938307	  4.9157e-07	  2.1243e-08	  39108	  1.16957e-09
490	  6.30378	  0.156319	  4.9157e-07	  2.06941e-08	  36924	  1.1424e-09
491	  6.30378	  0.218712	  4.9157e-07	  2.00713e-08	  37692	  1.10695e-09
492	  6.30378	  0.281224	  4.9157e-07	  1.89634e-08	  37092	  1.04663e-09
493	  6.30378	  0.343807	  4.9157e-07	  1.83977e-08	  37536	  1.01485e-09
494	  6.30378	  0.406302	  4.9157e-07	  1.72708e-08	  36984	  9.53346e-10
495	  6.30378	  0.468745	  4.9157e-07	  1.66601e-08	  37428	  9.19117e-10
496	  6.30378	  0.531226	  4.9157e-07	  1.5505e-08	  37392	  8.55434e-10
497	  6.30378	  0.593785	  4.9157e-07	  1.44192e-08	  37200	  7.95722e-10
498	  6.30378	  0.656281	  4.9157e-07	  1.34112e-08	  36924	  7.40354e-10
499	  6.30378	  0.718743	  4.9157e-07	  1.22424e-08	  37272	  6.75531e-10
500	  6.30378	  0.781255	  4.9157e-07	  1.10223e-08	  37284	  6.08199e-10
501	  6.30378	  0.843774	  4.9157e-07	  9.7532e-09	  37188	  5.38236e-10
502	  6.30378	  0.90628	  4.9157e-07	  8.72947e-09	  37320	  4.81661e-10
503	  6.30378	  0.968758	  4.9157e-07	  7.48129e-09	  37119	  4.12896e-10
504	  7.30029	  0.030936	  3.36789e-07	  1.54043e-08	  60258	  8.32966e-10
505	  7.30029	  0.0938307	  3.36789e-07	  1.48359e-08	  56916	  8.03983e-10
506	  7.30029	  0.156319	  3.36789e-07	  1.42157e-08	  56820	  7.70424e-10
507	  7.30029	  0.218712	  3.36789e-07	  1.34969e-08	  58716	  7.30544e-10
508	  7.30029	  0.281224	  3.36789e-07	  1.2594e-08	  57840	  6.82067e-10
509	  7.30029	  0.343807	  3.36789e-07	  1.16933e-08	  57612	  6.33383e-10
510	  7.30029	  0.406302	  3.36789e-07	  1.09962e-08	  58464	  5.95289e-10
511	  7.30029	  0.468745	  3.36789e-07	  1.02233e-08	  57948	  5.53636e-10
512	  7.30029	  0.531226	  3.36789e-07	  9.33299e-09	  57708	  5.05501e-10
513	  7.30029	  0.593785	  3.36789e-07	  8.32984e-09	  58236	  4.5101e-10
514	  7.30029	  0.656281	  3.36789e-07	  7.37412e-09	  58008	  3.99323e-10
515	  7.30029	  0.718743	  3.36789e-07	  6.50941e-09	  58200	  3.52453e-10
516	  7.30029	  0.781255	  3.36789e-07	  5.6575e-09	  58128	  3.06341e-10
517	  7.30029	  0.843774	  3.36789e-07	  4.88848e-09	  57972	  2.64727e-10
518	  7.30029	  0.90628	  3.36789e-07	  4.14738e-09	  57960	  2.24596e-10
519	  7.30029	  0.968758	  3.36789e-07	  3.49842e-09	  58122	  1.89432e-10
520	  8.455	  0.030936	  2.29847e-07	  1.07137e-08	  90198	  5.71359e-10
521	  8.455	  0.0938307	  2.29847e-07	  1.03387e-08	  89292	  5.51535e-10
522	  8.455	  0.156319	  2.29847e-07	  9.73848e-09	  90804	  5.19242e-10
523	  8.455	  0.218712	  2.29847e-07	  8.92649e-09	  89628	  4.76141e-10
524	  8.455	  0.281224	  2.29847e-07	  8.15307e-09	  89844	  4.34854e-10
525	  8.455	  0.343807	  2.29847e-07	  7.48817e-09	  90636	  3.99281e-10
526	  8.455	  0.406302	  2.29847e-07	  6.64205e-09	  89628	  3.54288e-10
527	  8.455	  0.468745	  2.29847e-07	  5.89477e-09	  89772	  3.14413e-10
528	  8.455	  0.531226	  2.29847e-07	  5.19308e-09	  90324	  2.76933e-10
529	  8.455	  0.593785	  2.29847e-07	  4.44228e-09	  89784	  2.36939e-10
530	  8.455	  0.656281	  2.29847e-07	  3.78712e-09	  90216	  2.01964e-10
531	  8.455	  0.718743	  2.29847e-07	  3.2636e-09	  89796	  1.74071e-10
532	  8.455	  0.781255	  2.29847e-07	  2.70084e-09	  90120	  1.44039e-10
533	  8.455	  0.843774	  2.29847e-07	  2.24295e-09	  90132	  1.19618e-10
534	  8.455	  0.90628	  2.29847e-07	  1.85514e-09	  89916	  9.89437e-11
535	  8.455	  0.968758	  2.29847e-07	  1.50098e-09	  89964	  8.00531e-11
536	  9.79129	  0.030936	  1.56828e-07	  7.2201e-09	  139068	  3.80366e-10
537	  9.79129	  0.0938307	  1.56828e-07	  6.87783e-09	  141180	  3.62196e-10
538	  9.79129	  0.156319	  1.56828e-07	  6.42156e-09	  139380	  3.38279e-10
539	  9.79129	  0.218712	  1.56828e-07	  5.75634e-09	  138804	  3.03268e-10
540	  9.79129	  0.281224	  1.56828e-07	  5.06179e-09	  140952	  2.66572e-10
541	  9.79129	  0.343807	  1.56828e-07	  4.45878e-09	  139668	  2.3487e-10
542	  9.79129	  0.406302	  1.56828e-07	  3.80278e-09	  139464	  2.00322e-10
543	  9.79129	  0.468745	  1.56828e-07	  3.23672e-09	  139812	  1.70492e-10
544	  9.79129	  0.531226	  1.56828e-07	  2.68891e-09	  139884	  1.41635e-10
545	  9.79129	  0.593785	  1.56828e-07	  2.22192e-09	  140184	  1.1703e-10
546	  9.79129	  0.656281	  1.56828e-07	  1.80157e-09	  139404	  9.49037e-11
547	  9.79129	  0.718743	  1.56828e-07	  1.47942e-09	  139932	  7.79256e-11
548	  9.79129	  0.781255	  1.56828e-07	  1.1963e-09	  139980	  6.30123e-11
549	  9.79129	  0.843774	  1.56828e-07	  9.4749e-10	  139632	  4.99101e-11
550	  9.79129	  0.90628	  1.56828e-07	  7.60451e-10	  140088	  4.00543e-11
551	  9.79129	  0.968758	  1.56828e-07	  5.87627e-10	  139623	  3.0954e-11
