#n	   k	      mu	    PL	    Pf	     w	     err  
0	  0.10472	  1	  0.00379853	  0.000355407	  3	  0.000222965
1	  0.20944	  1	  0.00134928	  0.000100483	  3	  6.30378e-05
2	  0.314159	  1	  0.000632002	  9.68333e-05	  3	  6.07484e-05
3	  0.418879	  1	  0.000354209	  1.80448e-05	  3	  1.13204e-05
4	  0.523599	  1	  0.00022393	  5.56414e-06	  3	  3.49066e-06
5	  0.628319	  1	  0.000151731	  2.60256e-05	  3	  1.63272e-05
6	  0.733038	  1	  0.000108477	  1.23256e-05	  3	  7.73248e-06
7	  0.837758	  1	  8.07459e-05	  1.06648e-05	  3	  6.69059e-06
8	  0.942478	  1	  6.20055e-05	  1.57673e-06	  3	  9.89162e-07
9	  0.10472	  0	  0.00379853	  6.05161e-05	  6	  2.77314e-05
10	  0.148096	  0.707107	  0.00241558	  8.55368e-05	  12	  2.89692e-05
11	  0.23416	  0.894427	  0.00106881	  0.000105272	  12	  3.56529e-05
12	  0.331153	  0.948683	  0.000572332	  4.2311e-05	  12	  1.43297e-05
13	  0.431771	  0.970143	  0.00033334	  2.25185e-05	  12	  7.62646e-06
14	  0.533968	  0.980581	  0.000214781	  1.52387e-05	  12	  5.16097e-06
15	  0.636985	  0.986394	  0.000147282	  9.20625e-06	  12	  3.11793e-06
16	  0.74048	  0.989949	  0.00010613	  1.20813e-05	  12	  4.09163e-06
17	  0.844278	  0.992278	  7.93415e-05	  5.95857e-06	  12	  2.01802e-06
18	  0.948278	  0.993884	  6.11422e-05	  5.63635e-06	  12	  1.90889e-06
19	  0.148096	  0	  0.00241558	  3.21977e-05	  6	  1.47546e-05
20	  0.18138	  0.57735	  0.0017137	  4.49105e-05	  12	  1.52101e-05
21	  0.25651	  0.816497	  0.000940668	  5.0143e-05	  12	  1.69822e-05
22	  0.347316	  0.904534	  0.000515517	  2.90452e-05	  12	  9.83689e-06
23	  0.444288	  0.942809	  0.00031512	  1.96932e-05	  12	  6.66959e-06
24	  0.54414	  0.96225	  0.000206254	  1.64621e-05	  12	  5.57532e-06
25	  0.645536	  0.973329	  0.000143139	  1.02763e-05	  12	  3.48031e-06
26	  0.747849	  0.980196	  0.00010381	  6.58896e-06	  12	  2.23152e-06
27	  0.850747	  0.984732	  7.80228e-05	  7.54938e-06	  12	  2.55679e-06
28	  0.954042	  0.987878	  6.03124e-05	  5.5954e-06	  12	  1.89502e-06
29	  0.20944	  0	  0.00134928	  1.95323e-05	  6	  8.95062e-06
30	  0.23416	  0.447214	  0.00106881	  3.31902e-05	  12	  1.12407e-05
31	  0.296192	  0.707107	  0.000695986	  3.98324e-05	  12	  1.34902e-05
32	  0.377572	  0.83205	  0.000438644	  2.69142e-05	  12	  9.11517e-06
33	  0.468321	  0.894427	  0.00028273	  2.1846e-05	  12	  7.39869e-06
34	  0.563933	  0.928477	  0.000191181	  8.24632e-06	  12	  2.79282e-06
35	  0.662306	  0.948683	  0.000135378	  8.21033e-06	  12	  2.78063e-06
36	  0.762371	  0.961524	  9.95093e-05	  8.52769e-06	  12	  2.88812e-06
37	  0.863541	  0.970143	  7.54539e-05	  2.36298e-06	  12	  8.00284e-07
38	  0.965468	  0.976187	  5.87146e-05	  3.74142e-06	  12	  1.26713e-06
39	  0.23416	  0	  0.00106881	  2.0751e-05	  12	  7.02786e-06
40	  0.25651	  0.408248	  0.000940668	  2.00473e-05	  24	  5.09451e-06
41	  0.314159	  0.666667	  0.000632002	  2.73958e-05	  24	  6.96193e-06
42	  0.391825	  0.801784	  0.000408396	  1.99111e-05	  24	  5.05988e-06
43	  0.479886	  0.872872	  0.000268343	  2.32671e-05	  24	  5.91273e-06
44	  0.573574	  0.912871	  0.000184519	  1.05396e-05	  24	  2.67837e-06
45	  0.670534	  0.937043	  0.000131833	  6.86779e-06	  24	  1.74527e-06
46	  0.76953	  0.952579	  9.75033e-05	  6.76394e-06	  24	  1.71888e-06
47	  0.869868	  0.963087	  7.4243e-05	  5.46894e-06	  24	  1.38979e-06
48	  0.971131	  0.970495	  5.79317e-05	  4.46049e-06	  24	  1.13352e-06
49	  0.296192	  0	  0.000695986	  1.18485e-05	  6	  5.42956e-06
50	  0.314159	  0.333333	  0.000632002	  1.51222e-05	  12	  5.12151e-06
51	  0.36276	  0.57735	  0.000471853	  1.26927e-05	  12	  4.29869e-06
52	  0.431771	  0.727607	  0.00033334	  1.66219e-05	  12	  5.62942e-06
53	  0.51302	  0.816497	  0.000233677	  1.41856e-05	  12	  4.80431e-06
54	  0.601569	  0.870388	  0.000166611	  1.10792e-05	  12	  3.75226e-06
55	  0.694632	  0.904534	  0.000122073	  1.11314e-05	  12	  3.76993e-06
56	  0.790617	  0.927173	  9.18345e-05	  6.05326e-06	  12	  2.05009e-06
57	  0.888577	  0.942809	  7.0786e-05	  4.80604e-06	  12	  1.62769e-06
58	  0.987924	  0.953998	  5.57298e-05	  2.32281e-06	  12	  7.8668e-07
59	  0.314159	  0	  0.000632002	  1.57588e-05	  6	  7.22146e-06
60	  0.331153	  0.316228	  0.000572332	  1.2236e-05	  12	  4.14403e-06
61	  0.377572	  0.5547	  0.000438644	  1.72557e-05	  12	  5.84407e-06
62	  0.444288	  0.707107	  0.00031512	  9.17375e-06	  12	  3.10692e-06
63	  0.523599	  0.8	  0.00022393	  1.39395e-05	  12	  4.72095e-06
64	  0.610616	  0.857493	  0.000161348	  5.8201e-06	  12	  1.97112e-06
65	  0.702481	  0.894427	  0.000119103	  6.92385e-06	  12	  2.34494e-06
66	  0.797522	  0.919145	  9.00783e-05	  5.96806e-06	  12	  2.02123e-06
67	  0.894726	  0.936329	  6.96796e-05	  3.10388e-06	  12	  1.05121e-06
68	  0.993459	  0.948683	  5.50341e-05	  3.8406e-06	  12	  1.30072e-06
69	  0.331153	  0	  0.000572332	  9.57977e-06	  12	  3.24443e-06
70	  0.347316	  0.301511	  0.000515517	  8.68304e-06	  24	  2.20657e-06
71	  0.391825	  0.534522	  0.000408396	  9.11528e-06	  24	  2.31641e-06
72	  0.456463	  0.688247	  0.000298414	  1.69085e-05	  24	  4.29685e-06
73	  0.533968	  0.784465	  0.000214781	  9.09133e-06	  24	  2.31033e-06
74	  0.61953	  0.845154	  0.000156415	  6.38717e-06	  24	  1.62313e-06
75	  0.710244	  0.884652	  0.000116293	  1.03826e-05	  24	  2.63847e-06
76	  0.804368	  0.911322	  8.83936e-05	  5.44281e-06	  24	  1.38315e-06
77	  0.900833	  0.929981	  6.86392e-05	  4.30879e-06	  24	  1.09497e-06
78	  0.998963	  0.943456	  5.43564e-05	  2.85618e-06	  24	  7.25824e-07
79	  0.377572	  0	  0.000438644	  7.99124e-06	  12	  2.70643e-06
80	  0.391825	  0.267261	  0.000408396	  5.96566e-06	  24	  1.51602e-06
81	  0.431771	  0.485071	  0.00033334	  1.05942e-05	  24	  2.69224e-06
82	  0.491179	  0.639602	  0.000255503	  7.36987e-06	  24	  1.87286e-06
83	  0.563933	  0.742781	  0.000191181	  9.91113e-06	  24	  2.51866e-06
84	  0.645536	  0.811107	  0.000143139	  8.2302e-06	  24	  2.09149e-06
85	  0.733038	  0.857143	  0.000108477	  7.06931e-06	  24	  1.79648e-06
86	  0.824564	  0.889001	  8.36412e-05	  3.33022e-06	  24	  8.4629e-07
87	  0.918912	  0.911685	  6.56405e-05	  4.83058e-06	  24	  1.22757e-06
88	  0.418879	  0	  0.000354209	  1.87328e-06	  6	  8.58427e-07
89	  0.431771	  0.242536	  0.00033334	  4.40498e-06	  12	  1.49186e-06
90	  0.468321	  0.447214	  0.00028273	  8.27097e-06	  12	  2.80117e-06
91	  0.523599	  0.6	  0.00022393	  7.55507e-06	  12	  2.55871e-06
92	  0.592384	  0.707107	  0.000172252	  3.56346e-06	  12	  1.20685e-06
93	  0.670534	  0.780869	  0.000131833	  7.94554e-06	  12	  2.69096e-06
94	  0.755145	  0.83205	  0.000101648	  4.74853e-06	  12	  1.60821e-06
95	  0.844278	  0.868243	  7.93415e-05	  4.52391e-06	  12	  1.53214e-06
96	  0.936642	  0.894427	  6.28741e-05	  2.32294e-06	  12	  7.8672e-07
97	  0.431771	  0	  0.00033334	  4.21007e-06	  12	  1.42585e-06
98	  0.444288	  0.235702	  0.00031512	  2.8134e-06	  24	  7.14952e-07
99	  0.479886	  0.436436	  0.000268343	  9.15884e-06	  24	  2.32748e-06
100	  0.533968	  0.588348	  0.000214781	  4.92406e-06	  24	  1.25132e-06
101	  0.601569	  0.696311	  0.000166611	  4.73493e-06	  24	  1.20326e-06
102	  0.678662	  0.771517	  0.000128405	  4.20255e-06	  24	  1.06797e-06
103	  0.762371	  0.824163	  9.95093e-05	  6.3309e-06	  24	  1.60883e-06
104	  0.850747	  0.86164	  7.80228e-05	  5.37903e-06	  24	  1.36694e-06
105	  0.942478	  0.888889	  6.20055e-05	  4.4175e-06	  24	  1.12259e-06
106	  0.444288	  0	  0.00031512	  3.94383e-06	  6	  1.80725e-06
107	  0.456463	  0.229416	  0.000298414	  7.285e-06	  12	  2.46725e-06
108	  0.491179	  0.426401	  0.000255503	  6.03559e-06	  12	  2.0441e-06
109	  0.54414	  0.57735	  0.000206254	  2.14092e-06	  12	  7.25077e-07
110	  0.610616	  0.685994	  0.000161348	  7.68592e-06	  12	  2.60303e-06
111	  0.686693	  0.762493	  0.00012517	  4.97844e-06	  12	  1.68607e-06
112	  0.76953	  0.816497	  9.75033e-05	  4.62474e-06	  12	  1.56628e-06
113	  0.857168	  0.855186	  7.6714e-05	  2.68031e-06	  12	  9.07756e-07
114	  0.948278	  0.883452	  6.11422e-05	  2.04339e-06	  12	  6.92047e-07
115	  0.468321	  0	  0.00028273	  5.12721e-06	  12	  1.73646e-06
116	  0.479886	  0.218218	  0.000268343	  7.09665e-06	  24	  1.80343e-06
117	  0.51302	  0.408248	  0.000233677	  7.12398e-06	  24	  1.81038e-06
118	  0.563933	  0.557086	  0.000191181	  6.74864e-06	  24	  1.71499e-06
119	  0.628319	  0.666667	  0.000151731	  5.22121e-06	  24	  1.32684e-06
120	  0.702481	  0.745356	  0.000119103	  5.7337e-06	  24	  1.45707e-06
121	  0.783651	  0.801784	  9.36575e-05	  4.94835e-06	  24	  1.2575e-06
122	  0.869868	  0.842701	  7.4243e-05	  3.35489e-06	  24	  8.52559e-07
123	  0.959772	  0.872872	  5.95111e-05	  3.11148e-06	  24	  7.90703e-07
124	  0.523599	  0	  0.00022393	  3.55097e-06	  18	  1.01452e-06
125	  0.533968	  0.196116	  0.000214781	  3.35414e-06	  36	  7.2673e-07
126	  0.563933	  0.371391	  0.000191181	  3.23029e-06	  36	  6.99897e-07
127	  0.610616	  0.514496	  0.000161348	  3.87171e-06	  36	  8.3887e-07
128	  0.670534	  0.624695	  0.000131833	  4.07091e-06	  36	  8.82031e-07
129	  0.74048	  0.707107	  0.00010613	  4.4505e-06	  36	  9.64276e-07
130	  0.817887	  0.768221	  8.51823e-05	  3.75064e-06	  36	  8.12638e-07
131	  0.900833	  0.813733	  6.86392e-05	  3.25475e-06	  36	  7.05195e-07
132	  0.987924	  0.847998	  5.57298e-05	  2.91864e-06	  36	  6.32372e-07
133	  0.533968	  0	  0.000214781	  3.29234e-06	  12	  1.11503e-06
134	  0.54414	  0.19245	  0.000206254	  4.88079e-06	  24	  1.24033e-06
135	  0.573574	  0.365148	  0.000184519	  3.31806e-06	  24	  8.43199e-07
136	  0.61953	  0.507093	  0.000156415	  4.26568e-06	  24	  1.08401e-06
137	  0.678662	  0.617213	  0.000128405	  4.07842e-06	  24	  1.03642e-06
138	  0.747849	  0.70014	  0.00010381	  3.89328e-06	  24	  9.89376e-07
139	  0.824564	  0.762001	  8.36412e-05	  1.61269e-06	  24	  4.09823e-07
140	  0.9069	  0.80829	  6.76145e-05	  3.55498e-06	  24	  9.03406e-07
141	  0.993459	  0.843274	  5.50341e-05	  2.7074e-06	  24	  6.88016e-07
142	  0.563933	  0	  0.000191181	  1.36974e-06	  12	  4.63897e-07
143	  0.573574	  0.182574	  0.000184519	  2.74283e-06	  24	  6.9702e-07
144	  0.601569	  0.348155	  0.000166611	  3.54623e-06	  24	  9.01183e-07
145	  0.645536	  0.486664	  0.000143139	  4.11245e-06	  24	  1.04507e-06
146	  0.702481	  0.596285	  0.000119103	  4.30814e-06	  24	  1.0948e-06
147	  0.76953	  0.680414	  9.75033e-05	  2.52047e-06	  24	  6.40512e-07
148	  0.844278	  0.744208	  7.93415e-05	  4.01526e-06	  24	  1.02037e-06
149	  0.92486	  0.792594	  6.46977e-05	  3.10092e-06	  24	  7.88018e-07
150	  0.592384	  0	  0.000172252	  9.11814e-07	  6	  4.17837e-07
151	  0.601569	  0.174078	  0.000166611	  2.00447e-06	  12	  6.78864e-07
152	  0.628319	  0.333333	  0.000151731	  2.86659e-06	  12	  9.70841e-07
153	  0.670534	  0.468521	  0.000131833	  2.462e-06	  12	  8.3382e-07
154	  0.72552	  0.57735	  0.000110996	  4.67741e-06	  12	  1.58412e-06
155	  0.790617	  0.662266	  9.18345e-05	  3.3635e-06	  12	  1.13913e-06
156	  0.863541	  0.727607	  7.54539e-05	  2.90443e-06	  12	  9.83659e-07
157	  0.942478	  0.777778	  6.20055e-05	  2.18201e-06	  12	  7.38991e-07
158	  0.610616	  0	  0.000161348	  2.20171e-06	  12	  7.45663e-07
159	  0.61953	  0.169031	  0.000156415	  2.50673e-06	  24	  6.37019e-07
160	  0.645536	  0.324443	  0.000143139	  2.97156e-06	  24	  7.55146e-07
161	  0.686693	  0.457496	  0.00012517	  3.22069e-06	  24	  8.18454e-07
162	  0.74048	  0.565685	  0.00010613	  2.8441e-06	  24	  7.22753e-07
163	  0.804368	  0.650945	  8.83936e-05	  3.77064e-06	  24	  9.58212e-07
164	  0.876148	  0.717137	  7.30409e-05	  3.19649e-06	  24	  8.12306e-07
165	  0.954042	  0.76835	  6.03124e-05	  2.56676e-06	  24	  6.52275e-07
166	  0.628319	  0	  0.000151731	  6.97349e-06	  6	  3.19559e-06
167	  0.636985	  0.164399	  0.000147282	  3.59479e-06	  12	  1.21747e-06
168	  0.662306	  0.316228	  0.000135378	  2.22118e-06	  12	  7.5226e-07
169	  0.702481	  0.447214	  0.000119103	  1.23788e-06	  12	  4.19239e-07
170	  0.755145	  0.5547	  0.000101648	  1.785e-06	  12	  6.04536e-07
171	  0.817887	  0.640184	  8.51823e-05	  2.13947e-06	  12	  7.24584e-07
172	  0.888577	  0.707107	  7.0786e-05	  2.39299e-06	  12	  8.10446e-07
173	  0.965468	  0.759257	  5.87146e-05	  2.85151e-06	  12	  9.65736e-07
174	  0.636985	  0	  0.000147282	  3.48179e-06	  12	  1.1792e-06
175	  0.645536	  0.162221	  0.000143139	  1.88812e-06	  24	  4.79816e-07
176	  0.670534	  0.312348	  0.000131833	  2.04657e-06	  24	  5.20082e-07
177	  0.710244	  0.442326	  0.000116293	  2.79469e-06	  24	  7.10198e-07
178	  0.762371	  0.549442	  9.95093e-05	  3.56739e-06	  24	  9.06559e-07
179	  0.824564	  0.635001	  8.36412e-05	  1.74787e-06	  24	  4.44175e-07
180	  0.894726	  0.702247	  6.96796e-05	  1.86168e-06	  24	  4.73098e-07
181	  0.971131	  0.754829	  5.79317e-05	  2.28168e-06	  24	  5.79831e-07
182	  0.662306	  0	  0.000135378	  2.03314e-06	  12	  6.88575e-07
183	  0.670534	  0.156174	  0.000131833	  1.92452e-06	  24	  4.89068e-07
184	  0.694632	  0.301511	  0.000122073	  2.12393e-06	  24	  5.39741e-07
185	  0.733038	  0.428571	  0.000108477	  2.78793e-06	  24	  7.0848e-07
186	  0.783651	  0.534522	  9.36575e-05	  2.30112e-06	  24	  5.84771e-07
187	  0.844278	  0.620174	  7.93415e-05	  2.26744e-06	  24	  5.76212e-07
188	  0.912926	  0.688247	  6.65967e-05	  1.64219e-06	  24	  4.1732e-07
189	  0.987924	  0.741999	  5.57298e-05	  1.89095e-06	  24	  4.80535e-07
190	  0.670534	  0	  0.000131833	  2.41574e-06	  12	  8.18151e-07
191	  0.678662	  0.154303	  0.000128405	  1.63905e-06	  24	  4.16521e-07
192	  0.702481	  0.298142	  0.000119103	  2.65091e-06	  24	  6.7366e-07
193	  0.74048	  0.424264	  0.00010613	  2.09394e-06	  24	  5.32119e-07
194	  0.790617	  0.529813	  9.18345e-05	  2.25281e-06	  24	  5.72492e-07
195	  0.850747	  0.615457	  7.80228e-05	  1.68123e-06	  24	  4.27242e-07
196	  0.918912	  0.683763	  6.56405e-05	  2.49407e-06	  24	  6.33804e-07
197	  0.993459	  0.737865	  5.50341e-05	  2.11559e-06	  24	  5.37622e-07
198	  0.702481	  0	  0.000119103	  1.04086e-06	  12	  3.52514e-07
199	  0.710244	  0.147442	  0.000116293	  2.10215e-06	  24	  5.34208e-07
200	  0.733038	  0.285714	  0.000108477	  2.70935e-06	  24	  6.88512e-07
201	  0.76953	  0.408248	  9.75033e-05	  2.26098e-06	  24	  5.74569e-07
202	  0.817887	  0.512148	  8.51823e-05	  3.17155e-06	  24	  8.05966e-07
203	  0.876148	  0.597614	  7.30409e-05	  2.60259e-06	  24	  6.61381e-07
204	  0.942478	  0.666667	  6.20055e-05	  2.14086e-06	  24	  5.44045e-07
205	  0.733038	  0	  0.000108477	  1.71893e-06	  6	  7.87696e-07
206	  0.74048	  0.141421	  0.00010613	  1.73055e-06	  12	  5.86095e-07
207	  0.762371	  0.274721	  9.95093e-05	  1.48049e-06	  12	  5.01406e-07
208	  0.797522	  0.393919	  9.00783e-05	  1.99098e-06	  12	  6.74297e-07
209	  0.844278	  0.496139	  7.93415e-05	  2.41116e-06	  12	  8.166e-07
210	  0.900833	  0.581238	  6.86392e-05	  2.53081e-06	  12	  8.57121e-07
211	  0.965468	  0.650791	  5.87146e-05	  2.09301e-06	  12	  7.0885e-07
212	  0.74048	  0	  0.00010613	  1.81077e-06	  18	  5.1734e-07
213	  0.747849	  0.140028	  0.00010381	  2.3189e-06	  36	  5.02429e-07
214	  0.76953	  0.272166	  9.75033e-05	  1.81482e-06	  36	  3.9321e-07
215	  0.804368	  0.390567	  8.83936e-05	  2.6277e-06	  36	  5.69335e-07
216	  0.850747	  0.492366	  7.80228e-05	  1.60402e-06	  36	  3.47538e-07
217	  0.9069	  0.57735	  6.76145e-05	  1.62341e-06	  36	  3.51739e-07
218	  0.971131	  0.646997	  5.79317e-05	  2.63031e-06	  36	  5.699e-07
219	  0.755145	  0	  0.000101648	  1.14215e-06	  12	  3.86817e-07
220	  0.762371	  0.137361	  9.95093e-05	  2.24672e-06	  24	  5.70947e-07
221	  0.783651	  0.267261	  9.36575e-05	  1.92137e-06	  24	  4.88267e-07
222	  0.817887	  0.384111	  8.51823e-05	  2.09127e-06	  24	  5.31442e-07
223	  0.863541	  0.485071	  7.54539e-05	  1.14466e-06	  24	  2.90886e-07
224	  0.918912	  0.569803	  6.56405e-05	  1.85366e-06	  24	  4.71061e-07
225	  0.982358	  0.639602	  5.64596e-05	  1.43739e-06	  24	  3.65274e-07
226	  0.762371	  0	  9.95093e-05	  9.72645e-07	  12	  3.29411e-07
227	  0.76953	  0.136083	  9.75033e-05	  2.2136e-06	  24	  5.6253e-07
228	  0.790617	  0.264906	  9.18345e-05	  1.53554e-06	  24	  3.90219e-07
229	  0.824564	  0.381	  8.36412e-05	  1.51933e-06	  24	  3.86099e-07
230	  0.869868	  0.481543	  7.4243e-05	  1.10289e-06	  24	  2.80271e-07
231	  0.92486	  0.566139	  6.46977e-05	  2.07817e-06	  24	  5.28114e-07
232	  0.987924	  0.635999	  5.57298e-05	  1.54232e-06	  24	  3.91941e-07
233	  0.797522	  0	  9.00783e-05	  1.7201e-06	  12	  5.82554e-07
234	  0.804368	  0.130189	  8.83936e-05	  2.14268e-06	  24	  5.44508e-07
235	  0.824564	  0.254	  8.36412e-05	  1.3696e-06	  24	  3.48047e-07
236	  0.857168	  0.366508	  7.6714e-05	  1.59784e-06	  24	  4.06051e-07
237	  0.900833	  0.464991	  6.86392e-05	  1.51582e-06	  24	  3.85207e-07
238	  0.954042	  0.548821	  6.03124e-05	  1.77529e-06	  24	  4.51144e-07
239	  0.817887	  0	  8.51823e-05	  1.2401e-06	  12	  4.19991e-07
240	  0.824564	  0.127	  8.36412e-05	  1.19549e-06	  24	  3.03803e-07
241	  0.844278	  0.248069	  7.93415e-05	  1.40755e-06	  24	  3.57693e-07
242	  0.876148	  0.358569	  7.30409e-05	  1.75754e-06	  24	  4.46632e-07
243	  0.918912	  0.455842	  6.56405e-05	  1.6298e-06	  24	  4.14171e-07
244	  0.971131	  0.539164	  5.79317e-05	  1.9346e-06	  24	  4.91629e-07
245	  0.837758	  0	  8.07459e-05	  1.57177e-06	  6	  7.20262e-07
246	  0.844278	  0.124035	  7.93415e-05	  2.07924e-06	  12	  7.04188e-07
247	  0.863541	  0.242536	  7.54539e-05	  7.0424e-07	  12	  2.38509e-07
248	  0.894726	  0.351123	  6.96796e-05	  1.29355e-06	  12	  4.38094e-07
249	  0.936642	  0.447214	  6.28741e-05	  1.35054e-06	  12	  4.57395e-07
250	  0.987924	  0.529999	  5.57298e-05	  2.21351e-06	  12	  7.49662e-07
251	  0.844278	  0	  7.93415e-05	  1.81221e-06	  24	  4.60526e-07
252	  0.850747	  0.123091	  7.80228e-05	  1.56753e-06	  48	  3.0463e-07
253	  0.869868	  0.240772	  7.4243e-05	  1.28793e-06	  48	  2.50294e-07
254	  0.900833	  0.348743	  6.86392e-05	  1.5248e-06	  48	  2.96326e-07
255	  0.942478	  0.444444	  6.20055e-05	  1.43085e-06	  48	  2.78069e-07
256	  0.993459	  0.527046	  5.50341e-05	  1.60284e-06	  48	  3.11491e-07
257	  0.863541	  0	  7.54539e-05	  8.14629e-07	  12	  2.75895e-07
258	  0.869868	  0.120386	  7.4243e-05	  1.34842e-06	  24	  3.42666e-07
259	  0.888577	  0.235702	  7.0786e-05	  1.29694e-06	  24	  3.29585e-07
260	  0.918912	  0.341882	  6.56405e-05	  1.43712e-06	  24	  3.65208e-07
261	  0.959772	  0.436436	  5.95111e-05	  1.3599e-06	  24	  3.45583e-07
262	  0.888577	  0	  7.0786e-05	  1.21842e-06	  6	  5.58338e-07
263	  0.894726	  0.117041	  6.96796e-05	  9.02906e-07	  12	  3.05792e-07
264	  0.912926	  0.229416	  6.65967e-05	  1.27021e-06	  12	  4.30188e-07
265	  0.942478	  0.333333	  6.20055e-05	  1.43657e-06	  12	  4.8653e-07
266	  0.982358	  0.426401	  5.64596e-05	  1.37727e-06	  12	  4.66447e-07
267	  0.894726	  0	  6.96796e-05	  9.41012e-07	  12	  3.18697e-07
268	  0.900833	  0.116248	  6.86392e-05	  1.15161e-06	  24	  2.92651e-07
269	  0.918912	  0.227921	  6.56405e-05	  1.44159e-06	  24	  3.66342e-07
270	  0.948278	  0.331295	  6.11422e-05	  1.39992e-06	  24	  3.55753e-07
271	  0.987924	  0.423999	  5.57298e-05	  1.26249e-06	  24	  3.20829e-07
272	  0.900833	  0	  6.86392e-05	  1.60092e-06	  12	  5.42193e-07
273	  0.9069	  0.11547	  6.76145e-05	  1.17675e-06	  24	  2.99041e-07
274	  0.92486	  0.226455	  6.46977e-05	  9.43866e-07	  24	  2.39859e-07
275	  0.954042	  0.329293	  6.03124e-05	  1.40764e-06	  24	  3.57714e-07
276	  0.993459	  0.421637	  5.50341e-05	  1.23318e-06	  24	  3.13382e-07
277	  0.936642	  0	  6.28741e-05	  8.85035e-07	  12	  2.9974e-07
278	  0.942478	  0.111111	  6.20055e-05	  1.1916e-06	  24	  3.02815e-07
279	  0.959772	  0.218218	  5.95111e-05	  1.04277e-06	  24	  2.64993e-07
280	  0.987924	  0.317999	  5.57298e-05	  1.00815e-06	  24	  2.56196e-07
281	  0.942478	  0	  6.20055e-05	  2.06737e-06	  6	  9.47367e-07
282	  0.948278	  0.110432	  6.11422e-05	  1.48194e-06	  12	  5.01896e-07
283	  0.965468	  0.21693	  5.87146e-05	  1.23299e-06	  12	  4.17582e-07
284	  0.993459	  0.316228	  5.50341e-05	  1.37562e-06	  12	  4.6589e-07
285	  0.948278	  0	  6.11422e-05	  1.34023e-06	  12	  4.53903e-07
286	  0.954042	  0.109764	  6.03124e-05	  1.01739e-06	  24	  2.58544e-07
287	  0.971131	  0.215666	  5.79317e-05	  8.36486e-07	  24	  2.12571e-07
288	  0.998963	  0.314485	  5.43564e-05	  1.05738e-06	  24	  2.68706e-07
289	  0.965468	  0	  5.87146e-05	  9.61761e-07	  24	  2.44407e-07
290	  0.971131	  0.107833	  5.79317e-05	  1.1079e-06	  48	  2.15306e-07
291	  0.987924	  0.212	  5.57298e-05	  1.19541e-06	  48	  2.32312e-07
292	  0.987924	  0	  5.57298e-05	  1.07563e-06	  12	  3.64289e-07
293	  0.993459	  0.105409	  5.50341e-05	  1.06517e-06	  24	  2.70686e-07
294	  0.993459	  0	  5.50341e-05	  9.03464e-07	  12	  3.05981e-07
295	  0.998963	  0.104828	  5.43564e-05	  9.14188e-07	  24	  2.32317e-07
296	  1.08818	  0.030936	  4.47331e-05	  8.67906e-07	  138	  1.17276e-07
297	  1.08818	  0.0938307	  4.47331e-05	  7.94257e-07	  252	  8.97463e-08
298	  1.08818	  0.156319	  4.47331e-05	  7.08508e-07	  72	  1.18924e-07
299	  1.08818	  0.218712	  4.47331e-05	  8.0815e-07	  216	  9.53951e-08
300	  1.08818	  0.281224	  4.47331e-05	  9.41455e-07	  288	  1.02549e-07
301	  1.08818	  0.343807	  4.47331e-05	  8.9931e-07	  120	  1.27061e-07
302	  1.08818	  0.406302	  4.47331e-05	  1.2517e-06	  180	  1.55882e-07
303	  1.08818	  0.468745	  4.47331e-05	  1.17608e-06	  180	  1.46464e-07
304	  1.08818	  0.531226	  4.47331e-05	  1.34742e-06	  192	  1.64613e-07
305	  1.08818	  0.593785	  4.47331e-05	  1.71894e-06	  192	  2.10001e-07
306	  1.08818	  0.656281	  4.47331e-05	  1.41295e-06	  168	  1.7966e-07
307	  1.08818	  0.718743	  4.47331e-05	  1.83826e-06	  228	  2.13655e-07
308	  1.08818	  0.781255	  4.47331e-05	  2.53483e-06	  144	  3.37978e-07
309	  1.08818	  0.843774	  4.47331e-05	  2.18399e-06	  240	  2.50175e-07
310	  1.08818	  0.90628	  4.47331e-05	  2.81122e-06	  168	  3.57451e-07
311	  1.08818	  0.968758	  4.47331e-05	  2.88431e-06	  150	  3.79718e-07
312	  1.25577	  0.030936	  3.21739e-05	  6.5545e-07	  198	  7.93533e-08
313	  1.25577	  0.0938307	  3.21739e-05	  6.85931e-07	  396	  6.87659e-08
314	  1.25577	  0.156319	  3.21739e-05	  6.52882e-07	  396	  6.54527e-08
315	  1.25577	  0.218712	  3.21739e-05	  6.11254e-07	  204	  7.33591e-08
316	  1.25577	  0.281224	  3.21739e-05	  7.33061e-07	  216	  8.65315e-08
317	  1.25577	  0.343807	  3.21739e-05	  7.24841e-07	  372	  7.38233e-08
318	  1.25577	  0.406302	  3.21739e-05	  8.23427e-07	  312	  8.77887e-08
319	  1.25577	  0.468745	  3.21739e-05	  8.11078e-07	  288	  8.83471e-08
320	  1.25577	  0.531226	  3.21739e-05	  1.06839e-06	  264	  1.19174e-07
321	  1.25577	  0.593785	  3.21739e-05	  1.02073e-06	  312	  1.08824e-07
322	  1.25577	  0.656281	  3.21739e-05	  1.10133e-06	  276	  1.21358e-07
323	  1.25577	  0.718743	  3.21739e-05	  1.25746e-06	  312	  1.34062e-07
324	  1.25577	  0.781255	  3.21739e-05	  1.47056e-06	  276	  1.62046e-07
325	  1.25577	  0.843774	  3.21739e-05	  1.51053e-06	  240	  1.7303e-07
326	  1.25577	  0.90628	  3.21739e-05	  1.71113e-06	  324	  1.8062e-07
327	  1.25577	  0.968758	  3.21739e-05	  1.99685e-06	  315	  2.12352e-07
328	  1.45182	  0.030936	  2.29512e-05	  4.7196e-07	  246	  5.36891e-08
329	  1.45182	  0.0938307	  2.29512e-05	  4.28604e-07	  516	  4.02985e-08
330	  1.45182	  0.156319	  2.29512e-05	  4.72791e-07	  504	  4.46993e-08
331	  1.45182	  0.218712	  2.29512e-05	  4.42169e-07	  528	  4.13514e-08
332	  1.45182	  0.281224	  2.29512e-05	  4.74764e-07	  504	  4.48858e-08
333	  1.45182	  0.343807	  2.29512e-05	  5.42243e-07	  384	  5.47833e-08
334	  1.45182	  0.406302	  2.29512e-05	  6.53093e-07	  420	  6.45223e-08
335	  1.45182	  0.468745	  2.29512e-05	  5.72551e-07	  468	  5.50937e-08
336	  1.45182	  0.531226	  2.29512e-05	  6.48515e-07	  480	  6.20262e-08
337	  1.45182	  0.593785	  2.29512e-05	  6.77532e-07	  468	  6.51955e-08
338	  1.45182	  0.656281	  2.29512e-05	  7.3645e-07	  396	  7.38305e-08
339	  1.45182	  0.718743	  2.29512e-05	  8.20702e-07	  456	  7.94679e-08
340	  1.45182	  0.781255	  2.29512e-05	  1.01414e-06	  432	  9.95001e-08
341	  1.45182	  0.843774	  2.29512e-05	  1.03057e-06	  480	  9.85677e-08
342	  1.45182	  0.90628	  2.29512e-05	  1.22627e-06	  480	  1.17284e-07
343	  1.45182	  0.968758	  2.29512e-05	  1.38023e-06	  414	  1.36846e-07
344	  1.68148	  0.030936	  1.6245e-05	  3.20612e-07	  798	  2.73801e-08
345	  1.68148	  0.0938307	  1.6245e-05	  3.5974e-07	  708	  3.15069e-08
346	  1.68148	  0.156319	  1.6245e-05	  3.29838e-07	  684	  2.91036e-08
347	  1.68148	  0.218712	  1.6245e-05	  3.59651e-07	  720	  3.1386e-08
348	  1.68148	  0.281224	  1.6245e-05	  3.64406e-07	  708	  3.19155e-08
349	  1.68148	  0.343807	  1.6245e-05	  3.87168e-07	  720	  3.37873e-08
350	  1.68148	  0.406302	  1.6245e-05	  4.11744e-07	  672	  3.64705e-08
351	  1.68148	  0.468745	  1.6245e-05	  4.74806e-07	  732	  4.12896e-08
352	  1.68148	  0.531226	  1.6245e-05	  4.8114e-07	  672	  4.26174e-08
353	  1.68148	  0.593785	  1.6245e-05	  5.00628e-07	  708	  4.38461e-08
354	  1.68148	  0.656281	  1.6245e-05	  5.21746e-07	  744	  4.52155e-08
355	  1.68148	  0.718743	  1.6245e-05	  6.51122e-07	  744	  5.64274e-08
356	  1.68148	  0.781255	  1.6245e-05	  7.1359e-07	  696	  6.27281e-08
357	  1.68148	  0.843774	  1.6245e-05	  7.30463e-07	  708	  6.39757e-08
358	  1.68148	  0.90628	  1.6245e-05	  8.07955e-07	  696	  7.10232e-08
359	  1.68148	  0.968758	  1.6245e-05	  9.14039e-07	  741	  7.928e-08
360	  1.94819	  0.030936	  1.14415e-05	  2.36658e-07	  1368	  1.82314e-08
361	  1.94819	  0.0938307	  1.14415e-05	  2.35483e-07	  924	  1.9521e-08
362	  1.94819	  0.156319	  1.14415e-05	  2.50268e-07	  972	  2.05408e-08
363	  1.94819	  0.218712	  1.14415e-05	  2.69282e-07	  972	  2.21013e-08
364	  1.94819	  0.281224	  1.14415e-05	  2.42492e-07	  1200	  1.91248e-08
365	  1.94819	  0.343807	  1.14415e-05	  2.65241e-07	  1140	  2.11178e-08
366	  1.94819	  0.406302	  1.14415e-05	  2.84641e-07	  1080	  2.28934e-08
367	  1.94819	  0.468745	  1.14415e-05	  3.19515e-07	  1068	  2.57527e-08
368	  1.94819	  0.531226	  1.14415e-05	  3.02853e-07	  1164	  2.40195e-08
369	  1.94819	  0.593785	  1.14415e-05	  3.69337e-07	  1188	  2.91824e-08
370	  1.94819	  0.656281	  1.14415e-05	  3.75775e-07	  1068	  3.02873e-08
371	  1.94819	  0.718743	  1.14415e-05	  4.03944e-07	  1008	  3.29202e-08
372	  1.94819	  0.781255	  1.14415e-05	  4.52018e-07	  1164	  3.58498e-08
373	  1.94819	  0.843774	  1.14415e-05	  4.81086e-07	  1176	  3.80831e-08
374	  1.94819	  0.90628	  1.14415e-05	  5.13054e-07	  1080	  4.12644e-08
375	  1.94819	  0.968758	  1.14415e-05	  5.56444e-07	  1038	  4.50934e-08
376	  2.25604	  0.030936	  8.04204e-06	  1.76689e-07	  1896	  1.28922e-08
377	  2.25604	  0.0938307	  8.04204e-06	  1.78568e-07	  1272	  1.39352e-08
378	  2.25604	  0.156319	  8.04204e-06	  1.73697e-07	  2040	  1.25306e-08
379	  2.25604	  0.218712	  8.04204e-06	  1.85095e-07	  1740	  1.36921e-08
380	  2.25604	  0.281224	  8.04204e-06	  1.88319e-07	  1584	  1.41476e-08
381	  2.25604	  0.343807	  8.04204e-06	  1.90819e-07	  1764	  1.40843e-08
382	  2.25604	  0.406302	  8.04204e-06	  2.00537e-07	  1632	  1.49909e-08
383	  2.25604	  0.468745	  8.04204e-06	  2.15303e-07	  1860	  1.57574e-08
384	  2.25604	  0.531226	  8.04204e-06	  2.31843e-07	  1560	  1.74621e-08
385	  2.25604	  0.593785	  8.04204e-06	  2.4178e-07	  1692	  1.79668e-08
386	  2.25604	  0.656281	  8.04204e-06	  2.64998e-07	  1704	  1.96695e-08
387	  2.25604	  0.718743	  8.04204e-06	  2.79629e-07	  1824	  2.05289e-08
388	  2.25604	  0.781255	  8.04204e-06	  2.95321e-07	  1668	  2.1997e-08
389	  2.25604	  0.843774	  8.04204e-06	  3.15717e-07	  1680	  2.34885e-08
390	  2.25604	  0.90628	  8.04204e-06	  3.4033e-07	  1776	  2.50922e-08
391	  2.25604	  0.968758	  8.04204e-06	  3.54785e-07	  1656	  2.64576e-08
392	  2.61216	  0.030936	  5.63734e-06	  1.31912e-07	  2586	  9.1896e-09
393	  2.61216	  0.0938307	  5.63734e-06	  1.27381e-07	  3036	  8.68088e-09
394	  2.61216	  0.156319	  5.63734e-06	  1.36144e-07	  2124	  9.76127e-09
395	  2.61216	  0.218712	  5.63734e-06	  1.29257e-07	  2940	  8.84669e-09
396	  2.61216	  0.281224	  5.63734e-06	  1.34106e-07	  2616	  9.32726e-09
397	  2.61216	  0.343807	  5.63734e-06	  1.4285e-07	  2448	  1.00297e-08
398	  2.61216	  0.406302	  5.63734e-06	  1.48748e-07	  2916	  1.0192e-08
399	  2.61216	  0.468745	  5.63734e-06	  1.51801e-07	  2544	  1.05997e-08
400	  2.61216	  0.531226	  5.63734e-06	  1.60252e-07	  2652	  1.11245e-08
401	  2.61216	  0.593785	  5.63734e-06	  1.67641e-07	  2748	  1.158e-08
402	  2.61216	  0.656281	  5.63734e-06	  1.79665e-07	  2676	  1.24564e-08
403	  2.61216	  0.718743	  5.63734e-06	  1.8286e-07	  2472	  1.28208e-08
404	  2.61216	  0.781255	  5.63734e-06	  1.95271e-07	  2616	  1.35814e-08
405	  2.61216	  0.843774	  5.63734e-06	  2.02487e-07	  2736	  1.39955e-08
406	  2.61216	  0.90628	  5.63734e-06	  2.12604e-07	  2568	  1.48256e-08
407	  2.61216	  0.968758	  5.63734e-06	  2.1962e-07	  2745	  1.51728e-08
408	  3.02645	  0.030936	  3.93212e-06	  9.98338e-08	  3414	  6.70031e-09
409	  3.02645	  0.0938307	  3.93212e-06	  9.5972e-08	  4512	  6.22736e-09
410	  3.02645	  0.156319	  3.93212e-06	  9.54736e-08	  4632	  6.17649e-09
411	  3.02645	  0.218712	  3.93212e-06	  9.18898e-08	  3972	  6.05251e-09
412	  3.02645	  0.281224	  3.93212e-06	  9.64514e-08	  4176	  6.31512e-09
413	  3.02645	  0.343807	  3.93212e-06	  1.02896e-07	  4344	  6.70599e-09
414	  3.02645	  0.406302	  3.93212e-06	  1.06562e-07	  4044	  7.00383e-09
415	  3.02645	  0.468745	  3.93212e-06	  1.08109e-07	  4092	  7.09551e-09
416	  3.02645	  0.531226	  3.93212e-06	  1.1579e-07	  4296	  7.55612e-09
417	  3.02645	  0.593785	  3.93212e-06	  1.19172e-07	  3996	  7.84384e-09
418	  3.02645	  0.656281	  3.93212e-06	  1.20212e-07	  4188	  7.86816e-09
419	  3.02645	  0.718743	  3.93212e-06	  1.31617e-07	  4212	  8.60884e-09
420	  3.02645	  0.781255	  3.93212e-06	  1.2777e-07	  4140	  8.37425e-09
421	  3.02645	  0.843774	  3.93212e-06	  1.30828e-07	  4128	  8.57768e-09
422	  3.02645	  0.90628	  3.93212e-06	  1.36874e-07	  4188	  8.95872e-09
423	  3.02645	  0.968758	  3.93212e-06	  1.32936e-07	  4128	  8.71586e-09
424	  3.50419	  0.030936	  2.74025e-06	  7.00609e-08	  7002	  4.34031e-09
425	  3.50419	  0.0938307	  2.74025e-06	  7.06353e-08	  6240	  4.42595e-09
426	  3.50419	  0.156319	  2.74025e-06	  6.7631e-08	  5964	  4.25729e-09
427	  3.50419	  0.218712	  2.74025e-06	  7.01919e-08	  6180	  4.40247e-09
428	  3.50419	  0.281224	  2.74025e-06	  6.99766e-08	  6420	  4.37217e-09
429	  3.50419	  0.343807	  2.74025e-06	  7.21848e-08	  6516	  4.50349e-09
430	  3.50419	  0.406302	  2.74025e-06	  7.55686e-08	  6312	  4.7296e-09
431	  3.50419	  0.468745	  2.74025e-06	  7.8088e-08	  6276	  4.89009e-09
432	  3.50419	  0.531226	  2.74025e-06	  7.8821e-08	  6360	  4.92941e-09
433	  3.50419	  0.593785	  2.74025e-06	  8.14046e-08	  6408	  5.08715e-09
434	  3.50419	  0.656281	  2.74025e-06	  8.61869e-08	  6360	  5.39007e-09
435	  3.50419	  0.718743	  2.74025e-06	  8.46042e-08	  6336	  5.29309e-09
436	  3.50419	  0.781255	  2.74025e-06	  8.19149e-08	  6372	  5.12193e-09
437	  3.50419	  0.843774	  2.74025e-06	  8.79306e-08	  6456	  5.49088e-09
438	  3.50419	  0.90628	  2.74025e-06	  8.48494e-08	  6360	  5.30642e-09
439	  3.50419	  0.968758	  2.74025e-06	  8.24337e-08	  6327	  5.15803e-09
440	  4.05763	  0.030936	  1.90421e-06	  5.12869e-08	  10392	  3.06745e-09
441	  4.05763	  0.0938307	  1.90421e-06	  5.00062e-08	  9420	  3.01554e-09
442	  4.05763	  0.156319	  1.90421e-06	  5.07188e-08	  10176	  3.03872e-09
443	  4.05763	  0.218712	  1.90421e-06	  5.02242e-08	  10260	  3.00705e-09
444	  4.05763	  0.281224	  1.90421e-06	  4.90089e-08	  9528	  2.95253e-09
445	  4.05763	  0.343807	  1.90421e-06	  5.03487e-08	  10140	  3.01743e-09
446	  4.05763	  0.406302	  1.90421e-06	  5.30846e-08	  9960	  3.18614e-09
447	  4.05763	  0.468745	  1.90421e-06	  5.34009e-08	  10068	  3.20225e-09
448	  4.05763	  0.531226	  1.90421e-06	  5.51838e-08	  9996	  3.31114e-09
449	  4.05763	  0.593785	  1.90421e-06	  5.3854e-08	  9828	  3.23593e-09
450	  4.05763	  0.656281	  1.90421e-06	  5.3786e-08	  10032	  3.2263e-09
451	  4.05763	  0.718743	  1.90421e-06	  5.45514e-08	  9924	  3.27517e-09
452	  4.05763	  0.781255	  1.90421e-06	  5.33824e-08	  10116	  3.19987e-09
453	  4.05763	  0.843774	  1.90421e-06	  5.37751e-08	  9888	  3.22954e-09
454	  4.05763	  0.90628	  1.90421e-06	  5.24472e-08	  10008	  3.14662e-09
455	  4.05763	  0.968758	  1.90421e-06	  4.88265e-08	  9978	  2.93013e-09
456	  4.69917	  0.030936	  1.3189e-06	  3.70283e-08	  13626	  2.16863e-09
457	  4.69917	  0.0938307	  1.3189e-06	  3.71746e-08	  16392	  2.14909e-09
458	  4.69917	  0.156319	  1.3189e-06	  3.64195e-08	  15708	  2.11156e-09
459	  4.69917	  0.218712	  1.3189e-06	  3.57031e-08	  15432	  2.07256e-09
460	  4.69917	  0.281224	  1.3189e-06	  3.51291e-08	  15780	  2.0361e-09
461	  4.69917	  0.343807	  1.3189e-06	  3.56034e-08	  15300	  2.06801e-09
462	  4.69917	  0.406302	  1.3189e-06	  3.53613e-08	  15588	  2.05129e-09
463	  4.69917	  0.468745	  1.3189e-06	  3.63323e-08	  15396	  2.10942e-09
464	  4.69917	  0.531226	  1.3189e-06	  3.65524e-08	  15504	  2.12118e-09
465	  4.69917	  0.593785	  1.3189e-06	  3.59493e-08	  15660	  2.08474e-09
466	  4.69917	  0.656281	  1.3189e-06	  3.51522e-08	  15192	  2.0428e-09
467	  4.69917	  0.718743	  1.3189e-06	  3.49721e-08	  15600	  2.02861e-09
468	  4.69917	  0.781255	  1.3189e-06	  3.41104e-08	  15216	  1.98205e-09
469	  4.69917	  0.843774	  1.3189e-06	  3.29309e-08	  15516	  1.91091e-09
470	  4.69917	  0.90628	  1.3189e-06	  3.15462e-08	  15540	  1.83037e-09
471	  4.69917	  0.968758	  1.3189e-06	  2.97196e-08	  15405	  1.72543e-09
472	  5.4432	  0.030936	  9.11188e-07	  2.69844e-08	  26250	  1.51577e-09
473	  5.4432	  0.0938307	  9.11188e-07	  2.65533e-08	  22392	  1.50511e-09
474	  5.4432	  0.156319	  9.11188e-07	  2.57262e-08	  24516	  1.45061e-09
475	  5.4432	  0.218712	  9.11188e-07	  2.52007e-08	  23592	  1.42411e-09
476	  5.4432	  0.281224	  9.11188e-07	  2.49462e-08	  24264	  1.40746e-09
477	  5.4432	  0.343807	  9.11188e-07	  2.48123e-08	  23928	  1.40102e-09
478	  5.4432	  0.406302	  9.11188e-07	  2.44656e-08	  24120	  1.38081e-09
479	  5.4432	  0.468745	  9.11188e-07	  2.39678e-08	  23964	  1.35322e-09
480	  5.4432	  0.531226	  9.11188e-07	  2.3942e-08	  24060	  1.35145e-09
481	  5.4432	  0.593785	  9.11188e-07	  2.33152e-08	  24108	  1.31592e-09
482	  5.4432	  0.656281	  9.11188e-07	  2.27893e-08	  24228	  1.28588e-09
483	  5.4432	  0.718743	  9.11188e-07	  2.19263e-08	  24144	  1.23743e-09
484	  5.4432	  0.781255	  9.11188e-07	  2.08287e-08	  23940	  1.17605e-09
485	  5.4432	  0.843774	  9.11188e-07	  1.94852e-08	  24192	  1.09954e-09
486	  5.4432	  0.90628	  9.11188e-07	  1.87669e-08	  23988	  1.05952e-09
487	  5.4432	  0.968758	  9.11188e-07	  1.74078e-08	  24141	  9.8243e-10
488	  6.30378	  0.030936	  6.28467e-07	  1.92808e-08	  35082	  1.06698e-09
489	  6.30378	  0.0938307	  6.28467e-07	  1.87605e-08	  39108	  1.03289e-09
490	  6.30378	  0.156319	  6.28467e-07	  1.82548e-08	  36924	  1.00774e-09
491	  6.30378	  0.218712	  6.28467e-07	  1.77546e-08	  37692	  9.79182e-10
492	  6.30378	  0.281224	  6.28467e-07	  1.70543e-08	  37092	  9.41264e-10
493	  6.30378	  0.343807	  6.28467e-07	  1.70773e-08	  37536	  9.4201e-10
494	  6.30378	  0.406302	  6.28467e-07	  1.63544e-08	  36984	  9.02761e-10
495	  6.30378	  0.468745	  6.28467e-07	  1.6069e-08	  37428	  8.86507e-10
496	  6.30378	  0.531226	  6.28467e-07	  1.53605e-08	  37392	  8.4746e-10
497	  6.30378	  0.593785	  6.28467e-07	  1.472e-08	  37200	  8.12319e-10
498	  6.30378	  0.656281	  6.28467e-07	  1.40764e-08	  36924	  7.77074e-10
499	  6.30378	  0.718743	  6.28467e-07	  1.32531e-08	  37272	  7.31305e-10
500	  6.30378	  0.781255	  6.28467e-07	  1.23609e-08	  37284	  6.82059e-10
501	  6.30378	  0.843774	  6.28467e-07	  1.14087e-08	  37188	  6.29598e-10
502	  6.30378	  0.90628	  6.28467e-07	  1.06951e-08	  37320	  5.90118e-10
503	  6.30378	  0.968758	  6.28467e-07	  9.68228e-09	  37119	  5.34369e-10
504	  7.30029	  0.030936	  4.32392e-07	  1.35892e-08	  60258	  7.3482e-10
505	  7.30029	  0.0938307	  4.32392e-07	  1.31498e-08	  56916	  7.12611e-10
506	  7.30029	  0.156319	  4.32392e-07	  1.25989e-08	  56820	  6.82798e-10
507	  7.30029	  0.218712	  4.32392e-07	  1.21657e-08	  58716	  6.58489e-10
508	  7.30029	  0.281224	  4.32392e-07	  1.15724e-08	  57840	  6.26739e-10
509	  7.30029	  0.343807	  4.32392e-07	  1.11494e-08	  57612	  6.03922e-10
510	  7.30029	  0.406302	  4.32392e-07	  1.08202e-08	  58464	  5.85759e-10
511	  7.30029	  0.468745	  4.32392e-07	  1.02588e-08	  57948	  5.55556e-10
512	  7.30029	  0.531226	  4.32392e-07	  9.72426e-09	  57708	  5.26693e-10
513	  7.30029	  0.593785	  4.32392e-07	  9.04129e-09	  58236	  4.8953e-10
514	  7.30029	  0.656281	  4.32392e-07	  8.41395e-09	  58008	  4.55632e-10
515	  7.30029	  0.718743	  4.32392e-07	  7.71338e-09	  58200	  4.17642e-10
516	  7.30029	  0.781255	  4.32392e-07	  6.98917e-09	  58128	  3.78447e-10
517	  7.30029	  0.843774	  4.32392e-07	  6.40247e-09	  57972	  3.46715e-10
518	  7.30029	  0.90628	  4.32392e-07	  5.72233e-09	  57960	  3.09885e-10
519	  7.30029	  0.968758	  4.32392e-07	  5.07873e-09	  58122	  2.75003e-10
520	  8.455	  0.030936	  2.96967e-07	  9.37661e-09	  90198	  5.00051e-10
521	  8.455	  0.0938307	  2.96967e-07	  9.11822e-09	  89292	  4.86425e-10
522	  8.455	  0.156319	  2.96967e-07	  8.70117e-09	  90804	  4.63934e-10
523	  8.455	  0.218712	  2.96967e-07	  8.11205e-09	  89628	  4.32699e-10
524	  8.455	  0.281224	  2.96967e-07	  7.65697e-09	  89844	  4.08394e-10
525	  8.455	  0.343807	  2.96967e-07	  7.27927e-09	  90636	  3.88142e-10
526	  8.455	  0.406302	  2.96967e-07	  6.78151e-09	  89628	  3.61728e-10
527	  8.455	  0.468745	  2.96967e-07	  6.3167e-09	  89772	  3.36917e-10
528	  8.455	  0.531226	  2.96967e-07	  5.8302e-09	  90324	  3.10909e-10
529	  8.455	  0.593785	  2.96967e-07	  5.27174e-09	  89784	  2.81181e-10
530	  8.455	  0.656281	  2.96967e-07	  4.74119e-09	  90216	  2.52845e-10
531	  8.455	  0.718743	  2.96967e-07	  4.26882e-09	  89796	  2.27686e-10
532	  8.455	  0.781255	  2.96967e-07	  3.78163e-09	  90120	  2.01679e-10
533	  8.455	  0.843774	  2.96967e-07	  3.31389e-09	  90132	  1.76733e-10
534	  8.455	  0.90628	  2.96967e-07	  2.91819e-09	  89916	  1.55641e-10
535	  8.455	  0.968758	  2.96967e-07	  2.52959e-09	  89964	  1.34913e-10
536	  9.79129	  0.030936	  2.03548e-07	  6.36032e-09	  139068	  3.35071e-10
537	  9.79129	  0.0938307	  2.03548e-07	  6.10272e-09	  141180	  3.21378e-10
538	  9.79129	  0.156319	  2.03548e-07	  5.77867e-09	  139380	  3.04412e-10
539	  9.79129	  0.218712	  2.03548e-07	  5.34988e-09	  138804	  2.81854e-10
540	  9.79129	  0.281224	  2.03548e-07	  4.92423e-09	  140952	  2.59327e-10
541	  9.79129	  0.343807	  2.03548e-07	  4.54951e-09	  139668	  2.39649e-10
542	  9.79129	  0.406302	  2.03548e-07	  4.12296e-09	  139464	  2.17188e-10
543	  9.79129	  0.468745	  2.03548e-07	  3.7433e-09	  139812	  1.97176e-10
544	  9.79129	  0.531226	  2.03548e-07	  3.32045e-09	  139884	  1.749e-10
545	  9.79129	  0.593785	  2.03548e-07	  2.92531e-09	  140184	  1.54079e-10
546	  9.79129	  0.656281	  2.03548e-07	  2.53595e-09	  139404	  1.33589e-10
547	  9.79129	  0.718743	  2.03548e-07	  2.22613e-09	  139932	  1.17257e-10
548	  9.79129	  0.781255	  2.03548e-07	  1.91492e-09	  139980	  1.00864e-10
549	  9.79129	  0.843774	  2.03548e-07	  1.63279e-09	  139632	  8.6009e-11
550	  9.79129	  0.90628	  2.03548e-07	  1.39843e-09	  140088	  7.36577e-11
551	  9.79129	  0.968758	  2.03548e-07	  1.17246e-09	  139623	  6.17606e-11
