#n	   k	      mu	    PL	    Pf	     w	     err  
0	  0.10472	  1	  0.00340069	  0.000243482	  3	  0.000152749
1	  0.20944	  1	  0.00120796	  7.06611e-05	  3	  4.43293e-05
2	  0.314159	  1	  0.00056581	  6.59344e-05	  3	  4.13639e-05
3	  0.418879	  1	  0.000317111	  1.21796e-05	  3	  7.64086e-06
4	  0.523599	  1	  0.000200477	  3.73647e-06	  3	  2.34407e-06
5	  0.628319	  1	  0.000135839	  1.94774e-05	  3	  1.22192e-05
6	  0.733038	  1	  9.71158e-05	  8.27474e-06	  3	  5.19116e-06
7	  0.837758	  1	  7.2289e-05	  6.96052e-06	  3	  4.36669e-06
8	  0.942478	  1	  5.55114e-05	  1.05341e-06	  3	  6.60857e-07
9	  0.10472	  0	  0.00340069	  4.37092e-05	  6	  2.00297e-05
10	  0.148096	  0.707107	  0.00216258	  6.07236e-05	  12	  2.05656e-05
11	  0.23416	  0.894427	  0.000956871	  7.11915e-05	  12	  2.41108e-05
12	  0.331153	  0.948683	  0.000512389	  2.92731e-05	  12	  9.91407e-06
13	  0.431771	  0.970143	  0.000298428	  1.65289e-05	  12	  5.59792e-06
14	  0.533968	  0.980581	  0.000192286	  1.03135e-05	  12	  3.49292e-06
15	  0.636985	  0.986394	  0.000131856	  6.84117e-06	  12	  2.31693e-06
16	  0.74048	  0.989949	  9.50147e-05	  8.53635e-06	  12	  2.89105e-06
17	  0.844278	  0.992278	  7.10317e-05	  4.28874e-06	  12	  1.45249e-06
18	  0.948278	  0.993884	  5.47385e-05	  4.06698e-06	  12	  1.37738e-06
19	  0.148096	  0	  0.00216258	  2.32767e-05	  6	  1.06665e-05
20	  0.18138	  0.57735	  0.00153421	  3.04179e-05	  12	  1.03018e-05
21	  0.25651	  0.816497	  0.000842148	  3.48818e-05	  12	  1.18136e-05
22	  0.347316	  0.904534	  0.000461525	  2.04671e-05	  12	  6.93171e-06
23	  0.444288	  0.942809	  0.000282116	  1.28349e-05	  12	  4.34685e-06
24	  0.54414	  0.96225	  0.000184652	  1.22377e-05	  12	  4.1446e-06
25	  0.645536	  0.973329	  0.000128147	  7.11772e-06	  12	  2.4106e-06
26	  0.747849	  0.980196	  9.29373e-05	  5.00246e-06	  12	  1.69421e-06
27	  0.850747	  0.984732	  6.98511e-05	  5.38153e-06	  12	  1.82259e-06
28	  0.954042	  0.987878	  5.39956e-05	  3.7448e-06	  12	  1.26827e-06
29	  0.20944	  0	  0.00120796	  1.48619e-05	  6	  6.81046e-06
30	  0.23416	  0.447214	  0.000956871	  2.34453e-05	  12	  7.94033e-06
31	  0.296192	  0.707107	  0.000623093	  2.7847e-05	  12	  9.43108e-06
32	  0.377572	  0.83205	  0.000392702	  1.88627e-05	  12	  6.38834e-06
33	  0.468321	  0.894427	  0.000253118	  1.45976e-05	  12	  4.94384e-06
34	  0.563933	  0.928477	  0.000171157	  6.00564e-06	  12	  2.03396e-06
35	  0.662306	  0.948683	  0.000121199	  6.10016e-06	  12	  2.06597e-06
36	  0.762371	  0.961524	  8.90872e-05	  5.66891e-06	  12	  1.91992e-06
37	  0.863541	  0.970143	  6.75513e-05	  1.76822e-06	  12	  5.98852e-07
38	  0.965468	  0.976187	  5.25652e-05	  2.86908e-06	  12	  9.71686e-07
39	  0.23416	  0	  0.000956871	  1.46513e-05	  12	  4.96202e-06
40	  0.25651	  0.408248	  0.000842148	  1.41701e-05	  24	  3.60096e-06
41	  0.314159	  0.666667	  0.00056581	  1.92144e-05	  24	  4.88284e-06
42	  0.391825	  0.801784	  0.000365623	  1.41982e-05	  24	  3.60811e-06
43	  0.479886	  0.872872	  0.000240238	  1.6532e-05	  24	  4.20119e-06
44	  0.573574	  0.912871	  0.000165194	  7.34399e-06	  24	  1.86629e-06
45	  0.670534	  0.937043	  0.000118025	  5.18639e-06	  24	  1.31799e-06
46	  0.76953	  0.952579	  8.72914e-05	  4.89055e-06	  24	  1.24281e-06
47	  0.869868	  0.963087	  6.64672e-05	  4.04273e-06	  24	  1.02736e-06
48	  0.971131	  0.970495	  5.18642e-05	  3.20508e-06	  24	  8.14489e-07
49	  0.296192	  0	  0.000623093	  8.44869e-06	  6	  3.8716e-06
50	  0.314159	  0.333333	  0.00056581	  1.05931e-05	  12	  3.5876e-06
51	  0.36276	  0.57735	  0.000422434	  9.03205e-06	  12	  3.05893e-06
52	  0.431771	  0.727607	  0.000298428	  1.13166e-05	  12	  3.83266e-06
53	  0.51302	  0.816497	  0.000209203	  1.04443e-05	  12	  3.53723e-06
54	  0.601569	  0.870388	  0.000149161	  8.03521e-06	  12	  2.72133e-06
55	  0.694632	  0.904534	  0.000109288	  7.62527e-06	  12	  2.58249e-06
56	  0.790617	  0.927173	  8.22162e-05	  4.12126e-06	  12	  1.39577e-06
57	  0.888577	  0.942809	  6.33722e-05	  3.37406e-06	  12	  1.14271e-06
58	  0.987924	  0.953998	  4.9893e-05	  1.64012e-06	  12	  5.55468e-07
59	  0.314159	  0	  0.00056581	  1.12887e-05	  6	  5.17304e-06
60	  0.331153	  0.316228	  0.000512389	  8.59909e-06	  12	  2.9123e-06
61	  0.377572	  0.5547	  0.000392702	  1.2141e-05	  12	  4.11185e-06
62	  0.444288	  0.707107	  0.000282116	  6.44478e-06	  12	  2.18269e-06
63	  0.523599	  0.8	  0.000200477	  9.87138e-06	  12	  3.34319e-06
64	  0.610616	  0.857493	  0.00014445	  4.12877e-06	  12	  1.39831e-06
65	  0.702481	  0.894427	  0.000106629	  4.96494e-06	  12	  1.6815e-06
66	  0.797522	  0.919145	  8.0644e-05	  4.43603e-06	  12	  1.50237e-06
67	  0.894726	  0.936329	  6.23818e-05	  2.077e-06	  12	  7.03429e-07
68	  0.993459	  0.948683	  4.92701e-05	  2.63737e-06	  12	  8.93213e-07
69	  0.331153	  0	  0.000512389	  6.89464e-06	  12	  2.33504e-06
70	  0.347316	  0.301511	  0.000461525	  6.41746e-06	  24	  1.63083e-06
71	  0.391825	  0.534522	  0.000365623	  6.87998e-06	  24	  1.74837e-06
72	  0.456463	  0.688247	  0.00026716	  1.1712e-05	  24	  2.9763e-06
73	  0.533968	  0.784465	  0.000192286	  6.14549e-06	  24	  1.56172e-06
74	  0.61953	  0.845154	  0.000140033	  4.78577e-06	  24	  1.21618e-06
75	  0.710244	  0.884652	  0.000104113	  7.01138e-06	  24	  1.78176e-06
76	  0.804368	  0.911322	  7.91357e-05	  3.98168e-06	  24	  1.01184e-06
77	  0.900833	  0.929981	  6.14503e-05	  3.15927e-06	  24	  8.02847e-07
78	  0.998963	  0.943456	  4.86634e-05	  2.07079e-06	  24	  5.26239e-07
79	  0.377572	  0	  0.000392702	  5.66666e-06	  12	  1.91916e-06
80	  0.391825	  0.267261	  0.000365623	  4.44284e-06	  24	  1.12903e-06
81	  0.431771	  0.485071	  0.000298428	  7.23631e-06	  24	  1.83892e-06
82	  0.491179	  0.639602	  0.000228743	  5.30591e-06	  24	  1.34836e-06
83	  0.563933	  0.742781	  0.000171157	  6.969e-06	  24	  1.77099e-06
84	  0.645536	  0.811107	  0.000128147	  5.68907e-06	  24	  1.44573e-06
85	  0.733038	  0.857143	  9.71158e-05	  5.03332e-06	  24	  1.27909e-06
86	  0.824564	  0.889001	  7.48811e-05	  2.2466e-06	  24	  5.70915e-07
87	  0.918912	  0.911685	  5.87657e-05	  3.25979e-06	  24	  8.28392e-07
88	  0.418879	  0	  0.000317111	  1.36869e-06	  6	  6.27202e-07
89	  0.431771	  0.242536	  0.000298428	  3.37423e-06	  12	  1.14277e-06
90	  0.468321	  0.447214	  0.000253118	  5.61111e-06	  12	  1.90034e-06
91	  0.523599	  0.6	  0.000200477	  5.47354e-06	  12	  1.85375e-06
92	  0.592384	  0.707107	  0.000154211	  2.73338e-06	  12	  9.25728e-07
93	  0.670534	  0.780869	  0.000118025	  5.66964e-06	  12	  1.92017e-06
94	  0.755145	  0.83205	  9.10016e-05	  3.34284e-06	  12	  1.13214e-06
95	  0.844278	  0.868243	  7.10317e-05	  3.17574e-06	  12	  1.07554e-06
96	  0.936642	  0.894427	  5.6289e-05	  1.7106e-06	  12	  5.79338e-07
97	  0.431771	  0	  0.000298428	  3.1837e-06	  12	  1.07824e-06
98	  0.444288	  0.235702	  0.000282116	  1.92027e-06	  24	  4.87988e-07
99	  0.479886	  0.436436	  0.000240238	  6.45984e-06	  24	  1.6416e-06
100	  0.533968	  0.588348	  0.000192286	  3.39809e-06	  24	  8.63537e-07
101	  0.601569	  0.696311	  0.000149161	  3.19912e-06	  24	  8.12973e-07
102	  0.678662	  0.771517	  0.000114957	  3.15301e-06	  24	  8.01256e-07
103	  0.762371	  0.824163	  8.90872e-05	  4.50859e-06	  24	  1.14574e-06
104	  0.850747	  0.86164	  6.98511e-05	  3.87086e-06	  24	  9.8368e-07
105	  0.942478	  0.888889	  5.55114e-05	  3.23503e-06	  24	  8.22098e-07
106	  0.444288	  0	  0.000282116	  2.71544e-06	  6	  1.24434e-06
107	  0.456463	  0.229416	  0.00026716	  4.91547e-06	  12	  1.66475e-06
108	  0.491179	  0.426401	  0.000228743	  4.31743e-06	  12	  1.46221e-06
109	  0.54414	  0.57735	  0.000184652	  1.59209e-06	  12	  5.39201e-07
110	  0.610616	  0.685994	  0.00014445	  5.80876e-06	  12	  1.96728e-06
111	  0.686693	  0.762493	  0.00011206	  3.57351e-06	  12	  1.21026e-06
112	  0.76953	  0.816497	  8.72914e-05	  3.194e-06	  12	  1.08173e-06
113	  0.857168	  0.855186	  6.86794e-05	  1.84083e-06	  12	  6.23442e-07
114	  0.948278	  0.883452	  5.47385e-05	  1.52967e-06	  12	  5.1806e-07
115	  0.468321	  0	  0.000253118	  3.50806e-06	  12	  1.18809e-06
116	  0.479886	  0.218218	  0.000240238	  4.94343e-06	  24	  1.25625e-06
117	  0.51302	  0.408248	  0.000209203	  5.18129e-06	  24	  1.31669e-06
118	  0.563933	  0.557086	  0.000171157	  4.75143e-06	  24	  1.20745e-06
119	  0.628319	  0.666667	  0.000135839	  3.37201e-06	  24	  8.5691e-07
120	  0.702481	  0.745356	  0.000106629	  4.15413e-06	  24	  1.05566e-06
121	  0.783651	  0.801784	  8.38484e-05	  3.46426e-06	  24	  8.80353e-07
122	  0.869868	  0.842701	  6.64672e-05	  2.25753e-06	  24	  5.73693e-07
123	  0.959772	  0.872872	  5.32783e-05	  2.2785e-06	  24	  5.79022e-07
124	  0.523599	  0	  0.000200477	  2.4844e-06	  18	  7.09799e-07
125	  0.533968	  0.196116	  0.000192286	  2.25662e-06	  36	  4.88935e-07
126	  0.563933	  0.371391	  0.000171157	  2.34082e-06	  36	  5.07178e-07
127	  0.610616	  0.514496	  0.00014445	  2.78129e-06	  36	  6.02614e-07
128	  0.670534	  0.624695	  0.000118025	  2.91603e-06	  36	  6.31807e-07
129	  0.74048	  0.707107	  9.50147e-05	  3.09635e-06	  36	  6.70876e-07
130	  0.817887	  0.768221	  7.62607e-05	  2.74825e-06	  36	  5.95455e-07
131	  0.900833	  0.813733	  6.14503e-05	  2.43785e-06	  36	  5.282e-07
132	  0.987924	  0.847998	  4.9893e-05	  2.05834e-06	  36	  4.45973e-07
133	  0.533968	  0	  0.000192286	  2.26531e-06	  12	  7.67206e-07
134	  0.54414	  0.19245	  0.000184652	  3.56147e-06	  24	  9.05057e-07
135	  0.573574	  0.365148	  0.000165194	  2.43682e-06	  24	  6.19254e-07
136	  0.61953	  0.507093	  0.000140033	  3.11668e-06	  24	  7.92023e-07
137	  0.678662	  0.617213	  0.000114957	  2.91276e-06	  24	  7.40202e-07
138	  0.747849	  0.70014	  9.29373e-05	  2.83037e-06	  24	  7.19266e-07
139	  0.824564	  0.762001	  7.48811e-05	  1.22187e-06	  24	  3.10507e-07
140	  0.9069	  0.80829	  6.0533e-05	  2.5859e-06	  24	  6.5714e-07
141	  0.993459	  0.843274	  4.92701e-05	  1.93657e-06	  24	  4.92129e-07
142	  0.563933	  0	  0.000171157	  1.00389e-06	  12	  3.39992e-07
143	  0.573574	  0.182574	  0.000165194	  2.00197e-06	  24	  5.08749e-07
144	  0.601569	  0.348155	  0.000149161	  2.46977e-06	  24	  6.27629e-07
145	  0.645536	  0.486664	  0.000128147	  2.99596e-06	  24	  7.61346e-07
146	  0.702481	  0.596285	  0.000106629	  2.98664e-06	  24	  7.58978e-07
147	  0.76953	  0.680414	  8.72914e-05	  1.78769e-06	  24	  4.54295e-07
148	  0.844278	  0.744208	  7.10317e-05	  2.72231e-06	  24	  6.91806e-07
149	  0.92486	  0.792594	  5.79216e-05	  2.26976e-06	  24	  5.76802e-07
150	  0.592384	  0	  0.000154211	  6.91188e-07	  6	  3.16736e-07
151	  0.601569	  0.174078	  0.000149161	  1.41825e-06	  12	  4.80326e-07
152	  0.628319	  0.333333	  0.000135839	  1.91785e-06	  12	  6.49527e-07
153	  0.670534	  0.468521	  0.000118025	  1.72978e-06	  12	  5.85833e-07
154	  0.72552	  0.57735	  9.93707e-05	  3.38853e-06	  12	  1.14761e-06
155	  0.790617	  0.662266	  8.22162e-05	  2.49255e-06	  12	  8.44166e-07
156	  0.863541	  0.727607	  6.75513e-05	  2.04162e-06	  12	  6.91446e-07
157	  0.942478	  0.777778	  5.55114e-05	  1.57121e-06	  12	  5.32131e-07
158	  0.610616	  0	  0.00014445	  1.39271e-06	  12	  4.71675e-07
159	  0.61953	  0.169031	  0.000140033	  1.78466e-06	  24	  4.53524e-07
160	  0.645536	  0.324443	  0.000128147	  2.14628e-06	  24	  5.45421e-07
161	  0.686693	  0.457496	  0.00011206	  2.3449e-06	  24	  5.95895e-07
162	  0.74048	  0.565685	  9.50147e-05	  1.99471e-06	  24	  5.06905e-07
163	  0.804368	  0.650945	  7.91357e-05	  2.72607e-06	  24	  6.92759e-07
164	  0.876148	  0.717137	  6.5391e-05	  2.3938e-06	  24	  6.08323e-07
165	  0.954042	  0.76835	  5.39956e-05	  1.89535e-06	  24	  4.81653e-07
166	  0.628319	  0	  0.000135839	  5.10228e-06	  6	  2.33811e-06
167	  0.636985	  0.164399	  0.000131856	  2.37332e-06	  12	  8.03784e-07
168	  0.662306	  0.316228	  0.000121199	  1.7023e-06	  12	  5.76528e-07
169	  0.702481	  0.447214	  0.000106629	  9.89011e-07	  12	  3.34953e-07
170	  0.755145	  0.5547	  9.10016e-05	  1.28418e-06	  12	  4.34921e-07
171	  0.817887	  0.640184	  7.62607e-05	  1.62741e-06	  12	  5.51165e-07
172	  0.888577	  0.707107	  6.33722e-05	  1.68853e-06	  12	  5.71863e-07
173	  0.965468	  0.759257	  5.25652e-05	  1.93679e-06	  12	  6.55943e-07
174	  0.636985	  0	  0.000131856	  2.32788e-06	  12	  7.88395e-07
175	  0.645536	  0.162221	  0.000128147	  1.27251e-06	  24	  3.23374e-07
176	  0.670534	  0.312348	  0.000118025	  1.53572e-06	  24	  3.90264e-07
177	  0.710244	  0.442326	  0.000104113	  2.05314e-06	  24	  5.21752e-07
178	  0.762371	  0.549442	  8.90872e-05	  2.56377e-06	  24	  6.51517e-07
179	  0.824564	  0.635001	  7.48811e-05	  1.31396e-06	  24	  3.33909e-07
180	  0.894726	  0.702247	  6.23818e-05	  1.40891e-06	  24	  3.58037e-07
181	  0.971131	  0.754829	  5.18642e-05	  1.73432e-06	  24	  4.40734e-07
182	  0.662306	  0	  0.000121199	  1.49461e-06	  12	  5.06187e-07
183	  0.670534	  0.156174	  0.000118025	  1.42015e-06	  24	  3.60895e-07
184	  0.694632	  0.301511	  0.000109288	  1.44975e-06	  24	  3.68418e-07
185	  0.733038	  0.428571	  9.71158e-05	  1.99441e-06	  24	  5.06827e-07
186	  0.783651	  0.534522	  8.38484e-05	  1.57324e-06	  24	  3.99798e-07
187	  0.844278	  0.620174	  7.10317e-05	  1.53064e-06	  24	  3.88972e-07
188	  0.912926	  0.688247	  5.96217e-05	  1.21267e-06	  24	  3.08168e-07
189	  0.987924	  0.741999	  4.9893e-05	  1.48607e-06	  24	  3.77646e-07
190	  0.670534	  0	  0.000118025	  1.82128e-06	  12	  6.16823e-07
191	  0.678662	  0.154303	  0.000114957	  1.22625e-06	  24	  3.1162e-07
192	  0.702481	  0.298142	  0.000106629	  1.89316e-06	  24	  4.81098e-07
193	  0.74048	  0.424264	  9.50147e-05	  1.52395e-06	  24	  3.87272e-07
194	  0.790617	  0.529813	  8.22162e-05	  1.63232e-06	  24	  4.14811e-07
195	  0.850747	  0.615457	  6.98511e-05	  1.18299e-06	  24	  3.00626e-07
196	  0.918912	  0.683763	  5.87657e-05	  1.80929e-06	  24	  4.59784e-07
197	  0.993459	  0.737865	  4.92701e-05	  1.56348e-06	  24	  3.97318e-07
198	  0.702481	  0	  0.000106629	  8.07945e-07	  12	  2.73631e-07
199	  0.710244	  0.147442	  0.000104113	  1.51133e-06	  24	  3.84065e-07
200	  0.733038	  0.285714	  9.71158e-05	  1.91296e-06	  24	  4.8613e-07
201	  0.76953	  0.408248	  8.72914e-05	  1.54124e-06	  24	  3.91665e-07
202	  0.817887	  0.512148	  7.62607e-05	  2.3031e-06	  24	  5.85274e-07
203	  0.876148	  0.597614	  6.5391e-05	  1.80818e-06	  24	  4.59503e-07
204	  0.942478	  0.666667	  5.55114e-05	  1.5878e-06	  24	  4.03498e-07
205	  0.733038	  0	  9.71158e-05	  1.04405e-06	  6	  4.78434e-07
206	  0.74048	  0.141421	  9.50147e-05	  1.16491e-06	  12	  3.94526e-07
207	  0.762371	  0.274721	  8.90872e-05	  9.56538e-07	  12	  3.23956e-07
208	  0.797522	  0.393919	  8.0644e-05	  1.46153e-06	  12	  4.94985e-07
209	  0.844278	  0.496139	  7.10317e-05	  1.6881e-06	  12	  5.71716e-07
210	  0.900833	  0.581238	  6.14503e-05	  1.91843e-06	  12	  6.49725e-07
211	  0.965468	  0.650791	  5.25652e-05	  1.44906e-06	  12	  4.90761e-07
212	  0.74048	  0	  9.50147e-05	  1.21515e-06	  18	  3.4717e-07
213	  0.747849	  0.140028	  9.29373e-05	  1.58897e-06	  36	  3.44278e-07
214	  0.76953	  0.272166	  8.72914e-05	  1.25909e-06	  36	  2.72803e-07
215	  0.804368	  0.390567	  7.91357e-05	  1.81673e-06	  36	  3.93626e-07
216	  0.850747	  0.492366	  6.98511e-05	  1.18304e-06	  36	  2.56326e-07
217	  0.9069	  0.57735	  6.0533e-05	  1.19732e-06	  36	  2.59419e-07
218	  0.971131	  0.646997	  5.18642e-05	  1.97238e-06	  36	  4.2735e-07
219	  0.755145	  0	  9.10016e-05	  8.30681e-07	  12	  2.81331e-07
220	  0.762371	  0.137361	  8.90872e-05	  1.4997e-06	  24	  3.8111e-07
221	  0.783651	  0.267261	  8.38484e-05	  1.28367e-06	  24	  3.2621e-07
222	  0.817887	  0.384111	  7.62607e-05	  1.56018e-06	  24	  3.96479e-07
223	  0.863541	  0.485071	  6.75513e-05	  8.29317e-07	  24	  2.10749e-07
224	  0.918912	  0.569803	  5.87657e-05	  1.28854e-06	  24	  3.27448e-07
225	  0.982358	  0.639602	  5.05463e-05	  1.1509e-06	  24	  2.9247e-07
226	  0.762371	  0	  8.90872e-05	  6.70738e-07	  12	  2.27162e-07
227	  0.76953	  0.136083	  8.72914e-05	  1.53611e-06	  24	  3.90361e-07
228	  0.790617	  0.264906	  8.22162e-05	  1.08758e-06	  24	  2.76381e-07
229	  0.824564	  0.381	  7.48811e-05	  1.06187e-06	  24	  2.69847e-07
230	  0.869868	  0.481543	  6.64672e-05	  7.86779e-07	  24	  1.9994e-07
231	  0.92486	  0.566139	  5.79216e-05	  1.52812e-06	  24	  3.88331e-07
232	  0.987924	  0.635999	  4.9893e-05	  1.16404e-06	  24	  2.95809e-07
233	  0.797522	  0	  8.0644e-05	  1.25044e-06	  12	  4.23492e-07
234	  0.804368	  0.130189	  7.91357e-05	  1.40695e-06	  24	  3.57539e-07
235	  0.824564	  0.254	  7.48811e-05	  9.04512e-07	  24	  2.29858e-07
236	  0.857168	  0.366508	  6.86794e-05	  1.20171e-06	  24	  3.05384e-07
237	  0.900833	  0.464991	  6.14503e-05	  1.13098e-06	  24	  2.87409e-07
238	  0.954042	  0.548821	  5.39956e-05	  1.25377e-06	  24	  3.18614e-07
239	  0.817887	  0	  7.62607e-05	  9.39737e-07	  12	  3.18266e-07
240	  0.824564	  0.127	  7.48811e-05	  8.58678e-07	  24	  2.18211e-07
241	  0.844278	  0.248069	  7.10317e-05	  9.64151e-07	  24	  2.45014e-07
242	  0.876148	  0.358569	  6.5391e-05	  1.23007e-06	  24	  3.12591e-07
243	  0.918912	  0.455842	  5.87657e-05	  1.10358e-06	  24	  2.80447e-07
244	  0.971131	  0.539164	  5.18642e-05	  1.32342e-06	  24	  3.36312e-07
245	  0.837758	  0	  7.2289e-05	  1.06499e-06	  6	  4.8803e-07
246	  0.844278	  0.124035	  7.10317e-05	  1.44263e-06	  12	  4.88583e-07
247	  0.863541	  0.242536	  6.75513e-05	  4.40413e-07	  12	  1.49157e-07
248	  0.894726	  0.351123	  6.23818e-05	  9.06732e-07	  12	  3.07088e-07
249	  0.936642	  0.447214	  5.6289e-05	  9.24602e-07	  12	  3.1314e-07
250	  0.987924	  0.529999	  4.9893e-05	  1.54823e-06	  12	  5.24345e-07
251	  0.844278	  0	  7.10317e-05	  1.26946e-06	  24	  3.22601e-07
252	  0.850747	  0.123091	  6.98511e-05	  1.04309e-06	  48	  2.02712e-07
253	  0.869868	  0.240772	  6.64672e-05	  9.11304e-07	  48	  1.77101e-07
254	  0.900833	  0.348743	  6.14503e-05	  1.05001e-06	  48	  2.04056e-07
255	  0.942478	  0.444444	  5.55114e-05	  1.06977e-06	  48	  2.07896e-07
256	  0.993459	  0.527046	  4.92701e-05	  1.16754e-06	  48	  2.26897e-07
257	  0.863541	  0	  6.75513e-05	  5.07003e-07	  12	  1.71709e-07
258	  0.869868	  0.120386	  6.64672e-05	  9.32177e-07	  24	  2.36889e-07
259	  0.888577	  0.235702	  6.33722e-05	  9.57826e-07	  24	  2.43407e-07
260	  0.918912	  0.341882	  5.87657e-05	  9.38223e-07	  24	  2.38425e-07
261	  0.959772	  0.436436	  5.32783e-05	  1.03088e-06	  24	  2.61971e-07
262	  0.888577	  0	  6.33722e-05	  8.96443e-07	  6	  4.10794e-07
263	  0.894726	  0.117041	  6.23818e-05	  6.81862e-07	  12	  2.3093e-07
264	  0.912926	  0.229416	  5.96217e-05	  9.10868e-07	  12	  3.08488e-07
265	  0.942478	  0.333333	  5.55114e-05	  1.04935e-06	  12	  3.55389e-07
266	  0.982358	  0.426401	  5.05463e-05	  9.98099e-07	  12	  3.38031e-07
267	  0.894726	  0	  6.23818e-05	  6.52292e-07	  12	  2.20915e-07
268	  0.900833	  0.116248	  6.14503e-05	  8.26665e-07	  24	  2.10076e-07
269	  0.918912	  0.227921	  5.87657e-05	  9.43064e-07	  24	  2.39655e-07
270	  0.948278	  0.331295	  5.47385e-05	  1.02423e-06	  24	  2.60282e-07
271	  0.987924	  0.423999	  4.9893e-05	  8.41871e-07	  24	  2.1394e-07
272	  0.900833	  0	  6.14503e-05	  1.2218e-06	  12	  4.13792e-07
273	  0.9069	  0.11547	  6.0533e-05	  7.9644e-07	  24	  2.02395e-07
274	  0.92486	  0.226455	  5.79216e-05	  6.75132e-07	  24	  1.71567e-07
275	  0.954042	  0.329293	  5.39956e-05	  9.99108e-07	  24	  2.53898e-07
276	  0.993459	  0.421637	  4.92701e-05	  9.50063e-07	  24	  2.41434e-07
277	  0.936642	  0	  5.6289e-05	  5.70645e-07	  12	  1.93263e-07
278	  0.942478	  0.111111	  5.55114e-05	  8.81363e-07	  24	  2.23976e-07
279	  0.959772	  0.218218	  5.32783e-05	  7.31252e-07	  24	  1.85829e-07
280	  0.987924	  0.317999	  4.9893e-05	  6.79483e-07	  24	  1.72673e-07
281	  0.942478	  0	  5.55114e-05	  1.52153e-06	  6	  6.97237e-07
282	  0.948278	  0.110432	  5.47385e-05	  1.02157e-06	  12	  3.45979e-07
283	  0.965468	  0.21693	  5.25652e-05	  8.99594e-07	  12	  3.0467e-07
284	  0.993459	  0.316228	  4.92701e-05	  8.89401e-07	  12	  3.01218e-07
285	  0.948278	  0	  5.47385e-05	  9.28887e-07	  12	  3.14591e-07
286	  0.954042	  0.109764	  5.39956e-05	  6.33433e-07	  24	  1.60971e-07
287	  0.971131	  0.215666	  5.18642e-05	  5.4338e-07	  24	  1.38086e-07
288	  0.998963	  0.314485	  4.86634e-05	  8.03251e-07	  24	  2.04125e-07
289	  0.965468	  0	  5.25652e-05	  7.00599e-07	  24	  1.78039e-07
290	  0.971131	  0.107833	  5.18642e-05	  7.80293e-07	  48	  1.5164e-07
291	  0.987924	  0.212	  4.9893e-05	  8.50566e-07	  48	  1.65297e-07
292	  0.987924	  0	  4.9893e-05	  7.07337e-07	  12	  2.39557e-07
293	  0.993459	  0.105409	  4.92701e-05	  7.51606e-07	  24	  1.91001e-07
294	  0.993459	  0	  4.92701e-05	  6.07164e-07	  12	  2.05631e-07
295	  0.998963	  0.104828	  4.86634e-05	  6.67606e-07	  24	  1.69655e-07
296	  1.08818	  0.030936	  4.0048e-05	  6.18968e-07	  138	  8.36385e-08
297	  1.08818	  0.0938307	  4.0048e-05	  5.61696e-07	  252	  6.34683e-08
298	  1.08818	  0.156319	  4.0048e-05	  5.05923e-07	  72	  8.49197e-08
299	  1.08818	  0.218712	  4.0048e-05	  5.64753e-07	  216	  6.66642e-08
300	  1.08818	  0.281224	  4.0048e-05	  6.75588e-07	  288	  7.35888e-08
301	  1.08818	  0.343807	  4.0048e-05	  6.21961e-07	  120	  8.78751e-08
302	  1.08818	  0.406302	  4.0048e-05	  8.94532e-07	  180	  1.11401e-07
303	  1.08818	  0.468745	  4.0048e-05	  8.58528e-07	  180	  1.06917e-07
304	  1.08818	  0.531226	  4.0048e-05	  9.63471e-07	  192	  1.17706e-07
305	  1.08818	  0.593785	  4.0048e-05	  1.24705e-06	  192	  1.5235e-07
306	  1.08818	  0.656281	  4.0048e-05	  1.06351e-06	  168	  1.35228e-07
307	  1.08818	  0.718743	  4.0048e-05	  1.33652e-06	  228	  1.55339e-07
308	  1.08818	  0.781255	  4.0048e-05	  1.83194e-06	  144	  2.44259e-07
309	  1.08818	  0.843774	  4.0048e-05	  1.55415e-06	  240	  1.78027e-07
310	  1.08818	  0.90628	  4.0048e-05	  2.04648e-06	  168	  2.60213e-07
311	  1.08818	  0.968758	  4.0048e-05	  1.992e-06	  150	  2.62246e-07
312	  1.25577	  0.030936	  2.88042e-05	  4.70618e-07	  198	  5.69762e-08
313	  1.25577	  0.0938307	  2.88042e-05	  4.74583e-07	  396	  4.75778e-08
314	  1.25577	  0.156319	  2.88042e-05	  4.65372e-07	  396	  4.66544e-08
315	  1.25577	  0.218712	  2.88042e-05	  4.39108e-07	  204	  5.26991e-08
316	  1.25577	  0.281224	  2.88042e-05	  5.13934e-07	  216	  6.06655e-08
317	  1.25577	  0.343807	  2.88042e-05	  5.14763e-07	  372	  5.24274e-08
318	  1.25577	  0.406302	  2.88042e-05	  5.88862e-07	  312	  6.27809e-08
319	  1.25577	  0.468745	  2.88042e-05	  5.89114e-07	  288	  6.41696e-08
320	  1.25577	  0.531226	  2.88042e-05	  7.92828e-07	  264	  8.84366e-08
321	  1.25577	  0.593785	  2.88042e-05	  7.30055e-07	  312	  7.7834e-08
322	  1.25577	  0.656281	  2.88042e-05	  8.21162e-07	  276	  9.04862e-08
323	  1.25577	  0.718743	  2.88042e-05	  9.09594e-07	  312	  9.69754e-08
324	  1.25577	  0.781255	  2.88042e-05	  1.05063e-06	  276	  1.15772e-07
325	  1.25577	  0.843774	  2.88042e-05	  1.11101e-06	  240	  1.27266e-07
326	  1.25577	  0.90628	  2.88042e-05	  1.26874e-06	  324	  1.33923e-07
327	  1.25577	  0.968758	  2.88042e-05	  1.44779e-06	  315	  1.53963e-07
328	  1.45182	  0.030936	  2.05474e-05	  3.32023e-07	  246	  3.77702e-08
329	  1.45182	  0.0938307	  2.05474e-05	  3.01793e-07	  516	  2.83753e-08
330	  1.45182	  0.156319	  2.05474e-05	  3.40309e-07	  504	  3.2174e-08
331	  1.45182	  0.218712	  2.05474e-05	  3.17141e-07	  528	  2.96588e-08
332	  1.45182	  0.281224	  2.05474e-05	  3.40148e-07	  504	  3.21588e-08
333	  1.45182	  0.343807	  2.05474e-05	  3.83208e-07	  384	  3.87159e-08
334	  1.45182	  0.406302	  2.05474e-05	  4.74198e-07	  420	  4.68484e-08
335	  1.45182	  0.468745	  2.05474e-05	  4.15585e-07	  468	  3.99897e-08
336	  1.45182	  0.531226	  2.05474e-05	  4.63216e-07	  480	  4.43036e-08
337	  1.45182	  0.593785	  2.05474e-05	  5.02488e-07	  468	  4.83519e-08
338	  1.45182	  0.656281	  2.05474e-05	  5.41823e-07	  396	  5.43188e-08
339	  1.45182	  0.718743	  2.05474e-05	  5.94715e-07	  456	  5.75858e-08
340	  1.45182	  0.781255	  2.05474e-05	  7.46841e-07	  432	  7.32745e-08
341	  1.45182	  0.843774	  2.05474e-05	  7.42811e-07	  480	  7.10451e-08
342	  1.45182	  0.90628	  2.05474e-05	  9.10713e-07	  480	  8.71038e-08
343	  1.45182	  0.968758	  2.05474e-05	  9.65765e-07	  414	  9.5753e-08
344	  1.68148	  0.030936	  1.45436e-05	  2.23631e-07	  798	  1.9098e-08
345	  1.68148	  0.0938307	  1.45436e-05	  2.53222e-07	  708	  2.21778e-08
346	  1.68148	  0.156319	  1.45436e-05	  2.34601e-07	  684	  2.07003e-08
347	  1.68148	  0.218712	  1.45436e-05	  2.56761e-07	  720	  2.2407e-08
348	  1.68148	  0.281224	  1.45436e-05	  2.62027e-07	  708	  2.29489e-08
349	  1.68148	  0.343807	  1.45436e-05	  2.72906e-07	  720	  2.38159e-08
350	  1.68148	  0.406302	  1.45436e-05	  2.94162e-07	  672	  2.60556e-08
351	  1.68148	  0.468745	  1.45436e-05	  3.39822e-07	  732	  2.95512e-08
352	  1.68148	  0.531226	  1.45436e-05	  3.5573e-07	  672	  3.15091e-08
353	  1.68148	  0.593785	  1.45436e-05	  3.58524e-07	  708	  3.14004e-08
354	  1.68148	  0.656281	  1.45436e-05	  3.79894e-07	  744	  3.29223e-08
355	  1.68148	  0.718743	  1.45436e-05	  4.72725e-07	  744	  4.09672e-08
356	  1.68148	  0.781255	  1.45436e-05	  5.09851e-07	  696	  4.48184e-08
357	  1.68148	  0.843774	  1.45436e-05	  5.30064e-07	  708	  4.64242e-08
358	  1.68148	  0.90628	  1.45436e-05	  5.93977e-07	  696	  5.22135e-08
359	  1.68148	  0.968758	  1.45436e-05	  6.42334e-07	  741	  5.57134e-08
360	  1.94819	  0.030936	  1.02432e-05	  1.69435e-07	  1368	  1.30528e-08
361	  1.94819	  0.0938307	  1.02432e-05	  1.70687e-07	  924	  1.41496e-08
362	  1.94819	  0.156319	  1.02432e-05	  1.81427e-07	  972	  1.48906e-08
363	  1.94819	  0.218712	  1.02432e-05	  1.9089e-07	  972	  1.56673e-08
364	  1.94819	  0.281224	  1.02432e-05	  1.77618e-07	  1200	  1.40083e-08
365	  1.94819	  0.343807	  1.02432e-05	  1.86736e-07	  1140	  1.48674e-08
366	  1.94819	  0.406302	  1.02432e-05	  2.07716e-07	  1080	  1.67064e-08
367	  1.94819	  0.468745	  1.02432e-05	  2.32024e-07	  1068	  1.8701e-08
368	  1.94819	  0.531226	  1.02432e-05	  2.23278e-07	  1164	  1.77083e-08
369	  1.94819	  0.593785	  1.02432e-05	  2.6799e-07	  1188	  2.11747e-08
370	  1.94819	  0.656281	  1.02432e-05	  2.68273e-07	  1068	  2.16227e-08
371	  1.94819	  0.718743	  1.02432e-05	  2.85488e-07	  1008	  2.32664e-08
372	  1.94819	  0.781255	  1.02432e-05	  3.22364e-07	  1164	  2.55669e-08
373	  1.94819	  0.843774	  1.02432e-05	  3.40445e-07	  1176	  2.69498e-08
374	  1.94819	  0.90628	  1.02432e-05	  3.67477e-07	  1080	  2.95558e-08
375	  1.94819	  0.968758	  1.02432e-05	  3.8832e-07	  1038	  3.14689e-08
376	  2.25604	  0.030936	  7.19976e-06	  1.2701e-07	  1896	  9.26735e-09
377	  2.25604	  0.0938307	  7.19976e-06	  1.28277e-07	  1272	  1.00106e-08
378	  2.25604	  0.156319	  7.19976e-06	  1.23834e-07	  2040	  8.93343e-09
379	  2.25604	  0.218712	  7.19976e-06	  1.34004e-07	  1740	  9.91271e-09
380	  2.25604	  0.281224	  7.19976e-06	  1.36775e-07	  1584	  1.02754e-08
381	  2.25604	  0.343807	  7.19976e-06	  1.39485e-07	  1764	  1.02953e-08
382	  2.25604	  0.406302	  7.19976e-06	  1.46468e-07	  1632	  1.0949e-08
383	  2.25604	  0.468745	  7.19976e-06	  1.55033e-07	  1860	  1.13464e-08
384	  2.25604	  0.531226	  7.19976e-06	  1.67186e-07	  1560	  1.25922e-08
385	  2.25604	  0.593785	  7.19976e-06	  1.74873e-07	  1692	  1.29949e-08
386	  2.25604	  0.656281	  7.19976e-06	  1.91391e-07	  1704	  1.4206e-08
387	  2.25604	  0.718743	  7.19976e-06	  2.0012e-07	  1824	  1.46918e-08
388	  2.25604	  0.781255	  7.19976e-06	  2.11307e-07	  1668	  1.57393e-08
389	  2.25604	  0.843774	  7.19976e-06	  2.24215e-07	  1680	  1.6681e-08
390	  2.25604	  0.90628	  7.19976e-06	  2.41787e-07	  1776	  1.78267e-08
391	  2.25604	  0.968758	  7.19976e-06	  2.47861e-07	  1656	  1.84839e-08
392	  2.61216	  0.030936	  5.04692e-06	  9.50576e-08	  2586	  6.62216e-09
393	  2.61216	  0.0938307	  5.04692e-06	  9.24534e-08	  3036	  6.30059e-09
394	  2.61216	  0.156319	  5.04692e-06	  9.83276e-08	  2124	  7.04991e-09
395	  2.61216	  0.218712	  5.04692e-06	  9.37563e-08	  2940	  6.41694e-09
396	  2.61216	  0.281224	  5.04692e-06	  9.74214e-08	  2616	  6.77581e-09
397	  2.61216	  0.343807	  5.04692e-06	  1.01767e-07	  2448	  7.14519e-09
398	  2.61216	  0.406302	  5.04692e-06	  1.07599e-07	  2916	  7.37255e-09
399	  2.61216	  0.468745	  5.04692e-06	  1.10186e-07	  2544	  7.69388e-09
400	  2.61216	  0.531226	  5.04692e-06	  1.15058e-07	  2652	  7.98715e-09
401	  2.61216	  0.593785	  5.04692e-06	  1.18564e-07	  2748	  8.18992e-09
402	  2.61216	  0.656281	  5.04692e-06	  1.29264e-07	  2676	  8.96202e-09
403	  2.61216	  0.718743	  5.04692e-06	  1.28072e-07	  2472	  8.9795e-09
404	  2.61216	  0.781255	  5.04692e-06	  1.36668e-07	  2616	  9.50545e-09
405	  2.61216	  0.843774	  5.04692e-06	  1.39854e-07	  2736	  9.66643e-09
406	  2.61216	  0.90628	  5.04692e-06	  1.47134e-07	  2568	  1.02602e-08
407	  2.61216	  0.968758	  5.04692e-06	  1.47534e-07	  2745	  1.01926e-08
408	  3.02645	  0.030936	  3.52029e-06	  7.2577e-08	  3414	  4.87098e-09
409	  3.02645	  0.0938307	  3.52029e-06	  6.93782e-08	  4512	  4.50176e-09
410	  3.02645	  0.156319	  3.52029e-06	  6.88588e-08	  4632	  4.45469e-09
411	  3.02645	  0.218712	  3.52029e-06	  6.71326e-08	  3972	  4.42183e-09
412	  3.02645	  0.281224	  3.52029e-06	  6.96134e-08	  4176	  4.55791e-09
413	  3.02645	  0.343807	  3.52029e-06	  7.39934e-08	  4344	  4.82233e-09
414	  3.02645	  0.406302	  3.52029e-06	  7.69469e-08	  4044	  5.05734e-09
415	  3.02645	  0.468745	  3.52029e-06	  7.82465e-08	  4092	  5.13552e-09
416	  3.02645	  0.531226	  3.52029e-06	  8.35092e-08	  4296	  5.44956e-09
417	  3.02645	  0.593785	  3.52029e-06	  8.36408e-08	  3996	  5.50518e-09
418	  3.02645	  0.656281	  3.52029e-06	  8.51674e-08	  4188	  5.57441e-09
419	  3.02645	  0.718743	  3.52029e-06	  9.07874e-08	  4212	  5.93826e-09
420	  3.02645	  0.781255	  3.52029e-06	  8.71275e-08	  4140	  5.71049e-09
421	  3.02645	  0.843774	  3.52029e-06	  8.85953e-08	  4128	  5.80869e-09
422	  3.02645	  0.90628	  3.52029e-06	  9.10008e-08	  4188	  5.95623e-09
423	  3.02645	  0.968758	  3.52029e-06	  8.72174e-08	  4128	  5.71835e-09
424	  3.50419	  0.030936	  2.45325e-06	  5.17116e-08	  7002	  3.20357e-09
425	  3.50419	  0.0938307	  2.45325e-06	  5.16447e-08	  6240	  3.23602e-09
426	  3.50419	  0.156319	  2.45325e-06	  4.96209e-08	  5964	  3.12358e-09
427	  3.50419	  0.218712	  2.45325e-06	  5.10572e-08	  6180	  3.20233e-09
428	  3.50419	  0.281224	  2.45325e-06	  5.13443e-08	  6420	  3.20802e-09
429	  3.50419	  0.343807	  2.45325e-06	  5.22504e-08	  6516	  3.25981e-09
430	  3.50419	  0.406302	  2.45325e-06	  5.41263e-08	  6312	  3.38759e-09
431	  3.50419	  0.468745	  2.45325e-06	  5.60166e-08	  6276	  3.50792e-09
432	  3.50419	  0.531226	  2.45325e-06	  5.52333e-08	  6360	  3.45425e-09
433	  3.50419	  0.593785	  2.45325e-06	  5.57012e-08	  6408	  3.48089e-09
434	  3.50419	  0.656281	  2.45325e-06	  5.89501e-08	  6360	  3.6867e-09
435	  3.50419	  0.718743	  2.45325e-06	  5.67983e-08	  6336	  3.55347e-09
436	  3.50419	  0.781255	  2.45325e-06	  5.42512e-08	  6372	  3.39219e-09
437	  3.50419	  0.843774	  2.45325e-06	  5.68113e-08	  6456	  3.54762e-09
438	  3.50419	  0.90628	  2.45325e-06	  5.33538e-08	  6360	  3.33671e-09
439	  3.50419	  0.968758	  2.45325e-06	  5.02485e-08	  6327	  3.14415e-09
440	  4.05763	  0.030936	  1.70477e-06	  3.79693e-08	  10392	  2.27093e-09
441	  4.05763	  0.0938307	  1.70477e-06	  3.65117e-08	  9420	  2.20178e-09
442	  4.05763	  0.156319	  1.70477e-06	  3.71146e-08	  10176	  2.22365e-09
443	  4.05763	  0.218712	  1.70477e-06	  3.69168e-08	  10260	  2.2103e-09
444	  4.05763	  0.281224	  1.70477e-06	  3.53856e-08	  9528	  2.13179e-09
445	  4.05763	  0.343807	  1.70477e-06	  3.61623e-08	  10140	  2.16724e-09
446	  4.05763	  0.406302	  1.70477e-06	  3.77415e-08	  9960	  2.26525e-09
447	  4.05763	  0.468745	  1.70477e-06	  3.72144e-08	  10068	  2.2316e-09
448	  4.05763	  0.531226	  1.70477e-06	  3.79141e-08	  9996	  2.27492e-09
449	  4.05763	  0.593785	  1.70477e-06	  3.62497e-08	  9828	  2.17814e-09
450	  4.05763	  0.656281	  1.70477e-06	  3.56109e-08	  10032	  2.13608e-09
451	  4.05763	  0.718743	  1.70477e-06	  3.47555e-08	  9924	  2.08666e-09
452	  4.05763	  0.781255	  1.70477e-06	  3.30218e-08	  10116	  1.97941e-09
453	  4.05763	  0.843774	  1.70477e-06	  3.21729e-08	  9888	  1.93219e-09
454	  4.05763	  0.90628	  1.70477e-06	  3.07646e-08	  10008	  1.84575e-09
455	  4.05763	  0.968758	  1.70477e-06	  2.77232e-08	  9978	  1.6637e-09
456	  4.69917	  0.030936	  1.18077e-06	  2.74972e-08	  13626	  1.61042e-09
457	  4.69917	  0.0938307	  1.18077e-06	  2.74567e-08	  16392	  1.58729e-09
458	  4.69917	  0.156319	  1.18077e-06	  2.67671e-08	  15708	  1.55192e-09
459	  4.69917	  0.218712	  1.18077e-06	  2.60745e-08	  15432	  1.51362e-09
460	  4.69917	  0.281224	  1.18077e-06	  2.53976e-08	  15780	  1.47206e-09
461	  4.69917	  0.343807	  1.18077e-06	  2.52119e-08	  15300	  1.46442e-09
462	  4.69917	  0.406302	  1.18077e-06	  2.45576e-08	  15588	  1.42458e-09
463	  4.69917	  0.468745	  1.18077e-06	  2.46484e-08	  15396	  1.43107e-09
464	  4.69917	  0.531226	  1.18077e-06	  2.40369e-08	  15504	  1.39489e-09
465	  4.69917	  0.593785	  1.18077e-06	  2.30872e-08	  15660	  1.33885e-09
466	  4.69917	  0.656281	  1.18077e-06	  2.16921e-08	  15192	  1.2606e-09
467	  4.69917	  0.718743	  1.18077e-06	  2.0953e-08	  15600	  1.21541e-09
468	  4.69917	  0.781255	  1.18077e-06	  1.97727e-08	  15216	  1.14893e-09
469	  4.69917	  0.843774	  1.18077e-06	  1.82473e-08	  15516	  1.05886e-09
470	  4.69917	  0.90628	  1.18077e-06	  1.6546e-08	  15540	  9.60031e-10
471	  4.69917	  0.968758	  1.18077e-06	  1.49593e-08	  15405	  8.68492e-10
472	  5.4432	  0.030936	  8.15755e-07	  2.02587e-08	  26250	  1.13797e-09
473	  5.4432	  0.0938307	  8.15755e-07	  1.96718e-08	  22392	  1.11505e-09
474	  5.4432	  0.156319	  8.15755e-07	  1.91477e-08	  24516	  1.07967e-09
475	  5.4432	  0.218712	  8.15755e-07	  1.83387e-08	  23592	  1.03633e-09
476	  5.4432	  0.281224	  8.15755e-07	  1.78187e-08	  24264	  1.00533e-09
477	  5.4432	  0.343807	  8.15755e-07	  1.72259e-08	  23928	  9.72654e-10
478	  5.4432	  0.406302	  8.15755e-07	  1.64589e-08	  24120	  9.28923e-10
479	  5.4432	  0.468745	  8.15755e-07	  1.56067e-08	  23964	  8.81153e-10
480	  5.4432	  0.531226	  8.15755e-07	  1.50451e-08	  24060	  8.49247e-10
481	  5.4432	  0.593785	  8.15755e-07	  1.40097e-08	  24108	  7.90717e-10
482	  5.4432	  0.656281	  8.15755e-07	  1.29254e-08	  24228	  7.29312e-10
483	  5.4432	  0.718743	  8.15755e-07	  1.19562e-08	  24144	  6.74754e-10
484	  5.4432	  0.781255	  8.15755e-07	  1.07625e-08	  23940	  6.07686e-10
485	  5.4432	  0.843774	  8.15755e-07	  9.52376e-09	  24192	  5.37419e-10
486	  5.4432	  0.90628	  8.15755e-07	  8.57592e-09	  23988	  4.84167e-10
487	  5.4432	  0.968758	  8.15755e-07	  7.46925e-09	  24141	  4.21536e-10
488	  6.30378	  0.030936	  5.62645e-07	  1.45852e-08	  35082	  8.07128e-10
489	  6.30378	  0.0938307	  5.62645e-07	  1.40899e-08	  39108	  7.75745e-10
490	  6.30378	  0.156319	  5.62645e-07	  1.34846e-08	  36924	  7.44406e-10
491	  6.30378	  0.218712	  5.62645e-07	  1.27789e-08	  37692	  7.04764e-10
492	  6.30378	  0.281224	  5.62645e-07	  1.19013e-08	  37092	  6.5686e-10
493	  6.30378	  0.343807	  5.62645e-07	  1.14236e-08	  37536	  6.30141e-10
494	  6.30378	  0.406302	  5.62645e-07	  1.06074e-08	  36984	  5.85529e-10
495	  6.30378	  0.468745	  5.62645e-07	  9.81339e-09	  37428	  5.41394e-10
496	  6.30378	  0.531226	  5.62645e-07	  8.91027e-09	  37392	  4.91592e-10
497	  6.30378	  0.593785	  5.62645e-07	  8.06494e-09	  37200	  4.45062e-10
498	  6.30378	  0.656281	  5.62645e-07	  7.22242e-09	  36924	  3.98707e-10
499	  6.30378	  0.718743	  5.62645e-07	  6.3804e-09	  37272	  3.52069e-10
500	  6.30378	  0.781255	  5.62645e-07	  5.49835e-09	  37284	  3.03393e-10
501	  6.30378	  0.843774	  5.62645e-07	  4.77179e-09	  37188	  2.63334e-10
502	  6.30378	  0.90628	  5.62645e-07	  4.08138e-09	  37320	  2.25196e-10
503	  6.30378	  0.968758	  5.62645e-07	  3.39334e-09	  37119	  1.8728e-10
504	  7.30029	  0.030936	  3.87106e-07	  1.03075e-08	  60258	  5.57367e-10
505	  7.30029	  0.0938307	  3.87106e-07	  9.90614e-09	  56916	  5.3683e-10
506	  7.30029	  0.156319	  3.87106e-07	  9.34905e-09	  56820	  5.06673e-10
507	  7.30029	  0.218712	  3.87106e-07	  8.65887e-09	  58716	  4.68678e-10
508	  7.30029	  0.281224	  3.87106e-07	  7.95015e-09	  57840	  4.30564e-10
509	  7.30029	  0.343807	  3.87106e-07	  7.15754e-09	  57612	  3.87697e-10
510	  7.30029	  0.406302	  3.87106e-07	  6.49358e-09	  58464	  3.51535e-10
511	  7.30029	  0.468745	  3.87106e-07	  5.74676e-09	  57948	  3.11211e-10
512	  7.30029	  0.531226	  3.87106e-07	  5.09397e-09	  57708	  2.75904e-10
513	  7.30029	  0.593785	  3.87106e-07	  4.33682e-09	  58236	  2.34812e-10
514	  7.30029	  0.656281	  3.87106e-07	  3.71455e-09	  58008	  2.0115e-10
515	  7.30029	  0.718743	  3.87106e-07	  3.13157e-09	  58200	  1.69559e-10
516	  7.30029	  0.781255	  3.87106e-07	  2.58184e-09	  58128	  1.398e-10
517	  7.30029	  0.843774	  3.87106e-07	  2.13803e-09	  57972	  1.15781e-10
518	  7.30029	  0.90628	  3.87106e-07	  1.73681e-09	  57960	  9.40545e-11
519	  7.30029	  0.968758	  3.87106e-07	  1.40238e-09	  58122	  7.59362e-11
520	  8.455	  0.030936	  2.65864e-07	  7.16021e-09	  90198	  3.81852e-10
521	  8.455	  0.0938307	  2.65864e-07	  6.84696e-09	  89292	  3.65262e-10
522	  8.455	  0.156319	  2.65864e-07	  6.32387e-09	  90804	  3.3718e-10
523	  8.455	  0.218712	  2.65864e-07	  5.637e-09	  89628	  3.00679e-10
524	  8.455	  0.281224	  2.65864e-07	  5.03611e-09	  89844	  2.68607e-10
525	  8.455	  0.343807	  2.65864e-07	  4.39591e-09	  90636	  2.34397e-10
526	  8.455	  0.406302	  2.65864e-07	  3.76306e-09	  89628	  2.00723e-10
527	  8.455	  0.468745	  2.65864e-07	  3.15288e-09	  89772	  1.68167e-10
528	  8.455	  0.531226	  2.65864e-07	  2.65914e-09	  90324	  1.41805e-10
529	  8.455	  0.593785	  2.65864e-07	  2.14867e-09	  89784	  1.14604e-10
530	  8.455	  0.656281	  2.65864e-07	  1.72795e-09	  90216	  9.21506e-11
531	  8.455	  0.718743	  2.65864e-07	  1.39275e-09	  89796	  7.42854e-11
532	  8.455	  0.781255	  2.65864e-07	  1.10377e-09	  90120	  5.88652e-11
533	  8.455	  0.843774	  2.65864e-07	  8.63245e-10	  90132	  4.60376e-11
534	  8.455	  0.90628	  2.65864e-07	  6.84061e-10	  89916	  3.64843e-11
535	  8.455	  0.968758	  2.65864e-07	  5.20268e-10	  89964	  2.7748e-11
536	  9.79129	  0.030936	  1.82229e-07	  4.87238e-09	  139068	  2.56685e-10
537	  9.79129	  0.0938307	  1.82229e-07	  4.58843e-09	  141180	  2.41633e-10
538	  9.79129	  0.156319	  1.82229e-07	  4.13809e-09	  139380	  2.17989e-10
539	  9.79129	  0.218712	  1.82229e-07	  3.57892e-09	  138804	  1.88552e-10
540	  9.79129	  0.281224	  1.82229e-07	  3.03309e-09	  140952	  1.59733e-10
541	  9.79129	  0.343807	  1.82229e-07	  2.48607e-09	  139668	  1.30956e-10
542	  9.79129	  0.406302	  1.82229e-07	  2.01149e-09	  139464	  1.05961e-10
543	  9.79129	  0.468745	  1.82229e-07	  1.58783e-09	  139812	  8.3638e-11
544	  9.79129	  0.531226	  1.82229e-07	  1.23901e-09	  139884	  6.52634e-11
545	  9.79129	  0.593785	  1.82229e-07	  9.538e-10	  140184	  5.02375e-11
546	  9.79129	  0.656281	  1.82229e-07	  7.32748e-10	  139404	  3.85999e-11
547	  9.79129	  0.718743	  1.82229e-07	  5.61988e-10	  139932	  2.96017e-11
548	  9.79129	  0.781255	  1.82229e-07	  4.26498e-10	  139980	  2.24648e-11
549	  9.79129	  0.843774	  1.82229e-07	  3.21506e-10	  139632	  1.69357e-11
550	  9.79129	  0.90628	  1.82229e-07	  2.4198e-10	  140088	  1.27455e-11
551	  9.79129	  0.968758	  1.82229e-07	  1.7504e-10	  139623	  9.22046e-12
