#n	   k	      mu	    PL	    Pf	     w	     err  
0	  0.10472	  1	  0.00306127	  0.000319333	  3	  0.000200334
1	  0.20944	  1	  0.0010874	  0.000128939	  3	  8.08901e-05
2	  0.314159	  1	  0.000509336	  0.000141493	  3	  8.87655e-05
3	  0.418879	  1	  0.00028546	  8.51221e-06	  3	  5.34014e-06
4	  0.523599	  1	  0.000180467	  3.05555e-05	  3	  1.9169e-05
5	  0.628319	  1	  0.000122281	  5.52827e-06	  3	  3.46816e-06
6	  0.733038	  1	  8.74227e-05	  1.85604e-05	  3	  1.16439e-05
7	  0.837758	  1	  6.50738e-05	  2.78639e-05	  3	  1.74805e-05
8	  0.942478	  1	  4.99708e-05	  3.06052e-06	  3	  1.92002e-06
9	  0.10472	  0	  0.00306127	  6.57615e-05	  6	  3.01351e-05
10	  0.148096	  0.707107	  0.00194673	  0.000117526	  12	  3.98031e-05
11	  0.23416	  0.894427	  0.000861366	  5.27064e-05	  12	  1.78503e-05
12	  0.331153	  0.948683	  0.000461248	  3.60715e-05	  12	  1.22165e-05
13	  0.431771	  0.970143	  0.000268642	  3.54523e-05	  12	  1.20068e-05
14	  0.533968	  0.980581	  0.000173094	  2.6041e-05	  12	  8.81944e-06
15	  0.636985	  0.986394	  0.000118696	  1.2505e-05	  12	  4.23513e-06
16	  0.74048	  0.989949	  8.55312e-05	  1.29963e-05	  12	  4.40154e-06
17	  0.844278	  0.992278	  6.3942e-05	  8.12557e-06	  12	  2.75193e-06
18	  0.948278	  0.993884	  4.92751e-05	  5.06221e-06	  12	  1.71444e-06
19	  0.148096	  0	  0.00194673	  3.52053e-05	  6	  1.61328e-05
20	  0.18138	  0.57735	  0.00138108	  0.00015795	  12	  5.34936e-05
21	  0.25651	  0.816497	  0.000758093	  5.17686e-05	  12	  1.75327e-05
22	  0.347316	  0.904534	  0.00041546	  5.10493e-05	  12	  1.72891e-05
23	  0.444288	  0.942809	  0.000253958	  3.91621e-05	  12	  1.32632e-05
24	  0.54414	  0.96225	  0.000166222	  2.64001e-05	  12	  8.94105e-06
25	  0.645536	  0.973329	  0.000115357	  2.80444e-05	  12	  9.49794e-06
26	  0.747849	  0.980196	  8.36612e-05	  1.23497e-05	  12	  4.18252e-06
27	  0.850747	  0.984732	  6.28792e-05	  7.61461e-06	  12	  2.57888e-06
28	  0.954042	  0.987878	  4.86063e-05	  7.07709e-06	  12	  2.39683e-06
29	  0.20944	  0	  0.0010874	  2.81081e-05	  6	  1.28805e-05
30	  0.23416	  0.447214	  0.000861366	  1.74999e-05	  12	  5.92677e-06
31	  0.296192	  0.707107	  0.000560902	  6.99363e-05	  12	  2.36857e-05
32	  0.377572	  0.83205	  0.000353507	  5.25409e-05	  12	  1.77943e-05
33	  0.468321	  0.894427	  0.000227855	  5.0594e-05	  12	  1.71349e-05
34	  0.563933	  0.928477	  0.000154074	  2.353e-05	  12	  7.96903e-06
35	  0.662306	  0.948683	  0.000109103	  2.19175e-05	  12	  7.4229e-06
36	  0.762371	  0.961524	  8.01954e-05	  1.20215e-05	  12	  4.07139e-06
37	  0.863541	  0.970143	  6.0809e-05	  6.69421e-06	  12	  2.26716e-06
38	  0.965468	  0.976187	  4.73186e-05	  4.65076e-06	  12	  1.5751e-06
39	  0.23416	  0	  0.000861366	  1.1241e-05	  12	  3.80703e-06
40	  0.25651	  0.408248	  0.000758093	  2.3635e-05	  24	  6.00623e-06
41	  0.314159	  0.666667	  0.000509336	  3.88923e-05	  24	  9.88347e-06
42	  0.391825	  0.801784	  0.00032913	  3.42392e-05	  24	  8.70102e-06
43	  0.479886	  0.872872	  0.00021626	  2.29157e-05	  24	  5.82344e-06
44	  0.573574	  0.912871	  0.000148705	  2.16778e-05	  24	  5.50886e-06
45	  0.670534	  0.937043	  0.000106245	  1.50231e-05	  24	  3.81773e-06
46	  0.76953	  0.952579	  7.85788e-05	  1.43688e-05	  24	  3.65145e-06
47	  0.869868	  0.963087	  5.98331e-05	  8.36213e-06	  24	  2.12502e-06
48	  0.971131	  0.970495	  4.66877e-05	  4.13194e-06	  24	  1.05003e-06
49	  0.296192	  0	  0.000560902	  2.83472e-05	  6	  1.29901e-05
50	  0.314159	  0.333333	  0.000509336	  1.87825e-05	  12	  6.36115e-06
51	  0.36276	  0.57735	  0.000380271	  4.29573e-05	  12	  1.45486e-05
52	  0.431771	  0.727607	  0.000268642	  1.41951e-05	  12	  4.80754e-06
53	  0.51302	  0.816497	  0.000188322	  2.65173e-05	  12	  8.98074e-06
54	  0.601569	  0.870388	  0.000134274	  1.27596e-05	  12	  4.32135e-06
55	  0.694632	  0.904534	  9.83796e-05	  1.24145e-05	  12	  4.20447e-06
56	  0.790617	  0.927173	  7.40102e-05	  1.41746e-05	  12	  4.8006e-06
57	  0.888577	  0.942809	  5.7047e-05	  5.72049e-06	  12	  1.93739e-06
58	  0.987924	  0.953998	  4.49132e-05	  8.34548e-06	  12	  2.82641e-06
59	  0.314159	  0	  0.000509336	  2.34081e-05	  6	  1.07267e-05
60	  0.331153	  0.316228	  0.000461248	  1.45066e-05	  12	  4.91304e-06
61	  0.377572	  0.5547	  0.000353507	  3.19045e-05	  12	  1.08053e-05
62	  0.444288	  0.707107	  0.000253958	  2.51513e-05	  12	  8.51811e-06
63	  0.523599	  0.8	  0.000180467	  3.83821e-05	  12	  1.29991e-05
64	  0.610616	  0.857493	  0.000130032	  1.38457e-05	  12	  4.68919e-06
65	  0.702481	  0.894427	  9.59862e-05	  1.22833e-05	  12	  4.16005e-06
66	  0.797522	  0.919145	  7.25949e-05	  1.27468e-05	  12	  4.31703e-06
67	  0.894726	  0.936329	  5.61554e-05	  6.30464e-06	  12	  2.13522e-06
68	  0.993459	  0.948683	  4.43525e-05	  6.85087e-06	  12	  2.32022e-06
69	  0.331153	  0	  0.000461248	  1.09319e-05	  12	  3.70238e-06
70	  0.347316	  0.301511	  0.00041546	  1.53558e-05	  24	  3.90229e-06
71	  0.391825	  0.534522	  0.00032913	  1.74101e-05	  24	  4.42434e-06
72	  0.456463	  0.688247	  0.000240494	  1.35214e-05	  24	  3.43611e-06
73	  0.533968	  0.784465	  0.000173094	  1.82025e-05	  24	  4.62568e-06
74	  0.61953	  0.845154	  0.000126056	  1.95383e-05	  24	  4.96516e-06
75	  0.710244	  0.884652	  9.37219e-05	  1.22647e-05	  24	  3.11675e-06
76	  0.804368	  0.911322	  7.12372e-05	  7.84455e-06	  24	  1.99349e-06
77	  0.900833	  0.929981	  5.53169e-05	  1.09449e-05	  24	  2.78135e-06
78	  0.998963	  0.943456	  4.38063e-05	  7.70035e-06	  24	  1.95684e-06
79	  0.377572	  0	  0.000353507	  1.53889e-05	  12	  5.21185e-06
80	  0.391825	  0.267261	  0.00032913	  1.11431e-05	  24	  2.83172e-06
81	  0.431771	  0.485071	  0.000268642	  9.84716e-06	  24	  2.5024e-06
82	  0.491179	  0.639602	  0.000205912	  1.4247e-05	  24	  3.6205e-06
83	  0.563933	  0.742781	  0.000154074	  1.59021e-05	  24	  4.04112e-06
84	  0.645536	  0.811107	  0.000115357	  1.5426e-05	  24	  3.92011e-06
85	  0.733038	  0.857143	  8.74227e-05	  1.28695e-05	  24	  3.27045e-06
86	  0.824564	  0.889001	  6.74072e-05	  8.19263e-06	  24	  2.08195e-06
87	  0.918912	  0.911685	  5.29003e-05	  6.50667e-06	  24	  1.6535e-06
88	  0.418879	  0	  0.00028546	  5.67177e-06	  6	  2.59908e-06
89	  0.431771	  0.242536	  0.000268642	  1.13227e-05	  12	  3.8347e-06
90	  0.468321	  0.447214	  0.000227855	  1.78565e-05	  12	  6.04754e-06
91	  0.523599	  0.6	  0.000180467	  2.22906e-05	  12	  7.54928e-06
92	  0.592384	  0.707107	  0.000138819	  1.2095e-05	  12	  4.09626e-06
93	  0.670534	  0.780869	  0.000106245	  8.56665e-06	  12	  2.90131e-06
94	  0.755145	  0.83205	  8.19187e-05	  1.1706e-05	  12	  3.96454e-06
95	  0.844278	  0.868243	  6.3942e-05	  6.03287e-06	  12	  2.04318e-06
96	  0.936642	  0.894427	  5.06708e-05	  5.26096e-06	  12	  1.78176e-06
97	  0.431771	  0	  0.000268642	  8.76459e-06	  12	  2.96835e-06
98	  0.444288	  0.235702	  0.000253958	  1.05378e-05	  24	  2.67792e-06
99	  0.479886	  0.436436	  0.00021626	  9.75969e-06	  24	  2.48017e-06
100	  0.533968	  0.588348	  0.000173094	  9.97278e-06	  24	  2.53432e-06
101	  0.601569	  0.696311	  0.000134274	  1.10312e-05	  24	  2.8033e-06
102	  0.678662	  0.771517	  0.000103483	  8.07831e-06	  24	  2.05289e-06
103	  0.762371	  0.824163	  8.01954e-05	  7.51817e-06	  24	  1.91055e-06
104	  0.850747	  0.86164	  6.28792e-05	  5.56489e-06	  24	  1.41417e-06
105	  0.942478	  0.888889	  4.99708e-05	  3.79694e-06	  24	  9.64894e-07
106	  0.444288	  0	  0.000253958	  8.52631e-06	  6	  3.90717e-06
107	  0.456463	  0.229416	  0.000240494	  5.24595e-06	  12	  1.77667e-06
108	  0.491179	  0.426401	  0.000205912	  1.18727e-05	  12	  4.02098e-06
109	  0.54414	  0.57735	  0.000166222	  1.01046e-05	  12	  3.42219e-06
110	  0.610616	  0.685994	  0.000130032	  9.74808e-06	  12	  3.30143e-06
111	  0.686693	  0.762493	  0.000100876	  1.30697e-05	  12	  4.42639e-06
112	  0.76953	  0.816497	  7.85788e-05	  6.25542e-06	  12	  2.11856e-06
113	  0.857168	  0.855186	  6.18245e-05	  7.39331e-06	  12	  2.50393e-06
114	  0.948278	  0.883452	  4.92751e-05	  5.41185e-06	  12	  1.83286e-06
115	  0.468321	  0	  0.000227855	  1.34709e-05	  12	  4.56227e-06
116	  0.479886	  0.218218	  0.00021626	  6.71301e-06	  24	  1.70594e-06
117	  0.51302	  0.408248	  0.000188322	  1.20629e-05	  24	  3.06549e-06
118	  0.563933	  0.557086	  0.000154074	  8.83088e-06	  24	  2.24414e-06
119	  0.628319	  0.666667	  0.000122281	  7.55414e-06	  24	  1.91969e-06
120	  0.702481	  0.745356	  9.59862e-05	  7.27888e-06	  24	  1.84974e-06
121	  0.783651	  0.801784	  7.54794e-05	  7.84772e-06	  24	  1.9943e-06
122	  0.869868	  0.842701	  5.98331e-05	  7.24451e-06	  24	  1.841e-06
123	  0.959772	  0.872872	  4.79605e-05	  4.06685e-06	  24	  1.03349e-06
124	  0.523599	  0	  0.000180467	  1.06618e-05	  18	  3.04611e-06
125	  0.533968	  0.196116	  0.000173094	  6.80927e-06	  36	  1.47534e-06
126	  0.563933	  0.371391	  0.000154074	  8.01609e-06	  36	  1.73682e-06
127	  0.610616	  0.514496	  0.000130032	  5.32127e-06	  36	  1.15294e-06
128	  0.670534	  0.624695	  0.000106245	  6.09057e-06	  36	  1.31962e-06
129	  0.74048	  0.707107	  8.55312e-05	  6.76502e-06	  36	  1.46575e-06
130	  0.817887	  0.768221	  6.86491e-05	  6.61166e-06	  36	  1.43253e-06
131	  0.900833	  0.813733	  5.53169e-05	  5.43382e-06	  36	  1.17733e-06
132	  0.987924	  0.847998	  4.49132e-05	  5.22382e-06	  36	  1.13183e-06
133	  0.533968	  0	  0.000173094	  6.77462e-06	  12	  2.29439e-06
134	  0.54414	  0.19245	  0.000166222	  8.18646e-06	  24	  2.08038e-06
135	  0.573574	  0.365148	  0.000148705	  6.30916e-06	  24	  1.60331e-06
136	  0.61953	  0.507093	  0.000126056	  8.50106e-06	  24	  2.16032e-06
137	  0.678662	  0.617213	  0.000103483	  5.8777e-06	  24	  1.49366e-06
138	  0.747849	  0.70014	  8.36612e-05	  7.31171e-06	  24	  1.85808e-06
139	  0.824564	  0.762001	  6.74072e-05	  6.29555e-06	  24	  1.59985e-06
140	  0.9069	  0.80829	  5.44911e-05	  5.18562e-06	  24	  1.31779e-06
141	  0.993459	  0.843274	  4.43525e-05	  3.3716e-06	  24	  8.56804e-07
142	  0.563933	  0	  0.000154074	  6.07763e-06	  12	  2.05834e-06
143	  0.573574	  0.182574	  0.000148705	  4.80926e-06	  24	  1.22215e-06
144	  0.601569	  0.348155	  0.000134274	  4.84029e-06	  24	  1.23003e-06
145	  0.645536	  0.486664	  0.000115357	  8.08943e-06	  24	  2.05572e-06
146	  0.702481	  0.596285	  9.59862e-05	  4.97674e-06	  24	  1.26471e-06
147	  0.76953	  0.680414	  7.85788e-05	  6.22973e-06	  24	  1.58313e-06
148	  0.844278	  0.744208	  6.3942e-05	  4.22214e-06	  24	  1.07295e-06
149	  0.92486	  0.792594	  5.21404e-05	  4.35798e-06	  24	  1.10747e-06
150	  0.592384	  0	  0.000138819	  4.15321e-06	  6	  1.9032e-06
151	  0.601569	  0.174078	  0.000134274	  4.41875e-06	  12	  1.49652e-06
152	  0.628319	  0.333333	  0.000122281	  4.54335e-06	  12	  1.53872e-06
153	  0.670534	  0.468521	  0.000106245	  6.18807e-06	  12	  2.09575e-06
154	  0.72552	  0.57735	  8.94525e-05	  4.88848e-06	  12	  1.65561e-06
155	  0.790617	  0.662266	  7.40102e-05	  5.82973e-06	  12	  1.97438e-06
156	  0.863541	  0.727607	  6.0809e-05	  8.98563e-06	  12	  3.04321e-06
157	  0.942478	  0.777778	  4.99708e-05	  3.33849e-06	  12	  1.13067e-06
158	  0.610616	  0	  0.000130032	  4.51892e-06	  12	  1.53044e-06
159	  0.61953	  0.169031	  0.000126056	  5.74308e-06	  24	  1.45945e-06
160	  0.645536	  0.324443	  0.000115357	  5.92954e-06	  24	  1.50684e-06
161	  0.686693	  0.457496	  0.000100876	  7.29581e-06	  24	  1.85404e-06
162	  0.74048	  0.565685	  8.55312e-05	  6.27307e-06	  24	  1.59414e-06
163	  0.804368	  0.650945	  7.12372e-05	  5.89819e-06	  24	  1.49887e-06
164	  0.876148	  0.717137	  5.88643e-05	  5.42322e-06	  24	  1.37817e-06
165	  0.954042	  0.76835	  4.86063e-05	  4.14731e-06	  24	  1.05393e-06
166	  0.628319	  0	  0.000122281	  2.38756e-06	  6	  1.0941e-06
167	  0.636985	  0.164399	  0.000118696	  2.62964e-06	  12	  8.90594e-07
168	  0.662306	  0.316228	  0.000109103	  7.07556e-06	  12	  2.39632e-06
169	  0.702481	  0.447214	  9.59862e-05	  4.45651e-06	  12	  1.50931e-06
170	  0.755145	  0.5547	  8.19187e-05	  4.08285e-06	  12	  1.38276e-06
171	  0.817887	  0.640184	  6.86491e-05	  6.35033e-06	  12	  2.1507e-06
172	  0.888577	  0.707107	  5.7047e-05	  5.72089e-06	  12	  1.93752e-06
173	  0.965468	  0.759257	  4.73186e-05	  4.75216e-06	  12	  1.60944e-06
174	  0.636985	  0	  0.000118696	  2.88341e-06	  12	  9.76539e-07
175	  0.645536	  0.162221	  0.000115357	  6.79015e-06	  24	  1.72554e-06
176	  0.670534	  0.312348	  0.000106245	  4.0771e-06	  24	  1.03609e-06
177	  0.710244	  0.442326	  9.37219e-05	  6.33295e-06	  24	  1.60936e-06
178	  0.762371	  0.549442	  8.01954e-05	  5.12798e-06	  24	  1.30314e-06
179	  0.824564	  0.635001	  6.74072e-05	  4.40933e-06	  24	  1.12052e-06
180	  0.894726	  0.702247	  5.61554e-05	  4.39261e-06	  24	  1.11627e-06
181	  0.971131	  0.754829	  4.66877e-05	  4.34486e-06	  24	  1.10413e-06
182	  0.662306	  0	  0.000109103	  5.28793e-06	  12	  1.79089e-06
183	  0.670534	  0.156174	  0.000106245	  4.1242e-06	  24	  1.04806e-06
184	  0.694632	  0.301511	  9.83796e-05	  4.43476e-06	  24	  1.12698e-06
185	  0.733038	  0.428571	  8.74227e-05	  5.2737e-06	  24	  1.34017e-06
186	  0.783651	  0.534522	  7.54794e-05	  3.70614e-06	  24	  9.41819e-07
187	  0.844278	  0.620174	  6.3942e-05	  3.14494e-06	  24	  7.99206e-07
188	  0.912926	  0.688247	  5.36709e-05	  3.12604e-06	  24	  7.94401e-07
189	  0.987924	  0.741999	  4.49132e-05	  3.23957e-06	  24	  8.23252e-07
190	  0.670534	  0	  0.000106245	  2.21261e-06	  12	  7.49354e-07
191	  0.678662	  0.154303	  0.000103483	  3.63871e-06	  24	  9.24684e-07
192	  0.702481	  0.298142	  9.59862e-05	  3.72372e-06	  24	  9.46287e-07
193	  0.74048	  0.424264	  8.55312e-05	  5.31353e-06	  24	  1.3503e-06
194	  0.790617	  0.529813	  7.40102e-05	  4.45284e-06	  24	  1.13157e-06
195	  0.850747	  0.615457	  6.28792e-05	  5.24621e-06	  24	  1.33319e-06
196	  0.918912	  0.683763	  5.29003e-05	  4.60953e-06	  24	  1.17139e-06
197	  0.993459	  0.737865	  4.43525e-05	  5.43517e-06	  24	  1.38121e-06
198	  0.702481	  0	  9.59862e-05	  3.45837e-06	  12	  1.17126e-06
199	  0.710244	  0.147442	  9.37219e-05	  3.85468e-06	  24	  9.79568e-07
200	  0.733038	  0.285714	  8.74227e-05	  3.20514e-06	  24	  8.14502e-07
201	  0.76953	  0.408248	  7.85788e-05	  3.90925e-06	  24	  9.93436e-07
202	  0.817887	  0.512148	  6.86491e-05	  3.77643e-06	  24	  9.59681e-07
203	  0.876148	  0.597614	  5.88643e-05	  3.17324e-06	  24	  8.06396e-07
204	  0.942478	  0.666667	  4.99708e-05	  3.67156e-06	  24	  9.33032e-07
205	  0.733038	  0	  8.74227e-05	  1.5661e-06	  6	  7.1766e-07
206	  0.74048	  0.141421	  8.55312e-05	  4.98523e-06	  12	  1.68837e-06
207	  0.762371	  0.274721	  8.01954e-05	  2.60117e-06	  12	  8.80952e-07
208	  0.797522	  0.393919	  7.25949e-05	  3.53039e-06	  12	  1.19565e-06
209	  0.844278	  0.496139	  6.3942e-05	  2.62566e-06	  12	  8.89246e-07
210	  0.900833	  0.581238	  5.53169e-05	  3.56761e-06	  12	  1.20826e-06
211	  0.965468	  0.650791	  4.73186e-05	  4.18163e-06	  12	  1.41622e-06
212	  0.74048	  0	  8.55312e-05	  3.64214e-06	  18	  1.04057e-06
213	  0.747849	  0.140028	  8.36612e-05	  3.99219e-06	  36	  8.64975e-07
214	  0.76953	  0.272166	  7.85788e-05	  3.1632e-06	  36	  6.85359e-07
215	  0.804368	  0.390567	  7.12372e-05	  4.13092e-06	  36	  8.95033e-07
216	  0.850747	  0.492366	  6.28792e-05	  3.41394e-06	  36	  7.39686e-07
217	  0.9069	  0.57735	  5.44911e-05	  2.41612e-06	  36	  5.23493e-07
218	  0.971131	  0.646997	  4.66877e-05	  4.13814e-06	  36	  8.96596e-07
219	  0.755145	  0	  8.19187e-05	  3.14542e-06	  12	  1.06528e-06
220	  0.762371	  0.137361	  8.01954e-05	  3.00074e-06	  24	  7.62561e-07
221	  0.783651	  0.267261	  7.54794e-05	  2.7268e-06	  24	  6.92946e-07
222	  0.817887	  0.384111	  6.86491e-05	  2.57513e-06	  24	  6.54402e-07
223	  0.863541	  0.485071	  6.0809e-05	  4.39e-06	  24	  1.11561e-06
224	  0.918912	  0.569803	  5.29003e-05	  4.19179e-06	  24	  1.06523e-06
225	  0.982358	  0.639602	  4.55013e-05	  3.06693e-06	  24	  7.79381e-07
226	  0.762371	  0	  8.01954e-05	  2.32231e-06	  12	  7.86507e-07
227	  0.76953	  0.136083	  7.85788e-05	  3.02068e-06	  24	  7.67627e-07
228	  0.790617	  0.264906	  7.40102e-05	  2.33887e-06	  24	  5.94363e-07
229	  0.824564	  0.381	  6.74072e-05	  2.72375e-06	  24	  6.92172e-07
230	  0.869868	  0.481543	  5.98331e-05	  3.32902e-06	  24	  8.45985e-07
231	  0.92486	  0.566139	  5.21404e-05	  2.51698e-06	  24	  6.39625e-07
232	  0.987924	  0.635999	  4.49132e-05	  2.35991e-06	  24	  5.99711e-07
233	  0.797522	  0	  7.25949e-05	  2.5159e-06	  12	  8.52073e-07
234	  0.804368	  0.130189	  7.12372e-05	  2.82077e-06	  24	  7.16825e-07
235	  0.824564	  0.254	  6.74072e-05	  1.99513e-06	  24	  5.0701e-07
236	  0.857168	  0.366508	  6.18245e-05	  3.04744e-06	  24	  7.74427e-07
237	  0.900833	  0.464991	  5.53169e-05	  2.42336e-06	  24	  6.15835e-07
238	  0.954042	  0.548821	  4.86063e-05	  3.34172e-06	  24	  8.49213e-07
239	  0.817887	  0	  6.86491e-05	  2.45191e-06	  12	  8.30402e-07
240	  0.824564	  0.127	  6.74072e-05	  2.15262e-06	  24	  5.47034e-07
241	  0.844278	  0.248069	  6.3942e-05	  2.60508e-06	  24	  6.62014e-07
242	  0.876148	  0.358569	  5.88643e-05	  2.71398e-06	  24	  6.89689e-07
243	  0.918912	  0.455842	  5.29003e-05	  3.03747e-06	  24	  7.71894e-07
244	  0.971131	  0.539164	  4.66877e-05	  3.10693e-06	  24	  7.89546e-07
245	  0.837758	  0	  6.50738e-05	  5.80929e-06	  6	  2.6621e-06
246	  0.844278	  0.124035	  6.3942e-05	  2.56005e-06	  12	  8.67024e-07
247	  0.863541	  0.242536	  6.0809e-05	  1.39257e-06	  12	  4.71628e-07
248	  0.894726	  0.351123	  5.61554e-05	  2.84117e-06	  12	  9.62234e-07
249	  0.936642	  0.447214	  5.06708e-05	  2.60067e-06	  12	  8.80784e-07
250	  0.987924	  0.529999	  4.49132e-05	  2.11546e-06	  12	  7.16455e-07
251	  0.844278	  0	  6.3942e-05	  1.90266e-06	  24	  4.83511e-07
252	  0.850747	  0.123091	  6.28792e-05	  1.98058e-06	  48	  3.84901e-07
253	  0.869868	  0.240772	  5.98331e-05	  2.4554e-06	  48	  4.77177e-07
254	  0.900833	  0.348743	  5.53169e-05	  2.37416e-06	  48	  4.61389e-07
255	  0.942478	  0.444444	  4.99708e-05	  2.35592e-06	  48	  4.57844e-07
256	  0.993459	  0.527046	  4.43525e-05	  2.26752e-06	  48	  4.40665e-07
257	  0.863541	  0	  6.0809e-05	  1.19589e-06	  12	  4.05019e-07
258	  0.869868	  0.120386	  5.98331e-05	  2.68257e-06	  24	  6.81706e-07
259	  0.888577	  0.235702	  5.7047e-05	  2.23966e-06	  24	  5.69152e-07
260	  0.918912	  0.341882	  5.29003e-05	  2.84374e-06	  24	  7.22664e-07
261	  0.959772	  0.436436	  4.79605e-05	  1.98378e-06	  24	  5.04126e-07
262	  0.888577	  0	  5.7047e-05	  2.17664e-06	  6	  9.97439e-07
263	  0.894726	  0.117041	  5.61554e-05	  1.91441e-06	  12	  6.48363e-07
264	  0.912926	  0.229416	  5.36709e-05	  2.08111e-06	  12	  7.04819e-07
265	  0.942478	  0.333333	  4.99708e-05	  1.79127e-06	  12	  6.06659e-07
266	  0.982358	  0.426401	  4.55013e-05	  2.23903e-06	  12	  7.58303e-07
267	  0.894726	  0	  5.61554e-05	  2.11664e-06	  12	  7.16855e-07
268	  0.900833	  0.116248	  5.53169e-05	  2.39976e-06	  24	  6.09837e-07
269	  0.918912	  0.227921	  5.29003e-05	  2.85691e-06	  24	  7.26009e-07
270	  0.948278	  0.331295	  4.92751e-05	  2.53487e-06	  24	  6.44172e-07
271	  0.987924	  0.423999	  4.49132e-05	  3.59992e-06	  24	  9.14826e-07
272	  0.900833	  0	  5.53169e-05	  2.09883e-06	  12	  7.10822e-07
273	  0.9069	  0.11547	  5.44911e-05	  1.96063e-06	  24	  4.98243e-07
274	  0.92486	  0.226455	  5.21404e-05	  1.74699e-06	  24	  4.43951e-07
275	  0.954042	  0.329293	  4.86063e-05	  2.04332e-06	  24	  5.19256e-07
276	  0.993459	  0.421637	  4.43525e-05	  2.57036e-06	  24	  6.53192e-07
277	  0.936642	  0	  5.06708e-05	  1.28416e-06	  12	  4.34914e-07
278	  0.942478	  0.111111	  4.99708e-05	  1.59597e-06	  24	  4.05574e-07
279	  0.959772	  0.218218	  4.79605e-05	  1.68397e-06	  24	  4.27936e-07
280	  0.987924	  0.317999	  4.49132e-05	  2.49989e-06	  24	  6.35282e-07
281	  0.942478	  0	  4.99708e-05	  1.40494e-06	  6	  6.43812e-07
282	  0.948278	  0.110432	  4.92751e-05	  2.19562e-06	  12	  7.43603e-07
283	  0.965468	  0.21693	  4.73186e-05	  2.72569e-06	  12	  9.23124e-07
284	  0.993459	  0.316228	  4.43525e-05	  1.39451e-06	  12	  4.72287e-07
285	  0.948278	  0	  4.92751e-05	  1.81077e-06	  12	  6.13262e-07
286	  0.954042	  0.109764	  4.86063e-05	  1.77163e-06	  24	  4.50215e-07
287	  0.971131	  0.215666	  4.66877e-05	  2.4855e-06	  24	  6.31625e-07
288	  0.998963	  0.314485	  4.38063e-05	  2.4072e-06	  24	  6.11729e-07
289	  0.965468	  0	  4.73186e-05	  1.99222e-06	  24	  5.06271e-07
290	  0.971131	  0.107833	  4.66877e-05	  2.4143e-06	  48	  4.69189e-07
291	  0.987924	  0.212	  4.49132e-05	  1.54952e-06	  48	  3.0113e-07
292	  0.987924	  0	  4.49132e-05	  1.1571e-06	  12	  3.91882e-07
293	  0.993459	  0.105409	  4.43525e-05	  1.14115e-06	  24	  2.89994e-07
294	  0.993459	  0	  4.43525e-05	  1.17643e-06	  12	  3.98428e-07
295	  0.998963	  0.104828	  4.38063e-05	  2.12359e-06	  24	  5.39656e-07
296	  1.08818	  0.030936	  3.60508e-05	  1.28119e-06	  138	  1.73121e-07
297	  1.08818	  0.0938307	  3.60508e-05	  1.37159e-06	  252	  1.54981e-07
298	  1.08818	  0.156319	  3.60508e-05	  1.20724e-06	  72	  2.02637e-07
299	  1.08818	  0.218712	  3.60508e-05	  1.44472e-06	  216	  1.70537e-07
300	  1.08818	  0.281224	  3.60508e-05	  1.56831e-06	  288	  1.70829e-07
301	  1.08818	  0.343807	  3.60508e-05	  1.52026e-06	  120	  2.14793e-07
302	  1.08818	  0.406302	  3.60508e-05	  2.06264e-06	  180	  2.56872e-07
303	  1.08818	  0.468745	  3.60508e-05	  2.09623e-06	  180	  2.61055e-07
304	  1.08818	  0.531226	  3.60508e-05	  2.13939e-06	  192	  2.61366e-07
305	  1.08818	  0.593785	  3.60508e-05	  3.02808e-06	  192	  3.69937e-07
306	  1.08818	  0.656281	  3.60508e-05	  3.07034e-06	  168	  3.90399e-07
307	  1.08818	  0.718743	  3.60508e-05	  3.3415e-06	  228	  3.88371e-07
308	  1.08818	  0.781255	  3.60508e-05	  3.49886e-06	  144	  4.66514e-07
309	  1.08818	  0.843774	  3.60508e-05	  3.96805e-06	  240	  4.54538e-07
310	  1.08818	  0.90628	  3.60508e-05	  4.25189e-06	  168	  5.40634e-07
311	  1.08818	  0.968758	  3.60508e-05	  5.50049e-06	  150	  7.24138e-07
312	  1.25577	  0.030936	  2.59292e-05	  1.09665e-06	  198	  1.32768e-07
313	  1.25577	  0.0938307	  2.59292e-05	  1.13084e-06	  396	  1.13369e-07
314	  1.25577	  0.156319	  2.59292e-05	  1.06608e-06	  396	  1.06876e-07
315	  1.25577	  0.218712	  2.59292e-05	  9.75595e-07	  204	  1.17085e-07
316	  1.25577	  0.281224	  2.59292e-05	  1.26061e-06	  216	  1.48804e-07
317	  1.25577	  0.343807	  2.59292e-05	  1.15169e-06	  372	  1.17297e-07
318	  1.25577	  0.406302	  2.59292e-05	  1.26535e-06	  312	  1.34904e-07
319	  1.25577	  0.468745	  2.59292e-05	  1.59885e-06	  288	  1.74156e-07
320	  1.25577	  0.531226	  2.59292e-05	  1.72714e-06	  264	  1.92655e-07
321	  1.25577	  0.593785	  2.59292e-05	  1.77321e-06	  312	  1.89049e-07
322	  1.25577	  0.656281	  2.59292e-05	  1.88893e-06	  276	  2.08146e-07
323	  1.25577	  0.718743	  2.59292e-05	  2.13223e-06	  312	  2.27325e-07
324	  1.25577	  0.781255	  2.59292e-05	  2.78208e-06	  276	  3.06565e-07
325	  1.25577	  0.843774	  2.59292e-05	  2.90465e-06	  240	  3.32726e-07
326	  1.25577	  0.90628	  2.59292e-05	  3.23032e-06	  324	  3.40978e-07
327	  1.25577	  0.968758	  2.59292e-05	  3.33609e-06	  315	  3.54772e-07
328	  1.45182	  0.030936	  1.84965e-05	  8.19162e-07	  246	  9.3186e-08
329	  1.45182	  0.0938307	  1.84965e-05	  7.35659e-07	  516	  6.91685e-08
330	  1.45182	  0.156319	  1.84965e-05	  7.02623e-07	  504	  6.64284e-08
331	  1.45182	  0.218712	  1.84965e-05	  7.91234e-07	  528	  7.39957e-08
332	  1.45182	  0.281224	  1.84965e-05	  8.91754e-07	  504	  8.43096e-08
333	  1.45182	  0.343807	  1.84965e-05	  8.3507e-07	  384	  8.4368e-08
334	  1.45182	  0.406302	  1.84965e-05	  9.05224e-07	  420	  8.94316e-08
335	  1.45182	  0.468745	  1.84965e-05	  1.04798e-06	  468	  1.00842e-07
336	  1.45182	  0.531226	  1.84965e-05	  1.14615e-06	  480	  1.09622e-07
337	  1.45182	  0.593785	  1.84965e-05	  1.31008e-06	  468	  1.26063e-07
338	  1.45182	  0.656281	  1.84965e-05	  1.41523e-06	  396	  1.41879e-07
339	  1.45182	  0.718743	  1.84965e-05	  1.44977e-06	  456	  1.4038e-07
340	  1.45182	  0.781255	  1.84965e-05	  1.52968e-06	  432	  1.50081e-07
341	  1.45182	  0.843774	  1.84965e-05	  1.98311e-06	  480	  1.89671e-07
342	  1.45182	  0.90628	  1.84965e-05	  1.96798e-06	  480	  1.88225e-07
343	  1.45182	  0.968758	  1.84965e-05	  2.31359e-06	  414	  2.29387e-07
344	  1.68148	  0.030936	  1.3092e-05	  5.25142e-07	  798	  4.48469e-08
345	  1.68148	  0.0938307	  1.3092e-05	  5.77949e-07	  708	  5.06181e-08
346	  1.68148	  0.156319	  1.3092e-05	  5.9937e-07	  684	  5.2886e-08
347	  1.68148	  0.218712	  1.3092e-05	  6.53297e-07	  720	  5.70118e-08
348	  1.68148	  0.281224	  1.3092e-05	  6.58206e-07	  708	  5.76472e-08
349	  1.68148	  0.343807	  1.3092e-05	  6.36369e-07	  720	  5.55345e-08
350	  1.68148	  0.406302	  1.3092e-05	  6.99354e-07	  672	  6.19459e-08
351	  1.68148	  0.468745	  1.3092e-05	  8.08275e-07	  732	  7.02885e-08
352	  1.68148	  0.531226	  1.3092e-05	  8.67758e-07	  672	  7.68624e-08
353	  1.68148	  0.593785	  1.3092e-05	  9.54057e-07	  708	  8.35585e-08
354	  1.68148	  0.656281	  1.3092e-05	  9.34505e-07	  744	  8.09859e-08
355	  1.68148	  0.718743	  1.3092e-05	  1.09426e-06	  744	  9.48304e-08
356	  1.68148	  0.781255	  1.3092e-05	  1.24224e-06	  696	  1.09199e-07
357	  1.68148	  0.843774	  1.3092e-05	  1.39253e-06	  708	  1.21961e-07
358	  1.68148	  0.90628	  1.3092e-05	  1.35702e-06	  696	  1.19288e-07
359	  1.68148	  0.968758	  1.3092e-05	  1.46875e-06	  741	  1.27393e-07
360	  1.94819	  0.030936	  9.22078e-06	  4.10962e-07	  1368	  3.16593e-08
361	  1.94819	  0.0938307	  9.22078e-06	  3.83644e-07	  924	  3.18032e-08
362	  1.94819	  0.156319	  9.22078e-06	  4.30942e-07	  972	  3.53695e-08
363	  1.94819	  0.218712	  9.22078e-06	  4.18486e-07	  972	  3.43472e-08
364	  1.94819	  0.281224	  9.22078e-06	  4.24538e-07	  1200	  3.34823e-08
365	  1.94819	  0.343807	  9.22078e-06	  4.66871e-07	  1140	  3.71711e-08
366	  1.94819	  0.406302	  9.22078e-06	  4.83658e-07	  1080	  3.89001e-08
367	  1.94819	  0.468745	  9.22078e-06	  5.59001e-07	  1068	  4.50552e-08
368	  1.94819	  0.531226	  9.22078e-06	  5.98455e-07	  1164	  4.74638e-08
369	  1.94819	  0.593785	  9.22078e-06	  6.01753e-07	  1188	  4.75462e-08
370	  1.94819	  0.656281	  9.22078e-06	  6.51464e-07	  1068	  5.25076e-08
371	  1.94819	  0.718743	  9.22078e-06	  7.45885e-07	  1008	  6.07875e-08
372	  1.94819	  0.781255	  9.22078e-06	  7.8205e-07	  1164	  6.20248e-08
373	  1.94819	  0.843774	  9.22078e-06	  8.94921e-07	  1176	  7.08425e-08
374	  1.94819	  0.90628	  9.22078e-06	  9.03228e-07	  1080	  7.26458e-08
375	  1.94819	  0.968758	  9.22078e-06	  9.85211e-07	  1038	  7.98401e-08
376	  2.25604	  0.030936	  6.48115e-06	  2.94703e-07	  1896	  2.15033e-08
377	  2.25604	  0.0938307	  6.48115e-06	  3.11593e-07	  1272	  2.43163e-08
378	  2.25604	  0.156319	  6.48115e-06	  2.83261e-07	  2040	  2.04345e-08
379	  2.25604	  0.218712	  6.48115e-06	  3.19163e-07	  1740	  2.36095e-08
380	  2.25604	  0.281224	  6.48115e-06	  3.36265e-07	  1584	  2.52622e-08
381	  2.25604	  0.343807	  6.48115e-06	  3.27036e-07	  1764	  2.41384e-08
382	  2.25604	  0.406302	  6.48115e-06	  3.44674e-07	  1632	  2.57656e-08
383	  2.25604	  0.468745	  6.48115e-06	  3.58533e-07	  1860	  2.62399e-08
384	  2.25604	  0.531226	  6.48115e-06	  4.01553e-07	  1560	  3.02444e-08
385	  2.25604	  0.593785	  6.48115e-06	  4.31108e-07	  1692	  3.2036e-08
386	  2.25604	  0.656281	  6.48115e-06	  4.47574e-07	  1704	  3.32212e-08
387	  2.25604	  0.718743	  6.48115e-06	  4.84218e-07	  1824	  3.55487e-08
388	  2.25604	  0.781255	  6.48115e-06	  5.44093e-07	  1668	  4.05268e-08
389	  2.25604	  0.843774	  6.48115e-06	  5.38033e-07	  1680	  4.00283e-08
390	  2.25604	  0.90628	  6.48115e-06	  5.767e-07	  1776	  4.25195e-08
391	  2.25604	  0.968758	  6.48115e-06	  6.12666e-07	  1656	  4.56888e-08
392	  2.61216	  0.030936	  4.54319e-06	  2.17355e-07	  2586	  1.51419e-08
393	  2.61216	  0.0938307	  4.54319e-06	  2.10459e-07	  3036	  1.43425e-08
394	  2.61216	  0.156319	  4.54319e-06	  2.31608e-07	  2124	  1.66059e-08
395	  2.61216	  0.218712	  4.54319e-06	  2.15505e-07	  2940	  1.47498e-08
396	  2.61216	  0.281224	  4.54319e-06	  2.3339e-07	  2616	  1.62327e-08
397	  2.61216	  0.343807	  4.54319e-06	  2.26203e-07	  2448	  1.5882e-08
398	  2.61216	  0.406302	  4.54319e-06	  2.50059e-07	  2916	  1.71336e-08
399	  2.61216	  0.468745	  4.54319e-06	  2.58535e-07	  2544	  1.80526e-08
400	  2.61216	  0.531226	  4.54319e-06	  2.8866e-07	  2652	  2.00383e-08
401	  2.61216	  0.593785	  4.54319e-06	  2.81957e-07	  2748	  1.94765e-08
402	  2.61216	  0.656281	  4.54319e-06	  3.09592e-07	  2676	  2.14644e-08
403	  2.61216	  0.718743	  4.54319e-06	  3.2627e-07	  2472	  2.28757e-08
404	  2.61216	  0.781255	  4.54319e-06	  3.47684e-07	  2616	  2.41819e-08
405	  2.61216	  0.843774	  4.54319e-06	  3.73343e-07	  2736	  2.58047e-08
406	  2.61216	  0.90628	  4.54319e-06	  3.54932e-07	  2568	  2.47506e-08
407	  2.61216	  0.968758	  4.54319e-06	  3.72528e-07	  2745	  2.57367e-08
408	  3.02645	  0.030936	  3.16893e-06	  1.52032e-07	  3414	  1.02036e-08
409	  3.02645	  0.0938307	  3.16893e-06	  1.60356e-07	  4512	  1.04051e-08
410	  3.02645	  0.156319	  3.16893e-06	  1.54796e-07	  4632	  1.00143e-08
411	  3.02645	  0.218712	  3.16893e-06	  1.51816e-07	  3972	  9.99967e-09
412	  3.02645	  0.281224	  3.16893e-06	  1.62052e-07	  4176	  1.06103e-08
413	  3.02645	  0.343807	  3.16893e-06	  1.69091e-07	  4344	  1.10201e-08
414	  3.02645	  0.406302	  3.16893e-06	  1.72195e-07	  4044	  1.13175e-08
415	  3.02645	  0.468745	  3.16893e-06	  1.76366e-07	  4092	  1.15754e-08
416	  3.02645	  0.531226	  3.16893e-06	  1.86435e-07	  4296	  1.21662e-08
417	  3.02645	  0.593785	  3.16893e-06	  1.97123e-07	  3996	  1.29745e-08
418	  3.02645	  0.656281	  3.16893e-06	  2.0946e-07	  4188	  1.37096e-08
419	  3.02645	  0.718743	  3.16893e-06	  2.09071e-07	  4212	  1.3675e-08
420	  3.02645	  0.781255	  3.16893e-06	  2.15518e-07	  4140	  1.41255e-08
421	  3.02645	  0.843774	  3.16893e-06	  2.25305e-07	  4128	  1.4772e-08
422	  3.02645	  0.90628	  3.16893e-06	  2.25179e-07	  4188	  1.47385e-08
423	  3.02645	  0.968758	  3.16893e-06	  2.21561e-07	  4128	  1.45265e-08
424	  3.50419	  0.030936	  2.20839e-06	  1.09441e-07	  7002	  6.77992e-09
425	  3.50419	  0.0938307	  2.20839e-06	  1.10177e-07	  6240	  6.9036e-09
426	  3.50419	  0.156319	  2.20839e-06	  1.08715e-07	  5964	  6.84347e-09
427	  3.50419	  0.218712	  2.20839e-06	  1.11997e-07	  6180	  7.02451e-09
428	  3.50419	  0.281224	  2.20839e-06	  1.16312e-07	  6420	  7.26726e-09
429	  3.50419	  0.343807	  2.20839e-06	  1.15095e-07	  6516	  7.18059e-09
430	  3.50419	  0.406302	  2.20839e-06	  1.22148e-07	  6312	  7.64488e-09
431	  3.50419	  0.468745	  2.20839e-06	  1.23e-07	  6276	  7.70261e-09
432	  3.50419	  0.531226	  2.20839e-06	  1.2637e-07	  6360	  7.90306e-09
433	  3.50419	  0.593785	  2.20839e-06	  1.32419e-07	  6408	  8.27515e-09
434	  3.50419	  0.656281	  2.20839e-06	  1.36618e-07	  6360	  8.54402e-09
435	  3.50419	  0.718743	  2.20839e-06	  1.37399e-07	  6336	  8.5961e-09
436	  3.50419	  0.781255	  2.20839e-06	  1.38383e-07	  6372	  8.65272e-09
437	  3.50419	  0.843774	  2.20839e-06	  1.363e-07	  6456	  8.51136e-09
438	  3.50419	  0.90628	  2.20839e-06	  1.35694e-07	  6360	  8.48617e-09
439	  3.50419	  0.968758	  2.20839e-06	  1.31227e-07	  6327	  8.21115e-09
440	  4.05763	  0.030936	  1.53462e-06	  8.00245e-08	  10392	  4.78623e-09
441	  4.05763	  0.0938307	  1.53462e-06	  7.74285e-08	  9420	  4.66919e-09
442	  4.05763	  0.156319	  1.53462e-06	  7.74982e-08	  10176	  4.64316e-09
443	  4.05763	  0.218712	  1.53462e-06	  7.93522e-08	  10260	  4.75102e-09
444	  4.05763	  0.281224	  1.53462e-06	  8.09858e-08	  9528	  4.87896e-09
445	  4.05763	  0.343807	  1.53462e-06	  8.00785e-08	  10140	  4.79916e-09
446	  4.05763	  0.406302	  1.53462e-06	  8.26739e-08	  9960	  4.96209e-09
447	  4.05763	  0.468745	  1.53462e-06	  8.23261e-08	  10068	  4.93678e-09
448	  4.05763	  0.531226	  1.53462e-06	  8.58131e-08	  9996	  5.14896e-09
449	  4.05763	  0.593785	  1.53462e-06	  8.49345e-08	  9828	  5.10347e-09
450	  4.05763	  0.656281	  1.53462e-06	  8.62693e-08	  10032	  5.17478e-09
451	  4.05763	  0.718743	  1.53462e-06	  8.70484e-08	  9924	  5.22623e-09
452	  4.05763	  0.781255	  1.53462e-06	  8.39971e-08	  10116	  5.035e-09
453	  4.05763	  0.843774	  1.53462e-06	  8.24842e-08	  9888	  4.95371e-09
454	  4.05763	  0.90628	  1.53462e-06	  8.02051e-08	  10008	  4.81199e-09
455	  4.05763	  0.968758	  1.53462e-06	  7.40951e-08	  9978	  4.44652e-09
456	  4.69917	  0.030936	  1.06291e-06	  5.7851e-08	  13626	  3.38814e-09
457	  4.69917	  0.0938307	  1.06291e-06	  5.55742e-08	  16392	  3.21278e-09
458	  4.69917	  0.156319	  1.06291e-06	  5.3669e-08	  15708	  3.11166e-09
459	  4.69917	  0.218712	  1.06291e-06	  5.4521e-08	  15432	  3.16494e-09
460	  4.69917	  0.281224	  1.06291e-06	  5.38645e-08	  15780	  3.12202e-09
461	  4.69917	  0.343807	  1.06291e-06	  5.44077e-08	  15300	  3.16024e-09
462	  4.69917	  0.406302	  1.06291e-06	  5.50321e-08	  15588	  3.19238e-09
463	  4.69917	  0.468745	  1.06291e-06	  5.52056e-08	  15396	  3.20519e-09
464	  4.69917	  0.531226	  1.06291e-06	  5.36211e-08	  15504	  3.1117e-09
465	  4.69917	  0.593785	  1.06291e-06	  5.39474e-08	  15660	  3.12846e-09
466	  4.69917	  0.656281	  1.06291e-06	  5.22092e-08	  15192	  3.03404e-09
467	  4.69917	  0.718743	  1.06291e-06	  5.05391e-08	  15600	  2.93159e-09
468	  4.69917	  0.781255	  1.06291e-06	  4.99384e-08	  15216	  2.90176e-09
469	  4.69917	  0.843774	  1.06291e-06	  4.70415e-08	  15516	  2.72973e-09
470	  4.69917	  0.90628	  1.06291e-06	  4.36167e-08	  15540	  2.53072e-09
471	  4.69917	  0.968758	  1.06291e-06	  3.99064e-08	  15405	  2.31685e-09
472	  5.4432	  0.030936	  7.34335e-07	  3.93577e-08	  26250	  2.21081e-09
473	  5.4432	  0.0938307	  7.34335e-07	  3.8598e-08	  22392	  2.18784e-09
474	  5.4432	  0.156319	  7.34335e-07	  3.77362e-08	  24516	  2.12782e-09
475	  5.4432	  0.218712	  7.34335e-07	  3.73909e-08	  23592	  2.11298e-09
476	  5.4432	  0.281224	  7.34335e-07	  3.69623e-08	  24264	  2.0854e-09
477	  5.4432	  0.343807	  7.34335e-07	  3.65745e-08	  23928	  2.06517e-09
478	  5.4432	  0.406302	  7.34335e-07	  3.57313e-08	  24120	  2.01664e-09
479	  5.4432	  0.468745	  7.34335e-07	  3.45509e-08	  23964	  1.95074e-09
480	  5.4432	  0.531226	  7.34335e-07	  3.42236e-08	  24060	  1.93182e-09
481	  5.4432	  0.593785	  7.34335e-07	  3.33159e-08	  24108	  1.88036e-09
482	  5.4432	  0.656281	  7.34335e-07	  3.1125e-08	  24228	  1.75622e-09
483	  5.4432	  0.718743	  7.34335e-07	  2.91906e-08	  24144	  1.64739e-09
484	  5.4432	  0.781255	  7.34335e-07	  2.7225e-08	  23940	  1.53721e-09
485	  5.4432	  0.843774	  7.34335e-07	  2.56134e-08	  24192	  1.44534e-09
486	  5.4432	  0.90628	  7.34335e-07	  2.31805e-08	  23988	  1.30869e-09
487	  5.4432	  0.968758	  7.34335e-07	  2.02593e-08	  24141	  1.14335e-09
488	  6.30378	  0.030936	  5.06487e-07	  2.76956e-08	  35082	  1.53265e-09
489	  6.30378	  0.0938307	  5.06487e-07	  2.67339e-08	  39108	  1.47188e-09
490	  6.30378	  0.156319	  5.06487e-07	  2.60824e-08	  36924	  1.43985e-09
491	  6.30378	  0.218712	  5.06487e-07	  2.51059e-08	  37692	  1.38461e-09
492	  6.30378	  0.281224	  5.06487e-07	  2.43711e-08	  37092	  1.3451e-09
493	  6.30378	  0.343807	  5.06487e-07	  2.37624e-08	  37536	  1.31077e-09
494	  6.30378	  0.406302	  5.06487e-07	  2.24321e-08	  36984	  1.23825e-09
495	  6.30378	  0.468745	  5.06487e-07	  2.14549e-08	  37428	  1.18364e-09
496	  6.30378	  0.531226	  5.06487e-07	  2.03476e-08	  37392	  1.12261e-09
497	  6.30378	  0.593785	  5.06487e-07	  1.87581e-08	  37200	  1.03516e-09
498	  6.30378	  0.656281	  5.06487e-07	  1.73691e-08	  36924	  9.58846e-10
499	  6.30378	  0.718743	  5.06487e-07	  1.58605e-08	  37272	  8.7518e-10
500	  6.30378	  0.781255	  5.06487e-07	  1.4311e-08	  37284	  7.89665e-10
501	  6.30378	  0.843774	  5.06487e-07	  1.2824e-08	  37188	  7.077e-10
502	  6.30378	  0.90628	  5.06487e-07	  1.12408e-08	  37320	  6.20225e-10
503	  6.30378	  0.968758	  5.06487e-07	  9.55669e-09	  37119	  5.27438e-10
504	  7.30029	  0.030936	  3.48469e-07	  1.8776e-08	  60258	  1.01529e-09
505	  7.30029	  0.0938307	  3.48469e-07	  1.78907e-08	  56916	  9.69528e-10
506	  7.30029	  0.156319	  3.48469e-07	  1.71868e-08	  56820	  9.31443e-10
507	  7.30029	  0.218712	  3.48469e-07	  1.64771e-08	  58716	  8.91855e-10
508	  7.30029	  0.281224	  3.48469e-07	  1.55418e-08	  57840	  8.41711e-10
509	  7.30029	  0.343807	  3.48469e-07	  1.48073e-08	  57612	  8.02055e-10
510	  7.30029	  0.406302	  3.48469e-07	  1.35398e-08	  58464	  7.3299e-10
511	  7.30029	  0.468745	  3.48469e-07	  1.25013e-08	  57948	  6.76999e-10
512	  7.30029	  0.531226	  3.48469e-07	  1.15816e-08	  57708	  6.27293e-10
513	  7.30029	  0.593785	  3.48469e-07	  1.02249e-08	  58236	  5.53615e-10
514	  7.30029	  0.656281	  3.48469e-07	  9.15277e-09	  58008	  4.95641e-10
515	  7.30029	  0.718743	  3.48469e-07	  7.9391e-09	  58200	  4.29864e-10
516	  7.30029	  0.781255	  3.48469e-07	  6.91349e-09	  58128	  3.74349e-10
517	  7.30029	  0.843774	  3.48469e-07	  6.03502e-09	  57972	  3.26816e-10
518	  7.30029	  0.90628	  3.48469e-07	  5.08386e-09	  57960	  2.7531e-10
519	  7.30029	  0.968758	  3.48469e-07	  4.21754e-09	  58122	  2.28371e-10
520	  8.455	  0.030936	  2.39328e-07	  1.23786e-08	  90198	  6.60149e-10
521	  8.455	  0.0938307	  2.39328e-07	  1.17491e-08	  89292	  6.26771e-10
522	  8.455	  0.156319	  2.39328e-07	  1.11492e-08	  90804	  5.94461e-10
523	  8.455	  0.218712	  2.39328e-07	  1.0307e-08	  89628	  5.49776e-10
524	  8.455	  0.281224	  2.39328e-07	  9.57087e-09	  89844	  5.10474e-10
525	  8.455	  0.343807	  2.39328e-07	  8.65543e-09	  90636	  4.61521e-10
526	  8.455	  0.406302	  2.39328e-07	  7.70769e-09	  89628	  4.1113e-10
527	  8.455	  0.468745	  2.39328e-07	  6.80276e-09	  89772	  3.62843e-10
528	  8.455	  0.531226	  2.39328e-07	  5.97717e-09	  90324	  3.18746e-10
529	  8.455	  0.593785	  2.39328e-07	  5.10169e-09	  89784	  2.72111e-10
530	  8.455	  0.656281	  2.39328e-07	  4.39888e-09	  90216	  2.34589e-10
531	  8.455	  0.718743	  2.39328e-07	  3.68819e-09	  89796	  1.96717e-10
532	  8.455	  0.781255	  2.39328e-07	  3.1043e-09	  90120	  1.65556e-10
533	  8.455	  0.843774	  2.39328e-07	  2.57942e-09	  90132	  1.37563e-10
534	  8.455	  0.90628	  2.39328e-07	  2.11087e-09	  89916	  1.12583e-10
535	  8.455	  0.968758	  2.39328e-07	  1.68709e-09	  89964	  8.99791e-11
536	  9.79129	  0.030936	  1.64041e-07	  7.95708e-09	  139068	  4.19191e-10
537	  9.79129	  0.0938307	  1.64041e-07	  7.38529e-09	  141180	  3.8892e-10
538	  9.79129	  0.156319	  1.64041e-07	  6.8601e-09	  139380	  3.6138e-10
539	  9.79129	  0.218712	  1.64041e-07	  6.2244e-09	  138804	  3.27927e-10
540	  9.79129	  0.281224	  1.64041e-07	  5.51213e-09	  140952	  2.90289e-10
541	  9.79129	  0.343807	  1.64041e-07	  4.76038e-09	  139668	  2.50757e-10
542	  9.79129	  0.406302	  1.64041e-07	  4.07243e-09	  139464	  2.14526e-10
543	  9.79129	  0.468745	  1.64041e-07	  3.42079e-09	  139812	  1.80188e-10
544	  9.79129	  0.531226	  1.64041e-07	  2.85574e-09	  139884	  1.50423e-10
545	  9.79129	  0.593785	  1.64041e-07	  2.37262e-09	  140184	  1.24968e-10
546	  9.79129	  0.656281	  1.64041e-07	  1.93832e-09	  139404	  1.02107e-10
547	  9.79129	  0.718743	  1.64041e-07	  1.57447e-09	  139932	  8.29326e-11
548	  9.79129	  0.781255	  1.64041e-07	  1.27969e-09	  139980	  6.74049e-11
549	  9.79129	  0.843774	  1.64041e-07	  1.02619e-09	  139632	  5.40556e-11
550	  9.79129	  0.90628	  1.64041e-07	  8.00871e-10	  140088	  4.21833e-11
551	  9.79129	  0.968758	  1.64041e-07	  6.12128e-10	  139623	  3.22446e-11
