#n	   k	      mu	    PL	    Pf	     w	     err  
0	  0.10472	  1	  0.00379853	  0.000375729	  3	  0.000235714
1	  0.20944	  1	  0.00134928	  0.000106338	  3	  6.67112e-05
2	  0.314159	  1	  0.000632002	  0.00010155	  3	  6.37072e-05
3	  0.418879	  1	  0.000354209	  1.90883e-05	  3	  1.1975e-05
4	  0.523599	  1	  0.00022393	  5.68084e-06	  3	  3.56388e-06
5	  0.628319	  1	  0.000151731	  2.74256e-05	  3	  1.72054e-05
6	  0.733038	  1	  0.000108477	  1.25442e-05	  3	  7.8696e-06
7	  0.837758	  1	  8.07459e-05	  1.08412e-05	  3	  6.80124e-06
8	  0.942478	  1	  6.20055e-05	  1.64578e-06	  3	  1.03248e-06
9	  0.10472	  0	  0.00379853	  6.45067e-05	  6	  2.95601e-05
10	  0.148096	  0.707107	  0.00241558	  9.05858e-05	  12	  3.06792e-05
11	  0.23416	  0.894427	  0.00106881	  0.000110293	  12	  3.73535e-05
12	  0.331153	  0.948683	  0.000572332	  4.44437e-05	  12	  1.5052e-05
13	  0.431771	  0.970143	  0.00033334	  2.42697e-05	  12	  8.21954e-06
14	  0.533968	  0.980581	  0.000214781	  1.59611e-05	  12	  5.40563e-06
15	  0.636985	  0.986394	  0.000147282	  9.76248e-06	  12	  3.30631e-06
16	  0.74048	  0.989949	  0.00010613	  1.26333e-05	  12	  4.27858e-06
17	  0.844278	  0.992278	  7.93415e-05	  6.11344e-06	  12	  2.07047e-06
18	  0.948278	  0.993884	  6.11422e-05	  5.91518e-06	  12	  2.00332e-06
19	  0.148096	  0	  0.00241558	  3.41387e-05	  6	  1.5644e-05
20	  0.18138	  0.57735	  0.0017137	  4.62969e-05	  12	  1.56796e-05
21	  0.25651	  0.816497	  0.000940668	  5.2571e-05	  12	  1.78045e-05
22	  0.347316	  0.904534	  0.000515517	  3.07826e-05	  12	  1.04253e-05
23	  0.444288	  0.942809	  0.00031512	  2.04825e-05	  12	  6.93692e-06
24	  0.54414	  0.96225	  0.000206254	  1.73541e-05	  12	  5.87742e-06
25	  0.645536	  0.973329	  0.000143139	  1.07245e-05	  12	  3.63213e-06
26	  0.747849	  0.980196	  0.00010381	  6.90008e-06	  12	  2.33689e-06
27	  0.850747	  0.984732	  7.80228e-05	  7.81971e-06	  12	  2.64834e-06
28	  0.954042	  0.987878	  6.03124e-05	  5.67309e-06	  12	  1.92133e-06
29	  0.20944	  0	  0.00134928	  2.11148e-05	  6	  9.67581e-06
30	  0.23416	  0.447214	  0.00106881	  3.50712e-05	  12	  1.18778e-05
31	  0.296192	  0.707107	  0.000695986	  4.19729e-05	  12	  1.42152e-05
32	  0.377572	  0.83205	  0.000438644	  2.81634e-05	  12	  9.53823e-06
33	  0.468321	  0.894427	  0.00028273	  2.25627e-05	  12	  7.64143e-06
34	  0.563933	  0.928477	  0.000191181	  8.75255e-06	  12	  2.96427e-06
35	  0.662306	  0.948683	  0.000135378	  8.70397e-06	  12	  2.94782e-06
36	  0.762371	  0.961524	  9.95093e-05	  8.98996e-06	  12	  3.04468e-06
37	  0.863541	  0.970143	  7.54539e-05	  2.39914e-06	  12	  8.1253e-07
38	  0.965468	  0.976187	  5.87146e-05	  3.92536e-06	  12	  1.32942e-06
39	  0.23416	  0	  0.00106881	  2.17926e-05	  12	  7.38061e-06
40	  0.25651	  0.408248	  0.000940668	  2.09997e-05	  24	  5.33653e-06
41	  0.314159	  0.666667	  0.000632002	  2.88707e-05	  24	  7.33675e-06
42	  0.391825	  0.801784	  0.000408396	  2.11172e-05	  24	  5.36638e-06
43	  0.479886	  0.872872	  0.000268343	  2.43592e-05	  24	  6.19027e-06
44	  0.573574	  0.912871	  0.000184519	  1.10208e-05	  24	  2.80064e-06
45	  0.670534	  0.937043	  0.000131833	  7.26807e-06	  24	  1.84699e-06
46	  0.76953	  0.952579	  9.75033e-05	  7.00834e-06	  24	  1.78099e-06
47	  0.869868	  0.963087	  7.4243e-05	  5.65497e-06	  24	  1.43706e-06
48	  0.971131	  0.970495	  5.79317e-05	  4.6408e-06	  24	  1.17934e-06
49	  0.296192	  0	  0.000695986	  1.24782e-05	  6	  5.71812e-06
50	  0.314159	  0.333333	  0.000632002	  1.58427e-05	  12	  5.36551e-06
51	  0.36276	  0.57735	  0.000471853	  1.34542e-05	  12	  4.55661e-06
52	  0.431771	  0.727607	  0.00033334	  1.73809e-05	  12	  5.88647e-06
53	  0.51302	  0.816497	  0.000233677	  1.51019e-05	  12	  5.11464e-06
54	  0.601569	  0.870388	  0.000166611	  1.16823e-05	  12	  3.95652e-06
55	  0.694632	  0.904534	  0.000122073	  1.16711e-05	  12	  3.95273e-06
56	  0.790617	  0.927173	  9.18345e-05	  6.34409e-06	  12	  2.14858e-06
57	  0.888577	  0.942809	  7.0786e-05	  4.94293e-06	  12	  1.67405e-06
58	  0.987924	  0.953998	  5.57298e-05	  2.32371e-06	  12	  7.86981e-07
59	  0.314159	  0	  0.000632002	  1.66347e-05	  6	  7.62284e-06
60	  0.331153	  0.316228	  0.000572332	  1.28594e-05	  12	  4.35514e-06
61	  0.377572	  0.5547	  0.000438644	  1.83202e-05	  12	  6.20461e-06
62	  0.444288	  0.707107	  0.00031512	  9.69746e-06	  12	  3.28429e-06
63	  0.523599	  0.8	  0.00022393	  1.46973e-05	  12	  4.97762e-06
64	  0.610616	  0.857493	  0.000161348	  6.16493e-06	  12	  2.08791e-06
65	  0.702481	  0.894427	  0.000119103	  7.31306e-06	  12	  2.47675e-06
66	  0.797522	  0.919145	  9.00783e-05	  6.34724e-06	  12	  2.14965e-06
67	  0.894726	  0.936329	  6.96796e-05	  3.21771e-06	  12	  1.08976e-06
68	  0.993459	  0.948683	  5.50341e-05	  3.90749e-06	  12	  1.32337e-06
69	  0.331153	  0	  0.000572332	  1.00818e-05	  12	  3.41446e-06
70	  0.347316	  0.301511	  0.000515517	  9.36012e-06	  24	  2.37863e-06
71	  0.391825	  0.534522	  0.000408396	  9.81457e-06	  24	  2.49412e-06
72	  0.456463	  0.688247	  0.000298414	  1.77442e-05	  24	  4.50922e-06
73	  0.533968	  0.784465	  0.000214781	  9.50762e-06	  24	  2.41612e-06
74	  0.61953	  0.845154	  0.000156415	  6.82928e-06	  24	  1.73548e-06
75	  0.710244	  0.884652	  0.000116293	  1.08074e-05	  24	  2.74643e-06
76	  0.804368	  0.911322	  8.83936e-05	  5.66161e-06	  24	  1.43875e-06
77	  0.900833	  0.929981	  6.86392e-05	  4.54899e-06	  24	  1.15601e-06
78	  0.998963	  0.943456	  5.43564e-05	  2.94369e-06	  24	  7.48063e-07
79	  0.377572	  0	  0.000438644	  8.44169e-06	  12	  2.85899e-06
80	  0.391825	  0.267261	  0.000408396	  6.43155e-06	  24	  1.63441e-06
81	  0.431771	  0.485071	  0.00033334	  1.1037e-05	  24	  2.80478e-06
82	  0.491179	  0.639602	  0.000255503	  7.90864e-06	  24	  2.00978e-06
83	  0.563933	  0.742781	  0.000191181	  1.04539e-05	  24	  2.65659e-06
84	  0.645536	  0.811107	  0.000143139	  8.60079e-06	  24	  2.18567e-06
85	  0.733038	  0.857143	  0.000108477	  7.36365e-06	  24	  1.87128e-06
86	  0.824564	  0.889001	  8.36412e-05	  3.42741e-06	  24	  8.70988e-07
87	  0.918912	  0.911685	  6.56405e-05	  4.97797e-06	  24	  1.26502e-06
88	  0.418879	  0	  0.000354209	  1.88919e-06	  6	  8.65717e-07
89	  0.431771	  0.242536	  0.00033334	  4.81808e-06	  12	  1.63176e-06
90	  0.468321	  0.447214	  0.00028273	  8.59722e-06	  12	  2.91167e-06
91	  0.523599	  0.6	  0.00022393	  8.0278e-06	  12	  2.71881e-06
92	  0.592384	  0.707107	  0.000172252	  3.88106e-06	  12	  1.31442e-06
93	  0.670534	  0.780869	  0.000131833	  8.35143e-06	  12	  2.82842e-06
94	  0.755145	  0.83205	  0.000101648	  4.9232e-06	  12	  1.66736e-06
95	  0.844278	  0.868243	  7.93415e-05	  4.75351e-06	  12	  1.6099e-06
96	  0.936642	  0.894427	  6.28741e-05	  2.4206e-06	  12	  8.19797e-07
97	  0.431771	  0	  0.00033334	  4.60388e-06	  12	  1.55922e-06
98	  0.444288	  0.235702	  0.00031512	  2.92225e-06	  24	  7.42614e-07
99	  0.479886	  0.436436	  0.000268343	  9.66127e-06	  24	  2.45516e-06
100	  0.533968	  0.588348	  0.000214781	  5.18495e-06	  24	  1.31762e-06
101	  0.601569	  0.696311	  0.000166611	  4.94221e-06	  24	  1.25593e-06
102	  0.678662	  0.771517	  0.000128405	  4.51279e-06	  24	  1.14681e-06
103	  0.762371	  0.824163	  9.95093e-05	  6.62117e-06	  24	  1.6826e-06
104	  0.850747	  0.86164	  7.80228e-05	  5.65319e-06	  24	  1.43661e-06
105	  0.942478	  0.888889	  6.20055e-05	  4.6252e-06	  24	  1.17537e-06
106	  0.444288	  0	  0.00031512	  4.17691e-06	  6	  1.91406e-06
107	  0.456463	  0.229416	  0.000298414	  7.55462e-06	  12	  2.55856e-06
108	  0.491179	  0.426401	  0.000255503	  6.42991e-06	  12	  2.17765e-06
109	  0.54414	  0.57735	  0.000206254	  2.32393e-06	  12	  7.87059e-07
110	  0.610616	  0.685994	  0.000161348	  8.23827e-06	  12	  2.7901e-06
111	  0.686693	  0.762493	  0.00012517	  5.23777e-06	  12	  1.7739e-06
112	  0.76953	  0.816497	  9.75033e-05	  4.77068e-06	  12	  1.61571e-06
113	  0.857168	  0.855186	  7.6714e-05	  2.8132e-06	  12	  9.52759e-07
114	  0.948278	  0.883452	  6.11422e-05	  2.14442e-06	  12	  7.26262e-07
115	  0.468321	  0	  0.00028273	  5.30424e-06	  12	  1.79641e-06
116	  0.479886	  0.218218	  0.000268343	  7.39872e-06	  24	  1.88019e-06
117	  0.51302	  0.408248	  0.000233677	  7.55175e-06	  24	  1.91908e-06
118	  0.563933	  0.557086	  0.000191181	  7.11452e-06	  24	  1.80797e-06
119	  0.628319	  0.666667	  0.000151731	  5.32999e-06	  24	  1.35448e-06
120	  0.702481	  0.745356	  0.000119103	  6.0235e-06	  24	  1.53072e-06
121	  0.783651	  0.801784	  9.36575e-05	  5.14934e-06	  24	  1.30857e-06
122	  0.869868	  0.842701	  7.4243e-05	  3.43942e-06	  24	  8.74039e-07
123	  0.959772	  0.872872	  5.95111e-05	  3.25134e-06	  24	  8.26245e-07
124	  0.523599	  0	  0.00022393	  3.68856e-06	  18	  1.05383e-06
125	  0.533968	  0.196116	  0.000214781	  3.44367e-06	  36	  7.46128e-07
126	  0.563933	  0.371391	  0.000191181	  3.42516e-06	  36	  7.42117e-07
127	  0.610616	  0.514496	  0.000161348	  4.09838e-06	  36	  8.87982e-07
128	  0.670534	  0.624695	  0.000131833	  4.26766e-06	  36	  9.24659e-07
129	  0.74048	  0.707107	  0.00010613	  4.62861e-06	  36	  1.00286e-06
130	  0.817887	  0.768221	  8.51823e-05	  3.96877e-06	  36	  8.59899e-07
131	  0.900833	  0.813733	  6.86392e-05	  3.42082e-06	  36	  7.41178e-07
132	  0.987924	  0.847998	  5.57298e-05	  3.00812e-06	  36	  6.5176e-07
133	  0.533968	  0	  0.000214781	  3.40404e-06	  12	  1.15286e-06
134	  0.54414	  0.19245	  0.000206254	  5.17146e-06	  24	  1.31419e-06
135	  0.573574	  0.365148	  0.000184519	  3.52014e-06	  24	  8.94553e-07
136	  0.61953	  0.507093	  0.000156415	  4.54872e-06	  24	  1.15594e-06
137	  0.678662	  0.617213	  0.000128405	  4.35438e-06	  24	  1.10655e-06
138	  0.747849	  0.70014	  0.00010381	  4.11794e-06	  24	  1.04647e-06
139	  0.824564	  0.762001	  8.36412e-05	  1.70344e-06	  24	  4.32886e-07
140	  0.9069	  0.80829	  6.76145e-05	  3.79792e-06	  24	  9.65143e-07
141	  0.993459	  0.843274	  5.50341e-05	  2.85347e-06	  24	  7.25136e-07
142	  0.563933	  0	  0.000191181	  1.41809e-06	  12	  4.80273e-07
143	  0.573574	  0.182574	  0.000184519	  2.89577e-06	  24	  7.35884e-07
144	  0.601569	  0.348155	  0.000166611	  3.76018e-06	  24	  9.55554e-07
145	  0.645536	  0.486664	  0.000143139	  4.39618e-06	  24	  1.11718e-06
146	  0.702481	  0.596285	  0.000119103	  4.53055e-06	  24	  1.15132e-06
147	  0.76953	  0.680414	  9.75033e-05	  2.61207e-06	  24	  6.63791e-07
148	  0.844278	  0.744208	  7.93415e-05	  4.11935e-06	  24	  1.04683e-06
149	  0.92486	  0.792594	  6.46977e-05	  3.24524e-06	  24	  8.24694e-07
150	  0.592384	  0	  0.000172252	  1.00833e-06	  6	  4.62066e-07
151	  0.601569	  0.174078	  0.000166611	  2.11251e-06	  12	  7.15453e-07
152	  0.628319	  0.333333	  0.000151731	  2.95523e-06	  12	  1.00086e-06
153	  0.670534	  0.468521	  0.000131833	  2.57936e-06	  12	  8.73564e-07
154	  0.72552	  0.57735	  0.000110996	  4.95956e-06	  12	  1.67968e-06
155	  0.790617	  0.662266	  9.18345e-05	  3.63341e-06	  12	  1.23055e-06
156	  0.863541	  0.727607	  7.54539e-05	  3.00833e-06	  12	  1.01885e-06
157	  0.942478	  0.777778	  6.20055e-05	  2.27909e-06	  12	  7.71873e-07
158	  0.610616	  0	  0.000161348	  2.15478e-06	  12	  7.29769e-07
159	  0.61953	  0.169031	  0.000156415	  2.6521e-06	  24	  6.73962e-07
160	  0.645536	  0.324443	  0.000143139	  3.1358e-06	  24	  7.96883e-07
161	  0.686693	  0.457496	  0.00012517	  3.44043e-06	  24	  8.74297e-07
162	  0.74048	  0.565685	  0.00010613	  2.95163e-06	  24	  7.5008e-07
163	  0.804368	  0.650945	  8.83936e-05	  3.93764e-06	  24	  1.00065e-06
164	  0.876148	  0.717137	  7.30409e-05	  3.37106e-06	  24	  8.56668e-07
165	  0.954042	  0.76835	  6.03124e-05	  2.72218e-06	  24	  6.91772e-07
166	  0.628319	  0	  0.000151731	  7.62026e-06	  6	  3.49197e-06
167	  0.636985	  0.164399	  0.000147282	  3.67836e-06	  12	  1.24577e-06
168	  0.662306	  0.316228	  0.000135378	  2.37247e-06	  12	  8.03496e-07
169	  0.702481	  0.447214	  0.000119103	  1.35491e-06	  12	  4.58873e-07
170	  0.755145	  0.5547	  0.000101648	  1.84662e-06	  12	  6.25405e-07
171	  0.817887	  0.640184	  8.51823e-05	  2.30005e-06	  12	  7.78971e-07
172	  0.888577	  0.707107	  7.0786e-05	  2.55502e-06	  12	  8.6532e-07
173	  0.965468	  0.759257	  5.87146e-05	  2.95212e-06	  12	  9.99808e-07
174	  0.636985	  0	  0.000147282	  3.57541e-06	  12	  1.2109e-06
175	  0.645536	  0.162221	  0.000143139	  1.93261e-06	  24	  4.91122e-07
176	  0.670534	  0.312348	  0.000131833	  2.21677e-06	  24	  5.63334e-07
177	  0.710244	  0.442326	  0.000116293	  2.98739e-06	  24	  7.59168e-07
178	  0.762371	  0.549442	  9.95093e-05	  3.73301e-06	  24	  9.48647e-07
179	  0.824564	  0.635001	  8.36412e-05	  1.86654e-06	  24	  4.74332e-07
180	  0.894726	  0.702247	  6.96796e-05	  1.9447e-06	  24	  4.94195e-07
181	  0.971131	  0.754829	  5.79317e-05	  2.40107e-06	  24	  6.10169e-07
182	  0.662306	  0	  0.000135378	  2.19889e-06	  12	  7.4471e-07
183	  0.670534	  0.156174	  0.000131833	  2.05016e-06	  24	  5.20996e-07
184	  0.694632	  0.301511	  0.000122073	  2.25504e-06	  24	  5.73059e-07
185	  0.733038	  0.428571	  0.000108477	  2.91039e-06	  24	  7.39599e-07
186	  0.783651	  0.534522	  9.36575e-05	  2.40052e-06	  24	  6.10029e-07
187	  0.844278	  0.620174	  7.93415e-05	  2.37248e-06	  24	  6.02904e-07
188	  0.912926	  0.688247	  6.65967e-05	  1.73715e-06	  24	  4.41451e-07
189	  0.987924	  0.741999	  5.57298e-05	  1.99812e-06	  24	  5.07772e-07
190	  0.670534	  0	  0.000131833	  2.62631e-06	  12	  8.89466e-07
191	  0.678662	  0.154303	  0.000128405	  1.76552e-06	  24	  4.48662e-07
192	  0.702481	  0.298142	  0.000119103	  2.82727e-06	  24	  7.18478e-07
193	  0.74048	  0.424264	  0.00010613	  2.20088e-06	  24	  5.59298e-07
194	  0.790617	  0.529813	  9.18345e-05	  2.41561e-06	  24	  6.13865e-07
195	  0.850747	  0.615457	  7.80228e-05	  1.7264e-06	  24	  4.38719e-07
196	  0.918912	  0.683763	  6.56405e-05	  2.59471e-06	  24	  6.5938e-07
197	  0.993459	  0.737865	  5.50341e-05	  2.22926e-06	  24	  5.66508e-07
198	  0.702481	  0	  0.000119103	  1.12382e-06	  12	  3.80608e-07
199	  0.710244	  0.147442	  0.000116293	  2.2409e-06	  24	  5.69466e-07
200	  0.733038	  0.285714	  0.000108477	  2.85324e-06	  24	  7.25076e-07
201	  0.76953	  0.408248	  9.75033e-05	  2.35312e-06	  24	  5.97985e-07
202	  0.817887	  0.512148	  8.51823e-05	  3.34389e-06	  24	  8.49762e-07
203	  0.876148	  0.597614	  7.30409e-05	  2.74749e-06	  24	  6.98203e-07
204	  0.942478	  0.666667	  6.20055e-05	  2.2795e-06	  24	  5.79276e-07
205	  0.733038	  0	  0.000108477	  1.75801e-06	  6	  8.05606e-07
206	  0.74048	  0.141421	  0.00010613	  1.77581e-06	  12	  6.01422e-07
207	  0.762371	  0.274721	  9.95093e-05	  1.49386e-06	  12	  5.05933e-07
208	  0.797522	  0.393919	  9.00783e-05	  2.05436e-06	  12	  6.95761e-07
209	  0.844278	  0.496139	  7.93415e-05	  2.47887e-06	  12	  8.39533e-07
210	  0.900833	  0.581238	  6.86392e-05	  2.66873e-06	  12	  9.03833e-07
211	  0.965468	  0.650791	  5.87146e-05	  2.15696e-06	  12	  7.30508e-07
212	  0.74048	  0	  0.00010613	  1.85211e-06	  18	  5.29153e-07
213	  0.747849	  0.140028	  0.00010381	  2.41189e-06	  36	  5.22575e-07
214	  0.76953	  0.272166	  9.75033e-05	  1.85457e-06	  36	  4.01824e-07
215	  0.804368	  0.390567	  8.83936e-05	  2.69414e-06	  36	  5.83731e-07
216	  0.850747	  0.492366	  7.80228e-05	  1.71209e-06	  36	  3.70953e-07
217	  0.9069	  0.57735	  6.76145e-05	  1.72198e-06	  36	  3.73096e-07
218	  0.971131	  0.646997	  5.79317e-05	  2.80985e-06	  36	  6.088e-07
219	  0.755145	  0	  0.000101648	  1.19454e-06	  12	  4.04561e-07
220	  0.762371	  0.137361	  9.95093e-05	  2.30165e-06	  24	  5.84906e-07
221	  0.783651	  0.267261	  9.36575e-05	  1.98562e-06	  24	  5.04595e-07
222	  0.817887	  0.384111	  8.51823e-05	  2.21197e-06	  24	  5.62114e-07
223	  0.863541	  0.485071	  7.54539e-05	  1.18853e-06	  24	  3.02035e-07
224	  0.918912	  0.569803	  6.56405e-05	  1.96555e-06	  24	  4.99494e-07
225	  0.982358	  0.639602	  5.64596e-05	  1.539e-06	  24	  3.91096e-07
226	  0.762371	  0	  9.95093e-05	  9.92212e-07	  12	  3.36038e-07
227	  0.76953	  0.136083	  9.75033e-05	  2.27291e-06	  24	  5.77602e-07
228	  0.790617	  0.264906	  9.18345e-05	  1.58016e-06	  24	  4.01556e-07
229	  0.824564	  0.381	  8.36412e-05	  1.59152e-06	  24	  4.04442e-07
230	  0.869868	  0.481543	  7.4243e-05	  1.16701e-06	  24	  2.96565e-07
231	  0.92486	  0.566139	  6.46977e-05	  2.21838e-06	  24	  5.63745e-07
232	  0.987924	  0.635999	  5.57298e-05	  1.63962e-06	  24	  4.16666e-07
233	  0.797522	  0	  9.00783e-05	  1.76898e-06	  12	  5.99109e-07
234	  0.804368	  0.130189	  8.83936e-05	  2.18608e-06	  24	  5.55536e-07
235	  0.824564	  0.254	  8.36412e-05	  1.40526e-06	  24	  3.5711e-07
236	  0.857168	  0.366508	  7.6714e-05	  1.69632e-06	  24	  4.31075e-07
237	  0.900833	  0.464991	  6.86392e-05	  1.6063e-06	  24	  4.082e-07
238	  0.954042	  0.548821	  6.03124e-05	  1.85084e-06	  24	  4.70342e-07
239	  0.817887	  0	  8.51823e-05	  1.31423e-06	  12	  4.45099e-07
240	  0.824564	  0.127	  8.36412e-05	  1.24516e-06	  24	  3.16424e-07
241	  0.844278	  0.248069	  7.93415e-05	  1.47379e-06	  24	  3.74527e-07
242	  0.876148	  0.358569	  7.30409e-05	  1.84381e-06	  24	  4.68557e-07
243	  0.918912	  0.455842	  6.56405e-05	  1.70882e-06	  24	  4.34252e-07
244	  0.971131	  0.539164	  5.79317e-05	  2.00416e-06	  24	  5.09305e-07
245	  0.837758	  0	  8.07459e-05	  1.65078e-06	  6	  7.56469e-07
246	  0.844278	  0.124035	  7.93415e-05	  2.18095e-06	  12	  7.38634e-07
247	  0.863541	  0.242536	  7.54539e-05	  6.87407e-07	  12	  2.32808e-07
248	  0.894726	  0.351123	  6.96796e-05	  1.36118e-06	  12	  4.60998e-07
249	  0.936642	  0.447214	  6.28741e-05	  1.38856e-06	  12	  4.70272e-07
250	  0.987924	  0.529999	  5.57298e-05	  2.27494e-06	  12	  7.70467e-07
251	  0.844278	  0	  7.93415e-05	  1.89469e-06	  24	  4.81486e-07
252	  0.850747	  0.123091	  7.80228e-05	  1.61017e-06	  48	  3.12916e-07
253	  0.869868	  0.240772	  7.4243e-05	  1.33713e-06	  48	  2.59854e-07
254	  0.900833	  0.348743	  6.86392e-05	  1.58097e-06	  48	  3.07241e-07
255	  0.942478	  0.444444	  6.20055e-05	  1.52915e-06	  48	  2.97171e-07
256	  0.993459	  0.527046	  5.50341e-05	  1.68258e-06	  48	  3.26989e-07
257	  0.863541	  0	  7.54539e-05	  8.23202e-07	  12	  2.78798e-07
258	  0.869868	  0.120386	  7.4243e-05	  1.43016e-06	  24	  3.63438e-07
259	  0.888577	  0.235702	  7.0786e-05	  1.39041e-06	  24	  3.53336e-07
260	  0.918912	  0.341882	  6.56405e-05	  1.46027e-06	  24	  3.7109e-07
261	  0.959772	  0.436436	  5.95111e-05	  1.47038e-06	  24	  3.73659e-07
262	  0.888577	  0	  7.0786e-05	  1.28533e-06	  6	  5.88999e-07
263	  0.894726	  0.117041	  6.96796e-05	  9.39942e-07	  12	  3.18335e-07
264	  0.912926	  0.229416	  6.65967e-05	  1.36739e-06	  12	  4.63103e-07
265	  0.942478	  0.333333	  6.20055e-05	  1.53048e-06	  12	  5.18336e-07
266	  0.982358	  0.426401	  5.64596e-05	  1.42972e-06	  12	  4.84211e-07
267	  0.894726	  0	  6.96796e-05	  9.53721e-07	  12	  3.23002e-07
268	  0.900833	  0.116248	  6.86392e-05	  1.18541e-06	  24	  3.0124e-07
269	  0.918912	  0.227921	  6.56405e-05	  1.48173e-06	  24	  3.76545e-07
270	  0.948278	  0.331295	  6.11422e-05	  1.48429e-06	  24	  3.77195e-07
271	  0.987924	  0.423999	  5.57298e-05	  1.27677e-06	  24	  3.24457e-07
272	  0.900833	  0	  6.86392e-05	  1.74859e-06	  12	  5.92204e-07
273	  0.9069	  0.11547	  6.76145e-05	  1.21604e-06	  24	  3.09025e-07
274	  0.92486	  0.226455	  6.46977e-05	  9.78322e-07	  24	  2.48615e-07
275	  0.954042	  0.329293	  6.03124e-05	  1.47338e-06	  24	  3.7442e-07
276	  0.993459	  0.421637	  5.50341e-05	  1.33006e-06	  24	  3.38001e-07
277	  0.936642	  0	  6.28741e-05	  8.90518e-07	  12	  3.01596e-07
278	  0.942478	  0.111111	  6.20055e-05	  1.28833e-06	  24	  3.27395e-07
279	  0.959772	  0.218218	  5.95111e-05	  1.11791e-06	  24	  2.84087e-07
280	  0.987924	  0.317999	  5.57298e-05	  1.04607e-06	  24	  2.65831e-07
281	  0.942478	  0	  6.20055e-05	  2.17558e-06	  6	  9.96956e-07
282	  0.948278	  0.110432	  6.11422e-05	  1.51906e-06	  12	  5.14466e-07
283	  0.965468	  0.21693	  5.87146e-05	  1.32514e-06	  12	  4.48793e-07
284	  0.993459	  0.316228	  5.50341e-05	  1.38058e-06	  12	  4.67569e-07
285	  0.948278	  0	  6.11422e-05	  1.36132e-06	  12	  4.61045e-07
286	  0.954042	  0.109764	  6.03124e-05	  1.02669e-06	  24	  2.60906e-07
287	  0.971131	  0.215666	  5.79317e-05	  8.64659e-07	  24	  2.19731e-07
288	  0.998963	  0.314485	  5.43564e-05	  1.1163e-06	  24	  2.8368e-07
289	  0.965468	  0	  5.87146e-05	  1.03254e-06	  24	  2.62394e-07
290	  0.971131	  0.107833	  5.79317e-05	  1.16176e-06	  48	  2.25774e-07
291	  0.987924	  0.212	  5.57298e-05	  1.25652e-06	  48	  2.44189e-07
292	  0.987924	  0	  5.57298e-05	  1.06212e-06	  12	  3.59715e-07
293	  0.993459	  0.105409	  5.50341e-05	  1.12048e-06	  24	  2.84741e-07
294	  0.993459	  0	  5.50341e-05	  9.3803e-07	  12	  3.17687e-07
295	  0.998963	  0.104828	  5.43564e-05	  9.67605e-07	  24	  2.45892e-07
296	  1.08818	  0.030936	  4.47331e-05	  9.04926e-07	  138	  1.22279e-07
297	  1.08818	  0.0938307	  4.47331e-05	  8.3093e-07	  252	  9.38902e-08
298	  1.08818	  0.156319	  4.47331e-05	  7.50379e-07	  72	  1.25952e-07
299	  1.08818	  0.218712	  4.47331e-05	  8.40681e-07	  216	  9.92352e-08
300	  1.08818	  0.281224	  4.47331e-05	  9.90901e-07	  288	  1.07934e-07
301	  1.08818	  0.343807	  4.47331e-05	  9.41657e-07	  120	  1.33044e-07
302	  1.08818	  0.406302	  4.47331e-05	  1.32214e-06	  180	  1.64654e-07
303	  1.08818	  0.468745	  4.47331e-05	  1.23462e-06	  180	  1.53755e-07
304	  1.08818	  0.531226	  4.47331e-05	  1.41602e-06	  192	  1.72993e-07
305	  1.08818	  0.593785	  4.47331e-05	  1.80608e-06	  192	  2.20647e-07
306	  1.08818	  0.656281	  4.47331e-05	  1.49417e-06	  168	  1.89986e-07
307	  1.08818	  0.718743	  4.47331e-05	  1.92546e-06	  228	  2.23789e-07
308	  1.08818	  0.781255	  4.47331e-05	  2.65447e-06	  144	  3.5393e-07
309	  1.08818	  0.843774	  4.47331e-05	  2.26857e-06	  240	  2.59864e-07
310	  1.08818	  0.90628	  4.47331e-05	  2.88019e-06	  168	  3.66221e-07
311	  1.08818	  0.968758	  4.47331e-05	  2.9182e-06	  150	  3.8418e-07
312	  1.25577	  0.030936	  3.21739e-05	  6.94729e-07	  198	  8.41087e-08
313	  1.25577	  0.0938307	  3.21739e-05	  7.10705e-07	  396	  7.12496e-08
314	  1.25577	  0.156319	  3.21739e-05	  6.83608e-07	  396	  6.8533e-08
315	  1.25577	  0.218712	  3.21739e-05	  6.43478e-07	  204	  7.72263e-08
316	  1.25577	  0.281224	  3.21739e-05	  7.64854e-07	  216	  9.02845e-08
317	  1.25577	  0.343807	  3.21739e-05	  7.58296e-07	  372	  7.72306e-08
318	  1.25577	  0.406302	  3.21739e-05	  8.63765e-07	  312	  9.20893e-08
319	  1.25577	  0.468745	  3.21739e-05	  8.57836e-07	  288	  9.34402e-08
320	  1.25577	  0.531226	  3.21739e-05	  1.13739e-06	  264	  1.26871e-07
321	  1.25577	  0.593785	  3.21739e-05	  1.07288e-06	  312	  1.14384e-07
322	  1.25577	  0.656281	  3.21739e-05	  1.1532e-06	  276	  1.27074e-07
323	  1.25577	  0.718743	  3.21739e-05	  1.3145e-06	  312	  1.40144e-07
324	  1.25577	  0.781255	  3.21739e-05	  1.5303e-06	  276	  1.68629e-07
325	  1.25577	  0.843774	  3.21739e-05	  1.56557e-06	  240	  1.79336e-07
326	  1.25577	  0.90628	  3.21739e-05	  1.7643e-06	  324	  1.86232e-07
327	  1.25577	  0.968758	  3.21739e-05	  2.03708e-06	  315	  2.1663e-07
328	  1.45182	  0.030936	  2.29512e-05	  4.8605e-07	  246	  5.52919e-08
329	  1.45182	  0.0938307	  2.29512e-05	  4.47828e-07	  516	  4.21059e-08
330	  1.45182	  0.156319	  2.29512e-05	  4.96492e-07	  504	  4.69401e-08
331	  1.45182	  0.218712	  2.29512e-05	  4.59908e-07	  528	  4.30103e-08
332	  1.45182	  0.281224	  2.29512e-05	  4.98336e-07	  504	  4.71144e-08
333	  1.45182	  0.343807	  2.29512e-05	  5.61267e-07	  384	  5.67053e-08
334	  1.45182	  0.406302	  2.29512e-05	  6.85669e-07	  420	  6.77407e-08
335	  1.45182	  0.468745	  2.29512e-05	  6.01845e-07	  468	  5.79126e-08
336	  1.45182	  0.531226	  2.29512e-05	  6.77389e-07	  480	  6.47879e-08
337	  1.45182	  0.593785	  2.29512e-05	  7.11221e-07	  468	  6.84372e-08
338	  1.45182	  0.656281	  2.29512e-05	  7.62782e-07	  396	  7.64704e-08
339	  1.45182	  0.718743	  2.29512e-05	  8.52093e-07	  456	  8.25076e-08
340	  1.45182	  0.781255	  2.29512e-05	  1.05072e-06	  432	  1.03088e-07
341	  1.45182	  0.843774	  2.29512e-05	  1.04645e-06	  480	  1.00086e-07
342	  1.45182	  0.90628	  2.29512e-05	  1.24867e-06	  480	  1.19427e-07
343	  1.45182	  0.968758	  2.29512e-05	  1.39536e-06	  414	  1.38346e-07
344	  1.68148	  0.030936	  1.6245e-05	  3.33001e-07	  798	  2.84382e-08
345	  1.68148	  0.0938307	  1.6245e-05	  3.72301e-07	  708	  3.2607e-08
346	  1.68148	  0.156319	  1.6245e-05	  3.45261e-07	  684	  3.04645e-08
347	  1.68148	  0.218712	  1.6245e-05	  3.73951e-07	  720	  3.26339e-08
348	  1.68148	  0.281224	  1.6245e-05	  3.82674e-07	  708	  3.35155e-08
349	  1.68148	  0.343807	  1.6245e-05	  4.0309e-07	  720	  3.51767e-08
350	  1.68148	  0.406302	  1.6245e-05	  4.27696e-07	  672	  3.78835e-08
351	  1.68148	  0.468745	  1.6245e-05	  4.95102e-07	  732	  4.30546e-08
352	  1.68148	  0.531226	  1.6245e-05	  5.08219e-07	  672	  4.50159e-08
353	  1.68148	  0.593785	  1.6245e-05	  5.18748e-07	  708	  4.54331e-08
354	  1.68148	  0.656281	  1.6245e-05	  5.4184e-07	  744	  4.69568e-08
355	  1.68148	  0.718743	  1.6245e-05	  6.72535e-07	  744	  5.82831e-08
356	  1.68148	  0.781255	  1.6245e-05	  7.30694e-07	  696	  6.42316e-08
357	  1.68148	  0.843774	  1.6245e-05	  7.37299e-07	  708	  6.45743e-08
358	  1.68148	  0.90628	  1.6245e-05	  8.12192e-07	  696	  7.13956e-08
359	  1.68148	  0.968758	  1.6245e-05	  9.12924e-07	  741	  7.91833e-08
360	  1.94819	  0.030936	  1.14415e-05	  2.46368e-07	  1368	  1.89794e-08
361	  1.94819	  0.0938307	  1.14415e-05	  2.46836e-07	  924	  2.04621e-08
362	  1.94819	  0.156319	  1.14415e-05	  2.59817e-07	  972	  2.13244e-08
363	  1.94819	  0.218712	  1.14415e-05	  2.78867e-07	  972	  2.2888e-08
364	  1.94819	  0.281224	  1.14415e-05	  2.55932e-07	  1200	  2.01847e-08
365	  1.94819	  0.343807	  1.14415e-05	  2.75084e-07	  1140	  2.19015e-08
366	  1.94819	  0.406302	  1.14415e-05	  2.98509e-07	  1080	  2.40088e-08
367	  1.94819	  0.468745	  1.14415e-05	  3.32933e-07	  1068	  2.68343e-08
368	  1.94819	  0.531226	  1.14415e-05	  3.13953e-07	  1164	  2.48998e-08
369	  1.94819	  0.593785	  1.14415e-05	  3.81053e-07	  1188	  3.01081e-08
370	  1.94819	  0.656281	  1.14415e-05	  3.82976e-07	  1068	  3.08677e-08
371	  1.94819	  0.718743	  1.14415e-05	  4.09901e-07	  1008	  3.34057e-08
372	  1.94819	  0.781255	  1.14415e-05	  4.52389e-07	  1164	  3.58792e-08
373	  1.94819	  0.843774	  1.14415e-05	  4.80405e-07	  1176	  3.80292e-08
374	  1.94819	  0.90628	  1.14415e-05	  5.08489e-07	  1080	  4.08973e-08
375	  1.94819	  0.968758	  1.14415e-05	  5.44103e-07	  1038	  4.40933e-08
376	  2.25604	  0.030936	  8.04204e-06	  1.84169e-07	  1896	  1.3438e-08
377	  2.25604	  0.0938307	  8.04204e-06	  1.86731e-07	  1272	  1.45722e-08
378	  2.25604	  0.156319	  8.04204e-06	  1.80435e-07	  2040	  1.30166e-08
379	  2.25604	  0.218712	  8.04204e-06	  1.93553e-07	  1740	  1.43177e-08
380	  2.25604	  0.281224	  8.04204e-06	  1.97062e-07	  1584	  1.48044e-08
381	  2.25604	  0.343807	  8.04204e-06	  1.99366e-07	  1764	  1.47151e-08
382	  2.25604	  0.406302	  8.04204e-06	  2.08712e-07	  1632	  1.5602e-08
383	  2.25604	  0.468745	  8.04204e-06	  2.22041e-07	  1860	  1.62505e-08
384	  2.25604	  0.531226	  8.04204e-06	  2.37497e-07	  1560	  1.78879e-08
385	  2.25604	  0.593785	  8.04204e-06	  2.47225e-07	  1692	  1.83715e-08
386	  2.25604	  0.656281	  8.04204e-06	  2.69344e-07	  1704	  1.99921e-08
387	  2.25604	  0.718743	  8.04204e-06	  2.80977e-07	  1824	  2.06279e-08
388	  2.25604	  0.781255	  8.04204e-06	  2.92155e-07	  1668	  2.17612e-08
389	  2.25604	  0.843774	  8.04204e-06	  3.08655e-07	  1680	  2.29632e-08
390	  2.25604	  0.90628	  8.04204e-06	  3.29401e-07	  1776	  2.42864e-08
391	  2.25604	  0.968758	  8.04204e-06	  3.39743e-07	  1656	  2.53359e-08
392	  2.61216	  0.030936	  5.63734e-06	  1.37133e-07	  2586	  9.5533e-09
393	  2.61216	  0.0938307	  5.63734e-06	  1.32054e-07	  3036	  8.99933e-09
394	  2.61216	  0.156319	  5.63734e-06	  1.41422e-07	  2124	  1.01397e-08
395	  2.61216	  0.218712	  5.63734e-06	  1.33493e-07	  2940	  9.13663e-09
396	  2.61216	  0.281224	  5.63734e-06	  1.3852e-07	  2616	  9.63431e-09
397	  2.61216	  0.343807	  5.63734e-06	  1.46175e-07	  2448	  1.02632e-08
398	  2.61216	  0.406302	  5.63734e-06	  1.53491e-07	  2916	  1.0517e-08
399	  2.61216	  0.468745	  5.63734e-06	  1.54232e-07	  2544	  1.07694e-08
400	  2.61216	  0.531226	  5.63734e-06	  1.62812e-07	  2652	  1.13022e-08
401	  2.61216	  0.593785	  5.63734e-06	  1.67943e-07	  2748	  1.16009e-08
402	  2.61216	  0.656281	  5.63734e-06	  1.78578e-07	  2676	  1.2381e-08
403	  2.61216	  0.718743	  5.63734e-06	  1.7901e-07	  2472	  1.25509e-08
404	  2.61216	  0.781255	  5.63734e-06	  1.88788e-07	  2616	  1.31305e-08
405	  2.61216	  0.843774	  5.63734e-06	  1.93071e-07	  2736	  1.33447e-08
406	  2.61216	  0.90628	  5.63734e-06	  2.00153e-07	  2568	  1.39574e-08
407	  2.61216	  0.968758	  5.63734e-06	  2.02612e-07	  2745	  1.39977e-08
408	  3.02645	  0.030936	  3.93212e-06	  1.04387e-07	  3414	  7.0059e-09
409	  3.02645	  0.0938307	  3.93212e-06	  9.91666e-08	  4512	  6.43465e-09
410	  3.02645	  0.156319	  3.93212e-06	  9.89048e-08	  4632	  6.39846e-09
411	  3.02645	  0.218712	  3.93212e-06	  9.46887e-08	  3972	  6.23686e-09
412	  3.02645	  0.281224	  3.93212e-06	  9.87983e-08	  4176	  6.46878e-09
413	  3.02645	  0.343807	  3.93212e-06	  1.05525e-07	  4344	  6.87729e-09
414	  3.02645	  0.406302	  3.93212e-06	  1.08623e-07	  4044	  7.13927e-09
415	  3.02645	  0.468745	  3.93212e-06	  1.08843e-07	  4092	  7.14367e-09
416	  3.02645	  0.531226	  3.93212e-06	  1.15887e-07	  4296	  7.56244e-09
417	  3.02645	  0.593785	  3.93212e-06	  1.16651e-07	  3996	  7.67786e-09
418	  3.02645	  0.656281	  3.93212e-06	  1.16879e-07	  4188	  7.64998e-09
419	  3.02645	  0.718743	  3.93212e-06	  1.25582e-07	  4212	  8.21414e-09
420	  3.02645	  0.781255	  3.93212e-06	  1.19825e-07	  4140	  7.85356e-09
421	  3.02645	  0.843774	  3.93212e-06	  1.20565e-07	  4128	  7.90476e-09
422	  3.02645	  0.90628	  3.93212e-06	  1.23371e-07	  4188	  8.07491e-09
423	  3.02645	  0.968758	  3.93212e-06	  1.17423e-07	  4128	  7.69879e-09
424	  3.50419	  0.030936	  2.74025e-06	  7.24882e-08	  7002	  4.49069e-09
425	  3.50419	  0.0938307	  2.74025e-06	  7.26025e-08	  6240	  4.54922e-09
426	  3.50419	  0.156319	  2.74025e-06	  6.97658e-08	  5964	  4.39168e-09
427	  3.50419	  0.218712	  2.74025e-06	  7.21593e-08	  6180	  4.52587e-09
428	  3.50419	  0.281224	  2.74025e-06	  7.13159e-08	  6420	  4.45585e-09
429	  3.50419	  0.343807	  2.74025e-06	  7.2775e-08	  6516	  4.5403e-09
430	  3.50419	  0.406302	  2.74025e-06	  7.61075e-08	  6312	  4.76332e-09
431	  3.50419	  0.468745	  2.74025e-06	  7.7085e-08	  6276	  4.82729e-09
432	  3.50419	  0.531226	  2.74025e-06	  7.6781e-08	  6360	  4.80183e-09
433	  3.50419	  0.593785	  2.74025e-06	  7.77238e-08	  6408	  4.85713e-09
434	  3.50419	  0.656281	  2.74025e-06	  8.08467e-08	  6360	  5.05609e-09
435	  3.50419	  0.718743	  2.74025e-06	  7.76083e-08	  6336	  4.85541e-09
436	  3.50419	  0.781255	  2.74025e-06	  7.35062e-08	  6372	  4.59615e-09
437	  3.50419	  0.843774	  2.74025e-06	  7.6952e-08	  6456	  4.80532e-09
438	  3.50419	  0.90628	  2.74025e-06	  7.22484e-08	  6360	  4.51836e-09
439	  3.50419	  0.968758	  2.74025e-06	  6.8379e-08	  6327	  4.2786e-09
440	  4.05763	  0.030936	  1.90421e-06	  5.29325e-08	  10392	  3.16587e-09
441	  4.05763	  0.0938307	  1.90421e-06	  5.12493e-08	  9420	  3.0905e-09
442	  4.05763	  0.156319	  1.90421e-06	  5.17361e-08	  10176	  3.09967e-09
443	  4.05763	  0.218712	  1.90421e-06	  5.08304e-08	  10260	  3.04334e-09
444	  4.05763	  0.281224	  1.90421e-06	  4.89681e-08	  9528	  2.95007e-09
445	  4.05763	  0.343807	  1.90421e-06	  4.99824e-08	  10140	  2.99548e-09
446	  4.05763	  0.406302	  1.90421e-06	  5.20839e-08	  9960	  3.12608e-09
447	  4.05763	  0.468745	  1.90421e-06	  5.13681e-08	  10068	  3.08035e-09
448	  4.05763	  0.531226	  1.90421e-06	  5.17989e-08	  9996	  3.10804e-09
449	  4.05763	  0.593785	  1.90421e-06	  4.9355e-08	  9828	  2.9656e-09
450	  4.05763	  0.656281	  1.90421e-06	  4.81454e-08	  10032	  2.88796e-09
451	  4.05763	  0.718743	  1.90421e-06	  4.74586e-08	  9924	  2.84933e-09
452	  4.05763	  0.781255	  1.90421e-06	  4.48668e-08	  10116	  2.68943e-09
453	  4.05763	  0.843774	  1.90421e-06	  4.38965e-08	  9888	  2.63627e-09
454	  4.05763	  0.90628	  1.90421e-06	  4.1607e-08	  10008	  2.49625e-09
455	  4.05763	  0.968758	  1.90421e-06	  3.72089e-08	  9978	  2.23294e-09
456	  4.69917	  0.030936	  1.3189e-06	  3.79072e-08	  13626	  2.2201e-09
457	  4.69917	  0.0938307	  1.3189e-06	  3.77563e-08	  16392	  2.18271e-09
458	  4.69917	  0.156319	  1.3189e-06	  3.66305e-08	  15708	  2.12379e-09
459	  4.69917	  0.218712	  1.3189e-06	  3.569e-08	  15432	  2.0718e-09
460	  4.69917	  0.281224	  1.3189e-06	  3.46092e-08	  15780	  2.00597e-09
461	  4.69917	  0.343807	  1.3189e-06	  3.44431e-08	  15300	  2.00061e-09
462	  4.69917	  0.406302	  1.3189e-06	  3.34689e-08	  15588	  1.94151e-09
463	  4.69917	  0.468745	  1.3189e-06	  3.35273e-08	  15396	  1.94657e-09
464	  4.69917	  0.531226	  1.3189e-06	  3.25813e-08	  15504	  1.89073e-09
465	  4.69917	  0.593785	  1.3189e-06	  3.13063e-08	  15660	  1.81548e-09
466	  4.69917	  0.656281	  1.3189e-06	  2.94044e-08	  15192	  1.70878e-09
467	  4.69917	  0.718743	  1.3189e-06	  2.82403e-08	  15600	  1.63812e-09
468	  4.69917	  0.781255	  1.3189e-06	  2.64144e-08	  15216	  1.53486e-09
469	  4.69917	  0.843774	  1.3189e-06	  2.45083e-08	  15516	  1.42217e-09
470	  4.69917	  0.90628	  1.3189e-06	  2.24578e-08	  15540	  1.30304e-09
471	  4.69917	  0.968758	  1.3189e-06	  2.01523e-08	  15405	  1.16998e-09
472	  5.4432	  0.030936	  9.11188e-07	  2.73301e-08	  26250	  1.53519e-09
473	  5.4432	  0.0938307	  9.11188e-07	  2.65656e-08	  22392	  1.50581e-09
474	  5.4432	  0.156319	  9.11188e-07	  2.5504e-08	  24516	  1.43809e-09
475	  5.4432	  0.218712	  9.11188e-07	  2.46702e-08	  23592	  1.39412e-09
476	  5.4432	  0.281224	  9.11188e-07	  2.37939e-08	  24264	  1.34244e-09
477	  5.4432	  0.343807	  9.11188e-07	  2.31011e-08	  23928	  1.30439e-09
478	  5.4432	  0.406302	  9.11188e-07	  2.20892e-08	  24120	  1.24669e-09
479	  5.4432	  0.468745	  9.11188e-07	  2.0915e-08	  23964	  1.18086e-09
480	  5.4432	  0.531226	  9.11188e-07	  2.00895e-08	  24060	  1.13399e-09
481	  5.4432	  0.593785	  9.11188e-07	  1.87274e-08	  24108	  1.05698e-09
482	  5.4432	  0.656281	  9.11188e-07	  1.73744e-08	  24228	  9.80342e-10
483	  5.4432	  0.718743	  9.11188e-07	  1.59467e-08	  24144	  8.9996e-10
484	  5.4432	  0.781255	  9.11188e-07	  1.44284e-08	  23940	  8.14674e-10
485	  5.4432	  0.843774	  9.11188e-07	  1.28186e-08	  24192	  7.23345e-10
486	  5.4432	  0.90628	  9.11188e-07	  1.1635e-08	  23988	  6.56871e-10
487	  5.4432	  0.968758	  9.11188e-07	  1.01276e-08	  24141	  5.71561e-10
488	  6.30378	  0.030936	  6.28467e-07	  1.93174e-08	  35082	  1.069e-09
489	  6.30378	  0.0938307	  6.28467e-07	  1.85157e-08	  39108	  1.01941e-09
490	  6.30378	  0.156319	  6.28467e-07	  1.77093e-08	  36924	  9.77625e-10
491	  6.30378	  0.218712	  6.28467e-07	  1.68372e-08	  37692	  9.28585e-10
492	  6.30378	  0.281224	  6.28467e-07	  1.56931e-08	  37092	  8.66138e-10
493	  6.30378	  0.343807	  6.28467e-07	  1.5077e-08	  37536	  8.31668e-10
494	  6.30378	  0.406302	  6.28467e-07	  1.38545e-08	  36984	  7.64767e-10
495	  6.30378	  0.468745	  6.28467e-07	  1.29569e-08	  37428	  7.14819e-10
496	  6.30378	  0.531226	  6.28467e-07	  1.17524e-08	  37392	  6.48398e-10
497	  6.30378	  0.593785	  6.28467e-07	  1.06263e-08	  37200	  5.86409e-10
498	  6.30378	  0.656281	  6.28467e-07	  9.57364e-09	  36924	  5.28504e-10
499	  6.30378	  0.718743	  6.28467e-07	  8.46412e-09	  37272	  4.67048e-10
500	  6.30378	  0.781255	  6.28467e-07	  7.3707e-09	  37284	  4.06707e-10
501	  6.30378	  0.843774	  6.28467e-07	  6.37514e-09	  37188	  3.51816e-10
502	  6.30378	  0.90628	  6.28467e-07	  5.5515e-09	  37320	  3.06312e-10
503	  6.30378	  0.968758	  6.28467e-07	  4.64777e-09	  37119	  2.56512e-10
504	  7.30029	  0.030936	  4.32392e-07	  1.32741e-08	  60258	  7.17778e-10
505	  7.30029	  0.0938307	  4.32392e-07	  1.26106e-08	  56916	  6.83387e-10
506	  7.30029	  0.156319	  4.32392e-07	  1.18403e-08	  56820	  6.41686e-10
507	  7.30029	  0.218712	  4.32392e-07	  1.10273e-08	  58716	  5.96874e-10
508	  7.30029	  0.281224	  4.32392e-07	  1.00652e-08	  57840	  5.45109e-10
509	  7.30029	  0.343807	  4.32392e-07	  9.18544e-09	  57612	  4.97541e-10
510	  7.30029	  0.406302	  4.32392e-07	  8.36518e-09	  58464	  4.52855e-10
511	  7.30029	  0.468745	  4.32392e-07	  7.44096e-09	  57948	  4.02959e-10
512	  7.30029	  0.531226	  4.32392e-07	  6.56296e-09	  57708	  3.55468e-10
513	  7.30029	  0.593785	  4.32392e-07	  5.66206e-09	  58236	  3.06566e-10
514	  7.30029	  0.656281	  4.32392e-07	  4.89086e-09	  58008	  2.6485e-10
515	  7.30029	  0.718743	  4.32392e-07	  4.14255e-09	  58200	  2.24299e-10
516	  7.30029	  0.781255	  4.32392e-07	  3.45458e-09	  58128	  1.87057e-10
517	  7.30029	  0.843774	  4.32392e-07	  2.92409e-09	  57972	  1.58349e-10
518	  7.30029	  0.90628	  4.32392e-07	  2.3945e-09	  57960	  1.29671e-10
519	  7.30029	  0.968758	  4.32392e-07	  1.93649e-09	  58122	  1.04857e-10
520	  8.455	  0.030936	  2.96967e-07	  8.89123e-09	  90198	  4.74167e-10
521	  8.455	  0.0938307	  2.96967e-07	  8.47352e-09	  89292	  4.52033e-10
522	  8.455	  0.156319	  2.96967e-07	  7.79214e-09	  90804	  4.15466e-10
523	  8.455	  0.218712	  2.96967e-07	  6.96008e-09	  89628	  3.71252e-10
524	  8.455	  0.281224	  2.96967e-07	  6.18215e-09	  89844	  3.29733e-10
525	  8.455	  0.343807	  2.96967e-07	  5.44e-09	  90636	  2.9007e-10
526	  8.455	  0.406302	  2.96967e-07	  4.6769e-09	  89628	  2.49467e-10
527	  8.455	  0.468745	  2.96967e-07	  3.97041e-09	  89772	  2.11772e-10
528	  8.455	  0.531226	  2.96967e-07	  3.35196e-09	  90324	  1.78751e-10
529	  8.455	  0.593785	  2.96967e-07	  2.75445e-09	  89784	  1.46915e-10
530	  8.455	  0.656281	  2.96967e-07	  2.25874e-09	  90216	  1.20457e-10
531	  8.455	  0.718743	  2.96967e-07	  1.85209e-09	  89796	  9.87852e-11
532	  8.455	  0.781255	  2.96967e-07	  1.49148e-09	  90120	  7.95422e-11
533	  8.455	  0.843774	  2.96967e-07	  1.19593e-09	  90132	  6.37799e-11
534	  8.455	  0.90628	  2.96967e-07	  9.51342e-10	  89916	  5.07397e-11
535	  8.455	  0.968758	  2.96967e-07	  7.3268e-10	  89964	  3.90767e-11
536	  9.79129	  0.030936	  2.03548e-07	  5.80894e-09	  139068	  3.06024e-10
537	  9.79129	  0.0938307	  2.03548e-07	  5.39514e-09	  141180	  2.84116e-10
538	  9.79129	  0.156319	  2.03548e-07	  4.87534e-09	  139380	  2.56826e-10
539	  9.79129	  0.218712	  2.03548e-07	  4.22377e-09	  138804	  2.22526e-10
540	  9.79129	  0.281224	  2.03548e-07	  3.56225e-09	  140952	  1.87601e-10
541	  9.79129	  0.343807	  2.03548e-07	  2.97757e-09	  139668	  1.56846e-10
542	  9.79129	  0.406302	  2.03548e-07	  2.42174e-09	  139464	  1.27572e-10
543	  9.79129	  0.468745	  2.03548e-07	  1.95716e-09	  139812	  1.03092e-10
544	  9.79129	  0.531226	  2.03548e-07	  1.55451e-09	  139884	  8.18819e-11
545	  9.79129	  0.593785	  2.03548e-07	  1.22665e-09	  140184	  6.46087e-11
546	  9.79129	  0.656281	  2.03548e-07	  9.61399e-10	  139404	  5.06449e-11
547	  9.79129	  0.718743	  2.03548e-07	  7.55637e-10	  139932	  3.98019e-11
548	  9.79129	  0.781255	  2.03548e-07	  5.89409e-10	  139980	  3.10458e-11
549	  9.79129	  0.843774	  2.03548e-07	  4.51612e-10	  139632	  2.37892e-11
550	  9.79129	  0.90628	  2.03548e-07	  3.47178e-10	  140088	  1.82865e-11
551	  9.79129	  0.968758	  2.03548e-07	  2.5332e-10	  139623	  1.33439e-11
