#n	   k	      mu	    PL	    Pf	     w	     err  
0	  0.10472	  1	  0.00306127	  0.000608367	  3	  0.000381659
1	  0.20944	  1	  0.0010874	  0.00017625	  3	  0.00011057
2	  0.314159	  1	  0.000509336	  0.000159941	  3	  0.000100339
3	  0.418879	  1	  0.00028546	  2.83547e-05	  3	  1.77883e-05
4	  0.523599	  1	  0.000180467	  1.01625e-05	  3	  6.37545e-06
5	  0.628319	  1	  0.000122281	  5.34764e-05	  3	  3.35485e-05
6	  0.733038	  1	  8.74227e-05	  2.22635e-05	  3	  1.3967e-05
7	  0.837758	  1	  6.50738e-05	  1.71613e-05	  3	  1.07661e-05
8	  0.942478	  1	  4.99708e-05	  2.84861e-06	  3	  1.78708e-06
9	  0.10472	  0	  0.00306127	  0.000110726	  6	  5.07398e-05
10	  0.148096	  0.707107	  0.00194673	  0.000151767	  12	  5.13998e-05
11	  0.23416	  0.894427	  0.000861366	  0.000179324	  12	  6.07324e-05
12	  0.331153	  0.948683	  0.000461248	  7.45936e-05	  12	  2.5263e-05
13	  0.431771	  0.970143	  0.000268642	  3.77563e-05	  12	  1.27871e-05
14	  0.533968	  0.980581	  0.000173094	  2.48405e-05	  12	  8.41284e-06
15	  0.636985	  0.986394	  0.000118696	  1.69721e-05	  12	  5.74804e-06
16	  0.74048	  0.989949	  8.55312e-05	  1.97337e-05	  12	  6.68332e-06
17	  0.844278	  0.992278	  6.3942e-05	  1.10473e-05	  12	  3.74145e-06
18	  0.948278	  0.993884	  4.92751e-05	  1.04663e-05	  12	  3.54468e-06
19	  0.148096	  0	  0.00194673	  6.17459e-05	  6	  2.8295e-05
20	  0.18138	  0.57735	  0.00138108	  8.43514e-05	  12	  2.85677e-05
21	  0.25651	  0.816497	  0.000758093	  9.04336e-05	  12	  3.06276e-05
22	  0.347316	  0.904534	  0.00041546	  4.99438e-05	  12	  1.69147e-05
23	  0.444288	  0.942809	  0.000253958	  2.99857e-05	  12	  1.01554e-05
24	  0.54414	  0.96225	  0.000166222	  3.05877e-05	  12	  1.03593e-05
25	  0.645536	  0.973329	  0.000115357	  1.72833e-05	  12	  5.85342e-06
26	  0.747849	  0.980196	  8.36612e-05	  1.3061e-05	  12	  4.42343e-06
27	  0.850747	  0.984732	  6.28792e-05	  1.35508e-05	  12	  4.58934e-06
28	  0.954042	  0.987878	  4.86063e-05	  9.45385e-06	  12	  3.20178e-06
29	  0.20944	  0	  0.0010874	  3.7228e-05	  6	  1.70597e-05
30	  0.23416	  0.447214	  0.000861366	  5.88071e-05	  12	  1.99165e-05
31	  0.296192	  0.707107	  0.000560902	  6.75046e-05	  12	  2.28621e-05
32	  0.377572	  0.83205	  0.000353507	  4.70269e-05	  12	  1.59269e-05
33	  0.468321	  0.894427	  0.000227855	  3.79997e-05	  12	  1.28696e-05
34	  0.563933	  0.928477	  0.000154074	  1.34617e-05	  12	  4.55915e-06
35	  0.662306	  0.948683	  0.000109103	  1.49833e-05	  12	  5.07449e-06
36	  0.762371	  0.961524	  8.01954e-05	  1.28169e-05	  12	  4.34076e-06
37	  0.863541	  0.970143	  6.0809e-05	  4.96737e-06	  12	  1.68232e-06
38	  0.965468	  0.976187	  4.73186e-05	  6.94803e-06	  12	  2.35313e-06
39	  0.23416	  0	  0.000861366	  3.83599e-05	  12	  1.29916e-05
40	  0.25651	  0.408248	  0.000758093	  3.74284e-05	  24	  9.51146e-06
41	  0.314159	  0.666667	  0.000509336	  4.95886e-05	  24	  1.26016e-05
42	  0.391825	  0.801784	  0.00032913	  3.47007e-05	  24	  8.81827e-06
43	  0.479886	  0.872872	  0.00021626	  4.23675e-05	  24	  1.07666e-05
44	  0.573574	  0.912871	  0.000148705	  1.8304e-05	  24	  4.65149e-06
45	  0.670534	  0.937043	  0.000106245	  1.26393e-05	  24	  3.21196e-06
46	  0.76953	  0.952579	  7.85788e-05	  1.23681e-05	  24	  3.14304e-06
47	  0.869868	  0.963087	  5.98331e-05	  1.04399e-05	  24	  2.65303e-06
48	  0.971131	  0.970495	  4.66877e-05	  7.7935e-06	  24	  1.98052e-06
49	  0.296192	  0	  0.000560902	  2.15611e-05	  6	  9.88033e-06
50	  0.314159	  0.333333	  0.000509336	  2.79586e-05	  12	  9.46888e-06
51	  0.36276	  0.57735	  0.000380271	  2.36795e-05	  12	  8.01965e-06
52	  0.431771	  0.727607	  0.000268642	  2.91423e-05	  12	  9.86978e-06
53	  0.51302	  0.816497	  0.000188322	  2.64735e-05	  12	  8.96592e-06
54	  0.601569	  0.870388	  0.000134274	  1.88294e-05	  12	  6.37704e-06
55	  0.694632	  0.904534	  9.83796e-05	  1.84475e-05	  12	  6.2477e-06
56	  0.790617	  0.927173	  7.40102e-05	  9.41728e-06	  12	  3.1894e-06
57	  0.888577	  0.942809	  5.7047e-05	  8.35296e-06	  12	  2.82894e-06
58	  0.987924	  0.953998	  4.49132e-05	  4.44866e-06	  12	  1.50665e-06
59	  0.314159	  0	  0.000509336	  2.70464e-05	  6	  1.2394e-05
60	  0.331153	  0.316228	  0.000461248	  2.39157e-05	  12	  8.09964e-06
61	  0.377572	  0.5547	  0.000353507	  3.0806e-05	  12	  1.04332e-05
62	  0.444288	  0.707107	  0.000253958	  1.6957e-05	  12	  5.74293e-06
63	  0.523599	  0.8	  0.000180467	  2.51805e-05	  12	  8.52801e-06
64	  0.610616	  0.857493	  0.000130032	  9.3272e-06	  12	  3.15889e-06
65	  0.702481	  0.894427	  9.59862e-05	  1.10959e-05	  12	  3.75789e-06
66	  0.797522	  0.919145	  7.25949e-05	  1.05321e-05	  12	  3.56697e-06
67	  0.894726	  0.936329	  5.61554e-05	  4.99738e-06	  12	  1.69249e-06
68	  0.993459	  0.948683	  4.43525e-05	  6.86439e-06	  12	  2.3248e-06
69	  0.331153	  0	  0.000461248	  1.75674e-05	  12	  5.94963e-06
70	  0.347316	  0.301511	  0.00041546	  1.6476e-05	  24	  4.18696e-06
71	  0.391825	  0.534522	  0.00032913	  1.64646e-05	  24	  4.18405e-06
72	  0.456463	  0.688247	  0.000240494	  2.96234e-05	  24	  7.52802e-06
73	  0.533968	  0.784465	  0.000173094	  1.51787e-05	  24	  3.85728e-06
74	  0.61953	  0.845154	  0.000126056	  1.19777e-05	  24	  3.04381e-06
75	  0.710244	  0.884652	  9.37219e-05	  1.66478e-05	  24	  4.23061e-06
76	  0.804368	  0.911322	  7.12372e-05	  1.07017e-05	  24	  2.71956e-06
77	  0.900833	  0.929981	  5.53169e-05	  7.34792e-06	  24	  1.86728e-06
78	  0.998963	  0.943456	  4.38063e-05	  5.23473e-06	  24	  1.33027e-06
79	  0.377572	  0	  0.000353507	  1.49772e-05	  12	  5.07242e-06
80	  0.391825	  0.267261	  0.00032913	  1.09669e-05	  24	  2.78695e-06
81	  0.431771	  0.485071	  0.000268642	  1.99572e-05	  24	  5.07161e-06
82	  0.491179	  0.639602	  0.000205912	  1.30435e-05	  24	  3.31467e-06
83	  0.563933	  0.742781	  0.000154074	  1.74653e-05	  24	  4.43836e-06
84	  0.645536	  0.811107	  0.000115357	  1.42137e-05	  24	  3.61205e-06
85	  0.733038	  0.857143	  8.74227e-05	  1.25116e-05	  24	  3.1795e-06
86	  0.824564	  0.889001	  6.74072e-05	  5.69804e-06	  24	  1.44801e-06
87	  0.918912	  0.911685	  5.29003e-05	  8.02699e-06	  24	  2.03985e-06
88	  0.418879	  0	  0.00028546	  3.84122e-06	  6	  1.76023e-06
89	  0.431771	  0.242536	  0.000268642	  8.28257e-06	  12	  2.8051e-06
90	  0.468321	  0.447214	  0.000227855	  1.46799e-05	  12	  4.97173e-06
91	  0.523599	  0.6	  0.000180467	  1.37966e-05	  12	  4.67256e-06
92	  0.592384	  0.707107	  0.000138819	  5.74603e-06	  12	  1.94604e-06
93	  0.670534	  0.780869	  0.000106245	  1.38277e-05	  12	  4.68309e-06
94	  0.755145	  0.83205	  8.19187e-05	  8.33942e-06	  12	  2.82436e-06
95	  0.844278	  0.868243	  6.3942e-05	  7.95056e-06	  12	  2.69266e-06
96	  0.936642	  0.894427	  5.06708e-05	  4.67672e-06	  12	  1.58389e-06
97	  0.431771	  0	  0.000268642	  8.27078e-06	  12	  2.80111e-06
98	  0.444288	  0.235702	  0.000253958	  4.90565e-06	  24	  1.24664e-06
99	  0.479886	  0.436436	  0.00021626	  1.73488e-05	  24	  4.40875e-06
100	  0.533968	  0.588348	  0.000173094	  9.35108e-06	  24	  2.37634e-06
101	  0.601569	  0.696311	  0.000134274	  8.01215e-06	  24	  2.03608e-06
102	  0.678662	  0.771517	  0.000103483	  7.6575e-06	  24	  1.94595e-06
103	  0.762371	  0.824163	  8.01954e-05	  1.19659e-05	  24	  3.04082e-06
104	  0.850747	  0.86164	  6.28792e-05	  9.58741e-06	  24	  2.43639e-06
105	  0.942478	  0.888889	  4.99708e-05	  7.97473e-06	  24	  2.02657e-06
106	  0.444288	  0	  0.000253958	  7.7696e-06	  6	  3.5604e-06
107	  0.456463	  0.229416	  0.000240494	  1.33876e-05	  12	  4.53406e-06
108	  0.491179	  0.426401	  0.000205912	  1.13052e-05	  12	  3.82881e-06
109	  0.54414	  0.57735	  0.000166222	  4.23664e-06	  12	  1.43485e-06
110	  0.610616	  0.685994	  0.000130032	  1.43178e-05	  12	  4.8491e-06
111	  0.686693	  0.762493	  0.000100876	  9.00653e-06	  12	  3.05029e-06
112	  0.76953	  0.816497	  7.85788e-05	  7.88218e-06	  12	  2.6695e-06
113	  0.857168	  0.855186	  6.18245e-05	  4.47684e-06	  12	  1.5162e-06
114	  0.948278	  0.883452	  4.92751e-05	  3.73074e-06	  12	  1.26351e-06
115	  0.468321	  0	  0.000227855	  9.6887e-06	  12	  3.28132e-06
116	  0.479886	  0.218218	  0.00021626	  1.33292e-05	  24	  3.38727e-06
117	  0.51302	  0.408248	  0.000188322	  1.34668e-05	  24	  3.42224e-06
118	  0.563933	  0.557086	  0.000154074	  1.2012e-05	  24	  3.05254e-06
119	  0.628319	  0.666667	  0.000122281	  9.12268e-06	  24	  2.31829e-06
120	  0.702481	  0.745356	  9.59862e-05	  1.04749e-05	  24	  2.66193e-06
121	  0.783651	  0.801784	  7.54794e-05	  8.52596e-06	  24	  2.16665e-06
122	  0.869868	  0.842701	  5.98331e-05	  5.64758e-06	  24	  1.43519e-06
123	  0.959772	  0.872872	  4.79605e-05	  5.44379e-06	  24	  1.3834e-06
124	  0.523599	  0	  0.000180467	  6.87324e-06	  18	  1.9637e-06
125	  0.533968	  0.196116	  0.000173094	  6.71086e-06	  36	  1.45402e-06
126	  0.563933	  0.371391	  0.000154074	  6.19308e-06	  36	  1.34183e-06
127	  0.610616	  0.514496	  0.000130032	  7.16594e-06	  36	  1.55262e-06
128	  0.670534	  0.624695	  0.000106245	  7.61837e-06	  36	  1.65065e-06
129	  0.74048	  0.707107	  8.55312e-05	  7.86132e-06	  36	  1.70329e-06
130	  0.817887	  0.768221	  6.86491e-05	  6.75907e-06	  36	  1.46447e-06
131	  0.900833	  0.813733	  5.53169e-05	  6.49515e-06	  36	  1.40728e-06
132	  0.987924	  0.847998	  4.49132e-05	  5.31485e-06	  36	  1.15155e-06
133	  0.533968	  0	  0.000173094	  6.58059e-06	  12	  2.22868e-06
134	  0.54414	  0.19245	  0.000166222	  8.99086e-06	  24	  2.28479e-06
135	  0.573574	  0.365148	  0.000148705	  6.72506e-06	  24	  1.709e-06
136	  0.61953	  0.507093	  0.000126056	  7.9637e-06	  24	  2.02377e-06
137	  0.678662	  0.617213	  0.000103483	  7.15254e-06	  24	  1.81763e-06
138	  0.747849	  0.70014	  8.36612e-05	  7.07735e-06	  24	  1.79853e-06
139	  0.824564	  0.762001	  6.74072e-05	  3.07624e-06	  24	  7.81748e-07
140	  0.9069	  0.80829	  5.44911e-05	  6.17284e-06	  24	  1.56867e-06
141	  0.993459	  0.843274	  4.43525e-05	  4.44543e-06	  24	  1.12969e-06
142	  0.563933	  0	  0.000154074	  2.82706e-06	  12	  9.57455e-07
143	  0.573574	  0.182574	  0.000148705	  5.43473e-06	  24	  1.3811e-06
144	  0.601569	  0.348155	  0.000134274	  6.45477e-06	  24	  1.64031e-06
145	  0.645536	  0.486664	  0.000115357	  7.27428e-06	  24	  1.84857e-06
146	  0.702481	  0.596285	  9.59862e-05	  7.37754e-06	  24	  1.87481e-06
147	  0.76953	  0.680414	  7.85788e-05	  4.3336e-06	  24	  1.10127e-06
148	  0.844278	  0.744208	  6.3942e-05	  7.25954e-06	  24	  1.84483e-06
149	  0.92486	  0.792594	  5.21404e-05	  5.49735e-06	  24	  1.39701e-06
150	  0.592384	  0	  0.000138819	  1.84752e-06	  6	  8.46624e-07
151	  0.601569	  0.174078	  0.000134274	  3.94836e-06	  12	  1.33721e-06
152	  0.628319	  0.333333	  0.000122281	  5.4027e-06	  12	  1.82976e-06
153	  0.670534	  0.468521	  0.000106245	  4.5444e-06	  12	  1.53907e-06
154	  0.72552	  0.57735	  8.94525e-05	  8.06457e-06	  12	  2.73127e-06
155	  0.790617	  0.662266	  7.40102e-05	  6.12192e-06	  12	  2.07334e-06
156	  0.863541	  0.727607	  6.0809e-05	  4.69907e-06	  12	  1.59146e-06
157	  0.942478	  0.777778	  4.99708e-05	  4.09169e-06	  12	  1.38575e-06
158	  0.610616	  0	  0.000130032	  4.54408e-06	  12	  1.53897e-06
159	  0.61953	  0.169031	  0.000126056	  4.62867e-06	  24	  1.17626e-06
160	  0.645536	  0.324443	  0.000115357	  5.66707e-06	  24	  1.44014e-06
161	  0.686693	  0.457496	  0.000100876	  5.79179e-06	  24	  1.47183e-06
162	  0.74048	  0.565685	  8.55312e-05	  5.424e-06	  24	  1.37837e-06
163	  0.804368	  0.650945	  7.12372e-05	  6.80378e-06	  24	  1.72901e-06
164	  0.876148	  0.717137	  5.88643e-05	  6.20953e-06	  24	  1.57799e-06
165	  0.954042	  0.76835	  4.86063e-05	  4.86657e-06	  24	  1.23671e-06
166	  0.628319	  0	  0.000122281	  1.24459e-05	  6	  5.70333e-06
167	  0.636985	  0.164399	  0.000118696	  6.87942e-06	  12	  2.32989e-06
168	  0.662306	  0.316228	  0.000109103	  4.32979e-06	  12	  1.46639e-06
169	  0.702481	  0.447214	  9.59862e-05	  2.50844e-06	  12	  8.49548e-07
170	  0.755145	  0.5547	  8.19187e-05	  3.46534e-06	  12	  1.17363e-06
171	  0.817887	  0.640184	  6.86491e-05	  4.06445e-06	  12	  1.37653e-06
172	  0.888577	  0.707107	  5.7047e-05	  3.94493e-06	  12	  1.33605e-06
173	  0.965468	  0.759257	  4.73186e-05	  5.07485e-06	  12	  1.71872e-06
174	  0.636985	  0	  0.000118696	  6.86981e-06	  12	  2.32663e-06
175	  0.645536	  0.162221	  0.000115357	  3.6224e-06	  24	  9.20538e-07
176	  0.670534	  0.312348	  0.000106245	  3.78651e-06	  24	  9.62244e-07
177	  0.710244	  0.442326	  9.37219e-05	  5.08171e-06	  24	  1.29139e-06
178	  0.762371	  0.549442	  8.01954e-05	  6.7807e-06	  24	  1.72314e-06
179	  0.824564	  0.635001	  6.74072e-05	  3.35469e-06	  24	  8.52507e-07
180	  0.894726	  0.702247	  5.61554e-05	  3.44906e-06	  24	  8.76489e-07
181	  0.971131	  0.754829	  4.66877e-05	  4.54691e-06	  24	  1.15548e-06
182	  0.662306	  0	  0.000109103	  3.80834e-06	  12	  1.28979e-06
183	  0.670534	  0.156174	  0.000106245	  3.65692e-06	  24	  9.29311e-07
184	  0.694632	  0.301511	  9.83796e-05	  3.52912e-06	  24	  8.96836e-07
185	  0.733038	  0.428571	  8.74227e-05	  5.68457e-06	  24	  1.44459e-06
186	  0.783651	  0.534522	  7.54794e-05	  4.09257e-06	  24	  1.04002e-06
187	  0.844278	  0.620174	  6.3942e-05	  4.18314e-06	  24	  1.06304e-06
188	  0.912926	  0.688247	  5.36709e-05	  3.31106e-06	  24	  8.4142e-07
189	  0.987924	  0.741999	  4.49132e-05	  3.72959e-06	  24	  9.47778e-07
190	  0.670534	  0	  0.000106245	  4.20429e-06	  12	  1.42389e-06
191	  0.678662	  0.154303	  0.000103483	  3.22694e-06	  24	  8.20044e-07
192	  0.702481	  0.298142	  9.59862e-05	  4.89005e-06	  24	  1.24268e-06
193	  0.74048	  0.424264	  8.55312e-05	  4.13367e-06	  24	  1.05047e-06
194	  0.790617	  0.529813	  7.40102e-05	  4.13595e-06	  24	  1.05104e-06
195	  0.850747	  0.615457	  6.28792e-05	  3.10046e-06	  24	  7.87901e-07
196	  0.918912	  0.683763	  5.29003e-05	  4.79515e-06	  24	  1.21856e-06
197	  0.993459	  0.737865	  4.43525e-05	  3.94215e-06	  24	  1.0018e-06
198	  0.702481	  0	  9.59862e-05	  2.12735e-06	  12	  7.20479e-07
199	  0.710244	  0.147442	  9.37219e-05	  4.01595e-06	  24	  1.02055e-06
200	  0.733038	  0.285714	  8.74227e-05	  5.13062e-06	  24	  1.30382e-06
201	  0.76953	  0.408248	  7.85788e-05	  4.27755e-06	  24	  1.08703e-06
202	  0.817887	  0.512148	  6.86491e-05	  5.84742e-06	  24	  1.48597e-06
203	  0.876148	  0.597614	  5.88643e-05	  4.66024e-06	  24	  1.18428e-06
204	  0.942478	  0.666667	  4.99708e-05	  4.07838e-06	  24	  1.03641e-06
205	  0.733038	  0	  8.74227e-05	  3.01739e-06	  6	  1.38271e-06
206	  0.74048	  0.141421	  8.55312e-05	  3.12493e-06	  12	  1.05834e-06
207	  0.762371	  0.274721	  8.01954e-05	  2.99884e-06	  12	  1.01563e-06
208	  0.797522	  0.393919	  7.25949e-05	  3.89267e-06	  12	  1.31835e-06
209	  0.844278	  0.496139	  6.3942e-05	  4.61323e-06	  12	  1.56239e-06
210	  0.900833	  0.581238	  5.53169e-05	  4.60646e-06	  12	  1.56009e-06
211	  0.965468	  0.650791	  4.73186e-05	  3.7805e-06	  12	  1.28036e-06
212	  0.74048	  0	  8.55312e-05	  3.20856e-06	  18	  9.16693e-07
213	  0.747849	  0.140028	  8.36612e-05	  4.6424e-06	  36	  1.00585e-06
214	  0.76953	  0.272166	  7.85788e-05	  3.58317e-06	  36	  7.76352e-07
215	  0.804368	  0.390567	  7.12372e-05	  5.03634e-06	  36	  1.09121e-06
216	  0.850747	  0.492366	  6.28792e-05	  2.92721e-06	  36	  6.34229e-07
217	  0.9069	  0.57735	  5.44911e-05	  2.91494e-06	  36	  6.3157e-07
218	  0.971131	  0.646997	  4.66877e-05	  4.92047e-06	  36	  1.0661e-06
219	  0.755145	  0	  8.19187e-05	  2.09732e-06	  12	  7.10311e-07
220	  0.762371	  0.137361	  8.01954e-05	  4.24067e-06	  24	  1.07766e-06
221	  0.783651	  0.267261	  7.54794e-05	  3.76216e-06	  24	  9.56056e-07
222	  0.817887	  0.384111	  6.86491e-05	  3.93257e-06	  24	  9.99362e-07
223	  0.863541	  0.485071	  6.0809e-05	  2.31439e-06	  24	  5.88142e-07
224	  0.918912	  0.569803	  5.29003e-05	  3.36701e-06	  24	  8.55638e-07
225	  0.982358	  0.639602	  4.55013e-05	  2.66419e-06	  24	  6.77036e-07
226	  0.762371	  0	  8.01954e-05	  1.87896e-06	  12	  6.36359e-07
227	  0.76953	  0.136083	  7.85788e-05	  4.3685e-06	  24	  1.11014e-06
228	  0.790617	  0.264906	  7.40102e-05	  3.02612e-06	  24	  7.6901e-07
229	  0.824564	  0.381	  6.74072e-05	  2.72608e-06	  24	  6.92762e-07
230	  0.869868	  0.481543	  5.98331e-05	  2.06716e-06	  24	  5.25316e-07
231	  0.92486	  0.566139	  5.21404e-05	  3.85523e-06	  24	  9.79708e-07
232	  0.987924	  0.635999	  4.49132e-05	  3.05871e-06	  24	  7.77292e-07
233	  0.797522	  0	  7.25949e-05	  3.42274e-06	  12	  1.1592e-06
234	  0.804368	  0.130189	  7.12372e-05	  3.96821e-06	  24	  1.00842e-06
235	  0.824564	  0.254	  6.74072e-05	  2.48131e-06	  24	  6.3056e-07
236	  0.857168	  0.366508	  6.18245e-05	  3.18736e-06	  24	  8.09986e-07
237	  0.900833	  0.464991	  5.53169e-05	  2.98825e-06	  24	  7.59387e-07
238	  0.954042	  0.548821	  4.86063e-05	  3.34351e-06	  24	  8.49666e-07
239	  0.817887	  0	  6.86491e-05	  2.56795e-06	  12	  8.69702e-07
240	  0.824564	  0.127	  6.74072e-05	  2.55573e-06	  24	  6.49473e-07
241	  0.844278	  0.248069	  6.3942e-05	  2.68775e-06	  24	  6.83021e-07
242	  0.876148	  0.358569	  5.88643e-05	  3.53268e-06	  24	  8.9774e-07
243	  0.918912	  0.455842	  5.29003e-05	  2.9661e-06	  24	  7.53758e-07
244	  0.971131	  0.539164	  4.66877e-05	  3.81131e-06	  24	  9.68545e-07
245	  0.837758	  0	  6.50738e-05	  3.02791e-06	  6	  1.38754e-06
246	  0.844278	  0.124035	  6.3942e-05	  4.10845e-06	  12	  1.39143e-06
247	  0.863541	  0.242536	  6.0809e-05	  1.44261e-06	  12	  4.88577e-07
248	  0.894726	  0.351123	  5.61554e-05	  2.44478e-06	  12	  8.27986e-07
249	  0.936642	  0.447214	  5.06708e-05	  2.29492e-06	  12	  7.77232e-07
250	  0.987924	  0.529999	  4.49132e-05	  4.08561e-06	  12	  1.3837e-06
251	  0.844278	  0	  6.3942e-05	  3.49636e-06	  24	  8.8851e-07
252	  0.850747	  0.123091	  6.28792e-05	  2.87099e-06	  48	  5.57941e-07
253	  0.869868	  0.240772	  5.98331e-05	  2.49647e-06	  48	  4.85158e-07
254	  0.900833	  0.348743	  5.53169e-05	  2.90078e-06	  48	  5.63731e-07
255	  0.942478	  0.444444	  4.99708e-05	  2.77153e-06	  48	  5.38612e-07
256	  0.993459	  0.527046	  4.43525e-05	  3.02153e-06	  48	  5.87197e-07
257	  0.863541	  0	  6.0809e-05	  1.55165e-06	  12	  5.25506e-07
258	  0.869868	  0.120386	  5.98331e-05	  2.37798e-06	  24	  6.04301e-07
259	  0.888577	  0.235702	  5.7047e-05	  2.35119e-06	  24	  5.97494e-07
260	  0.918912	  0.341882	  5.29003e-05	  2.77017e-06	  24	  7.03966e-07
261	  0.959772	  0.436436	  4.79605e-05	  2.52715e-06	  24	  6.4221e-07
262	  0.888577	  0	  5.7047e-05	  2.4709e-06	  6	  1.13229e-06
263	  0.894726	  0.117041	  5.61554e-05	  1.78509e-06	  12	  6.04566e-07
264	  0.912926	  0.229416	  5.36709e-05	  2.48124e-06	  12	  8.40333e-07
265	  0.942478	  0.333333	  4.99708e-05	  2.5543e-06	  12	  8.65079e-07
266	  0.982358	  0.426401	  4.55013e-05	  2.55684e-06	  12	  8.65938e-07
267	  0.894726	  0	  5.61554e-05	  1.95696e-06	  12	  6.62774e-07
268	  0.900833	  0.116248	  5.53169e-05	  2.37758e-06	  24	  6.04201e-07
269	  0.918912	  0.227921	  5.29003e-05	  2.64825e-06	  24	  6.72984e-07
270	  0.948278	  0.331295	  4.92751e-05	  2.59814e-06	  24	  6.6025e-07
271	  0.987924	  0.423999	  4.49132e-05	  2.21024e-06	  24	  5.61676e-07
272	  0.900833	  0	  5.53169e-05	  2.8304e-06	  12	  9.58586e-07
273	  0.9069	  0.11547	  5.44911e-05	  2.17764e-06	  24	  5.53391e-07
274	  0.92486	  0.226455	  5.21404e-05	  1.79057e-06	  24	  4.55027e-07
275	  0.954042	  0.329293	  4.86063e-05	  2.64933e-06	  24	  6.73259e-07
276	  0.993459	  0.421637	  4.43525e-05	  2.3819e-06	  24	  6.05297e-07
277	  0.936642	  0	  5.06708e-05	  1.6359e-06	  12	  5.54037e-07
278	  0.942478	  0.111111	  4.99708e-05	  2.22067e-06	  24	  5.64326e-07
279	  0.959772	  0.218218	  4.79605e-05	  1.81188e-06	  24	  4.60443e-07
280	  0.987924	  0.317999	  4.49132e-05	  1.83992e-06	  24	  4.67569e-07
281	  0.942478	  0	  4.99708e-05	  4.32215e-06	  6	  1.98062e-06
282	  0.948278	  0.110432	  4.92751e-05	  2.97027e-06	  12	  1.00596e-06
283	  0.965468	  0.21693	  4.73186e-05	  2.38246e-06	  12	  8.06881e-07
284	  0.993459	  0.316228	  4.43525e-05	  2.59352e-06	  12	  8.78361e-07
285	  0.948278	  0	  4.92751e-05	  2.74786e-06	  12	  9.30631e-07
286	  0.954042	  0.109764	  4.86063e-05	  1.94285e-06	  24	  4.93726e-07
287	  0.971131	  0.215666	  4.66877e-05	  1.50439e-06	  24	  3.82302e-07
288	  0.998963	  0.314485	  4.38063e-05	  2.06766e-06	  24	  5.25442e-07
289	  0.965468	  0	  4.73186e-05	  1.6901e-06	  24	  4.29495e-07
290	  0.971131	  0.107833	  4.66877e-05	  2.14842e-06	  48	  4.17518e-07
291	  0.987924	  0.212	  4.49132e-05	  2.20589e-06	  48	  4.28687e-07
292	  0.987924	  0	  4.49132e-05	  2.12217e-06	  12	  7.18725e-07
293	  0.993459	  0.105409	  4.43525e-05	  2.16167e-06	  24	  5.49332e-07
294	  0.993459	  0	  4.43525e-05	  1.7184e-06	  12	  5.81979e-07
295	  0.998963	  0.104828	  4.38063e-05	  1.65506e-06	  24	  4.2059e-07
296	  1.08818	  0.030936	  3.60508e-05	  1.63462e-06	  138	  2.2088e-07
297	  1.08818	  0.0938307	  3.60508e-05	  1.50148e-06	  252	  1.69659e-07
298	  1.08818	  0.156319	  3.60508e-05	  1.35007e-06	  72	  2.26612e-07
299	  1.08818	  0.218712	  3.60508e-05	  1.52692e-06	  216	  1.8024e-07
300	  1.08818	  0.281224	  3.60508e-05	  1.79021e-06	  288	  1.95e-07
301	  1.08818	  0.343807	  3.60508e-05	  1.68133e-06	  120	  2.3755e-07
302	  1.08818	  0.406302	  3.60508e-05	  2.2969e-06	  180	  2.86045e-07
303	  1.08818	  0.468745	  3.60508e-05	  2.2883e-06	  180	  2.84975e-07
304	  1.08818	  0.531226	  3.60508e-05	  2.479e-06	  192	  3.02856e-07
305	  1.08818	  0.593785	  3.60508e-05	  3.21915e-06	  192	  3.93279e-07
306	  1.08818	  0.656281	  3.60508e-05	  2.72038e-06	  168	  3.459e-07
307	  1.08818	  0.718743	  3.60508e-05	  3.35463e-06	  228	  3.89898e-07
308	  1.08818	  0.781255	  3.60508e-05	  4.38902e-06	  144	  5.85203e-07
309	  1.08818	  0.843774	  3.60508e-05	  3.86485e-06	  240	  4.42717e-07
310	  1.08818	  0.90628	  3.60508e-05	  5.35144e-06	  168	  6.80445e-07
311	  1.08818	  0.968758	  3.60508e-05	  5.19988e-06	  150	  6.84562e-07
312	  1.25577	  0.030936	  2.59292e-05	  1.23932e-06	  198	  1.5004e-07
313	  1.25577	  0.0938307	  2.59292e-05	  1.27949e-06	  396	  1.28271e-07
314	  1.25577	  0.156319	  2.59292e-05	  1.22604e-06	  396	  1.22912e-07
315	  1.25577	  0.218712	  2.59292e-05	  1.16003e-06	  204	  1.3922e-07
316	  1.25577	  0.281224	  2.59292e-05	  1.369e-06	  216	  1.61599e-07
317	  1.25577	  0.343807	  2.59292e-05	  1.36303e-06	  372	  1.38821e-07
318	  1.25577	  0.406302	  2.59292e-05	  1.50948e-06	  312	  1.60931e-07
319	  1.25577	  0.468745	  2.59292e-05	  1.53428e-06	  288	  1.67123e-07
320	  1.25577	  0.531226	  2.59292e-05	  1.98906e-06	  264	  2.21871e-07
321	  1.25577	  0.593785	  2.59292e-05	  1.81849e-06	  312	  1.93876e-07
322	  1.25577	  0.656281	  2.59292e-05	  2.0778e-06	  276	  2.28959e-07
323	  1.25577	  0.718743	  2.59292e-05	  2.27412e-06	  312	  2.42453e-07
324	  1.25577	  0.781255	  2.59292e-05	  2.5881e-06	  276	  2.8519e-07
325	  1.25577	  0.843774	  2.59292e-05	  2.85258e-06	  240	  3.26762e-07
326	  1.25577	  0.90628	  2.59292e-05	  3.29338e-06	  324	  3.47634e-07
327	  1.25577	  0.968758	  2.59292e-05	  3.65546e-06	  315	  3.88734e-07
328	  1.45182	  0.030936	  1.84965e-05	  8.64944e-07	  246	  9.8394e-08
329	  1.45182	  0.0938307	  1.84965e-05	  7.95239e-07	  516	  7.47704e-08
330	  1.45182	  0.156319	  1.84965e-05	  8.76376e-07	  504	  8.28557e-08
331	  1.45182	  0.218712	  1.84965e-05	  8.55075e-07	  528	  7.99661e-08
332	  1.45182	  0.281224	  1.84965e-05	  8.82053e-07	  504	  8.33924e-08
333	  1.45182	  0.343807	  1.84965e-05	  1.04352e-06	  384	  1.05428e-07
334	  1.45182	  0.406302	  1.84965e-05	  1.20169e-06	  420	  1.1872e-07
335	  1.45182	  0.468745	  1.84965e-05	  1.05821e-06	  468	  1.01826e-07
336	  1.45182	  0.531226	  1.84965e-05	  1.17958e-06	  480	  1.12819e-07
337	  1.45182	  0.593785	  1.84965e-05	  1.25897e-06	  468	  1.21145e-07
338	  1.45182	  0.656281	  1.84965e-05	  1.39332e-06	  396	  1.39683e-07
339	  1.45182	  0.718743	  1.84965e-05	  1.49783e-06	  456	  1.45033e-07
340	  1.45182	  0.781255	  1.84965e-05	  1.86049e-06	  432	  1.82538e-07
341	  1.45182	  0.843774	  1.84965e-05	  1.9758e-06	  480	  1.88973e-07
342	  1.45182	  0.90628	  1.84965e-05	  2.35744e-06	  480	  2.25474e-07
343	  1.45182	  0.968758	  1.84965e-05	  2.45814e-06	  414	  2.43718e-07
344	  1.68148	  0.030936	  1.3092e-05	  5.9355e-07	  798	  5.06889e-08
345	  1.68148	  0.0938307	  1.3092e-05	  6.70447e-07	  708	  5.87193e-08
346	  1.68148	  0.156319	  1.3092e-05	  6.08819e-07	  684	  5.37197e-08
347	  1.68148	  0.218712	  1.3092e-05	  6.71069e-07	  720	  5.85627e-08
348	  1.68148	  0.281224	  1.3092e-05	  6.70864e-07	  708	  5.87558e-08
349	  1.68148	  0.343807	  1.3092e-05	  7.06248e-07	  720	  6.16327e-08
350	  1.68148	  0.406302	  1.3092e-05	  7.69307e-07	  672	  6.8142e-08
351	  1.68148	  0.468745	  1.3092e-05	  8.58582e-07	  732	  7.46632e-08
352	  1.68148	  0.531226	  1.3092e-05	  8.81102e-07	  672	  7.80443e-08
353	  1.68148	  0.593785	  1.3092e-05	  9.12355e-07	  708	  7.99062e-08
354	  1.68148	  0.656281	  1.3092e-05	  9.48197e-07	  744	  8.21724e-08
355	  1.68148	  0.718743	  1.3092e-05	  1.19752e-06	  744	  1.0378e-07
356	  1.68148	  0.781255	  1.3092e-05	  1.26195e-06	  696	  1.10931e-07
357	  1.68148	  0.843774	  1.3092e-05	  1.39027e-06	  708	  1.21763e-07
358	  1.68148	  0.90628	  1.3092e-05	  1.55326e-06	  696	  1.3654e-07
359	  1.68148	  0.968758	  1.3092e-05	  1.65683e-06	  741	  1.43706e-07
360	  1.94819	  0.030936	  9.22078e-06	  4.42226e-07	  1368	  3.40677e-08
361	  1.94819	  0.0938307	  9.22078e-06	  4.37177e-07	  924	  3.62409e-08
362	  1.94819	  0.156319	  9.22078e-06	  4.72393e-07	  972	  3.87716e-08
363	  1.94819	  0.218712	  9.22078e-06	  4.89167e-07	  972	  4.01484e-08
364	  1.94819	  0.281224	  9.22078e-06	  4.45986e-07	  1200	  3.51738e-08
365	  1.94819	  0.343807	  9.22078e-06	  4.80146e-07	  1140	  3.8228e-08
366	  1.94819	  0.406302	  9.22078e-06	  5.2124e-07	  1080	  4.19228e-08
367	  1.94819	  0.468745	  9.22078e-06	  5.8163e-07	  1068	  4.68791e-08
368	  1.94819	  0.531226	  9.22078e-06	  5.66363e-07	  1164	  4.49185e-08
369	  1.94819	  0.593785	  9.22078e-06	  6.65988e-07	  1188	  5.26217e-08
370	  1.94819	  0.656281	  9.22078e-06	  6.85218e-07	  1068	  5.52282e-08
371	  1.94819	  0.718743	  9.22078e-06	  7.14829e-07	  1008	  5.82565e-08
372	  1.94819	  0.781255	  9.22078e-06	  8.35058e-07	  1164	  6.62289e-08
373	  1.94819	  0.843774	  9.22078e-06	  8.66339e-07	  1176	  6.85799e-08
374	  1.94819	  0.90628	  9.22078e-06	  9.71346e-07	  1080	  7.81245e-08
375	  1.94819	  0.968758	  9.22078e-06	  1.03724e-06	  1038	  8.40561e-08
376	  2.25604	  0.030936	  6.48115e-06	  3.22557e-07	  1896	  2.35356e-08
377	  2.25604	  0.0938307	  6.48115e-06	  3.25939e-07	  1272	  2.54358e-08
378	  2.25604	  0.156319	  6.48115e-06	  3.18555e-07	  2040	  2.29807e-08
379	  2.25604	  0.218712	  6.48115e-06	  3.36609e-07	  1740	  2.49e-08
380	  2.25604	  0.281224	  6.48115e-06	  3.40424e-07	  1584	  2.55747e-08
381	  2.25604	  0.343807	  6.48115e-06	  3.48499e-07	  1764	  2.57226e-08
382	  2.25604	  0.406302	  6.48115e-06	  3.62078e-07	  1632	  2.70667e-08
383	  2.25604	  0.468745	  6.48115e-06	  3.90554e-07	  1860	  2.85834e-08
384	  2.25604	  0.531226	  6.48115e-06	  4.18639e-07	  1560	  3.15313e-08
385	  2.25604	  0.593785	  6.48115e-06	  4.36556e-07	  1692	  3.24408e-08
386	  2.25604	  0.656281	  6.48115e-06	  4.86834e-07	  1704	  3.61353e-08
387	  2.25604	  0.718743	  6.48115e-06	  5.06526e-07	  1824	  3.71864e-08
388	  2.25604	  0.781255	  6.48115e-06	  5.51728e-07	  1668	  4.10955e-08
389	  2.25604	  0.843774	  6.48115e-06	  5.8955e-07	  1680	  4.3861e-08
390	  2.25604	  0.90628	  6.48115e-06	  6.44552e-07	  1776	  4.75221e-08
391	  2.25604	  0.968758	  6.48115e-06	  6.69421e-07	  1656	  4.99211e-08
392	  2.61216	  0.030936	  4.54319e-06	  2.42428e-07	  2586	  1.68886e-08
393	  2.61216	  0.0938307	  4.54319e-06	  2.33683e-07	  3036	  1.59253e-08
394	  2.61216	  0.156319	  4.54319e-06	  2.45169e-07	  2124	  1.75782e-08
395	  2.61216	  0.218712	  4.54319e-06	  2.37147e-07	  2940	  1.6231e-08
396	  2.61216	  0.281224	  4.54319e-06	  2.49644e-07	  2616	  1.73631e-08
397	  2.61216	  0.343807	  4.54319e-06	  2.57459e-07	  2448	  1.80766e-08
398	  2.61216	  0.406302	  4.54319e-06	  2.66e-07	  2916	  1.82259e-08
399	  2.61216	  0.468745	  4.54319e-06	  2.75725e-07	  2544	  1.92528e-08
400	  2.61216	  0.531226	  4.54319e-06	  2.90177e-07	  2652	  2.01436e-08
401	  2.61216	  0.593785	  4.54319e-06	  3.01724e-07	  2748	  2.0842e-08
402	  2.61216	  0.656281	  4.54319e-06	  3.36378e-07	  2676	  2.33214e-08
403	  2.61216	  0.718743	  4.54319e-06	  3.29522e-07	  2472	  2.31038e-08
404	  2.61216	  0.781255	  4.54319e-06	  3.56983e-07	  2616	  2.48287e-08
405	  2.61216	  0.843774	  4.54319e-06	  3.70786e-07	  2736	  2.5628e-08
406	  2.61216	  0.90628	  4.54319e-06	  3.94302e-07	  2568	  2.7496e-08
407	  2.61216	  0.968758	  4.54319e-06	  4.0336e-07	  2745	  2.78668e-08
408	  3.02645	  0.030936	  3.16893e-06	  1.74768e-07	  3414	  1.17295e-08
409	  3.02645	  0.0938307	  3.16893e-06	  1.7254e-07	  4512	  1.11956e-08
410	  3.02645	  0.156319	  3.16893e-06	  1.67736e-07	  4632	  1.08514e-08
411	  3.02645	  0.218712	  3.16893e-06	  1.68162e-07	  3972	  1.10763e-08
412	  3.02645	  0.281224	  3.16893e-06	  1.74023e-07	  4176	  1.13941e-08
413	  3.02645	  0.343807	  3.16893e-06	  1.79462e-07	  4344	  1.1696e-08
414	  3.02645	  0.406302	  3.16893e-06	  1.86189e-07	  4044	  1.22373e-08
415	  3.02645	  0.468745	  3.16893e-06	  1.94625e-07	  4092	  1.27737e-08
416	  3.02645	  0.531226	  3.16893e-06	  2.09783e-07	  4296	  1.36898e-08
417	  3.02645	  0.593785	  3.16893e-06	  2.11867e-07	  3996	  1.39449e-08
418	  3.02645	  0.656281	  3.16893e-06	  2.20725e-07	  4188	  1.4447e-08
419	  3.02645	  0.718743	  3.16893e-06	  2.35845e-07	  4212	  1.54262e-08
420	  3.02645	  0.781255	  3.16893e-06	  2.34572e-07	  4140	  1.53743e-08
421	  3.02645	  0.843774	  3.16893e-06	  2.405e-07	  4128	  1.57682e-08
422	  3.02645	  0.90628	  3.16893e-06	  2.49357e-07	  4188	  1.6321e-08
423	  3.02645	  0.968758	  3.16893e-06	  2.48083e-07	  4128	  1.62654e-08
424	  3.50419	  0.030936	  2.20839e-06	  1.24058e-07	  7002	  7.68547e-09
425	  3.50419	  0.0938307	  2.20839e-06	  1.24754e-07	  6240	  7.81697e-09
426	  3.50419	  0.156319	  2.20839e-06	  1.18521e-07	  5964	  7.46073e-09
427	  3.50419	  0.218712	  2.20839e-06	  1.21997e-07	  6180	  7.6517e-09
428	  3.50419	  0.281224	  2.20839e-06	  1.25214e-07	  6420	  7.82345e-09
429	  3.50419	  0.343807	  2.20839e-06	  1.28373e-07	  6516	  8.00897e-09
430	  3.50419	  0.406302	  2.20839e-06	  1.30267e-07	  6312	  8.15301e-09
431	  3.50419	  0.468745	  2.20839e-06	  1.4171e-07	  6276	  8.8743e-09
432	  3.50419	  0.531226	  2.20839e-06	  1.38287e-07	  6360	  8.64837e-09
433	  3.50419	  0.593785	  2.20839e-06	  1.40856e-07	  6408	  8.80237e-09
434	  3.50419	  0.656281	  2.20839e-06	  1.53145e-07	  6360	  9.57755e-09
435	  3.50419	  0.718743	  2.20839e-06	  1.513e-07	  6336	  9.46578e-09
436	  3.50419	  0.781255	  2.20839e-06	  1.49658e-07	  6372	  9.35771e-09
437	  3.50419	  0.843774	  2.20839e-06	  1.56147e-07	  6456	  9.75071e-09
438	  3.50419	  0.90628	  2.20839e-06	  1.51016e-07	  6360	  9.44442e-09
439	  3.50419	  0.968758	  2.20839e-06	  1.4728e-07	  6327	  9.21561e-09
440	  4.05763	  0.030936	  1.53462e-06	  8.85966e-08	  10392	  5.29892e-09
441	  4.05763	  0.0938307	  1.53462e-06	  8.50994e-08	  9420	  5.13177e-09
442	  4.05763	  0.156319	  1.53462e-06	  8.79807e-08	  10176	  5.2712e-09
443	  4.05763	  0.218712	  1.53462e-06	  8.79441e-08	  10260	  5.26543e-09
444	  4.05763	  0.281224	  1.53462e-06	  8.46772e-08	  9528	  5.10135e-09
445	  4.05763	  0.343807	  1.53462e-06	  8.72821e-08	  10140	  5.23088e-09
446	  4.05763	  0.406302	  1.53462e-06	  9.14514e-08	  9960	  5.48892e-09
447	  4.05763	  0.468745	  1.53462e-06	  9.14974e-08	  10068	  5.48675e-09
448	  4.05763	  0.531226	  1.53462e-06	  9.54012e-08	  9996	  5.72426e-09
449	  4.05763	  0.593785	  1.53462e-06	  9.3986e-08	  9828	  5.64735e-09
450	  4.05763	  0.656281	  1.53462e-06	  9.51587e-08	  10032	  5.708e-09
451	  4.05763	  0.718743	  1.53462e-06	  9.49694e-08	  9924	  5.7018e-09
452	  4.05763	  0.781255	  1.53462e-06	  9.19586e-08	  10116	  5.51223e-09
453	  4.05763	  0.843774	  1.53462e-06	  9.16935e-08	  9888	  5.50679e-09
454	  4.05763	  0.90628	  1.53462e-06	  9.11463e-08	  10008	  5.46842e-09
455	  4.05763	  0.968758	  1.53462e-06	  8.40592e-08	  9978	  5.04448e-09
456	  4.69917	  0.030936	  1.06291e-06	  6.25152e-08	  13626	  3.66131e-09
457	  4.69917	  0.0938307	  1.06291e-06	  6.20354e-08	  16392	  3.5863e-09
458	  4.69917	  0.156319	  1.06291e-06	  6.11103e-08	  15708	  3.5431e-09
459	  4.69917	  0.218712	  1.06291e-06	  6.01019e-08	  15432	  3.48891e-09
460	  4.69917	  0.281224	  1.06291e-06	  5.9704e-08	  15780	  3.46048e-09
461	  4.69917	  0.343807	  1.06291e-06	  6.07193e-08	  15300	  3.52685e-09
462	  4.69917	  0.406302	  1.06291e-06	  6.04286e-08	  15588	  3.50543e-09
463	  4.69917	  0.468745	  1.06291e-06	  6.13149e-08	  15396	  3.5599e-09
464	  4.69917	  0.531226	  1.06291e-06	  6.18753e-08	  15504	  3.59069e-09
465	  4.69917	  0.593785	  1.06291e-06	  6.04814e-08	  15660	  3.50738e-09
466	  4.69917	  0.656281	  1.06291e-06	  5.94984e-08	  15192	  3.45764e-09
467	  4.69917	  0.718743	  1.06291e-06	  5.85856e-08	  15600	  3.39834e-09
468	  4.69917	  0.781255	  1.06291e-06	  5.75572e-08	  15216	  3.34446e-09
469	  4.69917	  0.843774	  1.06291e-06	  5.50388e-08	  15516	  3.19379e-09
470	  4.69917	  0.90628	  1.06291e-06	  5.08892e-08	  15540	  2.95269e-09
471	  4.69917	  0.968758	  1.06291e-06	  4.83916e-08	  15405	  2.80947e-09
472	  5.4432	  0.030936	  7.34335e-07	  4.42503e-08	  26250	  2.48563e-09
473	  5.4432	  0.0938307	  7.34335e-07	  4.33991e-08	  22392	  2.45998e-09
474	  5.4432	  0.156319	  7.34335e-07	  4.27893e-08	  24516	  2.41275e-09
475	  5.4432	  0.218712	  7.34335e-07	  4.13728e-08	  23592	  2.338e-09
476	  5.4432	  0.281224	  7.34335e-07	  4.13929e-08	  24264	  2.33538e-09
477	  5.4432	  0.343807	  7.34335e-07	  4.10554e-08	  23928	  2.31818e-09
478	  5.4432	  0.406302	  7.34335e-07	  3.99967e-08	  24120	  2.25737e-09
479	  5.4432	  0.468745	  7.34335e-07	  3.91773e-08	  23964	  2.21194e-09
480	  5.4432	  0.531226	  7.34335e-07	  3.8757e-08	  24060	  2.18771e-09
481	  5.4432	  0.593785	  7.34335e-07	  3.80682e-08	  24108	  2.14859e-09
482	  5.4432	  0.656281	  7.34335e-07	  3.64991e-08	  24228	  2.05945e-09
483	  5.4432	  0.718743	  7.34335e-07	  3.52924e-08	  24144	  1.99175e-09
484	  5.4432	  0.781255	  7.34335e-07	  3.2605e-08	  23940	  1.84098e-09
485	  5.4432	  0.843774	  7.34335e-07	  3.00115e-08	  24192	  1.69353e-09
486	  5.4432	  0.90628	  7.34335e-07	  2.82761e-08	  23988	  1.59637e-09
487	  5.4432	  0.968758	  7.34335e-07	  2.56582e-08	  24141	  1.44805e-09
488	  6.30378	  0.030936	  5.06487e-07	  3.09026e-08	  35082	  1.71012e-09
489	  6.30378	  0.0938307	  5.06487e-07	  2.97766e-08	  39108	  1.6394e-09
490	  6.30378	  0.156319	  5.06487e-07	  2.90894e-08	  36924	  1.60585e-09
491	  6.30378	  0.218712	  5.06487e-07	  2.83768e-08	  37692	  1.565e-09
492	  6.30378	  0.281224	  5.06487e-07	  2.71036e-08	  37092	  1.49591e-09
493	  6.30378	  0.343807	  5.06487e-07	  2.6891e-08	  37536	  1.48335e-09
494	  6.30378	  0.406302	  5.06487e-07	  2.61051e-08	  36984	  1.441e-09
495	  6.30378	  0.468745	  5.06487e-07	  2.48437e-08	  37428	  1.3706e-09
496	  6.30378	  0.531226	  5.06487e-07	  2.38097e-08	  37392	  1.31361e-09
497	  6.30378	  0.593785	  5.06487e-07	  2.25887e-08	  37200	  1.24655e-09
498	  6.30378	  0.656281	  5.06487e-07	  2.11167e-08	  36924	  1.16573e-09
499	  6.30378	  0.718743	  5.06487e-07	  1.96472e-08	  37272	  1.08413e-09
500	  6.30378	  0.781255	  5.06487e-07	  1.77449e-08	  37284	  9.79143e-10
501	  6.30378	  0.843774	  5.06487e-07	  1.61469e-08	  37188	  8.91079e-10
502	  6.30378	  0.90628	  5.06487e-07	  1.44866e-08	  37320	  7.99316e-10
503	  6.30378	  0.968758	  5.06487e-07	  1.26202e-08	  37119	  6.96513e-10
504	  7.30029	  0.030936	  3.48469e-07	  2.09338e-08	  60258	  1.13197e-09
505	  7.30029	  0.0938307	  3.48469e-07	  2.02189e-08	  56916	  1.09569e-09
506	  7.30029	  0.156319	  3.48469e-07	  1.94629e-08	  56820	  1.0548e-09
507	  7.30029	  0.218712	  3.48469e-07	  1.87404e-08	  58716	  1.01436e-09
508	  7.30029	  0.281224	  3.48469e-07	  1.79386e-08	  57840	  9.71521e-10
509	  7.30029	  0.343807	  3.48469e-07	  1.68854e-08	  57612	  9.14619e-10
510	  7.30029	  0.406302	  3.48469e-07	  1.60892e-08	  58464	  8.71e-10
511	  7.30029	  0.468745	  3.48469e-07	  1.51131e-08	  57948	  8.18439e-10
512	  7.30029	  0.531226	  3.48469e-07	  1.41019e-08	  57708	  7.63796e-10
513	  7.30029	  0.593785	  3.48469e-07	  1.27209e-08	  58236	  6.88756e-10
514	  7.30029	  0.656281	  3.48469e-07	  1.15558e-08	  58008	  6.25767e-10
515	  7.30029	  0.718743	  3.48469e-07	  1.0332e-08	  58200	  5.59426e-10
516	  7.30029	  0.781255	  3.48469e-07	  9.01209e-09	  58128	  4.87984e-10
517	  7.30029	  0.843774	  3.48469e-07	  7.87407e-09	  57972	  4.26406e-10
518	  7.30029	  0.90628	  3.48469e-07	  6.77439e-09	  57960	  3.66858e-10
519	  7.30029	  0.968758	  3.48469e-07	  5.78355e-09	  58122	  3.13167e-10
520	  8.455	  0.030936	  2.39328e-07	  1.37756e-08	  90198	  7.3465e-10
521	  8.455	  0.0938307	  2.39328e-07	  1.33162e-08	  89292	  7.1037e-10
522	  8.455	  0.156319	  2.39328e-07	  1.28143e-08	  90804	  6.8324e-10
523	  8.455	  0.218712	  2.39328e-07	  1.19307e-08	  89628	  6.36388e-10
524	  8.455	  0.281224	  2.39328e-07	  1.12081e-08	  89844	  5.97798e-10
525	  8.455	  0.343807	  2.39328e-07	  1.03845e-08	  90636	  5.53719e-10
526	  8.455	  0.406302	  2.39328e-07	  9.54417e-09	  89628	  5.09088e-10
527	  8.455	  0.468745	  2.39328e-07	  8.62962e-09	  89772	  4.60283e-10
528	  8.455	  0.531226	  2.39328e-07	  7.75059e-09	  90324	  4.13319e-10
529	  8.455	  0.593785	  2.39328e-07	  6.71907e-09	  89784	  3.58377e-10
530	  8.455	  0.656281	  2.39328e-07	  5.82262e-09	  90216	  3.10517e-10
531	  8.455	  0.718743	  2.39328e-07	  5.02083e-09	  89796	  2.67797e-10
532	  8.455	  0.781255	  2.39328e-07	  4.23354e-09	  90120	  2.25779e-10
533	  8.455	  0.843774	  2.39328e-07	  3.55472e-09	  90132	  1.89576e-10
534	  8.455	  0.90628	  2.39328e-07	  2.96198e-09	  89916	  1.57977e-10
535	  8.455	  0.968758	  2.39328e-07	  2.418e-09	  89964	  1.28961e-10
536	  9.79129	  0.030936	  1.64041e-07	  8.87205e-09	  139068	  4.67393e-10
537	  9.79129	  0.0938307	  1.64041e-07	  8.44969e-09	  141180	  4.44973e-10
538	  9.79129	  0.156319	  1.64041e-07	  7.9765e-09	  139380	  4.20191e-10
539	  9.79129	  0.218712	  1.64041e-07	  7.35586e-09	  138804	  3.87537e-10
540	  9.79129	  0.281224	  1.64041e-07	  6.71711e-09	  140952	  3.53747e-10
541	  9.79129	  0.343807	  1.64041e-07	  5.98411e-09	  139668	  3.15218e-10
542	  9.79129	  0.406302	  1.64041e-07	  5.28814e-09	  139464	  2.78567e-10
543	  9.79129	  0.468745	  1.64041e-07	  4.57846e-09	  139812	  2.41168e-10
544	  9.79129	  0.531226	  1.64041e-07	  3.88797e-09	  139884	  2.04794e-10
545	  9.79129	  0.593785	  1.64041e-07	  3.29242e-09	  140184	  1.73414e-10
546	  9.79129	  0.656281	  1.64041e-07	  2.72595e-09	  139404	  1.43598e-10
547	  9.79129	  0.718743	  1.64041e-07	  2.25264e-09	  139932	  1.18654e-10
548	  9.79129	  0.781255	  1.64041e-07	  1.84112e-09	  139980	  9.69771e-11
549	  9.79129	  0.843774	  1.64041e-07	  1.47326e-09	  139632	  7.76058e-11
550	  9.79129	  0.90628	  1.64041e-07	  1.18917e-09	  140088	  6.26359e-11
551	  9.79129	  0.968758	  1.64041e-07	  9.21855e-10	  139623	  4.85598e-11
