#n	   k	      mu	    PL	    Pf	     w	     err  
0	  0.0523599	  1	  0.00109825	  0.000106292	  3	  6.66825e-05
1	  0.10472	  1	  0.000474816	  4.11104e-05	  3	  2.57906e-05
2	  0.15708	  1	  0.000263766	  3.4711e-05	  3	  2.1776e-05
3	  0.20944	  1	  0.00016866	  7.90059e-06	  3	  4.95644e-06
4	  0.261799	  1	  0.000113295	  5.78084e-06	  3	  3.62661e-06
5	  0.314159	  1	  7.90003e-05	  1.94492e-05	  3	  1.22015e-05
6	  0.366519	  1	  5.78693e-05	  3.74651e-06	  3	  2.35037e-06
7	  0.418879	  1	  4.42761e-05	  2.67333e-06	  3	  1.67711e-06
8	  0.471239	  1	  3.48681e-05	  3.44316e-06	  3	  2.16006e-06
9	  0.0523599	  0	  0.00109825	  1.71145e-05	  6	  7.84268e-06
10	  0.074048	  0.707107	  0.00084578	  3.45885e-05	  12	  1.17143e-05
11	  0.11708	  0.894427	  0.00042522	  3.78448e-05	  12	  1.28171e-05
12	  0.165576	  0.948683	  0.000238867	  1.98738e-05	  12	  6.73078e-06
13	  0.215885	  0.970143	  0.000156831	  1.07252e-05	  12	  3.63235e-06
14	  0.266984	  0.980581	  0.000108825	  6.69027e-06	  12	  2.26583e-06
15	  0.318493	  0.986394	  7.71742e-05	  7.20073e-06	  12	  2.43871e-06
16	  0.37024	  0.989949	  5.68135e-05	  4.79168e-06	  12	  1.62282e-06
17	  0.422139	  0.992278	  4.35946e-05	  4.29013e-06	  12	  1.45296e-06
18	  0.474139	  0.993884	  3.44172e-05	  3.56491e-06	  12	  1.20735e-06
19	  0.074048	  0	  0.00084578	  1.23303e-05	  6	  5.65033e-06
20	  0.09069	  0.57735	  0.000607203	  1.76947e-05	  12	  5.99276e-06
21	  0.128255	  0.816497	  0.000391515	  2.29755e-05	  12	  7.78122e-06
22	  0.173658	  0.904534	  0.000223972	  1.37205e-05	  12	  4.6468e-06
23	  0.222144	  0.942809	  0.000147041	  6.66396e-06	  12	  2.25692e-06
24	  0.27207	  0.96225	  0.000104354	  1.18434e-05	  12	  4.01105e-06
25	  0.322768	  0.973329	  7.53356e-05	  4.22495e-06	  12	  1.43089e-06
26	  0.373924	  0.980196	  5.58076e-05	  5.59715e-06	  12	  1.89562e-06
27	  0.425374	  0.984732	  4.29184e-05	  3.74421e-06	  12	  1.26807e-06
28	  0.477021	  0.987878	  3.39787e-05	  1.7525e-06	  12	  5.93527e-07
29	  0.10472	  0	  0.000474816	  7.86068e-06	  6	  3.60214e-06
30	  0.11708	  0.447214	  0.00042522	  1.26553e-05	  12	  4.28604e-06
31	  0.148096	  0.707107	  0.000301947	  1.61889e-05	  12	  5.48276e-06
32	  0.188786	  0.83205	  0.000204985	  1.29716e-05	  12	  4.39315e-06
33	  0.23416	  0.894427	  0.000133602	  9.48038e-06	  12	  3.21077e-06
34	  0.281967	  0.928477	  9.61101e-05	  3.78689e-06	  12	  1.28253e-06
35	  0.331153	  0.948683	  7.15415e-05	  5.09007e-06	  12	  1.72388e-06
36	  0.381186	  0.961524	  5.38707e-05	  3.0089e-06	  12	  1.01904e-06
37	  0.431771	  0.970143	  4.16675e-05	  1.84067e-06	  12	  6.23388e-07
38	  0.482734	  0.976187	  3.31214e-05	  2.16683e-06	  12	  7.33851e-07
39	  0.11708	  0	  0.00042522	  7.97055e-06	  12	  2.69943e-06
40	  0.128255	  0.408248	  0.000391515	  9.3177e-06	  24	  2.36785e-06
41	  0.15708	  0.666667	  0.000263766	  1.1896e-05	  24	  3.02307e-06
42	  0.195913	  0.801784	  0.00019411	  1.01574e-05	  24	  2.58124e-06
43	  0.239943	  0.872872	  0.000129148	  1.23591e-05	  24	  3.14075e-06
44	  0.286787	  0.912871	  9.25682e-05	  5.64158e-06	  24	  1.43366e-06
45	  0.335267	  0.937043	  6.96493e-05	  4.60303e-06	  24	  1.16974e-06
46	  0.384765	  0.952579	  5.2925e-05	  4.82104e-06	  24	  1.22514e-06
47	  0.434934	  0.963087	  4.1067e-05	  3.20187e-06	  24	  8.13672e-07
48	  0.485566	  0.970495	  3.27246e-05	  1.95716e-06	  24	  4.97361e-07
49	  0.148096	  0	  0.000301947	  4.97813e-06	  6	  2.28122e-06
50	  0.15708	  0.333333	  0.000263766	  6.24709e-06	  12	  2.11573e-06
51	  0.18138	  0.57735	  0.000214212	  6.76379e-06	  12	  2.29073e-06
52	  0.215885	  0.727607	  0.000156831	  7.40519e-06	  12	  2.50795e-06
53	  0.25651	  0.816497	  0.000117584	  9.06456e-06	  12	  3.06994e-06
54	  0.300785	  0.870388	  8.47433e-05	  5.13066e-06	  12	  1.73763e-06
55	  0.347316	  0.904534	  6.44396e-05	  4.09347e-06	  12	  1.38636e-06
56	  0.395308	  0.927173	  5.01246e-05	  3.11187e-06	  12	  1.05391e-06
57	  0.444288	  0.942809	  3.939e-05	  3.03839e-06	  12	  1.02903e-06
58	  0.493962	  0.953998	  3.15745e-05	  2.57553e-06	  12	  8.72267e-07
59	  0.15708	  0	  0.000263766	  5.41122e-06	  6	  2.47968e-06
60	  0.165576	  0.316228	  0.000238867	  5.32584e-06	  12	  1.80373e-06
61	  0.188786	  0.5547	  0.000204985	  7.70079e-06	  12	  2.60807e-06
62	  0.222144	  0.707107	  0.000147041	  5.17446e-06	  12	  1.75246e-06
63	  0.261799	  0.8	  0.000113295	  7.10668e-06	  12	  2.40685e-06
64	  0.305308	  0.857493	  8.27051e-05	  3.04173e-06	  12	  1.03016e-06
65	  0.351241	  0.894427	  6.28996e-05	  3.49856e-06	  12	  1.18488e-06
66	  0.398761	  0.919145	  4.92138e-05	  4.18102e-06	  12	  1.41601e-06
67	  0.447363	  0.936329	  3.88578e-05	  2.21436e-06	  12	  7.49948e-07
68	  0.496729	  0.948683	  3.12165e-05	  1.51565e-06	  12	  5.13315e-07
69	  0.165576	  0	  0.000238867	  4.03831e-06	  12	  1.36767e-06
70	  0.173658	  0.301511	  0.000223972	  4.16492e-06	  24	  1.05841e-06
71	  0.195913	  0.534522	  0.00019411	  5.24316e-06	  24	  1.33241e-06
72	  0.228231	  0.688247	  0.000139424	  6.95259e-06	  24	  1.76682e-06
73	  0.266984	  0.784465	  0.000108825	  4.09531e-06	  24	  1.04072e-06
74	  0.309765	  0.845154	  8.08243e-05	  3.96376e-06	  24	  1.00729e-06
75	  0.355122	  0.884652	  6.14905e-05	  3.89855e-06	  24	  9.90716e-07
76	  0.402184	  0.911322	  4.83108e-05	  4.26306e-06	  24	  1.08335e-06
77	  0.450417	  0.929981	  3.83317e-05	  2.74306e-06	  24	  6.97078e-07
78	  0.499481	  0.943456	  3.08604e-05	  2.60723e-06	  24	  6.62561e-07
79	  0.188786	  0	  0.000204985	  3.66791e-06	  12	  1.24223e-06
80	  0.195913	  0.267261	  0.00019411	  3.15513e-06	  24	  8.01795e-07
81	  0.215885	  0.485071	  0.000156831	  5.02635e-06	  24	  1.27732e-06
82	  0.24559	  0.639602	  0.000125316	  3.91149e-06	  24	  9.94004e-07
83	  0.281967	  0.742781	  9.61101e-05	  4.9243e-06	  24	  1.25138e-06
84	  0.322768	  0.811107	  7.53356e-05	  4.12425e-06	  24	  1.04807e-06
85	  0.366519	  0.857143	  5.78693e-05	  3.85365e-06	  24	  9.79304e-07
86	  0.412282	  0.889001	  4.58028e-05	  1.85647e-06	  24	  4.71774e-07
87	  0.459456	  0.911685	  3.67987e-05	  2.23463e-06	  24	  5.67873e-07
88	  0.20944	  0	  0.00016866	  1.27434e-06	  6	  5.83964e-07
89	  0.215885	  0.242536	  0.000156831	  2.42619e-06	  12	  8.2169e-07
90	  0.23416	  0.447214	  0.000133602	  3.57765e-06	  12	  1.21166e-06
91	  0.261799	  0.6	  0.000113295	  4.29844e-06	  12	  1.45578e-06
92	  0.296192	  0.707107	  8.69983e-05	  1.99543e-06	  12	  6.75803e-07
93	  0.335267	  0.780869	  6.96493e-05	  4.24045e-06	  12	  1.43614e-06
94	  0.377572	  0.83205	  5.48304e-05	  2.42459e-06	  12	  8.21148e-07
95	  0.422139	  0.868243	  4.35946e-05	  2.6011e-06	  12	  8.80926e-07
96	  0.468321	  0.894427	  3.53413e-05	  1.73602e-06	  12	  5.87948e-07
97	  0.215885	  0	  0.000156831	  2.21148e-06	  12	  7.48973e-07
98	  0.222144	  0.235702	  0.000147041	  1.36699e-06	  24	  3.47385e-07
99	  0.239943	  0.436436	  0.000129148	  4.29787e-06	  24	  1.09219e-06
100	  0.266984	  0.588348	  0.000108825	  2.89507e-06	  24	  7.35708e-07
101	  0.300785	  0.696311	  8.47433e-05	  2.26675e-06	  24	  5.76037e-07
102	  0.339331	  0.771517	  6.7831e-05	  3.03007e-06	  24	  7.70014e-07
103	  0.381186	  0.824163	  5.38707e-05	  3.7361e-06	  24	  9.49433e-07
104	  0.425374	  0.86164	  4.29184e-05	  3.00652e-06	  24	  7.6403e-07
105	  0.471239	  0.888889	  3.48681e-05	  2.68345e-06	  24	  6.81929e-07
106	  0.222144	  0	  0.000147041	  1.95048e-06	  6	  8.93805e-07
107	  0.228231	  0.229416	  0.000139424	  2.75602e-06	  12	  9.33394e-07
108	  0.24559	  0.426401	  0.000125316	  2.94077e-06	  12	  9.95966e-07
109	  0.27207	  0.57735	  0.000104354	  1.69896e-06	  12	  5.75396e-07
110	  0.305308	  0.685994	  8.27051e-05	  4.72303e-06	  12	  1.59957e-06
111	  0.343347	  0.762493	  6.60633e-05	  2.98932e-06	  12	  1.01241e-06
112	  0.384765	  0.816497	  5.2925e-05	  2.31805e-06	  12	  7.85065e-07
113	  0.428584	  0.855186	  4.22724e-05	  2.20415e-06	  12	  7.4649e-07
114	  0.474139	  0.883452	  3.44172e-05	  1.88979e-06	  12	  6.40024e-07
115	  0.23416	  0	  0.000133602	  2.11901e-06	  12	  7.17657e-07
116	  0.239943	  0.218218	  0.000129148	  3.16141e-06	  24	  8.03391e-07
117	  0.25651	  0.408248	  0.000117584	  3.67673e-06	  24	  9.34346e-07
118	  0.281967	  0.557086	  9.61101e-05	  3.27091e-06	  24	  8.31217e-07
119	  0.314159	  0.666667	  7.90003e-05	  2.38828e-06	  24	  6.0692e-07
120	  0.351241	  0.745356	  6.28996e-05	  3.41528e-06	  24	  8.67904e-07
121	  0.391825	  0.801784	  5.10495e-05	  2.21736e-06	  24	  5.63485e-07
122	  0.434934	  0.842701	  4.1067e-05	  1.84586e-06	  24	  4.69078e-07
123	  0.479886	  0.872872	  3.35428e-05	  1.81942e-06	  24	  4.62359e-07
124	  0.261799	  0	  0.000113295	  1.8358e-06	  18	  5.24492e-07
125	  0.266984	  0.196116	  0.000108825	  1.81855e-06	  36	  3.94019e-07
126	  0.281967	  0.371391	  9.61101e-05	  1.80987e-06	  36	  3.92139e-07
127	  0.305308	  0.514496	  8.27051e-05	  2.27348e-06	  36	  4.92587e-07
128	  0.335267	  0.624695	  6.96493e-05	  2.53168e-06	  36	  5.4853e-07
129	  0.37024	  0.707107	  5.68135e-05	  2.39811e-06	  36	  5.1959e-07
130	  0.408944	  0.768221	  4.66076e-05	  2.32446e-06	  36	  5.03633e-07
131	  0.450417	  0.813733	  3.83317e-05	  2.71491e-06	  36	  5.88232e-07
132	  0.493962	  0.847998	  3.15745e-05	  1.73262e-06	  36	  3.75402e-07
133	  0.266984	  0	  0.000108825	  1.66042e-06	  12	  5.62343e-07
134	  0.27207	  0.19245	  0.000104354	  2.46262e-06	  24	  6.25811e-07
135	  0.286787	  0.365148	  9.25682e-05	  2.1275e-06	  24	  5.4065e-07
136	  0.309765	  0.507093	  8.08243e-05	  2.18769e-06	  24	  5.55945e-07
137	  0.339331	  0.617213	  6.7831e-05	  1.99065e-06	  24	  5.05873e-07
138	  0.373924	  0.70014	  5.58076e-05	  2.23673e-06	  24	  5.68407e-07
139	  0.412282	  0.762001	  4.58028e-05	  1.53634e-06	  24	  3.90421e-07
140	  0.45345	  0.80829	  3.78091e-05	  1.64385e-06	  24	  4.17742e-07
141	  0.496729	  0.843274	  3.12165e-05	  1.82046e-06	  24	  4.62623e-07
142	  0.281967	  0	  9.61101e-05	  9.54783e-07	  12	  3.23361e-07
143	  0.286787	  0.182574	  9.25682e-05	  1.68667e-06	  24	  4.28623e-07
144	  0.300785	  0.348155	  8.47433e-05	  1.60602e-06	  24	  4.08127e-07
145	  0.322768	  0.486664	  7.53356e-05	  2.24376e-06	  24	  5.70193e-07
146	  0.351241	  0.596285	  6.28996e-05	  2.09672e-06	  24	  5.32826e-07
147	  0.384765	  0.680414	  5.2925e-05	  1.63006e-06	  24	  4.14238e-07
148	  0.422139	  0.744208	  4.35946e-05	  1.7351e-06	  24	  4.4093e-07
149	  0.46243	  0.792594	  3.6299e-05	  1.58476e-06	  24	  4.02726e-07
150	  0.296192	  0	  8.69983e-05	  6.50238e-07	  6	  2.9797e-07
151	  0.300785	  0.174078	  8.47433e-05	  1.08662e-06	  12	  3.6801e-07
152	  0.314159	  0.333333	  7.90003e-05	  1.42557e-06	  12	  4.82806e-07
153	  0.335267	  0.468521	  6.96493e-05	  1.64451e-06	  12	  5.56956e-07
154	  0.36276	  0.57735	  5.89816e-05	  2.16831e-06	  12	  7.34351e-07
155	  0.395308	  0.662266	  5.01246e-05	  1.82159e-06	  12	  6.16928e-07
156	  0.431771	  0.727607	  4.16675e-05	  1.83733e-06	  12	  6.22258e-07
157	  0.471239	  0.777778	  3.48681e-05	  1.84584e-06	  12	  6.25141e-07
158	  0.305308	  0	  8.27051e-05	  1.32509e-06	  12	  4.48775e-07
159	  0.309765	  0.169031	  8.08243e-05	  1.27501e-06	  24	  3.2401e-07
160	  0.322768	  0.324443	  7.53356e-05	  1.73781e-06	  24	  4.4162e-07
161	  0.343347	  0.457496	  6.60633e-05	  1.72002e-06	  24	  4.37099e-07
162	  0.37024	  0.565685	  5.68135e-05	  1.76717e-06	  24	  4.4908e-07
163	  0.402184	  0.650945	  4.83108e-05	  2.44472e-06	  24	  6.21263e-07
164	  0.438074	  0.717137	  4.04965e-05	  2.33775e-06	  24	  5.9408e-07
165	  0.477021	  0.76835	  3.39787e-05	  1.70336e-06	  24	  4.32865e-07
166	  0.314159	  0	  7.90003e-05	  2.59598e-06	  6	  1.1896e-06
167	  0.318493	  0.164399	  7.71742e-05	  1.80025e-06	  12	  6.09699e-07
168	  0.331153	  0.316228	  7.15415e-05	  1.33189e-06	  12	  4.51078e-07
169	  0.351241	  0.447214	  6.28996e-05	  1.07342e-06	  12	  3.63542e-07
170	  0.377572	  0.5547	  5.48304e-05	  1.31462e-06	  12	  4.45229e-07
171	  0.408944	  0.640184	  4.66076e-05	  1.64049e-06	  12	  5.55595e-07
172	  0.444288	  0.707107	  3.939e-05	  1.29233e-06	  12	  4.37681e-07
173	  0.482734	  0.759257	  3.31214e-05	  1.67011e-06	  12	  5.65624e-07
174	  0.318493	  0	  7.71742e-05	  1.78586e-06	  12	  6.04828e-07
175	  0.322768	  0.162221	  7.53356e-05	  1.05939e-06	  24	  2.69216e-07
176	  0.335267	  0.312348	  6.96493e-05	  1.19303e-06	  24	  3.03179e-07
177	  0.355122	  0.442326	  6.14905e-05	  1.64145e-06	  24	  4.17133e-07
178	  0.381186	  0.549442	  5.38707e-05	  1.98503e-06	  24	  5.04443e-07
179	  0.412282	  0.635001	  4.58028e-05	  1.24982e-06	  24	  3.1761e-07
180	  0.447363	  0.702247	  3.88578e-05	  1.46398e-06	  24	  3.72032e-07
181	  0.485566	  0.754829	  3.27246e-05	  1.85362e-06	  24	  4.71049e-07
182	  0.331153	  0	  7.15415e-05	  1.05989e-06	  12	  3.58957e-07
183	  0.335267	  0.156174	  6.96493e-05	  1.10124e-06	  24	  2.79852e-07
184	  0.347316	  0.301511	  6.44396e-05	  1.00705e-06	  24	  2.55917e-07
185	  0.366519	  0.428571	  5.78693e-05	  1.81013e-06	  24	  4.59998e-07
186	  0.391825	  0.534522	  5.10495e-05	  1.27605e-06	  24	  3.24275e-07
187	  0.422139	  0.620174	  4.35946e-05	  1.20597e-06	  24	  3.06465e-07
188	  0.456463	  0.688247	  3.73017e-05	  1.45197e-06	  24	  3.6898e-07
189	  0.493962	  0.741999	  3.15745e-05	  1.34249e-06	  24	  3.41159e-07
190	  0.335267	  0	  6.96493e-05	  1.20184e-06	  12	  4.07034e-07
191	  0.339331	  0.154303	  6.7831e-05	  9.27911e-07	  24	  2.35805e-07
192	  0.351241	  0.298142	  6.28996e-05	  1.23567e-06	  24	  3.14015e-07
193	  0.37024	  0.424264	  5.68135e-05	  1.38631e-06	  24	  3.52295e-07
194	  0.395308	  0.529813	  5.01246e-05	  1.26774e-06	  24	  3.22163e-07
195	  0.425374	  0.615457	  4.29184e-05	  1.4741e-06	  24	  3.74606e-07
196	  0.459456	  0.683763	  3.67987e-05	  1.28353e-06	  24	  3.26177e-07
197	  0.496729	  0.737865	  3.12165e-05	  1.37982e-06	  24	  3.50644e-07
198	  0.351241	  0	  6.28996e-05	  7.21885e-07	  12	  2.44485e-07
199	  0.355122	  0.147442	  6.14905e-05	  1.07877e-06	  24	  2.74141e-07
200	  0.366519	  0.285714	  5.78693e-05	  1.43711e-06	  24	  3.65205e-07
201	  0.384765	  0.408248	  5.2925e-05	  1.2574e-06	  24	  3.19535e-07
202	  0.408944	  0.512148	  4.66076e-05	  1.65055e-06	  24	  4.19445e-07
203	  0.438074	  0.597614	  4.04965e-05	  1.3324e-06	  24	  3.38596e-07
204	  0.471239	  0.666667	  3.48681e-05	  1.5267e-06	  24	  3.8797e-07
205	  0.366519	  0	  5.78693e-05	  6.51445e-07	  6	  2.98524e-07
206	  0.37024	  0.141421	  5.68135e-05	  8.80699e-07	  12	  2.98271e-07
207	  0.381186	  0.274721	  5.38707e-05	  7.87343e-07	  12	  2.66653e-07
208	  0.398761	  0.393919	  4.92138e-05	  1.48179e-06	  12	  5.01844e-07
209	  0.422139	  0.496139	  4.35946e-05	  1.42464e-06	  12	  4.82491e-07
210	  0.450417	  0.581238	  3.83317e-05	  1.595e-06	  12	  5.40186e-07
211	  0.482734	  0.650791	  3.31214e-05	  1.15069e-06	  12	  3.89708e-07
212	  0.37024	  0	  5.68135e-05	  9.55173e-07	  18	  2.72895e-07
213	  0.373924	  0.140028	  5.58076e-05	  1.07431e-06	  36	  2.32767e-07
214	  0.384765	  0.272166	  5.2925e-05	  1.09768e-06	  36	  2.37832e-07
215	  0.402184	  0.390567	  4.83108e-05	  1.42415e-06	  36	  3.08566e-07
216	  0.425374	  0.492366	  4.29184e-05	  1.06706e-06	  36	  2.31195e-07
217	  0.45345	  0.57735	  3.78091e-05	  9.33724e-07	  36	  2.02307e-07
218	  0.485566	  0.646997	  3.27246e-05	  1.50951e-06	  36	  3.2706e-07
219	  0.377572	  0	  5.48304e-05	  6.79523e-07	  12	  2.30138e-07
220	  0.381186	  0.137361	  5.38707e-05	  1.10456e-06	  24	  2.80695e-07
221	  0.391825	  0.267261	  5.10495e-05	  1.08637e-06	  24	  2.76072e-07
222	  0.408944	  0.384111	  4.66076e-05	  1.20723e-06	  24	  3.06787e-07
223	  0.431771	  0.485071	  4.16675e-05	  1.11949e-06	  24	  2.84491e-07
224	  0.459456	  0.569803	  3.67987e-05	  1.00323e-06	  24	  2.54945e-07
225	  0.491179	  0.639602	  3.19378e-05	  9.55035e-07	  24	  2.42698e-07
226	  0.381186	  0	  5.38707e-05	  6.45799e-07	  12	  2.18716e-07
227	  0.384765	  0.136083	  5.2925e-05	  1.22117e-06	  24	  3.1033e-07
228	  0.395308	  0.264906	  5.01246e-05	  8.94569e-07	  24	  2.27332e-07
229	  0.412282	  0.381	  4.58028e-05	  6.54165e-07	  24	  1.66239e-07
230	  0.434934	  0.481543	  4.1067e-05	  9.37688e-07	  24	  2.38289e-07
231	  0.46243	  0.566139	  3.6299e-05	  1.14935e-06	  24	  2.92079e-07
232	  0.493962	  0.635999	  3.15745e-05	  1.06259e-06	  24	  2.7003e-07
233	  0.398761	  0	  4.92138e-05	  1.14012e-06	  12	  3.86129e-07
234	  0.402184	  0.130189	  4.83108e-05	  9.7817e-07	  24	  2.48577e-07
235	  0.412282	  0.254	  4.58028e-05	  5.48949e-07	  24	  1.39501e-07
236	  0.428584	  0.366508	  4.22724e-05	  1.00917e-06	  24	  2.56455e-07
237	  0.450417	  0.464991	  3.83317e-05	  1.13214e-06	  24	  2.87705e-07
238	  0.477021	  0.548821	  3.39787e-05	  9.79588e-07	  24	  2.48937e-07
239	  0.408944	  0	  4.66076e-05	  8.43496e-07	  12	  2.85671e-07
240	  0.412282	  0.127	  4.58028e-05	  7.82622e-07	  24	  1.98883e-07
241	  0.422139	  0.248069	  4.35946e-05	  6.61275e-07	  24	  1.68046e-07
242	  0.438074	  0.358569	  4.04965e-05	  9.70374e-07	  24	  2.46595e-07
243	  0.459456	  0.455842	  3.67987e-05	  6.84518e-07	  24	  1.73953e-07
244	  0.485566	  0.539164	  3.27246e-05	  1.14017e-06	  24	  2.89744e-07
245	  0.418879	  0	  4.42761e-05	  8.56282e-07	  6	  3.9239e-07
246	  0.422139	  0.124035	  4.35946e-05	  1.18406e-06	  12	  4.01013e-07
247	  0.431771	  0.242536	  4.16675e-05	  4.98579e-07	  12	  1.68856e-07
248	  0.447363	  0.351123	  3.88578e-05	  7.39227e-07	  12	  2.50358e-07
249	  0.468321	  0.447214	  3.53413e-05	  6.24946e-07	  12	  2.11654e-07
250	  0.493962	  0.529999	  3.15745e-05	  1.16858e-06	  12	  3.95768e-07
251	  0.422139	  0	  4.35946e-05	  9.54661e-07	  24	  2.42602e-07
252	  0.425374	  0.123091	  4.29184e-05	  7.13604e-07	  48	  1.3868e-07
253	  0.434934	  0.240772	  4.1067e-05	  7.65801e-07	  48	  1.48824e-07
254	  0.450417	  0.348743	  3.83317e-05	  9.14031e-07	  48	  1.7763e-07
255	  0.471239	  0.444444	  3.48681e-05	  9.39405e-07	  48	  1.82562e-07
256	  0.496729	  0.527046	  3.12165e-05	  1.02132e-06	  48	  1.98482e-07
257	  0.431771	  0	  4.16675e-05	  4.69141e-07	  12	  1.58887e-07
258	  0.434934	  0.120386	  4.1067e-05	  5.89752e-07	  24	  1.4987e-07
259	  0.444288	  0.235702	  3.939e-05	  5.95297e-07	  24	  1.51279e-07
260	  0.459456	  0.341882	  3.67987e-05	  7.92171e-07	  24	  2.0131e-07
261	  0.479886	  0.436436	  3.35428e-05	  7.38522e-07	  24	  1.87676e-07
262	  0.444288	  0	  3.939e-05	  7.52729e-07	  6	  3.44937e-07
263	  0.447363	  0.117041	  3.88578e-05	  7.02581e-07	  12	  2.37947e-07
264	  0.456463	  0.229416	  3.73017e-05	  7.52752e-07	  12	  2.54938e-07
265	  0.471239	  0.333333	  3.48681e-05	  6.94791e-07	  12	  2.35308e-07
266	  0.491179	  0.426401	  3.19378e-05	  6.42183e-07	  12	  2.17491e-07
267	  0.447363	  0	  3.88578e-05	  5.96126e-07	  12	  2.01893e-07
268	  0.450417	  0.116248	  3.83317e-05	  7.76254e-07	  24	  1.97265e-07
269	  0.459456	  0.227921	  3.67987e-05	  7.03177e-07	  24	  1.78694e-07
270	  0.474139	  0.331295	  3.44172e-05	  8.80416e-07	  24	  2.23735e-07
271	  0.493962	  0.423999	  3.15745e-05	  6.76154e-07	  24	  1.71827e-07
272	  0.450417	  0	  3.83317e-05	  7.49679e-07	  12	  2.53898e-07
273	  0.45345	  0.11547	  3.78091e-05	  4.60997e-07	  24	  1.1715e-07
274	  0.46243	  0.226455	  3.6299e-05	  5.79238e-07	  24	  1.47198e-07
275	  0.477021	  0.329293	  3.39787e-05	  7.01489e-07	  24	  1.78265e-07
276	  0.496729	  0.421637	  3.12165e-05	  8.10252e-07	  24	  2.05905e-07
277	  0.468321	  0	  3.53413e-05	  4.30426e-07	  12	  1.45774e-07
278	  0.471239	  0.111111	  3.48681e-05	  5.96079e-07	  24	  1.51478e-07
279	  0.479886	  0.218218	  3.35428e-05	  4.45711e-07	  24	  1.13266e-07
280	  0.493962	  0.317999	  3.15745e-05	  5.23883e-07	  24	  1.33131e-07
281	  0.471239	  0	  3.48681e-05	  1.38032e-06	  6	  6.32531e-07
282	  0.474139	  0.110432	  3.44172e-05	  8.06568e-07	  12	  2.73165e-07
283	  0.482734	  0.21693	  3.31214e-05	  5.67371e-07	  12	  1.92155e-07
284	  0.496729	  0.316228	  3.12165e-05	  6.38183e-07	  12	  2.16137e-07
285	  0.474139	  0	  3.44172e-05	  7.99976e-07	  12	  2.70932e-07
286	  0.477021	  0.109764	  3.39787e-05	  4.83513e-07	  24	  1.22872e-07
287	  0.485566	  0.215666	  3.27246e-05	  4.31882e-07	  24	  1.09752e-07
288	  0.499481	  0.314485	  3.08604e-05	  6.59914e-07	  24	  1.677e-07
289	  0.482734	  0	  3.31214e-05	  4.78073e-07	  24	  1.2149e-07
290	  0.485566	  0.107833	  3.27246e-05	  6.26744e-07	  48	  1.218e-07
291	  0.493962	  0.212	  3.15745e-05	  6.02525e-07	  48	  1.17093e-07
292	  0.493962	  0	  3.15745e-05	  5.66913e-07	  12	  1.91999e-07
293	  0.496729	  0.105409	  3.12165e-05	  6.83441e-07	  24	  1.73679e-07
294	  0.496729	  0	  3.12165e-05	  4.57023e-07	  12	  1.54782e-07
295	  0.499481	  0.104828	  3.08604e-05	  5.00355e-07	  24	  1.27152e-07
296	  0.557622	  0.0311873	  2.44771e-05	  4.68702e-07	  192	  5.72607e-08
297	  0.557622	  0.0937546	  2.44771e-05	  4.46518e-07	  384	  4.51122e-08
298	  0.557622	  0.156239	  2.44771e-05	  3.90214e-07	  168	  4.96164e-08
299	  0.557622	  0.218749	  2.44771e-05	  4.64931e-07	  216	  5.48811e-08
300	  0.557622	  0.281247	  2.44771e-05	  5.2088e-07	  372	  5.30503e-08
301	  0.557622	  0.343756	  2.44771e-05	  4.58359e-07	  216	  5.41053e-08
302	  0.557622	  0.406258	  2.44771e-05	  6.99207e-07	  204	  8.39147e-08
303	  0.557622	  0.468751	  2.44771e-05	  7.27463e-07	  276	  8.01612e-08
304	  0.557622	  0.531244	  2.44771e-05	  8.11869e-07	  264	  9.05605e-08
305	  0.557622	  0.593752	  2.44771e-05	  9.62018e-07	  252	  1.08702e-07
306	  0.557622	  0.656252	  2.44771e-05	  9.52396e-07	  192	  1.16353e-07
307	  0.557622	  0.718753	  2.44771e-05	  1.0338e-06	  336	  1.08089e-07
308	  0.557622	  0.78125	  2.44771e-05	  1.20198e-06	  240	  1.37687e-07
309	  0.557622	  0.843744	  2.44771e-05	  1.38319e-06	  252	  1.56293e-07
310	  0.557622	  0.906252	  2.44771e-05	  1.78748e-06	  252	  2.01975e-07
311	  0.557622	  0.968755	  2.44771e-05	  1.87089e-06	  246	  2.12828e-07
312	  0.672523	  0.0311873	  1.63729e-05	  3.06587e-07	  282	  3.35863e-08
313	  0.672523	  0.0937546	  1.63729e-05	  2.96383e-07	  564	  2.72992e-08
314	  0.672523	  0.156239	  1.63729e-05	  3.50626e-07	  564	  3.22953e-08
315	  0.672523	  0.218749	  1.63729e-05	  3.18292e-07	  516	  2.99267e-08
316	  0.672523	  0.281247	  1.63729e-05	  3.31745e-07	  396	  3.32581e-08
317	  0.672523	  0.343756	  1.63729e-05	  3.98671e-07	  468	  3.83621e-08
318	  0.672523	  0.406258	  1.63729e-05	  4.61317e-07	  468	  4.43902e-08
319	  0.672523	  0.468751	  1.63729e-05	  4.20393e-07	  420	  4.15328e-08
320	  0.672523	  0.531244	  1.63729e-05	  4.96599e-07	  516	  4.66915e-08
321	  0.672523	  0.593752	  1.63729e-05	  5.22368e-07	  564	  4.81141e-08
322	  0.672523	  0.656252	  1.63729e-05	  6.58668e-07	  444	  6.41924e-08
323	  0.672523	  0.718753	  1.63729e-05	  6.91792e-07	  456	  6.69857e-08
324	  0.672523	  0.78125	  1.63729e-05	  7.75839e-07	  456	  7.5124e-08
325	  0.672523	  0.843744	  1.63729e-05	  1.05021e-06	  468	  1.01056e-07
326	  0.672523	  0.906252	  1.63729e-05	  1.21237e-06	  504	  1.14622e-07
327	  0.672523	  0.968755	  1.63729e-05	  1.30103e-06	  426	  1.28086e-07
328	  0.813161	  0.0311873	  1.07841e-05	  1.96585e-07	  690	  1.73131e-08
329	  0.813161	  0.0937546	  1.07841e-05	  2.02684e-07	  828	  1.71779e-08
330	  0.813161	  0.156239	  1.07841e-05	  2.1377e-07	  876	  1.79111e-08
331	  0.813161	  0.218749	  1.07841e-05	  2.29265e-07	  864	  1.9263e-08
332	  0.813161	  0.281247	  1.07841e-05	  2.28979e-07	  852	  1.92936e-08
333	  0.813161	  0.343756	  1.07841e-05	  2.45567e-07	  828	  2.08124e-08
334	  0.813161	  0.406258	  1.07841e-05	  2.89375e-07	  828	  2.45252e-08
335	  0.813161	  0.468751	  1.07841e-05	  2.98232e-07	  888	  2.49196e-08
336	  0.813161	  0.531244	  1.07841e-05	  3.29577e-07	  732	  2.86604e-08
337	  0.813161	  0.593752	  1.07841e-05	  3.75344e-07	  816	  3.19069e-08
338	  0.813161	  0.656252	  1.07841e-05	  4.0171e-07	  840	  3.39458e-08
339	  0.813161	  0.718753	  1.07841e-05	  4.71388e-07	  816	  4.00713e-08
340	  0.813161	  0.78125	  1.07841e-05	  5.14229e-07	  744	  4.4564e-08
341	  0.813161	  0.843744	  1.07841e-05	  6.03487e-07	  888	  5.04261e-08
342	  0.813161	  0.906252	  1.07841e-05	  6.87975e-07	  768	  5.92239e-08
343	  0.813161	  0.968755	  1.07841e-05	  8.27139e-07	  849	  6.97443e-08
344	  0.98304	  0.0311873	  7.04627e-06	  1.40516e-07	  1926	  1.02276e-08
345	  0.98304	  0.0937546	  7.04627e-06	  1.42588e-07	  1260	  1.11464e-08
346	  0.98304	  0.156239	  7.04627e-06	  1.49337e-07	  1236	  1.17146e-08
347	  0.98304	  0.218749	  7.04627e-06	  1.42955e-07	  1368	  1.10128e-08
348	  0.98304	  0.281247	  7.04627e-06	  1.54757e-07	  1572	  1.16411e-08
349	  0.98304	  0.343756	  7.04627e-06	  1.64461e-07	  1404	  1.26122e-08
350	  0.98304	  0.406258	  7.04627e-06	  1.75717e-07	  1368	  1.35367e-08
351	  0.98304	  0.468751	  7.04627e-06	  1.97228e-07	  1476	  1.49951e-08
352	  0.98304	  0.531244	  7.04627e-06	  2.1271e-07	  1524	  1.60842e-08
353	  0.98304	  0.593752	  7.04627e-06	  2.28172e-07	  1440	  1.74214e-08
354	  0.98304	  0.656252	  7.04627e-06	  2.55442e-07	  1404	  1.95894e-08
355	  0.98304	  0.718753	  7.04627e-06	  2.94505e-07	  1440	  2.24862e-08
356	  0.98304	  0.78125	  7.04627e-06	  3.47974e-07	  1500	  2.63833e-08
357	  0.98304	  0.843744	  7.04627e-06	  3.59259e-07	  1428	  2.747e-08
358	  0.98304	  0.906252	  7.04627e-06	  4.29457e-07	  1524	  3.24737e-08
359	  0.98304	  0.968755	  7.04627e-06	  4.81483e-07	  1428	  3.68156e-08
360	  1.18839	  0.0311873	  4.56778e-06	  9.21208e-08	  2670	  6.38884e-09
361	  1.18839	  0.0937546	  4.56778e-06	  9.07838e-08	  2124	  6.50903e-09
362	  1.18839	  0.156239	  4.56778e-06	  9.20861e-08	  3024	  6.27888e-09
363	  1.18839	  0.218749	  4.56778e-06	  9.89356e-08	  2472	  6.93667e-09
364	  1.18839	  0.281247	  4.56778e-06	  1.03882e-07	  2448	  7.29369e-09
365	  1.18839	  0.343756	  4.56778e-06	  1.0847e-07	  2604	  7.54912e-09
366	  1.18839	  0.406258	  4.56778e-06	  1.20586e-07	  2640	  8.37624e-09
367	  1.18839	  0.468751	  4.56778e-06	  1.26585e-07	  2652	  8.7873e-09
368	  1.18839	  0.531244	  4.56778e-06	  1.35754e-07	  2388	  9.5657e-09
369	  1.18839	  0.593752	  4.56778e-06	  1.52382e-07	  2628	  1.05916e-08
370	  1.18839	  0.656252	  4.56778e-06	  1.80217e-07	  2556	  1.25755e-08
371	  1.18839	  0.718753	  4.56778e-06	  1.83325e-07	  2592	  1.27671e-08
372	  1.18839	  0.78125	  4.56778e-06	  2.1492e-07	  2424	  1.51113e-08
373	  1.18839	  0.843744	  4.56778e-06	  2.38862e-07	  2712	  1.65298e-08
374	  1.18839	  0.906252	  4.56778e-06	  2.47479e-07	  2532	  1.72922e-08
375	  1.18839	  0.968755	  4.56778e-06	  2.82177e-07	  2556	  1.96902e-08
376	  1.43678	  0.0311873	  2.94016e-06	  6.23616e-08	  4026	  4.10091e-09
377	  1.43678	  0.0937546	  2.94016e-06	  6.22671e-08	  5280	  3.97028e-09
378	  1.43678	  0.156239	  2.94016e-06	  6.29064e-08	  4332	  4.10108e-09
379	  1.43678	  0.218749	  2.94016e-06	  6.53695e-08	  4632	  4.22896e-09
380	  1.43678	  0.281247	  2.94016e-06	  7.05583e-08	  4464	  4.58397e-09
381	  1.43678	  0.343756	  2.94016e-06	  7.4157e-08	  4500	  4.81332e-09
382	  1.43678	  0.406258	  2.94016e-06	  7.68524e-08	  4500	  4.98827e-09
383	  1.43678	  0.468751	  2.94016e-06	  8.50078e-08	  4380	  5.53486e-09
384	  1.43678	  0.531244	  2.94016e-06	  9.36531e-08	  4752	  6.04123e-09
385	  1.43678	  0.593752	  2.94016e-06	  1.00242e-07	  4488	  6.50843e-09
386	  1.43678	  0.656252	  2.94016e-06	  1.11253e-07	  4716	  7.18267e-09
387	  1.43678	  0.718753	  2.94016e-06	  1.19304e-07	  4500	  7.74366e-09
388	  1.43678	  0.78125	  2.94016e-06	  1.29301e-07	  4524	  8.38742e-09
389	  1.43678	  0.843744	  2.94016e-06	  1.38188e-07	  4512	  8.96664e-09
390	  1.43678	  0.906252	  2.94016e-06	  1.57966e-07	  4524	  1.02468e-08
391	  1.43678	  0.968755	  2.94016e-06	  1.69448e-07	  4563	  1.09809e-08
392	  1.73827	  0.0311873	  1.87657e-06	  4.19093e-08	  8526	  2.54934e-09
393	  1.73827	  0.0937546	  1.87657e-06	  4.25848e-08	  7788	  2.61179e-09
394	  1.73827	  0.156239	  1.87657e-06	  4.27128e-08	  7656	  2.6238e-09
395	  1.73827	  0.218749	  1.87657e-06	  4.45025e-08	  8052	  2.72107e-09
396	  1.73827	  0.281247	  1.87657e-06	  4.4708e-08	  8256	  2.72744e-09
397	  1.73827	  0.343756	  1.87657e-06	  4.82485e-08	  8244	  2.94382e-09
398	  1.73827	  0.406258	  1.87657e-06	  5.13515e-08	  8112	  3.13772e-09
399	  1.73827	  0.468751	  1.87657e-06	  5.46797e-08	  7968	  3.34655e-09
400	  1.73827	  0.531244	  1.87657e-06	  5.90358e-08	  8208	  3.60342e-09
401	  1.73827	  0.593752	  1.87657e-06	  6.29324e-08	  8076	  3.84691e-09
402	  1.73827	  0.656252	  1.87657e-06	  6.86852e-08	  7884	  4.20782e-09
403	  1.73827	  0.718753	  1.87657e-06	  7.2077e-08	  8040	  4.40769e-09
404	  1.73827	  0.78125	  1.87657e-06	  7.8345e-08	  8256	  4.77948e-09
405	  1.73827	  0.843744	  1.87657e-06	  8.4184e-08	  8088	  5.14527e-09
406	  1.73827	  0.906252	  1.87657e-06	  8.89212e-08	  8040	  5.43776e-09
407	  1.73827	  0.968755	  1.87657e-06	  9.07784e-08	  8037	  5.55151e-09
408	  2.10243	  0.0311873	  1.19156e-06	  2.78888e-08	  14208	  1.62841e-09
409	  2.10243	  0.0937546	  1.19156e-06	  2.73755e-08	  14388	  1.597e-09
410	  2.10243	  0.156239	  1.19156e-06	  2.90408e-08	  14232	  1.69547e-09
411	  2.10243	  0.218749	  1.19156e-06	  2.89026e-08	  14244	  1.6873e-09
412	  2.10243	  0.281247	  1.19156e-06	  2.94861e-08	  14160	  1.7221e-09
413	  2.10243	  0.343756	  1.19156e-06	  3.13759e-08	  14232	  1.8318e-09
414	  2.10243	  0.406258	  1.19156e-06	  3.29947e-08	  14112	  1.92748e-09
415	  2.10243	  0.468751	  1.19156e-06	  3.43977e-08	  14268	  2.00786e-09
416	  2.10243	  0.531244	  1.19156e-06	  3.72215e-08	  14268	  2.17269e-09
417	  2.10243	  0.593752	  1.19156e-06	  3.93907e-08	  14172	  2.30042e-09
418	  2.10243	  0.656252	  1.19156e-06	  4.17358e-08	  14040	  2.43902e-09
419	  2.10243	  0.718753	  1.19156e-06	  4.48742e-08	  14340	  2.61844e-09
420	  2.10243	  0.78125	  1.19156e-06	  4.59991e-08	  14160	  2.68652e-09
421	  2.10243	  0.843744	  1.19156e-06	  4.81321e-08	  14280	  2.80939e-09
422	  2.10243	  0.906252	  1.19156e-06	  5.00005e-08	  14280	  2.91844e-09
423	  2.10243	  0.968755	  1.19156e-06	  5.05704e-08	  14205	  2.95282e-09
424	  2.54295	  0.0311873	  7.52129e-07	  1.83748e-08	  25416	  1.034e-09
425	  2.54295	  0.0937546	  7.52129e-07	  1.87408e-08	  25008	  1.05555e-09
426	  2.54295	  0.156239	  7.52129e-07	  1.90972e-08	  25044	  1.07554e-09
427	  2.54295	  0.218749	  7.52129e-07	  1.90256e-08	  25524	  1.07037e-09
428	  2.54295	  0.281247	  7.52129e-07	  1.93826e-08	  25176	  1.09129e-09
429	  2.54295	  0.343756	  7.52129e-07	  1.98786e-08	  25200	  1.11915e-09
430	  2.54295	  0.406258	  7.52129e-07	  2.07406e-08	  25368	  1.16725e-09
431	  2.54295	  0.468751	  7.52129e-07	  2.16771e-08	  25260	  1.22024e-09
432	  2.54295	  0.531244	  7.52129e-07	  2.31559e-08	  25044	  1.30412e-09
433	  2.54295	  0.593752	  7.52129e-07	  2.40545e-08	  25368	  1.35375e-09
434	  2.54295	  0.656252	  7.52129e-07	  2.51793e-08	  25596	  1.41635e-09
435	  2.54295	  0.718753	  7.52129e-07	  2.5929e-08	  25224	  1.45971e-09
436	  2.54295	  0.78125	  7.52129e-07	  2.66893e-08	  24948	  1.50344e-09
437	  2.54295	  0.843744	  7.52129e-07	  2.72848e-08	  25392	  1.53547e-09
438	  2.54295	  0.906252	  7.52129e-07	  2.70327e-08	  25332	  1.52148e-09
439	  2.54295	  0.968755	  7.52129e-07	  2.74426e-08	  25071	  1.54545e-09
440	  3.07539	  0.0311873	  4.72616e-07	  1.25871e-08	  42570	  6.90363e-10
441	  3.07539	  0.0937546	  4.72616e-07	  1.23163e-08	  45396	  6.73621e-10
442	  3.07539	  0.156239	  4.72616e-07	  1.24946e-08	  45336	  6.83413e-10
443	  3.07539	  0.218749	  4.72616e-07	  1.23126e-08	  44328	  6.7411e-10
444	  3.07539	  0.281247	  4.72616e-07	  1.26069e-08	  44508	  6.90103e-10
445	  3.07539	  0.343756	  4.72616e-07	  1.27431e-08	  44748	  6.97393e-10
446	  3.07539	  0.406258	  4.72616e-07	  1.31888e-08	  44496	  7.21963e-10
447	  3.07539	  0.468751	  4.72616e-07	  1.35949e-08	  44580	  7.44134e-10
448	  3.07539	  0.531244	  4.72616e-07	  1.41201e-08	  44676	  7.72809e-10
449	  3.07539	  0.593752	  4.72616e-07	  1.45592e-08	  44520	  7.9696e-10
450	  3.07539	  0.656252	  4.72616e-07	  1.46678e-08	  44292	  8.03083e-10
451	  3.07539	  0.718753	  4.72616e-07	  1.47799e-08	  44796	  8.08829e-10
452	  3.07539	  0.78125	  4.72616e-07	  1.48823e-08	  44676	  8.14522e-10
453	  3.07539	  0.843744	  4.72616e-07	  1.45495e-08	  44388	  7.9653e-10
454	  3.07539	  0.906252	  4.72616e-07	  1.42969e-08	  44532	  7.82597e-10
455	  3.07539	  0.968755	  4.72616e-07	  1.39519e-08	  44553	  7.63695e-10
456	  3.719	  0.0311873	  2.95569e-07	  8.28876e-09	  80406	  4.43669e-10
457	  3.719	  0.0937546	  2.95569e-07	  8.14475e-09	  78528	  4.36302e-10
458	  3.719	  0.156239	  2.95569e-07	  8.0583e-09	  78504	  4.31676e-10
459	  3.719	  0.218749	  2.95569e-07	  8.06969e-09	  78540	  4.32279e-10
460	  3.719	  0.281247	  2.95569e-07	  8.0567e-09	  78660	  4.31561e-10
461	  3.719	  0.343756	  2.95569e-07	  8.0952e-09	  78456	  4.33661e-10
462	  3.719	  0.406258	  2.95569e-07	  8.18792e-09	  79152	  4.38499e-10
463	  3.719	  0.468751	  2.95569e-07	  8.27855e-09	  78780	  4.43423e-10
464	  3.719	  0.531244	  2.95569e-07	  8.28394e-09	  78888	  4.43691e-10
465	  3.719	  0.593752	  2.95569e-07	  8.33895e-09	  78804	  4.46653e-10
466	  3.719	  0.656252	  2.95569e-07	  8.25981e-09	  78528	  4.42466e-10
467	  3.719	  0.718753	  2.95569e-07	  8.23016e-09	  78684	  4.40849e-10
468	  3.719	  0.78125	  2.95569e-07	  7.89499e-09	  78984	  4.22842e-10
469	  3.719	  0.843744	  2.95569e-07	  7.53882e-09	  78888	  4.03782e-10
470	  3.719	  0.906252	  2.95569e-07	  7.22773e-09	  78864	  3.87124e-10
471	  3.719	  0.968755	  2.95569e-07	  6.82784e-09	  78726	  3.65726e-10
472	  4.49782	  0.0311873	  1.84021e-07	  5.38293e-09	  139272	  2.83571e-10
473	  4.49782	  0.0937546	  1.84021e-07	  5.28424e-09	  139704	  2.78349e-10
474	  4.49782	  0.156239	  1.84021e-07	  5.24009e-09	  139548	  2.76032e-10
475	  4.49782	  0.218749	  1.84021e-07	  5.13854e-09	  139668	  2.70677e-10
476	  4.49782	  0.281247	  1.84021e-07	  5.03729e-09	  139596	  2.65346e-10
477	  4.49782	  0.343756	  1.84021e-07	  4.99954e-09	  139536	  2.63361e-10
478	  4.49782	  0.406258	  1.84021e-07	  4.94127e-09	  138984	  2.60318e-10
479	  4.49782	  0.468751	  1.84021e-07	  4.86983e-09	  139548	  2.56528e-10
480	  4.49782	  0.531244	  1.84021e-07	  4.73728e-09	  139440	  2.4955e-10
481	  4.49782	  0.593752	  1.84021e-07	  4.63897e-09	  139404	  2.44373e-10
482	  4.49782	  0.656252	  1.84021e-07	  4.42836e-09	  139644	  2.33269e-10
483	  4.49782	  0.718753	  1.84021e-07	  4.20066e-09	  139500	  2.2128e-10
484	  4.49782	  0.78125	  1.84021e-07	  3.96183e-09	  139500	  2.08699e-10
485	  4.49782	  0.843744	  1.84021e-07	  3.67198e-09	  139308	  1.93437e-10
486	  4.49782	  0.906252	  1.84021e-07	  3.39666e-09	  139452	  1.78929e-10
487	  4.49782	  0.968755	  1.84021e-07	  3.08658e-09	  139644	  1.62589e-10
488	  5.43965	  0.0311873	  1.14083e-07	  3.47412e-09	  245130	  1.80723e-10
489	  5.43965	  0.0937546	  1.14083e-07	  3.37145e-09	  247236	  1.75353e-10
490	  5.43965	  0.156239	  1.14083e-07	  3.28609e-09	  247224	  1.70913e-10
491	  5.43965	  0.218749	  1.14083e-07	  3.19693e-09	  246900	  1.6628e-10
492	  5.43965	  0.281247	  1.14083e-07	  3.0851e-09	  246672	  1.60467e-10
493	  5.43965	  0.343756	  1.14083e-07	  2.96301e-09	  247212	  1.5411e-10
494	  5.43965	  0.406258	  1.14083e-07	  2.84487e-09	  246408	  1.47975e-10
495	  5.43965	  0.468751	  1.14083e-07	  2.7133e-09	  246696	  1.41128e-10
496	  5.43965	  0.531244	  1.14083e-07	  2.55879e-09	  246528	  1.33093e-10
497	  5.43965	  0.593752	  1.14083e-07	  2.39025e-09	  246924	  1.24322e-10
498	  5.43965	  0.656252	  1.14083e-07	  2.21615e-09	  246768	  1.15269e-10
499	  5.43965	  0.718753	  1.14083e-07	  2.02915e-09	  246540	  1.05544e-10
500	  5.43965	  0.78125	  1.14083e-07	  1.82842e-09	  246408	  9.51042e-11
501	  5.43965	  0.843744	  1.14083e-07	  1.63722e-09	  246768	  8.51567e-11
502	  5.43965	  0.906252	  1.14083e-07	  1.45342e-09	  246612	  7.55977e-11
503	  5.43965	  0.968755	  1.14083e-07	  1.27598e-09	  246780	  6.63674e-11
504	  6.57891	  0.0311873	  7.04715e-08	  2.17416e-09	  440496	  1.11984e-10
505	  6.57891	  0.0937546	  7.04715e-08	  2.10299e-09	  432708	  1.08347e-10
506	  6.57891	  0.156239	  7.04715e-08	  2.021e-09	  437184	  1.04107e-10
507	  6.57891	  0.218749	  7.04715e-08	  1.90964e-09	  436008	  9.83742e-11
508	  6.57891	  0.281247	  7.04715e-08	  1.79505e-09	  436512	  9.24696e-11
509	  6.57891	  0.343756	  7.04715e-08	  1.67015e-09	  436728	  8.60348e-11
510	  6.57891	  0.406258	  7.04715e-08	  1.53922e-09	  436404	  7.9291e-11
511	  6.57891	  0.468751	  7.04715e-08	  1.40743e-09	  436620	  7.25015e-11
512	  6.57891	  0.531244	  7.04715e-08	  1.27037e-09	  436176	  6.54422e-11
513	  6.57891	  0.593752	  7.04715e-08	  1.13125e-09	  437028	  5.82736e-11
514	  6.57891	  0.656252	  7.04715e-08	  1.00325e-09	  436296	  5.16814e-11
515	  6.57891	  0.718753	  7.04715e-08	  8.77871e-10	  436956	  4.52216e-11
516	  6.57891	  0.78125	  7.04715e-08	  7.60711e-10	  436200	  3.91874e-11
517	  6.57891	  0.843744	  7.04715e-08	  6.51914e-10	  436884	  3.3582e-11
518	  6.57891	  0.906252	  7.04715e-08	  5.59231e-10	  436560	  2.88079e-11
519	  6.57891	  0.968755	  7.04715e-08	  4.77585e-10	  436485	  2.46021e-11
520	  7.95665	  0.0311873	  4.3377e-08	  1.32499e-09	  771750	  6.77577e-11
521	  7.95665	  0.0937546	  4.3377e-08	  1.27086e-09	  773916	  6.49878e-11
522	  7.95665	  0.156239	  4.3377e-08	  1.1906e-09	  768432	  6.08883e-11
523	  7.95665	  0.218749	  4.3377e-08	  1.09895e-09	  774300	  5.61964e-11
524	  7.95665	  0.281247	  4.3377e-08	  9.91096e-10	  772140	  5.06827e-11
525	  7.95665	  0.343756	  4.3377e-08	  8.77159e-10	  770640	  4.48572e-11
526	  7.95665	  0.406258	  4.3377e-08	  7.6666e-10	  773148	  3.92049e-11
527	  7.95665	  0.468751	  4.3377e-08	  6.64547e-10	  771396	  3.3984e-11
528	  7.95665	  0.531244	  4.3377e-08	  5.66044e-10	  771888	  2.89465e-11
529	  7.95665	  0.593752	  4.3377e-08	  4.811e-10	  772812	  2.46023e-11
530	  7.95665	  0.656252	  4.3377e-08	  4.05829e-10	  771948	  2.07534e-11
531	  7.95665	  0.718753	  4.3377e-08	  3.38972e-10	  770964	  1.73347e-11
532	  7.95665	  0.78125	  4.3377e-08	  2.8292e-10	  773016	  1.44678e-11
533	  7.95665	  0.843744	  4.3377e-08	  2.33547e-10	  771312	  1.19433e-11
534	  7.95665	  0.906252	  4.3377e-08	  1.94804e-10	  772296	  9.96186e-12
535	  7.95665	  0.968755	  4.3377e-08	  1.66407e-10	  771855	  8.50974e-12
536	  9.62243	  0.0311873	  2.66101e-08	  7.85874e-10	  1.36555e+06	  3.99662e-11
537	  9.62243	  0.0937546	  2.66101e-08	  7.4829e-10	  1.36112e+06	  3.80559e-11
538	  9.62243	  0.156239	  2.66101e-08	  6.8331e-10	  1.37094e+06	  3.47491e-11
539	  9.62243	  0.218749	  2.66101e-08	  6.0274e-10	  1.36158e+06	  3.06536e-11
540	  9.62243	  0.281247	  2.66101e-08	  5.11554e-10	  1.36709e+06	  2.60152e-11
541	  9.62243	  0.343756	  2.66101e-08	  4.24243e-10	  1.36517e+06	  2.15753e-11
542	  9.62243	  0.406258	  2.66101e-08	  3.46512e-10	  1.36558e+06	  1.76221e-11
543	  9.62243	  0.468751	  2.66101e-08	  2.81846e-10	  1.36436e+06	  1.43336e-11
544	  9.62243	  0.531244	  2.66101e-08	  2.29008e-10	  1.36668e+06	  1.16463e-11
545	  9.62243	  0.593752	  2.66101e-08	  1.85886e-10	  1.36381e+06	  9.4535e-12
546	  9.62243	  0.656252	  2.66101e-08	  1.50066e-10	  1.36573e+06	  7.6317e-12
547	  9.62243	  0.718753	  2.66101e-08	  1.20588e-10	  1.3655e+06	  6.13258e-12
548	  9.62243	  0.78125	  2.66101e-08	  9.64524e-11	  1.36499e+06	  4.90518e-12
549	  9.62243	  0.843744	  2.66101e-08	  7.71347e-11	  1.36476e+06	  3.92276e-12
550	  9.62243	  0.906252	  2.66101e-08	  6.22772e-11	  1.36657e+06	  3.16713e-12
551	  9.62243	  0.968755	  2.66101e-08	  5.28579e-11	  1.36467e+06	  2.68815e-12
