#n	   k	      mu	    PL	    Pf	     w	     err  
0	  0.10472	  1	  0.00379853	  0.000339723	  3	  0.000213125
1	  0.20944	  1	  0.00134928	  0.000125227	  3	  7.85612e-05
2	  0.314159	  1	  0.000632002	  8.61843e-05	  3	  5.40677e-05
3	  0.418879	  1	  0.000354209	  4.05669e-05	  3	  2.54496e-05
4	  0.523599	  1	  0.00022393	  1.65653e-05	  3	  1.03923e-05
5	  0.628319	  1	  0.000151731	  3.1217e-05	  3	  1.9584e-05
6	  0.733038	  1	  0.000108477	  6.35995e-06	  3	  3.98992e-06
7	  0.837758	  1	  8.07459e-05	  6.09009e-06	  3	  3.82062e-06
8	  0.942478	  1	  6.20055e-05	  8.657e-06	  3	  5.43097e-06
9	  0.10472	  0	  0.00379853	  6.58782e-05	  6	  3.01886e-05
10	  0.148096	  0.707107	  0.00241558	  0.000227329	  12	  7.69905e-05
11	  0.23416	  0.894427	  0.00106881	  0.00011086	  12	  3.75454e-05
12	  0.331153	  0.948683	  0.000572332	  7.37075e-05	  12	  2.49629e-05
13	  0.431771	  0.970143	  0.00033334	  3.49776e-05	  12	  1.1846e-05
14	  0.533968	  0.980581	  0.000214781	  2.03482e-05	  12	  6.89143e-06
15	  0.636985	  0.986394	  0.000147282	  1.28562e-05	  12	  4.35406e-06
16	  0.74048	  0.989949	  0.00010613	  1.43888e-05	  12	  4.87314e-06
17	  0.844278	  0.992278	  7.93415e-05	  9.72124e-06	  12	  3.29234e-06
18	  0.948278	  0.993884	  6.11422e-05	  3.56555e-06	  12	  1.20756e-06
19	  0.148096	  0	  0.00241558	  7.56603e-05	  6	  3.46712e-05
20	  0.18138	  0.57735	  0.0017137	  3.30686e-05	  12	  1.11995e-05
21	  0.25651	  0.816497	  0.000940668	  5.68687e-05	  12	  1.926e-05
22	  0.347316	  0.904534	  0.000515517	  4.00409e-05	  12	  1.35609e-05
23	  0.444288	  0.942809	  0.00031512	  2.25607e-05	  12	  7.64075e-06
24	  0.54414	  0.96225	  0.000206254	  9.72832e-06	  12	  3.29474e-06
25	  0.645536	  0.973329	  0.000143139	  1.73949e-05	  12	  5.89121e-06
26	  0.747849	  0.980196	  0.00010381	  7.12238e-06	  12	  2.41217e-06
27	  0.850747	  0.984732	  7.80228e-05	  4.13533e-06	  12	  1.40053e-06
28	  0.954042	  0.987878	  6.03124e-05	  6.78117e-06	  12	  2.29661e-06
29	  0.20944	  0	  0.00134928	  1.95205e-05	  6	  8.94525e-06
30	  0.23416	  0.447214	  0.00106881	  3.36495e-05	  12	  1.13963e-05
31	  0.296192	  0.707107	  0.000695986	  2.81755e-05	  12	  9.54234e-06
32	  0.377572	  0.83205	  0.000438644	  2.0421e-05	  12	  6.9161e-06
33	  0.468321	  0.894427	  0.00028273	  2.46805e-05	  12	  8.35867e-06
34	  0.563933	  0.928477	  0.000191181	  1.34492e-05	  12	  4.55492e-06
35	  0.662306	  0.948683	  0.000135378	  1.11408e-05	  12	  3.77311e-06
36	  0.762371	  0.961524	  9.95093e-05	  1.01776e-05	  12	  3.4469e-06
37	  0.863541	  0.970143	  7.54539e-05	  4.23925e-06	  12	  1.43573e-06
38	  0.965468	  0.976187	  5.87146e-05	  5.11042e-06	  12	  1.73077e-06
39	  0.23416	  0	  0.00106881	  1.99214e-05	  12	  6.74688e-06
40	  0.25651	  0.408248	  0.000940668	  2.13482e-05	  24	  5.4251e-06
41	  0.314159	  0.666667	  0.000632002	  2.50302e-05	  24	  6.36079e-06
42	  0.391825	  0.801784	  0.000408396	  1.75042e-05	  24	  4.44823e-06
43	  0.479886	  0.872872	  0.000268343	  1.78315e-05	  24	  4.53142e-06
44	  0.573574	  0.912871	  0.000184519	  1.29762e-05	  24	  3.29756e-06
45	  0.670534	  0.937043	  0.000131833	  7.06234e-06	  24	  1.79471e-06
46	  0.76953	  0.952579	  9.75033e-05	  7.21648e-06	  24	  1.83388e-06
47	  0.869868	  0.963087	  7.4243e-05	  5.59946e-06	  24	  1.42296e-06
48	  0.971131	  0.970495	  5.79317e-05	  3.18273e-06	  24	  8.0881e-07
49	  0.296192	  0	  0.000695986	  1.14948e-05	  6	  5.26746e-06
50	  0.314159	  0.333333	  0.000632002	  1.10719e-05	  12	  3.74979e-06
51	  0.36276	  0.57735	  0.000471853	  1.51484e-05	  12	  5.1304e-06
52	  0.431771	  0.727607	  0.00033334	  1.57564e-05	  12	  5.3363e-06
53	  0.51302	  0.816497	  0.000233677	  1.4415e-05	  12	  4.88201e-06
54	  0.601569	  0.870388	  0.000166611	  1.20919e-05	  12	  4.09522e-06
55	  0.694632	  0.904534	  0.000122073	  9.15136e-06	  12	  3.09934e-06
56	  0.790617	  0.927173	  9.18345e-05	  6.8612e-06	  12	  2.32372e-06
57	  0.888577	  0.942809	  7.0786e-05	  6.01122e-06	  12	  2.03585e-06
58	  0.987924	  0.953998	  5.57298e-05	  2.63066e-06	  12	  8.9094e-07
59	  0.314159	  0	  0.000632002	  1.8699e-05	  6	  8.56879e-06
60	  0.331153	  0.316228	  0.000572332	  1.80778e-05	  12	  6.12251e-06
61	  0.377572	  0.5547	  0.000438644	  1.6821e-05	  12	  5.69686e-06
62	  0.444288	  0.707107	  0.00031512	  1.39797e-05	  12	  4.73457e-06
63	  0.523599	  0.8	  0.00022393	  8.63822e-06	  12	  2.92555e-06
64	  0.610616	  0.857493	  0.000161348	  8.11071e-06	  12	  2.7469e-06
65	  0.702481	  0.894427	  0.000119103	  6.36807e-06	  12	  2.15671e-06
66	  0.797522	  0.919145	  9.00783e-05	  5.46797e-06	  12	  1.85187e-06
67	  0.894726	  0.936329	  6.96796e-05	  3.69404e-06	  12	  1.25108e-06
68	  0.993459	  0.948683	  5.50341e-05	  2.71094e-06	  12	  9.18127e-07
69	  0.331153	  0	  0.000572332	  1.55398e-05	  12	  5.26296e-06
70	  0.347316	  0.301511	  0.000515517	  6.77037e-06	  24	  1.72052e-06
71	  0.391825	  0.534522	  0.000408396	  8.38902e-06	  24	  2.13185e-06
72	  0.456463	  0.688247	  0.000298414	  1.53347e-05	  24	  3.89691e-06
73	  0.533968	  0.784465	  0.000214781	  8.99261e-06	  24	  2.28524e-06
74	  0.61953	  0.845154	  0.000156415	  8.82958e-06	  24	  2.24381e-06
75	  0.710244	  0.884652	  0.000116293	  6.48876e-06	  24	  1.64895e-06
76	  0.804368	  0.911322	  8.83936e-05	  5.85718e-06	  24	  1.48845e-06
77	  0.900833	  0.929981	  6.86392e-05	  4.29658e-06	  24	  1.09186e-06
78	  0.998963	  0.943456	  5.43564e-05	  5.09134e-06	  24	  1.29383e-06
79	  0.377572	  0	  0.000438644	  8.62928e-06	  12	  2.92252e-06
80	  0.391825	  0.267261	  0.000408396	  4.97247e-06	  24	  1.26363e-06
81	  0.431771	  0.485071	  0.00033334	  1.25723e-05	  24	  3.19494e-06
82	  0.491179	  0.639602	  0.000255503	  7.43668e-06	  24	  1.88984e-06
83	  0.563933	  0.742781	  0.000191181	  9.01947e-06	  24	  2.29207e-06
84	  0.645536	  0.811107	  0.000143139	  5.84959e-06	  24	  1.48652e-06
85	  0.733038	  0.857143	  0.000108477	  7.6532e-06	  24	  1.94486e-06
86	  0.824564	  0.889001	  8.36412e-05	  5.122e-06	  24	  1.30162e-06
87	  0.918912	  0.911685	  6.56405e-05	  4.60295e-06	  24	  1.16972e-06
88	  0.418879	  0	  0.000354209	  8.9749e-06	  6	  4.11273e-06
89	  0.431771	  0.242536	  0.00033334	  5.13127e-06	  12	  1.73783e-06
90	  0.468321	  0.447214	  0.00028273	  8.57127e-06	  12	  2.90288e-06
91	  0.523599	  0.6	  0.00022393	  6.92205e-06	  12	  2.34433e-06
92	  0.592384	  0.707107	  0.000172252	  6.6368e-06	  12	  2.24772e-06
93	  0.670534	  0.780869	  0.000131833	  5.38367e-06	  12	  1.82332e-06
94	  0.755145	  0.83205	  0.000101648	  5.48692e-06	  12	  1.85828e-06
95	  0.844278	  0.868243	  7.93415e-05	  3.53043e-06	  12	  1.19567e-06
96	  0.936642	  0.894427	  6.28741e-05	  3.09985e-06	  12	  1.04984e-06
97	  0.431771	  0	  0.00033334	  4.54998e-06	  12	  1.54097e-06
98	  0.444288	  0.235702	  0.00031512	  4.21655e-06	  24	  1.07153e-06
99	  0.479886	  0.436436	  0.000268343	  7.39043e-06	  24	  1.87809e-06
100	  0.533968	  0.588348	  0.000214781	  6.09294e-06	  24	  1.54836e-06
101	  0.601569	  0.696311	  0.000166611	  6.05482e-06	  24	  1.53868e-06
102	  0.678662	  0.771517	  0.000128405	  7.95461e-06	  24	  2.02146e-06
103	  0.762371	  0.824163	  9.95093e-05	  4.85136e-06	  24	  1.23285e-06
104	  0.850747	  0.86164	  7.80228e-05	  4.23521e-06	  24	  1.07627e-06
105	  0.942478	  0.888889	  6.20055e-05	  2.8411e-06	  24	  7.21993e-07
106	  0.444288	  0	  0.00031512	  4.70375e-06	  6	  2.15549e-06
107	  0.456463	  0.229416	  0.000298414	  7.30541e-06	  12	  2.47416e-06
108	  0.491179	  0.426401	  0.000255503	  4.73242e-06	  12	  1.60275e-06
109	  0.54414	  0.57735	  0.000206254	  4.47986e-06	  12	  1.51722e-06
110	  0.610616	  0.685994	  0.000161348	  5.19455e-06	  12	  1.75926e-06
111	  0.686693	  0.762493	  0.00012517	  2.75695e-06	  12	  9.33709e-07
112	  0.76953	  0.816497	  9.75033e-05	  3.96196e-06	  12	  1.34182e-06
113	  0.857168	  0.855186	  7.6714e-05	  5.45507e-06	  12	  1.8475e-06
114	  0.948278	  0.883452	  6.11422e-05	  3.30421e-06	  12	  1.11905e-06
115	  0.468321	  0	  0.00028273	  4.9346e-06	  12	  1.67123e-06
116	  0.479886	  0.218218	  0.000268343	  5.43501e-06	  24	  1.38117e-06
117	  0.51302	  0.408248	  0.000233677	  7.14409e-06	  24	  1.81549e-06
118	  0.563933	  0.557086	  0.000191181	  6.33538e-06	  24	  1.60997e-06
119	  0.628319	  0.666667	  0.000151731	  8.42105e-06	  24	  2.13999e-06
120	  0.702481	  0.745356	  0.000119103	  7.27175e-06	  24	  1.84793e-06
121	  0.783651	  0.801784	  9.36575e-05	  3.5254e-06	  24	  8.95888e-07
122	  0.869868	  0.842701	  7.4243e-05	  4.79729e-06	  24	  1.21911e-06
123	  0.959772	  0.872872	  5.95111e-05	  4.39672e-06	  24	  1.11731e-06
124	  0.523599	  0	  0.00022393	  4.28794e-06	  18	  1.22507e-06
125	  0.533968	  0.196116	  0.000214781	  3.51032e-06	  36	  7.60568e-07
126	  0.563933	  0.371391	  0.000191181	  4.43009e-06	  36	  9.59854e-07
127	  0.610616	  0.514496	  0.000161348	  4.66922e-06	  36	  1.01166e-06
128	  0.670534	  0.624695	  0.000131833	  4.8514e-06	  36	  1.05114e-06
129	  0.74048	  0.707107	  0.00010613	  4.11983e-06	  36	  8.92629e-07
130	  0.817887	  0.768221	  8.51823e-05	  3.90599e-06	  36	  8.46299e-07
131	  0.900833	  0.813733	  6.86392e-05	  4.46599e-06	  36	  9.6763e-07
132	  0.987924	  0.847998	  5.57298e-05	  2.69825e-06	  36	  5.84621e-07
133	  0.533968	  0	  0.000214781	  3.39139e-06	  12	  1.14858e-06
134	  0.54414	  0.19245	  0.000206254	  4.08682e-06	  24	  1.03856e-06
135	  0.573574	  0.365148	  0.000184519	  3.84764e-06	  24	  9.77778e-07
136	  0.61953	  0.507093	  0.000156415	  4.56184e-06	  24	  1.15927e-06
137	  0.678662	  0.617213	  0.000128405	  5.7776e-06	  24	  1.46823e-06
138	  0.747849	  0.70014	  0.00010381	  5.14773e-06	  24	  1.30816e-06
139	  0.824564	  0.762001	  8.36412e-05	  3.63368e-06	  24	  9.23406e-07
140	  0.9069	  0.80829	  6.76145e-05	  3.2358e-06	  24	  8.22294e-07
141	  0.993459	  0.843274	  5.50341e-05	  3.48999e-06	  24	  8.86891e-07
142	  0.563933	  0	  0.000191181	  2.24537e-06	  12	  7.6045e-07
143	  0.573574	  0.182574	  0.000184519	  3.19018e-06	  24	  8.10702e-07
144	  0.601569	  0.348155	  0.000166611	  2.81221e-06	  24	  7.1465e-07
145	  0.645536	  0.486664	  0.000143139	  3.78666e-06	  24	  9.62283e-07
146	  0.702481	  0.596285	  0.000119103	  2.10555e-06	  24	  5.35072e-07
147	  0.76953	  0.680414	  9.75033e-05	  3.99507e-06	  24	  1.01524e-06
148	  0.844278	  0.744208	  7.93415e-05	  3.20942e-06	  24	  8.15591e-07
149	  0.92486	  0.792594	  6.46977e-05	  2.97158e-06	  24	  7.55151e-07
150	  0.592384	  0	  0.000172252	  2.64105e-06	  6	  1.21026e-06
151	  0.601569	  0.174078	  0.000166611	  3.18098e-06	  12	  1.07732e-06
152	  0.628319	  0.333333	  0.000151731	  4.68408e-06	  12	  1.58638e-06
153	  0.670534	  0.468521	  0.000131833	  3.25682e-06	  12	  1.103e-06
154	  0.72552	  0.57735	  0.000110996	  2.88617e-06	  12	  9.77475e-07
155	  0.790617	  0.662266	  9.18345e-05	  3.72122e-06	  12	  1.26029e-06
156	  0.863541	  0.727607	  7.54539e-05	  3.37635e-06	  12	  1.14348e-06
157	  0.942478	  0.777778	  6.20055e-05	  2.69143e-06	  12	  9.11519e-07
158	  0.610616	  0	  0.000161348	  3.47197e-06	  12	  1.17587e-06
159	  0.61953	  0.169031	  0.000156415	  3.25227e-06	  24	  8.2648e-07
160	  0.645536	  0.324443	  0.000143139	  3.13807e-06	  24	  7.9746e-07
161	  0.686693	  0.457496	  0.00012517	  1.85331e-06	  24	  4.70972e-07
162	  0.74048	  0.565685	  0.00010613	  3.325e-06	  24	  8.44962e-07
163	  0.804368	  0.650945	  8.83936e-05	  2.74305e-06	  24	  6.97076e-07
164	  0.876148	  0.717137	  7.30409e-05	  3.06761e-06	  24	  7.79554e-07
165	  0.954042	  0.76835	  6.03124e-05	  2.70348e-06	  24	  6.87021e-07
166	  0.628319	  0	  0.000151731	  1.57196e-06	  6	  7.20346e-07
167	  0.636985	  0.164399	  0.000147282	  3.56907e-06	  12	  1.20876e-06
168	  0.662306	  0.316228	  0.000135378	  3.84198e-06	  12	  1.30118e-06
169	  0.702481	  0.447214	  0.000119103	  2.33069e-06	  12	  7.89347e-07
170	  0.755145	  0.5547	  0.000101648	  3.38965e-06	  12	  1.14799e-06
171	  0.817887	  0.640184	  8.51823e-05	  2.69144e-06	  12	  9.11524e-07
172	  0.888577	  0.707107	  7.0786e-05	  2.24284e-06	  12	  7.59594e-07
173	  0.965468	  0.759257	  5.87146e-05	  2.1462e-06	  12	  7.26866e-07
174	  0.636985	  0	  0.000147282	  3.48313e-06	  12	  1.17965e-06
175	  0.645536	  0.162221	  0.000143139	  2.87944e-06	  24	  7.31734e-07
176	  0.670534	  0.312348	  0.000131833	  2.97882e-06	  24	  7.56991e-07
177	  0.710244	  0.442326	  0.000116293	  3.14261e-06	  24	  7.98613e-07
178	  0.762371	  0.549442	  9.95093e-05	  3.01479e-06	  24	  7.66131e-07
179	  0.824564	  0.635001	  8.36412e-05	  3.05711e-06	  24	  7.76885e-07
180	  0.894726	  0.702247	  6.96796e-05	  3.07356e-06	  24	  7.81066e-07
181	  0.971131	  0.754829	  5.79317e-05	  3.07416e-06	  24	  7.81218e-07
182	  0.662306	  0	  0.000135378	  2.70121e-06	  12	  9.14833e-07
183	  0.670534	  0.156174	  0.000131833	  2.62223e-06	  24	  6.66371e-07
184	  0.694632	  0.301511	  0.000122073	  2.52629e-06	  24	  6.4199e-07
185	  0.733038	  0.428571	  0.000108477	  2.95789e-06	  24	  7.51671e-07
186	  0.783651	  0.534522	  9.36575e-05	  2.25366e-06	  24	  5.72709e-07
187	  0.844278	  0.620174	  7.93415e-05	  2.98671e-06	  24	  7.58996e-07
188	  0.912926	  0.688247	  6.65967e-05	  3.18283e-06	  24	  8.08833e-07
189	  0.987924	  0.741999	  5.57298e-05	  2.04407e-06	  24	  5.19448e-07
190	  0.670534	  0	  0.000131833	  1.90716e-06	  12	  6.45909e-07
191	  0.678662	  0.154303	  0.000128405	  2.26381e-06	  24	  5.75289e-07
192	  0.702481	  0.298142	  0.000119103	  1.6137e-06	  24	  4.10079e-07
193	  0.74048	  0.424264	  0.00010613	  2.58319e-06	  24	  6.56451e-07
194	  0.790617	  0.529813	  9.18345e-05	  2.80416e-06	  24	  7.12605e-07
195	  0.850747	  0.615457	  7.80228e-05	  1.96903e-06	  24	  5.00379e-07
196	  0.918912	  0.683763	  6.56405e-05	  3.4193e-06	  24	  8.68926e-07
197	  0.993459	  0.737865	  5.50341e-05	  1.74095e-06	  24	  4.42416e-07
198	  0.702481	  0	  0.000119103	  1.88883e-06	  12	  6.39699e-07
199	  0.710244	  0.147442	  0.000116293	  2.77568e-06	  24	  7.05368e-07
200	  0.733038	  0.285714	  0.000108477	  1.77481e-06	  24	  4.51023e-07
201	  0.76953	  0.408248	  9.75033e-05	  1.97842e-06	  24	  5.02765e-07
202	  0.817887	  0.512148	  8.51823e-05	  2.59731e-06	  24	  6.6004e-07
203	  0.876148	  0.597614	  7.30409e-05	  1.84368e-06	  24	  4.68524e-07
204	  0.942478	  0.666667	  6.20055e-05	  2.07714e-06	  24	  5.27853e-07
205	  0.733038	  0	  0.000108477	  2.03587e-06	  6	  9.32933e-07
206	  0.74048	  0.141421	  0.00010613	  1.31604e-06	  12	  4.45708e-07
207	  0.762371	  0.274721	  9.95093e-05	  1.95183e-06	  12	  6.61037e-07
208	  0.797522	  0.393919	  9.00783e-05	  1.02608e-06	  12	  3.47509e-07
209	  0.844278	  0.496139	  7.93415e-05	  2.28373e-06	  12	  7.73443e-07
210	  0.900833	  0.581238	  6.86392e-05	  2.33516e-06	  12	  7.9086e-07
211	  0.965468	  0.650791	  5.87146e-05	  1.4522e-06	  12	  4.91825e-07
212	  0.74048	  0	  0.00010613	  1.95882e-06	  18	  5.59638e-07
213	  0.747849	  0.140028	  0.00010381	  1.70477e-06	  36	  3.69368e-07
214	  0.76953	  0.272166	  9.75033e-05	  1.93772e-06	  36	  4.19839e-07
215	  0.804368	  0.390567	  8.83936e-05	  2.38612e-06	  36	  5.16993e-07
216	  0.850747	  0.492366	  7.80228e-05	  1.59761e-06	  36	  3.46149e-07
217	  0.9069	  0.57735	  6.76145e-05	  2.8447e-06	  36	  6.16352e-07
218	  0.971131	  0.646997	  5.79317e-05	  1.87704e-06	  36	  4.06692e-07
219	  0.755145	  0	  0.000101648	  1.58872e-06	  12	  5.3806e-07
220	  0.762371	  0.137361	  9.95093e-05	  1.94329e-06	  24	  4.93837e-07
221	  0.783651	  0.267261	  9.36575e-05	  1.66521e-06	  24	  4.2317e-07
222	  0.817887	  0.384111	  8.51823e-05	  2.82695e-06	  24	  7.18397e-07
223	  0.863541	  0.485071	  7.54539e-05	  1.22533e-06	  24	  3.11386e-07
224	  0.918912	  0.569803	  6.56405e-05	  1.95576e-06	  24	  4.97006e-07
225	  0.982358	  0.639602	  5.64596e-05	  1.92703e-06	  24	  4.89705e-07
226	  0.762371	  0	  9.95093e-05	  1.95252e-06	  12	  6.61271e-07
227	  0.76953	  0.136083	  9.75033e-05	  1.57132e-06	  24	  3.9931e-07
228	  0.790617	  0.264906	  9.18345e-05	  2.0233e-06	  24	  5.1417e-07
229	  0.824564	  0.381	  8.36412e-05	  1.33575e-06	  24	  3.39445e-07
230	  0.869868	  0.481543	  7.4243e-05	  2.41432e-06	  24	  6.13538e-07
231	  0.92486	  0.566139	  6.46977e-05	  1.96812e-06	  24	  5.00147e-07
232	  0.987924	  0.635999	  5.57298e-05	  1.27089e-06	  24	  3.22964e-07
233	  0.797522	  0	  9.00783e-05	  8.56541e-07	  12	  2.90089e-07
234	  0.804368	  0.130189	  8.83936e-05	  1.45812e-06	  24	  3.70543e-07
235	  0.824564	  0.254	  8.36412e-05	  1.39499e-06	  24	  3.545e-07
236	  0.857168	  0.366508	  7.6714e-05	  2.82884e-06	  24	  7.18877e-07
237	  0.900833	  0.464991	  6.86392e-05	  2.12526e-06	  24	  5.40079e-07
238	  0.954042	  0.548821	  6.03124e-05	  1.36945e-06	  24	  3.48011e-07
239	  0.817887	  0	  8.51823e-05	  1.67739e-06	  12	  5.6809e-07
240	  0.824564	  0.127	  8.36412e-05	  1.35253e-06	  24	  3.43712e-07
241	  0.844278	  0.248069	  7.93415e-05	  1.5074e-06	  24	  3.83067e-07
242	  0.876148	  0.358569	  7.30409e-05	  1.25913e-06	  24	  3.19976e-07
243	  0.918912	  0.455842	  6.56405e-05	  2.08179e-06	  24	  5.29032e-07
244	  0.971131	  0.539164	  5.79317e-05	  1.85911e-06	  24	  4.72444e-07
245	  0.837758	  0	  8.07459e-05	  1.95763e-07	  6	  8.97082e-08
246	  0.844278	  0.124035	  7.93415e-05	  1.75286e-06	  12	  5.93651e-07
247	  0.863541	  0.242536	  7.54539e-05	  1.40163e-06	  12	  4.74696e-07
248	  0.894726	  0.351123	  6.96796e-05	  1.13163e-06	  12	  3.83256e-07
249	  0.936642	  0.447214	  6.28741e-05	  1.45533e-06	  12	  4.92882e-07
250	  0.987924	  0.529999	  5.57298e-05	  1.2139e-06	  12	  4.11116e-07
251	  0.844278	  0	  7.93415e-05	  1.09948e-06	  24	  2.79404e-07
252	  0.850747	  0.123091	  7.80228e-05	  1.31718e-06	  48	  2.55978e-07
253	  0.869868	  0.240772	  7.4243e-05	  1.57567e-06	  48	  3.06212e-07
254	  0.900833	  0.348743	  6.86392e-05	  2.00475e-06	  48	  3.89599e-07
255	  0.942478	  0.444444	  6.20055e-05	  1.48877e-06	  48	  2.89323e-07
256	  0.993459	  0.527046	  5.50341e-05	  1.13056e-06	  48	  2.1971e-07
257	  0.863541	  0	  7.54539e-05	  1.43403e-06	  12	  4.85671e-07
258	  0.869868	  0.120386	  7.4243e-05	  1.40924e-06	  24	  3.58121e-07
259	  0.888577	  0.235702	  7.0786e-05	  1.70383e-06	  24	  4.32986e-07
260	  0.918912	  0.341882	  6.56405e-05	  1.60705e-06	  24	  4.08391e-07
261	  0.959772	  0.436436	  5.95111e-05	  1.77554e-06	  24	  4.51209e-07
262	  0.888577	  0	  7.0786e-05	  7.67168e-07	  6	  3.51554e-07
263	  0.894726	  0.117041	  6.96796e-05	  1.17372e-06	  12	  3.9751e-07
264	  0.912926	  0.229416	  6.65967e-05	  1.36438e-06	  12	  4.62083e-07
265	  0.942478	  0.333333	  6.20055e-05	  9.5315e-07	  12	  3.22808e-07
266	  0.982358	  0.426401	  5.64596e-05	  1.37468e-06	  12	  4.65569e-07
267	  0.894726	  0	  6.96796e-05	  1.14728e-06	  12	  3.88554e-07
268	  0.900833	  0.116248	  6.86392e-05	  1.138e-06	  24	  2.89193e-07
269	  0.918912	  0.227921	  6.56405e-05	  1.30869e-06	  24	  3.32571e-07
270	  0.948278	  0.331295	  6.11422e-05	  2.31485e-06	  24	  5.88259e-07
271	  0.987924	  0.423999	  5.57298e-05	  1.75816e-06	  24	  4.46792e-07
272	  0.900833	  0	  6.86392e-05	  1.36442e-06	  12	  4.62094e-07
273	  0.9069	  0.11547	  6.76145e-05	  1.13804e-06	  24	  2.89204e-07
274	  0.92486	  0.226455	  6.46977e-05	  1.40359e-06	  24	  3.56686e-07
275	  0.954042	  0.329293	  6.03124e-05	  1.17949e-06	  24	  2.99737e-07
276	  0.993459	  0.421637	  5.50341e-05	  6.84051e-07	  24	  1.73834e-07
277	  0.936642	  0	  6.28741e-05	  1.09104e-06	  12	  3.69509e-07
278	  0.942478	  0.111111	  6.20055e-05	  1.01299e-06	  24	  2.57426e-07
279	  0.959772	  0.218218	  5.95111e-05	  1.44036e-06	  24	  3.66029e-07
280	  0.987924	  0.317999	  5.57298e-05	  1.58303e-06	  24	  4.02287e-07
281	  0.942478	  0	  6.20055e-05	  1.95349e-06	  6	  8.95183e-07
282	  0.948278	  0.110432	  6.11422e-05	  1.06569e-06	  12	  3.60924e-07
283	  0.965468	  0.21693	  5.87146e-05	  1.44611e-06	  12	  4.89761e-07
284	  0.993459	  0.316228	  5.50341e-05	  1.35642e-06	  12	  4.59386e-07
285	  0.948278	  0	  6.11422e-05	  1.20667e-06	  12	  4.0867e-07
286	  0.954042	  0.109764	  6.03124e-05	  8.44815e-07	  24	  2.14688e-07
287	  0.971131	  0.215666	  5.79317e-05	  9.15517e-07	  24	  2.32655e-07
288	  0.998963	  0.314485	  5.43564e-05	  1.50011e-06	  24	  3.81214e-07
289	  0.965468	  0	  5.87146e-05	  7.75878e-07	  24	  1.97169e-07
290	  0.971131	  0.107833	  5.79317e-05	  1.22306e-06	  48	  2.37686e-07
291	  0.987924	  0.212	  5.57298e-05	  1.00353e-06	  48	  1.95024e-07
292	  0.987924	  0	  5.57298e-05	  1.09345e-06	  12	  3.70324e-07
293	  0.993459	  0.105409	  5.50341e-05	  1.05718e-06	  24	  2.68654e-07
294	  0.993459	  0	  5.50341e-05	  1.14409e-06	  12	  3.87475e-07
295	  0.998963	  0.104828	  5.43564e-05	  1.37139e-06	  24	  3.48504e-07
296	  1.08818	  0.030936	  4.47331e-05	  9.23049e-07	  138	  1.24728e-07
297	  1.08818	  0.0938307	  4.47331e-05	  8.20677e-07	  252	  9.27316e-08
298	  1.08818	  0.156319	  4.47331e-05	  6.25507e-07	  72	  1.04992e-07
299	  1.08818	  0.218712	  4.47331e-05	  1.06351e-06	  216	  1.25538e-07
300	  1.08818	  0.281224	  4.47331e-05	  9.96885e-07	  288	  1.08586e-07
301	  1.08818	  0.343807	  4.47331e-05	  9.90653e-07	  120	  1.39966e-07
302	  1.08818	  0.406302	  4.47331e-05	  1.0416e-06	  180	  1.29717e-07
303	  1.08818	  0.468745	  4.47331e-05	  1.16615e-06	  180	  1.45227e-07
304	  1.08818	  0.531226	  4.47331e-05	  1.34534e-06	  192	  1.64359e-07
305	  1.08818	  0.593785	  4.47331e-05	  1.50098e-06	  192	  1.83373e-07
306	  1.08818	  0.656281	  4.47331e-05	  1.43676e-06	  168	  1.82686e-07
307	  1.08818	  0.718743	  4.47331e-05	  1.87425e-06	  228	  2.17837e-07
308	  1.08818	  0.781255	  4.47331e-05	  2.24958e-06	  144	  2.99944e-07
309	  1.08818	  0.843774	  4.47331e-05	  2.2537e-06	  240	  2.58161e-07
310	  1.08818	  0.90628	  4.47331e-05	  2.99156e-06	  168	  3.80381e-07
311	  1.08818	  0.968758	  4.47331e-05	  2.67051e-06	  150	  3.51571e-07
312	  1.25577	  0.030936	  3.21739e-05	  6.50611e-07	  198	  7.87674e-08
313	  1.25577	  0.0938307	  3.21739e-05	  6.22843e-07	  396	  6.24412e-08
314	  1.25577	  0.156319	  3.21739e-05	  6.34098e-07	  396	  6.35695e-08
315	  1.25577	  0.218712	  3.21739e-05	  6.44245e-07	  204	  7.73184e-08
316	  1.25577	  0.281224	  3.21739e-05	  6.86345e-07	  216	  8.10171e-08
317	  1.25577	  0.343807	  3.21739e-05	  8.00364e-07	  372	  8.15152e-08
318	  1.25577	  0.406302	  3.21739e-05	  7.72843e-07	  312	  8.23958e-08
319	  1.25577	  0.468745	  3.21739e-05	  7.96843e-07	  288	  8.67966e-08
320	  1.25577	  0.531226	  3.21739e-05	  9.59486e-07	  264	  1.07027e-07
321	  1.25577	  0.593785	  3.21739e-05	  9.05142e-07	  312	  9.65007e-08
322	  1.25577	  0.656281	  3.21739e-05	  1.08633e-06	  276	  1.19705e-07
323	  1.25577	  0.718743	  3.21739e-05	  1.25776e-06	  312	  1.34095e-07
324	  1.25577	  0.781255	  3.21739e-05	  1.3159e-06	  276	  1.45003e-07
325	  1.25577	  0.843774	  3.21739e-05	  1.55103e-06	  240	  1.7767e-07
326	  1.25577	  0.90628	  3.21739e-05	  1.757e-06	  324	  1.85461e-07
327	  1.25577	  0.968758	  3.21739e-05	  1.9406e-06	  315	  2.06371e-07
328	  1.45182	  0.030936	  2.29512e-05	  4.63114e-07	  246	  5.26827e-08
329	  1.45182	  0.0938307	  2.29512e-05	  4.69877e-07	  516	  4.4179e-08
330	  1.45182	  0.156319	  2.29512e-05	  5.09416e-07	  504	  4.8162e-08
331	  1.45182	  0.218712	  2.29512e-05	  4.9629e-07	  528	  4.64128e-08
332	  1.45182	  0.281224	  2.29512e-05	  5.15294e-07	  504	  4.87177e-08
333	  1.45182	  0.343807	  2.29512e-05	  5.48876e-07	  384	  5.54536e-08
334	  1.45182	  0.406302	  2.29512e-05	  6.14712e-07	  420	  6.07305e-08
335	  1.45182	  0.468745	  2.29512e-05	  6.16884e-07	  468	  5.93596e-08
336	  1.45182	  0.531226	  2.29512e-05	  6.39256e-07	  480	  6.11408e-08
337	  1.45182	  0.593785	  2.29512e-05	  8.17534e-07	  468	  7.86672e-08
338	  1.45182	  0.656281	  2.29512e-05	  8.47412e-07	  396	  8.49546e-08
339	  1.45182	  0.718743	  2.29512e-05	  8.35793e-07	  456	  8.09293e-08
340	  1.45182	  0.781255	  2.29512e-05	  9.05954e-07	  432	  8.88854e-08
341	  1.45182	  0.843774	  2.29512e-05	  1.16509e-06	  480	  1.11433e-07
342	  1.45182	  0.90628	  2.29512e-05	  1.05041e-06	  480	  1.00465e-07
343	  1.45182	  0.968758	  2.29512e-05	  1.32344e-06	  414	  1.31216e-07
344	  1.68148	  0.030936	  1.6245e-05	  3.03539e-07	  798	  2.59221e-08
345	  1.68148	  0.0938307	  1.6245e-05	  3.54855e-07	  708	  3.10791e-08
346	  1.68148	  0.156319	  1.6245e-05	  3.6347e-07	  684	  3.20711e-08
347	  1.68148	  0.218712	  1.6245e-05	  3.73612e-07	  720	  3.26043e-08
348	  1.68148	  0.281224	  1.6245e-05	  3.68337e-07	  708	  3.22598e-08
349	  1.68148	  0.343807	  1.6245e-05	  4.13507e-07	  720	  3.60858e-08
350	  1.68148	  0.406302	  1.6245e-05	  4.36326e-07	  672	  3.8648e-08
351	  1.68148	  0.468745	  1.6245e-05	  4.53248e-07	  732	  3.94149e-08
352	  1.68148	  0.531226	  1.6245e-05	  5.05382e-07	  672	  4.47646e-08
353	  1.68148	  0.593785	  1.6245e-05	  5.30806e-07	  708	  4.64892e-08
354	  1.68148	  0.656281	  1.6245e-05	  5.32069e-07	  744	  4.611e-08
355	  1.68148	  0.718743	  1.6245e-05	  5.88169e-07	  744	  5.09718e-08
356	  1.68148	  0.781255	  1.6245e-05	  6.6485e-07	  696	  5.84436e-08
357	  1.68148	  0.843774	  1.6245e-05	  7.15715e-07	  708	  6.2684e-08
358	  1.68148	  0.90628	  1.6245e-05	  7.78919e-07	  696	  6.84708e-08
359	  1.68148	  0.968758	  1.6245e-05	  8.4846e-07	  741	  7.3592e-08
360	  1.94819	  0.030936	  1.14415e-05	  2.4978e-07	  1368	  1.92423e-08
361	  1.94819	  0.0938307	  1.14415e-05	  2.50547e-07	  924	  2.07697e-08
362	  1.94819	  0.156319	  1.14415e-05	  2.72652e-07	  972	  2.23779e-08
363	  1.94819	  0.218712	  1.14415e-05	  2.57758e-07	  972	  2.11555e-08
364	  1.94819	  0.281224	  1.14415e-05	  2.67488e-07	  1200	  2.10961e-08
365	  1.94819	  0.343807	  1.14415e-05	  2.9347e-07	  1140	  2.33653e-08
366	  1.94819	  0.406302	  1.14415e-05	  3.15939e-07	  1080	  2.54107e-08
367	  1.94819	  0.468745	  1.14415e-05	  3.0753e-07	  1068	  2.47867e-08
368	  1.94819	  0.531226	  1.14415e-05	  3.4823e-07	  1164	  2.76183e-08
369	  1.94819	  0.593785	  1.14415e-05	  3.47796e-07	  1188	  2.74804e-08
370	  1.94819	  0.656281	  1.14415e-05	  3.82701e-07	  1068	  3.08455e-08
371	  1.94819	  0.718743	  1.14415e-05	  4.30676e-07	  1008	  3.50988e-08
372	  1.94819	  0.781255	  1.14415e-05	  4.4013e-07	  1164	  3.49069e-08
373	  1.94819	  0.843774	  1.14415e-05	  4.59768e-07	  1176	  3.63955e-08
374	  1.94819	  0.90628	  1.14415e-05	  4.81542e-07	  1080	  3.87299e-08
375	  1.94819	  0.968758	  1.14415e-05	  5.06151e-07	  1038	  4.10177e-08
376	  2.25604	  0.030936	  8.04204e-06	  1.87724e-07	  1896	  1.36974e-08
377	  2.25604	  0.0938307	  8.04204e-06	  1.89155e-07	  1272	  1.47614e-08
378	  2.25604	  0.156319	  8.04204e-06	  1.91791e-07	  2040	  1.38358e-08
379	  2.25604	  0.218712	  8.04204e-06	  1.99869e-07	  1740	  1.47849e-08
380	  2.25604	  0.281224	  8.04204e-06	  2.02016e-07	  1584	  1.51766e-08
381	  2.25604	  0.343807	  8.04204e-06	  2.00278e-07	  1764	  1.47825e-08
382	  2.25604	  0.406302	  8.04204e-06	  2.27857e-07	  1632	  1.70332e-08
383	  2.25604	  0.468745	  8.04204e-06	  2.29649e-07	  1860	  1.68073e-08
384	  2.25604	  0.531226	  8.04204e-06	  2.34471e-07	  1560	  1.766e-08
385	  2.25604	  0.593785	  8.04204e-06	  2.46309e-07	  1692	  1.83034e-08
386	  2.25604	  0.656281	  8.04204e-06	  2.61799e-07	  1704	  1.9432e-08
387	  2.25604	  0.718743	  8.04204e-06	  2.74077e-07	  1824	  2.01212e-08
388	  2.25604	  0.781255	  8.04204e-06	  2.92356e-07	  1668	  2.17762e-08
389	  2.25604	  0.843774	  8.04204e-06	  2.84808e-07	  1680	  2.1189e-08
390	  2.25604	  0.90628	  8.04204e-06	  2.89887e-07	  1776	  2.13731e-08
391	  2.25604	  0.968758	  8.04204e-06	  3.15081e-07	  1656	  2.34967e-08
392	  2.61216	  0.030936	  5.63734e-06	  1.4003e-07	  2586	  9.75511e-09
393	  2.61216	  0.0938307	  5.63734e-06	  1.39051e-07	  3036	  9.47619e-09
394	  2.61216	  0.156319	  5.63734e-06	  1.39956e-07	  2124	  1.00346e-08
395	  2.61216	  0.218712	  5.63734e-06	  1.34542e-07	  2940	  9.20841e-09
396	  2.61216	  0.281224	  5.63734e-06	  1.40534e-07	  2616	  9.77437e-09
397	  2.61216	  0.343807	  5.63734e-06	  1.47027e-07	  2448	  1.03229e-08
398	  2.61216	  0.406302	  5.63734e-06	  1.49195e-07	  2916	  1.02226e-08
399	  2.61216	  0.468745	  5.63734e-06	  1.54428e-07	  2544	  1.07831e-08
400	  2.61216	  0.531226	  5.63734e-06	  1.71789e-07	  2652	  1.19253e-08
401	  2.61216	  0.593785	  5.63734e-06	  1.61656e-07	  2748	  1.11666e-08
402	  2.61216	  0.656281	  5.63734e-06	  1.80903e-07	  2676	  1.25422e-08
403	  2.61216	  0.718743	  5.63734e-06	  1.8213e-07	  2472	  1.27697e-08
404	  2.61216	  0.781255	  5.63734e-06	  1.89361e-07	  2616	  1.31703e-08
405	  2.61216	  0.843774	  5.63734e-06	  1.90382e-07	  2736	  1.31588e-08
406	  2.61216	  0.90628	  5.63734e-06	  1.88865e-07	  2568	  1.31702e-08
407	  2.61216	  0.968758	  5.63734e-06	  1.90972e-07	  2745	  1.31936e-08
408	  3.02645	  0.030936	  3.93212e-06	  9.76382e-08	  3414	  6.55295e-09
409	  3.02645	  0.0938307	  3.93212e-06	  9.90923e-08	  4512	  6.42983e-09
410	  3.02645	  0.156319	  3.93212e-06	  1.01441e-07	  4632	  6.56254e-09
411	  3.02645	  0.218712	  3.93212e-06	  1.01017e-07	  3972	  6.65368e-09
412	  3.02645	  0.281224	  3.93212e-06	  9.96628e-08	  4176	  6.52538e-09
413	  3.02645	  0.343807	  3.93212e-06	  1.0746e-07	  4344	  7.00345e-09
414	  3.02645	  0.406302	  3.93212e-06	  1.05421e-07	  4044	  6.92882e-09
415	  3.02645	  0.468745	  3.93212e-06	  1.07942e-07	  4092	  7.08454e-09
416	  3.02645	  0.531226	  3.93212e-06	  1.14845e-07	  4296	  7.49445e-09
417	  3.02645	  0.593785	  3.93212e-06	  1.13522e-07	  3996	  7.47194e-09
418	  3.02645	  0.656281	  3.93212e-06	  1.18627e-07	  4188	  7.7644e-09
419	  3.02645	  0.718743	  3.93212e-06	  1.16923e-07	  4212	  7.64775e-09
420	  3.02645	  0.781255	  3.93212e-06	  1.18465e-07	  4140	  7.76441e-09
421	  3.02645	  0.843774	  3.93212e-06	  1.17944e-07	  4128	  7.73289e-09
422	  3.02645	  0.90628	  3.93212e-06	  1.15629e-07	  4188	  7.56818e-09
423	  3.02645	  0.968758	  3.93212e-06	  1.09113e-07	  4128	  7.1539e-09
424	  3.50419	  0.030936	  2.74025e-06	  7.1822e-08	  7002	  4.44942e-09
425	  3.50419	  0.0938307	  2.74025e-06	  7.1939e-08	  6240	  4.50764e-09
426	  3.50419	  0.156319	  2.74025e-06	  7.26581e-08	  5964	  4.57375e-09
427	  3.50419	  0.218712	  2.74025e-06	  7.34417e-08	  6180	  4.6063e-09
428	  3.50419	  0.281224	  2.74025e-06	  7.19713e-08	  6420	  4.49681e-09
429	  3.50419	  0.343807	  2.74025e-06	  7.29334e-08	  6516	  4.55019e-09
430	  3.50419	  0.406302	  2.74025e-06	  7.50307e-08	  6312	  4.69594e-09
431	  3.50419	  0.468745	  2.74025e-06	  7.57577e-08	  6276	  4.74416e-09
432	  3.50419	  0.531226	  2.74025e-06	  7.60866e-08	  6360	  4.7584e-09
433	  3.50419	  0.593785	  2.74025e-06	  7.50825e-08	  6408	  4.69207e-09
434	  3.50419	  0.656281	  2.74025e-06	  7.34767e-08	  6360	  4.59518e-09
435	  3.50419	  0.718743	  2.74025e-06	  7.36967e-08	  6336	  4.61068e-09
436	  3.50419	  0.781255	  2.74025e-06	  7.40183e-08	  6372	  4.62818e-09
437	  3.50419	  0.843774	  2.74025e-06	  7.14142e-08	  6456	  4.45951e-09
438	  3.50419	  0.90628	  2.74025e-06	  6.89653e-08	  6360	  4.31304e-09
439	  3.50419	  0.968758	  2.74025e-06	  6.28705e-08	  6327	  3.93392e-09
440	  4.05763	  0.030936	  1.90421e-06	  5.40787e-08	  10392	  3.23442e-09
441	  4.05763	  0.0938307	  1.90421e-06	  5.22059e-08	  9420	  3.14819e-09
442	  4.05763	  0.156319	  1.90421e-06	  5.29191e-08	  10176	  3.17055e-09
443	  4.05763	  0.218712	  1.90421e-06	  5.15145e-08	  10260	  3.0843e-09
444	  4.05763	  0.281224	  1.90421e-06	  5.14043e-08	  9528	  3.09683e-09
445	  4.05763	  0.343807	  1.90421e-06	  5.17497e-08	  10140	  3.1014e-09
446	  4.05763	  0.406302	  1.90421e-06	  5.11116e-08	  9960	  3.06772e-09
447	  4.05763	  0.468745	  1.90421e-06	  5.02936e-08	  10068	  3.01592e-09
448	  4.05763	  0.531226	  1.90421e-06	  4.97126e-08	  9996	  2.98286e-09
449	  4.05763	  0.593785	  1.90421e-06	  4.91658e-08	  9828	  2.95423e-09
450	  4.05763	  0.656281	  1.90421e-06	  4.65777e-08	  10032	  2.79392e-09
451	  4.05763	  0.718743	  1.90421e-06	  4.6765e-08	  9924	  2.80769e-09
452	  4.05763	  0.781255	  1.90421e-06	  4.28121e-08	  10116	  2.56627e-09
453	  4.05763	  0.843774	  1.90421e-06	  4.13613e-08	  9888	  2.48402e-09
454	  4.05763	  0.90628	  1.90421e-06	  3.95308e-08	  10008	  2.37169e-09
455	  4.05763	  0.968758	  1.90421e-06	  3.53391e-08	  9978	  2.12073e-09
456	  4.69917	  0.030936	  1.3189e-06	  3.81701e-08	  13626	  2.2355e-09
457	  4.69917	  0.0938307	  1.3189e-06	  3.70655e-08	  16392	  2.14278e-09
458	  4.69917	  0.156319	  1.3189e-06	  3.67356e-08	  15708	  2.12988e-09
459	  4.69917	  0.218712	  1.3189e-06	  3.56832e-08	  15432	  2.0714e-09
460	  4.69917	  0.281224	  1.3189e-06	  3.57006e-08	  15780	  2.06923e-09
461	  4.69917	  0.343807	  1.3189e-06	  3.51204e-08	  15300	  2.03995e-09
462	  4.69917	  0.406302	  1.3189e-06	  3.35619e-08	  15588	  1.94691e-09
463	  4.69917	  0.468745	  1.3189e-06	  3.25468e-08	  15396	  1.88964e-09
464	  4.69917	  0.531226	  1.3189e-06	  3.14223e-08	  15504	  1.82347e-09
465	  4.69917	  0.593785	  1.3189e-06	  3.04235e-08	  15660	  1.76429e-09
466	  4.69917	  0.656281	  1.3189e-06	  2.8991e-08	  15192	  1.68476e-09
467	  4.69917	  0.718743	  1.3189e-06	  2.73706e-08	  15600	  1.58767e-09
468	  4.69917	  0.781255	  1.3189e-06	  2.55028e-08	  15216	  1.48189e-09
469	  4.69917	  0.843774	  1.3189e-06	  2.37548e-08	  15516	  1.37844e-09
470	  4.69917	  0.90628	  1.3189e-06	  2.10876e-08	  15540	  1.22354e-09
471	  4.69917	  0.968758	  1.3189e-06	  1.89061e-08	  15405	  1.09763e-09
472	  5.4432	  0.030936	  9.11188e-07	  2.75259e-08	  26250	  1.54619e-09
473	  5.4432	  0.0938307	  9.11188e-07	  2.71228e-08	  22392	  1.53739e-09
474	  5.4432	  0.156319	  9.11188e-07	  2.53875e-08	  24516	  1.43152e-09
475	  5.4432	  0.218712	  9.11188e-07	  2.48743e-08	  23592	  1.40566e-09
476	  5.4432	  0.281224	  9.11188e-07	  2.43859e-08	  24264	  1.37584e-09
477	  5.4432	  0.343807	  9.11188e-07	  2.34637e-08	  23928	  1.32487e-09
478	  5.4432	  0.406302	  9.11188e-07	  2.21191e-08	  24120	  1.24838e-09
479	  5.4432	  0.468745	  9.11188e-07	  2.09904e-08	  23964	  1.18511e-09
480	  5.4432	  0.531226	  9.11188e-07	  1.95773e-08	  24060	  1.10508e-09
481	  5.4432	  0.593785	  9.11188e-07	  1.82399e-08	  24108	  1.02947e-09
482	  5.4432	  0.656281	  9.11188e-07	  1.67033e-08	  24228	  9.42474e-10
483	  5.4432	  0.718743	  9.11188e-07	  1.54556e-08	  24144	  8.72248e-10
484	  5.4432	  0.781255	  9.11188e-07	  1.41082e-08	  23940	  7.96591e-10
485	  5.4432	  0.843774	  9.11188e-07	  1.24932e-08	  24192	  7.04985e-10
486	  5.4432	  0.90628	  9.11188e-07	  1.09673e-08	  23988	  6.19178e-10
487	  5.4432	  0.968758	  9.11188e-07	  9.51365e-09	  24141	  5.36913e-10
488	  6.30378	  0.030936	  6.28467e-07	  1.95424e-08	  35082	  1.08146e-09
489	  6.30378	  0.0938307	  6.28467e-07	  1.88784e-08	  39108	  1.03938e-09
490	  6.30378	  0.156319	  6.28467e-07	  1.76503e-08	  36924	  9.74369e-10
491	  6.30378	  0.218712	  6.28467e-07	  1.7172e-08	  37692	  9.47051e-10
492	  6.30378	  0.281224	  6.28467e-07	  1.60974e-08	  37092	  8.88451e-10
493	  6.30378	  0.343807	  6.28467e-07	  1.51548e-08	  37536	  8.35961e-10
494	  6.30378	  0.406302	  6.28467e-07	  1.40512e-08	  36984	  7.75626e-10
495	  6.30378	  0.468745	  6.28467e-07	  1.28003e-08	  37428	  7.06178e-10
496	  6.30378	  0.531226	  6.28467e-07	  1.15465e-08	  37392	  6.37036e-10
497	  6.30378	  0.593785	  6.28467e-07	  1.05098e-08	  37200	  5.79979e-10
498	  6.30378	  0.656281	  6.28467e-07	  9.2596e-09	  36924	  5.11168e-10
499	  6.30378	  0.718743	  6.28467e-07	  8.1509e-09	  37272	  4.49764e-10
500	  6.30378	  0.781255	  6.28467e-07	  7.18548e-09	  37284	  3.96487e-10
501	  6.30378	  0.843774	  6.28467e-07	  6.14079e-09	  37188	  3.38883e-10
502	  6.30378	  0.90628	  6.28467e-07	  5.16581e-09	  37320	  2.85031e-10
503	  6.30378	  0.968758	  6.28467e-07	  4.34529e-09	  37119	  2.39818e-10
504	  7.30029	  0.030936	  4.32392e-07	  1.36956e-08	  60258	  7.4057e-10
505	  7.30029	  0.0938307	  4.32392e-07	  1.28736e-08	  56916	  6.97644e-10
506	  7.30029	  0.156319	  4.32392e-07	  1.20925e-08	  56820	  6.55357e-10
507	  7.30029	  0.218712	  4.32392e-07	  1.11319e-08	  58716	  6.02534e-10
508	  7.30029	  0.281224	  4.32392e-07	  1.03249e-08	  57840	  5.59175e-10
509	  7.30029	  0.343807	  4.32392e-07	  9.35429e-09	  57612	  5.06687e-10
510	  7.30029	  0.406302	  4.32392e-07	  8.34777e-09	  58464	  4.51913e-10
511	  7.30029	  0.468745	  4.32392e-07	  7.32016e-09	  57948	  3.96417e-10
512	  7.30029	  0.531226	  4.32392e-07	  6.39819e-09	  57708	  3.46544e-10
513	  7.30029	  0.593785	  4.32392e-07	  5.50365e-09	  58236	  2.97989e-10
514	  7.30029	  0.656281	  4.32392e-07	  4.71559e-09	  58008	  2.55359e-10
515	  7.30029	  0.718743	  4.32392e-07	  4.0267e-09	  58200	  2.18026e-10
516	  7.30029	  0.781255	  4.32392e-07	  3.32778e-09	  58128	  1.80191e-10
517	  7.30029	  0.843774	  4.32392e-07	  2.75835e-09	  57972	  1.49374e-10
518	  7.30029	  0.90628	  4.32392e-07	  2.2499e-09	  57960	  1.2184e-10
519	  7.30029	  0.968758	  4.32392e-07	  1.81977e-09	  58122	  9.85369e-11
520	  8.455	  0.030936	  2.96967e-07	  9.1305e-09	  90198	  4.86926e-10
521	  8.455	  0.0938307	  2.96967e-07	  8.62499e-09	  89292	  4.60113e-10
522	  8.455	  0.156319	  2.96967e-07	  7.91301e-09	  90804	  4.2191e-10
523	  8.455	  0.218712	  2.96967e-07	  7.09882e-09	  89628	  3.78653e-10
524	  8.455	  0.281224	  2.96967e-07	  6.36076e-09	  89844	  3.39259e-10
525	  8.455	  0.343807	  2.96967e-07	  5.50302e-09	  90636	  2.9343e-10
526	  8.455	  0.406302	  2.96967e-07	  4.65526e-09	  89628	  2.48313e-10
527	  8.455	  0.468745	  2.96967e-07	  3.91425e-09	  89772	  2.08776e-10
528	  8.455	  0.531226	  2.96967e-07	  3.26656e-09	  90324	  1.74197e-10
529	  8.455	  0.593785	  2.96967e-07	  2.69161e-09	  89784	  1.43563e-10
530	  8.455	  0.656281	  2.96967e-07	  2.18191e-09	  90216	  1.1636e-10
531	  8.455	  0.718743	  2.96967e-07	  1.78632e-09	  89796	  9.52774e-11
532	  8.455	  0.781255	  2.96967e-07	  1.432e-09	  90120	  7.63701e-11
533	  8.455	  0.843774	  2.96967e-07	  1.13946e-09	  90132	  6.07682e-11
534	  8.455	  0.90628	  2.96967e-07	  8.92753e-10	  89916	  4.76149e-11
535	  8.455	  0.968758	  2.96967e-07	  6.90292e-10	  89964	  3.6816e-11
536	  9.79129	  0.030936	  2.03548e-07	  5.99622e-09	  139068	  3.1589e-10
537	  9.79129	  0.0938307	  2.03548e-07	  5.55524e-09	  141180	  2.92547e-10
538	  9.79129	  0.156319	  2.03548e-07	  5.02422e-09	  139380	  2.64669e-10
539	  9.79129	  0.218712	  2.03548e-07	  4.32667e-09	  138804	  2.27947e-10
540	  9.79129	  0.281224	  2.03548e-07	  3.65452e-09	  140952	  1.9246e-10
541	  9.79129	  0.343807	  2.03548e-07	  2.97749e-09	  139668	  1.56841e-10
542	  9.79129	  0.406302	  2.03548e-07	  2.41342e-09	  139464	  1.27134e-10
543	  9.79129	  0.468745	  2.03548e-07	  1.91143e-09	  139812	  1.00683e-10
544	  9.79129	  0.531226	  2.03548e-07	  1.5138e-09	  139884	  7.97375e-11
545	  9.79129	  0.593785	  2.03548e-07	  1.20552e-09	  140184	  6.3496e-11
546	  9.79129	  0.656281	  2.03548e-07	  9.39748e-10	  139404	  4.95043e-11
547	  9.79129	  0.718743	  2.03548e-07	  7.30521e-10	  139932	  3.84789e-11
548	  9.79129	  0.781255	  2.03548e-07	  5.6396e-10	  139980	  2.97054e-11
549	  9.79129	  0.843774	  2.03548e-07	  4.2979e-10	  139632	  2.26397e-11
550	  9.79129	  0.90628	  2.03548e-07	  3.24948e-10	  140088	  1.71156e-11
551	  9.79129	  0.968758	  2.03548e-07	  2.39462e-10	  139623	  1.2614e-11
