#n	   k	      mu	    PL	    Pf	     w	     err  
0	  0.10472	  1	  0.00276739	  0.000657252	  3	  0.000412328
1	  0.20944	  1	  0.000983009	  0.000191049	  3	  0.000119855
2	  0.314159	  1	  0.000460441	  0.000171811	  3	  0.000107786
3	  0.418879	  1	  0.000258057	  2.8633e-05	  3	  1.79629e-05
4	  0.523599	  1	  0.000163143	  1.15372e-05	  3	  7.23785e-06
5	  0.628319	  1	  0.000110542	  6.14993e-05	  3	  3.85816e-05
6	  0.733038	  1	  7.90303e-05	  2.4217e-05	  3	  1.51926e-05
7	  0.837758	  1	  5.88269e-05	  1.80036e-05	  3	  1.12945e-05
8	  0.942478	  1	  4.51737e-05	  3.3287e-06	  3	  2.08826e-06
9	  0.10472	  0	  0.00276739	  0.000118577	  6	  5.43378e-05
10	  0.148096	  0.707107	  0.00175985	  0.000165927	  12	  5.61952e-05
11	  0.23416	  0.894427	  0.000778677	  0.000193521	  12	  6.55409e-05
12	  0.331153	  0.948683	  0.000416969	  8.21212e-05	  12	  2.78124e-05
13	  0.431771	  0.970143	  0.000242853	  3.95572e-05	  12	  1.3397e-05
14	  0.533968	  0.980581	  0.000156478	  2.65555e-05	  12	  8.9937e-06
15	  0.636985	  0.986394	  0.000107301	  1.90264e-05	  12	  6.44378e-06
16	  0.74048	  0.989949	  7.73204e-05	  2.0651e-05	  12	  6.99399e-06
17	  0.844278	  0.992278	  5.78037e-05	  1.25194e-05	  12	  4.24002e-06
18	  0.948278	  0.993884	  4.45448e-05	  1.15566e-05	  12	  3.91393e-06
19	  0.148096	  0	  0.00175985	  6.93797e-05	  6	  3.17931e-05
20	  0.18138	  0.57735	  0.0012485	  9.4157e-05	  12	  3.18886e-05
21	  0.25651	  0.816497	  0.000685318	  9.98079e-05	  12	  3.38024e-05
22	  0.347316	  0.904534	  0.000375577	  5.46014e-05	  12	  1.84921e-05
23	  0.444288	  0.942809	  0.000229579	  3.12034e-05	  12	  1.05678e-05
24	  0.54414	  0.96225	  0.000150265	  3.40803e-05	  12	  1.15421e-05
25	  0.645536	  0.973329	  0.000104283	  1.8142e-05	  12	  6.14425e-06
26	  0.747849	  0.980196	  7.56299e-05	  1.51865e-05	  12	  5.14328e-06
27	  0.850747	  0.984732	  5.6843e-05	  1.5084e-05	  12	  5.10859e-06
28	  0.954042	  0.987878	  4.39402e-05	  9.96295e-06	  12	  3.3742e-06
29	  0.20944	  0	  0.000983009	  4.00138e-05	  6	  1.83363e-05
30	  0.23416	  0.447214	  0.000778677	  6.40337e-05	  12	  2.16866e-05
31	  0.296192	  0.707107	  0.000507056	  7.24357e-05	  12	  2.45322e-05
32	  0.377572	  0.83205	  0.000319571	  5.15027e-05	  12	  1.74427e-05
33	  0.468321	  0.894427	  0.000205981	  4.15203e-05	  12	  1.40619e-05
34	  0.563933	  0.928477	  0.000139283	  1.40037e-05	  12	  4.7427e-06
35	  0.662306	  0.948683	  9.86289e-05	  1.66088e-05	  12	  5.625e-06
36	  0.762371	  0.961524	  7.24968e-05	  1.26823e-05	  12	  4.29519e-06
37	  0.863541	  0.970143	  5.49714e-05	  5.84218e-06	  12	  1.9786e-06
38	  0.965468	  0.976187	  4.27761e-05	  7.72056e-06	  12	  2.61476e-06
39	  0.23416	  0	  0.000778677	  4.3218e-05	  12	  1.46369e-05
40	  0.25651	  0.408248	  0.000685318	  4.2015e-05	  24	  1.0677e-05
41	  0.314159	  0.666667	  0.000460441	  5.44815e-05	  24	  1.38451e-05
42	  0.391825	  0.801784	  0.000297534	  3.77341e-05	  24	  9.58914e-06
43	  0.479886	  0.872872	  0.000195499	  4.65027e-05	  24	  1.18175e-05
44	  0.573574	  0.912871	  0.00013443	  2.00613e-05	  24	  5.09807e-06
45	  0.670534	  0.937043	  9.6046e-05	  1.39823e-05	  24	  3.55323e-06
46	  0.76953	  0.952579	  7.10354e-05	  1.36799e-05	  24	  3.4764e-06
47	  0.869868	  0.963087	  5.40893e-05	  1.16991e-05	  24	  2.97302e-06
48	  0.971131	  0.970495	  4.22057e-05	  8.25394e-06	  24	  2.09752e-06
49	  0.296192	  0	  0.000507056	  2.40263e-05	  6	  1.101e-05
50	  0.314159	  0.333333	  0.000460441	  3.11976e-05	  12	  1.05659e-05
51	  0.36276	  0.57735	  0.000343765	  2.67024e-05	  12	  9.04344e-06
52	  0.431771	  0.727607	  0.000242853	  3.21074e-05	  12	  1.0874e-05
53	  0.51302	  0.816497	  0.000170244	  2.9772e-05	  12	  1.0083e-05
54	  0.601569	  0.870388	  0.000121384	  2.01901e-05	  12	  6.8379e-06
55	  0.694632	  0.904534	  8.89354e-05	  1.94619e-05	  12	  6.59128e-06
56	  0.790617	  0.927173	  6.69054e-05	  9.6938e-06	  12	  3.28305e-06
57	  0.888577	  0.942809	  5.15706e-05	  9.26822e-06	  12	  3.13892e-06
58	  0.987924	  0.953998	  4.06016e-05	  5.28008e-06	  12	  1.78823e-06
59	  0.314159	  0	  0.000460441	  3.02625e-05	  6	  1.38677e-05
60	  0.331153	  0.316228	  0.000416969	  2.72565e-05	  12	  9.23109e-06
61	  0.377572	  0.5547	  0.000319571	  3.39882e-05	  12	  1.15109e-05
62	  0.444288	  0.707107	  0.000229579	  1.92478e-05	  12	  6.51874e-06
63	  0.523599	  0.8	  0.000163143	  2.77057e-05	  12	  9.38323e-06
64	  0.610616	  0.857493	  0.000117549	  9.64876e-06	  12	  3.26779e-06
65	  0.702481	  0.894427	  8.67717e-05	  1.14764e-05	  12	  3.88677e-06
66	  0.797522	  0.919145	  6.56259e-05	  1.15474e-05	  12	  3.91082e-06
67	  0.894726	  0.936329	  5.07646e-05	  5.44978e-06	  12	  1.84571e-06
68	  0.993459	  0.948683	  4.00947e-05	  7.54032e-06	  12	  2.55372e-06
69	  0.331153	  0	  0.000416969	  1.94225e-05	  12	  6.57791e-06
70	  0.347316	  0.301511	  0.000375577	  1.84789e-05	  24	  4.69594e-06
71	  0.391825	  0.534522	  0.000297534	  1.80701e-05	  24	  4.59205e-06
72	  0.456463	  0.688247	  0.000217407	  3.20839e-05	  24	  8.1533e-06
73	  0.533968	  0.784465	  0.000156478	  1.64248e-05	  24	  4.17393e-06
74	  0.61953	  0.845154	  0.000113955	  1.34083e-05	  24	  3.40738e-06
75	  0.710244	  0.884652	  8.47248e-05	  1.74357e-05	  24	  4.43084e-06
76	  0.804368	  0.911322	  6.43985e-05	  1.24605e-05	  24	  3.16652e-06
77	  0.900833	  0.929981	  5.00066e-05	  8.04356e-06	  24	  2.04406e-06
78	  0.998963	  0.943456	  3.9601e-05	  5.91574e-06	  24	  1.50333e-06
79	  0.377572	  0	  0.000319571	  1.70648e-05	  12	  5.77943e-06
80	  0.391825	  0.267261	  0.000297534	  1.19108e-05	  24	  3.02682e-06
81	  0.431771	  0.485071	  0.000242853	  2.25311e-05	  24	  5.7257e-06
82	  0.491179	  0.639602	  0.000186145	  1.43014e-05	  24	  3.63433e-06
83	  0.563933	  0.742781	  0.000139283	  1.91746e-05	  24	  4.87272e-06
84	  0.645536	  0.811107	  0.000104283	  1.55988e-05	  24	  3.96404e-06
85	  0.733038	  0.857143	  7.90303e-05	  1.37303e-05	  24	  3.48921e-06
86	  0.824564	  0.889001	  6.09362e-05	  6.2423e-06	  24	  1.58632e-06
87	  0.918912	  0.911685	  4.7822e-05	  8.64929e-06	  24	  2.19799e-06
88	  0.418879	  0	  0.000258057	  4.61492e-06	  6	  2.11478e-06
89	  0.431771	  0.242536	  0.000242853	  9.11427e-06	  12	  3.08678e-06
90	  0.468321	  0.447214	  0.000205981	  1.6068e-05	  12	  5.44182e-06
91	  0.523599	  0.6	  0.000163143	  1.55028e-05	  12	  5.25043e-06
92	  0.592384	  0.707107	  0.000125493	  6.19707e-06	  12	  2.09879e-06
93	  0.670534	  0.780869	  9.6046e-05	  1.4874e-05	  12	  5.03745e-06
94	  0.755145	  0.83205	  7.40547e-05	  9.11197e-06	  12	  3.086e-06
95	  0.844278	  0.868243	  5.78037e-05	  8.77478e-06	  12	  2.9718e-06
96	  0.936642	  0.894427	  4.58065e-05	  5.4733e-06	  12	  1.85367e-06
97	  0.431771	  0	  0.000242853	  9.39168e-06	  12	  3.18073e-06
98	  0.444288	  0.235702	  0.000229579	  5.35711e-06	  24	  1.36137e-06
99	  0.479886	  0.436436	  0.000195499	  1.95216e-05	  24	  4.96091e-06
100	  0.533968	  0.588348	  0.000156478	  1.07538e-05	  24	  2.7328e-06
101	  0.601569	  0.696311	  0.000121384	  8.62081e-06	  24	  2.19075e-06
102	  0.678662	  0.771517	  9.3549e-05	  8.4993e-06	  24	  2.15988e-06
103	  0.762371	  0.824163	  7.24968e-05	  1.33543e-05	  24	  3.39365e-06
104	  0.850747	  0.86164	  5.6843e-05	  1.03823e-05	  24	  2.6384e-06
105	  0.942478	  0.888889	  4.51737e-05	  8.81449e-06	  24	  2.23998e-06
106	  0.444288	  0	  0.000229579	  9.08491e-06	  6	  4.16314e-06
107	  0.456463	  0.229416	  0.000217407	  1.49698e-05	  12	  5.06989e-06
108	  0.491179	  0.426401	  0.000186145	  1.26133e-05	  12	  4.27181e-06
109	  0.54414	  0.57735	  0.000150265	  4.95652e-06	  12	  1.67865e-06
110	  0.610616	  0.685994	  0.000117549	  1.60478e-05	  12	  5.43498e-06
111	  0.686693	  0.762493	  9.11917e-05	  9.91645e-06	  12	  3.35845e-06
112	  0.76953	  0.816497	  7.10354e-05	  8.66732e-06	  12	  2.93541e-06
113	  0.857168	  0.855186	  5.58895e-05	  4.99956e-06	  12	  1.69323e-06
114	  0.948278	  0.883452	  4.45448e-05	  4.36272e-06	  12	  1.47755e-06
115	  0.468321	  0	  0.000205981	  1.08207e-05	  12	  3.66471e-06
116	  0.479886	  0.218218	  0.000195499	  1.49995e-05	  24	  3.81173e-06
117	  0.51302	  0.408248	  0.000170244	  1.51145e-05	  24	  3.84097e-06
118	  0.563933	  0.557086	  0.000139283	  1.33857e-05	  24	  3.40164e-06
119	  0.628319	  0.666667	  0.000110542	  1.01993e-05	  24	  2.59188e-06
120	  0.702481	  0.745356	  8.67717e-05	  1.16495e-05	  24	  2.96041e-06
121	  0.783651	  0.801784	  6.82336e-05	  9.17927e-06	  24	  2.33267e-06
122	  0.869868	  0.842701	  5.40893e-05	  6.06189e-06	  24	  1.54047e-06
123	  0.959772	  0.872872	  4.33564e-05	  5.93921e-06	  24	  1.5093e-06
124	  0.523599	  0	  0.000163143	  7.96962e-06	  18	  2.27694e-06
125	  0.533968	  0.196116	  0.000156478	  7.96164e-06	  36	  1.72502e-06
126	  0.563933	  0.371391	  0.000139283	  7.03963e-06	  36	  1.52525e-06
127	  0.610616	  0.514496	  0.000117549	  8.09599e-06	  36	  1.75413e-06
128	  0.670534	  0.624695	  9.6046e-05	  8.56948e-06	  36	  1.85672e-06
129	  0.74048	  0.707107	  7.73204e-05	  8.58397e-06	  36	  1.85986e-06
130	  0.817887	  0.768221	  6.2059e-05	  7.47249e-06	  36	  1.61904e-06
131	  0.900833	  0.813733	  5.00066e-05	  7.47683e-06	  36	  1.61998e-06
132	  0.987924	  0.847998	  4.06016e-05	  5.91131e-06	  36	  1.28078e-06
133	  0.533968	  0	  0.000156478	  7.70777e-06	  12	  2.61043e-06
134	  0.54414	  0.19245	  0.000150265	  1.00262e-05	  24	  2.5479e-06
135	  0.573574	  0.365148	  0.00013443	  7.77989e-06	  24	  1.97706e-06
136	  0.61953	  0.507093	  0.000113955	  8.96545e-06	  24	  2.27834e-06
137	  0.678662	  0.617213	  9.3549e-05	  7.7309e-06	  24	  1.96461e-06
138	  0.747849	  0.70014	  7.56299e-05	  7.83796e-06	  24	  1.99181e-06
139	  0.824564	  0.762001	  6.09362e-05	  3.59741e-06	  24	  9.14189e-07
140	  0.9069	  0.80829	  4.92601e-05	  6.70507e-06	  24	  1.70392e-06
141	  0.993459	  0.843274	  4.00947e-05	  4.76622e-06	  24	  1.21121e-06
142	  0.563933	  0	  0.000139283	  3.35186e-06	  12	  1.13519e-06
143	  0.573574	  0.182574	  0.00013443	  6.25659e-06	  24	  1.58995e-06
144	  0.601569	  0.348155	  0.000121384	  7.25489e-06	  24	  1.84364e-06
145	  0.645536	  0.486664	  0.000104283	  8.02017e-06	  24	  2.03812e-06
146	  0.702481	  0.596285	  8.67717e-05	  8.0556e-06	  24	  2.04712e-06
147	  0.76953	  0.680414	  7.10354e-05	  4.84922e-06	  24	  1.2323e-06
148	  0.844278	  0.744208	  5.78037e-05	  7.97266e-06	  24	  2.02604e-06
149	  0.92486	  0.792594	  4.71351e-05	  5.97708e-06	  24	  1.51892e-06
150	  0.592384	  0	  0.000125493	  2.23181e-06	  6	  1.02273e-06
151	  0.601569	  0.174078	  0.000121384	  4.52548e-06	  12	  1.53267e-06
152	  0.628319	  0.333333	  0.000110542	  6.18329e-06	  12	  2.09413e-06
153	  0.670534	  0.468521	  9.6046e-05	  5.17425e-06	  12	  1.75239e-06
154	  0.72552	  0.57735	  8.08652e-05	  8.59582e-06	  12	  2.91119e-06
155	  0.790617	  0.662266	  6.69054e-05	  6.84233e-06	  12	  2.31733e-06
156	  0.863541	  0.727607	  5.49714e-05	  5.11546e-06	  12	  1.73248e-06
157	  0.942478	  0.777778	  4.51737e-05	  4.68571e-06	  12	  1.58693e-06
158	  0.610616	  0	  0.000117549	  5.4962e-06	  12	  1.86143e-06
159	  0.61953	  0.169031	  0.000113955	  5.2863e-06	  24	  1.34338e-06
160	  0.645536	  0.324443	  0.000104283	  6.56889e-06	  24	  1.66931e-06
161	  0.686693	  0.457496	  9.11917e-05	  6.34933e-06	  24	  1.61352e-06
162	  0.74048	  0.565685	  7.73204e-05	  6.20279e-06	  24	  1.57628e-06
163	  0.804368	  0.650945	  6.43985e-05	  7.52791e-06	  24	  1.91302e-06
164	  0.876148	  0.717137	  5.32135e-05	  7.0494e-06	  24	  1.79142e-06
165	  0.954042	  0.76835	  4.39402e-05	  5.48991e-06	  24	  1.39512e-06
166	  0.628319	  0	  0.000110542	  1.31516e-05	  6	  6.0267e-06
167	  0.636985	  0.164399	  0.000107301	  7.89633e-06	  12	  2.67429e-06
168	  0.662306	  0.316228	  9.86289e-05	  5.06375e-06	  12	  1.71496e-06
169	  0.702481	  0.447214	  8.67717e-05	  2.91874e-06	  12	  9.88504e-07
170	  0.755145	  0.5547	  7.40547e-05	  3.84141e-06	  12	  1.30099e-06
171	  0.817887	  0.640184	  6.2059e-05	  4.74773e-06	  12	  1.60794e-06
172	  0.888577	  0.707107	  5.15706e-05	  4.44401e-06	  12	  1.50508e-06
173	  0.965468	  0.759257	  4.27761e-05	  5.72207e-06	  12	  1.93792e-06
174	  0.636985	  0	  0.000107301	  8.04925e-06	  12	  2.72608e-06
175	  0.645536	  0.162221	  0.000104283	  4.1973e-06	  24	  1.06664e-06
176	  0.670534	  0.312348	  9.6046e-05	  4.27726e-06	  24	  1.08696e-06
177	  0.710244	  0.442326	  8.47248e-05	  5.8264e-06	  24	  1.48063e-06
178	  0.762371	  0.549442	  7.24968e-05	  7.66896e-06	  24	  1.94887e-06
179	  0.824564	  0.635001	  6.09362e-05	  3.84131e-06	  24	  9.7617e-07
180	  0.894726	  0.702247	  5.07646e-05	  3.87829e-06	  24	  9.85568e-07
181	  0.971131	  0.754829	  4.22057e-05	  5.28282e-06	  24	  1.34249e-06
182	  0.662306	  0	  9.86289e-05	  4.36002e-06	  12	  1.47663e-06
183	  0.670534	  0.156174	  9.6046e-05	  4.18628e-06	  24	  1.06384e-06
184	  0.694632	  0.301511	  8.89354e-05	  3.82758e-06	  24	  9.7268e-07
185	  0.733038	  0.428571	  7.90303e-05	  6.63012e-06	  24	  1.68487e-06
186	  0.783651	  0.534522	  6.82336e-05	  4.62497e-06	  24	  1.17532e-06
187	  0.844278	  0.620174	  5.78037e-05	  4.68765e-06	  24	  1.19124e-06
188	  0.912926	  0.688247	  4.85186e-05	  3.82882e-06	  24	  9.72996e-07
189	  0.987924	  0.741999	  4.06016e-05	  4.22921e-06	  24	  1.07474e-06
190	  0.670534	  0	  9.6046e-05	  4.59399e-06	  12	  1.55587e-06
191	  0.678662	  0.154303	  9.3549e-05	  3.62086e-06	  24	  9.20148e-07
192	  0.702481	  0.298142	  8.67717e-05	  5.37705e-06	  24	  1.36644e-06
193	  0.74048	  0.424264	  7.73204e-05	  4.67698e-06	  24	  1.18853e-06
194	  0.790617	  0.529813	  6.69054e-05	  4.55871e-06	  24	  1.15848e-06
195	  0.850747	  0.615457	  5.6843e-05	  3.55319e-06	  24	  9.02952e-07
196	  0.918912	  0.683763	  4.7822e-05	  5.34818e-06	  24	  1.3591e-06
197	  0.993459	  0.737865	  4.00947e-05	  4.47966e-06	  24	  1.13839e-06
198	  0.702481	  0	  8.67717e-05	  2.48268e-06	  12	  8.40824e-07
199	  0.710244	  0.147442	  8.47248e-05	  4.54373e-06	  24	  1.15467e-06
200	  0.733038	  0.285714	  7.90303e-05	  5.79934e-06	  24	  1.47375e-06
201	  0.76953	  0.408248	  7.10354e-05	  4.90074e-06	  24	  1.2454e-06
202	  0.817887	  0.512148	  6.2059e-05	  6.53165e-06	  24	  1.65985e-06
203	  0.876148	  0.597614	  5.32135e-05	  5.12099e-06	  24	  1.30137e-06
204	  0.942478	  0.666667	  4.51737e-05	  4.59424e-06	  24	  1.16751e-06
205	  0.733038	  0	  7.90303e-05	  3.01668e-06	  6	  1.38239e-06
206	  0.74048	  0.141421	  7.73204e-05	  3.49106e-06	  12	  1.18233e-06
207	  0.762371	  0.274721	  7.24968e-05	  3.36837e-06	  12	  1.14078e-06
208	  0.797522	  0.393919	  6.56259e-05	  4.5271e-06	  12	  1.53321e-06
209	  0.844278	  0.496139	  5.78037e-05	  5.35713e-06	  12	  1.81433e-06
210	  0.900833	  0.581238	  5.00066e-05	  5.08492e-06	  12	  1.72214e-06
211	  0.965468	  0.650791	  4.27761e-05	  4.16168e-06	  12	  1.40946e-06
212	  0.74048	  0	  7.73204e-05	  3.66202e-06	  18	  1.04625e-06
213	  0.747849	  0.140028	  7.56299e-05	  5.42131e-06	  36	  1.17462e-06
214	  0.76953	  0.272166	  7.10354e-05	  4.17588e-06	  36	  9.04774e-07
215	  0.804368	  0.390567	  6.43985e-05	  5.83886e-06	  36	  1.26509e-06
216	  0.850747	  0.492366	  5.6843e-05	  3.29941e-06	  36	  7.14871e-07
217	  0.9069	  0.57735	  4.92601e-05	  3.28405e-06	  36	  7.11544e-07
218	  0.971131	  0.646997	  4.22057e-05	  5.54908e-06	  36	  1.2023e-06
219	  0.755145	  0	  7.40547e-05	  2.44911e-06	  12	  8.29453e-07
220	  0.762371	  0.137361	  7.24968e-05	  4.83622e-06	  24	  1.229e-06
221	  0.783651	  0.267261	  6.82336e-05	  4.42685e-06	  24	  1.12497e-06
222	  0.817887	  0.384111	  6.2059e-05	  4.44956e-06	  24	  1.13074e-06
223	  0.863541	  0.485071	  5.49714e-05	  2.71563e-06	  24	  6.90108e-07
224	  0.918912	  0.569803	  4.7822e-05	  3.80721e-06	  24	  9.67504e-07
225	  0.982358	  0.639602	  4.11333e-05	  2.96291e-06	  24	  7.52947e-07
226	  0.762371	  0	  7.24968e-05	  2.20377e-06	  12	  7.46361e-07
227	  0.76953	  0.136083	  7.10354e-05	  4.96001e-06	  24	  1.26046e-06
228	  0.790617	  0.264906	  6.69054e-05	  3.50804e-06	  24	  8.91478e-07
229	  0.824564	  0.381	  6.09362e-05	  3.01876e-06	  24	  7.6714e-07
230	  0.869868	  0.481543	  5.40893e-05	  2.4249e-06	  24	  6.16224e-07
231	  0.92486	  0.566139	  4.71351e-05	  4.25616e-06	  24	  1.08159e-06
232	  0.987924	  0.635999	  4.06016e-05	  3.53505e-06	  24	  8.98343e-07
233	  0.797522	  0	  6.56259e-05	  4.07554e-06	  12	  1.38028e-06
234	  0.804368	  0.130189	  6.43985e-05	  4.51799e-06	  24	  1.14813e-06
235	  0.824564	  0.254	  6.09362e-05	  2.78409e-06	  24	  7.07504e-07
236	  0.857168	  0.366508	  5.58895e-05	  3.7043e-06	  24	  9.41351e-07
237	  0.900833	  0.464991	  5.00066e-05	  3.48654e-06	  24	  8.86013e-07
238	  0.954042	  0.548821	  4.39402e-05	  3.78195e-06	  24	  9.61084e-07
239	  0.817887	  0	  6.2059e-05	  3.08449e-06	  12	  1.04464e-06
240	  0.824564	  0.127	  6.09362e-05	  3.10601e-06	  24	  7.89311e-07
241	  0.844278	  0.248069	  5.78037e-05	  3.00326e-06	  24	  7.632e-07
242	  0.876148	  0.358569	  5.32135e-05	  4.04932e-06	  24	  1.02903e-06
243	  0.918912	  0.455842	  4.7822e-05	  3.23219e-06	  24	  8.21377e-07
244	  0.971131	  0.539164	  4.22057e-05	  4.50012e-06	  24	  1.14359e-06
245	  0.837758	  0	  5.88269e-05	  3.27438e-06	  6	  1.50048e-06
246	  0.844278	  0.124035	  5.78037e-05	  4.86724e-06	  12	  1.64841e-06
247	  0.863541	  0.242536	  5.49714e-05	  1.74908e-06	  12	  5.92369e-07
248	  0.894726	  0.351123	  5.07646e-05	  2.82273e-06	  12	  9.55988e-07
249	  0.936642	  0.447214	  4.58065e-05	  2.56046e-06	  12	  8.67165e-07
250	  0.987924	  0.529999	  4.06016e-05	  4.5025e-06	  12	  1.52488e-06
251	  0.844278	  0	  5.78037e-05	  4.01493e-06	  24	  1.02029e-06
252	  0.850747	  0.123091	  5.6843e-05	  3.25505e-06	  48	  6.32578e-07
253	  0.869868	  0.240772	  5.40893e-05	  2.85807e-06	  48	  5.5543e-07
254	  0.900833	  0.348743	  5.00066e-05	  3.34473e-06	  48	  6.50007e-07
255	  0.942478	  0.444444	  4.51737e-05	  3.20737e-06	  48	  6.23313e-07
256	  0.993459	  0.527046	  4.00947e-05	  3.43315e-06	  48	  6.67191e-07
257	  0.863541	  0	  5.49714e-05	  1.86068e-06	  12	  6.30166e-07
258	  0.869868	  0.120386	  5.40893e-05	  2.55046e-06	  24	  6.48134e-07
259	  0.888577	  0.235702	  5.15706e-05	  2.56669e-06	  24	  6.52258e-07
260	  0.918912	  0.341882	  4.7822e-05	  3.19188e-06	  24	  8.11135e-07
261	  0.959772	  0.436436	  4.33564e-05	  2.86167e-06	  24	  7.27219e-07
262	  0.888577	  0	  5.15706e-05	  2.96187e-06	  6	  1.35727e-06
263	  0.894726	  0.117041	  5.07646e-05	  2.10683e-06	  12	  7.13531e-07
264	  0.912926	  0.229416	  4.85186e-05	  2.81659e-06	  12	  9.53909e-07
265	  0.942478	  0.333333	  4.51737e-05	  2.82576e-06	  12	  9.57013e-07
266	  0.982358	  0.426401	  4.11333e-05	  2.7903e-06	  12	  9.45007e-07
267	  0.894726	  0	  5.07646e-05	  2.36003e-06	  12	  7.99282e-07
268	  0.900833	  0.116248	  5.00066e-05	  2.81331e-06	  24	  7.14929e-07
269	  0.918912	  0.227921	  4.7822e-05	  2.96023e-06	  24	  7.52267e-07
270	  0.948278	  0.331295	  4.45448e-05	  3.01218e-06	  24	  7.65468e-07
271	  0.987924	  0.423999	  4.06016e-05	  2.46883e-06	  24	  6.2739e-07
272	  0.900833	  0	  5.00066e-05	  3.02448e-06	  12	  1.02432e-06
273	  0.9069	  0.11547	  4.92601e-05	  2.45596e-06	  24	  6.24118e-07
274	  0.92486	  0.226455	  4.71351e-05	  2.10467e-06	  24	  5.34848e-07
275	  0.954042	  0.329293	  4.39402e-05	  2.92799e-06	  24	  7.44073e-07
276	  0.993459	  0.421637	  4.00947e-05	  2.7409e-06	  24	  6.96528e-07
277	  0.936642	  0	  4.58065e-05	  1.95694e-06	  12	  6.62767e-07
278	  0.942478	  0.111111	  4.51737e-05	  2.50029e-06	  24	  6.35385e-07
279	  0.959772	  0.218218	  4.33564e-05	  1.96581e-06	  24	  4.9956e-07
280	  0.987924	  0.317999	  4.06016e-05	  2.088e-06	  24	  5.30612e-07
281	  0.942478	  0	  4.51737e-05	  5.09204e-06	  6	  2.33342e-06
282	  0.948278	  0.110432	  4.45448e-05	  3.43657e-06	  12	  1.16388e-06
283	  0.965468	  0.21693	  4.27761e-05	  2.74198e-06	  12	  9.28641e-07
284	  0.993459	  0.316228	  4.00947e-05	  3.00633e-06	  12	  1.01817e-06
285	  0.948278	  0	  4.45448e-05	  3.24322e-06	  12	  1.0984e-06
286	  0.954042	  0.109764	  4.39402e-05	  2.17483e-06	  24	  5.52677e-07
287	  0.971131	  0.215666	  4.22057e-05	  1.79376e-06	  24	  4.55838e-07
288	  0.998963	  0.314485	  3.9601e-05	  2.33072e-06	  24	  5.92293e-07
289	  0.965468	  0	  4.27761e-05	  1.89372e-06	  24	  4.8124e-07
290	  0.971131	  0.107833	  4.22057e-05	  2.49247e-06	  48	  4.84381e-07
291	  0.987924	  0.212	  4.06016e-05	  2.45678e-06	  48	  4.77445e-07
292	  0.987924	  0	  4.06016e-05	  2.44873e-06	  12	  8.29323e-07
293	  0.993459	  0.105409	  4.00947e-05	  2.52437e-06	  24	  6.41504e-07
294	  0.993459	  0	  4.00947e-05	  1.98171e-06	  12	  6.71155e-07
295	  0.998963	  0.104828	  3.9601e-05	  1.85067e-06	  24	  4.70301e-07
296	  1.08818	  0.030936	  3.259e-05	  1.86447e-06	  138	  2.51937e-07
297	  1.08818	  0.0938307	  3.259e-05	  1.71481e-06	  252	  1.93764e-07
298	  1.08818	  0.156319	  3.259e-05	  1.55507e-06	  72	  2.61021e-07
299	  1.08818	  0.218712	  3.259e-05	  1.75364e-06	  216	  2.07002e-07
300	  1.08818	  0.281224	  3.259e-05	  2.05664e-06	  288	  2.24021e-07
301	  1.08818	  0.343807	  3.259e-05	  1.88156e-06	  120	  2.6584e-07
302	  1.08818	  0.406302	  3.259e-05	  2.59025e-06	  180	  3.22579e-07
303	  1.08818	  0.468745	  3.259e-05	  2.64683e-06	  180	  3.29624e-07
304	  1.08818	  0.531226	  3.259e-05	  2.82046e-06	  192	  3.44572e-07
305	  1.08818	  0.593785	  3.259e-05	  3.61792e-06	  192	  4.41997e-07
306	  1.08818	  0.656281	  3.259e-05	  3.08041e-06	  168	  3.91679e-07
307	  1.08818	  0.718743	  3.259e-05	  3.77328e-06	  228	  4.38556e-07
308	  1.08818	  0.781255	  3.259e-05	  4.7297e-06	  144	  6.30626e-07
309	  1.08818	  0.843774	  3.259e-05	  4.27788e-06	  240	  4.9003e-07
310	  1.08818	  0.90628	  3.259e-05	  6.00979e-06	  168	  7.64155e-07
311	  1.08818	  0.968758	  3.259e-05	  5.80142e-06	  150	  7.63755e-07
312	  1.25577	  0.030936	  2.34401e-05	  1.38969e-06	  198	  1.68246e-07
313	  1.25577	  0.0938307	  2.34401e-05	  1.45378e-06	  396	  1.45745e-07
314	  1.25577	  0.156319	  2.34401e-05	  1.39666e-06	  396	  1.40018e-07
315	  1.25577	  0.218712	  2.34401e-05	  1.33317e-06	  204	  1.59999e-07
316	  1.25577	  0.281224	  2.34401e-05	  1.55401e-06	  216	  1.83437e-07
317	  1.25577	  0.343807	  2.34401e-05	  1.56448e-06	  372	  1.59338e-07
318	  1.25577	  0.406302	  2.34401e-05	  1.70933e-06	  312	  1.82238e-07
319	  1.25577	  0.468745	  2.34401e-05	  1.75846e-06	  288	  1.91541e-07
320	  1.25577	  0.531226	  2.34401e-05	  2.23732e-06	  264	  2.49563e-07
321	  1.25577	  0.593785	  2.34401e-05	  2.03073e-06	  312	  2.16504e-07
322	  1.25577	  0.656281	  2.34401e-05	  2.34175e-06	  276	  2.58045e-07
323	  1.25577	  0.718743	  2.34401e-05	  2.54352e-06	  312	  2.71175e-07
324	  1.25577	  0.781255	  2.34401e-05	  2.86692e-06	  276	  3.15914e-07
325	  1.25577	  0.843774	  2.34401e-05	  3.2615e-06	  240	  3.73604e-07
326	  1.25577	  0.90628	  2.34401e-05	  3.78014e-06	  324	  3.99015e-07
327	  1.25577	  0.968758	  2.34401e-05	  4.11208e-06	  315	  4.37294e-07
328	  1.45182	  0.030936	  1.67209e-05	  9.89892e-07	  246	  1.12608e-07
329	  1.45182	  0.0938307	  1.67209e-05	  9.09185e-07	  516	  8.54839e-08
330	  1.45182	  0.156319	  1.67209e-05	  1.00263e-06	  504	  9.4792e-08
331	  1.45182	  0.218712	  1.67209e-05	  9.90982e-07	  528	  9.2676e-08
332	  1.45182	  0.281224	  1.67209e-05	  1.00057e-06	  504	  9.45976e-08
333	  1.45182	  0.343807	  1.67209e-05	  1.20608e-06	  384	  1.21852e-07
334	  1.45182	  0.406302	  1.67209e-05	  1.35616e-06	  420	  1.33982e-07
335	  1.45182	  0.468745	  1.67209e-05	  1.20713e-06	  468	  1.16156e-07
336	  1.45182	  0.531226	  1.67209e-05	  1.33254e-06	  480	  1.27449e-07
337	  1.45182	  0.593785	  1.67209e-05	  1.41286e-06	  468	  1.35953e-07
338	  1.45182	  0.656281	  1.67209e-05	  1.58526e-06	  396	  1.58926e-07
339	  1.45182	  0.718743	  1.67209e-05	  1.66861e-06	  456	  1.6157e-07
340	  1.45182	  0.781255	  1.67209e-05	  2.08678e-06	  432	  2.04739e-07
341	  1.45182	  0.843774	  1.67209e-05	  2.27725e-06	  480	  2.17804e-07
342	  1.45182	  0.90628	  1.67209e-05	  2.64689e-06	  480	  2.53158e-07
343	  1.45182	  0.968758	  1.67209e-05	  2.73925e-06	  414	  2.71589e-07
344	  1.68148	  0.030936	  1.18352e-05	  6.77347e-07	  798	  5.78451e-08
345	  1.68148	  0.0938307	  1.18352e-05	  7.57587e-07	  708	  6.63512e-08
346	  1.68148	  0.156319	  1.18352e-05	  6.92398e-07	  684	  6.10944e-08
347	  1.68148	  0.218712	  1.18352e-05	  7.68857e-07	  720	  6.70965e-08
348	  1.68148	  0.281224	  1.18352e-05	  7.55918e-07	  708	  6.62051e-08
349	  1.68148	  0.343807	  1.18352e-05	  8.02782e-07	  720	  7.0057e-08
350	  1.68148	  0.406302	  1.18352e-05	  8.7774e-07	  672	  7.77466e-08
351	  1.68148	  0.468745	  1.18352e-05	  9.63001e-07	  732	  8.37436e-08
352	  1.68148	  0.531226	  1.18352e-05	  9.95532e-07	  672	  8.81801e-08
353	  1.68148	  0.593785	  1.18352e-05	  1.03064e-06	  708	  9.02655e-08
354	  1.68148	  0.656281	  1.18352e-05	  1.06972e-06	  744	  9.2704e-08
355	  1.68148	  0.718743	  1.18352e-05	  1.34446e-06	  744	  1.16514e-07
356	  1.68148	  0.781255	  1.18352e-05	  1.3999e-06	  696	  1.23058e-07
357	  1.68148	  0.843774	  1.18352e-05	  1.56644e-06	  708	  1.37192e-07
358	  1.68148	  0.90628	  1.18352e-05	  1.76295e-06	  696	  1.54972e-07
359	  1.68148	  0.968758	  1.18352e-05	  1.87138e-06	  741	  1.62316e-07
360	  1.94819	  0.030936	  8.33561e-06	  4.97368e-07	  1368	  3.83157e-08
361	  1.94819	  0.0938307	  8.33561e-06	  4.94618e-07	  924	  4.10026e-08
362	  1.94819	  0.156319	  8.33561e-06	  5.39442e-07	  972	  4.42747e-08
363	  1.94819	  0.218712	  8.33561e-06	  5.52282e-07	  972	  4.53286e-08
364	  1.94819	  0.281224	  8.33561e-06	  5.05918e-07	  1200	  3.99005e-08
365	  1.94819	  0.343807	  8.33561e-06	  5.42125e-07	  1140	  4.31626e-08
366	  1.94819	  0.406302	  8.33561e-06	  5.88087e-07	  1080	  4.72993e-08
367	  1.94819	  0.468745	  8.33561e-06	  6.55035e-07	  1068	  5.27955e-08
368	  1.94819	  0.531226	  8.33561e-06	  6.48835e-07	  1164	  5.14594e-08
369	  1.94819	  0.593785	  8.33561e-06	  7.46562e-07	  1188	  5.89881e-08
370	  1.94819	  0.656281	  8.33561e-06	  7.79924e-07	  1068	  6.28615e-08
371	  1.94819	  0.718743	  8.33561e-06	  8.00621e-07	  1008	  6.52482e-08
372	  1.94819	  0.781255	  8.33561e-06	  9.53252e-07	  1164	  7.56029e-08
373	  1.94819	  0.843774	  8.33561e-06	  9.63149e-07	  1176	  7.62435e-08
374	  1.94819	  0.90628	  8.33561e-06	  1.1135e-06	  1080	  8.95581e-08
375	  1.94819	  0.968758	  8.33561e-06	  1.19846e-06	  1038	  9.71217e-08
376	  2.25604	  0.030936	  5.85898e-06	  3.67335e-07	  1896	  2.68029e-08
377	  2.25604	  0.0938307	  5.85898e-06	  3.66773e-07	  1272	  2.86225e-08
378	  2.25604	  0.156319	  5.85898e-06	  3.58559e-07	  2040	  2.58666e-08
379	  2.25604	  0.218712	  5.85898e-06	  3.82072e-07	  1740	  2.82631e-08
380	  2.25604	  0.281224	  5.85898e-06	  3.85986e-07	  1584	  2.89976e-08
381	  2.25604	  0.343807	  5.85898e-06	  3.93926e-07	  1764	  2.90755e-08
382	  2.25604	  0.406302	  5.85898e-06	  4.08187e-07	  1632	  3.05135e-08
383	  2.25604	  0.468745	  5.85898e-06	  4.40503e-07	  1860	  3.22391e-08
384	  2.25604	  0.531226	  5.85898e-06	  4.68112e-07	  1560	  3.52575e-08
385	  2.25604	  0.593785	  5.85898e-06	  4.91546e-07	  1692	  3.65272e-08
386	  2.25604	  0.656281	  5.85898e-06	  5.56231e-07	  1704	  4.12863e-08
387	  2.25604	  0.718743	  5.85898e-06	  5.70908e-07	  1824	  4.1913e-08
388	  2.25604	  0.781255	  5.85898e-06	  6.2724e-07	  1668	  4.672e-08
389	  2.25604	  0.843774	  5.85898e-06	  6.61965e-07	  1680	  4.92485e-08
390	  2.25604	  0.90628	  5.85898e-06	  7.32091e-07	  1776	  5.39763e-08
391	  2.25604	  0.968758	  5.85898e-06	  7.62102e-07	  1656	  5.68327e-08
392	  2.61216	  0.030936	  4.10705e-06	  2.69108e-07	  2586	  1.87473e-08
393	  2.61216	  0.0938307	  4.10705e-06	  2.62198e-07	  3036	  1.78685e-08
394	  2.61216	  0.156319	  4.10705e-06	  2.71026e-07	  2124	  1.9432e-08
395	  2.61216	  0.218712	  4.10705e-06	  2.6626e-07	  2940	  1.82236e-08
396	  2.61216	  0.281224	  4.10705e-06	  2.84498e-07	  2616	  1.97873e-08
397	  2.61216	  0.343807	  4.10705e-06	  2.89433e-07	  2448	  2.03215e-08
398	  2.61216	  0.406302	  4.10705e-06	  2.9818e-07	  2916	  2.04309e-08
399	  2.61216	  0.468745	  4.10705e-06	  3.10765e-07	  2544	  2.16995e-08
400	  2.61216	  0.531226	  4.10705e-06	  3.31197e-07	  2652	  2.29912e-08
401	  2.61216	  0.593785	  4.10705e-06	  3.41285e-07	  2748	  2.35747e-08
402	  2.61216	  0.656281	  4.10705e-06	  3.83446e-07	  2676	  2.65847e-08
403	  2.61216	  0.718743	  4.10705e-06	  3.74742e-07	  2472	  2.62742e-08
404	  2.61216	  0.781255	  4.10705e-06	  4.06914e-07	  2616	  2.83015e-08
405	  2.61216	  0.843774	  4.10705e-06	  4.22998e-07	  2736	  2.92368e-08
406	  2.61216	  0.90628	  4.10705e-06	  4.49144e-07	  2568	  3.13203e-08
407	  2.61216	  0.968758	  4.10705e-06	  4.61684e-07	  2745	  3.18962e-08
408	  3.02645	  0.030936	  2.86472e-06	  1.92512e-07	  3414	  1.29203e-08
409	  3.02645	  0.0938307	  2.86472e-06	  1.91863e-07	  4512	  1.24494e-08
410	  3.02645	  0.156319	  2.86472e-06	  1.84507e-07	  4632	  1.19364e-08
411	  3.02645	  0.218712	  2.86472e-06	  1.8854e-07	  3972	  1.24186e-08
412	  3.02645	  0.281224	  2.86472e-06	  1.94941e-07	  4176	  1.27637e-08
413	  3.02645	  0.343807	  2.86472e-06	  1.98785e-07	  4344	  1.29553e-08
414	  3.02645	  0.406302	  2.86472e-06	  2.06041e-07	  4044	  1.3542e-08
415	  3.02645	  0.468745	  2.86472e-06	  2.18492e-07	  4092	  1.43402e-08
416	  3.02645	  0.531226	  2.86472e-06	  2.35498e-07	  4296	  1.53679e-08
417	  3.02645	  0.593785	  2.86472e-06	  2.38146e-07	  3996	  1.56746e-08
418	  3.02645	  0.656281	  2.86472e-06	  2.49814e-07	  4188	  1.63509e-08
419	  3.02645	  0.718743	  2.86472e-06	  2.64618e-07	  4212	  1.73082e-08
420	  3.02645	  0.781255	  2.86472e-06	  2.68852e-07	  4140	  1.7621e-08
421	  3.02645	  0.843774	  2.86472e-06	  2.74786e-07	  4128	  1.80162e-08
422	  3.02645	  0.90628	  2.86472e-06	  2.87309e-07	  4188	  1.88051e-08
423	  3.02645	  0.968758	  2.86472e-06	  2.84203e-07	  4128	  1.86336e-08
424	  3.50419	  0.030936	  1.99639e-06	  1.35641e-07	  7002	  8.40305e-09
425	  3.50419	  0.0938307	  1.99639e-06	  1.36839e-07	  6240	  8.57423e-09
426	  3.50419	  0.156319	  1.99639e-06	  1.30721e-07	  5964	  8.22875e-09
427	  3.50419	  0.218712	  1.99639e-06	  1.34403e-07	  6180	  8.42983e-09
428	  3.50419	  0.281224	  1.99639e-06	  1.39079e-07	  6420	  8.68974e-09
429	  3.50419	  0.343807	  1.99639e-06	  1.4201e-07	  6516	  8.85974e-09
430	  3.50419	  0.406302	  1.99639e-06	  1.4461e-07	  6312	  9.0507e-09
431	  3.50419	  0.468745	  1.99639e-06	  1.58084e-07	  6276	  9.89967e-09
432	  3.50419	  0.531226	  1.99639e-06	  1.53566e-07	  6360	  9.6039e-09
433	  3.50419	  0.593785	  1.99639e-06	  1.58136e-07	  6408	  9.88227e-09
434	  3.50419	  0.656281	  1.99639e-06	  1.70139e-07	  6360	  1.06404e-08
435	  3.50419	  0.718743	  1.99639e-06	  1.70091e-07	  6336	  1.06414e-08
436	  3.50419	  0.781255	  1.99639e-06	  1.70358e-07	  6372	  1.06521e-08
437	  3.50419	  0.843774	  1.99639e-06	  1.76065e-07	  6456	  1.09945e-08
438	  3.50419	  0.90628	  1.99639e-06	  1.69825e-07	  6360	  1.06207e-08
439	  3.50419	  0.968758	  1.99639e-06	  1.68963e-07	  6327	  1.05724e-08
440	  4.05763	  0.030936	  1.3873e-06	  9.56131e-08	  10392	  5.71858e-09
441	  4.05763	  0.0938307	  1.3873e-06	  9.16709e-08	  9420	  5.52805e-09
442	  4.05763	  0.156319	  1.3873e-06	  9.60078e-08	  10176	  5.75213e-09
443	  4.05763	  0.218712	  1.3873e-06	  9.65434e-08	  10260	  5.78029e-09
444	  4.05763	  0.281224	  1.3873e-06	  9.29221e-08	  9528	  5.59806e-09
445	  4.05763	  0.343807	  1.3873e-06	  9.66223e-08	  10140	  5.79064e-09
446	  4.05763	  0.406302	  1.3873e-06	  1.00517e-07	  9960	  6.03303e-09
447	  4.05763	  0.468745	  1.3873e-06	  1.0066e-07	  10068	  6.0362e-09
448	  4.05763	  0.531226	  1.3873e-06	  1.04627e-07	  9996	  6.27785e-09
449	  4.05763	  0.593785	  1.3873e-06	  1.04182e-07	  9828	  6.25997e-09
450	  4.05763	  0.656281	  1.3873e-06	  1.06809e-07	  10032	  6.40685e-09
451	  4.05763	  0.718743	  1.3873e-06	  1.06596e-07	  9924	  6.39981e-09
452	  4.05763	  0.781255	  1.3873e-06	  1.0336e-07	  10116	  6.19565e-09
453	  4.05763	  0.843774	  1.3873e-06	  1.03607e-07	  9888	  6.22229e-09
454	  4.05763	  0.90628	  1.3873e-06	  1.03895e-07	  10008	  6.2333e-09
455	  4.05763	  0.968758	  1.3873e-06	  9.58249e-08	  9978	  5.75055e-09
456	  4.69917	  0.030936	  9.60877e-07	  6.64254e-08	  13626	  3.89032e-09
457	  4.69917	  0.0938307	  9.60877e-07	  6.58471e-08	  16392	  3.80666e-09
458	  4.69917	  0.156319	  9.60877e-07	  6.54278e-08	  15708	  3.79343e-09
459	  4.69917	  0.218712	  9.60877e-07	  6.50511e-08	  15432	  3.77621e-09
460	  4.69917	  0.281224	  9.60877e-07	  6.49546e-08	  15780	  3.76481e-09
461	  4.69917	  0.343807	  9.60877e-07	  6.57062e-08	  15300	  3.81651e-09
462	  4.69917	  0.406302	  9.60877e-07	  6.6576e-08	  15588	  3.86204e-09
463	  4.69917	  0.468745	  9.60877e-07	  6.6595e-08	  15396	  3.86646e-09
464	  4.69917	  0.531226	  9.60877e-07	  6.77104e-08	  15504	  3.92931e-09
465	  4.69917	  0.593785	  9.60877e-07	  6.69824e-08	  15660	  3.88438e-09
466	  4.69917	  0.656281	  9.60877e-07	  6.58851e-08	  15192	  3.82879e-09
467	  4.69917	  0.718743	  9.60877e-07	  6.41363e-08	  15600	  3.72031e-09
468	  4.69917	  0.781255	  9.60877e-07	  6.4005e-08	  15216	  3.71913e-09
469	  4.69917	  0.843774	  9.60877e-07	  6.16136e-08	  15516	  3.57531e-09
470	  4.69917	  0.90628	  9.60877e-07	  5.72197e-08	  15540	  3.31999e-09
471	  4.69917	  0.968758	  9.60877e-07	  5.52292e-08	  15405	  3.20644e-09
472	  5.4432	  0.030936	  6.6384e-07	  4.64788e-08	  26250	  2.61081e-09
473	  5.4432	  0.0938307	  6.6384e-07	  4.57525e-08	  22392	  2.59338e-09
474	  5.4432	  0.156319	  6.6384e-07	  4.53449e-08	  24516	  2.55685e-09
475	  5.4432	  0.218712	  6.6384e-07	  4.4658e-08	  23592	  2.52365e-09
476	  5.4432	  0.281224	  6.6384e-07	  4.44678e-08	  24264	  2.50886e-09
477	  5.4432	  0.343807	  6.6384e-07	  4.44059e-08	  23928	  2.50737e-09
478	  5.4432	  0.406302	  6.6384e-07	  4.32734e-08	  24120	  2.44231e-09
479	  5.4432	  0.468745	  6.6384e-07	  4.25543e-08	  23964	  2.40261e-09
480	  5.4432	  0.531226	  6.6384e-07	  4.21284e-08	  24060	  2.37802e-09
481	  5.4432	  0.593785	  6.6384e-07	  4.13995e-08	  24108	  2.33661e-09
482	  5.4432	  0.656281	  6.6384e-07	  3.99225e-08	  24228	  2.25261e-09
483	  5.4432	  0.718743	  6.6384e-07	  3.84566e-08	  24144	  2.17032e-09
484	  5.4432	  0.781255	  6.6384e-07	  3.62049e-08	  23940	  2.04424e-09
485	  5.4432	  0.843774	  6.6384e-07	  3.31758e-08	  24192	  1.87209e-09
486	  5.4432	  0.90628	  6.6384e-07	  3.16314e-08	  23988	  1.7858e-09
487	  5.4432	  0.968758	  6.6384e-07	  2.93911e-08	  24141	  1.65872e-09
488	  6.30378	  0.030936	  4.57865e-07	  3.19791e-08	  35082	  1.76969e-09
489	  6.30378	  0.0938307	  4.57865e-07	  3.10399e-08	  39108	  1.70896e-09
490	  6.30378	  0.156319	  4.57865e-07	  3.06702e-08	  36924	  1.69312e-09
491	  6.30378	  0.218712	  4.57865e-07	  2.9896e-08	  37692	  1.64879e-09
492	  6.30378	  0.281224	  4.57865e-07	  2.88817e-08	  37092	  1.59405e-09
493	  6.30378	  0.343807	  4.57865e-07	  2.84932e-08	  37536	  1.57173e-09
494	  6.30378	  0.406302	  4.57865e-07	  2.79426e-08	  36984	  1.54243e-09
495	  6.30378	  0.468745	  4.57865e-07	  2.67344e-08	  37428	  1.47491e-09
496	  6.30378	  0.531226	  4.57865e-07	  2.5703e-08	  37392	  1.41807e-09
497	  6.30378	  0.593785	  4.57865e-07	  2.43576e-08	  37200	  1.34417e-09
498	  6.30378	  0.656281	  4.57865e-07	  2.28524e-08	  36924	  1.26155e-09
499	  6.30378	  0.718743	  4.57865e-07	  2.12495e-08	  37272	  1.17254e-09
500	  6.30378	  0.781255	  4.57865e-07	  1.95402e-08	  37284	  1.07821e-09
501	  6.30378	  0.843774	  4.57865e-07	  1.78428e-08	  37188	  9.84666e-10
502	  6.30378	  0.90628	  4.57865e-07	  1.63946e-08	  37320	  9.04594e-10
503	  6.30378	  0.968758	  4.57865e-07	  1.48763e-08	  37119	  8.21032e-10
504	  7.30029	  0.030936	  3.15016e-07	  2.12537e-08	  60258	  1.14927e-09
505	  7.30029	  0.0938307	  3.15016e-07	  2.09241e-08	  56916	  1.13391e-09
506	  7.30029	  0.156319	  3.15016e-07	  2.04364e-08	  56820	  1.10755e-09
507	  7.30029	  0.218712	  3.15016e-07	  1.97951e-08	  58716	  1.07144e-09
508	  7.30029	  0.281224	  3.15016e-07	  1.90121e-08	  57840	  1.02966e-09
509	  7.30029	  0.343807	  3.15016e-07	  1.78917e-08	  57612	  9.69128e-10
510	  7.30029	  0.406302	  3.15016e-07	  1.70068e-08	  58464	  9.20675e-10
511	  7.30029	  0.468745	  3.15016e-07	  1.59019e-08	  57948	  8.61151e-10
512	  7.30029	  0.531226	  3.15016e-07	  1.49125e-08	  57708	  8.07705e-10
513	  7.30029	  0.593785	  3.15016e-07	  1.35441e-08	  58236	  7.3333e-10
514	  7.30029	  0.656281	  3.15016e-07	  1.23855e-08	  58008	  6.707e-10
515	  7.30029	  0.718743	  3.15016e-07	  1.11596e-08	  58200	  6.0424e-10
516	  7.30029	  0.781255	  3.15016e-07	  9.9027e-09	  58128	  5.36208e-10
517	  7.30029	  0.843774	  3.15016e-07	  8.83891e-09	  57972	  4.78656e-10
518	  7.30029	  0.90628	  3.15016e-07	  8.01196e-09	  57960	  4.33877e-10
519	  7.30029	  0.968758	  3.15016e-07	  7.69721e-09	  58122	  4.16788e-10
520	  8.455	  0.030936	  2.16353e-07	  1.40024e-08	  90198	  7.46742e-10
521	  8.455	  0.0938307	  2.16353e-07	  1.38614e-08	  89292	  7.3946e-10
522	  8.455	  0.156319	  2.16353e-07	  1.34e-08	  90804	  7.1447e-10
523	  8.455	  0.218712	  2.16353e-07	  1.2617e-08	  89628	  6.72994e-10
524	  8.455	  0.281224	  2.16353e-07	  1.18579e-08	  89844	  6.32455e-10
525	  8.455	  0.343807	  2.16353e-07	  1.09523e-08	  90636	  5.83992e-10
526	  8.455	  0.406302	  2.16353e-07	  1.00313e-08	  89628	  5.35073e-10
527	  8.455	  0.468745	  2.16353e-07	  9.07463e-09	  89772	  4.84018e-10
528	  8.455	  0.531226	  2.16353e-07	  8.15217e-09	  90324	  4.34734e-10
529	  8.455	  0.593785	  2.16353e-07	  7.10544e-09	  89784	  3.78985e-10
530	  8.455	  0.656281	  2.16353e-07	  6.24644e-09	  90216	  3.33119e-10
531	  8.455	  0.718743	  2.16353e-07	  5.49037e-09	  89796	  2.92841e-10
532	  8.455	  0.781255	  2.16353e-07	  4.77893e-09	  90120	  2.54866e-10
533	  8.455	  0.843774	  2.16353e-07	  4.21473e-09	  90132	  2.24775e-10
534	  8.455	  0.90628	  2.16353e-07	  3.82923e-09	  89916	  2.04231e-10
535	  8.455	  0.968758	  2.16353e-07	  3.83922e-09	  89964	  2.04761e-10
536	  9.79129	  0.030936	  1.48293e-07	  9.20232e-09	  139068	  4.84792e-10
537	  9.79129	  0.0938307	  1.48293e-07	  9.03158e-09	  141180	  4.75616e-10
538	  9.79129	  0.156319	  1.48293e-07	  8.60514e-09	  139380	  4.53306e-10
539	  9.79129	  0.218712	  1.48293e-07	  7.95209e-09	  138804	  4.18949e-10
540	  9.79129	  0.281224	  1.48293e-07	  7.22939e-09	  140952	  3.80725e-10
541	  9.79129	  0.343807	  1.48293e-07	  6.43315e-09	  139668	  3.38871e-10
542	  9.79129	  0.406302	  1.48293e-07	  5.62841e-09	  139464	  2.96492e-10
543	  9.79129	  0.468745	  1.48293e-07	  4.89081e-09	  139812	  2.57621e-10
544	  9.79129	  0.531226	  1.48293e-07	  4.15953e-09	  139884	  2.19098e-10
545	  9.79129	  0.593785	  1.48293e-07	  3.58491e-09	  140184	  1.8882e-10
546	  9.79129	  0.656281	  1.48293e-07	  3.04861e-09	  139404	  1.60596e-10
547	  9.79129	  0.718743	  1.48293e-07	  2.59514e-09	  139932	  1.36695e-10
548	  9.79129	  0.781255	  1.48293e-07	  2.2131e-09	  139980	  1.1657e-10
549	  9.79129	  0.843774	  1.48293e-07	  1.89935e-09	  139632	  1.0005e-10
550	  9.79129	  0.90628	  1.48293e-07	  1.69442e-09	  140088	  8.92481e-11
551	  9.79129	  0.968758	  1.48293e-07	  1.6253e-09	  139623	  8.56148e-11
