#n	   k	      mu	    PL	    Pf	     w	     err  
0	  0.10472	  1	  0.00179871	  0.000314849	  3	  0.000197521
1	  0.20944	  1	  0.000638923	  9.85387e-05	  3	  6.18183e-05
2	  0.314159	  1	  0.000299271	  7.9728e-05	  3	  5.00174e-05
3	  0.418879	  1	  0.000167728	  1.48449e-05	  3	  9.31297e-06
4	  0.523599	  1	  0.000106037	  7.37082e-06	  3	  4.62409e-06
5	  0.628319	  1	  7.18489e-05	  3.60141e-05	  3	  2.25935e-05
6	  0.733038	  1	  5.1367e-05	  8.6612e-06	  3	  5.4336e-06
7	  0.837758	  1	  3.82355e-05	  6.14817e-06	  3	  3.85706e-06
8	  0.942478	  1	  2.93614e-05	  3.43369e-06	  3	  2.15413e-06
9	  0.10472	  0	  0.00179871	  7.09548e-05	  6	  3.25149e-05
10	  0.148096	  0.707107	  0.00114385	  8.99273e-05	  12	  3.04562e-05
11	  0.23416	  0.894427	  0.000506114	  9.01799e-05	  12	  3.05417e-05
12	  0.331153	  0.948683	  0.000271016	  4.13859e-05	  12	  1.40164e-05
13	  0.431771	  0.970143	  0.000157846	  2.13256e-05	  12	  7.22246e-06
14	  0.533968	  0.980581	  0.000101705	  1.2999e-05	  12	  4.40244e-06
15	  0.636985	  0.986394	  6.97422e-05	  1.18876e-05	  12	  4.02605e-06
16	  0.74048	  0.989949	  5.02557e-05	  1.00383e-05	  12	  3.39973e-06
17	  0.844278	  0.992278	  3.75705e-05	  7.12765e-06	  12	  2.41396e-06
18	  0.948278	  0.993884	  2.89526e-05	  6.27895e-06	  12	  2.12652e-06
19	  0.148096	  0	  0.00114385	  4.07176e-05	  6	  1.86588e-05
20	  0.18138	  0.57735	  0.000811485	  4.80866e-05	  12	  1.62857e-05
21	  0.25651	  0.816497	  0.000445434	  5.04735e-05	  12	  1.70941e-05
22	  0.347316	  0.904534	  0.000244112	  2.8216e-05	  12	  9.55607e-06
23	  0.444288	  0.942809	  0.000149218	  1.38241e-05	  12	  4.68188e-06
24	  0.54414	  0.96225	  9.76671e-05	  2.06267e-05	  12	  6.98573e-06
25	  0.645536	  0.973329	  6.77804e-05	  8.53151e-06	  12	  2.88941e-06
26	  0.747849	  0.980196	  4.91569e-05	  9.72586e-06	  12	  3.29391e-06
27	  0.850747	  0.984732	  3.6946e-05	  7.26771e-06	  12	  2.46139e-06
28	  0.954042	  0.987878	  2.85597e-05	  3.63526e-06	  12	  1.23117e-06
29	  0.20944	  0	  0.000638923	  2.60163e-05	  6	  1.19219e-05
30	  0.23416	  0.447214	  0.000506114	  3.38655e-05	  12	  1.14694e-05
31	  0.296192	  0.707107	  0.00032957	  3.7503e-05	  12	  1.27013e-05
32	  0.377572	  0.83205	  0.00020771	  2.67256e-05	  12	  9.05131e-06
33	  0.468321	  0.894427	  0.000133881	  1.91293e-05	  12	  6.47864e-06
34	  0.563933	  0.928477	  9.05296e-05	  7.48454e-06	  12	  2.53483e-06
35	  0.662306	  0.948683	  6.41055e-05	  9.48174e-06	  12	  3.21123e-06
36	  0.762371	  0.961524	  4.71205e-05	  5.8447e-06	  12	  1.97945e-06
37	  0.863541	  0.970143	  3.57296e-05	  3.4162e-06	  12	  1.15698e-06
38	  0.965468	  0.976187	  2.78031e-05	  4.00294e-06	  12	  1.3557e-06
39	  0.23416	  0	  0.000506114	  2.42001e-05	  12	  8.19597e-06
40	  0.25651	  0.408248	  0.000445434	  2.31221e-05	  24	  5.87589e-06
41	  0.314159	  0.666667	  0.000299271	  2.80076e-05	  24	  7.1174e-06
42	  0.391825	  0.801784	  0.000193387	  2.02234e-05	  24	  5.13925e-06
43	  0.479886	  0.872872	  0.000127068	  2.44429e-05	  24	  6.21152e-06
44	  0.573574	  0.912871	  8.73751e-05	  1.06261e-05	  24	  2.70035e-06
45	  0.670534	  0.937043	  6.24267e-05	  8.23251e-06	  24	  2.09208e-06
46	  0.76953	  0.952579	  4.61706e-05	  7.85715e-06	  24	  1.99669e-06
47	  0.869868	  0.963087	  3.51562e-05	  6.33133e-06	  24	  1.60894e-06
48	  0.971131	  0.970495	  2.74323e-05	  3.95261e-06	  24	  1.00445e-06
49	  0.296192	  0	  0.00032957	  1.33521e-05	  6	  6.11858e-06
50	  0.314159	  0.333333	  0.000299271	  1.68043e-05	  12	  5.69119e-06
51	  0.36276	  0.57735	  0.000223436	  1.43347e-05	  12	  4.85482e-06
52	  0.431771	  0.727607	  0.000157846	  1.54412e-05	  12	  5.22956e-06
53	  0.51302	  0.816497	  0.000110653	  1.70756e-05	  12	  5.78308e-06
54	  0.601569	  0.870388	  7.88953e-05	  1.04921e-05	  12	  3.55342e-06
55	  0.694632	  0.904534	  5.7805e-05	  8.30935e-06	  12	  2.81417e-06
56	  0.790617	  0.927173	  4.34863e-05	  5.20549e-06	  12	  1.76297e-06
57	  0.888577	  0.942809	  3.35192e-05	  5.55636e-06	  12	  1.8818e-06
58	  0.987924	  0.953998	  2.63897e-05	  3.77961e-06	  12	  1.28006e-06
59	  0.314159	  0	  0.000299271	  1.63065e-05	  6	  7.47243e-06
60	  0.331153	  0.316228	  0.000271016	  1.41629e-05	  12	  4.79663e-06
61	  0.377572	  0.5547	  0.00020771	  1.75673e-05	  12	  5.9496e-06
62	  0.444288	  0.707107	  0.000149218	  1.01982e-05	  12	  3.45386e-06
63	  0.523599	  0.8	  0.000106037	  1.40755e-05	  12	  4.76702e-06
64	  0.610616	  0.857493	  7.64031e-05	  5.16893e-06	  12	  1.75059e-06
65	  0.702481	  0.894427	  5.63987e-05	  6.41308e-06	  12	  2.17195e-06
66	  0.797522	  0.919145	  4.26547e-05	  7.14437e-06	  12	  2.41962e-06
67	  0.894726	  0.936329	  3.29953e-05	  3.38291e-06	  12	  1.14571e-06
68	  0.993459	  0.948683	  2.60602e-05	  3.12718e-06	  12	  1.0591e-06
69	  0.331153	  0	  0.000271016	  1.12256e-05	  12	  3.80183e-06
70	  0.347316	  0.301511	  0.000244112	  1.06471e-05	  24	  2.70568e-06
71	  0.391825	  0.534522	  0.000193387	  1.12492e-05	  24	  2.8587e-06
72	  0.456463	  0.688247	  0.000141308	  1.56441e-05	  24	  3.97555e-06
73	  0.533968	  0.784465	  0.000101705	  7.84325e-06	  24	  1.99316e-06
74	  0.61953	  0.845154	  7.4067e-05	  7.67603e-06	  24	  1.95066e-06
75	  0.710244	  0.884652	  5.50683e-05	  7.9149e-06	  24	  2.01137e-06
76	  0.804368	  0.911322	  4.18569e-05	  7.07851e-06	  24	  1.79882e-06
77	  0.900833	  0.929981	  3.25026e-05	  4.64345e-06	  24	  1.18001e-06
78	  0.998963	  0.943456	  2.57393e-05	  4.17917e-06	  24	  1.06203e-06
79	  0.377572	  0	  0.00020771	  9.31183e-06	  12	  3.15368e-06
80	  0.391825	  0.267261	  0.000193387	  7.39099e-06	  24	  1.87823e-06
81	  0.431771	  0.485071	  0.000157846	  1.11218e-05	  24	  2.82632e-06
82	  0.491179	  0.639602	  0.000120988	  7.90908e-06	  24	  2.00989e-06
83	  0.563933	  0.742781	  9.05296e-05	  9.80705e-06	  24	  2.49221e-06
84	  0.645536	  0.811107	  6.77804e-05	  7.73935e-06	  24	  1.96676e-06
85	  0.733038	  0.857143	  5.1367e-05	  7.16625e-06	  24	  1.82112e-06
86	  0.824564	  0.889001	  3.96065e-05	  3.3346e-06	  24	  8.47403e-07
87	  0.918912	  0.911685	  3.10827e-05	  4.09979e-06	  24	  1.04186e-06
88	  0.418879	  0	  0.000167728	  2.96514e-06	  6	  1.35877e-06
89	  0.431771	  0.242536	  0.000157846	  5.57168e-06	  12	  1.88699e-06
90	  0.468321	  0.447214	  0.000133881	  8.33407e-06	  12	  2.82254e-06
91	  0.523599	  0.6	  0.000106037	  8.85651e-06	  12	  2.99948e-06
92	  0.592384	  0.707107	  8.15662e-05	  3.81801e-06	  12	  1.29307e-06
93	  0.670534	  0.780869	  6.24267e-05	  8.24214e-06	  12	  2.79141e-06
94	  0.755145	  0.83205	  4.81331e-05	  4.64443e-06	  12	  1.57295e-06
95	  0.844278	  0.868243	  3.75705e-05	  4.49988e-06	  12	  1.524e-06
96	  0.936642	  0.894427	  2.97727e-05	  3.36756e-06	  12	  1.14051e-06
97	  0.431771	  0	  0.000157846	  5.50801e-06	  12	  1.86543e-06
98	  0.444288	  0.235702	  0.000149218	  3.2063e-06	  24	  8.14799e-07
99	  0.479886	  0.436436	  0.000127068	  1.01329e-05	  24	  2.57502e-06
100	  0.533968	  0.588348	  0.000101705	  5.56453e-06	  24	  1.41408e-06
101	  0.601569	  0.696311	  7.88953e-05	  4.41839e-06	  24	  1.12282e-06
102	  0.678662	  0.771517	  6.08037e-05	  5.40736e-06	  24	  1.37414e-06
103	  0.762371	  0.824163	  4.71205e-05	  7.08887e-06	  24	  1.80145e-06
104	  0.850747	  0.86164	  3.6946e-05	  5.49415e-06	  24	  1.3962e-06
105	  0.942478	  0.888889	  2.93614e-05	  4.90658e-06	  24	  1.24688e-06
106	  0.444288	  0	  0.000149218	  4.74436e-06	  6	  2.1741e-06
107	  0.456463	  0.229416	  0.000141308	  7.2053e-06	  12	  2.44026e-06
108	  0.491179	  0.426401	  0.000120988	  6.65671e-06	  12	  2.25446e-06
109	  0.54414	  0.57735	  9.76671e-05	  3.2609e-06	  12	  1.10439e-06
110	  0.610616	  0.685994	  7.64031e-05	  9.32525e-06	  12	  3.15823e-06
111	  0.686693	  0.762493	  5.92716e-05	  5.48418e-06	  12	  1.85736e-06
112	  0.76953	  0.816497	  4.61706e-05	  4.13261e-06	  12	  1.39961e-06
113	  0.857168	  0.855186	  3.63263e-05	  3.39977e-06	  12	  1.15142e-06
114	  0.948278	  0.883452	  2.89526e-05	  2.9956e-06	  12	  1.01454e-06
115	  0.468321	  0	  0.000133881	  5.52342e-06	  12	  1.87065e-06
116	  0.479886	  0.218218	  0.000127068	  7.70419e-06	  24	  1.95782e-06
117	  0.51302	  0.408248	  0.000110653	  8.25497e-06	  24	  2.09779e-06
118	  0.563933	  0.557086	  9.05296e-05	  6.87357e-06	  24	  1.74674e-06
119	  0.628319	  0.666667	  7.18489e-05	  4.48816e-06	  24	  1.14055e-06
120	  0.702481	  0.745356	  5.63987e-05	  6.46471e-06	  24	  1.64284e-06
121	  0.783651	  0.801784	  4.43495e-05	  4.21216e-06	  24	  1.07041e-06
122	  0.869868	  0.842701	  3.51562e-05	  3.13787e-06	  24	  7.97409e-07
123	  0.959772	  0.872872	  2.81802e-05	  3.26392e-06	  24	  8.29442e-07
124	  0.523599	  0	  0.000106037	  4.28563e-06	  18	  1.22441e-06
125	  0.533968	  0.196116	  0.000101705	  4.0518e-06	  36	  8.77891e-07
126	  0.563933	  0.371391	  9.05296e-05	  3.86838e-06	  36	  8.38148e-07
127	  0.610616	  0.514496	  7.64031e-05	  4.45335e-06	  36	  9.64892e-07
128	  0.670534	  0.624695	  6.24267e-05	  4.88804e-06	  36	  1.05908e-06
129	  0.74048	  0.707107	  5.02557e-05	  4.33259e-06	  36	  9.38729e-07
130	  0.817887	  0.768221	  4.03363e-05	  4.23861e-06	  36	  9.18366e-07
131	  0.900833	  0.813733	  3.25026e-05	  4.5226e-06	  36	  9.79896e-07
132	  0.987924	  0.847998	  2.63897e-05	  3.02927e-06	  36	  6.56342e-07
133	  0.533968	  0	  0.000101705	  3.78369e-06	  12	  1.28144e-06
134	  0.54414	  0.19245	  9.76671e-05	  5.82739e-06	  24	  1.48088e-06
135	  0.573574	  0.365148	  8.73751e-05	  4.48995e-06	  24	  1.141e-06
136	  0.61953	  0.507093	  7.4067e-05	  4.78705e-06	  24	  1.21651e-06
137	  0.678662	  0.617213	  6.08037e-05	  4.05034e-06	  24	  1.02929e-06
138	  0.747849	  0.70014	  4.91569e-05	  4.37857e-06	  24	  1.1127e-06
139	  0.824564	  0.762001	  3.96065e-05	  2.58525e-06	  24	  6.56973e-07
140	  0.9069	  0.80829	  3.20174e-05	  3.2617e-06	  24	  8.28877e-07
141	  0.993459	  0.843274	  2.60602e-05	  2.7594e-06	  24	  7.0123e-07
142	  0.563933	  0	  9.05296e-05	  2.04762e-06	  12	  6.93479e-07
143	  0.573574	  0.182574	  8.73751e-05	  3.71267e-06	  24	  9.4348e-07
144	  0.601569	  0.348155	  7.88953e-05	  3.56526e-06	  24	  9.06018e-07
145	  0.645536	  0.486664	  6.77804e-05	  4.61294e-06	  24	  1.17226e-06
146	  0.702481	  0.596285	  5.63987e-05	  4.25174e-06	  24	  1.08047e-06
147	  0.76953	  0.680414	  4.61706e-05	  2.71196e-06	  24	  6.89175e-07
148	  0.844278	  0.744208	  3.75705e-05	  3.63898e-06	  24	  9.24752e-07
149	  0.92486	  0.792594	  3.06362e-05	  2.91205e-06	  24	  7.40022e-07
150	  0.592384	  0	  8.15662e-05	  1.50434e-06	  6	  6.89361e-07
151	  0.601569	  0.174078	  7.88953e-05	  2.53565e-06	  12	  8.5876e-07
152	  0.628319	  0.333333	  7.18489e-05	  2.8884e-06	  12	  9.78229e-07
153	  0.670534	  0.468521	  6.24267e-05	  3.09384e-06	  12	  1.04781e-06
154	  0.72552	  0.57735	  5.25597e-05	  4.64853e-06	  12	  1.57434e-06
155	  0.790617	  0.662266	  4.34863e-05	  3.56768e-06	  12	  1.20829e-06
156	  0.863541	  0.727607	  3.57296e-05	  2.99884e-06	  12	  1.01563e-06
157	  0.942478	  0.777778	  2.93614e-05	  3.08248e-06	  12	  1.04396e-06
158	  0.610616	  0	  7.64031e-05	  2.57908e-06	  12	  8.73471e-07
159	  0.61953	  0.169031	  7.4067e-05	  2.96394e-06	  24	  7.53209e-07
160	  0.645536	  0.324443	  6.77804e-05	  3.70273e-06	  24	  9.40952e-07
161	  0.686693	  0.457496	  5.92716e-05	  3.56736e-06	  24	  9.06553e-07
162	  0.74048	  0.565685	  5.02557e-05	  3.28648e-06	  24	  8.35174e-07
163	  0.804368	  0.650945	  4.18569e-05	  4.61589e-06	  24	  1.17301e-06
164	  0.876148	  0.717137	  3.4587e-05	  4.09383e-06	  24	  1.04034e-06
165	  0.954042	  0.76835	  2.85597e-05	  3.24863e-06	  24	  8.25556e-07
166	  0.628319	  0	  7.18489e-05	  7.24151e-06	  6	  3.31841e-06
167	  0.636985	  0.164399	  6.97422e-05	  3.80864e-06	  12	  1.28989e-06
168	  0.662306	  0.316228	  6.41055e-05	  2.99456e-06	  12	  1.01418e-06
169	  0.702481	  0.447214	  5.63987e-05	  2.0888e-06	  12	  7.07424e-07
170	  0.755145	  0.5547	  4.81331e-05	  2.43932e-06	  12	  8.26136e-07
171	  0.817887	  0.640184	  4.03363e-05	  2.98926e-06	  12	  1.01239e-06
172	  0.888577	  0.707107	  3.35192e-05	  2.33737e-06	  12	  7.91609e-07
173	  0.965468	  0.759257	  2.78031e-05	  3.19979e-06	  12	  1.08369e-06
174	  0.636985	  0	  6.97422e-05	  3.77144e-06	  12	  1.27729e-06
175	  0.645536	  0.162221	  6.77804e-05	  2.23034e-06	  24	  5.66784e-07
176	  0.670534	  0.312348	  6.24267e-05	  2.55613e-06	  24	  6.49575e-07
177	  0.710244	  0.442326	  5.50683e-05	  3.37125e-06	  24	  8.56716e-07
178	  0.762371	  0.549442	  4.71205e-05	  3.96148e-06	  24	  1.00671e-06
179	  0.824564	  0.635001	  3.96065e-05	  2.36481e-06	  24	  6.00954e-07
180	  0.894726	  0.702247	  3.29953e-05	  2.63383e-06	  24	  6.6932e-07
181	  0.971131	  0.754829	  2.74323e-05	  3.20123e-06	  24	  8.13511e-07
182	  0.662306	  0	  6.41055e-05	  2.43964e-06	  12	  8.26247e-07
183	  0.670534	  0.156174	  6.24267e-05	  2.42854e-06	  24	  6.1715e-07
184	  0.694632	  0.301511	  5.7805e-05	  2.12236e-06	  24	  5.39342e-07
185	  0.733038	  0.428571	  5.1367e-05	  3.67912e-06	  24	  9.34953e-07
186	  0.783651	  0.534522	  4.43495e-05	  2.2728e-06	  24	  5.77574e-07
187	  0.844278	  0.620174	  3.75705e-05	  2.36967e-06	  24	  6.0219e-07
188	  0.912926	  0.688247	  3.15355e-05	  2.37957e-06	  24	  6.04706e-07
189	  0.987924	  0.741999	  2.63897e-05	  2.56617e-06	  24	  6.52126e-07
190	  0.670534	  0	  6.24267e-05	  2.90372e-06	  12	  9.83416e-07
191	  0.678662	  0.154303	  6.08037e-05	  2.12113e-06	  24	  5.39031e-07
192	  0.702481	  0.298142	  5.63987e-05	  2.83928e-06	  24	  7.2153e-07
193	  0.74048	  0.424264	  5.02557e-05	  2.70425e-06	  24	  6.87216e-07
194	  0.790617	  0.529813	  4.34863e-05	  2.54064e-06	  24	  6.45637e-07
195	  0.850747	  0.615457	  3.6946e-05	  2.27061e-06	  24	  5.77016e-07
196	  0.918912	  0.683763	  3.10827e-05	  2.76877e-06	  24	  7.03612e-07
197	  0.993459	  0.737865	  2.60602e-05	  2.60433e-06	  24	  6.61823e-07
198	  0.702481	  0	  5.63987e-05	  1.57574e-06	  12	  5.33664e-07
199	  0.710244	  0.147442	  5.50683e-05	  2.46326e-06	  24	  6.25975e-07
200	  0.733038	  0.285714	  5.1367e-05	  3.15651e-06	  24	  8.02146e-07
201	  0.76953	  0.408248	  4.61706e-05	  2.44068e-06	  24	  6.20235e-07
202	  0.817887	  0.512148	  4.03363e-05	  3.42735e-06	  24	  8.70972e-07
203	  0.876148	  0.597614	  3.4587e-05	  2.59855e-06	  24	  6.60354e-07
204	  0.942478	  0.666667	  2.93614e-05	  2.72993e-06	  24	  6.93742e-07
205	  0.733038	  0	  5.1367e-05	  1.412e-06	  6	  6.47048e-07
206	  0.74048	  0.141421	  5.02557e-05	  1.97267e-06	  12	  6.68094e-07
207	  0.762371	  0.274721	  4.71205e-05	  1.53399e-06	  12	  5.19523e-07
208	  0.797522	  0.393919	  4.26547e-05	  2.67203e-06	  12	  9.04949e-07
209	  0.844278	  0.496139	  3.75705e-05	  2.81924e-06	  12	  9.54807e-07
210	  0.900833	  0.581238	  3.25026e-05	  3.0386e-06	  12	  1.0291e-06
211	  0.965468	  0.650791	  2.78031e-05	  2.36814e-06	  12	  8.02032e-07
212	  0.74048	  0	  5.02557e-05	  2.03226e-06	  18	  5.80623e-07
213	  0.747849	  0.140028	  4.91569e-05	  2.56005e-06	  36	  5.54677e-07
214	  0.76953	  0.272166	  4.61706e-05	  2.24921e-06	  36	  4.87329e-07
215	  0.804368	  0.390567	  4.18569e-05	  2.92346e-06	  36	  6.33416e-07
216	  0.850747	  0.492366	  3.6946e-05	  1.97535e-06	  36	  4.27993e-07
217	  0.9069	  0.57735	  3.20174e-05	  1.81924e-06	  36	  3.94168e-07
218	  0.971131	  0.646997	  2.74323e-05	  2.97699e-06	  36	  6.45014e-07
219	  0.755145	  0	  4.81331e-05	  1.59885e-06	  12	  5.41492e-07
220	  0.762371	  0.137361	  4.71205e-05	  2.41362e-06	  24	  6.13359e-07
221	  0.783651	  0.267261	  4.43495e-05	  2.13714e-06	  24	  5.43099e-07
222	  0.817887	  0.384111	  4.03363e-05	  2.50997e-06	  24	  6.37845e-07
223	  0.863541	  0.485071	  3.57296e-05	  1.89758e-06	  24	  4.82221e-07
224	  0.918912	  0.569803	  3.10827e-05	  1.90607e-06	  24	  4.84378e-07
225	  0.982358	  0.639602	  2.67353e-05	  1.86069e-06	  24	  4.72846e-07
226	  0.762371	  0	  4.71205e-05	  1.21017e-06	  12	  4.09855e-07
227	  0.76953	  0.136083	  4.61706e-05	  2.67882e-06	  24	  6.80752e-07
228	  0.790617	  0.264906	  4.34863e-05	  1.89053e-06	  24	  4.80428e-07
229	  0.824564	  0.381	  3.96065e-05	  1.59015e-06	  24	  4.04096e-07
230	  0.869868	  0.481543	  3.51562e-05	  1.51221e-06	  24	  3.8429e-07
231	  0.92486	  0.566139	  3.06362e-05	  2.30918e-06	  24	  5.86819e-07
232	  0.987924	  0.635999	  2.63897e-05	  2.0313e-06	  24	  5.16202e-07
233	  0.797522	  0	  4.26547e-05	  2.33689e-06	  12	  7.91445e-07
234	  0.804368	  0.130189	  4.18569e-05	  2.1412e-06	  24	  5.44131e-07
235	  0.824564	  0.254	  3.96065e-05	  1.34734e-06	  24	  3.42391e-07
236	  0.857168	  0.366508	  3.63263e-05	  2.04799e-06	  24	  5.20443e-07
237	  0.900833	  0.464991	  3.25026e-05	  2.11844e-06	  24	  5.38347e-07
238	  0.954042	  0.548821	  2.85597e-05	  1.98841e-06	  24	  5.05303e-07
239	  0.817887	  0	  4.03363e-05	  1.72673e-06	  12	  5.84799e-07
240	  0.824564	  0.127	  3.96065e-05	  1.61993e-06	  24	  4.11664e-07
241	  0.844278	  0.248069	  3.75705e-05	  1.54761e-06	  24	  3.93285e-07
242	  0.876148	  0.358569	  3.4587e-05	  2.03231e-06	  24	  5.16459e-07
243	  0.918912	  0.455842	  3.10827e-05	  1.39653e-06	  24	  3.54891e-07
244	  0.971131	  0.539164	  2.74323e-05	  2.31804e-06	  24	  5.89069e-07
245	  0.837758	  0	  3.82355e-05	  1.78462e-06	  6	  8.17798e-07
246	  0.844278	  0.124035	  3.75705e-05	  2.52656e-06	  12	  8.55684e-07
247	  0.863541	  0.242536	  3.57296e-05	  9.04827e-07	  12	  3.06442e-07
248	  0.894726	  0.351123	  3.29953e-05	  1.45001e-06	  12	  4.91082e-07
249	  0.936642	  0.447214	  2.97727e-05	  1.23163e-06	  12	  4.17123e-07
250	  0.987924	  0.529999	  2.63897e-05	  2.25306e-06	  12	  7.63055e-07
251	  0.844278	  0	  3.75705e-05	  2.03862e-06	  24	  5.18063e-07
252	  0.850747	  0.123091	  3.6946e-05	  1.55153e-06	  48	  3.01521e-07
253	  0.869868	  0.240772	  3.51562e-05	  1.61241e-06	  48	  3.13352e-07
254	  0.900833	  0.348743	  3.25026e-05	  1.80268e-06	  48	  3.50328e-07
255	  0.942478	  0.444444	  2.93614e-05	  1.89023e-06	  48	  3.67343e-07
256	  0.993459	  0.527046	  2.60602e-05	  1.97475e-06	  48	  3.83769e-07
257	  0.863541	  0	  3.57296e-05	  9.26999e-07	  12	  3.13951e-07
258	  0.869868	  0.120386	  3.51562e-05	  1.38178e-06	  24	  3.51144e-07
259	  0.888577	  0.235702	  3.35192e-05	  1.39224e-06	  24	  3.53802e-07
260	  0.918912	  0.341882	  3.10827e-05	  1.56765e-06	  24	  3.98378e-07
261	  0.959772	  0.436436	  2.81802e-05	  1.61478e-06	  24	  4.10354e-07
262	  0.888577	  0	  3.35192e-05	  1.64188e-06	  6	  7.52387e-07
263	  0.894726	  0.117041	  3.29953e-05	  1.45018e-06	  12	  4.9114e-07
264	  0.912926	  0.229416	  3.15355e-05	  1.55127e-06	  12	  5.25375e-07
265	  0.942478	  0.333333	  2.93614e-05	  1.45246e-06	  12	  4.91913e-07
266	  0.982358	  0.426401	  2.67353e-05	  1.3849e-06	  12	  4.69032e-07
267	  0.894726	  0	  3.29953e-05	  1.23109e-06	  12	  4.1694e-07
268	  0.900833	  0.116248	  3.25026e-05	  1.5403e-06	  24	  3.91428e-07
269	  0.918912	  0.227921	  3.10827e-05	  1.44599e-06	  24	  3.6746e-07
270	  0.948278	  0.331295	  2.89526e-05	  1.74137e-06	  24	  4.42525e-07
271	  0.987924	  0.423999	  2.63897e-05	  1.2347e-06	  24	  3.13767e-07
272	  0.900833	  0	  3.25026e-05	  1.75789e-06	  12	  5.95353e-07
273	  0.9069	  0.11547	  3.20174e-05	  1.0317e-06	  24	  2.6218e-07
274	  0.92486	  0.226455	  3.06362e-05	  1.14535e-06	  24	  2.91062e-07
275	  0.954042	  0.329293	  2.85597e-05	  1.52244e-06	  24	  3.86888e-07
276	  0.993459	  0.421637	  2.60602e-05	  1.68011e-06	  24	  4.26956e-07
277	  0.936642	  0	  2.97727e-05	  8.78906e-07	  12	  2.97663e-07
278	  0.942478	  0.111111	  2.93614e-05	  1.35212e-06	  24	  3.43605e-07
279	  0.959772	  0.218218	  2.81802e-05	  9.86504e-07	  24	  2.50695e-07
280	  0.987924	  0.317999	  2.63897e-05	  1.0407e-06	  24	  2.64468e-07
281	  0.942478	  0	  2.93614e-05	  2.95858e-06	  6	  1.35577e-06
282	  0.948278	  0.110432	  2.89526e-05	  1.79772e-06	  12	  6.08845e-07
283	  0.965468	  0.21693	  2.78031e-05	  1.33505e-06	  12	  4.5215e-07
284	  0.993459	  0.316228	  2.60602e-05	  1.27968e-06	  12	  4.33397e-07
285	  0.948278	  0	  2.89526e-05	  1.73317e-06	  12	  5.86983e-07
286	  0.954042	  0.109764	  2.85597e-05	  1.05502e-06	  24	  2.68107e-07
287	  0.971131	  0.215666	  2.74323e-05	  8.48095e-07	  24	  2.15522e-07
288	  0.998963	  0.314485	  2.57393e-05	  1.37481e-06	  24	  3.49371e-07
289	  0.965468	  0	  2.78031e-05	  1.03789e-06	  24	  2.63754e-07
290	  0.971131	  0.107833	  2.74323e-05	  1.29557e-06	  48	  2.51778e-07
291	  0.987924	  0.212	  2.63897e-05	  1.32928e-06	  48	  2.58328e-07
292	  0.987924	  0	  2.63897e-05	  1.16804e-06	  12	  3.95586e-07
293	  0.993459	  0.105409	  2.60602e-05	  1.39108e-06	  24	  3.53506e-07
294	  0.993459	  0	  2.60602e-05	  9.55822e-07	  12	  3.23713e-07
295	  0.998963	  0.104828	  2.57393e-05	  1.09382e-06	  24	  2.77965e-07
296	  1.08818	  0.030936	  2.11824e-05	  1.0261e-06	  138	  1.38652e-07
297	  1.08818	  0.0938307	  2.11824e-05	  9.18449e-07	  252	  1.03779e-07
298	  1.08818	  0.156319	  2.11824e-05	  8.60132e-07	  72	  1.44374e-07
299	  1.08818	  0.218712	  2.11824e-05	  9.33422e-07	  216	  1.10182e-07
300	  1.08818	  0.281224	  2.11824e-05	  1.1194e-06	  288	  1.21931e-07
301	  1.08818	  0.343807	  2.11824e-05	  9.42416e-07	  120	  1.33151e-07
302	  1.08818	  0.406302	  2.11824e-05	  1.42038e-06	  180	  1.76888e-07
303	  1.08818	  0.468745	  2.11824e-05	  1.50857e-06	  180	  1.8787e-07
304	  1.08818	  0.531226	  2.11824e-05	  1.51959e-06	  192	  1.85647e-07
305	  1.08818	  0.593785	  2.11824e-05	  1.99365e-06	  192	  2.43561e-07
306	  1.08818	  0.656281	  2.11824e-05	  1.83845e-06	  168	  2.33762e-07
307	  1.08818	  0.718743	  2.11824e-05	  2.08309e-06	  228	  2.42111e-07
308	  1.08818	  0.781255	  2.11824e-05	  2.53596e-06	  144	  3.38129e-07
309	  1.08818	  0.843774	  2.11824e-05	  2.41693e-06	  240	  2.76859e-07
310	  1.08818	  0.90628	  2.11824e-05	  3.46466e-06	  168	  4.40537e-07
311	  1.08818	  0.968758	  2.11824e-05	  3.14054e-06	  150	  4.13451e-07
312	  1.25577	  0.030936	  1.52353e-05	  7.24352e-07	  198	  8.7695e-08
313	  1.25577	  0.0938307	  1.52353e-05	  7.22644e-07	  396	  7.24464e-08
314	  1.25577	  0.156319	  1.52353e-05	  7.60964e-07	  396	  7.62881e-08
315	  1.25577	  0.218712	  1.52353e-05	  6.98821e-07	  204	  8.38684e-08
316	  1.25577	  0.281224	  1.52353e-05	  7.97694e-07	  216	  9.41609e-08
317	  1.25577	  0.343807	  1.52353e-05	  8.35528e-07	  372	  8.50965e-08
318	  1.25577	  0.406302	  1.52353e-05	  9.29821e-07	  312	  9.91318e-08
319	  1.25577	  0.468745	  1.52353e-05	  9.67912e-07	  288	  1.0543e-07
320	  1.25577	  0.531226	  1.52353e-05	  1.22147e-06	  264	  1.3625e-07
321	  1.25577	  0.593785	  1.52353e-05	  1.12335e-06	  312	  1.19765e-07
322	  1.25577	  0.656281	  1.52353e-05	  1.34622e-06	  276	  1.48343e-07
323	  1.25577	  0.718743	  1.52353e-05	  1.42732e-06	  312	  1.52172e-07
324	  1.25577	  0.781255	  1.52353e-05	  1.63826e-06	  276	  1.80525e-07
325	  1.25577	  0.843774	  1.52353e-05	  2.01909e-06	  240	  2.31286e-07
326	  1.25577	  0.90628	  1.52353e-05	  2.39261e-06	  324	  2.52553e-07
327	  1.25577	  0.968758	  1.52353e-05	  2.64406e-06	  315	  2.81179e-07
328	  1.45182	  0.030936	  1.0868e-05	  5.27681e-07	  246	  6.00278e-08
329	  1.45182	  0.0938307	  1.0868e-05	  4.87697e-07	  516	  4.58545e-08
330	  1.45182	  0.156319	  1.0868e-05	  5.54792e-07	  504	  5.2452e-08
331	  1.45182	  0.218712	  1.0868e-05	  5.46744e-07	  528	  5.11312e-08
332	  1.45182	  0.281224	  1.0868e-05	  5.40738e-07	  504	  5.11233e-08
333	  1.45182	  0.343807	  1.0868e-05	  6.17481e-07	  384	  6.23848e-08
334	  1.45182	  0.406302	  1.0868e-05	  7.39866e-07	  420	  7.30951e-08
335	  1.45182	  0.468745	  1.0868e-05	  6.47564e-07	  468	  6.23118e-08
336	  1.45182	  0.531226	  1.0868e-05	  7.32341e-07	  480	  7.00437e-08
337	  1.45182	  0.593785	  1.0868e-05	  8.35242e-07	  468	  8.03712e-08
338	  1.45182	  0.656281	  1.0868e-05	  9.40298e-07	  396	  9.42666e-08
339	  1.45182	  0.718743	  1.0868e-05	  9.40678e-07	  456	  9.10852e-08
340	  1.45182	  0.781255	  1.0868e-05	  1.15368e-06	  432	  1.1319e-07
341	  1.45182	  0.843774	  1.0868e-05	  1.38783e-06	  480	  1.32737e-07
342	  1.45182	  0.90628	  1.0868e-05	  1.55224e-06	  480	  1.48462e-07
343	  1.45182	  0.968758	  1.0868e-05	  1.68015e-06	  414	  1.66583e-07
344	  1.68148	  0.030936	  7.69246e-06	  3.3994e-07	  798	  2.90308e-08
345	  1.68148	  0.0938307	  7.69246e-06	  3.87868e-07	  708	  3.39704e-08
346	  1.68148	  0.156319	  7.69246e-06	  3.72591e-07	  684	  3.2876e-08
347	  1.68148	  0.218712	  7.69246e-06	  4.13479e-07	  720	  3.60834e-08
348	  1.68148	  0.281224	  7.69246e-06	  4.05742e-07	  708	  3.55358e-08
349	  1.68148	  0.343807	  7.69246e-06	  4.22883e-07	  720	  3.69041e-08
350	  1.68148	  0.406302	  7.69246e-06	  4.67463e-07	  672	  4.1406e-08
351	  1.68148	  0.468745	  7.69246e-06	  5.02979e-07	  732	  4.37396e-08
352	  1.68148	  0.531226	  7.69246e-06	  5.61788e-07	  672	  4.97609e-08
353	  1.68148	  0.593785	  7.69246e-06	  5.95165e-07	  708	  5.21259e-08
354	  1.68148	  0.656281	  7.69246e-06	  6.07492e-07	  744	  5.26463e-08
355	  1.68148	  0.718743	  7.69246e-06	  7.66112e-07	  744	  6.63926e-08
356	  1.68148	  0.781255	  7.69246e-06	  7.95101e-07	  696	  6.98933e-08
357	  1.68148	  0.843774	  7.69246e-06	  8.91242e-07	  708	  7.8057e-08
358	  1.68148	  0.90628	  7.69246e-06	  1.06129e-06	  696	  9.32928e-08
359	  1.68148	  0.968758	  7.69246e-06	  1.1839e-06	  741	  1.02687e-07
360	  1.94819	  0.030936	  5.41787e-06	  2.7608e-07	  1368	  2.12683e-08
361	  1.94819	  0.0938307	  5.41787e-06	  2.75916e-07	  924	  2.28728e-08
362	  1.94819	  0.156319	  5.41787e-06	  2.97531e-07	  972	  2.44199e-08
363	  1.94819	  0.218712	  5.41787e-06	  2.83776e-07	  972	  2.3291e-08
364	  1.94819	  0.281224	  5.41787e-06	  2.84314e-07	  1200	  2.24232e-08
365	  1.94819	  0.343807	  5.41787e-06	  3.03378e-07	  1140	  2.41542e-08
366	  1.94819	  0.406302	  5.41787e-06	  3.32168e-07	  1080	  2.67159e-08
367	  1.94819	  0.468745	  5.41787e-06	  3.62604e-07	  1068	  2.92257e-08
368	  1.94819	  0.531226	  5.41787e-06	  3.80023e-07	  1164	  3.01398e-08
369	  1.94819	  0.593785	  5.41787e-06	  4.10666e-07	  1188	  3.24479e-08
370	  1.94819	  0.656281	  5.41787e-06	  4.43954e-07	  1068	  3.57825e-08
371	  1.94819	  0.718743	  5.41787e-06	  4.66224e-07	  1008	  3.79959e-08
372	  1.94819	  0.781255	  5.41787e-06	  5.93457e-07	  1164	  4.70674e-08
373	  1.94819	  0.843774	  5.41787e-06	  5.78251e-07	  1176	  4.57747e-08
374	  1.94819	  0.90628	  5.41787e-06	  7.1459e-07	  1080	  5.74737e-08
375	  1.94819	  0.968758	  5.41787e-06	  7.92045e-07	  1038	  6.41862e-08
376	  2.25604	  0.030936	  3.80814e-06	  1.96185e-07	  1896	  1.43148e-08
377	  2.25604	  0.0938307	  3.80814e-06	  1.9555e-07	  1272	  1.52604e-08
378	  2.25604	  0.156319	  3.80814e-06	  1.92313e-07	  2040	  1.38735e-08
379	  2.25604	  0.218712	  3.80814e-06	  2.07602e-07	  1740	  1.53569e-08
380	  2.25604	  0.281224	  3.80814e-06	  2.17103e-07	  1584	  1.631e-08
381	  2.25604	  0.343807	  3.80814e-06	  2.18482e-07	  1764	  1.61261e-08
382	  2.25604	  0.406302	  3.80814e-06	  2.30203e-07	  1632	  1.72085e-08
383	  2.25604	  0.468745	  3.80814e-06	  2.45391e-07	  1860	  1.79594e-08
384	  2.25604	  0.531226	  3.80814e-06	  2.59183e-07	  1560	  1.95213e-08
385	  2.25604	  0.593785	  3.80814e-06	  2.87857e-07	  1692	  2.13909e-08
386	  2.25604	  0.656281	  3.80814e-06	  3.27289e-07	  1704	  2.42931e-08
387	  2.25604	  0.718743	  3.80814e-06	  3.43457e-07	  1824	  2.52147e-08
388	  2.25604	  0.781255	  3.80814e-06	  3.76618e-07	  1668	  2.80525e-08
389	  2.25604	  0.843774	  3.80814e-06	  4.10637e-07	  1680	  3.05504e-08
390	  2.25604	  0.90628	  3.80814e-06	  4.56328e-07	  1776	  3.36446e-08
391	  2.25604	  0.968758	  3.80814e-06	  5.0788e-07	  1656	  3.78745e-08
392	  2.61216	  0.030936	  2.66945e-06	  1.40874e-07	  2586	  9.81392e-09
393	  2.61216	  0.0938307	  2.66945e-06	  1.40361e-07	  3036	  9.56547e-09
394	  2.61216	  0.156319	  2.66945e-06	  1.45579e-07	  2124	  1.04377e-08
395	  2.61216	  0.218712	  2.66945e-06	  1.44243e-07	  2940	  9.87242e-09
396	  2.61216	  0.281224	  2.66945e-06	  1.57431e-07	  2616	  1.09496e-08
397	  2.61216	  0.343807	  2.66945e-06	  1.53716e-07	  2448	  1.07926e-08
398	  2.61216	  0.406302	  2.66945e-06	  1.63316e-07	  2916	  1.11902e-08
399	  2.61216	  0.468745	  2.66945e-06	  1.77759e-07	  2544	  1.24123e-08
400	  2.61216	  0.531226	  2.66945e-06	  1.88328e-07	  2652	  1.30734e-08
401	  2.61216	  0.593785	  2.66945e-06	  1.93908e-07	  2748	  1.33944e-08
402	  2.61216	  0.656281	  2.66945e-06	  2.25044e-07	  2676	  1.56025e-08
403	  2.61216	  0.718743	  2.66945e-06	  2.2561e-07	  2472	  1.58182e-08
404	  2.61216	  0.781255	  2.66945e-06	  2.57984e-07	  2616	  1.79432e-08
405	  2.61216	  0.843774	  2.66945e-06	  2.75955e-07	  2736	  1.90735e-08
406	  2.61216	  0.90628	  2.66945e-06	  2.85269e-07	  2568	  1.98928e-08
407	  2.61216	  0.968758	  2.66945e-06	  3.17423e-07	  2745	  2.19297e-08
408	  3.02645	  0.030936	  1.86197e-06	  1.04779e-07	  3414	  7.03219e-09
409	  3.02645	  0.0938307	  1.86197e-06	  1.04e-07	  4512	  6.74829e-09
410	  3.02645	  0.156319	  1.86197e-06	  1.01408e-07	  4632	  6.56043e-09
411	  3.02645	  0.218712	  1.86197e-06	  1.01443e-07	  3972	  6.68174e-09
412	  3.02645	  0.281224	  1.86197e-06	  1.07192e-07	  4176	  7.01836e-09
413	  3.02645	  0.343807	  1.86197e-06	  1.12323e-07	  4344	  7.32035e-09
414	  3.02645	  0.406302	  1.86197e-06	  1.12484e-07	  4044	  7.39302e-09
415	  3.02645	  0.468745	  1.86197e-06	  1.24083e-07	  4092	  8.1439e-09
416	  3.02645	  0.531226	  1.86197e-06	  1.3239e-07	  4296	  8.63936e-09
417	  3.02645	  0.593785	  1.86197e-06	  1.35252e-07	  3996	  8.9022e-09
418	  3.02645	  0.656281	  1.86197e-06	  1.4585e-07	  4188	  9.54626e-09
419	  3.02645	  0.718743	  1.86197e-06	  1.60418e-07	  4212	  1.04927e-08
420	  3.02645	  0.781255	  1.86197e-06	  1.62447e-07	  4140	  1.06471e-08
421	  3.02645	  0.843774	  1.86197e-06	  1.76246e-07	  4128	  1.15555e-08
422	  3.02645	  0.90628	  1.86197e-06	  1.94909e-07	  4188	  1.27573e-08
423	  3.02645	  0.968758	  1.86197e-06	  1.99303e-07	  4128	  1.30671e-08
424	  3.50419	  0.030936	  1.29759e-06	  7.46121e-08	  7002	  4.62226e-09
425	  3.50419	  0.0938307	  1.29759e-06	  7.38541e-08	  6240	  4.62764e-09
426	  3.50419	  0.156319	  1.29759e-06	  7.39038e-08	  5964	  4.65216e-09
427	  3.50419	  0.218712	  1.29759e-06	  7.56456e-08	  6180	  4.74453e-09
428	  3.50419	  0.281224	  1.29759e-06	  7.54486e-08	  6420	  4.71407e-09
429	  3.50419	  0.343807	  1.29759e-06	  7.71768e-08	  6516	  4.81492e-09
430	  3.50419	  0.406302	  1.29759e-06	  8.14239e-08	  6312	  5.09606e-09
431	  3.50419	  0.468745	  1.29759e-06	  8.62035e-08	  6276	  5.39831e-09
432	  3.50419	  0.531226	  1.29759e-06	  8.8031e-08	  6360	  5.50539e-09
433	  3.50419	  0.593785	  1.29759e-06	  9.19715e-08	  6408	  5.7475e-09
434	  3.50419	  0.656281	  1.29759e-06	  9.91361e-08	  6360	  6.1999e-09
435	  3.50419	  0.718743	  1.29759e-06	  9.85898e-08	  6336	  6.16807e-09
436	  3.50419	  0.781255	  1.29759e-06	  1.05539e-07	  6372	  6.59909e-09
437	  3.50419	  0.843774	  1.29759e-06	  1.09977e-07	  6456	  6.8676e-09
438	  3.50419	  0.90628	  1.29759e-06	  1.12655e-07	  6360	  7.04537e-09
439	  3.50419	  0.968758	  1.29759e-06	  1.15924e-07	  6327	  7.25358e-09
440	  4.05763	  0.030936	  9.01697e-07	  5.36569e-08	  10392	  3.2092e-09
441	  4.05763	  0.0938307	  9.01697e-07	  5.12324e-08	  9420	  3.08948e-09
442	  4.05763	  0.156319	  9.01697e-07	  5.30042e-08	  10176	  3.17565e-09
443	  4.05763	  0.218712	  9.01697e-07	  5.25651e-08	  10260	  3.1472e-09
444	  4.05763	  0.281224	  9.01697e-07	  5.23823e-08	  9528	  3.15576e-09
445	  4.05763	  0.343807	  9.01697e-07	  5.43046e-08	  10140	  3.25451e-09
446	  4.05763	  0.406302	  9.01697e-07	  5.56375e-08	  9960	  3.33937e-09
447	  4.05763	  0.468745	  9.01697e-07	  5.61843e-08	  10068	  3.36916e-09
448	  4.05763	  0.531226	  9.01697e-07	  5.88217e-08	  9996	  3.52942e-09
449	  4.05763	  0.593785	  9.01697e-07	  6.07325e-08	  9828	  3.64924e-09
450	  4.05763	  0.656281	  9.01697e-07	  6.19101e-08	  10032	  3.71362e-09
451	  4.05763	  0.718743	  9.01697e-07	  6.44349e-08	  9924	  3.86856e-09
452	  4.05763	  0.781255	  9.01697e-07	  6.44545e-08	  10116	  3.86356e-09
453	  4.05763	  0.843774	  9.01697e-07	  6.57618e-08	  9888	  3.94942e-09
454	  4.05763	  0.90628	  9.01697e-07	  6.62914e-08	  10008	  3.97722e-09
455	  4.05763	  0.968758	  9.01697e-07	  6.60643e-08	  9978	  3.96459e-09
456	  4.69917	  0.030936	  6.24538e-07	  3.76792e-08	  13626	  2.20675e-09
457	  4.69917	  0.0938307	  6.24538e-07	  3.65898e-08	  16392	  2.11528e-09
458	  4.69917	  0.156319	  6.24538e-07	  3.65966e-08	  15708	  2.12183e-09
459	  4.69917	  0.218712	  6.24538e-07	  3.6306e-08	  15432	  2.10756e-09
460	  4.69917	  0.281224	  6.24538e-07	  3.60335e-08	  15780	  2.08853e-09
461	  4.69917	  0.343807	  6.24538e-07	  3.55615e-08	  15300	  2.06557e-09
462	  4.69917	  0.406302	  6.24538e-07	  3.69911e-08	  15588	  2.14583e-09
463	  4.69917	  0.468745	  6.24538e-07	  3.64707e-08	  15396	  2.11746e-09
464	  4.69917	  0.531226	  6.24538e-07	  3.81719e-08	  15504	  2.21516e-09
465	  4.69917	  0.593785	  6.24538e-07	  3.85369e-08	  15660	  2.23479e-09
466	  4.69917	  0.656281	  6.24538e-07	  3.89933e-08	  15192	  2.26602e-09
467	  4.69917	  0.718743	  6.24538e-07	  3.82213e-08	  15600	  2.21708e-09
468	  4.69917	  0.781255	  6.24538e-07	  3.82899e-08	  15216	  2.22491e-09
469	  4.69917	  0.843774	  6.24538e-07	  3.82646e-08	  15516	  2.22042e-09
470	  4.69917	  0.90628	  6.24538e-07	  3.67451e-08	  15540	  2.13202e-09
471	  4.69917	  0.968758	  6.24538e-07	  3.7088e-08	  15405	  2.15321e-09
472	  5.4432	  0.030936	  4.31474e-07	  2.6345e-08	  26250	  1.47986e-09
473	  5.4432	  0.0938307	  4.31474e-07	  2.56093e-08	  22392	  1.45161e-09
474	  5.4432	  0.156319	  4.31474e-07	  2.5384e-08	  24516	  1.43132e-09
475	  5.4432	  0.218712	  4.31474e-07	  2.52039e-08	  23592	  1.42429e-09
476	  5.4432	  0.281224	  4.31474e-07	  2.43443e-08	  24264	  1.3735e-09
477	  5.4432	  0.343807	  4.31474e-07	  2.43278e-08	  23928	  1.37366e-09
478	  5.4432	  0.406302	  4.31474e-07	  2.39506e-08	  24120	  1.35175e-09
479	  5.4432	  0.468745	  4.31474e-07	  2.37983e-08	  23964	  1.34365e-09
480	  5.4432	  0.531226	  4.31474e-07	  2.35606e-08	  24060	  1.32992e-09
481	  5.4432	  0.593785	  4.31474e-07	  2.32793e-08	  24108	  1.31389e-09
482	  5.4432	  0.656281	  4.31474e-07	  2.2837e-08	  24228	  1.28857e-09
483	  5.4432	  0.718743	  4.31474e-07	  2.24209e-08	  24144	  1.26534e-09
484	  5.4432	  0.781255	  4.31474e-07	  2.17582e-08	  23940	  1.22854e-09
485	  5.4432	  0.843774	  4.31474e-07	  2.07295e-08	  24192	  1.16975e-09
486	  5.4432	  0.90628	  4.31474e-07	  1.94031e-08	  23988	  1.09543e-09
487	  5.4432	  0.968758	  4.31474e-07	  1.8795e-08	  24141	  1.06072e-09
488	  6.30378	  0.030936	  2.97597e-07	  1.84298e-08	  35082	  1.01988e-09
489	  6.30378	  0.0938307	  2.97597e-07	  1.75022e-08	  39108	  9.63613e-10
490	  6.30378	  0.156319	  2.97597e-07	  1.72779e-08	  36924	  9.53809e-10
491	  6.30378	  0.218712	  2.97597e-07	  1.65924e-08	  37692	  9.15083e-10
492	  6.30378	  0.281224	  2.97597e-07	  1.60994e-08	  37092	  8.88565e-10
493	  6.30378	  0.343807	  2.97597e-07	  1.56263e-08	  37536	  8.61971e-10
494	  6.30378	  0.406302	  2.97597e-07	  1.50602e-08	  36984	  8.31322e-10
495	  6.30378	  0.468745	  2.97597e-07	  1.46155e-08	  37428	  8.06324e-10
496	  6.30378	  0.531226	  2.97597e-07	  1.40844e-08	  37392	  7.77058e-10
497	  6.30378	  0.593785	  2.97597e-07	  1.36435e-08	  37200	  7.52915e-10
498	  6.30378	  0.656281	  2.97597e-07	  1.28184e-08	  36924	  7.07629e-10
499	  6.30378	  0.718743	  2.97597e-07	  1.21266e-08	  37272	  6.69145e-10
500	  6.30378	  0.781255	  2.97597e-07	  1.13072e-08	  37284	  6.23921e-10
501	  6.30378	  0.843774	  2.97597e-07	  1.03735e-08	  37188	  5.72466e-10
502	  6.30378	  0.90628	  2.97597e-07	  9.54828e-09	  37320	  5.2684e-10
503	  6.30378	  0.968758	  2.97597e-07	  8.60589e-09	  37119	  4.74963e-10
504	  7.30029	  0.030936	  2.0475e-07	  1.24506e-08	  60258	  6.73252e-10
505	  7.30029	  0.0938307	  2.0475e-07	  1.18088e-08	  56916	  6.39941e-10
506	  7.30029	  0.156319	  2.0475e-07	  1.14549e-08	  56820	  6.20799e-10
507	  7.30029	  0.218712	  2.0475e-07	  1.08331e-08	  58716	  5.86363e-10
508	  7.30029	  0.281224	  2.0475e-07	  1.02551e-08	  57840	  5.55398e-10
509	  7.30029	  0.343807	  2.0475e-07	  9.78133e-09	  57612	  5.29818e-10
510	  7.30029	  0.406302	  2.0475e-07	  9.17447e-09	  58464	  4.96667e-10
511	  7.30029	  0.468745	  2.0475e-07	  8.56404e-09	  57948	  4.63778e-10
512	  7.30029	  0.531226	  2.0475e-07	  7.9307e-09	  57708	  4.29548e-10
513	  7.30029	  0.593785	  2.0475e-07	  7.33009e-09	  58236	  3.96879e-10
514	  7.30029	  0.656281	  2.0475e-07	  6.69274e-09	  58008	  3.62425e-10
515	  7.30029	  0.718743	  2.0475e-07	  6.05954e-09	  58200	  3.28094e-10
516	  7.30029	  0.781255	  2.0475e-07	  5.39589e-09	  58128	  2.92175e-10
517	  7.30029	  0.843774	  2.0475e-07	  4.77529e-09	  57972	  2.58598e-10
518	  7.30029	  0.90628	  2.0475e-07	  4.25345e-09	  57960	  2.3034e-10
519	  7.30029	  0.968758	  2.0475e-07	  3.64465e-09	  58122	  1.9735e-10
520	  8.455	  0.030936	  1.40622e-07	  8.23531e-09	  90198	  4.39186e-10
521	  8.455	  0.0938307	  1.40622e-07	  7.7642e-09	  89292	  4.14193e-10
522	  8.455	  0.156319	  1.40622e-07	  7.33021e-09	  90804	  3.90836e-10
523	  8.455	  0.218712	  1.40622e-07	  6.79828e-09	  89628	  3.62622e-10
524	  8.455	  0.281224	  1.40622e-07	  6.24591e-09	  89844	  3.33133e-10
525	  8.455	  0.343807	  1.40622e-07	  5.71725e-09	  90636	  3.04853e-10
526	  8.455	  0.406302	  1.40622e-07	  5.21594e-09	  89628	  2.7822e-10
527	  8.455	  0.468745	  1.40622e-07	  4.63652e-09	  89772	  2.47301e-10
528	  8.455	  0.531226	  1.40622e-07	  4.1377e-09	  90324	  2.20653e-10
529	  8.455	  0.593785	  1.40622e-07	  3.63188e-09	  89784	  1.93715e-10
530	  8.455	  0.656281	  1.40622e-07	  3.18582e-09	  90216	  1.69898e-10
531	  8.455	  0.718743	  1.40622e-07	  2.7582e-09	  89796	  1.47114e-10
532	  8.455	  0.781255	  1.40622e-07	  2.37395e-09	  90120	  1.26606e-10
533	  8.455	  0.843774	  1.40622e-07	  2.00369e-09	  90132	  1.06859e-10
534	  8.455	  0.90628	  1.40622e-07	  1.70277e-09	  89916	  9.08169e-11
535	  8.455	  0.968758	  1.40622e-07	  1.39035e-09	  89964	  7.41532e-11
536	  9.79129	  0.030936	  9.63857e-08	  5.30687e-09	  139068	  2.79574e-10
537	  9.79129	  0.0938307	  9.63857e-08	  4.88223e-09	  141180	  2.57105e-10
538	  9.79129	  0.156319	  9.63857e-08	  4.52727e-09	  139380	  2.3849e-10
539	  9.79129	  0.218712	  9.63857e-08	  4.0897e-09	  138804	  2.15462e-10
540	  9.79129	  0.281224	  9.63857e-08	  3.62013e-09	  140952	  1.90649e-10
541	  9.79129	  0.343807	  9.63857e-08	  3.1447e-09	  139668	  1.65649e-10
542	  9.79129	  0.406302	  9.63857e-08	  2.71588e-09	  139464	  1.43067e-10
543	  9.79129	  0.468745	  9.63857e-08	  2.32994e-09	  139812	  1.22728e-10
544	  9.79129	  0.531226	  9.63857e-08	  1.94636e-09	  139884	  1.02522e-10
545	  9.79129	  0.593785	  9.63857e-08	  1.64809e-09	  140184	  8.68063e-11
546	  9.79129	  0.656281	  9.63857e-08	  1.38562e-09	  139404	  7.29921e-11
547	  9.79129	  0.718743	  9.63857e-08	  1.13528e-09	  139932	  5.9799e-11
548	  9.79129	  0.781255	  9.63857e-08	  9.36516e-10	  139980	  4.93289e-11
549	  9.79129	  0.843774	  9.63857e-08	  7.56761e-10	  139632	  3.98633e-11
550	  9.79129	  0.90628	  9.63857e-08	  6.0905e-10	  140088	  3.20797e-11
551	  9.79129	  0.968758	  9.63857e-08	  4.70814e-10	  139623	  2.48007e-11
