#n	   k	      mu	    PL	    Pf	     w	     err  
0	  0.10472	  1	  0.00276739	  0.000696484	  3	  0.00043694
1	  0.20944	  1	  0.000983009	  0.000202655	  3	  0.000127136
2	  0.314159	  1	  0.000460441	  0.000179818	  3	  0.000112809
3	  0.418879	  1	  0.000258057	  3.08258e-05	  3	  1.93386e-05
4	  0.523599	  1	  0.000163143	  1.19994e-05	  3	  7.52781e-06
5	  0.628319	  1	  0.000110542	  6.42669e-05	  3	  4.03179e-05
6	  0.733038	  1	  7.90303e-05	  2.49959e-05	  3	  1.56812e-05
7	  0.837758	  1	  5.88269e-05	  1.86988e-05	  3	  1.17307e-05
8	  0.942478	  1	  4.51737e-05	  3.48684e-06	  3	  2.18747e-06
9	  0.10472	  0	  0.00276739	  0.000114113	  6	  5.22922e-05
10	  0.148096	  0.707107	  0.00175985	  0.000169532	  12	  5.74161e-05
11	  0.23416	  0.894427	  0.000778677	  0.000201347	  12	  6.81912e-05
12	  0.331153	  0.948683	  0.000416969	  8.59176e-05	  12	  2.90981e-05
13	  0.431771	  0.970143	  0.000242853	  4.17831e-05	  12	  1.41509e-05
14	  0.533968	  0.980581	  0.000156478	  2.76242e-05	  12	  9.35563e-06
15	  0.636985	  0.986394	  0.000107301	  1.99832e-05	  12	  6.7678e-06
16	  0.74048	  0.989949	  7.73204e-05	  2.14111e-05	  12	  7.2514e-06
17	  0.844278	  0.992278	  5.78037e-05	  1.30551e-05	  12	  4.42142e-06
18	  0.948278	  0.993884	  4.45448e-05	  1.203e-05	  12	  4.07427e-06
19	  0.148096	  0	  0.00175985	  6.53746e-05	  6	  2.99578e-05
20	  0.18138	  0.57735	  0.0012485	  9.48456e-05	  12	  3.21218e-05
21	  0.25651	  0.816497	  0.000685318	  0.000103143	  12	  3.49318e-05
22	  0.347316	  0.904534	  0.000375577	  5.70546e-05	  12	  1.9323e-05
23	  0.444288	  0.942809	  0.000229579	  3.24508e-05	  12	  1.09903e-05
24	  0.54414	  0.96225	  0.000150265	  3.5806e-05	  12	  1.21266e-05
25	  0.645536	  0.973329	  0.000104283	  1.90559e-05	  12	  6.45376e-06
26	  0.747849	  0.980196	  7.56299e-05	  1.59043e-05	  12	  5.38638e-06
27	  0.850747	  0.984732	  5.6843e-05	  1.56078e-05	  12	  5.28597e-06
28	  0.954042	  0.987878	  4.39402e-05	  1.03566e-05	  12	  3.50753e-06
29	  0.20944	  0	  0.000983009	  3.95205e-05	  6	  1.81102e-05
30	  0.23416	  0.447214	  0.000778677	  6.31992e-05	  12	  2.1404e-05
31	  0.296192	  0.707107	  0.000507056	  7.3989e-05	  12	  2.50583e-05
32	  0.377572	  0.83205	  0.000319571	  5.33203e-05	  12	  1.80582e-05
33	  0.468321	  0.894427	  0.000205981	  4.30188e-05	  12	  1.45694e-05
34	  0.563933	  0.928477	  0.000139283	  1.47683e-05	  12	  5.00167e-06
35	  0.662306	  0.948683	  9.86289e-05	  1.72591e-05	  12	  5.84522e-06
36	  0.762371	  0.961524	  7.24968e-05	  1.33051e-05	  12	  4.50611e-06
37	  0.863541	  0.970143	  5.49714e-05	  6.07081e-06	  12	  2.05603e-06
38	  0.965468	  0.976187	  4.27761e-05	  7.90232e-06	  12	  2.67632e-06
39	  0.23416	  0	  0.000778677	  4.06446e-05	  12	  1.37653e-05
40	  0.25651	  0.408248	  0.000685318	  4.10997e-05	  24	  1.04444e-05
41	  0.314159	  0.666667	  0.000460441	  5.5454e-05	  24	  1.40922e-05
42	  0.391825	  0.801784	  0.000297534	  3.90545e-05	  24	  9.92469e-06
43	  0.479886	  0.872872	  0.000195499	  4.86223e-05	  24	  1.23561e-05
44	  0.573574	  0.912871	  0.00013443	  2.07878e-05	  24	  5.28268e-06
45	  0.670534	  0.937043	  9.6046e-05	  1.4572e-05	  24	  3.70309e-06
46	  0.76953	  0.952579	  7.10354e-05	  1.42741e-05	  24	  3.6274e-06
47	  0.869868	  0.963087	  5.40893e-05	  1.21446e-05	  24	  3.08623e-06
48	  0.971131	  0.970495	  4.22057e-05	  8.61017e-06	  24	  2.18805e-06
49	  0.296192	  0	  0.000507056	  2.27027e-05	  6	  1.04035e-05
50	  0.314159	  0.333333	  0.000460441	  3.02729e-05	  12	  1.02527e-05
51	  0.36276	  0.57735	  0.000343765	  2.68188e-05	  12	  9.08285e-06
52	  0.431771	  0.727607	  0.000242853	  3.27941e-05	  12	  1.11065e-05
53	  0.51302	  0.816497	  0.000170244	  3.06814e-05	  12	  1.0391e-05
54	  0.601569	  0.870388	  0.000121384	  2.10104e-05	  12	  7.11569e-06
55	  0.694632	  0.904534	  8.89354e-05	  2.00382e-05	  12	  6.78644e-06
56	  0.790617	  0.927173	  6.69054e-05	  1.0142e-05	  12	  3.43484e-06
57	  0.888577	  0.942809	  5.15706e-05	  9.6925e-06	  12	  3.28261e-06
58	  0.987924	  0.953998	  4.06016e-05	  5.47943e-06	  12	  1.85575e-06
59	  0.314159	  0	  0.000460441	  2.77512e-05	  6	  1.27169e-05
60	  0.331153	  0.316228	  0.000416969	  2.62771e-05	  12	  8.89942e-06
61	  0.377572	  0.5547	  0.000319571	  3.4044e-05	  12	  1.15298e-05
62	  0.444288	  0.707107	  0.000229579	  1.95567e-05	  12	  6.62337e-06
63	  0.523599	  0.8	  0.000163143	  2.84706e-05	  12	  9.64228e-06
64	  0.610616	  0.857493	  0.000117549	  1.00503e-05	  12	  3.40377e-06
65	  0.702481	  0.894427	  8.67717e-05	  1.19885e-05	  12	  4.0602e-06
66	  0.797522	  0.919145	  6.56259e-05	  1.19393e-05	  12	  4.04354e-06
67	  0.894726	  0.936329	  5.07646e-05	  5.71408e-06	  12	  1.93522e-06
68	  0.993459	  0.948683	  4.00947e-05	  7.78167e-06	  12	  2.63546e-06
69	  0.331153	  0	  0.000416969	  1.84035e-05	  12	  6.23282e-06
70	  0.347316	  0.301511	  0.000375577	  1.79912e-05	  24	  4.572e-06
71	  0.391825	  0.534522	  0.000297534	  1.81612e-05	  24	  4.61521e-06
72	  0.456463	  0.688247	  0.000217407	  3.27672e-05	  24	  8.32694e-06
73	  0.533968	  0.784465	  0.000156478	  1.68143e-05	  24	  4.27293e-06
74	  0.61953	  0.845154	  0.000113955	  1.39059e-05	  24	  3.53382e-06
75	  0.710244	  0.884652	  8.47248e-05	  1.80344e-05	  24	  4.58297e-06
76	  0.804368	  0.911322	  6.43985e-05	  1.29202e-05	  24	  3.28335e-06
77	  0.900833	  0.929981	  5.00066e-05	  8.32484e-06	  24	  2.11554e-06
78	  0.998963	  0.943456	  3.9601e-05	  6.11668e-06	  24	  1.5544e-06
79	  0.377572	  0	  0.000319571	  1.61863e-05	  12	  5.48188e-06
80	  0.391825	  0.267261	  0.000297534	  1.15479e-05	  24	  2.9346e-06
81	  0.431771	  0.485071	  0.000242853	  2.23214e-05	  24	  5.67241e-06
82	  0.491179	  0.639602	  0.000186145	  1.44925e-05	  24	  3.68289e-06
83	  0.563933	  0.742781	  0.000139283	  1.96217e-05	  24	  4.98636e-06
84	  0.645536	  0.811107	  0.000104283	  1.6009e-05	  24	  4.06828e-06
85	  0.733038	  0.857143	  7.90303e-05	  1.42837e-05	  24	  3.62984e-06
86	  0.824564	  0.889001	  6.09362e-05	  6.4767e-06	  24	  1.64589e-06
87	  0.918912	  0.911685	  4.7822e-05	  8.96132e-06	  24	  2.27729e-06
88	  0.418879	  0	  0.000258057	  4.18977e-06	  6	  1.91996e-06
89	  0.431771	  0.242536	  0.000242853	  8.74456e-06	  12	  2.96156e-06
90	  0.468321	  0.447214	  0.000205981	  1.58778e-05	  12	  5.37741e-06
91	  0.523599	  0.6	  0.000163143	  1.54673e-05	  12	  5.23839e-06
92	  0.592384	  0.707107	  0.000125493	  6.39204e-06	  12	  2.16483e-06
93	  0.670534	  0.780869	  9.6046e-05	  1.54802e-05	  12	  5.24275e-06
94	  0.755145	  0.83205	  7.40547e-05	  9.35503e-06	  12	  3.16832e-06
95	  0.844278	  0.868243	  5.78037e-05	  9.03266e-06	  12	  3.05914e-06
96	  0.936642	  0.894427	  4.58065e-05	  5.69484e-06	  12	  1.9287e-06
97	  0.431771	  0	  0.000242853	  8.92274e-06	  12	  3.02191e-06
98	  0.444288	  0.235702	  0.000229579	  5.1244e-06	  24	  1.30223e-06
99	  0.479886	  0.436436	  0.000195499	  1.92191e-05	  24	  4.88403e-06
100	  0.533968	  0.588348	  0.000156478	  1.07955e-05	  24	  2.74339e-06
101	  0.601569	  0.696311	  0.000121384	  8.81995e-06	  24	  2.24136e-06
102	  0.678662	  0.771517	  9.3549e-05	  8.79215e-06	  24	  2.2343e-06
103	  0.762371	  0.824163	  7.24968e-05	  1.37794e-05	  24	  3.50168e-06
104	  0.850747	  0.86164	  5.6843e-05	  1.07514e-05	  24	  2.7322e-06
105	  0.942478	  0.888889	  4.51737e-05	  9.13336e-06	  24	  2.32101e-06
106	  0.444288	  0	  0.000229579	  8.54231e-06	  6	  3.9145e-06
107	  0.456463	  0.229416	  0.000217407	  1.4269e-05	  12	  4.83254e-06
108	  0.491179	  0.426401	  0.000186145	  1.24168e-05	  12	  4.20527e-06
109	  0.54414	  0.57735	  0.000150265	  4.89055e-06	  12	  1.65631e-06
110	  0.610616	  0.685994	  0.000117549	  1.63352e-05	  12	  5.53234e-06
111	  0.686693	  0.762493	  9.11917e-05	  1.01726e-05	  12	  3.44519e-06
112	  0.76953	  0.816497	  7.10354e-05	  8.84598e-06	  12	  2.99591e-06
113	  0.857168	  0.855186	  5.58895e-05	  5.12689e-06	  12	  1.73635e-06
114	  0.948278	  0.883452	  4.45448e-05	  4.48164e-06	  12	  1.51782e-06
115	  0.468321	  0	  0.000205981	  1.02211e-05	  12	  3.46162e-06
116	  0.479886	  0.218218	  0.000195499	  1.44205e-05	  24	  3.66459e-06
117	  0.51302	  0.408248	  0.000170244	  1.47722e-05	  24	  3.75398e-06
118	  0.563933	  0.557086	  0.000139283	  1.33637e-05	  24	  3.39604e-06
119	  0.628319	  0.666667	  0.000110542	  1.03046e-05	  24	  2.61864e-06
120	  0.702481	  0.745356	  8.67717e-05	  1.19198e-05	  24	  3.0291e-06
121	  0.783651	  0.801784	  6.82336e-05	  9.42871e-06	  24	  2.39606e-06
122	  0.869868	  0.842701	  5.40893e-05	  6.26674e-06	  24	  1.59253e-06
123	  0.959772	  0.872872	  4.33564e-05	  6.12067e-06	  24	  1.55541e-06
124	  0.523599	  0	  0.000163143	  7.46841e-06	  18	  2.13374e-06
125	  0.533968	  0.196116	  0.000156478	  7.55512e-06	  36	  1.63694e-06
126	  0.563933	  0.371391	  0.000139283	  6.85828e-06	  36	  1.48596e-06
127	  0.610616	  0.514496	  0.000117549	  8.03497e-06	  36	  1.74091e-06
128	  0.670534	  0.624695	  9.6046e-05	  8.64352e-06	  36	  1.87276e-06
129	  0.74048	  0.707107	  7.73204e-05	  8.77203e-06	  36	  1.90061e-06
130	  0.817887	  0.768221	  6.2059e-05	  7.68684e-06	  36	  1.66548e-06
131	  0.900833	  0.813733	  5.00066e-05	  7.67333e-06	  36	  1.66255e-06
132	  0.987924	  0.847998	  4.06016e-05	  6.11863e-06	  36	  1.3257e-06
133	  0.533968	  0	  0.000156478	  7.26149e-06	  12	  2.45929e-06
134	  0.54414	  0.19245	  0.000150265	  9.47694e-06	  24	  2.40832e-06
135	  0.573574	  0.365148	  0.00013443	  7.61257e-06	  24	  1.93454e-06
136	  0.61953	  0.507093	  0.000113955	  8.89077e-06	  24	  2.25936e-06
137	  0.678662	  0.617213	  9.3549e-05	  7.84088e-06	  24	  1.99256e-06
138	  0.747849	  0.70014	  7.56299e-05	  8.01218e-06	  24	  2.03609e-06
139	  0.824564	  0.762001	  6.09362e-05	  3.66138e-06	  24	  9.30444e-07
140	  0.9069	  0.80829	  4.92601e-05	  6.92049e-06	  24	  1.75866e-06
141	  0.993459	  0.843274	  4.00947e-05	  4.87339e-06	  24	  1.23845e-06
142	  0.563933	  0	  0.000139283	  3.21814e-06	  12	  1.0899e-06
143	  0.573574	  0.182574	  0.00013443	  5.98055e-06	  24	  1.5198e-06
144	  0.601569	  0.348155	  0.000121384	  7.09105e-06	  24	  1.80201e-06
145	  0.645536	  0.486664	  0.000104283	  8.01965e-06	  24	  2.03799e-06
146	  0.702481	  0.596285	  8.67717e-05	  8.05005e-06	  24	  2.04571e-06
147	  0.76953	  0.680414	  7.10354e-05	  4.90576e-06	  24	  1.24667e-06
148	  0.844278	  0.744208	  5.78037e-05	  8.19442e-06	  24	  2.0824e-06
149	  0.92486	  0.792594	  4.71351e-05	  6.14153e-06	  24	  1.56071e-06
150	  0.592384	  0	  0.000125493	  2.11166e-06	  6	  9.67663e-07
151	  0.601569	  0.174078	  0.000121384	  4.32552e-06	  12	  1.46495e-06
152	  0.628319	  0.333333	  0.000110542	  5.98615e-06	  12	  2.02736e-06
153	  0.670534	  0.468521	  9.6046e-05	  5.10497e-06	  12	  1.72893e-06
154	  0.72552	  0.57735	  8.08652e-05	  8.59233e-06	  12	  2.91001e-06
155	  0.790617	  0.662266	  6.69054e-05	  7.00832e-06	  12	  2.37354e-06
156	  0.863541	  0.727607	  5.49714e-05	  5.22756e-06	  12	  1.77044e-06
157	  0.942478	  0.777778	  4.51737e-05	  4.82419e-06	  12	  1.63383e-06
158	  0.610616	  0	  0.000117549	  5.18314e-06	  12	  1.7554e-06
159	  0.61953	  0.169031	  0.000113955	  5.03831e-06	  24	  1.28036e-06
160	  0.645536	  0.324443	  0.000104283	  6.35026e-06	  24	  1.61375e-06
161	  0.686693	  0.457496	  9.11917e-05	  6.32907e-06	  24	  1.60837e-06
162	  0.74048	  0.565685	  7.73204e-05	  6.2073e-06	  24	  1.57742e-06
163	  0.804368	  0.650945	  6.43985e-05	  7.657e-06	  24	  1.94583e-06
164	  0.876148	  0.717137	  5.32135e-05	  7.16941e-06	  24	  1.82192e-06
165	  0.954042	  0.76835	  4.39402e-05	  5.62896e-06	  24	  1.43045e-06
166	  0.628319	  0	  0.000110542	  1.24904e-05	  6	  5.72372e-06
167	  0.636985	  0.164399	  0.000107301	  7.42998e-06	  12	  2.51635e-06
168	  0.662306	  0.316228	  9.86289e-05	  4.80913e-06	  12	  1.62873e-06
169	  0.702481	  0.447214	  8.67717e-05	  2.83662e-06	  12	  9.60693e-07
170	  0.755145	  0.5547	  7.40547e-05	  3.85461e-06	  12	  1.30546e-06
171	  0.817887	  0.640184	  6.2059e-05	  4.79935e-06	  12	  1.62542e-06
172	  0.888577	  0.707107	  5.15706e-05	  4.40243e-06	  12	  1.49099e-06
173	  0.965468	  0.759257	  4.27761e-05	  5.79527e-06	  12	  1.96271e-06
174	  0.636985	  0	  0.000107301	  7.49564e-06	  12	  2.53859e-06
175	  0.645536	  0.162221	  0.000104283	  3.96888e-06	  24	  1.00859e-06
176	  0.670534	  0.312348	  9.6046e-05	  4.13727e-06	  24	  1.05138e-06
177	  0.710244	  0.442326	  8.47248e-05	  5.67755e-06	  24	  1.4428e-06
178	  0.762371	  0.549442	  7.24968e-05	  7.68805e-06	  24	  1.95372e-06
179	  0.824564	  0.635001	  6.09362e-05	  3.86983e-06	  24	  9.83417e-07
180	  0.894726	  0.702247	  5.07646e-05	  3.91965e-06	  24	  9.96077e-07
181	  0.971131	  0.754829	  4.22057e-05	  5.38397e-06	  24	  1.3682e-06
182	  0.662306	  0	  9.86289e-05	  4.07505e-06	  12	  1.38012e-06
183	  0.670534	  0.156174	  9.6046e-05	  3.97842e-06	  24	  1.01101e-06
184	  0.694632	  0.301511	  8.89354e-05	  3.67214e-06	  24	  9.33179e-07
185	  0.733038	  0.428571	  7.90303e-05	  6.46572e-06	  24	  1.6431e-06
186	  0.783651	  0.534522	  6.82336e-05	  4.62861e-06	  24	  1.17624e-06
187	  0.844278	  0.620174	  5.78037e-05	  4.74599e-06	  24	  1.20607e-06
188	  0.912926	  0.688247	  4.85186e-05	  3.88351e-06	  24	  9.86894e-07
189	  0.987924	  0.741999	  4.06016e-05	  4.31166e-06	  24	  1.0957e-06
190	  0.670534	  0	  9.6046e-05	  4.3195e-06	  12	  1.46291e-06
191	  0.678662	  0.154303	  9.3549e-05	  3.49461e-06	  24	  8.88065e-07
192	  0.702481	  0.298142	  8.67717e-05	  5.19762e-06	  24	  1.32084e-06
193	  0.74048	  0.424264	  7.73204e-05	  4.62885e-06	  24	  1.1763e-06
194	  0.790617	  0.529813	  6.69054e-05	  4.57864e-06	  24	  1.16354e-06
195	  0.850747	  0.615457	  5.6843e-05	  3.56598e-06	  24	  9.06201e-07
196	  0.918912	  0.683763	  4.7822e-05	  5.48286e-06	  24	  1.39333e-06
197	  0.993459	  0.737865	  4.00947e-05	  4.59842e-06	  24	  1.16857e-06
198	  0.702481	  0	  8.67717e-05	  2.35861e-06	  12	  7.98803e-07
199	  0.710244	  0.147442	  8.47248e-05	  4.31003e-06	  24	  1.09528e-06
200	  0.733038	  0.285714	  7.90303e-05	  5.61185e-06	  24	  1.42611e-06
201	  0.76953	  0.408248	  7.10354e-05	  4.81915e-06	  24	  1.22466e-06
202	  0.817887	  0.512148	  6.2059e-05	  6.43338e-06	  24	  1.63488e-06
203	  0.876148	  0.597614	  5.32135e-05	  5.18439e-06	  24	  1.31748e-06
204	  0.942478	  0.666667	  4.51737e-05	  4.71266e-06	  24	  1.1976e-06
205	  0.733038	  0	  7.90303e-05	  3.19927e-06	  6	  1.46606e-06
206	  0.74048	  0.141421	  7.73204e-05	  3.25233e-06	  12	  1.10148e-06
207	  0.762371	  0.274721	  7.24968e-05	  3.31812e-06	  12	  1.12377e-06
208	  0.797522	  0.393919	  6.56259e-05	  4.43416e-06	  12	  1.50174e-06
209	  0.844278	  0.496139	  5.78037e-05	  5.25485e-06	  12	  1.77969e-06
210	  0.900833	  0.581238	  5.00066e-05	  5.10013e-06	  12	  1.72729e-06
211	  0.965468	  0.650791	  4.27761e-05	  4.23655e-06	  12	  1.43481e-06
212	  0.74048	  0	  7.73204e-05	  3.41089e-06	  18	  9.74498e-07
213	  0.747849	  0.140028	  7.56299e-05	  5.13012e-06	  36	  1.11153e-06
214	  0.76953	  0.272166	  7.10354e-05	  4.01316e-06	  36	  8.69519e-07
215	  0.804368	  0.390567	  6.43985e-05	  5.6467e-06	  36	  1.22345e-06
216	  0.850747	  0.492366	  5.6843e-05	  3.28248e-06	  36	  7.11205e-07
217	  0.9069	  0.57735	  4.92601e-05	  3.29498e-06	  36	  7.13912e-07
218	  0.971131	  0.646997	  4.22057e-05	  5.57685e-06	  36	  1.20832e-06
219	  0.755145	  0	  7.40547e-05	  2.26763e-06	  12	  7.67991e-07
220	  0.762371	  0.137361	  7.24968e-05	  4.6085e-06	  24	  1.17113e-06
221	  0.783651	  0.267261	  6.82336e-05	  4.26057e-06	  24	  1.08271e-06
222	  0.817887	  0.384111	  6.2059e-05	  4.28628e-06	  24	  1.08925e-06
223	  0.863541	  0.485071	  5.49714e-05	  2.7421e-06	  24	  6.96834e-07
224	  0.918912	  0.569803	  4.7822e-05	  3.79295e-06	  24	  9.63881e-07
225	  0.982358	  0.639602	  4.11333e-05	  3.00762e-06	  24	  7.64308e-07
226	  0.762371	  0	  7.24968e-05	  2.06599e-06	  12	  6.99699e-07
227	  0.76953	  0.136083	  7.10354e-05	  4.77601e-06	  24	  1.2137e-06
228	  0.790617	  0.264906	  6.69054e-05	  3.35755e-06	  24	  8.53234e-07
229	  0.824564	  0.381	  6.09362e-05	  2.94284e-06	  24	  7.47847e-07
230	  0.869868	  0.481543	  5.40893e-05	  2.37974e-06	  24	  6.04749e-07
231	  0.92486	  0.566139	  4.71351e-05	  4.31633e-06	  24	  1.09688e-06
232	  0.987924	  0.635999	  4.06016e-05	  3.54862e-06	  24	  9.01789e-07
233	  0.797522	  0	  6.56259e-05	  3.82235e-06	  12	  1.29454e-06
234	  0.804368	  0.130189	  6.43985e-05	  4.28427e-06	  24	  1.08874e-06
235	  0.824564	  0.254	  6.09362e-05	  2.65057e-06	  24	  6.73573e-07
236	  0.857168	  0.366508	  5.58895e-05	  3.60421e-06	  24	  9.15917e-07
237	  0.900833	  0.464991	  5.00066e-05	  3.44433e-06	  24	  8.75287e-07
238	  0.954042	  0.548821	  4.39402e-05	  3.81148e-06	  24	  9.68589e-07
239	  0.817887	  0	  6.2059e-05	  2.91773e-06	  12	  9.88164e-07
240	  0.824564	  0.127	  6.09362e-05	  2.90662e-06	  24	  7.38643e-07
241	  0.844278	  0.248069	  5.78037e-05	  2.9089e-06	  24	  7.39221e-07
242	  0.876148	  0.358569	  5.32135e-05	  3.93966e-06	  24	  1.00116e-06
243	  0.918912	  0.455842	  4.7822e-05	  3.19544e-06	  24	  8.12039e-07
244	  0.971131	  0.539164	  4.22057e-05	  4.44787e-06	  24	  1.13031e-06
245	  0.837758	  0	  5.88269e-05	  3.36387e-06	  6	  1.54149e-06
246	  0.844278	  0.124035	  5.78037e-05	  4.53375e-06	  12	  1.53547e-06
247	  0.863541	  0.242536	  5.49714e-05	  1.61882e-06	  12	  5.48255e-07
248	  0.894726	  0.351123	  5.07646e-05	  2.70762e-06	  12	  9.17003e-07
249	  0.936642	  0.447214	  4.58065e-05	  2.49457e-06	  12	  8.4485e-07
250	  0.987924	  0.529999	  4.06016e-05	  4.50886e-06	  12	  1.52704e-06
251	  0.844278	  0	  5.78037e-05	  3.76106e-06	  24	  9.55777e-07
252	  0.850747	  0.123091	  5.6843e-05	  3.07315e-06	  48	  5.97228e-07
253	  0.869868	  0.240772	  5.40893e-05	  2.74171e-06	  48	  5.32817e-07
254	  0.900833	  0.348743	  5.00066e-05	  3.25894e-06	  48	  6.33334e-07
255	  0.942478	  0.444444	  4.51737e-05	  3.14002e-06	  48	  6.10225e-07
256	  0.993459	  0.527046	  4.00947e-05	  3.43235e-06	  48	  6.67035e-07
257	  0.863541	  0	  5.49714e-05	  1.71413e-06	  12	  5.80533e-07
258	  0.869868	  0.120386	  5.40893e-05	  2.43253e-06	  24	  6.18164e-07
259	  0.888577	  0.235702	  5.15706e-05	  2.50498e-06	  24	  6.36576e-07
260	  0.918912	  0.341882	  4.7822e-05	  3.09702e-06	  24	  7.87028e-07
261	  0.959772	  0.436436	  4.33564e-05	  2.8074e-06	  24	  7.13428e-07
262	  0.888577	  0	  5.15706e-05	  2.7578e-06	  6	  1.26376e-06
263	  0.894726	  0.117041	  5.07646e-05	  2.00304e-06	  12	  6.78379e-07
264	  0.912926	  0.229416	  4.85186e-05	  2.72024e-06	  12	  9.21278e-07
265	  0.942478	  0.333333	  4.51737e-05	  2.69769e-06	  12	  9.13642e-07
266	  0.982358	  0.426401	  4.11333e-05	  2.75666e-06	  12	  9.33614e-07
267	  0.894726	  0	  5.07646e-05	  2.24245e-06	  12	  7.5946e-07
268	  0.900833	  0.116248	  5.00066e-05	  2.67958e-06	  24	  6.80946e-07
269	  0.918912	  0.227921	  4.7822e-05	  2.86227e-06	  24	  7.27373e-07
270	  0.948278	  0.331295	  4.45448e-05	  2.87533e-06	  24	  7.30691e-07
271	  0.987924	  0.423999	  4.06016e-05	  2.44188e-06	  24	  6.20541e-07
272	  0.900833	  0	  5.00066e-05	  2.87694e-06	  12	  9.74348e-07
273	  0.9069	  0.11547	  4.92601e-05	  2.36598e-06	  24	  6.01252e-07
274	  0.92486	  0.226455	  4.71351e-05	  2.00116e-06	  24	  5.08544e-07
275	  0.954042	  0.329293	  4.39402e-05	  2.85086e-06	  24	  7.24473e-07
276	  0.993459	  0.421637	  4.00947e-05	  2.70695e-06	  24	  6.87902e-07
277	  0.936642	  0	  4.58065e-05	  1.82712e-06	  12	  6.18801e-07
278	  0.942478	  0.111111	  4.51737e-05	  2.38141e-06	  24	  6.05173e-07
279	  0.959772	  0.218218	  4.33564e-05	  1.91222e-06	  24	  4.8594e-07
280	  0.987924	  0.317999	  4.06016e-05	  2.0305e-06	  24	  5.15998e-07
281	  0.942478	  0	  4.51737e-05	  4.87342e-06	  6	  2.23324e-06
282	  0.948278	  0.110432	  4.45448e-05	  3.24188e-06	  12	  1.09794e-06
283	  0.965468	  0.21693	  4.27761e-05	  2.58198e-06	  12	  8.74454e-07
284	  0.993459	  0.316228	  4.00947e-05	  2.92064e-06	  12	  9.89148e-07
285	  0.948278	  0	  4.45448e-05	  3.04903e-06	  12	  1.03263e-06
286	  0.954042	  0.109764	  4.39402e-05	  2.07857e-06	  24	  5.28215e-07
287	  0.971131	  0.215666	  4.22057e-05	  1.68965e-06	  24	  4.29381e-07
288	  0.998963	  0.314485	  3.9601e-05	  2.26213e-06	  24	  5.74862e-07
289	  0.965468	  0	  4.27761e-05	  1.7801e-06	  24	  4.52367e-07
290	  0.971131	  0.107833	  4.22057e-05	  2.36039e-06	  48	  4.58712e-07
291	  0.987924	  0.212	  4.06016e-05	  2.37126e-06	  48	  4.60825e-07
292	  0.987924	  0	  4.06016e-05	  2.34779e-06	  12	  7.95137e-07
293	  0.993459	  0.105409	  4.00947e-05	  2.41441e-06	  24	  6.13561e-07
294	  0.993459	  0	  4.00947e-05	  1.8957e-06	  12	  6.42026e-07
295	  0.998963	  0.104828	  3.9601e-05	  1.75694e-06	  24	  4.46482e-07
296	  1.08818	  0.030936	  3.259e-05	  1.76335e-06	  138	  2.38274e-07
297	  1.08818	  0.0938307	  3.259e-05	  1.63028e-06	  252	  1.84212e-07
298	  1.08818	  0.156319	  3.259e-05	  1.49307e-06	  72	  2.50613e-07
299	  1.08818	  0.218712	  3.259e-05	  1.67529e-06	  216	  1.97753e-07
300	  1.08818	  0.281224	  3.259e-05	  1.97699e-06	  288	  2.15345e-07
301	  1.08818	  0.343807	  3.259e-05	  1.83082e-06	  120	  2.58672e-07
302	  1.08818	  0.406302	  3.259e-05	  2.52782e-06	  180	  3.14803e-07
303	  1.08818	  0.468745	  3.259e-05	  2.61946e-06	  180	  3.26216e-07
304	  1.08818	  0.531226	  3.259e-05	  2.79687e-06	  192	  3.4169e-07
305	  1.08818	  0.593785	  3.259e-05	  3.62898e-06	  192	  4.43348e-07
306	  1.08818	  0.656281	  3.259e-05	  3.12213e-06	  168	  3.96983e-07
307	  1.08818	  0.718743	  3.259e-05	  3.83077e-06	  228	  4.45238e-07
308	  1.08818	  0.781255	  3.259e-05	  4.8589e-06	  144	  6.47853e-07
309	  1.08818	  0.843774	  3.259e-05	  4.39434e-06	  240	  5.0337e-07
310	  1.08818	  0.90628	  3.259e-05	  6.22643e-06	  168	  7.91702e-07
311	  1.08818	  0.968758	  3.259e-05	  5.99417e-06	  150	  7.8913e-07
312	  1.25577	  0.030936	  2.34401e-05	  1.32583e-06	  198	  1.60514e-07
313	  1.25577	  0.0938307	  2.34401e-05	  1.38012e-06	  396	  1.38359e-07
314	  1.25577	  0.156319	  2.34401e-05	  1.3302e-06	  396	  1.33356e-07
315	  1.25577	  0.218712	  2.34401e-05	  1.27287e-06	  204	  1.52762e-07
316	  1.25577	  0.281224	  2.34401e-05	  1.50234e-06	  216	  1.77339e-07
317	  1.25577	  0.343807	  2.34401e-05	  1.51095e-06	  372	  1.53887e-07
318	  1.25577	  0.406302	  2.34401e-05	  1.67786e-06	  312	  1.78883e-07
319	  1.25577	  0.468745	  2.34401e-05	  1.73405e-06	  288	  1.88882e-07
320	  1.25577	  0.531226	  2.34401e-05	  2.23299e-06	  264	  2.4908e-07
321	  1.25577	  0.593785	  2.34401e-05	  2.04049e-06	  312	  2.17545e-07
322	  1.25577	  0.656281	  2.34401e-05	  2.37265e-06	  276	  2.61449e-07
323	  1.25577	  0.718743	  2.34401e-05	  2.57899e-06	  312	  2.74957e-07
324	  1.25577	  0.781255	  2.34401e-05	  2.93546e-06	  276	  3.23466e-07
325	  1.25577	  0.843774	  2.34401e-05	  3.3494e-06	  240	  3.83673e-07
326	  1.25577	  0.90628	  2.34401e-05	  3.8978e-06	  324	  4.11435e-07
327	  1.25577	  0.968758	  2.34401e-05	  4.25626e-06	  315	  4.52626e-07
328	  1.45182	  0.030936	  1.67209e-05	  9.29513e-07	  246	  1.05739e-07
329	  1.45182	  0.0938307	  1.67209e-05	  8.63527e-07	  516	  8.1191e-08
330	  1.45182	  0.156319	  1.67209e-05	  9.49673e-07	  504	  8.97855e-08
331	  1.45182	  0.218712	  1.67209e-05	  9.49844e-07	  528	  8.88288e-08
332	  1.45182	  0.281224	  1.67209e-05	  9.63694e-07	  504	  9.11111e-08
333	  1.45182	  0.343807	  1.67209e-05	  1.17625e-06	  384	  1.18838e-07
334	  1.45182	  0.406302	  1.67209e-05	  1.32608e-06	  420	  1.3101e-07
335	  1.45182	  0.468745	  1.67209e-05	  1.19267e-06	  468	  1.14765e-07
336	  1.45182	  0.531226	  1.67209e-05	  1.32537e-06	  480	  1.26763e-07
337	  1.45182	  0.593785	  1.67209e-05	  1.42479e-06	  468	  1.371e-07
338	  1.45182	  0.656281	  1.67209e-05	  1.60454e-06	  396	  1.60858e-07
339	  1.45182	  0.718743	  1.67209e-05	  1.69845e-06	  456	  1.64459e-07
340	  1.45182	  0.781255	  1.67209e-05	  2.12395e-06	  432	  2.08386e-07
341	  1.45182	  0.843774	  1.67209e-05	  2.33627e-06	  480	  2.2345e-07
342	  1.45182	  0.90628	  1.67209e-05	  2.72721e-06	  480	  2.6084e-07
343	  1.45182	  0.968758	  1.67209e-05	  2.8224e-06	  414	  2.79834e-07
344	  1.68148	  0.030936	  1.18352e-05	  6.41827e-07	  798	  5.48118e-08
345	  1.68148	  0.0938307	  1.18352e-05	  7.2091e-07	  708	  6.3139e-08
346	  1.68148	  0.156319	  1.18352e-05	  6.61835e-07	  684	  5.83976e-08
347	  1.68148	  0.218712	  1.18352e-05	  7.35629e-07	  720	  6.41967e-08
348	  1.68148	  0.281224	  1.18352e-05	  7.31325e-07	  708	  6.40511e-08
349	  1.68148	  0.343807	  1.18352e-05	  7.81732e-07	  720	  6.822e-08
350	  1.68148	  0.406302	  1.18352e-05	  8.61186e-07	  672	  7.62803e-08
351	  1.68148	  0.468745	  1.18352e-05	  9.49914e-07	  732	  8.26055e-08
352	  1.68148	  0.531226	  1.18352e-05	  9.93839e-07	  672	  8.80301e-08
353	  1.68148	  0.593785	  1.18352e-05	  1.03394e-06	  708	  9.05551e-08
354	  1.68148	  0.656281	  1.18352e-05	  1.07645e-06	  744	  9.32872e-08
355	  1.68148	  0.718743	  1.18352e-05	  1.36953e-06	  744	  1.18686e-07
356	  1.68148	  0.781255	  1.18352e-05	  1.42939e-06	  696	  1.2565e-07
357	  1.68148	  0.843774	  1.18352e-05	  1.60301e-06	  708	  1.40396e-07
358	  1.68148	  0.90628	  1.18352e-05	  1.8099e-06	  696	  1.59099e-07
359	  1.68148	  0.968758	  1.18352e-05	  1.92103e-06	  741	  1.66622e-07
360	  1.94819	  0.030936	  8.33561e-06	  4.76885e-07	  1368	  3.67377e-08
361	  1.94819	  0.0938307	  8.33561e-06	  4.72442e-07	  924	  3.91643e-08
362	  1.94819	  0.156319	  8.33561e-06	  5.18593e-07	  972	  4.25636e-08
363	  1.94819	  0.218712	  8.33561e-06	  5.2989e-07	  972	  4.34907e-08
364	  1.94819	  0.281224	  8.33561e-06	  4.89591e-07	  1200	  3.86129e-08
365	  1.94819	  0.343807	  8.33561e-06	  5.30334e-07	  1140	  4.22238e-08
366	  1.94819	  0.406302	  8.33561e-06	  5.77557e-07	  1080	  4.64523e-08
367	  1.94819	  0.468745	  8.33561e-06	  6.48603e-07	  1068	  5.2277e-08
368	  1.94819	  0.531226	  8.33561e-06	  6.46155e-07	  1164	  5.12469e-08
369	  1.94819	  0.593785	  8.33561e-06	  7.49545e-07	  1188	  5.92238e-08
370	  1.94819	  0.656281	  8.33561e-06	  7.86965e-07	  1068	  6.3429e-08
371	  1.94819	  0.718743	  8.33561e-06	  8.11855e-07	  1008	  6.61638e-08
372	  1.94819	  0.781255	  8.33561e-06	  9.68807e-07	  1164	  7.68366e-08
373	  1.94819	  0.843774	  8.33561e-06	  9.80878e-07	  1176	  7.76469e-08
374	  1.94819	  0.90628	  8.33561e-06	  1.13457e-06	  1080	  9.12523e-08
375	  1.94819	  0.968758	  8.33561e-06	  1.21735e-06	  1038	  9.86521e-08
376	  2.25604	  0.030936	  5.85898e-06	  3.4683e-07	  1896	  2.53067e-08
377	  2.25604	  0.0938307	  5.85898e-06	  3.51409e-07	  1272	  2.74235e-08
378	  2.25604	  0.156319	  5.85898e-06	  3.4488e-07	  2040	  2.48797e-08
379	  2.25604	  0.218712	  5.85898e-06	  3.67878e-07	  1740	  2.72131e-08
380	  2.25604	  0.281224	  5.85898e-06	  3.75451e-07	  1584	  2.82061e-08
381	  2.25604	  0.343807	  5.85898e-06	  3.85564e-07	  1764	  2.84583e-08
382	  2.25604	  0.406302	  5.85898e-06	  4.02248e-07	  1632	  3.00695e-08
383	  2.25604	  0.468745	  5.85898e-06	  4.35127e-07	  1860	  3.18457e-08
384	  2.25604	  0.531226	  5.85898e-06	  4.67515e-07	  1560	  3.52126e-08
385	  2.25604	  0.593785	  5.85898e-06	  4.94884e-07	  1692	  3.67753e-08
386	  2.25604	  0.656281	  5.85898e-06	  5.60838e-07	  1704	  4.16282e-08
387	  2.25604	  0.718743	  5.85898e-06	  5.77972e-07	  1824	  4.24316e-08
388	  2.25604	  0.781255	  5.85898e-06	  6.35639e-07	  1668	  4.73456e-08
389	  2.25604	  0.843774	  5.85898e-06	  6.72743e-07	  1680	  5.00504e-08
390	  2.25604	  0.90628	  5.85898e-06	  7.45215e-07	  1776	  5.49439e-08
391	  2.25604	  0.968758	  5.85898e-06	  7.74209e-07	  1656	  5.77356e-08
392	  2.61216	  0.030936	  4.10705e-06	  2.58692e-07	  2586	  1.80217e-08
393	  2.61216	  0.0938307	  4.10705e-06	  2.52011e-07	  3036	  1.71743e-08
394	  2.61216	  0.156319	  4.10705e-06	  2.61535e-07	  2124	  1.87516e-08
395	  2.61216	  0.218712	  4.10705e-06	  2.58098e-07	  2940	  1.7665e-08
396	  2.61216	  0.281224	  4.10705e-06	  2.7635e-07	  2616	  1.92206e-08
397	  2.61216	  0.343807	  4.10705e-06	  2.83879e-07	  2448	  1.99315e-08
398	  2.61216	  0.406302	  4.10705e-06	  2.94786e-07	  2916	  2.01983e-08
399	  2.61216	  0.468745	  4.10705e-06	  3.08434e-07	  2544	  2.15368e-08
400	  2.61216	  0.531226	  4.10705e-06	  3.30632e-07	  2652	  2.29519e-08
401	  2.61216	  0.593785	  4.10705e-06	  3.42904e-07	  2748	  2.36865e-08
402	  2.61216	  0.656281	  4.10705e-06	  3.86507e-07	  2676	  2.6797e-08
403	  2.61216	  0.718743	  4.10705e-06	  3.7866e-07	  2472	  2.6549e-08
404	  2.61216	  0.781255	  4.10705e-06	  4.11274e-07	  2616	  2.86048e-08
405	  2.61216	  0.843774	  4.10705e-06	  4.27891e-07	  2736	  2.95749e-08
406	  2.61216	  0.90628	  4.10705e-06	  4.53699e-07	  2568	  3.1638e-08
407	  2.61216	  0.968758	  4.10705e-06	  4.65438e-07	  2745	  3.21556e-08
408	  3.02645	  0.030936	  2.86472e-06	  1.8544e-07	  3414	  1.24458e-08
409	  3.02645	  0.0938307	  2.86472e-06	  1.85757e-07	  4512	  1.20533e-08
410	  3.02645	  0.156319	  2.86472e-06	  1.79286e-07	  4632	  1.15986e-08
411	  3.02645	  0.218712	  2.86472e-06	  1.83559e-07	  3972	  1.20905e-08
412	  3.02645	  0.281224	  2.86472e-06	  1.90944e-07	  4176	  1.2502e-08
413	  3.02645	  0.343807	  2.86472e-06	  1.96445e-07	  4344	  1.28028e-08
414	  3.02645	  0.406302	  2.86472e-06	  2.03498e-07	  4044	  1.33749e-08
415	  3.02645	  0.468745	  2.86472e-06	  2.18074e-07	  4092	  1.43128e-08
416	  3.02645	  0.531226	  2.86472e-06	  2.36339e-07	  4296	  1.54227e-08
417	  3.02645	  0.593785	  2.86472e-06	  2.39615e-07	  3996	  1.57713e-08
418	  3.02645	  0.656281	  2.86472e-06	  2.50966e-07	  4188	  1.64263e-08
419	  3.02645	  0.718743	  2.86472e-06	  2.67233e-07	  4212	  1.74793e-08
420	  3.02645	  0.781255	  2.86472e-06	  2.70447e-07	  4140	  1.77255e-08
421	  3.02645	  0.843774	  2.86472e-06	  2.77063e-07	  4128	  1.81655e-08
422	  3.02645	  0.90628	  2.86472e-06	  2.88175e-07	  4188	  1.88618e-08
423	  3.02645	  0.968758	  2.86472e-06	  2.84639e-07	  4128	  1.86622e-08
424	  3.50419	  0.030936	  1.99639e-06	  1.32299e-07	  7002	  8.19601e-09
425	  3.50419	  0.0938307	  1.99639e-06	  1.33634e-07	  6240	  8.37338e-09
426	  3.50419	  0.156319	  1.99639e-06	  1.27709e-07	  5964	  8.03913e-09
427	  3.50419	  0.218712	  1.99639e-06	  1.31803e-07	  6180	  8.26675e-09
428	  3.50419	  0.281224	  1.99639e-06	  1.36718e-07	  6420	  8.54224e-09
429	  3.50419	  0.343807	  1.99639e-06	  1.40428e-07	  6516	  8.76104e-09
430	  3.50419	  0.406302	  1.99639e-06	  1.43712e-07	  6312	  8.99449e-09
431	  3.50419	  0.468745	  1.99639e-06	  1.58341e-07	  6276	  9.91575e-09
432	  3.50419	  0.531226	  1.99639e-06	  1.54179e-07	  6360	  9.64223e-09
433	  3.50419	  0.593785	  1.99639e-06	  1.58674e-07	  6408	  9.91589e-09
434	  3.50419	  0.656281	  1.99639e-06	  1.71399e-07	  6360	  1.07192e-08
435	  3.50419	  0.718743	  1.99639e-06	  1.71214e-07	  6336	  1.07117e-08
436	  3.50419	  0.781255	  1.99639e-06	  1.70925e-07	  6372	  1.06875e-08
437	  3.50419	  0.843774	  1.99639e-06	  1.76226e-07	  6456	  1.10045e-08
438	  3.50419	  0.90628	  1.99639e-06	  1.69628e-07	  6360	  1.06084e-08
439	  3.50419	  0.968758	  1.99639e-06	  1.67499e-07	  6327	  1.04807e-08
440	  4.05763	  0.030936	  1.3873e-06	  9.43168e-08	  10392	  5.64105e-09
441	  4.05763	  0.0938307	  1.3873e-06	  9.04899e-08	  9420	  5.45683e-09
442	  4.05763	  0.156319	  1.3873e-06	  9.46817e-08	  10176	  5.67268e-09
443	  4.05763	  0.218712	  1.3873e-06	  9.55117e-08	  10260	  5.71852e-09
444	  4.05763	  0.281224	  1.3873e-06	  9.22026e-08	  9528	  5.55472e-09
445	  4.05763	  0.343807	  1.3873e-06	  9.63259e-08	  10140	  5.77288e-09
446	  4.05763	  0.406302	  1.3873e-06	  1.00277e-07	  9960	  6.01863e-09
447	  4.05763	  0.468745	  1.3873e-06	  1.00798e-07	  10068	  6.04445e-09
448	  4.05763	  0.531226	  1.3873e-06	  1.05476e-07	  9996	  6.32874e-09
449	  4.05763	  0.593785	  1.3873e-06	  1.04791e-07	  9828	  6.2966e-09
450	  4.05763	  0.656281	  1.3873e-06	  1.0722e-07	  10032	  6.43149e-09
451	  4.05763	  0.718743	  1.3873e-06	  1.06965e-07	  9924	  6.42197e-09
452	  4.05763	  0.781255	  1.3873e-06	  1.03603e-07	  10116	  6.2102e-09
453	  4.05763	  0.843774	  1.3873e-06	  1.0294e-07	  9888	  6.18224e-09
454	  4.05763	  0.90628	  1.3873e-06	  1.02552e-07	  10008	  6.15272e-09
455	  4.05763	  0.968758	  1.3873e-06	  9.4255e-08	  9978	  5.65634e-09
456	  4.69917	  0.030936	  9.60877e-07	  6.64366e-08	  13626	  3.89098e-09
457	  4.69917	  0.0938307	  9.60877e-07	  6.57089e-08	  16392	  3.79867e-09
458	  4.69917	  0.156319	  9.60877e-07	  6.55267e-08	  15708	  3.79916e-09
459	  4.69917	  0.218712	  9.60877e-07	  6.49729e-08	  15432	  3.77167e-09
460	  4.69917	  0.281224	  9.60877e-07	  6.49731e-08	  15780	  3.76588e-09
461	  4.69917	  0.343807	  9.60877e-07	  6.59994e-08	  15300	  3.83354e-09
462	  4.69917	  0.406302	  9.60877e-07	  6.68349e-08	  15588	  3.87706e-09
463	  4.69917	  0.468745	  9.60877e-07	  6.7082e-08	  15396	  3.89473e-09
464	  4.69917	  0.531226	  9.60877e-07	  6.82677e-08	  15504	  3.96165e-09
465	  4.69917	  0.593785	  9.60877e-07	  6.74622e-08	  15660	  3.9122e-09
466	  4.69917	  0.656281	  9.60877e-07	  6.61712e-08	  15192	  3.84542e-09
467	  4.69917	  0.718743	  9.60877e-07	  6.44262e-08	  15600	  3.73713e-09
468	  4.69917	  0.781255	  9.60877e-07	  6.3707e-08	  15216	  3.70181e-09
469	  4.69917	  0.843774	  9.60877e-07	  6.08901e-08	  15516	  3.53334e-09
470	  4.69917	  0.90628	  9.60877e-07	  5.61078e-08	  15540	  3.25548e-09
471	  4.69917	  0.968758	  9.60877e-07	  5.3315e-08	  15405	  3.0953e-09
472	  5.4432	  0.030936	  6.6384e-07	  4.72018e-08	  26250	  2.65143e-09
473	  5.4432	  0.0938307	  6.6384e-07	  4.62766e-08	  22392	  2.62308e-09
474	  5.4432	  0.156319	  6.6384e-07	  4.58291e-08	  24516	  2.58415e-09
475	  5.4432	  0.218712	  6.6384e-07	  4.49948e-08	  23592	  2.54268e-09
476	  5.4432	  0.281224	  6.6384e-07	  4.49039e-08	  24264	  2.53347e-09
477	  5.4432	  0.343807	  6.6384e-07	  4.49091e-08	  23928	  2.53578e-09
478	  5.4432	  0.406302	  6.6384e-07	  4.37405e-08	  24120	  2.46867e-09
479	  5.4432	  0.468745	  6.6384e-07	  4.30419e-08	  23964	  2.43014e-09
480	  5.4432	  0.531226	  6.6384e-07	  4.23534e-08	  24060	  2.39072e-09
481	  5.4432	  0.593785	  6.6384e-07	  4.18036e-08	  24108	  2.35942e-09
482	  5.4432	  0.656281	  6.6384e-07	  3.99582e-08	  24228	  2.25462e-09
483	  5.4432	  0.718743	  6.6384e-07	  3.83569e-08	  24144	  2.1647e-09
484	  5.4432	  0.781255	  6.6384e-07	  3.56189e-08	  23940	  2.01115e-09
485	  5.4432	  0.843774	  6.6384e-07	  3.23747e-08	  24192	  1.82688e-09
486	  5.4432	  0.90628	  6.6384e-07	  3.03014e-08	  23988	  1.71071e-09
487	  5.4432	  0.968758	  6.6384e-07	  2.7552e-08	  24141	  1.55493e-09
488	  6.30378	  0.030936	  4.57865e-07	  3.31098e-08	  35082	  1.83226e-09
489	  6.30378	  0.0938307	  4.57865e-07	  3.19356e-08	  39108	  1.75827e-09
490	  6.30378	  0.156319	  4.57865e-07	  3.13703e-08	  36924	  1.73177e-09
491	  6.30378	  0.218712	  4.57865e-07	  3.06029e-08	  37692	  1.68778e-09
492	  6.30378	  0.281224	  4.57865e-07	  2.95418e-08	  37092	  1.63048e-09
493	  6.30378	  0.343807	  4.57865e-07	  2.90902e-08	  37536	  1.60466e-09
494	  6.30378	  0.406302	  4.57865e-07	  2.83675e-08	  36984	  1.56589e-09
495	  6.30378	  0.468745	  4.57865e-07	  2.71388e-08	  37428	  1.49722e-09
496	  6.30378	  0.531226	  4.57865e-07	  2.59669e-08	  37392	  1.43263e-09
497	  6.30378	  0.593785	  4.57865e-07	  2.44227e-08	  37200	  1.34776e-09
498	  6.30378	  0.656281	  4.57865e-07	  2.27276e-08	  36924	  1.25466e-09
499	  6.30378	  0.718743	  4.57865e-07	  2.09326e-08	  37272	  1.15505e-09
500	  6.30378	  0.781255	  4.57865e-07	  1.89918e-08	  37284	  1.04795e-09
501	  6.30378	  0.843774	  4.57865e-07	  1.69874e-08	  37188	  9.37458e-10
502	  6.30378	  0.90628	  4.57865e-07	  1.51976e-08	  37320	  8.38552e-10
503	  6.30378	  0.968758	  4.57865e-07	  1.30622e-08	  37119	  7.20909e-10
504	  7.30029	  0.030936	  3.15016e-07	  2.24769e-08	  60258	  1.21541e-09
505	  7.30029	  0.0938307	  3.15016e-07	  2.18137e-08	  56916	  1.18212e-09
506	  7.30029	  0.156319	  3.15016e-07	  2.11805e-08	  56820	  1.14788e-09
507	  7.30029	  0.218712	  3.15016e-07	  2.04411e-08	  58716	  1.10642e-09
508	  7.30029	  0.281224	  3.15016e-07	  1.9575e-08	  57840	  1.06014e-09
509	  7.30029	  0.343807	  3.15016e-07	  1.83428e-08	  57612	  9.93561e-10
510	  7.30029	  0.406302	  3.15016e-07	  1.74261e-08	  58464	  9.43377e-10
511	  7.30029	  0.468745	  3.15016e-07	  1.61968e-08	  57948	  8.77123e-10
512	  7.30029	  0.531226	  3.15016e-07	  1.50525e-08	  57708	  8.15287e-10
513	  7.30029	  0.593785	  3.15016e-07	  1.34916e-08	  58236	  7.30485e-10
514	  7.30029	  0.656281	  3.15016e-07	  1.22233e-08	  58008	  6.61918e-10
515	  7.30029	  0.718743	  3.15016e-07	  1.07985e-08	  58200	  5.84685e-10
516	  7.30029	  0.781255	  3.15016e-07	  9.34441e-09	  58128	  5.05979e-10
517	  7.30029	  0.843774	  3.15016e-07	  8.08668e-09	  57972	  4.3792e-10
518	  7.30029	  0.90628	  3.15016e-07	  6.94425e-09	  57960	  3.76057e-10
519	  7.30029	  0.968758	  3.15016e-07	  5.84171e-09	  58122	  3.16316e-10
520	  8.455	  0.030936	  2.16353e-07	  1.5061e-08	  90198	  8.03199e-10
521	  8.455	  0.0938307	  2.16353e-07	  1.45777e-08	  89292	  7.77669e-10
522	  8.455	  0.156319	  2.16353e-07	  1.40178e-08	  90804	  7.47409e-10
523	  8.455	  0.218712	  2.16353e-07	  1.30748e-08	  89628	  6.97412e-10
524	  8.455	  0.281224	  2.16353e-07	  1.2239e-08	  89844	  6.52783e-10
525	  8.455	  0.343807	  2.16353e-07	  1.1242e-08	  90636	  5.99441e-10
526	  8.455	  0.406302	  2.16353e-07	  1.0236e-08	  89628	  5.45989e-10
527	  8.455	  0.468745	  2.16353e-07	  9.19225e-09	  89772	  4.90292e-10
528	  8.455	  0.531226	  2.16353e-07	  8.1385e-09	  90324	  4.34005e-10
529	  8.455	  0.593785	  2.16353e-07	  6.98485e-09	  89784	  3.72553e-10
530	  8.455	  0.656281	  2.16353e-07	  5.9966e-09	  90216	  3.19795e-10
531	  8.455	  0.718743	  2.16353e-07	  5.11963e-09	  89796	  2.73066e-10
532	  8.455	  0.781255	  2.16353e-07	  4.28392e-09	  90120	  2.28466e-10
533	  8.455	  0.843774	  2.16353e-07	  3.57722e-09	  90132	  1.90777e-10
534	  8.455	  0.90628	  2.16353e-07	  2.96842e-09	  89916	  1.58321e-10
535	  8.455	  0.968758	  2.16353e-07	  2.38531e-09	  89964	  1.27218e-10
536	  9.79129	  0.030936	  1.48293e-07	  9.86158e-09	  139068	  5.19523e-10
537	  9.79129	  0.0938307	  1.48293e-07	  9.3933e-09	  141180	  4.94665e-10
538	  9.79129	  0.156319	  1.48293e-07	  8.85217e-09	  139380	  4.6632e-10
539	  9.79129	  0.218712	  1.48293e-07	  8.14805e-09	  138804	  4.29273e-10
540	  9.79129	  0.281224	  1.48293e-07	  7.35404e-09	  140952	  3.8729e-10
541	  9.79129	  0.343807	  1.48293e-07	  6.46634e-09	  139668	  3.4062e-10
542	  9.79129	  0.406302	  1.48293e-07	  5.61743e-09	  139464	  2.95914e-10
543	  9.79129	  0.468745	  1.48293e-07	  4.79843e-09	  139812	  2.52755e-10
544	  9.79129	  0.531226	  1.48293e-07	  3.99846e-09	  139884	  2.10614e-10
545	  9.79129	  0.593785	  1.48293e-07	  3.35159e-09	  140184	  1.76531e-10
546	  9.79129	  0.656281	  1.48293e-07	  2.75984e-09	  139404	  1.45384e-10
547	  9.79129	  0.718743	  1.48293e-07	  2.25302e-09	  139932	  1.18674e-10
548	  9.79129	  0.781255	  1.48293e-07	  1.82012e-09	  139980	  9.58706e-11
549	  9.79129	  0.843774	  1.48293e-07	  1.45335e-09	  139632	  7.6557e-11
550	  9.79129	  0.90628	  1.48293e-07	  1.16055e-09	  140088	  6.11281e-11
551	  9.79129	  0.968758	  1.48293e-07	  8.95899e-10	  139623	  4.71926e-11
