#n	   k	      mu	    PL	    Pf	     w	     err  
0	  0.10472	  1	  0.00427213	  0.000298986	  3	  0.000187569
1	  0.20944	  1	  0.00151751	  8.34439e-05	  3	  5.23486e-05
2	  0.314159	  1	  0.0007108	  8.09011e-05	  3	  5.07533e-05
3	  0.418879	  1	  0.000398371	  1.604e-05	  3	  1.00627e-05
4	  0.523599	  1	  0.000251849	  4.56587e-06	  3	  2.8644e-06
5	  0.628319	  1	  0.000170648	  1.9265e-05	  3	  1.20859e-05
6	  0.733038	  1	  0.000122002	  9.46439e-06	  3	  5.93749e-06
7	  0.837758	  1	  9.08132e-05	  8.63367e-06	  3	  5.41633e-06
8	  0.942478	  1	  6.97363e-05	  1.39441e-06	  3	  8.74783e-07
9	  0.10472	  0	  0.00427213	  5.14763e-05	  6	  2.35889e-05
10	  0.148096	  0.707107	  0.00271675	  7.1424e-05	  12	  2.41895e-05
11	  0.23416	  0.894427	  0.00120207	  8.77505e-05	  12	  2.97189e-05
12	  0.331153	  0.948683	  0.00064369	  3.49768e-05	  12	  1.18458e-05
13	  0.431771	  0.970143	  0.000374901	  1.93079e-05	  12	  6.53912e-06
14	  0.533968	  0.980581	  0.00024156	  1.29869e-05	  12	  4.39835e-06
15	  0.636985	  0.986394	  0.000165645	  7.46754e-06	  12	  2.52907e-06
16	  0.74048	  0.989949	  0.000119362	  1.0101e-05	  12	  3.42097e-06
17	  0.844278	  0.992278	  8.92337e-05	  4.60089e-06	  12	  1.55821e-06
18	  0.948278	  0.993884	  6.87654e-05	  4.40228e-06	  12	  1.49094e-06
19	  0.148096	  0	  0.00271675	  2.67336e-05	  6	  1.22506e-05
20	  0.18138	  0.57735	  0.00192736	  3.57118e-05	  12	  1.20947e-05
21	  0.25651	  0.816497	  0.00105795	  4.05719e-05	  12	  1.37407e-05
22	  0.347316	  0.904534	  0.000579791	  2.44496e-05	  12	  8.28046e-06
23	  0.444288	  0.942809	  0.000354409	  1.72788e-05	  12	  5.85189e-06
24	  0.54414	  0.96225	  0.000231969	  1.30753e-05	  12	  4.42829e-06
25	  0.645536	  0.973329	  0.000160985	  8.46309e-06	  12	  2.86624e-06
26	  0.747849	  0.980196	  0.000116753	  4.9987e-06	  12	  1.69293e-06
27	  0.850747	  0.984732	  8.77505e-05	  5.96337e-06	  12	  2.01964e-06
28	  0.954042	  0.987878	  6.78321e-05	  4.33373e-06	  12	  1.46773e-06
29	  0.20944	  0	  0.00151751	  1.68323e-05	  6	  7.71336e-06
30	  0.23416	  0.447214	  0.00120207	  2.79109e-05	  12	  9.45274e-06
31	  0.296192	  0.707107	  0.000782761	  3.35343e-05	  12	  1.13572e-05
32	  0.377572	  0.83205	  0.000493333	  2.20673e-05	  12	  7.47365e-06
33	  0.468321	  0.894427	  0.00031798	  1.77414e-05	  12	  6.00857e-06
34	  0.563933	  0.928477	  0.000215017	  7.03969e-06	  12	  2.38417e-06
35	  0.662306	  0.948683	  0.000152257	  6.58095e-06	  12	  2.2288e-06
36	  0.762371	  0.961524	  0.000111916	  7.48252e-06	  12	  2.53414e-06
37	  0.863541	  0.970143	  8.48614e-05	  1.65676e-06	  12	  5.61105e-07
38	  0.965468	  0.976187	  6.60351e-05	  2.85458e-06	  12	  9.66775e-07
39	  0.23416	  0	  0.00120207	  1.72964e-05	  12	  5.85785e-06
40	  0.25651	  0.408248	  0.00105795	  1.6412e-05	  24	  4.17069e-06
41	  0.314159	  0.666667	  0.0007108	  2.24284e-05	  24	  5.69959e-06
42	  0.391825	  0.801784	  0.000459314	  1.65941e-05	  24	  4.21696e-06
43	  0.479886	  0.872872	  0.000301799	  1.86481e-05	  24	  4.73893e-06
44	  0.573574	  0.912871	  0.000207525	  8.64388e-06	  24	  2.19662e-06
45	  0.670534	  0.937043	  0.00014827	  5.40636e-06	  24	  1.37389e-06
46	  0.76953	  0.952579	  0.00010966	  5.25891e-06	  24	  1.33642e-06
47	  0.869868	  0.963087	  8.34996e-05	  4.17754e-06	  24	  1.06161e-06
48	  0.971131	  0.970495	  6.51545e-05	  3.49344e-06	  24	  8.87768e-07
49	  0.296192	  0	  0.000782761	  9.93683e-06	  6	  4.55353e-06
50	  0.314159	  0.333333	  0.0007108	  1.2559e-05	  12	  4.25341e-06
51	  0.36276	  0.57735	  0.000530683	  1.04463e-05	  12	  3.5379e-06
52	  0.431771	  0.727607	  0.000374901	  1.37578e-05	  12	  4.65942e-06
53	  0.51302	  0.816497	  0.000262812	  1.15013e-05	  12	  3.8952e-06
54	  0.601569	  0.870388	  0.000187384	  9.14271e-06	  12	  3.09641e-06
55	  0.694632	  0.904534	  0.000137293	  9.24253e-06	  12	  3.13022e-06
56	  0.790617	  0.927173	  0.000103284	  5.20599e-06	  12	  1.76314e-06
57	  0.888577	  0.942809	  7.96115e-05	  3.95872e-06	  12	  1.34072e-06
58	  0.987924	  0.953998	  6.26782e-05	  1.79116e-06	  12	  6.06623e-07
59	  0.314159	  0	  0.0007108	  1.34431e-05	  6	  6.16027e-06
60	  0.331153	  0.316228	  0.00064369	  9.89857e-06	  12	  3.3524e-06
61	  0.377572	  0.5547	  0.000493333	  1.45339e-05	  12	  4.92227e-06
62	  0.444288	  0.707107	  0.000354409	  7.44825e-06	  12	  2.52254e-06
63	  0.523599	  0.8	  0.000251849	  1.13321e-05	  12	  3.83789e-06
64	  0.610616	  0.857493	  0.000181465	  4.99156e-06	  12	  1.69052e-06
65	  0.702481	  0.894427	  0.000133953	  5.94107e-06	  12	  2.01209e-06
66	  0.797522	  0.919145	  0.000101309	  4.87041e-06	  12	  1.64949e-06
67	  0.894726	  0.936329	  7.83672e-05	  2.73844e-06	  12	  9.2744e-07
68	  0.993459	  0.948683	  6.18957e-05	  2.97652e-06	  12	  1.00807e-06
69	  0.331153	  0	  0.00064369	  8.03372e-06	  12	  2.72082e-06
70	  0.347316	  0.301511	  0.000579791	  7.31723e-06	  24	  1.85949e-06
71	  0.391825	  0.534522	  0.000459314	  7.75701e-06	  24	  1.97124e-06
72	  0.456463	  0.688247	  0.00033562	  1.40722e-05	  24	  3.57609e-06
73	  0.533968	  0.784465	  0.00024156	  7.74895e-06	  24	  1.9692e-06
74	  0.61953	  0.845154	  0.000175917	  5.17102e-06	  24	  1.31408e-06
75	  0.710244	  0.884652	  0.000130793	  8.81252e-06	  24	  2.23948e-06
76	  0.804368	  0.911322	  9.94144e-05	  4.20609e-06	  24	  1.06887e-06
77	  0.900833	  0.929981	  7.7197e-05	  3.5914e-06	  24	  9.12662e-07
78	  0.998963	  0.943456	  6.11335e-05	  2.2663e-06	  24	  5.75922e-07
79	  0.377572	  0	  0.000493333	  6.643e-06	  12	  2.24982e-06
80	  0.391825	  0.267261	  0.000459314	  5.07087e-06	  24	  1.28863e-06
81	  0.431771	  0.485071	  0.000374901	  8.541e-06	  24	  2.17048e-06
82	  0.491179	  0.639602	  0.000287358	  6.29738e-06	  24	  1.60032e-06
83	  0.563933	  0.742781	  0.000215017	  8.22665e-06	  24	  2.09059e-06
84	  0.645536	  0.811107	  0.000160985	  6.77555e-06	  24	  1.72183e-06
85	  0.733038	  0.857143	  0.000122002	  5.76385e-06	  24	  1.46473e-06
86	  0.824564	  0.889001	  9.40695e-05	  2.76065e-06	  24	  7.01549e-07
87	  0.918912	  0.911685	  7.38245e-05	  4.04002e-06	  24	  1.02667e-06
88	  0.418879	  0	  0.000398371	  1.49999e-06	  6	  6.87366e-07
89	  0.431771	  0.242536	  0.000374901	  3.83965e-06	  12	  1.3004e-06
90	  0.468321	  0.447214	  0.00031798	  6.81599e-06	  12	  2.30841e-06
91	  0.523599	  0.6	  0.000251849	  6.22342e-06	  12	  2.10772e-06
92	  0.592384	  0.707107	  0.000193728	  3.23901e-06	  12	  1.09697e-06
93	  0.670534	  0.780869	  0.00014827	  6.45527e-06	  12	  2.18624e-06
94	  0.755145	  0.83205	  0.000114321	  3.81576e-06	  12	  1.2923e-06
95	  0.844278	  0.868243	  8.92337e-05	  3.73956e-06	  12	  1.2665e-06
96	  0.936642	  0.894427	  7.07132e-05	  1.81948e-06	  12	  6.16212e-07
97	  0.431771	  0	  0.000374901	  3.5561e-06	  12	  1.20436e-06
98	  0.444288	  0.235702	  0.000354409	  2.37333e-06	  24	  6.03122e-07
99	  0.479886	  0.436436	  0.000301799	  7.47832e-06	  24	  1.90042e-06
100	  0.533968	  0.588348	  0.00024156	  4.0245e-06	  24	  1.02272e-06
101	  0.601569	  0.696311	  0.000187384	  3.99622e-06	  24	  1.01554e-06
102	  0.678662	  0.771517	  0.000144415	  3.5155e-06	  24	  8.93372e-07
103	  0.762371	  0.824163	  0.000111916	  4.99743e-06	  24	  1.26997e-06
104	  0.850747	  0.86164	  8.77505e-05	  4.33728e-06	  24	  1.10221e-06
105	  0.942478	  0.888889	  6.97363e-05	  3.49336e-06	  24	  8.87747e-07
106	  0.444288	  0	  0.000354409	  3.20877e-06	  6	  1.47042e-06
107	  0.456463	  0.229416	  0.00033562	  6.00136e-06	  12	  2.03251e-06
108	  0.491179	  0.426401	  0.000287358	  5.05174e-06	  12	  1.7109e-06
109	  0.54414	  0.57735	  0.000231969	  1.76948e-06	  12	  5.99279e-07
110	  0.610616	  0.685994	  0.000181465	  6.22524e-06	  12	  2.10833e-06
111	  0.686693	  0.762493	  0.000140776	  4.05477e-06	  12	  1.37325e-06
112	  0.76953	  0.816497	  0.00010966	  3.83754e-06	  12	  1.29968e-06
113	  0.857168	  0.855186	  8.62786e-05	  2.29121e-06	  12	  7.75977e-07
114	  0.948278	  0.883452	  6.87654e-05	  1.6999e-06	  12	  5.75713e-07
115	  0.468321	  0	  0.00031798	  4.13756e-06	  12	  1.40129e-06
116	  0.479886	  0.218218	  0.000301799	  5.81005e-06	  24	  1.47647e-06
117	  0.51302	  0.408248	  0.000262812	  5.83792e-06	  24	  1.48356e-06
118	  0.563933	  0.557086	  0.000215017	  5.6023e-06	  24	  1.42368e-06
119	  0.628319	  0.666667	  0.000170648	  4.29585e-06	  24	  1.09168e-06
120	  0.702481	  0.745356	  0.000133953	  4.60854e-06	  24	  1.17114e-06
121	  0.783651	  0.801784	  0.000105335	  4.0385e-06	  24	  1.02628e-06
122	  0.869868	  0.842701	  8.34996e-05	  2.73191e-06	  24	  6.94245e-07
123	  0.959772	  0.872872	  6.69309e-05	  2.51725e-06	  24	  6.39694e-07
124	  0.523599	  0	  0.000251849	  2.86618e-06	  18	  8.18875e-07
125	  0.533968	  0.196116	  0.00024156	  2.64876e-06	  36	  5.73899e-07
126	  0.563933	  0.371391	  0.000215017	  2.64757e-06	  36	  5.73641e-07
127	  0.610616	  0.514496	  0.000181465	  3.21133e-06	  36	  6.95789e-07
128	  0.670534	  0.624695	  0.00014827	  3.29611e-06	  36	  7.14157e-07
129	  0.74048	  0.707107	  0.000119362	  3.64443e-06	  36	  7.89627e-07
130	  0.817887	  0.768221	  9.58027e-05	  3.04636e-06	  36	  6.60044e-07
131	  0.900833	  0.813733	  7.7197e-05	  2.51458e-06	  36	  5.44825e-07
132	  0.987924	  0.847998	  6.26782e-05	  2.28629e-06	  36	  4.95363e-07
133	  0.533968	  0	  0.00024156	  2.61684e-06	  12	  8.86257e-07
134	  0.54414	  0.19245	  0.000231969	  4.07506e-06	  24	  1.03557e-06
135	  0.573574	  0.365148	  0.000207525	  2.62977e-06	  24	  6.68288e-07
136	  0.61953	  0.507093	  0.000175917	  3.5446e-06	  24	  9.00768e-07
137	  0.678662	  0.617213	  0.000144415	  3.44088e-06	  24	  8.74411e-07
138	  0.747849	  0.70014	  0.000116753	  3.16886e-06	  24	  8.05285e-07
139	  0.824564	  0.762001	  9.40695e-05	  1.33404e-06	  24	  3.39012e-07
140	  0.9069	  0.80829	  7.60446e-05	  3.00091e-06	  24	  7.62604e-07
141	  0.993459	  0.843274	  6.18957e-05	  2.29589e-06	  24	  5.83441e-07
142	  0.563933	  0	  0.000215017	  1.07093e-06	  12	  3.62698e-07
143	  0.573574	  0.182574	  0.000207525	  2.21413e-06	  24	  5.62664e-07
144	  0.601569	  0.348155	  0.000187384	  2.96828e-06	  24	  7.54311e-07
145	  0.645536	  0.486664	  0.000160985	  3.49097e-06	  24	  8.8714e-07
146	  0.702481	  0.596285	  0.000133953	  3.67961e-06	  24	  9.35078e-07
147	  0.76953	  0.680414	  0.00010966	  2.0929e-06	  24	  5.31857e-07
148	  0.844278	  0.744208	  8.92337e-05	  3.19348e-06	  24	  8.1154e-07
149	  0.92486	  0.792594	  7.27641e-05	  2.47254e-06	  24	  6.28333e-07
150	  0.592384	  0	  0.000193728	  8.22055e-07	  6	  3.76705e-07
151	  0.601569	  0.174078	  0.000187384	  1.63841e-06	  12	  5.54888e-07
152	  0.628319	  0.333333	  0.000170648	  2.27743e-06	  12	  7.7131e-07
153	  0.670534	  0.468521	  0.00014827	  2.04885e-06	  12	  6.93895e-07
154	  0.72552	  0.57735	  0.000124835	  3.94444e-06	  12	  1.33588e-06
155	  0.790617	  0.662266	  0.000103284	  2.82754e-06	  12	  9.57618e-07
156	  0.863541	  0.727607	  8.48614e-05	  2.42716e-06	  12	  8.22018e-07
157	  0.942478	  0.777778	  6.97363e-05	  1.77878e-06	  12	  6.0243e-07
158	  0.610616	  0	  0.000181465	  1.60918e-06	  12	  5.44989e-07
159	  0.61953	  0.169031	  0.000175917	  2.12207e-06	  24	  5.39268e-07
160	  0.645536	  0.324443	  0.000160985	  2.42701e-06	  24	  6.16762e-07
161	  0.686693	  0.457496	  0.000140776	  2.73601e-06	  24	  6.95287e-07
162	  0.74048	  0.565685	  0.000119362	  2.26018e-06	  24	  5.74367e-07
163	  0.804368	  0.650945	  9.94144e-05	  3.07622e-06	  24	  7.81741e-07
164	  0.876148	  0.717137	  8.21476e-05	  2.52755e-06	  24	  6.42312e-07
165	  0.954042	  0.76835	  6.78321e-05	  2.05726e-06	  24	  5.22801e-07
166	  0.628319	  0	  0.000170648	  6.05541e-06	  6	  2.77488e-06
167	  0.636985	  0.164399	  0.000165645	  2.85766e-06	  12	  9.67819e-07
168	  0.662306	  0.316228	  0.000152257	  1.84246e-06	  12	  6.23995e-07
169	  0.702481	  0.447214	  0.000133953	  1.02055e-06	  12	  3.45635e-07
170	  0.755145	  0.5547	  0.000114321	  1.36396e-06	  12	  4.6194e-07
171	  0.817887	  0.640184	  9.58027e-05	  1.81801e-06	  12	  6.15715e-07
172	  0.888577	  0.707107	  7.96115e-05	  2.09136e-06	  12	  7.08292e-07
173	  0.965468	  0.759257	  6.60351e-05	  2.36512e-06	  12	  8.01006e-07
174	  0.636985	  0	  0.000165645	  2.72868e-06	  12	  9.24137e-07
175	  0.645536	  0.162221	  0.000160985	  1.53103e-06	  24	  3.89072e-07
176	  0.670534	  0.312348	  0.00014827	  1.75807e-06	  24	  4.46768e-07
177	  0.710244	  0.442326	  0.000130793	  2.36216e-06	  24	  6.00282e-07
178	  0.762371	  0.549442	  0.000111916	  2.84773e-06	  24	  7.23678e-07
179	  0.824564	  0.635001	  9.40695e-05	  1.47512e-06	  24	  3.74863e-07
180	  0.894726	  0.702247	  7.83672e-05	  1.49802e-06	  24	  3.80682e-07
181	  0.971131	  0.754829	  6.51545e-05	  1.73447e-06	  24	  4.40771e-07
182	  0.662306	  0	  0.000152257	  1.77165e-06	  12	  6.00013e-07
183	  0.670534	  0.156174	  0.00014827	  1.59812e-06	  24	  4.06121e-07
184	  0.694632	  0.301511	  0.000137293	  1.87449e-06	  24	  4.76354e-07
185	  0.733038	  0.428571	  0.000122002	  2.16331e-06	  24	  5.49749e-07
186	  0.783651	  0.534522	  0.000105335	  1.93513e-06	  24	  4.91764e-07
187	  0.844278	  0.620174	  8.92337e-05	  1.89006e-06	  24	  4.8031e-07
188	  0.912926	  0.688247	  7.48999e-05	  1.30631e-06	  24	  3.31964e-07
189	  0.987924	  0.741999	  6.26782e-05	  1.46226e-06	  24	  3.71595e-07
190	  0.670534	  0	  0.00014827	  2.13325e-06	  12	  7.2248e-07
191	  0.678662	  0.154303	  0.000144415	  1.35998e-06	  24	  3.45604e-07
192	  0.702481	  0.298142	  0.000133953	  2.2487e-06	  24	  5.71448e-07
193	  0.74048	  0.424264	  0.000119362	  1.69291e-06	  24	  4.30208e-07
194	  0.790617	  0.529813	  0.000103284	  1.88023e-06	  24	  4.77812e-07
195	  0.850747	  0.615457	  8.77505e-05	  1.34997e-06	  24	  3.43059e-07
196	  0.918912	  0.683763	  7.38245e-05	  1.89766e-06	  24	  4.82241e-07
197	  0.993459	  0.737865	  6.18957e-05	  1.68286e-06	  24	  4.27656e-07
198	  0.702481	  0	  0.000133953	  8.50922e-07	  12	  2.88186e-07
199	  0.710244	  0.147442	  0.000130793	  1.72468e-06	  24	  4.38283e-07
200	  0.733038	  0.285714	  0.000122002	  2.22562e-06	  24	  5.65585e-07
201	  0.76953	  0.408248	  0.00010966	  1.86084e-06	  24	  4.72885e-07
202	  0.817887	  0.512148	  9.58027e-05	  2.59967e-06	  24	  6.60639e-07
203	  0.876148	  0.597614	  8.21476e-05	  2.16814e-06	  24	  5.50977e-07
204	  0.942478	  0.666667	  6.97363e-05	  1.76267e-06	  24	  4.47938e-07
205	  0.733038	  0	  0.000122002	  1.46621e-06	  6	  6.71887e-07
206	  0.74048	  0.141421	  0.000119362	  1.42859e-06	  12	  4.83827e-07
207	  0.762371	  0.274721	  0.000111916	  1.12546e-06	  12	  3.81164e-07
208	  0.797522	  0.393919	  0.000101309	  1.56566e-06	  12	  5.30249e-07
209	  0.844278	  0.496139	  8.92337e-05	  1.892e-06	  12	  6.40772e-07
210	  0.900833	  0.581238	  7.7197e-05	  2.03846e-06	  12	  6.90377e-07
211	  0.965468	  0.650791	  6.60351e-05	  1.65863e-06	  12	  5.61738e-07
212	  0.74048	  0	  0.000119362	  1.53189e-06	  18	  4.37665e-07
213	  0.747849	  0.140028	  0.000116753	  1.83029e-06	  36	  3.96562e-07
214	  0.76953	  0.272166	  0.00010966	  1.43007e-06	  36	  3.09849e-07
215	  0.804368	  0.390567	  9.94144e-05	  2.06057e-06	  36	  4.46457e-07
216	  0.850747	  0.492366	  8.77505e-05	  1.3673e-06	  36	  2.96248e-07
217	  0.9069	  0.57735	  7.60446e-05	  1.37132e-06	  36	  2.97119e-07
218	  0.971131	  0.646997	  6.51545e-05	  2.15351e-06	  36	  4.66594e-07
219	  0.755145	  0	  0.000114321	  9.421e-07	  12	  3.19066e-07
220	  0.762371	  0.137361	  0.000111916	  1.81257e-06	  24	  4.60618e-07
221	  0.783651	  0.267261	  0.000105335	  1.55211e-06	  24	  3.94428e-07
222	  0.817887	  0.384111	  9.58027e-05	  1.7062e-06	  24	  4.33586e-07
223	  0.863541	  0.485071	  8.48614e-05	  9.24414e-07	  24	  2.34916e-07
224	  0.918912	  0.569803	  7.38245e-05	  1.57093e-06	  24	  3.99211e-07
225	  0.982358	  0.639602	  6.34989e-05	  1.15329e-06	  24	  2.93078e-07
226	  0.762371	  0	  0.000111916	  7.95025e-07	  12	  2.69255e-07
227	  0.76953	  0.136083	  0.00010966	  1.72006e-06	  24	  4.37109e-07
228	  0.790617	  0.264906	  0.000103284	  1.21143e-06	  24	  3.07853e-07
229	  0.824564	  0.381	  9.40695e-05	  1.26488e-06	  24	  3.21438e-07
230	  0.869868	  0.481543	  8.34996e-05	  9.17538e-07	  24	  2.33168e-07
231	  0.92486	  0.566139	  7.27641e-05	  1.71066e-06	  24	  4.34719e-07
232	  0.987924	  0.635999	  6.26782e-05	  1.20098e-06	  24	  3.05197e-07
233	  0.797522	  0	  0.000101309	  1.37161e-06	  12	  4.6453e-07
234	  0.804368	  0.130189	  9.94144e-05	  1.71758e-06	  24	  4.36479e-07
235	  0.824564	  0.254	  9.40695e-05	  1.12232e-06	  24	  2.85209e-07
236	  0.857168	  0.366508	  8.62786e-05	  1.28241e-06	  24	  3.25892e-07
237	  0.900833	  0.464991	  7.7197e-05	  1.23449e-06	  24	  3.13713e-07
238	  0.954042	  0.548821	  6.78321e-05	  1.43313e-06	  24	  3.64193e-07
239	  0.817887	  0	  9.58027e-05	  9.97325e-07	  12	  3.37769e-07
240	  0.824564	  0.127	  9.40695e-05	  9.32559e-07	  24	  2.36986e-07
241	  0.844278	  0.248069	  8.92337e-05	  1.16747e-06	  24	  2.96683e-07
242	  0.876148	  0.358569	  8.21476e-05	  1.40481e-06	  24	  3.56996e-07
243	  0.918912	  0.455842	  7.38245e-05	  1.34211e-06	  24	  3.41063e-07
244	  0.971131	  0.539164	  6.51545e-05	  1.53673e-06	  24	  3.90521e-07
245	  0.837758	  0	  9.08132e-05	  1.26184e-06	  6	  5.78238e-07
246	  0.844278	  0.124035	  8.92337e-05	  1.67441e-06	  12	  5.67081e-07
247	  0.863541	  0.242536	  8.48614e-05	  5.14991e-07	  12	  1.74415e-07
248	  0.894726	  0.351123	  7.83672e-05	  1.05079e-06	  12	  3.55876e-07
249	  0.936642	  0.447214	  7.07132e-05	  1.14588e-06	  12	  3.88082e-07
250	  0.987924	  0.529999	  6.26782e-05	  1.7746e-06	  12	  6.01011e-07
251	  0.844278	  0	  8.92337e-05	  1.48378e-06	  24	  3.77066e-07
252	  0.850747	  0.123091	  8.77505e-05	  1.29862e-06	  48	  2.5237e-07
253	  0.869868	  0.240772	  8.34996e-05	  1.04847e-06	  48	  2.03757e-07
254	  0.900833	  0.348743	  7.7197e-05	  1.25018e-06	  48	  2.42957e-07
255	  0.942478	  0.444444	  6.97363e-05	  1.16744e-06	  48	  2.26877e-07
256	  0.993459	  0.527046	  6.18957e-05	  1.29336e-06	  48	  2.51348e-07
257	  0.863541	  0	  8.48614e-05	  6.55996e-07	  12	  2.22169e-07
258	  0.869868	  0.120386	  8.34996e-05	  1.15356e-06	  24	  2.93147e-07
259	  0.888577	  0.235702	  7.96115e-05	  1.09196e-06	  24	  2.77493e-07
260	  0.918912	  0.341882	  7.38245e-05	  1.13639e-06	  24	  2.88784e-07
261	  0.959772	  0.436436	  6.69309e-05	  1.13163e-06	  24	  2.87574e-07
262	  0.888577	  0	  7.96115e-05	  9.59077e-07	  6	  4.39495e-07
263	  0.894726	  0.117041	  7.83672e-05	  7.49428e-07	  12	  2.53813e-07
264	  0.912926	  0.229416	  7.48999e-05	  1.09848e-06	  12	  3.72029e-07
265	  0.942478	  0.333333	  6.97363e-05	  1.21692e-06	  12	  4.12142e-07
266	  0.982358	  0.426401	  6.34989e-05	  1.08804e-06	  12	  3.68492e-07
267	  0.894726	  0	  7.83672e-05	  7.25118e-07	  12	  2.45579e-07
268	  0.900833	  0.116248	  7.7197e-05	  8.95123e-07	  24	  2.27472e-07
269	  0.918912	  0.227921	  7.38245e-05	  1.18588e-06	  24	  3.01361e-07
270	  0.948278	  0.331295	  6.87654e-05	  1.17344e-06	  24	  2.982e-07
271	  0.987924	  0.423999	  6.26782e-05	  1.02908e-06	  24	  2.61515e-07
272	  0.900833	  0	  7.7197e-05	  1.4195e-06	  12	  4.8075e-07
273	  0.9069	  0.11547	  7.60446e-05	  9.70449e-07	  24	  2.46614e-07
274	  0.92486	  0.226455	  7.27641e-05	  7.92173e-07	  24	  2.0131e-07
275	  0.954042	  0.329293	  6.78321e-05	  1.13437e-06	  24	  2.88271e-07
276	  0.993459	  0.421637	  6.18957e-05	  1.01434e-06	  24	  2.57769e-07
277	  0.936642	  0	  7.07132e-05	  7.2785e-07	  12	  2.46505e-07
278	  0.942478	  0.111111	  6.97363e-05	  1.01198e-06	  24	  2.57168e-07
279	  0.959772	  0.218218	  6.69309e-05	  9.21402e-07	  24	  2.3415e-07
280	  0.987924	  0.317999	  6.26782e-05	  8.38117e-07	  24	  2.12986e-07
281	  0.942478	  0	  6.97363e-05	  1.54043e-06	  6	  7.059e-07
282	  0.948278	  0.110432	  6.87654e-05	  1.16871e-06	  12	  3.95814e-07
283	  0.965468	  0.21693	  6.60351e-05	  1.01584e-06	  12	  3.44039e-07
284	  0.993459	  0.316228	  6.18957e-05	  1.05501e-06	  12	  3.57307e-07
285	  0.948278	  0	  6.87654e-05	  1.03566e-06	  12	  3.50752e-07
286	  0.954042	  0.109764	  6.78321e-05	  8.2647e-07	  24	  2.10026e-07
287	  0.971131	  0.215666	  6.51545e-05	  7.25364e-07	  24	  1.84332e-07
288	  0.998963	  0.314485	  6.11335e-05	  8.43028e-07	  24	  2.14234e-07
289	  0.965468	  0	  6.60351e-05	  8.49331e-07	  24	  2.15836e-07
290	  0.971131	  0.107833	  6.51545e-05	  9.1403e-07	  48	  1.7763e-07
291	  0.987924	  0.212	  6.26782e-05	  9.95991e-07	  48	  1.93559e-07
292	  0.987924	  0	  6.26782e-05	  8.28712e-07	  12	  2.80664e-07
293	  0.993459	  0.105409	  6.18957e-05	  8.65681e-07	  24	  2.1999e-07
294	  0.993459	  0	  6.18957e-05	  7.4928e-07	  12	  2.53762e-07
295	  0.998963	  0.104828	  6.11335e-05	  7.63502e-07	  24	  1.94024e-07
296	  1.08818	  0.030936	  5.03103e-05	  7.15642e-07	  138	  9.67016e-08
297	  1.08818	  0.0938307	  5.03103e-05	  6.60698e-07	  252	  7.46549e-08
298	  1.08818	  0.156319	  5.03103e-05	  5.9776e-07	  72	  1.00335e-07
299	  1.08818	  0.218712	  5.03103e-05	  6.67923e-07	  216	  7.88425e-08
300	  1.08818	  0.281224	  5.03103e-05	  7.8316e-07	  288	  8.53062e-08
301	  1.08818	  0.343807	  5.03103e-05	  7.50819e-07	  120	  1.06081e-07
302	  1.08818	  0.406302	  5.03103e-05	  1.04559e-06	  180	  1.30213e-07
303	  1.08818	  0.468745	  5.03103e-05	  9.54692e-07	  180	  1.18893e-07
304	  1.08818	  0.531226	  5.03103e-05	  1.11722e-06	  192	  1.36489e-07
305	  1.08818	  0.593785	  5.03103e-05	  1.38062e-06	  192	  1.68668e-07
306	  1.08818	  0.656281	  5.03103e-05	  1.12157e-06	  168	  1.4261e-07
307	  1.08818	  0.718743	  5.03103e-05	  1.47168e-06	  228	  1.71048e-07
308	  1.08818	  0.781255	  5.03103e-05	  2.05972e-06	  144	  2.7463e-07
309	  1.08818	  0.843774	  5.03103e-05	  1.77132e-06	  240	  2.02904e-07
310	  1.08818	  0.90628	  5.03103e-05	  2.13828e-06	  168	  2.71886e-07
311	  1.08818	  0.968758	  5.03103e-05	  2.22176e-06	  150	  2.92494e-07
312	  1.25577	  0.030936	  3.61853e-05	  5.48526e-07	  198	  6.64084e-08
313	  1.25577	  0.0938307	  3.61853e-05	  5.67542e-07	  396	  5.68971e-08
314	  1.25577	  0.156319	  3.61853e-05	  5.43731e-07	  396	  5.45101e-08
315	  1.25577	  0.218712	  3.61853e-05	  5.07729e-07	  204	  6.09346e-08
316	  1.25577	  0.281224	  3.61853e-05	  6.05527e-07	  216	  7.14773e-08
317	  1.25577	  0.343807	  3.61853e-05	  5.99524e-07	  372	  6.106e-08
318	  1.25577	  0.406302	  3.61853e-05	  6.87838e-07	  312	  7.33331e-08
319	  1.25577	  0.468745	  3.61853e-05	  6.74248e-07	  288	  7.34428e-08
320	  1.25577	  0.531226	  3.61853e-05	  8.85591e-07	  264	  9.87839e-08
321	  1.25577	  0.593785	  3.61853e-05	  8.52501e-07	  312	  9.08884e-08
322	  1.25577	  0.656281	  3.61853e-05	  8.85245e-07	  276	  9.75477e-08
323	  1.25577	  0.718743	  3.61853e-05	  1.02145e-06	  312	  1.08901e-07
324	  1.25577	  0.781255	  3.61853e-05	  1.20377e-06	  276	  1.32647e-07
325	  1.25577	  0.843774	  3.61853e-05	  1.18218e-06	  240	  1.35418e-07
326	  1.25577	  0.90628	  3.61853e-05	  1.32649e-06	  324	  1.40018e-07
327	  1.25577	  0.968758	  3.61853e-05	  1.53263e-06	  315	  1.62986e-07
328	  1.45182	  0.030936	  2.58127e-05	  3.9116e-07	  246	  4.44974e-08
329	  1.45182	  0.0938307	  2.58127e-05	  3.61101e-07	  516	  3.39517e-08
330	  1.45182	  0.156319	  2.58127e-05	  3.98123e-07	  504	  3.764e-08
331	  1.45182	  0.218712	  2.58127e-05	  3.6373e-07	  528	  3.40158e-08
332	  1.45182	  0.281224	  2.58127e-05	  3.97727e-07	  504	  3.76025e-08
333	  1.45182	  0.343807	  2.58127e-05	  4.39714e-07	  384	  4.44247e-08
334	  1.45182	  0.406302	  2.58127e-05	  5.4107e-07	  420	  5.3455e-08
335	  1.45182	  0.468745	  2.58127e-05	  4.76303e-07	  468	  4.58323e-08
336	  1.45182	  0.531226	  2.58127e-05	  5.38762e-07	  480	  5.15291e-08
337	  1.45182	  0.593785	  2.58127e-05	  5.53974e-07	  468	  5.33062e-08
338	  1.45182	  0.656281	  2.58127e-05	  5.88679e-07	  396	  5.90162e-08
339	  1.45182	  0.718743	  2.58127e-05	  6.63153e-07	  456	  6.42127e-08
340	  1.45182	  0.781255	  2.58127e-05	  7.9115e-07	  432	  7.76217e-08
341	  1.45182	  0.843774	  2.58127e-05	  7.91844e-07	  480	  7.57348e-08
342	  1.45182	  0.90628	  2.58127e-05	  9.03467e-07	  480	  8.64108e-08
343	  1.45182	  0.968758	  2.58127e-05	  1.06222e-06	  414	  1.05316e-07
344	  1.68148	  0.030936	  1.82704e-05	  2.69406e-07	  798	  2.30072e-08
345	  1.68148	  0.0938307	  1.82704e-05	  2.95866e-07	  708	  2.59126e-08
346	  1.68148	  0.156319	  1.82704e-05	  2.82261e-07	  684	  2.49055e-08
347	  1.68148	  0.218712	  1.82704e-05	  3.00349e-07	  720	  2.62108e-08
348	  1.68148	  0.281224	  1.82704e-05	  3.07698e-07	  708	  2.69489e-08
349	  1.68148	  0.343807	  1.82704e-05	  3.24089e-07	  720	  2.82826e-08
350	  1.68148	  0.406302	  1.82704e-05	  3.41236e-07	  672	  3.02253e-08
351	  1.68148	  0.468745	  1.82704e-05	  3.96237e-07	  732	  3.44572e-08
352	  1.68148	  0.531226	  1.82704e-05	  4.01e-07	  672	  3.55189e-08
353	  1.68148	  0.593785	  1.82704e-05	  4.12462e-07	  708	  3.61244e-08
354	  1.68148	  0.656281	  1.82704e-05	  4.23894e-07	  744	  3.67354e-08
355	  1.68148	  0.718743	  1.82704e-05	  5.18522e-07	  744	  4.4936e-08
356	  1.68148	  0.781255	  1.82704e-05	  5.6688e-07	  696	  4.98316e-08
357	  1.68148	  0.843774	  1.82704e-05	  5.55607e-07	  708	  4.86614e-08
358	  1.68148	  0.90628	  1.82704e-05	  5.94846e-07	  696	  5.22899e-08
359	  1.68148	  0.968758	  1.82704e-05	  7.05296e-07	  741	  6.11745e-08
360	  1.94819	  0.030936	  1.2868e-05	  1.99075e-07	  1368	  1.53362e-08
361	  1.94819	  0.0938307	  1.2868e-05	  2.01317e-07	  924	  1.66887e-08
362	  1.94819	  0.156319	  1.2868e-05	  2.08973e-07	  972	  1.71514e-08
363	  1.94819	  0.218712	  1.2868e-05	  2.26368e-07	  972	  1.85791e-08
364	  1.94819	  0.281224	  1.2868e-05	  2.0762e-07	  1200	  1.63745e-08
365	  1.94819	  0.343807	  1.2868e-05	  2.24354e-07	  1140	  1.78625e-08
366	  1.94819	  0.406302	  1.2868e-05	  2.40218e-07	  1080	  1.93205e-08
367	  1.94819	  0.468745	  1.2868e-05	  2.64164e-07	  1068	  2.12915e-08
368	  1.94819	  0.531226	  1.2868e-05	  2.50259e-07	  1164	  1.98482e-08
369	  1.94819	  0.593785	  1.2868e-05	  2.99304e-07	  1188	  2.36489e-08
370	  1.94819	  0.656281	  1.2868e-05	  2.99655e-07	  1068	  2.4152e-08
371	  1.94819	  0.718743	  1.2868e-05	  3.24648e-07	  1008	  2.64579e-08
372	  1.94819	  0.781255	  1.2868e-05	  3.49617e-07	  1164	  2.77283e-08
373	  1.94819	  0.843774	  1.2868e-05	  3.62592e-07	  1176	  2.8703e-08
374	  1.94819	  0.90628	  1.2868e-05	  3.81276e-07	  1080	  3.06657e-08
375	  1.94819	  0.968758	  1.2868e-05	  4.09169e-07	  1038	  3.31584e-08
376	  2.25604	  0.030936	  9.04471e-06	  1.51446e-07	  1896	  1.10504e-08
377	  2.25604	  0.0938307	  9.04471e-06	  1.53479e-07	  1272	  1.19773e-08
378	  2.25604	  0.156319	  9.04471e-06	  1.47216e-07	  2040	  1.06202e-08
379	  2.25604	  0.218712	  9.04471e-06	  1.58621e-07	  1740	  1.17337e-08
380	  2.25604	  0.281224	  9.04471e-06	  1.61844e-07	  1584	  1.21587e-08
381	  2.25604	  0.343807	  9.04471e-06	  1.62139e-07	  1764	  1.19674e-08
382	  2.25604	  0.406302	  9.04471e-06	  1.69303e-07	  1632	  1.2656e-08
383	  2.25604	  0.468745	  9.04471e-06	  1.78695e-07	  1860	  1.30782e-08
384	  2.25604	  0.531226	  9.04471e-06	  1.90061e-07	  1560	  1.43151e-08
385	  2.25604	  0.593785	  9.04471e-06	  1.9932e-07	  1692	  1.48116e-08
386	  2.25604	  0.656281	  9.04471e-06	  2.11951e-07	  1704	  1.57321e-08
387	  2.25604	  0.718743	  9.04471e-06	  2.20318e-07	  1824	  1.61745e-08
388	  2.25604	  0.781255	  9.04471e-06	  2.2315e-07	  1668	  1.66214e-08
389	  2.25604	  0.843774	  9.04471e-06	  2.33259e-07	  1680	  1.73539e-08
390	  2.25604	  0.90628	  9.04471e-06	  2.46972e-07	  1776	  1.8209e-08
391	  2.25604	  0.968758	  9.04471e-06	  2.51728e-07	  1656	  1.87722e-08
392	  2.61216	  0.030936	  6.3402e-06	  1.12532e-07	  2586	  7.83951e-09
393	  2.61216	  0.0938307	  6.3402e-06	  1.0889e-07	  3036	  7.4207e-09
394	  2.61216	  0.156319	  6.3402e-06	  1.1675e-07	  2124	  8.37076e-09
395	  2.61216	  0.218712	  6.3402e-06	  1.09293e-07	  2940	  7.48033e-09
396	  2.61216	  0.281224	  6.3402e-06	  1.13886e-07	  2616	  7.92096e-09
397	  2.61216	  0.343807	  6.3402e-06	  1.20365e-07	  2448	  8.45101e-09
398	  2.61216	  0.406302	  6.3402e-06	  1.2598e-07	  2916	  8.63196e-09
399	  2.61216	  0.468745	  6.3402e-06	  1.24871e-07	  2544	  8.71926e-09
400	  2.61216	  0.531226	  6.3402e-06	  1.32748e-07	  2652	  9.21512e-09
401	  2.61216	  0.593785	  6.3402e-06	  1.35528e-07	  2748	  9.36174e-09
402	  2.61216	  0.656281	  6.3402e-06	  1.39213e-07	  2676	  9.65179e-09
403	  2.61216	  0.718743	  6.3402e-06	  1.42429e-07	  2472	  9.9861e-09
404	  2.61216	  0.781255	  6.3402e-06	  1.46047e-07	  2616	  1.01578e-08
405	  2.61216	  0.843774	  6.3402e-06	  1.48518e-07	  2736	  1.02653e-08
406	  2.61216	  0.90628	  6.3402e-06	  1.51998e-07	  2568	  1.05994e-08
407	  2.61216	  0.968758	  6.3402e-06	  1.53916e-07	  2745	  1.06335e-08
408	  3.02645	  0.030936	  4.42237e-06	  8.8373e-08	  3414	  5.93112e-09
409	  3.02645	  0.0938307	  4.42237e-06	  8.31567e-08	  4512	  5.39581e-09
410	  3.02645	  0.156319	  4.42237e-06	  8.35878e-08	  4632	  5.40756e-09
411	  3.02645	  0.218712	  4.42237e-06	  7.8633e-08	  3972	  5.17932e-09
412	  3.02645	  0.281224	  4.42237e-06	  8.19651e-08	  4176	  5.36664e-09
413	  3.02645	  0.343807	  4.42237e-06	  8.81924e-08	  4344	  5.74772e-09
414	  3.02645	  0.406302	  4.42237e-06	  8.94421e-08	  4044	  5.87859e-09
415	  3.02645	  0.468745	  4.42237e-06	  8.91795e-08	  4092	  5.85308e-09
416	  3.02645	  0.531226	  4.42237e-06	  9.34294e-08	  4296	  6.09692e-09
417	  3.02645	  0.593785	  4.42237e-06	  9.48242e-08	  3996	  6.24126e-09
418	  3.02645	  0.656281	  4.42237e-06	  9.23491e-08	  4188	  6.04447e-09
419	  3.02645	  0.718743	  4.42237e-06	  9.88092e-08	  4212	  6.46295e-09
420	  3.02645	  0.781255	  4.42237e-06	  9.44194e-08	  4140	  6.18841e-09
421	  3.02645	  0.843774	  4.42237e-06	  9.39965e-08	  4128	  6.16282e-09
422	  3.02645	  0.90628	  4.42237e-06	  9.39985e-08	  4188	  6.15243e-09
423	  3.02645	  0.968758	  4.42237e-06	  8.85576e-08	  4128	  5.80622e-09
424	  3.50419	  0.030936	  3.0819e-06	  6.10846e-08	  7002	  3.78423e-09
425	  3.50419	  0.0938307	  3.0819e-06	  6.11299e-08	  6240	  3.83035e-09
426	  3.50419	  0.156319	  3.0819e-06	  5.91655e-08	  5964	  3.7244e-09
427	  3.50419	  0.218712	  3.0819e-06	  6.09633e-08	  6180	  3.82365e-09
428	  3.50419	  0.281224	  3.0819e-06	  5.96662e-08	  6420	  3.72797e-09
429	  3.50419	  0.343807	  3.0819e-06	  6.08563e-08	  6516	  3.79672e-09
430	  3.50419	  0.406302	  3.0819e-06	  6.39278e-08	  6312	  4.00104e-09
431	  3.50419	  0.468745	  3.0819e-06	  6.28951e-08	  6276	  3.93867e-09
432	  3.50419	  0.531226	  3.0819e-06	  6.33002e-08	  6360	  3.95875e-09
433	  3.50419	  0.593785	  3.0819e-06	  6.36886e-08	  6408	  3.98004e-09
434	  3.50419	  0.656281	  3.0819e-06	  6.47088e-08	  6360	  4.04684e-09
435	  3.50419	  0.718743	  3.0819e-06	  6.13873e-08	  6336	  3.84057e-09
436	  3.50419	  0.781255	  3.0819e-06	  5.82692e-08	  6372	  3.64342e-09
437	  3.50419	  0.843774	  3.0819e-06	  5.92416e-08	  6456	  3.69938e-09
438	  3.50419	  0.90628	  3.0819e-06	  5.5934e-08	  6360	  3.49807e-09
439	  3.50419	  0.968758	  3.0819e-06	  5.3366e-08	  6327	  3.33921e-09
440	  4.05763	  0.030936	  2.14162e-06	  4.52414e-08	  10392	  2.70587e-09
441	  4.05763	  0.0938307	  2.14162e-06	  4.42075e-08	  9420	  2.66586e-09
442	  4.05763	  0.156319	  2.14162e-06	  4.44915e-08	  10176	  2.66563e-09
443	  4.05763	  0.218712	  2.14162e-06	  4.31772e-08	  10260	  2.58512e-09
444	  4.05763	  0.281224	  2.14162e-06	  4.19386e-08	  9528	  2.52658e-09
445	  4.05763	  0.343807	  2.14162e-06	  4.26125e-08	  10140	  2.5538e-09
446	  4.05763	  0.406302	  2.14162e-06	  4.38405e-08	  9960	  2.63131e-09
447	  4.05763	  0.468745	  2.14162e-06	  4.32688e-08	  10068	  2.59467e-09
448	  4.05763	  0.531226	  2.14162e-06	  4.29474e-08	  9996	  2.57693e-09
449	  4.05763	  0.593785	  2.14162e-06	  4.07827e-08	  9828	  2.45051e-09
450	  4.05763	  0.656281	  2.14162e-06	  3.9385e-08	  10032	  2.36247e-09
451	  4.05763	  0.718743	  2.14162e-06	  3.89103e-08	  9924	  2.33611e-09
452	  4.05763	  0.781255	  2.14162e-06	  3.57602e-08	  10116	  2.14355e-09
453	  4.05763	  0.843774	  2.14162e-06	  3.4944e-08	  9888	  2.09861e-09
454	  4.05763	  0.90628	  2.14162e-06	  3.35327e-08	  10008	  2.01183e-09
455	  4.05763	  0.968758	  2.14162e-06	  2.90898e-08	  9978	  1.74571e-09
456	  4.69917	  0.030936	  1.48334e-06	  3.32379e-08	  13626	  1.94664e-09
457	  4.69917	  0.0938307	  1.48334e-06	  3.31576e-08	  16392	  1.91686e-09
458	  4.69917	  0.156319	  1.48334e-06	  3.19845e-08	  15708	  1.85442e-09
459	  4.69917	  0.218712	  1.48334e-06	  3.09985e-08	  15432	  1.79946e-09
460	  4.69917	  0.281224	  1.48334e-06	  3.01701e-08	  15780	  1.74868e-09
461	  4.69917	  0.343807	  1.48334e-06	  2.9782e-08	  15300	  1.72987e-09
462	  4.69917	  0.406302	  1.48334e-06	  2.88164e-08	  15588	  1.67163e-09
463	  4.69917	  0.468745	  1.48334e-06	  2.8526e-08	  15396	  1.6562e-09
464	  4.69917	  0.531226	  1.48334e-06	  2.76449e-08	  15504	  1.60427e-09
465	  4.69917	  0.593785	  1.48334e-06	  2.62792e-08	  15660	  1.52396e-09
466	  4.69917	  0.656281	  1.48334e-06	  2.48491e-08	  15192	  1.44406e-09
467	  4.69917	  0.718743	  1.48334e-06	  2.34374e-08	  15600	  1.35952e-09
468	  4.69917	  0.781255	  1.48334e-06	  2.16146e-08	  15216	  1.25595e-09
469	  4.69917	  0.843774	  1.48334e-06	  2.02238e-08	  15516	  1.17355e-09
470	  4.69917	  0.90628	  1.48334e-06	  1.84261e-08	  15540	  1.06912e-09
471	  4.69917	  0.968758	  1.48334e-06	  1.64828e-08	  15405	  9.5694e-10
472	  5.4432	  0.030936	  1.02479e-06	  2.43925e-08	  26250	  1.37018e-09
473	  5.4432	  0.0938307	  1.02479e-06	  2.38105e-08	  22392	  1.34964e-09
474	  5.4432	  0.156319	  1.02479e-06	  2.26386e-08	  24516	  1.27651e-09
475	  5.4432	  0.218712	  1.02479e-06	  2.20111e-08	  23592	  1.24386e-09
476	  5.4432	  0.281224	  1.02479e-06	  2.08476e-08	  24264	  1.17622e-09
477	  5.4432	  0.343807	  1.02479e-06	  2.03327e-08	  23928	  1.14808e-09
478	  5.4432	  0.406302	  1.02479e-06	  1.95853e-08	  24120	  1.10537e-09
479	  5.4432	  0.468745	  1.02479e-06	  1.83605e-08	  23964	  1.03663e-09
480	  5.4432	  0.531226	  1.02479e-06	  1.74719e-08	  24060	  9.86236e-10
481	  5.4432	  0.593785	  1.02479e-06	  1.63526e-08	  24108	  9.22949e-10
482	  5.4432	  0.656281	  1.02479e-06	  1.51454e-08	  24228	  8.5457e-10
483	  5.4432	  0.718743	  1.02479e-06	  1.37052e-08	  24144	  7.73462e-10
484	  5.4432	  0.781255	  1.02479e-06	  1.24019e-08	  23940	  7.00252e-10
485	  5.4432	  0.843774	  1.02479e-06	  1.10971e-08	  24192	  6.26202e-10
486	  5.4432	  0.90628	  1.02479e-06	  9.91614e-09	  23988	  5.59831e-10
487	  5.4432	  0.968758	  1.02479e-06	  8.60215e-09	  24141	  4.85472e-10
488	  6.30378	  0.030936	  7.06823e-07	  1.75548e-08	  35082	  9.71465e-10
489	  6.30378	  0.0938307	  7.06823e-07	  1.68777e-08	  39108	  9.2923e-10
490	  6.30378	  0.156319	  7.06823e-07	  1.61326e-08	  36924	  8.90585e-10
491	  6.30378	  0.218712	  7.06823e-07	  1.53674e-08	  37692	  8.47524e-10
492	  6.30378	  0.281224	  7.06823e-07	  1.43292e-08	  37092	  7.90863e-10
493	  6.30378	  0.343807	  7.06823e-07	  1.36804e-08	  37536	  7.54633e-10
494	  6.30378	  0.406302	  7.06823e-07	  1.26086e-08	  36984	  6.95993e-10
495	  6.30378	  0.468745	  7.06823e-07	  1.1706e-08	  37428	  6.45809e-10
496	  6.30378	  0.531226	  7.06823e-07	  1.065e-08	  37392	  5.87578e-10
497	  6.30378	  0.593785	  7.06823e-07	  9.61233e-09	  37200	  5.30454e-10
498	  6.30378	  0.656281	  7.06823e-07	  8.64258e-09	  36924	  4.77106e-10
499	  6.30378	  0.718743	  7.06823e-07	  7.58448e-09	  37272	  4.1851e-10
500	  6.30378	  0.781255	  7.06823e-07	  6.60518e-09	  37284	  3.64467e-10
501	  6.30378	  0.843774	  7.06823e-07	  5.62452e-09	  37188	  3.10393e-10
502	  6.30378	  0.90628	  7.06823e-07	  4.93717e-09	  37320	  2.72415e-10
503	  6.30378	  0.968758	  7.06823e-07	  4.09482e-09	  37119	  2.25995e-10
504	  7.30029	  0.030936	  4.86302e-07	  1.24221e-08	  60258	  6.71709e-10
505	  7.30029	  0.0938307	  4.86302e-07	  1.17438e-08	  56916	  6.36414e-10
506	  7.30029	  0.156319	  4.86302e-07	  1.09896e-08	  56820	  5.95584e-10
507	  7.30029	  0.218712	  4.86302e-07	  1.02911e-08	  58716	  5.57026e-10
508	  7.30029	  0.281224	  4.86302e-07	  9.46711e-09	  57840	  5.1272e-10
509	  7.30029	  0.343807	  4.86302e-07	  8.67025e-09	  57612	  4.69635e-10
510	  7.30029	  0.406302	  4.86302e-07	  7.90173e-09	  58464	  4.27766e-10
511	  7.30029	  0.468745	  4.86302e-07	  7.04555e-09	  57948	  3.81545e-10
512	  7.30029	  0.531226	  4.86302e-07	  6.23476e-09	  57708	  3.37692e-10
513	  7.30029	  0.593785	  4.86302e-07	  5.36182e-09	  58236	  2.90309e-10
514	  7.30029	  0.656281	  4.86302e-07	  4.63165e-09	  58008	  2.50813e-10
515	  7.30029	  0.718743	  4.86302e-07	  3.92022e-09	  58200	  2.12261e-10
516	  7.30029	  0.781255	  4.86302e-07	  3.23591e-09	  58128	  1.75217e-10
517	  7.30029	  0.843774	  4.86302e-07	  2.70498e-09	  57972	  1.46484e-10
518	  7.30029	  0.90628	  4.86302e-07	  2.22151e-09	  57960	  1.20303e-10
519	  7.30029	  0.968758	  4.86302e-07	  1.80348e-09	  58122	  9.76548e-11
520	  8.455	  0.030936	  3.33992e-07	  8.53736e-09	  90198	  4.55294e-10
521	  8.455	  0.0938307	  3.33992e-07	  8.15754e-09	  89292	  4.35176e-10
522	  8.455	  0.156319	  3.33992e-07	  7.48916e-09	  90804	  3.99311e-10
523	  8.455	  0.218712	  3.33992e-07	  6.73566e-09	  89628	  3.59282e-10
524	  8.455	  0.281224	  3.33992e-07	  6.06164e-09	  89844	  3.23305e-10
525	  8.455	  0.343807	  3.33992e-07	  5.34305e-09	  90636	  2.849e-10
526	  8.455	  0.406302	  3.33992e-07	  4.66558e-09	  89628	  2.48863e-10
527	  8.455	  0.468745	  3.33992e-07	  3.99535e-09	  89772	  2.13102e-10
528	  8.455	  0.531226	  3.33992e-07	  3.3417e-09	  90324	  1.78204e-10
529	  8.455	  0.593785	  3.33992e-07	  2.74804e-09	  89784	  1.46573e-10
530	  8.455	  0.656281	  3.33992e-07	  2.26181e-09	  90216	  1.20621e-10
531	  8.455	  0.718743	  3.33992e-07	  1.83902e-09	  89796	  9.80881e-11
532	  8.455	  0.781255	  3.33992e-07	  1.47222e-09	  90120	  7.85149e-11
533	  8.455	  0.843774	  3.33992e-07	  1.16585e-09	  90132	  6.21756e-11
534	  8.455	  0.90628	  3.33992e-07	  9.12417e-10	  89916	  4.86637e-11
535	  8.455	  0.968758	  3.33992e-07	  7.08537e-10	  89964	  3.77891e-11
536	  9.79129	  0.030936	  2.28926e-07	  5.75478e-09	  139068	  3.03171e-10
537	  9.79129	  0.0938307	  2.28926e-07	  5.36211e-09	  141180	  2.82376e-10
538	  9.79129	  0.156319	  2.28926e-07	  4.87795e-09	  139380	  2.56964e-10
539	  9.79129	  0.218712	  2.28926e-07	  4.29035e-09	  138804	  2.26033e-10
540	  9.79129	  0.281224	  2.28926e-07	  3.6504e-09	  140952	  1.92243e-10
541	  9.79129	  0.343807	  2.28926e-07	  3.10825e-09	  139668	  1.6373e-10
542	  9.79129	  0.406302	  2.28926e-07	  2.56161e-09	  139464	  1.3494e-10
543	  9.79129	  0.468745	  2.28926e-07	  2.08293e-09	  139812	  1.09717e-10
544	  9.79129	  0.531226	  2.28926e-07	  1.65705e-09	  139884	  8.72827e-11
545	  9.79129	  0.593785	  2.28926e-07	  1.30282e-09	  140184	  6.86205e-11
546	  9.79129	  0.656281	  2.28926e-07	  1.01703e-09	  139404	  5.35752e-11
547	  9.79129	  0.718743	  2.28926e-07	  7.89419e-10	  139932	  4.15813e-11
548	  9.79129	  0.781255	  2.28926e-07	  6.006e-10	  139980	  3.16353e-11
549	  9.79129	  0.843774	  2.28926e-07	  4.52889e-10	  139632	  2.38564e-11
550	  9.79129	  0.90628	  2.28926e-07	  3.42053e-10	  140088	  1.80166e-11
551	  9.79129	  0.968758	  2.28926e-07	  2.49363e-10	  139623	  1.31355e-11
