#n	   k	      mu	    PL	    Pf	     w	     err  
0	  0.10472	  1	  0.00276739	  0.000689107	  3	  0.000432311
1	  0.20944	  1	  0.000983009	  0.000200719	  3	  0.000125921
2	  0.314159	  1	  0.000460441	  0.000179511	  3	  0.000112617
3	  0.418879	  1	  0.000258057	  3.06167e-05	  3	  1.92074e-05
4	  0.523599	  1	  0.000163143	  1.20273e-05	  3	  7.54535e-06
5	  0.628319	  1	  0.000110542	  6.42438e-05	  3	  4.03034e-05
6	  0.733038	  1	  7.90303e-05	  2.50304e-05	  3	  1.57028e-05
7	  0.837758	  1	  5.88269e-05	  1.87628e-05	  3	  1.17708e-05
8	  0.942478	  1	  4.51737e-05	  3.48678e-06	  3	  2.18743e-06
9	  0.10472	  0	  0.00276739	  0.00012112	  6	  5.55032e-05
10	  0.148096	  0.707107	  0.00175985	  0.000171195	  12	  5.79795e-05
11	  0.23416	  0.894427	  0.000778677	  0.000201883	  12	  6.83727e-05
12	  0.331153	  0.948683	  0.000416969	  8.57494e-05	  12	  2.90412e-05
13	  0.431771	  0.970143	  0.000242853	  4.17048e-05	  12	  1.41244e-05
14	  0.533968	  0.980581	  0.000156478	  2.76795e-05	  12	  9.37434e-06
15	  0.636985	  0.986394	  0.000107301	  2.00041e-05	  12	  6.7749e-06
16	  0.74048	  0.989949	  7.73204e-05	  2.1531e-05	  12	  7.292e-06
17	  0.844278	  0.992278	  5.78037e-05	  1.29975e-05	  12	  4.40193e-06
18	  0.948278	  0.993884	  4.45448e-05	  1.21019e-05	  12	  4.09863e-06
19	  0.148096	  0	  0.00175985	  6.92612e-05	  6	  3.17388e-05
20	  0.18138	  0.57735	  0.0012485	  9.63974e-05	  12	  3.26474e-05
21	  0.25651	  0.816497	  0.000685318	  0.000103747	  12	  3.51367e-05
22	  0.347316	  0.904534	  0.000375577	  5.67922e-05	  12	  1.92341e-05
23	  0.444288	  0.942809	  0.000229579	  3.24822e-05	  12	  1.10009e-05
24	  0.54414	  0.96225	  0.000150265	  3.57602e-05	  12	  1.21111e-05
25	  0.645536	  0.973329	  0.000104283	  1.90614e-05	  12	  6.45563e-06
26	  0.747849	  0.980196	  7.56299e-05	  1.5855e-05	  12	  5.36968e-06
27	  0.850747	  0.984732	  5.6843e-05	  1.56856e-05	  12	  5.31231e-06
28	  0.954042	  0.987878	  4.39402e-05	  1.03739e-05	  12	  3.51338e-06
29	  0.20944	  0	  0.000983009	  4.17317e-05	  6	  1.91235e-05
30	  0.23416	  0.447214	  0.000778677	  6.52882e-05	  12	  2.21115e-05
31	  0.296192	  0.707107	  0.000507056	  7.51887e-05	  12	  2.54645e-05
32	  0.377572	  0.83205	  0.000319571	  5.3547e-05	  12	  1.8135e-05
33	  0.468321	  0.894427	  0.000205981	  4.31257e-05	  12	  1.46056e-05
34	  0.563933	  0.928477	  0.000139283	  1.4794e-05	  12	  5.01035e-06
35	  0.662306	  0.948683	  9.86289e-05	  1.7339e-05	  12	  5.87229e-06
36	  0.762371	  0.961524	  7.24968e-05	  1.33578e-05	  12	  4.52395e-06
37	  0.863541	  0.970143	  5.49714e-05	  6.1029e-06	  12	  2.0669e-06
38	  0.965468	  0.976187	  4.27761e-05	  7.96912e-06	  12	  2.69894e-06
39	  0.23416	  0	  0.000778677	  4.31672e-05	  12	  1.46196e-05
40	  0.25651	  0.408248	  0.000685318	  4.25473e-05	  24	  1.08123e-05
41	  0.314159	  0.666667	  0.000460441	  5.60923e-05	  24	  1.42544e-05
42	  0.391825	  0.801784	  0.000297534	  3.91926e-05	  24	  9.95979e-06
43	  0.479886	  0.872872	  0.000195499	  4.86269e-05	  24	  1.23573e-05
44	  0.573574	  0.912871	  0.00013443	  2.0956e-05	  24	  5.32542e-06
45	  0.670534	  0.937043	  9.6046e-05	  1.46124e-05	  24	  3.71337e-06
46	  0.76953	  0.952579	  7.10354e-05	  1.42788e-05	  24	  3.6286e-06
47	  0.869868	  0.963087	  5.40893e-05	  1.21738e-05	  24	  3.09367e-06
48	  0.971131	  0.970495	  4.22057e-05	  8.64988e-06	  24	  2.19814e-06
49	  0.296192	  0	  0.000507056	  2.41173e-05	  6	  1.10517e-05
50	  0.314159	  0.333333	  0.000460441	  3.14862e-05	  12	  1.06636e-05
51	  0.36276	  0.57735	  0.000343765	  2.72805e-05	  12	  9.23924e-06
52	  0.431771	  0.727607	  0.000242853	  3.30715e-05	  12	  1.12005e-05
53	  0.51302	  0.816497	  0.000170244	  3.09294e-05	  12	  1.0475e-05
54	  0.601569	  0.870388	  0.000121384	  2.10594e-05	  12	  7.13229e-06
55	  0.694632	  0.904534	  8.89354e-05	  2.022e-05	  12	  6.84801e-06
56	  0.790617	  0.927173	  6.69054e-05	  1.01467e-05	  12	  3.43642e-06
57	  0.888577	  0.942809	  5.15706e-05	  9.70164e-06	  12	  3.2857e-06
58	  0.987924	  0.953998	  4.06016e-05	  5.50008e-06	  12	  1.86274e-06
59	  0.314159	  0	  0.000460441	  2.92607e-05	  6	  1.34087e-05
60	  0.331153	  0.316228	  0.000416969	  2.74421e-05	  12	  9.29395e-06
61	  0.377572	  0.5547	  0.000319571	  3.47815e-05	  12	  1.17796e-05
62	  0.444288	  0.707107	  0.000229579	  1.97316e-05	  12	  6.68262e-06
63	  0.523599	  0.8	  0.000163143	  2.86677e-05	  12	  9.70903e-06
64	  0.610616	  0.857493	  0.000117549	  1.01571e-05	  12	  3.43997e-06
65	  0.702481	  0.894427	  8.67717e-05	  1.20013e-05	  12	  4.06453e-06
66	  0.797522	  0.919145	  6.56259e-05	  1.19904e-05	  12	  4.06085e-06
67	  0.894726	  0.936329	  5.07646e-05	  5.7366e-06	  12	  1.94284e-06
68	  0.993459	  0.948683	  4.00947e-05	  7.79193e-06	  12	  2.63893e-06
69	  0.331153	  0	  0.000416969	  1.94893e-05	  12	  6.60055e-06
70	  0.347316	  0.301511	  0.000375577	  1.86516e-05	  24	  4.73983e-06
71	  0.391825	  0.534522	  0.000297534	  1.8558e-05	  24	  4.71603e-06
72	  0.456463	  0.688247	  0.000217407	  3.32139e-05	  24	  8.44046e-06
73	  0.533968	  0.784465	  0.000156478	  1.69962e-05	  24	  4.31914e-06
74	  0.61953	  0.845154	  0.000113955	  1.39535e-05	  24	  3.54593e-06
75	  0.710244	  0.884652	  8.47248e-05	  1.81575e-05	  24	  4.61425e-06
76	  0.804368	  0.911322	  6.43985e-05	  1.28901e-05	  24	  3.27569e-06
77	  0.900833	  0.929981	  5.00066e-05	  8.36203e-06	  24	  2.12499e-06
78	  0.998963	  0.943456	  3.9601e-05	  6.15247e-06	  24	  1.56349e-06
79	  0.377572	  0	  0.000319571	  1.70032e-05	  12	  5.75856e-06
80	  0.391825	  0.267261	  0.000297534	  1.20608e-05	  24	  3.06493e-06
81	  0.431771	  0.485071	  0.000242853	  2.28826e-05	  24	  5.81503e-06
82	  0.491179	  0.639602	  0.000186145	  1.47287e-05	  24	  3.74292e-06
83	  0.563933	  0.742781	  0.000139283	  1.97828e-05	  24	  5.02728e-06
84	  0.645536	  0.811107	  0.000104283	  1.61597e-05	  24	  4.10657e-06
85	  0.733038	  0.857143	  7.90303e-05	  1.43024e-05	  24	  3.63458e-06
86	  0.824564	  0.889001	  6.09362e-05	  6.48916e-06	  24	  1.64905e-06
87	  0.918912	  0.911685	  4.7822e-05	  8.99388e-06	  24	  2.28556e-06
88	  0.418879	  0	  0.000258057	  4.24334e-06	  6	  1.94451e-06
89	  0.431771	  0.242536	  0.000242853	  9.19005e-06	  12	  3.11244e-06
90	  0.468321	  0.447214	  0.000205981	  1.63927e-05	  12	  5.55181e-06
91	  0.523599	  0.6	  0.000163143	  1.57343e-05	  12	  5.32882e-06
92	  0.592384	  0.707107	  0.000125493	  6.37252e-06	  12	  2.15822e-06
93	  0.670534	  0.780869	  9.6046e-05	  1.55647e-05	  12	  5.27137e-06
94	  0.755145	  0.83205	  7.40547e-05	  9.4484e-06	  12	  3.19994e-06
95	  0.844278	  0.868243	  5.78037e-05	  9.07405e-06	  12	  3.07316e-06
96	  0.936642	  0.894427	  4.58065e-05	  5.71527e-06	  12	  1.93562e-06
97	  0.431771	  0	  0.000242853	  9.39599e-06	  12	  3.18219e-06
98	  0.444288	  0.235702	  0.000229579	  5.36741e-06	  24	  1.36399e-06
99	  0.479886	  0.436436	  0.000195499	  1.97965e-05	  24	  5.03076e-06
100	  0.533968	  0.588348	  0.000156478	  1.10087e-05	  24	  2.79757e-06
101	  0.601569	  0.696311	  0.000121384	  8.91277e-06	  24	  2.26495e-06
102	  0.678662	  0.771517	  9.3549e-05	  8.86305e-06	  24	  2.25231e-06
103	  0.762371	  0.824163	  7.24968e-05	  1.39065e-05	  24	  3.53398e-06
104	  0.850747	  0.86164	  5.6843e-05	  1.0833e-05	  24	  2.75292e-06
105	  0.942478	  0.888889	  4.51737e-05	  9.16382e-06	  24	  2.32875e-06
106	  0.444288	  0	  0.000229579	  8.94065e-06	  6	  4.09704e-06
107	  0.456463	  0.229416	  0.000217407	  1.49849e-05	  12	  5.07501e-06
108	  0.491179	  0.426401	  0.000186145	  1.27819e-05	  12	  4.3289e-06
109	  0.54414	  0.57735	  0.000150265	  5.03152e-06	  12	  1.70405e-06
110	  0.610616	  0.685994	  0.000117549	  1.65934e-05	  12	  5.61977e-06
111	  0.686693	  0.762493	  9.11917e-05	  1.02423e-05	  12	  3.4688e-06
112	  0.76953	  0.816497	  7.10354e-05	  8.94982e-06	  12	  3.03108e-06
113	  0.857168	  0.855186	  5.58895e-05	  5.15446e-06	  12	  1.74569e-06
114	  0.948278	  0.883452	  4.45448e-05	  4.50715e-06	  12	  1.52646e-06
115	  0.468321	  0	  0.000205981	  1.08214e-05	  12	  3.66494e-06
116	  0.479886	  0.218218	  0.000195499	  1.50339e-05	  24	  3.82048e-06
117	  0.51302	  0.408248	  0.000170244	  1.53477e-05	  24	  3.90023e-06
118	  0.563933	  0.557086	  0.000139283	  1.36184e-05	  24	  3.46075e-06
119	  0.628319	  0.666667	  0.000110542	  1.04303e-05	  24	  2.6506e-06
120	  0.702481	  0.745356	  8.67717e-05	  1.20499e-05	  24	  3.06217e-06
121	  0.783651	  0.801784	  6.82336e-05	  9.50794e-06	  24	  2.4162e-06
122	  0.869868	  0.842701	  5.40893e-05	  6.29917e-06	  24	  1.60077e-06
123	  0.959772	  0.872872	  4.33564e-05	  6.15233e-06	  24	  1.56346e-06
124	  0.523599	  0	  0.000163143	  7.84351e-06	  18	  2.24091e-06
125	  0.533968	  0.196116	  0.000156478	  7.91657e-06	  36	  1.71526e-06
126	  0.563933	  0.371391	  0.000139283	  7.07672e-06	  36	  1.53329e-06
127	  0.610616	  0.514496	  0.000117549	  8.22952e-06	  36	  1.78306e-06
128	  0.670534	  0.624695	  9.6046e-05	  8.80305e-06	  36	  1.90733e-06
129	  0.74048	  0.707107	  7.73204e-05	  8.8653e-06	  36	  1.92082e-06
130	  0.817887	  0.768221	  6.2059e-05	  7.75505e-06	  36	  1.68026e-06
131	  0.900833	  0.813733	  5.00066e-05	  7.73651e-06	  36	  1.67624e-06
132	  0.987924	  0.847998	  4.06016e-05	  6.15866e-06	  36	  1.33438e-06
133	  0.533968	  0	  0.000156478	  7.63088e-06	  12	  2.58439e-06
134	  0.54414	  0.19245	  0.000150265	  1.00259e-05	  24	  2.54782e-06
135	  0.573574	  0.365148	  0.00013443	  7.885e-06	  24	  2.00377e-06
136	  0.61953	  0.507093	  0.000113955	  9.16085e-06	  24	  2.32799e-06
137	  0.678662	  0.617213	  9.3549e-05	  7.95023e-06	  24	  2.02035e-06
138	  0.747849	  0.70014	  7.56299e-05	  8.11844e-06	  24	  2.06309e-06
139	  0.824564	  0.762001	  6.09362e-05	  3.70184e-06	  24	  9.40727e-07
140	  0.9069	  0.80829	  4.92601e-05	  6.94722e-06	  24	  1.76546e-06
141	  0.993459	  0.843274	  4.00947e-05	  4.91513e-06	  24	  1.24905e-06
142	  0.563933	  0	  0.000139283	  3.3395e-06	  12	  1.13101e-06
143	  0.573574	  0.182574	  0.00013443	  6.26137e-06	  24	  1.59117e-06
144	  0.601569	  0.348155	  0.000121384	  7.31548e-06	  24	  1.85904e-06
145	  0.645536	  0.486664	  0.000104283	  8.21257e-06	  24	  2.08701e-06
146	  0.702481	  0.596285	  8.67717e-05	  8.21909e-06	  24	  2.08867e-06
147	  0.76953	  0.680414	  7.10354e-05	  4.97094e-06	  24	  1.26324e-06
148	  0.844278	  0.744208	  5.78037e-05	  8.26502e-06	  24	  2.10034e-06
149	  0.92486	  0.792594	  4.71351e-05	  6.17113e-06	  24	  1.56823e-06
150	  0.592384	  0	  0.000125493	  2.18386e-06	  6	  1.00075e-06
151	  0.601569	  0.174078	  0.000121384	  4.55016e-06	  12	  1.54103e-06
152	  0.628319	  0.333333	  0.000110542	  6.18078e-06	  12	  2.09328e-06
153	  0.670534	  0.468521	  9.6046e-05	  5.27529e-06	  12	  1.78661e-06
154	  0.72552	  0.57735	  8.08652e-05	  8.82353e-06	  12	  2.98831e-06
155	  0.790617	  0.662266	  6.69054e-05	  7.06776e-06	  12	  2.39367e-06
156	  0.863541	  0.727607	  5.49714e-05	  5.24541e-06	  12	  1.77649e-06
157	  0.942478	  0.777778	  4.51737e-05	  4.86058e-06	  12	  1.64616e-06
158	  0.610616	  0	  0.000117549	  5.44352e-06	  12	  1.84358e-06
159	  0.61953	  0.169031	  0.000113955	  5.29066e-06	  24	  1.34448e-06
160	  0.645536	  0.324443	  0.000104283	  6.61219e-06	  24	  1.68032e-06
161	  0.686693	  0.457496	  9.11917e-05	  6.52559e-06	  24	  1.65831e-06
162	  0.74048	  0.565685	  7.73204e-05	  6.33155e-06	  24	  1.609e-06
163	  0.804368	  0.650945	  6.43985e-05	  7.77432e-06	  24	  1.97564e-06
164	  0.876148	  0.717137	  5.32135e-05	  7.26165e-06	  24	  1.84536e-06
165	  0.954042	  0.76835	  4.39402e-05	  5.67826e-06	  24	  1.44298e-06
166	  0.628319	  0	  0.000110542	  1.34737e-05	  6	  6.1743e-06
167	  0.636985	  0.164399	  0.000107301	  7.77942e-06	  12	  2.63469e-06
168	  0.662306	  0.316228	  9.86289e-05	  5.02821e-06	  12	  1.70293e-06
169	  0.702481	  0.447214	  8.67717e-05	  2.93604e-06	  12	  9.94363e-07
170	  0.755145	  0.5547	  7.40547e-05	  3.98095e-06	  12	  1.34825e-06
171	  0.817887	  0.640184	  6.2059e-05	  4.85246e-06	  12	  1.64341e-06
172	  0.888577	  0.707107	  5.15706e-05	  4.51702e-06	  12	  1.5298e-06
173	  0.965468	  0.759257	  4.27761e-05	  5.85308e-06	  12	  1.98229e-06
174	  0.636985	  0	  0.000107301	  7.89668e-06	  12	  2.67441e-06
175	  0.645536	  0.162221	  0.000104283	  4.16509e-06	  24	  1.05845e-06
176	  0.670534	  0.312348	  9.6046e-05	  4.31282e-06	  24	  1.09599e-06
177	  0.710244	  0.442326	  8.47248e-05	  5.87034e-06	  24	  1.4918e-06
178	  0.762371	  0.549442	  7.24968e-05	  7.84309e-06	  24	  1.99312e-06
179	  0.824564	  0.635001	  6.09362e-05	  3.9411e-06	  24	  1.00153e-06
180	  0.894726	  0.702247	  5.07646e-05	  3.94777e-06	  24	  1.00322e-06
181	  0.971131	  0.754829	  4.22057e-05	  5.41443e-06	  24	  1.37594e-06
182	  0.662306	  0	  9.86289e-05	  4.30598e-06	  12	  1.45833e-06
183	  0.670534	  0.156174	  9.6046e-05	  4.19394e-06	  24	  1.06578e-06
184	  0.694632	  0.301511	  8.89354e-05	  3.84239e-06	  24	  9.76443e-07
185	  0.733038	  0.428571	  7.90303e-05	  6.70092e-06	  24	  1.70287e-06
186	  0.783651	  0.534522	  6.82336e-05	  4.72998e-06	  24	  1.202e-06
187	  0.844278	  0.620174	  5.78037e-05	  4.82889e-06	  24	  1.22714e-06
188	  0.912926	  0.688247	  4.85186e-05	  3.92818e-06	  24	  9.98246e-07
189	  0.987924	  0.741999	  4.06016e-05	  4.34758e-06	  24	  1.10483e-06
190	  0.670534	  0	  9.6046e-05	  4.58732e-06	  12	  1.55361e-06
191	  0.678662	  0.154303	  9.3549e-05	  3.66664e-06	  24	  9.31782e-07
192	  0.702481	  0.298142	  8.67717e-05	  5.45341e-06	  24	  1.38584e-06
193	  0.74048	  0.424264	  7.73204e-05	  4.77388e-06	  24	  1.21316e-06
194	  0.790617	  0.529813	  6.69054e-05	  4.6789e-06	  24	  1.18902e-06
195	  0.850747	  0.615457	  5.6843e-05	  3.6138e-06	  24	  9.18353e-07
196	  0.918912	  0.683763	  4.7822e-05	  5.53201e-06	  24	  1.40582e-06
197	  0.993459	  0.737865	  4.00947e-05	  4.6081e-06	  24	  1.17103e-06
198	  0.702481	  0	  8.67717e-05	  2.46852e-06	  12	  8.36025e-07
199	  0.710244	  0.147442	  8.47248e-05	  4.54417e-06	  24	  1.15478e-06
200	  0.733038	  0.285714	  7.90303e-05	  5.87556e-06	  24	  1.49312e-06
201	  0.76953	  0.408248	  7.10354e-05	  4.97264e-06	  24	  1.26367e-06
202	  0.817887	  0.512148	  6.2059e-05	  6.6288e-06	  24	  1.68454e-06
203	  0.876148	  0.597614	  5.32135e-05	  5.2821e-06	  24	  1.34231e-06
204	  0.942478	  0.666667	  4.51737e-05	  4.76556e-06	  24	  1.21104e-06
205	  0.733038	  0	  7.90303e-05	  3.43407e-06	  6	  1.57366e-06
206	  0.74048	  0.141421	  7.73204e-05	  3.44391e-06	  12	  1.16637e-06
207	  0.762371	  0.274721	  7.24968e-05	  3.41731e-06	  12	  1.15736e-06
208	  0.797522	  0.393919	  6.56259e-05	  4.55621e-06	  12	  1.54307e-06
209	  0.844278	  0.496139	  5.78037e-05	  5.39035e-06	  12	  1.82558e-06
210	  0.900833	  0.581238	  5.00066e-05	  5.19206e-06	  12	  1.75842e-06
211	  0.965468	  0.650791	  4.27761e-05	  4.29947e-06	  12	  1.45612e-06
212	  0.74048	  0	  7.73204e-05	  3.61505e-06	  18	  1.03283e-06
213	  0.747849	  0.140028	  7.56299e-05	  5.38842e-06	  36	  1.16749e-06
214	  0.76953	  0.272166	  7.10354e-05	  4.18778e-06	  36	  9.07353e-07
215	  0.804368	  0.390567	  6.43985e-05	  5.83774e-06	  36	  1.26484e-06
216	  0.850747	  0.492366	  5.6843e-05	  3.37167e-06	  36	  7.30529e-07
217	  0.9069	  0.57735	  4.92601e-05	  3.35104e-06	  36	  7.2606e-07
218	  0.971131	  0.646997	  4.22057e-05	  5.69112e-06	  36	  1.23308e-06
219	  0.755145	  0	  7.40547e-05	  2.419e-06	  12	  8.19255e-07
220	  0.762371	  0.137361	  7.24968e-05	  4.84425e-06	  24	  1.23104e-06
221	  0.783651	  0.267261	  6.82336e-05	  4.42497e-06	  24	  1.12449e-06
222	  0.817887	  0.384111	  6.2059e-05	  4.4641e-06	  24	  1.13444e-06
223	  0.863541	  0.485071	  5.49714e-05	  2.79447e-06	  24	  7.10142e-07
224	  0.918912	  0.569803	  4.7822e-05	  3.88279e-06	  24	  9.8671e-07
225	  0.982358	  0.639602	  4.11333e-05	  3.02675e-06	  24	  7.6917e-07
226	  0.762371	  0	  7.24968e-05	  2.13436e-06	  12	  7.22855e-07
227	  0.76953	  0.136083	  7.10354e-05	  5.01873e-06	  24	  1.27538e-06
228	  0.790617	  0.264906	  6.69054e-05	  3.51057e-06	  24	  8.92121e-07
229	  0.824564	  0.381	  6.09362e-05	  3.05021e-06	  24	  7.75131e-07
230	  0.869868	  0.481543	  5.40893e-05	  2.44205e-06	  24	  6.20583e-07
231	  0.92486	  0.566139	  4.71351e-05	  4.40844e-06	  24	  1.12029e-06
232	  0.987924	  0.635999	  4.06016e-05	  3.60674e-06	  24	  9.16561e-07
233	  0.797522	  0	  6.56259e-05	  4.01869e-06	  12	  1.36103e-06
234	  0.804368	  0.130189	  6.43985e-05	  4.47479e-06	  24	  1.13715e-06
235	  0.824564	  0.254	  6.09362e-05	  2.77952e-06	  24	  7.06343e-07
236	  0.857168	  0.366508	  5.58895e-05	  3.72465e-06	  24	  9.46525e-07
237	  0.900833	  0.464991	  5.00066e-05	  3.54416e-06	  24	  9.00656e-07
238	  0.954042	  0.548821	  4.39402e-05	  3.87061e-06	  24	  9.83616e-07
239	  0.817887	  0	  6.2059e-05	  3.05745e-06	  12	  1.03548e-06
240	  0.824564	  0.127	  6.09362e-05	  3.05567e-06	  24	  7.76521e-07
241	  0.844278	  0.248069	  5.78037e-05	  3.03454e-06	  24	  7.7115e-07
242	  0.876148	  0.358569	  5.32135e-05	  4.10423e-06	  24	  1.04298e-06
243	  0.918912	  0.455842	  4.7822e-05	  3.29786e-06	  24	  8.38067e-07
244	  0.971131	  0.539164	  4.22057e-05	  4.53633e-06	  24	  1.15279e-06
245	  0.837758	  0	  5.88269e-05	  3.59445e-06	  6	  1.64715e-06
246	  0.844278	  0.124035	  5.78037e-05	  4.76689e-06	  12	  1.61443e-06
247	  0.863541	  0.242536	  5.49714e-05	  1.71567e-06	  12	  5.81056e-07
248	  0.894726	  0.351123	  5.07646e-05	  2.81079e-06	  12	  9.51945e-07
249	  0.936642	  0.447214	  4.58065e-05	  2.55671e-06	  12	  8.65895e-07
250	  0.987924	  0.529999	  4.06016e-05	  4.59315e-06	  12	  1.55559e-06
251	  0.844278	  0	  5.78037e-05	  3.97333e-06	  24	  1.00972e-06
252	  0.850747	  0.123091	  5.6843e-05	  3.23956e-06	  48	  6.29569e-07
253	  0.869868	  0.240772	  5.40893e-05	  2.87005e-06	  48	  5.57758e-07
254	  0.900833	  0.348743	  5.00066e-05	  3.36896e-06	  48	  6.54716e-07
255	  0.942478	  0.444444	  4.51737e-05	  3.24364e-06	  48	  6.3036e-07
256	  0.993459	  0.527046	  4.00947e-05	  3.49944e-06	  48	  6.80073e-07
257	  0.863541	  0	  5.49714e-05	  1.82493e-06	  12	  6.18058e-07
258	  0.869868	  0.120386	  5.40893e-05	  2.5792e-06	  24	  6.55437e-07
259	  0.888577	  0.235702	  5.15706e-05	  2.61325e-06	  24	  6.64089e-07
260	  0.918912	  0.341882	  4.7822e-05	  3.2102e-06	  24	  8.15788e-07
261	  0.959772	  0.436436	  4.33564e-05	  2.91526e-06	  24	  7.40838e-07
262	  0.888577	  0	  5.15706e-05	  2.91288e-06	  6	  1.33482e-06
263	  0.894726	  0.117041	  5.07646e-05	  2.09182e-06	  12	  7.08448e-07
264	  0.912926	  0.229416	  4.85186e-05	  2.83377e-06	  12	  9.59728e-07
265	  0.942478	  0.333333	  4.51737e-05	  2.81293e-06	  12	  9.5267e-07
266	  0.982358	  0.426401	  4.11333e-05	  2.83232e-06	  12	  9.59237e-07
267	  0.894726	  0	  5.07646e-05	  2.34864e-06	  12	  7.95426e-07
268	  0.900833	  0.116248	  5.00066e-05	  2.79474e-06	  24	  7.10211e-07
269	  0.918912	  0.227921	  4.7822e-05	  2.98443e-06	  24	  7.58415e-07
270	  0.948278	  0.331295	  4.45448e-05	  2.99763e-06	  24	  7.61771e-07
271	  0.987924	  0.423999	  4.06016e-05	  2.51001e-06	  24	  6.37854e-07
272	  0.900833	  0	  5.00066e-05	  3.03572e-06	  12	  1.02812e-06
273	  0.9069	  0.11547	  4.92601e-05	  2.45354e-06	  24	  6.23505e-07
274	  0.92486	  0.226455	  4.71351e-05	  2.08908e-06	  24	  5.30886e-07
275	  0.954042	  0.329293	  4.39402e-05	  2.98255e-06	  24	  7.57938e-07
276	  0.993459	  0.421637	  4.00947e-05	  2.78136e-06	  24	  7.06811e-07
277	  0.936642	  0	  4.58065e-05	  1.9196e-06	  12	  6.50121e-07
278	  0.942478	  0.111111	  4.51737e-05	  2.50362e-06	  24	  6.36229e-07
279	  0.959772	  0.218218	  4.33564e-05	  2.01494e-06	  24	  5.12044e-07
280	  0.987924	  0.317999	  4.06016e-05	  2.10073e-06	  24	  5.33845e-07
281	  0.942478	  0	  4.51737e-05	  5.18555e-06	  6	  2.37627e-06
282	  0.948278	  0.110432	  4.45448e-05	  3.44523e-06	  12	  1.16681e-06
283	  0.965468	  0.21693	  4.27761e-05	  2.73183e-06	  12	  9.25202e-07
284	  0.993459	  0.316228	  4.00947e-05	  3.01883e-06	  12	  1.0224e-06
285	  0.948278	  0	  4.45448e-05	  3.22343e-06	  12	  1.09169e-06
286	  0.954042	  0.109764	  4.39402e-05	  2.18674e-06	  24	  5.55704e-07
287	  0.971131	  0.215666	  4.22057e-05	  1.75877e-06	  24	  4.46946e-07
288	  0.998963	  0.314485	  3.9601e-05	  2.36013e-06	  24	  5.99767e-07
289	  0.965468	  0	  4.27761e-05	  1.88138e-06	  24	  4.78103e-07
290	  0.971131	  0.107833	  4.22057e-05	  2.48133e-06	  48	  4.82215e-07
291	  0.987924	  0.212	  4.06016e-05	  2.48251e-06	  48	  4.82445e-07
292	  0.987924	  0	  4.06016e-05	  2.46718e-06	  12	  8.35571e-07
293	  0.993459	  0.105409	  4.00947e-05	  2.53092e-06	  24	  6.43168e-07
294	  0.993459	  0	  4.00947e-05	  1.97676e-06	  12	  6.69478e-07
295	  0.998963	  0.104828	  3.9601e-05	  1.85578e-06	  24	  4.71598e-07
296	  1.08818	  0.030936	  3.259e-05	  1.86291e-06	  138	  2.51726e-07
297	  1.08818	  0.0938307	  3.259e-05	  1.7117e-06	  252	  1.93412e-07
298	  1.08818	  0.156319	  3.259e-05	  1.56756e-06	  72	  2.63117e-07
299	  1.08818	  0.218712	  3.259e-05	  1.74974e-06	  216	  2.06542e-07
300	  1.08818	  0.281224	  3.259e-05	  2.06486e-06	  288	  2.24917e-07
301	  1.08818	  0.343807	  3.259e-05	  1.89961e-06	  120	  2.68391e-07
302	  1.08818	  0.406302	  3.259e-05	  2.6214e-06	  180	  3.26458e-07
303	  1.08818	  0.468745	  3.259e-05	  2.68846e-06	  180	  3.3481e-07
304	  1.08818	  0.531226	  3.259e-05	  2.85854e-06	  192	  3.49224e-07
305	  1.08818	  0.593785	  3.259e-05	  3.70336e-06	  192	  4.52435e-07
306	  1.08818	  0.656281	  3.259e-05	  3.16869e-06	  168	  4.02904e-07
307	  1.08818	  0.718743	  3.259e-05	  3.88039e-06	  228	  4.51004e-07
308	  1.08818	  0.781255	  3.259e-05	  4.90794e-06	  144	  6.54393e-07
309	  1.08818	  0.843774	  3.259e-05	  4.42403e-06	  240	  5.06771e-07
310	  1.08818	  0.90628	  3.259e-05	  6.26421e-06	  168	  7.96505e-07
311	  1.08818	  0.968758	  3.259e-05	  6.01835e-06	  150	  7.92314e-07
312	  1.25577	  0.030936	  2.34401e-05	  1.40157e-06	  198	  1.69684e-07
313	  1.25577	  0.0938307	  2.34401e-05	  1.45047e-06	  396	  1.45412e-07
314	  1.25577	  0.156319	  2.34401e-05	  1.39659e-06	  396	  1.40011e-07
315	  1.25577	  0.218712	  2.34401e-05	  1.32785e-06	  204	  1.59361e-07
316	  1.25577	  0.281224	  2.34401e-05	  1.56123e-06	  216	  1.84289e-07
317	  1.25577	  0.343807	  2.34401e-05	  1.57021e-06	  372	  1.59923e-07
318	  1.25577	  0.406302	  2.34401e-05	  1.72909e-06	  312	  1.84345e-07
319	  1.25577	  0.468745	  2.34401e-05	  1.78671e-06	  288	  1.94618e-07
320	  1.25577	  0.531226	  2.34401e-05	  2.2844e-06	  264	  2.54815e-07
321	  1.25577	  0.593785	  2.34401e-05	  2.07536e-06	  312	  2.21262e-07
322	  1.25577	  0.656281	  2.34401e-05	  2.40808e-06	  276	  2.65353e-07
323	  1.25577	  0.718743	  2.34401e-05	  2.60887e-06	  312	  2.78141e-07
324	  1.25577	  0.781255	  2.34401e-05	  2.96153e-06	  276	  3.2634e-07
325	  1.25577	  0.843774	  2.34401e-05	  3.37671e-06	  240	  3.86802e-07
326	  1.25577	  0.90628	  2.34401e-05	  3.92485e-06	  324	  4.1429e-07
327	  1.25577	  0.968758	  2.34401e-05	  4.28042e-06	  315	  4.55195e-07
328	  1.45182	  0.030936	  1.67209e-05	  9.72455e-07	  246	  1.10624e-07
329	  1.45182	  0.0938307	  1.67209e-05	  9.07512e-07	  516	  8.53266e-08
330	  1.45182	  0.156319	  1.67209e-05	  9.99296e-07	  504	  9.4477e-08
331	  1.45182	  0.218712	  1.67209e-05	  9.91313e-07	  528	  9.2707e-08
332	  1.45182	  0.281224	  1.67209e-05	  1.00296e-06	  504	  9.48238e-08
333	  1.45182	  0.343807	  1.67209e-05	  1.21536e-06	  384	  1.22789e-07
334	  1.45182	  0.406302	  1.67209e-05	  1.36901e-06	  420	  1.35251e-07
335	  1.45182	  0.468745	  1.67209e-05	  1.22273e-06	  468	  1.17657e-07
336	  1.45182	  0.531226	  1.67209e-05	  1.35187e-06	  480	  1.29298e-07
337	  1.45182	  0.593785	  1.67209e-05	  1.45013e-06	  468	  1.39539e-07
338	  1.45182	  0.656281	  1.67209e-05	  1.62727e-06	  396	  1.63137e-07
339	  1.45182	  0.718743	  1.67209e-05	  1.71794e-06	  456	  1.66347e-07
340	  1.45182	  0.781255	  1.67209e-05	  2.1467e-06	  432	  2.10618e-07
341	  1.45182	  0.843774	  1.67209e-05	  2.35374e-06	  480	  2.2512e-07
342	  1.45182	  0.90628	  1.67209e-05	  2.74779e-06	  480	  2.62808e-07
343	  1.45182	  0.968758	  1.67209e-05	  2.84107e-06	  414	  2.81684e-07
344	  1.68148	  0.030936	  1.18352e-05	  6.74381e-07	  798	  5.75919e-08
345	  1.68148	  0.0938307	  1.18352e-05	  7.5675e-07	  708	  6.62779e-08
346	  1.68148	  0.156319	  1.18352e-05	  6.9375e-07	  684	  6.12137e-08
347	  1.68148	  0.218712	  1.18352e-05	  7.6888e-07	  720	  6.70984e-08
348	  1.68148	  0.281224	  1.18352e-05	  7.61256e-07	  708	  6.66726e-08
349	  1.68148	  0.343807	  1.18352e-05	  8.07227e-07	  720	  7.0445e-08
350	  1.68148	  0.406302	  1.18352e-05	  8.86773e-07	  672	  7.85467e-08
351	  1.68148	  0.468745	  1.18352e-05	  9.75048e-07	  732	  8.47912e-08
352	  1.68148	  0.531226	  1.18352e-05	  1.01554e-06	  672	  8.99521e-08
353	  1.68148	  0.593785	  1.18352e-05	  1.05043e-06	  708	  9.19989e-08
354	  1.68148	  0.656281	  1.18352e-05	  1.08924e-06	  744	  9.43955e-08
355	  1.68148	  0.718743	  1.18352e-05	  1.38186e-06	  744	  1.19754e-07
356	  1.68148	  0.781255	  1.18352e-05	  1.4404e-06	  696	  1.26618e-07
357	  1.68148	  0.843774	  1.18352e-05	  1.61849e-06	  708	  1.41751e-07
358	  1.68148	  0.90628	  1.18352e-05	  1.82422e-06	  696	  1.60358e-07
359	  1.68148	  0.968758	  1.18352e-05	  1.93912e-06	  741	  1.68191e-07
360	  1.94819	  0.030936	  8.33561e-06	  5.03369e-07	  1368	  3.8778e-08
361	  1.94819	  0.0938307	  8.33561e-06	  4.96239e-07	  924	  4.11371e-08
362	  1.94819	  0.156319	  8.33561e-06	  5.41817e-07	  972	  4.44697e-08
363	  1.94819	  0.218712	  8.33561e-06	  5.51574e-07	  972	  4.52705e-08
364	  1.94819	  0.281224	  8.33561e-06	  5.09527e-07	  1200	  4.01851e-08
365	  1.94819	  0.343807	  8.33561e-06	  5.48165e-07	  1140	  4.36435e-08
366	  1.94819	  0.406302	  8.33561e-06	  5.95958e-07	  1080	  4.79324e-08
367	  1.94819	  0.468745	  8.33561e-06	  6.65323e-07	  1068	  5.36247e-08
368	  1.94819	  0.531226	  8.33561e-06	  6.59055e-07	  1164	  5.227e-08
369	  1.94819	  0.593785	  8.33561e-06	  7.59765e-07	  1188	  6.00312e-08
370	  1.94819	  0.656281	  8.33561e-06	  7.95734e-07	  1068	  6.41357e-08
371	  1.94819	  0.718743	  8.33561e-06	  8.20454e-07	  1008	  6.68646e-08
372	  1.94819	  0.781255	  8.33561e-06	  9.76901e-07	  1164	  7.74786e-08
373	  1.94819	  0.843774	  8.33561e-06	  9.8883e-07	  1176	  7.82764e-08
374	  1.94819	  0.90628	  8.33561e-06	  1.14458e-06	  1080	  9.20572e-08
375	  1.94819	  0.968758	  8.33561e-06	  1.22868e-06	  1038	  9.95708e-08
376	  2.25604	  0.030936	  5.85898e-06	  3.63075e-07	  1896	  2.64921e-08
377	  2.25604	  0.0938307	  5.85898e-06	  3.68671e-07	  1272	  2.87706e-08
378	  2.25604	  0.156319	  5.85898e-06	  3.60017e-07	  2040	  2.59718e-08
379	  2.25604	  0.218712	  5.85898e-06	  3.83263e-07	  1740	  2.83512e-08
380	  2.25604	  0.281224	  5.85898e-06	  3.89161e-07	  1584	  2.92361e-08
381	  2.25604	  0.343807	  5.85898e-06	  3.97981e-07	  1764	  2.93748e-08
382	  2.25604	  0.406302	  5.85898e-06	  4.12808e-07	  1632	  3.08589e-08
383	  2.25604	  0.468745	  5.85898e-06	  4.44819e-07	  1860	  3.25549e-08
384	  2.25604	  0.531226	  5.85898e-06	  4.75828e-07	  1560	  3.58387e-08
385	  2.25604	  0.593785	  5.85898e-06	  5.01903e-07	  1692	  3.72968e-08
386	  2.25604	  0.656281	  5.85898e-06	  5.67539e-07	  1704	  4.21256e-08
387	  2.25604	  0.718743	  5.85898e-06	  5.83587e-07	  1824	  4.28438e-08
388	  2.25604	  0.781255	  5.85898e-06	  6.41056e-07	  1668	  4.77491e-08
389	  2.25604	  0.843774	  5.85898e-06	  6.78427e-07	  1680	  5.04733e-08
390	  2.25604	  0.90628	  5.85898e-06	  7.52743e-07	  1776	  5.5499e-08
391	  2.25604	  0.968758	  5.85898e-06	  7.83056e-07	  1656	  5.83954e-08
392	  2.61216	  0.030936	  4.10705e-06	  2.71467e-07	  2586	  1.89116e-08
393	  2.61216	  0.0938307	  4.10705e-06	  2.6366e-07	  3036	  1.79681e-08
394	  2.61216	  0.156319	  4.10705e-06	  2.73061e-07	  2124	  1.9578e-08
395	  2.61216	  0.218712	  4.10705e-06	  2.68165e-07	  2940	  1.83539e-08
396	  2.61216	  0.281224	  4.10705e-06	  2.86184e-07	  2616	  1.99045e-08
397	  2.61216	  0.343807	  4.10705e-06	  2.91875e-07	  2448	  2.04929e-08
398	  2.61216	  0.406302	  4.10705e-06	  3.01736e-07	  2916	  2.06745e-08
399	  2.61216	  0.468745	  4.10705e-06	  3.14782e-07	  2544	  2.19801e-08
400	  2.61216	  0.531226	  4.10705e-06	  3.35605e-07	  2652	  2.32972e-08
401	  2.61216	  0.593785	  4.10705e-06	  3.46789e-07	  2748	  2.39549e-08
402	  2.61216	  0.656281	  4.10705e-06	  3.90722e-07	  2676	  2.70892e-08
403	  2.61216	  0.718743	  4.10705e-06	  3.82266e-07	  2472	  2.68018e-08
404	  2.61216	  0.781255	  4.10705e-06	  4.14735e-07	  2616	  2.88455e-08
405	  2.61216	  0.843774	  4.10705e-06	  4.31183e-07	  2736	  2.98025e-08
406	  2.61216	  0.90628	  4.10705e-06	  4.58732e-07	  2568	  3.19889e-08
407	  2.61216	  0.968758	  4.10705e-06	  4.70992e-07	  2745	  3.25393e-08
408	  3.02645	  0.030936	  2.86472e-06	  1.94037e-07	  3414	  1.30227e-08
409	  3.02645	  0.0938307	  2.86472e-06	  1.936e-07	  4512	  1.25622e-08
410	  3.02645	  0.156319	  2.86472e-06	  1.86411e-07	  4632	  1.20595e-08
411	  3.02645	  0.218712	  2.86472e-06	  1.90072e-07	  3972	  1.25195e-08
412	  3.02645	  0.281224	  2.86472e-06	  1.96763e-07	  4176	  1.2883e-08
413	  3.02645	  0.343807	  2.86472e-06	  2.01311e-07	  4344	  1.31199e-08
414	  3.02645	  0.406302	  2.86472e-06	  2.0796e-07	  4044	  1.36682e-08
415	  3.02645	  0.468745	  2.86472e-06	  2.21783e-07	  4092	  1.45562e-08
416	  3.02645	  0.531226	  2.86472e-06	  2.39024e-07	  4296	  1.5598e-08
417	  3.02645	  0.593785	  2.86472e-06	  2.41792e-07	  3996	  1.59146e-08
418	  3.02645	  0.656281	  2.86472e-06	  2.52983e-07	  4188	  1.65584e-08
419	  3.02645	  0.718743	  2.86472e-06	  2.68976e-07	  4212	  1.75933e-08
420	  3.02645	  0.781255	  2.86472e-06	  2.72488e-07	  4140	  1.78593e-08
421	  3.02645	  0.843774	  2.86472e-06	  2.79572e-07	  4128	  1.83299e-08
422	  3.02645	  0.90628	  2.86472e-06	  2.91419e-07	  4188	  1.90741e-08
423	  3.02645	  0.968758	  2.86472e-06	  2.88346e-07	  4128	  1.89052e-08
424	  3.50419	  0.030936	  1.99639e-06	  1.37644e-07	  7002	  8.52711e-09
425	  3.50419	  0.0938307	  1.99639e-06	  1.38521e-07	  6240	  8.67962e-09
426	  3.50419	  0.156319	  1.99639e-06	  1.32212e-07	  5964	  8.3226e-09
427	  3.50419	  0.218712	  1.99639e-06	  1.35929e-07	  6180	  8.52556e-09
428	  3.50419	  0.281224	  1.99639e-06	  1.4027e-07	  6420	  8.76413e-09
429	  3.50419	  0.343807	  1.99639e-06	  1.43401e-07	  6516	  8.94655e-09
430	  3.50419	  0.406302	  1.99639e-06	  1.46094e-07	  6312	  9.14355e-09
431	  3.50419	  0.468745	  1.99639e-06	  1.60449e-07	  6276	  1.00478e-08
432	  3.50419	  0.531226	  1.99639e-06	  1.55604e-07	  6360	  9.73134e-09
433	  3.50419	  0.593785	  1.99639e-06	  1.5974e-07	  6408	  9.9825e-09
434	  3.50419	  0.656281	  1.99639e-06	  1.72394e-07	  6360	  1.07814e-08
435	  3.50419	  0.718743	  1.99639e-06	  1.72141e-07	  6336	  1.07697e-08
436	  3.50419	  0.781255	  1.99639e-06	  1.71975e-07	  6372	  1.07531e-08
437	  3.50419	  0.843774	  1.99639e-06	  1.773e-07	  6456	  1.10716e-08
438	  3.50419	  0.90628	  1.99639e-06	  1.71233e-07	  6360	  1.07088e-08
439	  3.50419	  0.968758	  1.99639e-06	  1.69563e-07	  6327	  1.06099e-08
440	  4.05763	  0.030936	  1.3873e-06	  9.79943e-08	  10392	  5.861e-09
441	  4.05763	  0.0938307	  1.3873e-06	  9.33102e-08	  9420	  5.62691e-09
442	  4.05763	  0.156319	  1.3873e-06	  9.7259e-08	  10176	  5.82709e-09
443	  4.05763	  0.218712	  1.3873e-06	  9.78626e-08	  10260	  5.85927e-09
444	  4.05763	  0.281224	  1.3873e-06	  9.39671e-08	  9528	  5.66102e-09
445	  4.05763	  0.343807	  1.3873e-06	  9.77585e-08	  10140	  5.85874e-09
446	  4.05763	  0.406302	  1.3873e-06	  1.01507e-07	  9960	  6.09246e-09
447	  4.05763	  0.468745	  1.3873e-06	  1.01486e-07	  10068	  6.08575e-09
448	  4.05763	  0.531226	  1.3873e-06	  1.05794e-07	  9996	  6.34784e-09
449	  4.05763	  0.593785	  1.3873e-06	  1.05086e-07	  9828	  6.31435e-09
450	  4.05763	  0.656281	  1.3873e-06	  1.07395e-07	  10032	  6.44197e-09
451	  4.05763	  0.718743	  1.3873e-06	  1.07067e-07	  9924	  6.42813e-09
452	  4.05763	  0.781255	  1.3873e-06	  1.03881e-07	  10116	  6.22687e-09
453	  4.05763	  0.843774	  1.3873e-06	  1.03461e-07	  9888	  6.21351e-09
454	  4.05763	  0.90628	  1.3873e-06	  1.03334e-07	  10008	  6.19965e-09
455	  4.05763	  0.968758	  1.3873e-06	  9.52214e-08	  9978	  5.71433e-09
456	  4.69917	  0.030936	  9.60877e-07	  6.8689e-08	  13626	  4.02289e-09
457	  4.69917	  0.0938307	  9.60877e-07	  6.7266e-08	  16392	  3.88869e-09
458	  4.69917	  0.156319	  9.60877e-07	  6.68048e-08	  15708	  3.87326e-09
459	  4.69917	  0.218712	  9.60877e-07	  6.60843e-08	  15432	  3.83618e-09
460	  4.69917	  0.281224	  9.60877e-07	  6.57134e-08	  15780	  3.80879e-09
461	  4.69917	  0.343807	  9.60877e-07	  6.64058e-08	  15300	  3.85715e-09
462	  4.69917	  0.406302	  9.60877e-07	  6.71052e-08	  15588	  3.89274e-09
463	  4.69917	  0.468745	  9.60877e-07	  6.71765e-08	  15396	  3.90022e-09
464	  4.69917	  0.531226	  9.60877e-07	  6.81304e-08	  15504	  3.95369e-09
465	  4.69917	  0.593785	  9.60877e-07	  6.72828e-08	  15660	  3.9018e-09
466	  4.69917	  0.656281	  9.60877e-07	  6.58521e-08	  15192	  3.82688e-09
467	  4.69917	  0.718743	  9.60877e-07	  6.42661e-08	  15600	  3.72785e-09
468	  4.69917	  0.781255	  9.60877e-07	  6.35964e-08	  15216	  3.69538e-09
469	  4.69917	  0.843774	  9.60877e-07	  6.09518e-08	  15516	  3.53692e-09
470	  4.69917	  0.90628	  9.60877e-07	  5.63099e-08	  15540	  3.2672e-09
471	  4.69917	  0.968758	  9.60877e-07	  5.37631e-08	  15405	  3.12132e-09
472	  5.4432	  0.030936	  6.6384e-07	  4.81334e-08	  26250	  2.70376e-09
473	  5.4432	  0.0938307	  6.6384e-07	  4.68227e-08	  22392	  2.65404e-09
474	  5.4432	  0.156319	  6.6384e-07	  4.63095e-08	  24516	  2.61124e-09
475	  5.4432	  0.218712	  6.6384e-07	  4.51995e-08	  23592	  2.55425e-09
476	  5.4432	  0.281224	  6.6384e-07	  4.48948e-08	  24264	  2.53296e-09
477	  5.4432	  0.343807	  6.6384e-07	  4.47455e-08	  23928	  2.52654e-09
478	  5.4432	  0.406302	  6.6384e-07	  4.34157e-08	  24120	  2.45033e-09
479	  5.4432	  0.468745	  6.6384e-07	  4.25774e-08	  23964	  2.40391e-09
480	  5.4432	  0.531226	  6.6384e-07	  4.19115e-08	  24060	  2.36578e-09
481	  5.4432	  0.593785	  6.6384e-07	  4.12803e-08	  24108	  2.32988e-09
482	  5.4432	  0.656281	  6.6384e-07	  3.95335e-08	  24228	  2.23066e-09
483	  5.4432	  0.718743	  6.6384e-07	  3.79768e-08	  24144	  2.14325e-09
484	  5.4432	  0.781255	  6.6384e-07	  3.54031e-08	  23940	  1.99897e-09
485	  5.4432	  0.843774	  6.6384e-07	  3.2244e-08	  24192	  1.8195e-09
486	  5.4432	  0.90628	  6.6384e-07	  3.03524e-08	  23988	  1.71359e-09
487	  5.4432	  0.968758	  6.6384e-07	  2.77347e-08	  24141	  1.56524e-09
488	  6.30378	  0.030936	  4.57865e-07	  3.34699e-08	  35082	  1.85219e-09
489	  6.30378	  0.0938307	  4.57865e-07	  3.1864e-08	  39108	  1.75433e-09
490	  6.30378	  0.156319	  4.57865e-07	  3.12101e-08	  36924	  1.72293e-09
491	  6.30378	  0.218712	  4.57865e-07	  3.03131e-08	  37692	  1.67179e-09
492	  6.30378	  0.281224	  4.57865e-07	  2.91238e-08	  37092	  1.60741e-09
493	  6.30378	  0.343807	  4.57865e-07	  2.85888e-08	  37536	  1.577e-09
494	  6.30378	  0.406302	  4.57865e-07	  2.78046e-08	  36984	  1.53481e-09
495	  6.30378	  0.468745	  4.57865e-07	  2.65234e-08	  37428	  1.46327e-09
496	  6.30378	  0.531226	  4.57865e-07	  2.53504e-08	  37392	  1.39862e-09
497	  6.30378	  0.593785	  4.57865e-07	  2.38984e-08	  37200	  1.31883e-09
498	  6.30378	  0.656281	  4.57865e-07	  2.22545e-08	  36924	  1.22854e-09
499	  6.30378	  0.718743	  4.57865e-07	  2.05618e-08	  37272	  1.1346e-09
500	  6.30378	  0.781255	  4.57865e-07	  1.87307e-08	  37284	  1.03354e-09
501	  6.30378	  0.843774	  4.57865e-07	  1.68513e-08	  37188	  9.29951e-10
502	  6.30378	  0.90628	  4.57865e-07	  1.5147e-08	  37320	  8.35757e-10
503	  6.30378	  0.968758	  4.57865e-07	  1.31259e-08	  37119	  7.24423e-10
504	  7.30029	  0.030936	  3.15016e-07	  2.23607e-08	  60258	  1.20913e-09
505	  7.30029	  0.0938307	  3.15016e-07	  2.13588e-08	  56916	  1.15747e-09
506	  7.30029	  0.156319	  3.15016e-07	  2.06669e-08	  56820	  1.12005e-09
507	  7.30029	  0.218712	  3.15016e-07	  1.98599e-08	  58716	  1.07496e-09
508	  7.30029	  0.281224	  3.15016e-07	  1.8946e-08	  57840	  1.02608e-09
509	  7.30029	  0.343807	  3.15016e-07	  1.76973e-08	  57612	  9.58594e-10
510	  7.30029	  0.406302	  3.15016e-07	  1.67642e-08	  58464	  9.07542e-10
511	  7.30029	  0.468745	  3.15016e-07	  1.55844e-08	  57948	  8.4396e-10
512	  7.30029	  0.531226	  3.15016e-07	  1.44911e-08	  57708	  7.84876e-10
513	  7.30029	  0.593785	  3.15016e-07	  1.30013e-08	  58236	  7.03942e-10
514	  7.30029	  0.656281	  3.15016e-07	  1.1816e-08	  58008	  6.39858e-10
515	  7.30029	  0.718743	  3.15016e-07	  1.05091e-08	  58200	  5.69014e-10
516	  7.30029	  0.781255	  3.15016e-07	  9.13984e-09	  58128	  4.94901e-10
517	  7.30029	  0.843774	  3.15016e-07	  7.96463e-09	  57972	  4.31311e-10
518	  7.30029	  0.90628	  3.15016e-07	  6.90258e-09	  57960	  3.738e-10
519	  7.30029	  0.968758	  3.15016e-07	  5.86375e-09	  58122	  3.1751e-10
520	  8.455	  0.030936	  2.16353e-07	  1.46906e-08	  90198	  7.83447e-10
521	  8.455	  0.0938307	  2.16353e-07	  1.39503e-08	  89292	  7.442e-10
522	  8.455	  0.156319	  2.16353e-07	  1.33544e-08	  90804	  7.12035e-10
523	  8.455	  0.218712	  2.16353e-07	  1.24128e-08	  89628	  6.62103e-10
524	  8.455	  0.281224	  2.16353e-07	  1.1571e-08	  89844	  6.17155e-10
525	  8.455	  0.343807	  2.16353e-07	  1.05998e-08	  90636	  5.65199e-10
526	  8.455	  0.406302	  2.16353e-07	  9.63025e-09	  89628	  5.1368e-10
527	  8.455	  0.468745	  2.16353e-07	  8.66381e-09	  89772	  4.62106e-10
528	  8.455	  0.531226	  2.16353e-07	  7.69272e-09	  90324	  4.10232e-10
529	  8.455	  0.593785	  2.16353e-07	  6.62865e-09	  89784	  3.53555e-10
530	  8.455	  0.656281	  2.16353e-07	  5.72639e-09	  90216	  3.05385e-10
531	  8.455	  0.718743	  2.16353e-07	  4.92957e-09	  89796	  2.62929e-10
532	  8.455	  0.781255	  2.16353e-07	  4.1674e-09	  90120	  2.22252e-10
533	  8.455	  0.843774	  2.16353e-07	  3.51715e-09	  90132	  1.87572e-10
534	  8.455	  0.90628	  2.16353e-07	  2.95244e-09	  89916	  1.57468e-10
535	  8.455	  0.968758	  2.16353e-07	  2.39754e-09	  89964	  1.2787e-10
536	  9.79129	  0.030936	  1.48293e-07	  9.35243e-09	  139068	  4.92701e-10
537	  9.79129	  0.0938307	  1.48293e-07	  8.71625e-09	  141180	  4.5901e-10
538	  9.79129	  0.156319	  1.48293e-07	  8.18339e-09	  139380	  4.31089e-10
539	  9.79129	  0.218712	  1.48293e-07	  7.49266e-09	  138804	  3.94744e-10
540	  9.79129	  0.281224	  1.48293e-07	  6.74498e-09	  140952	  3.55215e-10
541	  9.79129	  0.343807	  1.48293e-07	  5.91042e-09	  139668	  3.11336e-10
542	  9.79129	  0.406302	  1.48293e-07	  5.14236e-09	  139464	  2.70888e-10
543	  9.79129	  0.468745	  1.48293e-07	  4.41181e-09	  139812	  2.32389e-10
544	  9.79129	  0.531226	  1.48293e-07	  3.70226e-09	  139884	  1.95012e-10
545	  9.79129	  0.593785	  1.48293e-07	  3.13176e-09	  140184	  1.64953e-10
546	  9.79129	  0.656281	  1.48293e-07	  2.6114e-09	  139404	  1.37564e-10
547	  9.79129	  0.718743	  1.48293e-07	  2.15884e-09	  139932	  1.13713e-10
548	  9.79129	  0.781255	  1.48293e-07	  1.76957e-09	  139980	  9.32083e-11
549	  9.79129	  0.843774	  1.48293e-07	  1.42751e-09	  139632	  7.51955e-11
550	  9.79129	  0.90628	  1.48293e-07	  1.15933e-09	  140088	  6.1064e-11
551	  9.79129	  0.968758	  1.48293e-07	  9.04265e-10	  139623	  4.76333e-11
