#n	   k	      mu	    PL	    Pf	     w	     err  
0	  0.0785398	  1	  0.00296731	  0.00019823	  3	  0.00012436
1	  0.15708	  1	  0.0010012	  5.57537e-05	  3	  3.49771e-05
2	  0.235619	  1	  0.000502655	  5.198e-05	  3	  3.26097e-05
3	  0.314159	  1	  0.000299869	  9.87774e-06	  3	  6.1968e-06
4	  0.392699	  1	  0.000192891	  3.62447e-06	  3	  2.27381e-06
5	  0.471239	  1	  0.000132352	  1.86209e-05	  3	  1.16818e-05
6	  0.549779	  1	  9.57542e-05	  7.16418e-06	  3	  4.49445e-06
7	  0.628319	  1	  7.19923e-05	  5.96178e-06	  3	  3.74012e-06
8	  0.706858	  1	  5.57506e-05	  1.00954e-06	  3	  6.33333e-07
9	  0.0785398	  0	  0.00296731	  3.44461e-05	  6	  1.57848e-05
10	  0.111072	  0.707107	  0.00168778	  4.34873e-05	  12	  1.47281e-05
11	  0.17562	  0.894427	  0.000840175	  5.58454e-05	  12	  1.89134e-05
12	  0.248365	  0.948683	  0.000468673	  2.43575e-05	  12	  8.24927e-06
13	  0.323828	  0.970143	  0.000284155	  1.35903e-05	  12	  4.6027e-06
14	  0.400476	  0.980581	  0.000185088	  8.35901e-06	  12	  2.83099e-06
15	  0.477739	  0.986394	  0.000128561	  6.41808e-06	  12	  2.17365e-06
16	  0.55536	  0.989949	  9.36985e-05	  7.23143e-06	  12	  2.44911e-06
17	  0.633208	  0.992278	  7.08013e-05	  4.0732e-06	  12	  1.37949e-06
18	  0.711208	  0.993884	  5.50151e-05	  3.52761e-06	  12	  1.19471e-06
19	  0.111072	  0	  0.00168778	  1.60822e-05	  6	  7.36963e-06
20	  0.136035	  0.57735	  0.00136659	  2.55789e-05	  12	  8.66294e-06
21	  0.192382	  0.816497	  0.00075839	  2.90596e-05	  12	  9.84175e-06
22	  0.260487	  0.904534	  0.000434246	  1.72152e-05	  12	  5.83038e-06
23	  0.333216	  0.942809	  0.000267954	  9.98845e-06	  12	  3.38284e-06
24	  0.408105	  0.96225	  0.000177714	  1.13064e-05	  12	  3.82921e-06
25	  0.484152	  0.973329	  0.000124968	  5.97851e-06	  12	  2.02477e-06
26	  0.560886	  0.980196	  9.17722e-05	  4.62931e-06	  12	  1.56783e-06
27	  0.63806	  0.984732	  6.96288e-05	  4.67718e-06	  12	  1.58405e-06
28	  0.715532	  0.987878	  5.4284e-05	  3.07607e-06	  12	  1.04179e-06
29	  0.15708	  0	  0.0010012	  1.11408e-05	  6	  5.10526e-06
30	  0.17562	  0.447214	  0.000840175	  1.84393e-05	  12	  6.24492e-06
31	  0.222144	  0.707107	  0.000558139	  2.20715e-05	  12	  7.47506e-06
32	  0.283179	  0.83205	  0.000361393	  1.56606e-05	  12	  5.30386e-06
33	  0.351241	  0.894427	  0.000238754	  1.23202e-05	  12	  4.17255e-06
34	  0.42295	  0.928477	  0.000164833	  4.70482e-06	  12	  1.59341e-06
35	  0.496729	  0.948683	  0.000118491	  5.46757e-06	  12	  1.85173e-06
36	  0.571778	  0.961524	  8.81317e-05	  4.15568e-06	  12	  1.40742e-06
37	  0.647656	  0.970143	  6.74298e-05	  1.7604e-06	  12	  5.96204e-07
38	  0.724101	  0.976187	  5.289e-05	  2.7135e-06	  12	  9.18994e-07
39	  0.17562	  0	  0.000840175	  1.14e-05	  12	  3.86089e-06
40	  0.192382	  0.408248	  0.00075839	  1.17264e-05	  24	  2.97997e-06
41	  0.235619	  0.666667	  0.000502655	  1.56751e-05	  24	  3.98342e-06
42	  0.293869	  0.801784	  0.000334932	  1.16892e-05	  24	  2.97051e-06
43	  0.359915	  0.872872	  0.000227317	  1.44018e-05	  24	  3.65984e-06
44	  0.43018	  0.912871	  0.000159307	  6.58283e-06	  24	  1.67286e-06
45	  0.5029	  0.937043	  0.000115506	  4.69103e-06	  24	  1.1921e-06
46	  0.577147	  0.952579	  8.63957e-05	  4.47561e-06	  24	  1.13736e-06
47	  0.652401	  0.963087	  6.63707e-05	  3.75179e-06	  24	  9.5342e-07
48	  0.728348	  0.970495	  5.2215e-05	  2.75954e-06	  24	  7.01265e-07
49	  0.222144	  0	  0.000558139	  6.62365e-06	  6	  3.03528e-06
50	  0.235619	  0.333333	  0.000502655	  8.42677e-06	  12	  2.85394e-06
51	  0.27207	  0.57735	  0.000396108	  7.6692e-06	  12	  2.59737e-06
52	  0.323828	  0.727607	  0.000284155	  9.40464e-06	  12	  3.18512e-06
53	  0.384765	  0.816497	  0.000200892	  9.18696e-06	  12	  3.11139e-06
54	  0.451177	  0.870388	  0.000145002	  6.84202e-06	  12	  2.31722e-06
55	  0.520974	  0.904534	  0.000107372	  6.2811e-06	  12	  2.12725e-06
56	  0.592963	  0.927173	  8.15591e-05	  3.38034e-06	  12	  1.14484e-06
57	  0.666432	  0.942809	  6.33825e-05	  2.98011e-06	  12	  1.00929e-06
58	  0.740943	  0.953998	  5.02868e-05	  1.70901e-06	  12	  5.78801e-07
59	  0.235619	  0	  0.000502655	  8.72213e-06	  6	  3.9969e-06
60	  0.248365	  0.316228	  0.000468673	  7.05545e-06	  12	  2.38951e-06
61	  0.283179	  0.5547	  0.000361393	  9.81228e-06	  12	  3.32317e-06
62	  0.333216	  0.707107	  0.000267954	  5.50178e-06	  12	  1.86331e-06
63	  0.392699	  0.8	  0.000192891	  8.67229e-06	  12	  2.93709e-06
64	  0.457962	  0.857493	  0.000140633	  3.38506e-06	  12	  1.14644e-06
65	  0.526861	  0.894427	  0.000104873	  4.0884e-06	  12	  1.38464e-06
66	  0.598141	  0.919145	  8.00372e-05	  4.08006e-06	  12	  1.38182e-06
67	  0.671044	  0.936329	  6.24477e-05	  1.80367e-06	  12	  6.10858e-07
68	  0.745094	  0.948683	  4.96666e-05	  2.40795e-06	  12	  8.15511e-07
69	  0.248365	  0	  0.000468673	  5.57136e-06	  12	  1.88688e-06
70	  0.260487	  0.301511	  0.000434246	  5.47295e-06	  24	  1.39081e-06
71	  0.293869	  0.534522	  0.000334932	  5.64183e-06	  24	  1.43373e-06
72	  0.342347	  0.688247	  0.000252387	  9.77171e-06	  24	  2.48323e-06
73	  0.400476	  0.784465	  0.000185088	  5.06731e-06	  24	  1.28773e-06
74	  0.464648	  0.845154	  0.000136409	  4.25354e-06	  24	  1.08093e-06
75	  0.532683	  0.884652	  0.000102423	  5.75755e-06	  24	  1.46313e-06
76	  0.603276	  0.911322	  7.85817e-05	  3.69023e-06	  24	  9.37777e-07
77	  0.675625	  0.929981	  6.15193e-05	  2.80289e-06	  24	  7.12283e-07
78	  0.749222	  0.943456	  4.90607e-05	  2.00084e-06	  24	  5.08461e-07
79	  0.283179	  0	  0.000361393	  4.56453e-06	  12	  1.54589e-06
80	  0.293869	  0.267261	  0.000334932	  3.56815e-06	  24	  9.06754e-07
81	  0.323828	  0.485071	  0.000284155	  6.15881e-06	  24	  1.5651e-06
82	  0.368384	  0.639602	  0.000217651	  4.39285e-06	  24	  1.11633e-06
83	  0.42295	  0.742781	  0.000164833	  6.0066e-06	  24	  1.52642e-06
84	  0.484152	  0.811107	  0.000124968	  4.8616e-06	  24	  1.23545e-06
85	  0.549779	  0.857143	  9.57542e-05	  4.39462e-06	  24	  1.11678e-06
86	  0.618423	  0.889001	  7.45018e-05	  1.92765e-06	  24	  4.89863e-07
87	  0.689184	  0.911685	  5.89138e-05	  2.75953e-06	  24	  7.01263e-07
88	  0.314159	  0	  0.000299869	  1.18417e-06	  6	  5.42645e-07
89	  0.323828	  0.242536	  0.000284155	  2.81464e-06	  12	  9.5325e-07
90	  0.351241	  0.447214	  0.000238754	  4.63698e-06	  12	  1.57043e-06
91	  0.392699	  0.6	  0.000192891	  4.85314e-06	  12	  1.64364e-06
92	  0.444288	  0.707107	  0.000149516	  2.3156e-06	  12	  7.84238e-07
93	  0.5029	  0.780869	  0.000115506	  4.90397e-06	  12	  1.66085e-06
94	  0.566359	  0.83205	  8.98897e-05	  2.94043e-06	  12	  9.95849e-07
95	  0.633208	  0.868243	  7.08013e-05	  2.70526e-06	  12	  9.16206e-07
96	  0.702481	  0.894427	  5.65113e-05	  1.71637e-06	  12	  5.81293e-07
97	  0.323828	  0	  0.000284155	  2.62169e-06	  12	  8.879e-07
98	  0.333216	  0.235702	  0.000267954	  1.58295e-06	  24	  4.02266e-07
99	  0.359915	  0.436436	  0.000227317	  5.42156e-06	  24	  1.37775e-06
100	  0.400476	  0.588348	  0.000185088	  2.98978e-06	  24	  7.59775e-07
101	  0.451177	  0.696311	  0.000145002	  2.67516e-06	  24	  6.79822e-07
102	  0.508996	  0.771517	  0.000112697	  2.80106e-06	  24	  7.11818e-07
103	  0.571778	  0.824163	  8.81317e-05	  4.091e-06	  24	  1.03962e-06
104	  0.63806	  0.86164	  6.96288e-05	  3.47021e-06	  24	  8.81864e-07
105	  0.706858	  0.888889	  5.57506e-05	  2.88867e-06	  24	  7.34081e-07
106	  0.333216	  0	  0.000267954	  2.2646e-06	  6	  1.03775e-06
107	  0.342347	  0.229416	  0.000252387	  4.03943e-06	  12	  1.36806e-06
108	  0.368384	  0.426401	  0.000217651	  3.52244e-06	  12	  1.19296e-06
109	  0.408105	  0.57735	  0.000177714	  1.41365e-06	  12	  4.78768e-07
110	  0.457962	  0.685994	  0.000140633	  5.19905e-06	  12	  1.76079e-06
111	  0.51502	  0.762493	  0.000109993	  3.12691e-06	  12	  1.05901e-06
112	  0.577147	  0.816497	  8.63957e-05	  2.64563e-06	  12	  8.96009e-07
113	  0.642876	  0.855186	  6.85252e-05	  1.62852e-06	  12	  5.51539e-07
114	  0.711208	  0.883452	  5.50151e-05	  1.50096e-06	  12	  5.08337e-07
115	  0.351241	  0	  0.000238754	  2.88715e-06	  12	  9.77805e-07
116	  0.359915	  0.218218	  0.000227317	  4.13273e-06	  24	  1.05023e-06
117	  0.384765	  0.408248	  0.000200892	  4.40798e-06	  24	  1.12018e-06
118	  0.42295	  0.557086	  0.000164833	  4.03197e-06	  24	  1.02462e-06
119	  0.471239	  0.666667	  0.000132352	  2.8756e-06	  24	  7.30761e-07
120	  0.526861	  0.745356	  0.000104873	  3.74708e-06	  24	  9.52225e-07
121	  0.587738	  0.801784	  8.31055e-05	  2.98317e-06	  24	  7.58096e-07
122	  0.652401	  0.842701	  6.63707e-05	  1.95913e-06	  24	  4.97862e-07
123	  0.719829	  0.872872	  5.3569e-05	  2.03829e-06	  24	  5.17979e-07
124	  0.392699	  0	  0.000192891	  2.15014e-06	  18	  6.143e-07
125	  0.400476	  0.196116	  0.000185088	  1.96858e-06	  36	  4.26525e-07
126	  0.42295	  0.371391	  0.000164833	  2.03928e-06	  36	  4.41844e-07
127	  0.457962	  0.514496	  0.000140633	  2.44476e-06	  36	  5.29699e-07
128	  0.5029	  0.624695	  0.000115506	  2.63043e-06	  36	  5.69927e-07
129	  0.55536	  0.707107	  9.36985e-05	  2.72688e-06	  36	  5.90824e-07
130	  0.613416	  0.768221	  7.57996e-05	  2.42159e-06	  36	  5.24678e-07
131	  0.675625	  0.813733	  6.15193e-05	  2.37446e-06	  36	  5.14467e-07
132	  0.740943	  0.847998	  5.02868e-05	  1.87618e-06	  36	  4.06506e-07
133	  0.400476	  0	  0.000185088	  1.95458e-06	  12	  6.61969e-07
134	  0.408105	  0.19245	  0.000177714	  3.00428e-06	  24	  7.63459e-07
135	  0.43018	  0.365148	  0.000159307	  2.23396e-06	  24	  5.67702e-07
136	  0.464648	  0.507093	  0.000136409	  2.67821e-06	  24	  6.80598e-07
137	  0.508996	  0.617213	  0.000112697	  2.43121e-06	  24	  6.1783e-07
138	  0.560886	  0.70014	  9.17722e-05	  2.57549e-06	  24	  6.54493e-07
139	  0.618423	  0.762001	  7.45018e-05	  1.13312e-06	  24	  2.87954e-07
140	  0.680175	  0.80829	  6.06358e-05	  2.25961e-06	  24	  5.74221e-07
141	  0.745094	  0.843274	  4.96666e-05	  1.68728e-06	  24	  4.28778e-07
142	  0.42295	  0	  0.000164833	  9.16022e-07	  12	  3.10234e-07
143	  0.43018	  0.182574	  0.000159307	  1.81408e-06	  24	  4.61003e-07
144	  0.451177	  0.348155	  0.000145002	  2.04137e-06	  24	  5.18761e-07
145	  0.484152	  0.486664	  0.000124968	  2.56319e-06	  24	  6.51368e-07
146	  0.526861	  0.596285	  0.000104873	  2.5258e-06	  24	  6.41867e-07
147	  0.577147	  0.680414	  8.63957e-05	  1.57788e-06	  24	  4.00977e-07
148	  0.633208	  0.744208	  7.08013e-05	  2.3899e-06	  24	  6.0733e-07
149	  0.693645	  0.792594	  5.80977e-05	  1.92366e-06	  24	  4.88848e-07
150	  0.444288	  0	  0.000149516	  6.01921e-07	  6	  2.75829e-07
151	  0.451177	  0.174078	  0.000145002	  1.21814e-06	  12	  4.12555e-07
152	  0.471239	  0.333333	  0.000132352	  1.68407e-06	  12	  5.70353e-07
153	  0.5029	  0.468521	  0.000115506	  1.55554e-06	  12	  5.26821e-07
154	  0.54414	  0.57735	  9.7862e-05	  2.87872e-06	  12	  9.7495e-07
155	  0.592963	  0.662266	  8.15591e-05	  2.22649e-06	  12	  7.54057e-07
156	  0.647656	  0.727607	  6.74298e-05	  1.75821e-06	  12	  5.95461e-07
157	  0.706858	  0.777778	  5.57506e-05	  1.42585e-06	  12	  4.82901e-07
158	  0.457962	  0	  0.000140633	  1.26207e-06	  12	  4.27431e-07
159	  0.464648	  0.169031	  0.000136409	  1.51964e-06	  24	  3.86176e-07
160	  0.484152	  0.324443	  0.000124968	  1.86973e-06	  24	  4.75144e-07
161	  0.51502	  0.457496	  0.000109993	  1.92614e-06	  24	  4.8948e-07
162	  0.55536	  0.565685	  9.36985e-05	  1.78193e-06	  24	  4.52831e-07
163	  0.603276	  0.650945	  7.85817e-05	  2.45295e-06	  24	  6.23354e-07
164	  0.657111	  0.717137	  6.53543e-05	  2.28753e-06	  24	  5.81318e-07
165	  0.715532	  0.76835	  5.4284e-05	  1.72398e-06	  24	  4.38106e-07
166	  0.471239	  0	  0.000132352	  4.06656e-06	  6	  1.8635e-06
167	  0.477739	  0.164399	  0.000128561	  2.11143e-06	  12	  7.1509e-07
168	  0.496729	  0.316228	  0.000118491	  1.47517e-06	  12	  4.99604e-07
169	  0.526861	  0.447214	  0.000104873	  8.93956e-07	  12	  3.02761e-07
170	  0.566359	  0.5547	  8.98897e-05	  1.15495e-06	  12	  3.91153e-07
171	  0.613416	  0.640184	  7.57996e-05	  1.44856e-06	  12	  4.90591e-07
172	  0.666432	  0.707107	  6.33825e-05	  1.47464e-06	  12	  4.99423e-07
173	  0.724101	  0.759257	  5.289e-05	  1.6958e-06	  12	  5.74324e-07
174	  0.477739	  0	  0.000128561	  2.06366e-06	  12	  6.98909e-07
175	  0.484152	  0.162221	  0.000124968	  1.11459e-06	  24	  2.83244e-07
176	  0.5029	  0.312348	  0.000115506	  1.3017e-06	  24	  3.30793e-07
177	  0.532683	  0.442326	  0.000102423	  1.77044e-06	  24	  4.49913e-07
178	  0.571778	  0.549442	  8.81317e-05	  2.30269e-06	  24	  5.8517e-07
179	  0.618423	  0.635001	  7.45018e-05	  1.164e-06	  24	  2.958e-07
180	  0.671044	  0.702247	  6.24477e-05	  1.28215e-06	  24	  3.25824e-07
181	  0.728348	  0.754829	  5.2215e-05	  1.64195e-06	  24	  4.17258e-07
182	  0.496729	  0	  0.000118491	  1.2622e-06	  12	  4.27474e-07
183	  0.5029	  0.156174	  0.000115506	  1.23434e-06	  24	  3.13676e-07
184	  0.520974	  0.301511	  0.000107372	  1.19555e-06	  24	  3.03818e-07
185	  0.549779	  0.428571	  9.57542e-05	  1.82345e-06	  24	  4.63382e-07
186	  0.587738	  0.534522	  8.31055e-05	  1.31304e-06	  24	  3.33675e-07
187	  0.633208	  0.620174	  7.08013e-05	  1.33987e-06	  24	  3.40493e-07
188	  0.684694	  0.688247	  5.9772e-05	  1.11233e-06	  24	  2.82669e-07
189	  0.740943	  0.741999	  5.02868e-05	  1.39217e-06	  24	  3.53783e-07
190	  0.5029	  0	  0.000115506	  1.53491e-06	  12	  5.19835e-07
191	  0.508996	  0.154303	  0.000112697	  1.05639e-06	  24	  2.68454e-07
192	  0.526861	  0.298142	  0.000104873	  1.62255e-06	  24	  4.12328e-07
193	  0.55536	  0.424264	  9.36985e-05	  1.37307e-06	  24	  3.48931e-07
194	  0.592963	  0.529813	  8.15591e-05	  1.4476e-06	  24	  3.6787e-07
195	  0.63806	  0.615457	  6.96288e-05	  1.1316e-06	  24	  2.87567e-07
196	  0.689184	  0.683763	  5.89138e-05	  1.63468e-06	  24	  4.15411e-07
197	  0.745094	  0.737865	  4.96666e-05	  1.38312e-06	  24	  3.51484e-07
198	  0.526861	  0	  0.000104873	  7.15629e-07	  12	  2.42366e-07
199	  0.532683	  0.147442	  0.000102423	  1.29165e-06	  24	  3.28241e-07
200	  0.549779	  0.285714	  9.57542e-05	  1.6668e-06	  24	  4.23575e-07
201	  0.577147	  0.408248	  8.63957e-05	  1.33598e-06	  24	  3.39505e-07
202	  0.613416	  0.512148	  7.57996e-05	  2.02503e-06	  24	  5.14609e-07
203	  0.657111	  0.597614	  6.53543e-05	  1.58869e-06	  24	  4.03725e-07
204	  0.706858	  0.666667	  5.57506e-05	  1.46152e-06	  24	  3.71406e-07
205	  0.549779	  0	  9.57542e-05	  7.97722e-07	  6	  3.65555e-07
206	  0.55536	  0.141421	  9.36985e-05	  1.00906e-06	  12	  3.41744e-07
207	  0.571778	  0.274721	  8.81317e-05	  8.29226e-07	  12	  2.80838e-07
208	  0.598141	  0.393919	  8.00372e-05	  1.38943e-06	  12	  4.70567e-07
209	  0.633208	  0.496139	  7.08013e-05	  1.59388e-06	  12	  5.39807e-07
210	  0.675625	  0.581238	  6.15193e-05	  1.83385e-06	  12	  6.21078e-07
211	  0.724101	  0.650791	  5.289e-05	  1.31123e-06	  12	  4.44082e-07
212	  0.55536	  0	  9.36985e-05	  1.06899e-06	  18	  3.05412e-07
213	  0.560886	  0.140028	  9.17722e-05	  1.36069e-06	  36	  2.94817e-07
214	  0.577147	  0.272166	  8.63957e-05	  1.14854e-06	  36	  2.48851e-07
215	  0.603276	  0.390567	  7.85817e-05	  1.65206e-06	  36	  3.57946e-07
216	  0.63806	  0.492366	  6.96288e-05	  1.05882e-06	  36	  2.29412e-07
217	  0.680175	  0.57735	  6.06358e-05	  1.0517e-06	  36	  2.27869e-07
218	  0.728348	  0.646997	  5.2215e-05	  1.71489e-06	  36	  3.71558e-07
219	  0.566359	  0	  8.98897e-05	  7.31024e-07	  12	  2.4758e-07
220	  0.571778	  0.137361	  8.81317e-05	  1.30033e-06	  24	  3.30445e-07
221	  0.587738	  0.267261	  8.31055e-05	  1.1361e-06	  24	  2.88711e-07
222	  0.613416	  0.384111	  7.57996e-05	  1.40802e-06	  24	  3.57813e-07
223	  0.647656	  0.485071	  6.74298e-05	  7.78801e-07	  24	  1.97912e-07
224	  0.689184	  0.569803	  5.89138e-05	  1.10369e-06	  24	  2.80475e-07
225	  0.736769	  0.639602	  5.09106e-05	  1.05384e-06	  24	  2.67805e-07
226	  0.571778	  0	  8.81317e-05	  6.05143e-07	  12	  2.04947e-07
227	  0.577147	  0.136083	  8.63957e-05	  1.36938e-06	  24	  3.47993e-07
228	  0.592963	  0.264906	  8.15591e-05	  9.87042e-07	  24	  2.50831e-07
229	  0.618423	  0.381	  7.45018e-05	  8.95387e-07	  24	  2.27539e-07
230	  0.652401	  0.481543	  6.63707e-05	  7.30374e-07	  24	  1.85606e-07
231	  0.693645	  0.566139	  5.80977e-05	  1.34629e-06	  24	  3.42126e-07
232	  0.740943	  0.635999	  5.02868e-05	  1.09505e-06	  24	  2.78278e-07
233	  0.598141	  0	  8.00372e-05	  1.14895e-06	  12	  3.8912e-07
234	  0.603276	  0.130189	  7.85817e-05	  1.22118e-06	  24	  3.10332e-07
235	  0.618423	  0.254	  7.45018e-05	  7.58836e-07	  24	  1.92838e-07
236	  0.642876	  0.366508	  6.85252e-05	  1.1135e-06	  24	  2.82967e-07
237	  0.675625	  0.464991	  6.15193e-05	  1.06134e-06	  24	  2.69713e-07
238	  0.715532	  0.548821	  5.4284e-05	  1.14265e-06	  24	  2.90376e-07
239	  0.613416	  0	  7.57996e-05	  8.46783e-07	  12	  2.86784e-07
240	  0.618423	  0.127	  7.45018e-05	  7.86774e-07	  24	  1.99938e-07
241	  0.633208	  0.248069	  7.08013e-05	  8.28963e-07	  24	  2.1066e-07
242	  0.657111	  0.358569	  6.53543e-05	  1.09798e-06	  24	  2.79023e-07
243	  0.689184	  0.455842	  5.89138e-05	  9.24685e-07	  24	  2.34985e-07
244	  0.728348	  0.539164	  5.2215e-05	  1.22968e-06	  24	  3.12491e-07
245	  0.628319	  0	  7.19923e-05	  9.66158e-07	  6	  4.4274e-07
246	  0.633208	  0.124035	  7.08013e-05	  1.26517e-06	  12	  4.28482e-07
247	  0.647656	  0.242536	  6.74298e-05	  4.10592e-07	  12	  1.39057e-07
248	  0.671044	  0.351123	  6.24477e-05	  8.14687e-07	  12	  2.75914e-07
249	  0.702481	  0.447214	  5.65113e-05	  7.88931e-07	  12	  2.67191e-07
250	  0.740943	  0.529999	  5.02868e-05	  1.35847e-06	  12	  4.6008e-07
251	  0.633208	  0	  7.08013e-05	  1.11168e-06	  24	  2.82504e-07
252	  0.63806	  0.123091	  6.96288e-05	  8.89039e-07	  48	  1.72774e-07
253	  0.652401	  0.240772	  6.63707e-05	  8.14227e-07	  48	  1.58235e-07
254	  0.675625	  0.348743	  6.15193e-05	  9.34225e-07	  48	  1.81555e-07
255	  0.706858	  0.444444	  5.57506e-05	  9.73832e-07	  48	  1.89252e-07
256	  0.745094	  0.527046	  4.96666e-05	  1.04708e-06	  48	  2.03488e-07
257	  0.647656	  0	  6.74298e-05	  4.46357e-07	  12	  1.5117e-07
258	  0.652401	  0.120386	  6.63707e-05	  7.58587e-07	  24	  1.92775e-07
259	  0.666432	  0.235702	  6.33825e-05	  8.28683e-07	  24	  2.10588e-07
260	  0.689184	  0.341882	  5.89138e-05	  8.34065e-07	  24	  2.11956e-07
261	  0.719829	  0.436436	  5.3569e-05	  8.88949e-07	  24	  2.25903e-07
262	  0.666432	  0	  6.33825e-05	  8.20504e-07	  6	  3.75995e-07
263	  0.671044	  0.117041	  6.24477e-05	  6.42601e-07	  12	  2.17633e-07
264	  0.684694	  0.229416	  5.9772e-05	  8.15283e-07	  12	  2.76116e-07
265	  0.706858	  0.333333	  5.57506e-05	  8.89631e-07	  12	  3.01296e-07
266	  0.736769	  0.426401	  5.09106e-05	  8.78592e-07	  12	  2.97557e-07
267	  0.671044	  0	  6.24477e-05	  6.14569e-07	  12	  2.08139e-07
268	  0.675625	  0.116248	  6.15193e-05	  7.50594e-07	  24	  1.90744e-07
269	  0.689184	  0.227921	  5.89138e-05	  8.24545e-07	  24	  2.09537e-07
270	  0.711208	  0.331295	  5.50151e-05	  9.14817e-07	  24	  2.32477e-07
271	  0.740943	  0.423999	  5.02868e-05	  7.29472e-07	  24	  1.85376e-07
272	  0.675625	  0	  6.15193e-05	  1.0487e-06	  12	  3.5517e-07
273	  0.680175	  0.11547	  6.06358e-05	  6.7175e-07	  24	  1.70708e-07
274	  0.693645	  0.226455	  5.80977e-05	  6.04273e-07	  24	  1.5356e-07
275	  0.715532	  0.329293	  5.4284e-05	  8.75818e-07	  24	  2.22566e-07
276	  0.745094	  0.421637	  4.96666e-05	  8.62347e-07	  24	  2.19143e-07
277	  0.702481	  0	  5.65113e-05	  4.96989e-07	  12	  1.68318e-07
278	  0.706858	  0.111111	  5.57506e-05	  7.48874e-07	  24	  1.90307e-07
279	  0.719829	  0.218218	  5.3569e-05	  5.85701e-07	  24	  1.48841e-07
280	  0.740943	  0.317999	  5.02868e-05	  5.76722e-07	  24	  1.46559e-07
281	  0.706858	  0	  5.57506e-05	  1.46158e-06	  6	  6.69769e-07
282	  0.711208	  0.110432	  5.50151e-05	  9.08772e-07	  12	  3.07778e-07
283	  0.724101	  0.21693	  5.289e-05	  7.92078e-07	  12	  2.68257e-07
284	  0.745094	  0.316228	  4.96666e-05	  7.90933e-07	  12	  2.67869e-07
285	  0.711208	  0	  5.50151e-05	  8.38206e-07	  12	  2.8388e-07
286	  0.715532	  0.109764	  5.4284e-05	  5.63133e-07	  24	  1.43106e-07
287	  0.728348	  0.215666	  5.2215e-05	  4.63916e-07	  24	  1.17892e-07
288	  0.749222	  0.314485	  4.90607e-05	  7.40069e-07	  24	  1.8807e-07
289	  0.724101	  0	  5.289e-05	  6.04039e-07	  24	  1.53501e-07
290	  0.728348	  0.107833	  5.2215e-05	  6.87257e-07	  48	  1.3356e-07
291	  0.740943	  0.212	  5.02868e-05	  7.37501e-07	  48	  1.43324e-07
292	  0.740943	  0	  5.02868e-05	  6.35168e-07	  12	  2.15116e-07
293	  0.745094	  0.105409	  4.96666e-05	  6.79068e-07	  24	  1.72568e-07
294	  0.745094	  0	  4.96666e-05	  5.31189e-07	  12	  1.799e-07
295	  0.749222	  0.104828	  4.90607e-05	  5.7499e-07	  24	  1.46119e-07
296	  0.825306	  0.0310881	  3.96043e-05	  5.4291e-07	  162	  6.98005e-08
297	  0.825306	  0.0938297	  3.96043e-05	  5.02443e-07	  324	  5.30356e-08
298	  0.825306	  0.156272	  3.96043e-05	  4.34605e-07	  108	  6.35502e-08
299	  0.825306	  0.218736	  3.96043e-05	  5.03201e-07	  216	  5.93986e-08
300	  0.825306	  0.281273	  3.96043e-05	  5.67183e-07	  336	  5.93015e-08
301	  0.825306	  0.343755	  3.96043e-05	  5.29923e-07	  144	  7.06564e-08
302	  0.825306	  0.406262	  3.96043e-05	  7.93954e-07	  180	  9.88755e-08
303	  0.825306	  0.468768	  3.96043e-05	  7.50772e-07	  252	  8.48327e-08
304	  0.825306	  0.531237	  3.96043e-05	  8.7637e-07	  240	  1.00388e-07
305	  0.825306	  0.593753	  3.96043e-05	  1.12566e-06	  192	  1.3752e-07
306	  0.825306	  0.656275	  3.96043e-05	  9.62928e-07	  192	  1.1764e-07
307	  0.825306	  0.718761	  3.96043e-05	  1.22474e-06	  252	  1.38389e-07
308	  0.825306	  0.781244	  3.96043e-05	  1.49721e-06	  168	  1.90372e-07
309	  0.825306	  0.843748	  3.96043e-05	  1.38243e-06	  240	  1.58357e-07
310	  0.825306	  0.906262	  3.96043e-05	  1.8737e-06	  228	  2.17774e-07
311	  0.825306	  0.968494	  3.96043e-05	  1.8415e-06	  198	  2.22945e-07
312	  0.968767	  0.0310881	  2.76397e-05	  4.07163e-07	  228	  4.73232e-08
313	  0.968767	  0.0938297	  2.76397e-05	  3.78448e-07	  456	  3.66448e-08
314	  0.968767	  0.156272	  2.76397e-05	  4.09474e-07	  480	  3.91636e-08
315	  0.968767	  0.218736	  2.76397e-05	  3.39469e-07	  288	  3.69768e-08
316	  0.968767	  0.281273	  2.76397e-05	  4.06964e-07	  264	  4.53951e-08
317	  0.968767	  0.343755	  2.76397e-05	  4.67317e-07	  348	  4.84166e-08
318	  0.968767	  0.406262	  2.76397e-05	  5.20648e-07	  444	  5.07412e-08
319	  0.968767	  0.468768	  2.76397e-05	  4.68031e-07	  312	  4.98986e-08
320	  0.968767	  0.531237	  2.76397e-05	  5.77891e-07	  348	  5.98728e-08
321	  0.968767	  0.593753	  2.76397e-05	  6.08649e-07	  408	  6.0565e-08
322	  0.968767	  0.656275	  2.76397e-05	  7.58879e-07	  252	  8.57488e-08
323	  0.968767	  0.718761	  2.76397e-05	  7.30805e-07	  384	  7.3834e-08
324	  0.968767	  0.781244	  2.76397e-05	  9.12909e-07	  384	  9.22321e-08
325	  0.968767	  0.843748	  2.76397e-05	  9.68319e-07	  360	  9.94508e-08
326	  0.968767	  0.906262	  2.76397e-05	  1.15127e-06	  360	  1.18241e-07
327	  0.968767	  0.968494	  2.76397e-05	  1.22154e-06	  330	  1.28321e-07
328	  1.14208	  0.0310881	  1.89969e-05	  2.56522e-07	  336	  2.68205e-08
329	  1.14208	  0.0938297	  1.89969e-05	  2.59671e-07	  648	  2.31844e-08
330	  1.14208	  0.156272	  1.89969e-05	  2.66575e-07	  636	  2.38991e-08
331	  1.14208	  0.218736	  1.89969e-05	  2.86695e-07	  696	  2.52019e-08
332	  1.14208	  0.281273	  1.89969e-05	  2.94231e-07	  660	  2.61644e-08
333	  1.14208	  0.343755	  1.89969e-05	  3.20138e-07	  600	  2.90764e-08
334	  1.14208	  0.406262	  1.89969e-05	  3.53058e-07	  552	  3.26801e-08
335	  1.14208	  0.468768	  1.89969e-05	  3.60351e-07	  576	  3.30321e-08
336	  1.14208	  0.531237	  1.89969e-05	  3.9852e-07	  612	  3.60352e-08
337	  1.14208	  0.593753	  1.89969e-05	  4.16137e-07	  612	  3.76282e-08
338	  1.14208	  0.656275	  1.89969e-05	  4.6183e-07	  648	  4.12339e-08
339	  1.14208	  0.718761	  1.89969e-05	  5.16844e-07	  600	  4.69423e-08
340	  1.14208	  0.781244	  1.89969e-05	  5.90802e-07	  552	  5.46863e-08
341	  1.14208	  0.843748	  1.89969e-05	  6.52138e-07	  600	  5.92303e-08
342	  1.14208	  0.906262	  1.89969e-05	  7.70362e-07	  564	  7.09562e-08
343	  1.14208	  0.968494	  1.89969e-05	  8.05957e-07	  618	  7.27182e-08
344	  1.3449	  0.0310881	  1.30223e-05	  1.75273e-07	  1290	  1.36437e-08
345	  1.3449	  0.0938297	  1.30223e-05	  1.83266e-07	  840	  1.54866e-08
346	  1.3449	  0.156272	  1.30223e-05	  1.87187e-07	  900	  1.55989e-08
347	  1.3449	  0.218736	  1.30223e-05	  2.0462e-07	  864	  1.71923e-08
348	  1.3449	  0.281273	  1.30223e-05	  1.97209e-07	  864	  1.65696e-08
349	  1.3449	  0.343755	  1.30223e-05	  2.05327e-07	  936	  1.69777e-08
350	  1.3449	  0.406262	  1.30223e-05	  2.2778e-07	  876	  1.9085e-08
351	  1.3449	  0.468768	  1.30223e-05	  2.59677e-07	  1044	  2.10206e-08
352	  1.3449	  0.531237	  1.30223e-05	  2.4799e-07	  900	  2.06659e-08
353	  1.3449	  0.593753	  1.30223e-05	  2.85134e-07	  924	  2.36369e-08
354	  1.3449	  0.656275	  1.30223e-05	  3.08756e-07	  936	  2.55298e-08
355	  1.3449	  0.718761	  1.30223e-05	  3.44337e-07	  948	  2.84004e-08
356	  1.3449	  0.781244	  1.30223e-05	  3.95723e-07	  876	  3.31564e-08
357	  1.3449	  0.843748	  1.30223e-05	  4.25272e-07	  972	  3.49042e-08
358	  1.3449	  0.906262	  1.30223e-05	  4.77267e-07	  996	  3.89861e-08
359	  1.3449	  0.968494	  1.30223e-05	  4.82675e-07	  921	  4.00384e-08
360	  1.58505	  0.0310881	  8.86157e-06	  1.33838e-07	  1830	  9.82052e-09
361	  1.58505	  0.0938297	  8.86157e-06	  1.33425e-07	  1296	  1.03775e-08
362	  1.58505	  0.156272	  8.86157e-06	  1.32273e-07	  1488	  1.00427e-08
363	  1.58505	  0.218736	  8.86157e-06	  1.38863e-07	  1740	  1.02721e-08
364	  1.58505	  0.281273	  8.86157e-06	  1.41766e-07	  1572	  1.06639e-08
365	  1.58505	  0.343755	  8.86157e-06	  1.50425e-07	  1608	  1.12725e-08
366	  1.58505	  0.406262	  8.86157e-06	  1.56394e-07	  1596	  1.17344e-08
367	  1.58505	  0.468768	  8.86157e-06	  1.66837e-07	  1548	  1.25822e-08
368	  1.58505	  0.531237	  8.86157e-06	  1.78057e-07	  1620	  1.33267e-08
369	  1.58505	  0.593753	  8.86157e-06	  2.00976e-07	  1632	  1.50237e-08
370	  1.58505	  0.656275	  8.86157e-06	  2.12154e-07	  1548	  1.59999e-08
371	  1.58505	  0.718761	  8.86157e-06	  2.24928e-07	  1572	  1.69195e-08
372	  1.58505	  0.781244	  8.86157e-06	  2.48006e-07	  1620	  1.8562e-08
373	  1.58505	  0.843748	  8.86157e-06	  2.52328e-07	  1596	  1.89325e-08
374	  1.58505	  0.906262	  8.86157e-06	  2.87816e-07	  1620	  2.15417e-08
375	  1.58505	  0.968494	  8.86157e-06	  3.02972e-07	  1545	  2.28565e-08
376	  1.87042	  0.0310881	  5.9836e-06	  9.27775e-08	  2682	  6.43036e-09
377	  1.87042	  0.0938297	  5.9836e-06	  8.91424e-08	  2484	  6.2457e-09
378	  1.87042	  0.156272	  5.9836e-06	  9.55052e-08	  2700	  6.61326e-09
379	  1.87042	  0.218736	  5.9836e-06	  9.35067e-08	  2508	  6.54248e-09
380	  1.87042	  0.281273	  5.9836e-06	  1.02407e-07	  2424	  7.20034e-09
381	  1.87042	  0.343755	  5.9836e-06	  1.01561e-07	  2736	  7.01971e-09
382	  1.87042	  0.406262	  5.9836e-06	  1.06705e-07	  2556	  7.44585e-09
383	  1.87042	  0.468768	  5.9836e-06	  1.17084e-07	  2604	  8.14862e-09
384	  1.87042	  0.531237	  5.9836e-06	  1.17402e-07	  2616	  8.16552e-09
385	  1.87042	  0.593753	  5.9836e-06	  1.28785e-07	  2520	  9.00472e-09
386	  1.87042	  0.656275	  5.9836e-06	  1.40756e-07	  2736	  9.7288e-09
387	  1.87042	  0.718761	  5.9836e-06	  1.42556e-07	  2568	  9.94095e-09
388	  1.87042	  0.781244	  5.9836e-06	  1.57682e-07	  2484	  1.10479e-08
389	  1.87042	  0.843748	  5.9836e-06	  1.60491e-07	  2652	  1.1141e-08
390	  1.87042	  0.906262	  5.9836e-06	  1.71667e-07	  2544	  1.19869e-08
391	  1.87042	  0.968494	  5.9836e-06	  1.77438e-07	  2592	  1.23571e-08
392	  2.20602	  0.0310881	  4.02732e-06	  6.82572e-08	  3600	  4.55048e-09
393	  2.20602	  0.0938297	  4.02732e-06	  6.79893e-08	  4920	  4.36876e-09
394	  2.20602	  0.156272	  4.02732e-06	  6.5745e-08	  4272	  4.29313e-09
395	  2.20602	  0.218736	  4.02732e-06	  6.69314e-08	  4212	  4.37787e-09
396	  2.20602	  0.281273	  4.02732e-06	  7.07479e-08	  4452	  4.59772e-09
397	  2.20602	  0.343755	  4.02732e-06	  7.15368e-08	  4152	  4.68704e-09
398	  2.20602	  0.406262	  4.02732e-06	  7.72559e-08	  4296	  5.04149e-09
399	  2.20602	  0.468768	  4.02732e-06	  7.98356e-08	  4128	  5.23437e-09
400	  2.20602	  0.531237	  4.02732e-06	  8.51887e-08	  4200	  5.57392e-09
401	  2.20602	  0.593753	  4.02732e-06	  8.63301e-08	  4284	  5.63549e-09
402	  2.20602	  0.656275	  4.02732e-06	  8.87904e-08	  4284	  5.79608e-09
403	  2.20602	  0.718761	  4.02732e-06	  9.6697e-08	  4200	  6.32692e-09
404	  2.20602	  0.781244	  4.02732e-06	  9.91336e-08	  4260	  6.47553e-09
405	  2.20602	  0.843748	  4.02732e-06	  1.00265e-07	  4284	  6.54513e-09
406	  2.20602	  0.906262	  4.02732e-06	  1.05459e-07	  4284	  6.8842e-09
407	  2.20602	  0.968494	  4.02732e-06	  1.04367e-07	  4239	  6.82133e-09
408	  2.60077	  0.0310881	  2.70323e-06	  4.83577e-08	  7410	  2.97965e-09
409	  2.60077	  0.0938297	  2.70323e-06	  4.82183e-08	  6768	  2.99703e-09
410	  2.60077	  0.156272	  2.70323e-06	  4.69653e-08	  6624	  2.92532e-09
411	  2.60077	  0.218736	  2.70323e-06	  4.79313e-08	  6792	  2.97816e-09
412	  2.60077	  0.281273	  2.70323e-06	  4.87399e-08	  6948	  3.02172e-09
413	  2.60077	  0.343755	  2.70323e-06	  5.02157e-08	  7068	  3.10808e-09
414	  2.60077	  0.406262	  2.70323e-06	  5.21451e-08	  6996	  3.23069e-09
415	  2.60077	  0.468768	  2.70323e-06	  5.55494e-08	  6864	  3.44796e-09
416	  2.60077	  0.531237	  2.70323e-06	  5.48156e-08	  6912	  3.40011e-09
417	  2.60077	  0.593753	  2.70323e-06	  5.68001e-08	  7020	  3.51793e-09
418	  2.60077	  0.656275	  2.70323e-06	  6.0514e-08	  6816	  3.75868e-09
419	  2.60077	  0.718761	  2.70323e-06	  5.97548e-08	  6936	  3.70524e-09
420	  2.60077	  0.781244	  2.70323e-06	  6.0451e-08	  6924	  3.74903e-09
421	  2.60077	  0.843748	  2.70323e-06	  6.14791e-08	  6996	  3.80898e-09
422	  2.60077	  0.906262	  2.70323e-06	  5.98015e-08	  6936	  3.70813e-09
423	  2.60077	  0.968494	  2.70323e-06	  5.90403e-08	  6915	  3.66201e-09
424	  3.06654	  0.0310881	  1.80679e-06	  3.42238e-08	  11706	  2.02751e-09
425	  3.06654	  0.0938297	  1.80679e-06	  3.29295e-08	  10812	  1.96316e-09
426	  3.06654	  0.156272	  1.80679e-06	  3.34973e-08	  11424	  1.98826e-09
427	  3.06654	  0.218736	  1.80679e-06	  3.37972e-08	  11928	  1.99932e-09
428	  3.06654	  0.281273	  1.80679e-06	  3.25193e-08	  11136	  1.93412e-09
429	  3.06654	  0.343755	  1.80679e-06	  3.35844e-08	  11460	  1.99294e-09
430	  3.06654	  0.406262	  1.80679e-06	  3.49751e-08	  11484	  2.07513e-09
431	  3.06654	  0.468768	  1.80679e-06	  3.51939e-08	  11244	  2.0916e-09
432	  3.06654	  0.531237	  1.80679e-06	  3.66777e-08	  11664	  2.1735e-09
433	  3.06654	  0.593753	  1.80679e-06	  3.62937e-08	  11316	  2.15587e-09
434	  3.06654	  0.656275	  1.80679e-06	  3.68935e-08	  11268	  2.19224e-09
435	  3.06654	  0.718761	  1.80679e-06	  3.61299e-08	  11604	  2.14189e-09
436	  3.06654	  0.781244	  1.80679e-06	  3.53328e-08	  11532	  2.09566e-09
437	  3.06654	  0.843748	  1.80679e-06	  3.52374e-08	  11352	  2.09259e-09
438	  3.06654	  0.906262	  1.80679e-06	  3.48072e-08	  11460	  2.0655e-09
439	  3.06654	  0.968494	  1.80679e-06	  3.2193e-08	  11313	  1.91232e-09
440	  3.61603	  0.0310881	  1.20286e-06	  2.34197e-08	  17742	  1.34681e-09
441	  3.61603	  0.0938297	  1.20286e-06	  2.37671e-08	  19596	  1.35814e-09
442	  3.61603	  0.156272	  1.20286e-06	  2.35416e-08	  19044	  1.34767e-09
443	  3.61603	  0.218736	  1.20286e-06	  2.26383e-08	  18456	  1.29855e-09
444	  3.61603	  0.281273	  1.20286e-06	  2.27743e-08	  18828	  1.30469e-09
445	  3.61603	  0.343755	  1.20286e-06	  2.26888e-08	  18612	  1.30075e-09
446	  3.61603	  0.406262	  1.20286e-06	  2.2701e-08	  18528	  1.30183e-09
447	  3.61603	  0.468768	  1.20286e-06	  2.28892e-08	  18852	  1.31117e-09
448	  3.61603	  0.531237	  1.20286e-06	  2.27154e-08	  18492	  1.30281e-09
449	  3.61603	  0.593753	  1.20286e-06	  2.24557e-08	  18696	  1.28702e-09
450	  3.61603	  0.656275	  1.20286e-06	  2.19942e-08	  18720	  1.26046e-09
451	  3.61603	  0.718761	  1.20286e-06	  2.13652e-08	  18684	  1.22456e-09
452	  3.61603	  0.781244	  1.20286e-06	  2.09856e-08	  18528	  1.20345e-09
453	  3.61603	  0.843748	  1.20286e-06	  1.97031e-08	  18732	  1.12912e-09
454	  3.61603	  0.906262	  1.20286e-06	  1.86329e-08	  18684	  1.06796e-09
455	  3.61603	  0.968494	  1.20286e-06	  1.75408e-08	  18717	  1.00525e-09
456	  4.26398	  0.0310881	  7.98041e-07	  1.70351e-08	  31710	  9.47417e-10
457	  4.26398	  0.0938297	  7.98041e-07	  1.62253e-08	  29988	  9.0496e-10
458	  4.26398	  0.156272	  7.98041e-07	  1.64184e-08	  29868	  9.15918e-10
459	  4.26398	  0.218736	  7.98041e-07	  1.55625e-08	  31044	  8.66453e-10
460	  4.26398	  0.281273	  7.98041e-07	  1.53899e-08	  30504	  8.5761e-10
461	  4.26398	  0.343755	  7.98041e-07	  1.50771e-08	  30612	  8.40026e-10
462	  4.26398	  0.406262	  7.98041e-07	  1.47797e-08	  30984	  8.22947e-10
463	  4.26398	  0.468768	  7.98041e-07	  1.42988e-08	  30564	  7.9673e-10
464	  4.26398	  0.531237	  7.98041e-07	  1.4029e-08	  30540	  7.81728e-10
465	  4.26398	  0.593753	  7.98041e-07	  1.34311e-08	  31092	  7.47723e-10
466	  4.26398	  0.656275	  7.98041e-07	  1.29983e-08	  30624	  7.24194e-10
467	  4.26398	  0.718761	  7.98041e-07	  1.2253e-08	  30612	  6.82681e-10
468	  4.26398	  0.781244	  7.98041e-07	  1.14204e-08	  30720	  6.3618e-10
469	  4.26398	  0.843748	  7.98041e-07	  1.05555e-08	  30600	  5.88118e-10
470	  4.26398	  0.906262	  7.98041e-07	  9.76575e-09	  30672	  5.44049e-10
471	  4.26398	  0.968494	  7.98041e-07	  8.89679e-09	  30651	  4.95657e-10
472	  5.02761	  0.0310881	  5.28149e-07	  1.15362e-08	  50190	  6.28303e-10
473	  5.02761	  0.0938297	  5.28149e-07	  1.14945e-08	  50196	  6.26028e-10
474	  5.02761	  0.156272	  5.28149e-07	  1.0938e-08	  50184	  5.95724e-10
475	  5.02761	  0.218736	  5.28149e-07	  1.03979e-08	  50076	  5.66363e-10
476	  5.02761	  0.281273	  5.28149e-07	  1.00816e-08	  50484	  5.4895e-10
477	  5.02761	  0.343755	  5.28149e-07	  9.5528e-09	  50208	  5.20273e-10
478	  5.02761	  0.406262	  5.28149e-07	  9.23159e-09	  49692	  5.02992e-10
479	  5.02761	  0.468768	  5.28149e-07	  8.72372e-09	  50604	  4.74966e-10
480	  5.02761	  0.531237	  5.28149e-07	  8.27113e-09	  50400	  4.50399e-10
481	  5.02761	  0.593753	  5.28149e-07	  7.69825e-09	  49788	  4.19413e-10
482	  5.02761	  0.656275	  5.28149e-07	  7.13549e-09	  50304	  3.88589e-10
483	  5.02761	  0.718761	  5.28149e-07	  6.50679e-09	  50352	  3.54337e-10
484	  5.02761	  0.781244	  5.28149e-07	  5.89386e-09	  49980	  3.21056e-10
485	  5.02761	  0.843748	  5.28149e-07	  5.2781e-09	  50340	  2.8743e-10
486	  5.02761	  0.906262	  5.28149e-07	  4.67855e-09	  50244	  2.548e-10
487	  5.02761	  0.968494	  5.28149e-07	  4.12175e-09	  50046	  2.24512e-10
488	  5.92776	  0.0310881	  3.48524e-07	  7.99564e-09	  80868	  4.27899e-10
489	  5.92776	  0.0938297	  3.48524e-07	  7.69421e-09	  83352	  4.11361e-10
490	  5.92776	  0.156272	  3.48524e-07	  7.31116e-09	  83316	  3.90887e-10
491	  5.92776	  0.218736	  3.48524e-07	  6.85777e-09	  82056	  3.66829e-10
492	  5.92776	  0.281273	  3.48524e-07	  6.40045e-09	  82464	  3.42311e-10
493	  5.92776	  0.343755	  3.48524e-07	  5.94865e-09	  82380	  3.18158e-10
494	  5.92776	  0.406262	  3.48524e-07	  5.49512e-09	  82560	  2.9388e-10
495	  5.92776	  0.468768	  3.48524e-07	  5.04169e-09	  81852	  2.69707e-10
496	  5.92776	  0.531237	  3.48524e-07	  4.66776e-09	  82212	  2.49667e-10
497	  5.92776	  0.593753	  3.48524e-07	  4.10532e-09	  82428	  2.19565e-10
498	  5.92776	  0.656275	  3.48524e-07	  3.65389e-09	  82032	  1.95452e-10
499	  5.92776	  0.718761	  3.48524e-07	  3.20631e-09	  82020	  1.71511e-10
500	  5.92776	  0.781244	  3.48524e-07	  2.79398e-09	  82716	  1.49414e-10
501	  5.92776	  0.843748	  3.48524e-07	  2.39378e-09	  82248	  1.28036e-10
502	  5.92776	  0.906262	  3.48524e-07	  2.0733e-09	  82356	  1.1089e-10
503	  5.92776	  0.968494	  3.48524e-07	  1.74392e-09	  82491	  9.32678e-11
504	  6.98944	  0.0310881	  2.29289e-07	  5.33962e-09	  133704	  2.81584e-10
505	  6.98944	  0.0938297	  2.29289e-07	  5.01107e-09	  135348	  2.64174e-10
506	  6.98944	  0.156272	  2.29289e-07	  4.69735e-09	  134928	  2.47655e-10
507	  6.98944	  0.218736	  2.29289e-07	  4.29693e-09	  135072	  2.26538e-10
508	  6.98944	  0.281273	  2.29289e-07	  3.91937e-09	  135012	  2.06635e-10
509	  6.98944	  0.343755	  2.29289e-07	  3.49535e-09	  135168	  1.84275e-10
510	  6.98944	  0.406262	  2.29289e-07	  3.11535e-09	  134808	  1.64252e-10
511	  6.98944	  0.468768	  2.29289e-07	  2.71578e-09	  135264	  1.43173e-10
512	  6.98944	  0.531237	  2.29289e-07	  2.36209e-09	  135084	  1.24531e-10
513	  6.98944	  0.593753	  2.29289e-07	  2.01386e-09	  134976	  1.06174e-10
514	  6.98944	  0.656275	  2.29289e-07	  1.7074e-09	  135072	  9.00156e-11
515	  6.98944	  0.718761	  2.29289e-07	  1.4462e-09	  135360	  7.62408e-11
516	  6.98944	  0.781244	  2.29289e-07	  1.19949e-09	  134988	  6.32391e-11
517	  6.98944	  0.843748	  2.29289e-07	  9.94453e-10	  134820	  5.2431e-11
518	  6.98944	  0.906262	  2.29289e-07	  8.20938e-10	  134964	  4.32815e-11
519	  6.98944	  0.968494	  2.29289e-07	  6.64965e-10	  134910	  3.50587e-11
520	  8.24181	  0.0310881	  1.50401e-07	  3.46093e-09	  221856	  1.80394e-10
521	  8.24181	  0.0938297	  1.50401e-07	  3.19556e-09	  221460	  1.66568e-10
522	  8.24181	  0.156272	  1.50401e-07	  2.92145e-09	  221772	  1.52276e-10
523	  8.24181	  0.218736	  1.50401e-07	  2.57044e-09	  221376	  1.33985e-10
524	  8.24181	  0.281273	  1.50401e-07	  2.23702e-09	  221184	  1.16607e-10
525	  8.24181	  0.343755	  1.50401e-07	  1.9082e-09	  221616	  9.94633e-11
526	  8.24181	  0.406262	  1.50401e-07	  1.5911e-09	  221088	  8.2939e-11
527	  8.24181	  0.468768	  1.50401e-07	  1.32487e-09	  221484	  6.90585e-11
528	  8.24181	  0.531237	  1.50401e-07	  1.08303e-09	  221388	  5.64532e-11
529	  8.24181	  0.593753	  1.50401e-07	  8.85504e-10	  221568	  4.61564e-11
530	  8.24181	  0.656275	  1.50401e-07	  7.19645e-10	  221472	  3.75114e-11
531	  8.24181	  0.718761	  1.50401e-07	  5.77646e-10	  221172	  3.01106e-11
532	  8.24181	  0.781244	  1.50401e-07	  4.6272e-10	  221088	  2.41201e-11
533	  8.24181	  0.843748	  1.50401e-07	  3.67174e-10	  221580	  1.91387e-11
534	  8.24181	  0.906262	  1.50401e-07	  2.90349e-10	  221304	  1.51347e-11
535	  8.24181	  0.968494	  1.50401e-07	  2.23669e-10	  221598	  1.16586e-11
536	  9.71482	  0.0310881	  9.85372e-08	  2.12589e-09	  356232	  1.09857e-10
537	  9.71482	  0.0938297	  9.85372e-08	  1.94475e-09	  353940	  1.00506e-10
538	  9.71482	  0.156272	  9.85372e-08	  1.70665e-09	  357672	  8.81863e-11
539	  9.71482	  0.218736	  9.85372e-08	  1.4384e-09	  364152	  7.43036e-11
540	  9.71482	  0.281273	  9.85372e-08	  1.17172e-09	  362544	  6.05321e-11
541	  9.71482	  0.343755	  9.85372e-08	  9.32502e-10	  361908	  4.81752e-11
542	  9.71482	  0.406262	  9.85372e-08	  7.38134e-10	  363768	  3.81306e-11
543	  9.71482	  0.468768	  9.85372e-08	  5.75903e-10	  362412	  2.97518e-11
544	  9.71482	  0.531237	  9.85372e-08	  4.47111e-10	  362208	  2.30984e-11
545	  9.71482	  0.593753	  9.85372e-08	  3.47827e-10	  363300	  1.79684e-11
546	  9.71482	  0.656275	  9.85372e-08	  2.70341e-10	  362820	  1.39659e-11
547	  9.71482	  0.718761	  9.85372e-08	  2.09146e-10	  362364	  1.08047e-11
548	  9.71482	  0.781244	  9.85372e-08	  1.60185e-10	  363060	  8.27511e-12
549	  9.71482	  0.843748	  9.85372e-08	  1.21525e-10	  363000	  6.27795e-12
550	  9.71482	  0.906262	  9.85372e-08	  9.20793e-11	  362388	  4.75693e-12
551	  9.71482	  0.968494	  9.85372e-08	  6.91091e-11	  353154	  3.57175e-12
