#n	   k	      mu	    PL	    Pf	     w	     err  
0	  0.10472	  1	  0.00379853	  0.000359093	  3	  0.000225277
1	  0.20944	  1	  0.00134928	  0.000101477	  3	  6.36616e-05
2	  0.314159	  1	  0.000632002	  9.7259e-05	  3	  6.10154e-05
3	  0.418879	  1	  0.000354209	  1.80913e-05	  3	  1.13496e-05
4	  0.523599	  1	  0.00022393	  5.46175e-06	  3	  3.42643e-06
5	  0.628319	  1	  0.000151731	  2.62334e-05	  3	  1.64575e-05
6	  0.733038	  1	  0.000108477	  1.21317e-05	  3	  7.61085e-06
7	  0.837758	  1	  8.07459e-05	  1.04647e-05	  3	  6.56501e-06
8	  0.942478	  1	  6.20055e-05	  1.56953e-06	  3	  9.84644e-07
9	  0.10472	  0	  0.00379853	  6.21462e-05	  6	  2.84784e-05
10	  0.148096	  0.707107	  0.00241558	  8.69353e-05	  12	  2.94428e-05
11	  0.23416	  0.894427	  0.00106881	  0.000105774	  12	  3.58229e-05
12	  0.331153	  0.948683	  0.000572332	  4.26062e-05	  12	  1.44297e-05
13	  0.431771	  0.970143	  0.00033334	  2.30266e-05	  12	  7.79854e-06
14	  0.533968	  0.980581	  0.000214781	  1.52076e-05	  12	  5.15043e-06
15	  0.636985	  0.986394	  0.000147282	  9.25265e-06	  12	  3.13364e-06
16	  0.74048	  0.989949	  0.00010613	  1.20833e-05	  12	  4.09231e-06
17	  0.844278	  0.992278	  7.93415e-05	  5.81041e-06	  12	  1.96784e-06
18	  0.948278	  0.993884	  6.11422e-05	  5.62757e-06	  12	  1.90592e-06
19	  0.148096	  0	  0.00241558	  3.33666e-05	  6	  1.52902e-05
20	  0.18138	  0.57735	  0.0017137	  4.45211e-05	  12	  1.50782e-05
21	  0.25651	  0.816497	  0.000940668	  5.06094e-05	  12	  1.71401e-05
22	  0.347316	  0.904534	  0.000515517	  2.94937e-05	  12	  9.98877e-06
23	  0.444288	  0.942809	  0.00031512	  1.95543e-05	  12	  6.62255e-06
24	  0.54414	  0.96225	  0.000206254	  1.66189e-05	  12	  5.62841e-06
25	  0.645536	  0.973329	  0.000143139	  1.0184e-05	  12	  3.44907e-06
26	  0.747849	  0.980196	  0.00010381	  6.59493e-06	  12	  2.23354e-06
27	  0.850747	  0.984732	  7.80228e-05	  7.53047e-06	  12	  2.55038e-06
28	  0.954042	  0.987878	  6.03124e-05	  5.43135e-06	  12	  1.83946e-06
29	  0.20944	  0	  0.00134928	  2.01566e-05	  6	  9.23671e-06
30	  0.23416	  0.447214	  0.00106881	  3.38875e-05	  12	  1.14768e-05
31	  0.296192	  0.707107	  0.000695986	  4.02148e-05	  12	  1.36197e-05
32	  0.377572	  0.83205	  0.000438644	  2.70082e-05	  12	  9.14699e-06
33	  0.468321	  0.894427	  0.00028273	  2.16737e-05	  12	  7.34035e-06
34	  0.563933	  0.928477	  0.000191181	  8.2799e-06	  12	  2.80419e-06
35	  0.662306	  0.948683	  0.000135378	  8.27114e-06	  12	  2.80123e-06
36	  0.762371	  0.961524	  9.95093e-05	  8.53579e-06	  12	  2.89086e-06
37	  0.863541	  0.970143	  7.54539e-05	  2.30319e-06	  12	  7.80032e-07
38	  0.965468	  0.976187	  5.87146e-05	  3.7562e-06	  12	  1.27213e-06
39	  0.23416	  0	  0.00106881	  2.14081e-05	  12	  7.2504e-06
40	  0.25651	  0.408248	  0.000940668	  2.0535e-05	  24	  5.21844e-06
41	  0.314159	  0.666667	  0.000632002	  2.77632e-05	  24	  7.0553e-06
42	  0.391825	  0.801784	  0.000408396	  2.02148e-05	  24	  5.13708e-06
43	  0.479886	  0.872872	  0.000268343	  2.32592e-05	  24	  5.91073e-06
44	  0.573574	  0.912871	  0.000184519	  1.05828e-05	  24	  2.68933e-06
45	  0.670534	  0.937043	  0.000131833	  6.95268e-06	  24	  1.76684e-06
46	  0.76953	  0.952579	  9.75033e-05	  6.70285e-06	  24	  1.70336e-06
47	  0.869868	  0.963087	  7.4243e-05	  5.4595e-06	  24	  1.38739e-06
48	  0.971131	  0.970495	  5.79317e-05	  4.4389e-06	  24	  1.12803e-06
49	  0.296192	  0	  0.000695986	  1.22394e-05	  6	  5.60868e-06
50	  0.314159	  0.333333	  0.000632002	  1.54495e-05	  12	  5.23237e-06
51	  0.36276	  0.57735	  0.000471853	  1.30545e-05	  12	  4.42122e-06
52	  0.431771	  0.727607	  0.00033334	  1.67243e-05	  12	  5.66412e-06
53	  0.51302	  0.816497	  0.000233677	  1.44067e-05	  12	  4.8792e-06
54	  0.601569	  0.870388	  0.000166611	  1.11304e-05	  12	  3.76958e-06
55	  0.694632	  0.904534	  0.000122073	  1.12112e-05	  12	  3.79696e-06
56	  0.790617	  0.927173	  9.18345e-05	  6.06522e-06	  12	  2.05414e-06
57	  0.888577	  0.942809	  7.0786e-05	  4.77497e-06	  12	  1.61716e-06
58	  0.987924	  0.953998	  5.57298e-05	  2.2616e-06	  12	  7.65947e-07
59	  0.314159	  0	  0.000632002	  1.65168e-05	  6	  7.56877e-06
60	  0.331153	  0.316228	  0.000572332	  1.25316e-05	  12	  4.24415e-06
61	  0.377572	  0.5547	  0.000438644	  1.77047e-05	  12	  5.99614e-06
62	  0.444288	  0.707107	  0.00031512	  9.40383e-06	  12	  3.18484e-06
63	  0.523599	  0.8	  0.00022393	  1.41892e-05	  12	  4.80553e-06
64	  0.610616	  0.857493	  0.000161348	  5.85333e-06	  12	  1.98238e-06
65	  0.702481	  0.894427	  0.000119103	  6.94208e-06	  12	  2.35111e-06
66	  0.797522	  0.919145	  9.00783e-05	  6.05791e-06	  12	  2.05166e-06
67	  0.894726	  0.936329	  6.96796e-05	  3.0689e-06	  12	  1.03936e-06
68	  0.993459	  0.948683	  5.50341e-05	  3.77085e-06	  12	  1.27709e-06
69	  0.331153	  0	  0.000572332	  9.85277e-06	  12	  3.33689e-06
70	  0.347316	  0.301511	  0.000515517	  9.05866e-06	  24	  2.30202e-06
71	  0.391825	  0.534522	  0.000408396	  9.41208e-06	  24	  2.39184e-06
72	  0.456463	  0.688247	  0.000298414	  1.70558e-05	  24	  4.33429e-06
73	  0.533968	  0.784465	  0.000214781	  9.14919e-06	  24	  2.32503e-06
74	  0.61953	  0.845154	  0.000156415	  6.54214e-06	  24	  1.66252e-06
75	  0.710244	  0.884652	  0.000116293	  1.03956e-05	  24	  2.64178e-06
76	  0.804368	  0.911322	  8.83936e-05	  5.42736e-06	  24	  1.37922e-06
77	  0.900833	  0.929981	  6.86392e-05	  4.34747e-06	  24	  1.1048e-06
78	  0.998963	  0.943456	  5.43564e-05	  2.859e-06	  24	  7.26541e-07
79	  0.377572	  0	  0.000438644	  8.29207e-06	  12	  2.80832e-06
80	  0.391825	  0.267261	  0.000408396	  6.22861e-06	  24	  1.58284e-06
81	  0.431771	  0.485071	  0.00033334	  1.06822e-05	  24	  2.7146e-06
82	  0.491179	  0.639602	  0.000255503	  7.5803e-06	  24	  1.92634e-06
83	  0.563933	  0.742781	  0.000191181	  1.00644e-05	  24	  2.55762e-06
84	  0.645536	  0.811107	  0.000143139	  8.34378e-06	  24	  2.12036e-06
85	  0.733038	  0.857143	  0.000108477	  7.09574e-06	  24	  1.8032e-06
86	  0.824564	  0.889001	  8.36412e-05	  3.29337e-06	  24	  8.36925e-07
87	  0.918912	  0.911685	  6.56405e-05	  4.78947e-06	  24	  1.21712e-06
88	  0.418879	  0	  0.000354209	  1.97341e-06	  6	  9.04311e-07
89	  0.431771	  0.242536	  0.00033334	  4.65532e-06	  12	  1.57664e-06
90	  0.468321	  0.447214	  0.00028273	  8.39419e-06	  12	  2.8429e-06
91	  0.523599	  0.6	  0.00022393	  7.73575e-06	  12	  2.61991e-06
92	  0.592384	  0.707107	  0.000172252	  3.69845e-06	  12	  1.25257e-06
93	  0.670534	  0.780869	  0.000131833	  8.016e-06	  12	  2.71482e-06
94	  0.755145	  0.83205	  0.000101648	  4.68551e-06	  12	  1.58687e-06
95	  0.844278	  0.868243	  7.93415e-05	  4.58887e-06	  12	  1.55414e-06
96	  0.936642	  0.894427	  6.28741e-05	  2.28872e-06	  12	  7.75134e-07
97	  0.431771	  0	  0.00033334	  4.48426e-06	  12	  1.51871e-06
98	  0.444288	  0.235702	  0.00031512	  2.83896e-06	  24	  7.21448e-07
99	  0.479886	  0.436436	  0.000268343	  9.33099e-06	  24	  2.37123e-06
100	  0.533968	  0.588348	  0.000214781	  5.00609e-06	  24	  1.27217e-06
101	  0.601569	  0.696311	  0.000166611	  4.76171e-06	  24	  1.21007e-06
102	  0.678662	  0.771517	  0.000128405	  4.28055e-06	  24	  1.08779e-06
103	  0.762371	  0.824163	  9.95093e-05	  6.34031e-06	  24	  1.61123e-06
104	  0.850747	  0.86164	  7.80228e-05	  5.38734e-06	  24	  1.36905e-06
105	  0.942478	  0.888889	  6.20055e-05	  4.42975e-06	  24	  1.12571e-06
106	  0.444288	  0	  0.00031512	  4.15167e-06	  6	  1.9025e-06
107	  0.456463	  0.229416	  0.000298414	  7.43255e-06	  12	  2.51722e-06
108	  0.491179	  0.426401	  0.000255503	  6.22406e-06	  12	  2.10793e-06
109	  0.54414	  0.57735	  0.000206254	  2.27261e-06	  12	  7.69676e-07
110	  0.610616	  0.685994	  0.000161348	  7.91069e-06	  12	  2.67915e-06
111	  0.686693	  0.762493	  0.00012517	  4.99913e-06	  12	  1.69308e-06
112	  0.76953	  0.816497	  9.75033e-05	  4.64071e-06	  12	  1.57169e-06
113	  0.857168	  0.855186	  7.6714e-05	  2.70601e-06	  12	  9.16457e-07
114	  0.948278	  0.883452	  6.11422e-05	  2.06501e-06	  12	  6.99369e-07
115	  0.468321	  0	  0.00028273	  5.19424e-06	  12	  1.75916e-06
116	  0.479886	  0.218218	  0.000268343	  7.21986e-06	  24	  1.83474e-06
117	  0.51302	  0.408248	  0.000233677	  7.30948e-06	  24	  1.85752e-06
118	  0.563933	  0.557086	  0.000191181	  6.88513e-06	  24	  1.74968e-06
119	  0.628319	  0.666667	  0.000151731	  5.20121e-06	  24	  1.32175e-06
120	  0.702481	  0.745356	  0.000119103	  5.84385e-06	  24	  1.48506e-06
121	  0.783651	  0.801784	  9.36575e-05	  4.92579e-06	  24	  1.25176e-06
122	  0.869868	  0.842701	  7.4243e-05	  3.32151e-06	  24	  8.44075e-07
123	  0.959772	  0.872872	  5.95111e-05	  3.11264e-06	  24	  7.90998e-07
124	  0.523599	  0	  0.00022393	  3.66269e-06	  18	  1.04644e-06
125	  0.533968	  0.196116	  0.000214781	  3.38146e-06	  36	  7.32649e-07
126	  0.563933	  0.371391	  0.000191181	  3.30448e-06	  36	  7.15971e-07
127	  0.610616	  0.514496	  0.000161348	  3.96295e-06	  36	  8.58638e-07
128	  0.670534	  0.624695	  0.000131833	  4.14972e-06	  36	  8.99106e-07
129	  0.74048	  0.707107	  0.00010613	  4.48671e-06	  36	  9.7212e-07
130	  0.817887	  0.768221	  8.51823e-05	  3.81716e-06	  36	  8.27052e-07
131	  0.900833	  0.813733	  6.86392e-05	  3.29336e-06	  36	  7.13561e-07
132	  0.987924	  0.847998	  5.57298e-05	  2.90381e-06	  36	  6.29158e-07
133	  0.533968	  0	  0.000214781	  3.31432e-06	  12	  1.12248e-06
134	  0.54414	  0.19245	  0.000206254	  5.00409e-06	  24	  1.27166e-06
135	  0.573574	  0.365148	  0.000184519	  3.43016e-06	  24	  8.71688e-07
136	  0.61953	  0.507093	  0.000156415	  4.42811e-06	  24	  1.12529e-06
137	  0.678662	  0.617213	  0.000128405	  4.15452e-06	  24	  1.05576e-06
138	  0.747849	  0.70014	  0.00010381	  3.954e-06	  24	  1.00481e-06
139	  0.824564	  0.762001	  8.36412e-05	  1.65818e-06	  24	  4.21384e-07
140	  0.9069	  0.80829	  6.76145e-05	  3.63343e-06	  24	  9.23343e-07
141	  0.993459	  0.843274	  5.50341e-05	  2.7425e-06	  24	  6.96935e-07
142	  0.563933	  0	  0.000191181	  1.38962e-06	  12	  4.70629e-07
143	  0.573574	  0.182574	  0.000184519	  2.81145e-06	  24	  7.14457e-07
144	  0.601569	  0.348155	  0.000166611	  3.63279e-06	  24	  9.23179e-07
145	  0.645536	  0.486664	  0.000143139	  4.25193e-06	  24	  1.08052e-06
146	  0.702481	  0.596285	  0.000119103	  4.40937e-06	  24	  1.12053e-06
147	  0.76953	  0.680414	  9.75033e-05	  2.52966e-06	  24	  6.42847e-07
148	  0.844278	  0.744208	  7.93415e-05	  3.98552e-06	  24	  1.01282e-06
149	  0.92486	  0.792594	  6.46977e-05	  3.10382e-06	  24	  7.88756e-07
150	  0.592384	  0	  0.000172252	  9.7578e-07	  6	  4.4715e-07
151	  0.601569	  0.174078	  0.000166611	  2.07635e-06	  12	  7.03208e-07
152	  0.628319	  0.333333	  0.000151731	  2.87337e-06	  12	  9.73141e-07
153	  0.670534	  0.468521	  0.000131833	  2.52264e-06	  12	  8.54355e-07
154	  0.72552	  0.57735	  0.000110996	  4.80249e-06	  12	  1.62649e-06
155	  0.790617	  0.662266	  9.18345e-05	  3.47674e-06	  12	  1.17748e-06
156	  0.863541	  0.727607	  7.54539e-05	  2.85334e-06	  12	  9.66356e-07
157	  0.942478	  0.777778	  6.20055e-05	  2.2061e-06	  12	  7.4715e-07
158	  0.610616	  0	  0.000161348	  2.13367e-06	  12	  7.22621e-07
159	  0.61953	  0.169031	  0.000156415	  2.60374e-06	  24	  6.61673e-07
160	  0.645536	  0.324443	  0.000143139	  3.08843e-06	  24	  7.84845e-07
161	  0.686693	  0.457496	  0.00012517	  3.30979e-06	  24	  8.41097e-07
162	  0.74048	  0.565685	  0.00010613	  2.85859e-06	  24	  7.26436e-07
163	  0.804368	  0.650945	  8.83936e-05	  3.78108e-06	  24	  9.60864e-07
164	  0.876148	  0.717137	  7.30409e-05	  3.24521e-06	  24	  8.24687e-07
165	  0.954042	  0.76835	  6.03124e-05	  2.60693e-06	  24	  6.62484e-07
166	  0.628319	  0	  0.000151731	  7.28829e-06	  6	  3.33985e-06
167	  0.636985	  0.164399	  0.000147282	  3.61286e-06	  12	  1.22359e-06
168	  0.662306	  0.316228	  0.000135378	  2.30297e-06	  12	  7.79957e-07
169	  0.702481	  0.447214	  0.000119103	  1.32232e-06	  12	  4.47836e-07
170	  0.755145	  0.5547	  0.000101648	  1.78053e-06	  12	  6.03023e-07
171	  0.817887	  0.640184	  8.51823e-05	  2.21938e-06	  12	  7.5165e-07
172	  0.888577	  0.707107	  7.0786e-05	  2.50659e-06	  12	  8.4892e-07
173	  0.965468	  0.759257	  5.87146e-05	  2.85202e-06	  12	  9.65908e-07
174	  0.636985	  0	  0.000147282	  3.56172e-06	  12	  1.20627e-06
175	  0.645536	  0.162221	  0.000143139	  1.88808e-06	  24	  4.79808e-07
176	  0.670534	  0.312348	  0.000131833	  2.13888e-06	  24	  5.43541e-07
177	  0.710244	  0.442326	  0.000116293	  2.91175e-06	  24	  7.39946e-07
178	  0.762371	  0.549442	  9.95093e-05	  3.6511e-06	  24	  9.27834e-07
179	  0.824564	  0.635001	  8.36412e-05	  1.78679e-06	  24	  4.54065e-07
180	  0.894726	  0.702247	  6.96796e-05	  1.88372e-06	  24	  4.787e-07
181	  0.971131	  0.754829	  5.79317e-05	  2.31434e-06	  24	  5.88129e-07
182	  0.662306	  0	  0.000135378	  2.1475e-06	  12	  7.27305e-07
183	  0.670534	  0.156174	  0.000131833	  2.00116e-06	  24	  5.08544e-07
184	  0.694632	  0.301511	  0.000122073	  2.20358e-06	  24	  5.59984e-07
185	  0.733038	  0.428571	  0.000108477	  2.84657e-06	  24	  7.23382e-07
186	  0.783651	  0.534522	  9.36575e-05	  2.33299e-06	  24	  5.9287e-07
187	  0.844278	  0.620174	  7.93415e-05	  2.28973e-06	  24	  5.81877e-07
188	  0.912926	  0.688247	  6.65967e-05	  1.67291e-06	  24	  4.25127e-07
189	  0.987924	  0.741999	  5.57298e-05	  1.92785e-06	  24	  4.89914e-07
190	  0.670534	  0	  0.000131833	  2.5532e-06	  12	  8.64706e-07
191	  0.678662	  0.154303	  0.000128405	  1.69356e-06	  24	  4.30375e-07
192	  0.702481	  0.298142	  0.000119103	  2.7592e-06	  24	  7.0118e-07
193	  0.74048	  0.424264	  0.00010613	  2.13113e-06	  24	  5.41572e-07
194	  0.790617	  0.529813	  9.18345e-05	  2.30749e-06	  24	  5.86389e-07
195	  0.850747	  0.615457	  7.80228e-05	  1.67705e-06	  24	  4.26179e-07
196	  0.918912	  0.683763	  6.56405e-05	  2.51049e-06	  24	  6.37975e-07
197	  0.993459	  0.737865	  5.50341e-05	  2.13697e-06	  24	  5.43056e-07
198	  0.702481	  0	  0.000119103	  1.09719e-06	  12	  3.7159e-07
199	  0.710244	  0.147442	  0.000116293	  2.18813e-06	  24	  5.56056e-07
200	  0.733038	  0.285714	  0.000108477	  2.793e-06	  24	  7.09768e-07
201	  0.76953	  0.408248	  9.75033e-05	  2.29622e-06	  24	  5.83526e-07
202	  0.817887	  0.512148	  8.51823e-05	  3.25151e-06	  24	  8.26287e-07
203	  0.876148	  0.597614	  7.30409e-05	  2.62285e-06	  24	  6.66528e-07
204	  0.942478	  0.666667	  6.20055e-05	  2.18382e-06	  24	  5.5496e-07
205	  0.733038	  0	  0.000108477	  1.65719e-06	  6	  7.59405e-07
206	  0.74048	  0.141421	  0.00010613	  1.76543e-06	  12	  5.97909e-07
207	  0.762371	  0.274721	  9.95093e-05	  1.46828e-06	  12	  4.97269e-07
208	  0.797522	  0.393919	  9.00783e-05	  1.99856e-06	  12	  6.76862e-07
209	  0.844278	  0.496139	  7.93415e-05	  2.45392e-06	  12	  8.31082e-07
210	  0.900833	  0.581238	  6.86392e-05	  2.59407e-06	  12	  8.78548e-07
211	  0.965468	  0.650791	  5.87146e-05	  2.06027e-06	  12	  6.97762e-07
212	  0.74048	  0	  0.00010613	  1.83508e-06	  18	  5.24287e-07
213	  0.747849	  0.140028	  0.00010381	  2.36563e-06	  36	  5.12553e-07
214	  0.76953	  0.272166	  9.75033e-05	  1.83411e-06	  36	  3.97391e-07
215	  0.804368	  0.390567	  8.83936e-05	  2.63085e-06	  36	  5.70018e-07
216	  0.850747	  0.492366	  7.80228e-05	  1.65691e-06	  36	  3.58998e-07
217	  0.9069	  0.57735	  6.76145e-05	  1.64636e-06	  36	  3.56712e-07
218	  0.971131	  0.646997	  5.79317e-05	  2.71551e-06	  36	  5.88361e-07
219	  0.755145	  0	  0.000101648	  1.18371e-06	  12	  4.00892e-07
220	  0.762371	  0.137361	  9.95093e-05	  2.29057e-06	  24	  5.8209e-07
221	  0.783651	  0.267261	  9.36575e-05	  1.96777e-06	  24	  5.00057e-07
222	  0.817887	  0.384111	  8.51823e-05	  2.13378e-06	  24	  5.42246e-07
223	  0.863541	  0.485071	  7.54539e-05	  1.15092e-06	  24	  2.92478e-07
224	  0.918912	  0.569803	  6.56405e-05	  1.91266e-06	  24	  4.86053e-07
225	  0.982358	  0.639602	  5.64596e-05	  1.48786e-06	  24	  3.78102e-07
226	  0.762371	  0	  9.95093e-05	  9.61093e-07	  12	  3.25498e-07
227	  0.76953	  0.136083	  9.75033e-05	  2.22636e-06	  24	  5.65772e-07
228	  0.790617	  0.264906	  9.18345e-05	  1.55322e-06	  24	  3.94711e-07
229	  0.824564	  0.381	  8.36412e-05	  1.56092e-06	  24	  3.96669e-07
230	  0.869868	  0.481543	  7.4243e-05	  1.13598e-06	  24	  2.88681e-07
231	  0.92486	  0.566139	  6.46977e-05	  2.12433e-06	  24	  5.39843e-07
232	  0.987924	  0.635999	  5.57298e-05	  1.58252e-06	  24	  4.02157e-07
233	  0.797522	  0	  9.00783e-05	  1.75318e-06	  12	  5.93757e-07
234	  0.804368	  0.130189	  8.83936e-05	  2.14174e-06	  24	  5.44269e-07
235	  0.824564	  0.254	  8.36412e-05	  1.37569e-06	  24	  3.49596e-07
236	  0.857168	  0.366508	  7.6714e-05	  1.62277e-06	  24	  4.12385e-07
237	  0.900833	  0.464991	  6.86392e-05	  1.54544e-06	  24	  3.92733e-07
238	  0.954042	  0.548821	  6.03124e-05	  1.7949e-06	  24	  4.56128e-07
239	  0.817887	  0	  8.51823e-05	  1.30593e-06	  12	  4.42287e-07
240	  0.824564	  0.127	  8.36412e-05	  1.2244e-06	  24	  3.11151e-07
241	  0.844278	  0.248069	  7.93415e-05	  1.43971e-06	  24	  3.65866e-07
242	  0.876148	  0.358569	  7.30409e-05	  1.78072e-06	  24	  4.52524e-07
243	  0.918912	  0.455842	  6.56405e-05	  1.65267e-06	  24	  4.19982e-07
244	  0.971131	  0.539164	  5.79317e-05	  1.9644e-06	  24	  4.99203e-07
245	  0.837758	  0	  8.07459e-05	  1.53118e-06	  6	  7.0166e-07
246	  0.844278	  0.124035	  7.93415e-05	  2.14267e-06	  12	  7.25669e-07
247	  0.863541	  0.242536	  7.54539e-05	  6.97846e-07	  12	  2.36343e-07
248	  0.894726	  0.351123	  6.96796e-05	  1.31666e-06	  12	  4.4592e-07
249	  0.936642	  0.447214	  6.28741e-05	  1.35293e-06	  12	  4.58204e-07
250	  0.987924	  0.529999	  5.57298e-05	  2.21896e-06	  12	  7.51505e-07
251	  0.844278	  0	  7.93415e-05	  1.86488e-06	  24	  4.73911e-07
252	  0.850747	  0.123091	  7.80228e-05	  1.58677e-06	  48	  3.08369e-07
253	  0.869868	  0.240772	  7.4243e-05	  1.31535e-06	  48	  2.55621e-07
254	  0.900833	  0.348743	  6.86392e-05	  1.53686e-06	  48	  2.9867e-07
255	  0.942478	  0.444444	  6.20055e-05	  1.48729e-06	  48	  2.89037e-07
256	  0.993459	  0.527046	  5.50341e-05	  1.63045e-06	  48	  3.16858e-07
257	  0.863541	  0	  7.54539e-05	  7.97837e-07	  12	  2.70208e-07
258	  0.869868	  0.120386	  7.4243e-05	  1.40891e-06	  24	  3.58038e-07
259	  0.888577	  0.235702	  7.0786e-05	  1.35438e-06	  24	  3.44181e-07
260	  0.918912	  0.341882	  6.56405e-05	  1.43942e-06	  24	  3.65793e-07
261	  0.959772	  0.436436	  5.95111e-05	  1.42201e-06	  24	  3.61368e-07
262	  0.888577	  0	  7.0786e-05	  1.26003e-06	  6	  5.77408e-07
263	  0.894726	  0.117041	  6.96796e-05	  9.18104e-07	  12	  3.10939e-07
264	  0.912926	  0.229416	  6.65967e-05	  1.34112e-06	  12	  4.54205e-07
265	  0.942478	  0.333333	  6.20055e-05	  1.48536e-06	  12	  5.03054e-07
266	  0.982358	  0.426401	  5.64596e-05	  1.41502e-06	  12	  4.7923e-07
267	  0.894726	  0	  6.96796e-05	  9.48425e-07	  12	  3.21208e-07
268	  0.900833	  0.116248	  6.86392e-05	  1.15806e-06	  24	  2.9429e-07
269	  0.918912	  0.227921	  6.56405e-05	  1.43232e-06	  24	  3.63987e-07
270	  0.948278	  0.331295	  6.11422e-05	  1.45056e-06	  24	  3.68623e-07
271	  0.987924	  0.423999	  5.57298e-05	  1.24565e-06	  24	  3.1655e-07
272	  0.900833	  0	  6.86392e-05	  1.6996e-06	  12	  5.75612e-07
273	  0.9069	  0.11547	  6.76145e-05	  1.17803e-06	  24	  2.99365e-07
274	  0.92486	  0.226455	  6.46977e-05	  9.56421e-07	  24	  2.4305e-07
275	  0.954042	  0.329293	  6.03124e-05	  1.44777e-06	  24	  3.67914e-07
276	  0.993459	  0.421637	  5.50341e-05	  1.29367e-06	  24	  3.28753e-07
277	  0.936642	  0	  6.28741e-05	  8.8583e-07	  12	  3.00009e-07
278	  0.942478	  0.111111	  6.20055e-05	  1.25438e-06	  24	  3.18769e-07
279	  0.959772	  0.218218	  5.95111e-05	  1.08364e-06	  24	  2.75379e-07
280	  0.987924	  0.317999	  5.57298e-05	  1.03839e-06	  24	  2.6388e-07
281	  0.942478	  0	  6.20055e-05	  2.11331e-06	  6	  9.6842e-07
282	  0.948278	  0.110432	  6.11422e-05	  1.47654e-06	  12	  5.00068e-07
283	  0.965468	  0.21693	  5.87146e-05	  1.29575e-06	  12	  4.38839e-07
284	  0.993459	  0.316228	  5.50341e-05	  1.38697e-06	  12	  4.69731e-07
285	  0.948278	  0	  6.11422e-05	  1.34885e-06	  12	  4.56823e-07
286	  0.954042	  0.109764	  6.03124e-05	  1.0031e-06	  24	  2.54912e-07
287	  0.971131	  0.215666	  5.79317e-05	  8.47915e-07	  24	  2.15476e-07
288	  0.998963	  0.314485	  5.43564e-05	  1.09272e-06	  24	  2.77686e-07
289	  0.965468	  0	  5.87146e-05	  1.01524e-06	  24	  2.57996e-07
290	  0.971131	  0.107833	  5.79317e-05	  1.13906e-06	  48	  2.21363e-07
291	  0.987924	  0.212	  5.57298e-05	  1.22151e-06	  48	  2.37386e-07
292	  0.987924	  0	  5.57298e-05	  1.05374e-06	  12	  3.56877e-07
293	  0.993459	  0.105409	  5.50341e-05	  1.08239e-06	  24	  2.75061e-07
294	  0.993459	  0	  5.50341e-05	  9.27294e-07	  12	  3.14051e-07
295	  0.998963	  0.104828	  5.43564e-05	  9.41246e-07	  24	  2.39193e-07
296	  1.08818	  0.030936	  4.47331e-05	  8.84812e-07	  138	  1.19561e-07
297	  1.08818	  0.0938307	  4.47331e-05	  8.1306e-07	  252	  9.18709e-08
298	  1.08818	  0.156319	  4.47331e-05	  7.30008e-07	  72	  1.22533e-07
299	  1.08818	  0.218712	  4.47331e-05	  8.20246e-07	  216	  9.68229e-08
300	  1.08818	  0.281224	  4.47331e-05	  9.69718e-07	  288	  1.05627e-07
301	  1.08818	  0.343807	  4.47331e-05	  9.13292e-07	  120	  1.29036e-07
302	  1.08818	  0.406302	  4.47331e-05	  1.28692e-06	  180	  1.60267e-07
303	  1.08818	  0.468745	  4.47331e-05	  1.20138e-06	  180	  1.49614e-07
304	  1.08818	  0.531226	  4.47331e-05	  1.37589e-06	  192	  1.6809e-07
305	  1.08818	  0.593785	  4.47331e-05	  1.74887e-06	  192	  2.13658e-07
306	  1.08818	  0.656281	  4.47331e-05	  1.44165e-06	  168	  1.83308e-07
307	  1.08818	  0.718743	  4.47331e-05	  1.85831e-06	  228	  2.15985e-07
308	  1.08818	  0.781255	  4.47331e-05	  2.54653e-06	  144	  3.39537e-07
309	  1.08818	  0.843774	  4.47331e-05	  2.18456e-06	  240	  2.5024e-07
310	  1.08818	  0.90628	  4.47331e-05	  2.76338e-06	  168	  3.51368e-07
311	  1.08818	  0.968758	  4.47331e-05	  2.82546e-06	  150	  3.71971e-07
312	  1.25577	  0.030936	  3.21739e-05	  6.73935e-07	  198	  8.15912e-08
313	  1.25577	  0.0938307	  3.21739e-05	  6.99013e-07	  396	  7.00774e-08
314	  1.25577	  0.156319	  3.21739e-05	  6.66707e-07	  396	  6.68387e-08
315	  1.25577	  0.218712	  3.21739e-05	  6.29674e-07	  204	  7.55698e-08
316	  1.25577	  0.281224	  3.21739e-05	  7.49139e-07	  216	  8.84294e-08
317	  1.25577	  0.343807	  3.21739e-05	  7.4063e-07	  372	  7.54314e-08
318	  1.25577	  0.406302	  3.21739e-05	  8.46325e-07	  312	  9.023e-08
319	  1.25577	  0.468745	  3.21739e-05	  8.38498e-07	  288	  9.13338e-08
320	  1.25577	  0.531226	  3.21739e-05	  1.10323e-06	  264	  1.23061e-07
321	  1.25577	  0.593785	  3.21739e-05	  1.04311e-06	  312	  1.11211e-07
322	  1.25577	  0.656281	  3.21739e-05	  1.11412e-06	  276	  1.22768e-07
323	  1.25577	  0.718743	  3.21739e-05	  1.26794e-06	  312	  1.3518e-07
324	  1.25577	  0.781255	  3.21739e-05	  1.47463e-06	  276	  1.62494e-07
325	  1.25577	  0.843774	  3.21739e-05	  1.50776e-06	  240	  1.72713e-07
326	  1.25577	  0.90628	  3.21739e-05	  1.69734e-06	  324	  1.79163e-07
327	  1.25577	  0.968758	  3.21739e-05	  1.96189e-06	  315	  2.08635e-07
328	  1.45182	  0.030936	  2.29512e-05	  4.80182e-07	  246	  5.46244e-08
329	  1.45182	  0.0938307	  2.29512e-05	  4.39226e-07	  516	  4.12972e-08
330	  1.45182	  0.156319	  2.29512e-05	  4.88293e-07	  504	  4.6165e-08
331	  1.45182	  0.218712	  2.29512e-05	  4.52597e-07	  528	  4.23266e-08
332	  1.45182	  0.281224	  2.29512e-05	  4.87231e-07	  504	  4.60645e-08
333	  1.45182	  0.343807	  2.29512e-05	  5.48477e-07	  384	  5.54132e-08
334	  1.45182	  0.406302	  2.29512e-05	  6.7151e-07	  420	  6.63419e-08
335	  1.45182	  0.468745	  2.29512e-05	  5.89677e-07	  468	  5.67416e-08
336	  1.45182	  0.531226	  2.29512e-05	  6.6033e-07	  480	  6.31563e-08
337	  1.45182	  0.593785	  2.29512e-05	  6.89099e-07	  468	  6.63085e-08
338	  1.45182	  0.656281	  2.29512e-05	  7.40219e-07	  396	  7.42083e-08
339	  1.45182	  0.718743	  2.29512e-05	  8.24652e-07	  456	  7.98505e-08
340	  1.45182	  0.781255	  2.29512e-05	  1.01911e-06	  432	  9.99874e-08
341	  1.45182	  0.843774	  2.29512e-05	  1.01734e-06	  480	  9.7302e-08
342	  1.45182	  0.90628	  2.29512e-05	  1.20425e-06	  480	  1.15179e-07
343	  1.45182	  0.968758	  2.29512e-05	  1.34495e-06	  414	  1.33349e-07
344	  1.68148	  0.030936	  1.6245e-05	  3.28081e-07	  798	  2.8018e-08
345	  1.68148	  0.0938307	  1.6245e-05	  3.67071e-07	  708	  3.21489e-08
346	  1.68148	  0.156319	  1.6245e-05	  3.35478e-07	  684	  2.96012e-08
347	  1.68148	  0.218712	  1.6245e-05	  3.66968e-07	  720	  3.20245e-08
348	  1.68148	  0.281224	  1.6245e-05	  3.73946e-07	  708	  3.27511e-08
349	  1.68148	  0.343807	  1.6245e-05	  3.94503e-07	  720	  3.44274e-08
350	  1.68148	  0.406302	  1.6245e-05	  4.20015e-07	  672	  3.72031e-08
351	  1.68148	  0.468745	  1.6245e-05	  4.83497e-07	  732	  4.20454e-08
352	  1.68148	  0.531226	  1.6245e-05	  4.95854e-07	  672	  4.39207e-08
353	  1.68148	  0.593785	  1.6245e-05	  5.08164e-07	  708	  4.45061e-08
354	  1.68148	  0.656281	  1.6245e-05	  5.27936e-07	  744	  4.57519e-08
355	  1.68148	  0.718743	  1.6245e-05	  6.52747e-07	  744	  5.65682e-08
356	  1.68148	  0.781255	  1.6245e-05	  7.06706e-07	  696	  6.21229e-08
357	  1.68148	  0.843774	  1.6245e-05	  7.15885e-07	  708	  6.26989e-08
358	  1.68148	  0.90628	  1.6245e-05	  7.88793e-07	  696	  6.93388e-08
359	  1.68148	  0.968758	  1.6245e-05	  8.78897e-07	  741	  7.62319e-08
360	  1.94819	  0.030936	  1.14415e-05	  2.41308e-07	  1368	  1.85896e-08
361	  1.94819	  0.0938307	  1.14415e-05	  2.41726e-07	  924	  2.00385e-08
362	  1.94819	  0.156319	  1.14415e-05	  2.5564e-07	  972	  2.09816e-08
363	  1.94819	  0.218712	  1.14415e-05	  2.75114e-07	  972	  2.258e-08
364	  1.94819	  0.281224	  1.14415e-05	  2.50385e-07	  1200	  1.97472e-08
365	  1.94819	  0.343807	  1.14415e-05	  2.69098e-07	  1140	  2.14249e-08
366	  1.94819	  0.406302	  1.14415e-05	  2.92773e-07	  1080	  2.35474e-08
367	  1.94819	  0.468745	  1.14415e-05	  3.27059e-07	  1068	  2.63608e-08
368	  1.94819	  0.531226	  1.14415e-05	  3.07372e-07	  1164	  2.43779e-08
369	  1.94819	  0.593785	  1.14415e-05	  3.7372e-07	  1188	  2.95287e-08
370	  1.94819	  0.656281	  1.14415e-05	  3.75671e-07	  1068	  3.02789e-08
371	  1.94819	  0.718743	  1.14415e-05	  4.00366e-07	  1008	  3.26286e-08
372	  1.94819	  0.781255	  1.14415e-05	  4.41956e-07	  1164	  3.50518e-08
373	  1.94819	  0.843774	  1.14415e-05	  4.68566e-07	  1176	  3.7092e-08
374	  1.94819	  0.90628	  1.14415e-05	  4.9383e-07	  1080	  3.97183e-08
375	  1.94819	  0.968758	  1.14415e-05	  5.26173e-07	  1038	  4.26403e-08
376	  2.25604	  0.030936	  8.04204e-06	  1.80906e-07	  1896	  1.31999e-08
377	  2.25604	  0.0938307	  8.04204e-06	  1.82629e-07	  1272	  1.42521e-08
378	  2.25604	  0.156319	  8.04204e-06	  1.77177e-07	  2040	  1.27816e-08
379	  2.25604	  0.218712	  8.04204e-06	  1.89883e-07	  1740	  1.40462e-08
380	  2.25604	  0.281224	  8.04204e-06	  1.93709e-07	  1584	  1.45525e-08
381	  2.25604	  0.343807	  8.04204e-06	  1.95284e-07	  1764	  1.44138e-08
382	  2.25604	  0.406302	  8.04204e-06	  2.05668e-07	  1632	  1.53745e-08
383	  2.25604	  0.468745	  8.04204e-06	  2.1822e-07	  1860	  1.59708e-08
384	  2.25604	  0.531226	  8.04204e-06	  2.34009e-07	  1560	  1.76252e-08
385	  2.25604	  0.593785	  8.04204e-06	  2.42509e-07	  1692	  1.8021e-08
386	  2.25604	  0.656281	  8.04204e-06	  2.63393e-07	  1704	  1.95503e-08
387	  2.25604	  0.718743	  8.04204e-06	  2.75151e-07	  1824	  2.02001e-08
388	  2.25604	  0.781255	  8.04204e-06	  2.85579e-07	  1668	  2.12714e-08
389	  2.25604	  0.843774	  8.04204e-06	  3.01945e-07	  1680	  2.2464e-08
390	  2.25604	  0.90628	  8.04204e-06	  3.21018e-07	  1776	  2.36683e-08
391	  2.25604	  0.968758	  8.04204e-06	  3.3094e-07	  1656	  2.46794e-08
392	  2.61216	  0.030936	  5.63734e-06	  1.34343e-07	  2586	  9.35897e-09
393	  2.61216	  0.0938307	  5.63734e-06	  1.29507e-07	  3036	  8.82577e-09
394	  2.61216	  0.156319	  5.63734e-06	  1.38429e-07	  2124	  9.92509e-09
395	  2.61216	  0.218712	  5.63734e-06	  1.31149e-07	  2940	  8.97623e-09
396	  2.61216	  0.281224	  5.63734e-06	  1.36727e-07	  2616	  9.50957e-09
397	  2.61216	  0.343807	  5.63734e-06	  1.43882e-07	  2448	  1.01022e-08
398	  2.61216	  0.406302	  5.63734e-06	  1.50562e-07	  2916	  1.03163e-08
399	  2.61216	  0.468745	  5.63734e-06	  1.53094e-07	  2544	  1.069e-08
400	  2.61216	  0.531226	  5.63734e-06	  1.60873e-07	  2652	  1.11675e-08
401	  2.61216	  0.593785	  5.63734e-06	  1.65351e-07	  2748	  1.14218e-08
402	  2.61216	  0.656281	  5.63734e-06	  1.75622e-07	  2676	  1.21761e-08
403	  2.61216	  0.718743	  5.63734e-06	  1.7637e-07	  2472	  1.23658e-08
404	  2.61216	  0.781255	  5.63734e-06	  1.85718e-07	  2616	  1.2917e-08
405	  2.61216	  0.843774	  5.63734e-06	  1.89521e-07	  2736	  1.30993e-08
406	  2.61216	  0.90628	  5.63734e-06	  1.96392e-07	  2568	  1.36951e-08
407	  2.61216	  0.968758	  5.63734e-06	  1.98545e-07	  2745	  1.37168e-08
408	  3.02645	  0.030936	  3.93212e-06	  1.02054e-07	  3414	  6.8493e-09
409	  3.02645	  0.0938307	  3.93212e-06	  9.7276e-08	  4512	  6.31198e-09
410	  3.02645	  0.156319	  3.93212e-06	  9.68417e-08	  4632	  6.265e-09
411	  3.02645	  0.218712	  3.93212e-06	  9.27873e-08	  3972	  6.11162e-09
412	  3.02645	  0.281224	  3.93212e-06	  9.78227e-08	  4176	  6.4049e-09
413	  3.02645	  0.343807	  3.93212e-06	  1.04314e-07	  4344	  6.79837e-09
414	  3.02645	  0.406302	  3.93212e-06	  1.07351e-07	  4044	  7.05564e-09
415	  3.02645	  0.468745	  3.93212e-06	  1.0729e-07	  4092	  7.04174e-09
416	  3.02645	  0.531226	  3.93212e-06	  1.14891e-07	  4296	  7.49741e-09
417	  3.02645	  0.593785	  3.93212e-06	  1.15741e-07	  3996	  7.61797e-09
418	  3.02645	  0.656281	  3.93212e-06	  1.15586e-07	  4188	  7.56538e-09
419	  3.02645	  0.718743	  3.93212e-06	  1.24234e-07	  4212	  8.12593e-09
420	  3.02645	  0.781255	  3.93212e-06	  1.18443e-07	  4140	  7.76297e-09
421	  3.02645	  0.843774	  3.93212e-06	  1.19745e-07	  4128	  7.851e-09
422	  3.02645	  0.90628	  3.93212e-06	  1.22077e-07	  4188	  7.99023e-09
423	  3.02645	  0.968758	  3.93212e-06	  1.16094e-07	  4128	  7.61165e-09
424	  3.50419	  0.030936	  2.74025e-06	  7.05716e-08	  7002	  4.37195e-09
425	  3.50419	  0.0938307	  2.74025e-06	  7.1209e-08	  6240	  4.4619e-09
426	  3.50419	  0.156319	  2.74025e-06	  6.8566e-08	  5964	  4.31615e-09
427	  3.50419	  0.218712	  2.74025e-06	  7.11955e-08	  6180	  4.46542e-09
428	  3.50419	  0.281224	  2.74025e-06	  7.0494e-08	  6420	  4.4045e-09
429	  3.50419	  0.343807	  2.74025e-06	  7.23341e-08	  6516	  4.5128e-09
430	  3.50419	  0.406302	  2.74025e-06	  7.55585e-08	  6312	  4.72897e-09
431	  3.50419	  0.468745	  2.74025e-06	  7.65892e-08	  6276	  4.79624e-09
432	  3.50419	  0.531226	  2.74025e-06	  7.63478e-08	  6360	  4.77474e-09
433	  3.50419	  0.593785	  2.74025e-06	  7.72607e-08	  6408	  4.82819e-09
434	  3.50419	  0.656281	  2.74025e-06	  8.02117e-08	  6360	  5.01638e-09
435	  3.50419	  0.718743	  2.74025e-06	  7.74331e-08	  6336	  4.84445e-09
436	  3.50419	  0.781255	  2.74025e-06	  7.30564e-08	  6372	  4.56803e-09
437	  3.50419	  0.843774	  2.74025e-06	  7.66008e-08	  6456	  4.78339e-09
438	  3.50419	  0.90628	  2.74025e-06	  7.20121e-08	  6360	  4.50358e-09
439	  3.50419	  0.968758	  2.74025e-06	  6.80728e-08	  6327	  4.25944e-09
440	  4.05763	  0.030936	  1.90421e-06	  5.176e-08	  10392	  3.09574e-09
441	  4.05763	  0.0938307	  1.90421e-06	  5.0225e-08	  9420	  3.02873e-09
442	  4.05763	  0.156319	  1.90421e-06	  5.10806e-08	  10176	  3.0604e-09
443	  4.05763	  0.218712	  1.90421e-06	  5.04025e-08	  10260	  3.01772e-09
444	  4.05763	  0.281224	  1.90421e-06	  4.86909e-08	  9528	  2.93337e-09
445	  4.05763	  0.343807	  1.90421e-06	  4.96553e-08	  10140	  2.97588e-09
446	  4.05763	  0.406302	  1.90421e-06	  5.19902e-08	  9960	  3.12045e-09
447	  4.05763	  0.468745	  1.90421e-06	  5.13343e-08	  10068	  3.07832e-09
448	  4.05763	  0.531226	  1.90421e-06	  5.20084e-08	  9996	  3.12061e-09
449	  4.05763	  0.593785	  1.90421e-06	  4.93733e-08	  9828	  2.9667e-09
450	  4.05763	  0.656281	  1.90421e-06	  4.8162e-08	  10032	  2.88895e-09
451	  4.05763	  0.718743	  1.90421e-06	  4.76557e-08	  9924	  2.86116e-09
452	  4.05763	  0.781255	  1.90421e-06	  4.50041e-08	  10116	  2.69766e-09
453	  4.05763	  0.843774	  1.90421e-06	  4.41502e-08	  9888	  2.65151e-09
454	  4.05763	  0.90628	  1.90421e-06	  4.18221e-08	  10008	  2.50916e-09
455	  4.05763	  0.968758	  1.90421e-06	  3.73356e-08	  9978	  2.24055e-09
456	  4.69917	  0.030936	  1.3189e-06	  3.70234e-08	  13626	  2.16834e-09
457	  4.69917	  0.0938307	  1.3189e-06	  3.71537e-08	  16392	  2.14788e-09
458	  4.69917	  0.156319	  1.3189e-06	  3.61467e-08	  15708	  2.09575e-09
459	  4.69917	  0.218712	  1.3189e-06	  3.5388e-08	  15432	  2.05427e-09
460	  4.69917	  0.281224	  1.3189e-06	  3.45826e-08	  15780	  2.00443e-09
461	  4.69917	  0.343807	  1.3189e-06	  3.44774e-08	  15300	  2.0026e-09
462	  4.69917	  0.406302	  1.3189e-06	  3.3674e-08	  15588	  1.95341e-09
463	  4.69917	  0.468745	  1.3189e-06	  3.38837e-08	  15396	  1.96726e-09
464	  4.69917	  0.531226	  1.3189e-06	  3.28837e-08	  15504	  1.90828e-09
465	  4.69917	  0.593785	  1.3189e-06	  3.16801e-08	  15660	  1.83716e-09
466	  4.69917	  0.656281	  1.3189e-06	  2.9672e-08	  15192	  1.72433e-09
467	  4.69917	  0.718743	  1.3189e-06	  2.85686e-08	  15600	  1.65716e-09
468	  4.69917	  0.781255	  1.3189e-06	  2.67709e-08	  15216	  1.55557e-09
469	  4.69917	  0.843774	  1.3189e-06	  2.48829e-08	  15516	  1.4439e-09
470	  4.69917	  0.90628	  1.3189e-06	  2.28343e-08	  15540	  1.32489e-09
471	  4.69917	  0.968758	  1.3189e-06	  2.05744e-08	  15405	  1.19448e-09
472	  5.4432	  0.030936	  9.11188e-07	  2.6843e-08	  26250	  1.50783e-09
473	  5.4432	  0.0938307	  9.11188e-07	  2.6313e-08	  22392	  1.49149e-09
474	  5.4432	  0.156319	  9.11188e-07	  2.54087e-08	  24516	  1.43271e-09
475	  5.4432	  0.218712	  9.11188e-07	  2.47867e-08	  23592	  1.40071e-09
476	  5.4432	  0.281224	  9.11188e-07	  2.39958e-08	  24264	  1.35384e-09
477	  5.4432	  0.343807	  9.11188e-07	  2.33968e-08	  23928	  1.32109e-09
478	  5.4432	  0.406302	  9.11188e-07	  2.24803e-08	  24120	  1.26876e-09
479	  5.4432	  0.468745	  9.11188e-07	  2.12787e-08	  23964	  1.20139e-09
480	  5.4432	  0.531226	  9.11188e-07	  2.04804e-08	  24060	  1.15606e-09
481	  5.4432	  0.593785	  9.11188e-07	  1.91776e-08	  24108	  1.08239e-09
482	  5.4432	  0.656281	  9.11188e-07	  1.77732e-08	  24228	  1.00284e-09
483	  5.4432	  0.718743	  9.11188e-07	  1.63714e-08	  24144	  9.2393e-10
484	  5.4432	  0.781255	  9.11188e-07	  1.48505e-08	  23940	  8.38505e-10
485	  5.4432	  0.843774	  9.11188e-07	  1.32421e-08	  24192	  7.47245e-10
486	  5.4432	  0.90628	  9.11188e-07	  1.20205e-08	  23988	  6.78636e-10
487	  5.4432	  0.968758	  9.11188e-07	  1.0558e-08	  24141	  5.95852e-10
488	  6.30378	  0.030936	  6.28467e-07	  1.90525e-08	  35082	  1.05435e-09
489	  6.30378	  0.0938307	  6.28467e-07	  1.8522e-08	  39108	  1.01976e-09
490	  6.30378	  0.156319	  6.28467e-07	  1.78163e-08	  36924	  9.83535e-10
491	  6.30378	  0.218712	  6.28467e-07	  1.71751e-08	  37692	  9.47222e-10
492	  6.30378	  0.281224	  6.28467e-07	  1.60424e-08	  37092	  8.85416e-10
493	  6.30378	  0.343807	  6.28467e-07	  1.54783e-08	  37536	  8.53805e-10
494	  6.30378	  0.406302	  6.28467e-07	  1.42863e-08	  36984	  7.88603e-10
495	  6.30378	  0.468745	  6.28467e-07	  1.33976e-08	  37428	  7.39132e-10
496	  6.30378	  0.531226	  6.28467e-07	  1.21799e-08	  37392	  6.71982e-10
497	  6.30378	  0.593785	  6.28467e-07	  1.10622e-08	  37200	  6.10465e-10
498	  6.30378	  0.656281	  6.28467e-07	  9.98903e-09	  36924	  5.51435e-10
499	  6.30378	  0.718743	  6.28467e-07	  8.86264e-09	  37272	  4.89038e-10
500	  6.30378	  0.781255	  6.28467e-07	  7.75867e-09	  37284	  4.28115e-10
501	  6.30378	  0.843774	  6.28467e-07	  6.73503e-09	  37188	  3.71677e-10
502	  6.30378	  0.90628	  6.28467e-07	  5.94089e-09	  37320	  3.27797e-10
503	  6.30378	  0.968758	  6.28467e-07	  5.04324e-09	  37119	  2.78339e-10
504	  7.30029	  0.030936	  4.32392e-07	  1.3268e-08	  60258	  7.17448e-10
505	  7.30029	  0.0938307	  4.32392e-07	  1.28627e-08	  56916	  6.97052e-10
506	  7.30029	  0.156319	  4.32392e-07	  1.21893e-08	  56820	  6.60599e-10
507	  7.30029	  0.218712	  4.32392e-07	  1.15005e-08	  58716	  6.22486e-10
508	  7.30029	  0.281224	  4.32392e-07	  1.05504e-08	  57840	  5.7139e-10
509	  7.30029	  0.343807	  4.32392e-07	  9.65125e-09	  57612	  5.22772e-10
510	  7.30029	  0.406302	  4.32392e-07	  8.81241e-09	  58464	  4.77066e-10
511	  7.30029	  0.468745	  4.32392e-07	  7.88409e-09	  57948	  4.26956e-10
512	  7.30029	  0.531226	  4.32392e-07	  6.98802e-09	  57708	  3.7849e-10
513	  7.30029	  0.593785	  4.32392e-07	  6.06973e-09	  58236	  3.28638e-10
514	  7.30029	  0.656281	  4.32392e-07	  5.24408e-09	  58008	  2.83977e-10
515	  7.30029	  0.718743	  4.32392e-07	  4.49121e-09	  58200	  2.43177e-10
516	  7.30029	  0.781255	  4.32392e-07	  3.7763e-09	  58128	  2.04478e-10
517	  7.30029	  0.843774	  4.32392e-07	  3.23655e-09	  57972	  1.7527e-10
518	  7.30029	  0.90628	  4.32392e-07	  2.70809e-09	  57960	  1.46653e-10
519	  7.30029	  0.968758	  4.32392e-07	  2.29461e-09	  58122	  1.24249e-10
520	  8.455	  0.030936	  2.96967e-07	  9.11394e-09	  90198	  4.86044e-10
521	  8.455	  0.0938307	  2.96967e-07	  8.89486e-09	  89292	  4.7451e-10
522	  8.455	  0.156319	  2.96967e-07	  8.30982e-09	  90804	  4.43068e-10
523	  8.455	  0.218712	  2.96967e-07	  7.5083e-09	  89628	  4.00495e-10
524	  8.455	  0.281224	  2.96967e-07	  6.71793e-09	  89844	  3.58309e-10
525	  8.455	  0.343807	  2.96967e-07	  5.94125e-09	  90636	  3.16797e-10
526	  8.455	  0.406302	  2.96967e-07	  5.13455e-09	  89628	  2.73878e-10
527	  8.455	  0.468745	  2.96967e-07	  4.38046e-09	  89772	  2.33643e-10
528	  8.455	  0.531226	  2.96967e-07	  3.71598e-09	  90324	  1.98164e-10
529	  8.455	  0.593785	  2.96967e-07	  3.09482e-09	  89784	  1.65069e-10
530	  8.455	  0.656281	  2.96967e-07	  2.55567e-09	  90216	  1.36292e-10
531	  8.455	  0.718743	  2.96967e-07	  2.1226e-09	  89796	  1.13213e-10
532	  8.455	  0.781255	  2.96967e-07	  1.72879e-09	  90120	  9.21982e-11
533	  8.455	  0.843774	  2.96967e-07	  1.42012e-09	  90132	  7.57363e-11
534	  8.455	  0.90628	  2.96967e-07	  1.18453e-09	  89916	  6.3177e-11
535	  8.455	  0.968758	  2.96967e-07	  1.01075e-09	  89964	  5.39071e-11
536	  9.79129	  0.030936	  2.03548e-07	  6.31697e-09	  139068	  3.32788e-10
537	  9.79129	  0.0938307	  2.03548e-07	  6.03122e-09	  141180	  3.17612e-10
538	  9.79129	  0.156319	  2.03548e-07	  5.54881e-09	  139380	  2.92303e-10
539	  9.79129	  0.218712	  2.03548e-07	  4.86707e-09	  138804	  2.56417e-10
540	  9.79129	  0.281224	  2.03548e-07	  4.14315e-09	  140952	  2.18193e-10
541	  9.79129	  0.343807	  2.03548e-07	  3.46474e-09	  139668	  1.82508e-10
542	  9.79129	  0.406302	  2.03548e-07	  2.83789e-09	  139464	  1.49493e-10
543	  9.79129	  0.468745	  2.03548e-07	  2.31606e-09	  139812	  1.21997e-10
544	  9.79129	  0.531226	  2.03548e-07	  1.86289e-09	  139884	  9.81252e-11
545	  9.79129	  0.593785	  2.03548e-07	  1.4957e-09	  140184	  7.878e-11
546	  9.79129	  0.656281	  2.03548e-07	  1.19589e-09	  139404	  6.29976e-11
547	  9.79129	  0.718743	  2.03548e-07	  9.53159e-10	  139932	  5.0206e-11
548	  9.79129	  0.781255	  2.03548e-07	  7.61017e-10	  139980	  4.00849e-11
549	  9.79129	  0.843774	  2.03548e-07	  6.01634e-10	  139632	  3.16918e-11
550	  9.79129	  0.90628	  2.03548e-07	  4.93046e-10	  140088	  2.59696e-11
551	  9.79129	  0.968758	  2.03548e-07	  4.18891e-10	  139623	  2.20656e-11
