#n	   k	      mu	    PL	    Pf	     w	     err  
0	  0.10472	  1	  0.00340069	  0.000429255	  3	  0.000269293
1	  0.20944	  1	  0.00120796	  0.000162487	  3	  0.000101936
2	  0.314159	  1	  0.00056581	  0.000112882	  3	  7.08166e-05
3	  0.418879	  1	  0.000317111	  5.3429e-05	  3	  3.35187e-05
4	  0.523599	  1	  0.000200477	  2.33391e-05	  3	  1.46418e-05
5	  0.628319	  1	  0.000135839	  3.90437e-05	  3	  2.4494e-05
6	  0.733038	  1	  9.71158e-05	  8.25202e-06	  3	  5.17691e-06
7	  0.837758	  1	  7.2289e-05	  7.30991e-06	  3	  4.58588e-06
8	  0.942478	  1	  5.55114e-05	  1.04732e-05	  3	  6.57034e-06
9	  0.10472	  0	  0.00340069	  8.66928e-05	  6	  3.97268e-05
10	  0.148096	  0.707107	  0.00216258	  0.000290675	  12	  9.84443e-05
11	  0.23416	  0.894427	  0.000956871	  0.000139625	  12	  4.72876e-05
12	  0.331153	  0.948683	  0.000512389	  9.31787e-05	  12	  3.15573e-05
13	  0.431771	  0.970143	  0.000298428	  4.28128e-05	  12	  1.44996e-05
14	  0.533968	  0.980581	  0.000192286	  2.60556e-05	  12	  8.82438e-06
15	  0.636985	  0.986394	  0.000131856	  1.78851e-05	  12	  6.05723e-06
16	  0.74048	  0.989949	  9.50147e-05	  1.78778e-05	  12	  6.05475e-06
17	  0.844278	  0.992278	  7.10317e-05	  1.18523e-05	  12	  4.01408e-06
18	  0.948278	  0.993884	  5.47385e-05	  4.69253e-06	  12	  1.58924e-06
19	  0.148096	  0	  0.00216258	  9.69738e-05	  6	  4.44381e-05
20	  0.18138	  0.57735	  0.00153421	  4.32929e-05	  12	  1.46622e-05
21	  0.25651	  0.816497	  0.000842148	  7.27873e-05	  12	  2.46512e-05
22	  0.347316	  0.904534	  0.000461525	  4.93097e-05	  12	  1.67e-05
23	  0.444288	  0.942809	  0.000282116	  2.82428e-05	  12	  9.56514e-06
24	  0.54414	  0.96225	  0.000184652	  1.26977e-05	  12	  4.30039e-06
25	  0.645536	  0.973329	  0.000128147	  2.12897e-05	  12	  7.21028e-06
26	  0.747849	  0.980196	  9.29373e-05	  9.12218e-06	  12	  3.08945e-06
27	  0.850747	  0.984732	  6.98511e-05	  5.2574e-06	  12	  1.78055e-06
28	  0.954042	  0.987878	  5.39956e-05	  8.17495e-06	  12	  2.76865e-06
29	  0.20944	  0	  0.00120796	  2.56115e-05	  6	  1.17364e-05
30	  0.23416	  0.447214	  0.000956871	  4.36078e-05	  12	  1.47689e-05
31	  0.296192	  0.707107	  0.000623093	  3.643e-05	  12	  1.23379e-05
32	  0.377572	  0.83205	  0.000392702	  2.64881e-05	  12	  8.97085e-06
33	  0.468321	  0.894427	  0.000253118	  3.10142e-05	  12	  1.05037e-05
34	  0.563933	  0.928477	  0.000171157	  1.6338e-05	  12	  5.53329e-06
35	  0.662306	  0.948683	  0.000121199	  1.47244e-05	  12	  4.98677e-06
36	  0.762371	  0.961524	  8.90872e-05	  1.35869e-05	  12	  4.60155e-06
37	  0.863541	  0.970143	  6.75513e-05	  5.36118e-06	  12	  1.8157e-06
38	  0.965468	  0.976187	  5.25652e-05	  6.29729e-06	  12	  2.13273e-06
39	  0.23416	  0	  0.000956871	  2.59498e-05	  12	  8.78855e-06
40	  0.25651	  0.408248	  0.000842148	  2.77617e-05	  24	  7.05491e-06
41	  0.314159	  0.666667	  0.00056581	  3.20149e-05	  24	  8.13577e-06
42	  0.391825	  0.801784	  0.000365623	  2.15851e-05	  24	  5.48529e-06
43	  0.479886	  0.872872	  0.000240238	  2.28013e-05	  24	  5.79437e-06
44	  0.573574	  0.912871	  0.000165194	  1.66649e-05	  24	  4.23495e-06
45	  0.670534	  0.937043	  0.000118025	  9.36315e-06	  24	  2.3794e-06
46	  0.76953	  0.952579	  8.72914e-05	  8.93925e-06	  24	  2.27168e-06
47	  0.869868	  0.963087	  6.64672e-05	  7.47523e-06	  24	  1.89964e-06
48	  0.971131	  0.970495	  5.18642e-05	  4.46591e-06	  24	  1.1349e-06
49	  0.296192	  0	  0.000623093	  1.50481e-05	  6	  6.89575e-06
50	  0.314159	  0.333333	  0.00056581	  1.42608e-05	  12	  4.82976e-06
51	  0.36276	  0.57735	  0.000422434	  1.87637e-05	  12	  6.35479e-06
52	  0.431771	  0.727607	  0.000298428	  2.09004e-05	  12	  7.07845e-06
53	  0.51302	  0.816497	  0.000209203	  1.85099e-05	  12	  6.26883e-06
54	  0.601569	  0.870388	  0.000149161	  1.52727e-05	  12	  5.17247e-06
55	  0.694632	  0.904534	  0.000109288	  1.20399e-05	  12	  4.07761e-06
56	  0.790617	  0.927173	  8.22162e-05	  9.17292e-06	  12	  3.10664e-06
57	  0.888577	  0.942809	  6.33722e-05	  8.24476e-06	  12	  2.7923e-06
58	  0.987924	  0.953998	  4.9893e-05	  3.61342e-06	  12	  1.22377e-06
59	  0.314159	  0	  0.00056581	  2.48787e-05	  6	  1.14006e-05
60	  0.331153	  0.316228	  0.000512389	  2.34993e-05	  12	  7.95862e-06
61	  0.377572	  0.5547	  0.000392702	  2.21247e-05	  12	  7.49308e-06
62	  0.444288	  0.707107	  0.000282116	  1.69057e-05	  12	  5.72554e-06
63	  0.523599	  0.8	  0.000200477	  1.12208e-05	  12	  3.8002e-06
64	  0.610616	  0.857493	  0.00014445	  1.04485e-05	  12	  3.53863e-06
65	  0.702481	  0.894427	  0.000106629	  7.6296e-06	  12	  2.58396e-06
66	  0.797522	  0.919145	  8.0644e-05	  6.48968e-06	  12	  2.19789e-06
67	  0.894726	  0.936329	  6.23818e-05	  4.88099e-06	  12	  1.65307e-06
68	  0.993459	  0.948683	  4.92701e-05	  3.79523e-06	  12	  1.28535e-06
69	  0.331153	  0	  0.000512389	  2.01301e-05	  12	  6.81755e-06
70	  0.347316	  0.301511	  0.000461525	  8.89532e-06	  24	  2.26052e-06
71	  0.391825	  0.534522	  0.000365623	  1.08301e-05	  24	  2.75218e-06
72	  0.456463	  0.688247	  0.00026716	  1.97949e-05	  24	  5.03036e-06
73	  0.533968	  0.784465	  0.000192286	  1.1733e-05	  24	  2.98164e-06
74	  0.61953	  0.845154	  0.000140033	  1.1585e-05	  24	  2.94402e-06
75	  0.710244	  0.884652	  0.000104113	  8.91409e-06	  24	  2.26529e-06
76	  0.804368	  0.911322	  7.91357e-05	  7.55718e-06	  24	  1.92046e-06
77	  0.900833	  0.929981	  6.14503e-05	  5.39958e-06	  24	  1.37216e-06
78	  0.998963	  0.943456	  4.86634e-05	  7.08192e-06	  24	  1.79969e-06
79	  0.377572	  0	  0.000392702	  1.1377e-05	  12	  3.85312e-06
80	  0.391825	  0.267261	  0.000365623	  6.48547e-06	  24	  1.64811e-06
81	  0.431771	  0.485071	  0.000298428	  1.68119e-05	  24	  4.27232e-06
82	  0.491179	  0.639602	  0.000228743	  9.64301e-06	  24	  2.45052e-06
83	  0.563933	  0.742781	  0.000171157	  1.14129e-05	  24	  2.9003e-06
84	  0.645536	  0.811107	  0.000128147	  7.79118e-06	  24	  1.97993e-06
85	  0.733038	  0.857143	  9.71158e-05	  9.5224e-06	  24	  2.41987e-06
86	  0.824564	  0.889001	  7.48811e-05	  6.48525e-06	  24	  1.64806e-06
87	  0.918912	  0.911685	  5.87657e-05	  6.00937e-06	  24	  1.52713e-06
88	  0.418879	  0	  0.000317111	  1.17121e-05	  6	  5.36707e-06
89	  0.431771	  0.242536	  0.000298428	  6.4829e-06	  12	  2.1956e-06
90	  0.468321	  0.447214	  0.000253118	  1.05771e-05	  12	  3.58219e-06
91	  0.523599	  0.6	  0.000200477	  9.02285e-06	  12	  3.05581e-06
92	  0.592384	  0.707107	  0.000154211	  8.89518e-06	  12	  3.01258e-06
93	  0.670534	  0.780869	  0.000118025	  6.74051e-06	  12	  2.28284e-06
94	  0.755145	  0.83205	  9.10016e-05	  7.44403e-06	  12	  2.52111e-06
95	  0.844278	  0.868243	  7.10317e-05	  4.34557e-06	  12	  1.47174e-06
96	  0.936642	  0.894427	  5.6289e-05	  3.75684e-06	  12	  1.27235e-06
97	  0.431771	  0	  0.000298428	  6.04588e-06	  12	  2.04759e-06
98	  0.444288	  0.235702	  0.000282116	  5.33291e-06	  24	  1.35522e-06
99	  0.479886	  0.436436	  0.000240238	  9.71147e-06	  24	  2.46792e-06
100	  0.533968	  0.588348	  0.000192286	  7.92447e-06	  24	  2.0138e-06
101	  0.601569	  0.696311	  0.000149161	  7.63885e-06	  24	  1.94122e-06
102	  0.678662	  0.771517	  0.000114957	  1.02942e-05	  24	  2.61599e-06
103	  0.762371	  0.824163	  8.90872e-05	  6.26067e-06	  24	  1.59099e-06
104	  0.850747	  0.86164	  6.98511e-05	  5.6474e-06	  24	  1.43514e-06
105	  0.942478	  0.888889	  5.55114e-05	  3.82752e-06	  24	  9.72665e-07
106	  0.444288	  0	  0.000282116	  6.12488e-06	  6	  2.80671e-06
107	  0.456463	  0.229416	  0.00026716	  9.18234e-06	  12	  3.10983e-06
108	  0.491179	  0.426401	  0.000228743	  6.30375e-06	  12	  2.13492e-06
109	  0.54414	  0.57735	  0.000184652	  5.81841e-06	  12	  1.97055e-06
110	  0.610616	  0.685994	  0.00014445	  6.55639e-06	  12	  2.22049e-06
111	  0.686693	  0.762493	  0.00011206	  3.41278e-06	  12	  1.15582e-06
112	  0.76953	  0.816497	  8.72914e-05	  4.96542e-06	  12	  1.68166e-06
113	  0.857168	  0.855186	  6.86794e-05	  7.45518e-06	  12	  2.52488e-06
114	  0.948278	  0.883452	  5.47385e-05	  4.25402e-06	  12	  1.44073e-06
115	  0.468321	  0	  0.000253118	  6.36872e-06	  12	  2.15693e-06
116	  0.479886	  0.218218	  0.000240238	  7.06355e-06	  24	  1.79502e-06
117	  0.51302	  0.408248	  0.000209203	  9.08905e-06	  24	  2.30975e-06
118	  0.563933	  0.557086	  0.000171157	  8.10432e-06	  24	  2.0595e-06
119	  0.628319	  0.666667	  0.000135839	  1.1342e-05	  24	  2.88227e-06
120	  0.702481	  0.745356	  0.000106629	  9.15513e-06	  24	  2.32654e-06
121	  0.783651	  0.801784	  8.38484e-05	  4.41904e-06	  24	  1.12298e-06
122	  0.869868	  0.842701	  6.64672e-05	  6.20272e-06	  24	  1.57626e-06
123	  0.959772	  0.872872	  5.32783e-05	  5.76309e-06	  24	  1.46454e-06
124	  0.523599	  0	  0.000200477	  5.90085e-06	  18	  1.68589e-06
125	  0.533968	  0.196116	  0.000192286	  4.61415e-06	  36	  9.99733e-07
126	  0.563933	  0.371391	  0.000171157	  5.6972e-06	  36	  1.23439e-06
127	  0.610616	  0.514496	  0.00014445	  5.83205e-06	  36	  1.26361e-06
128	  0.670534	  0.624695	  0.000118025	  6.31234e-06	  36	  1.36767e-06
129	  0.74048	  0.707107	  9.50147e-05	  5.35316e-06	  36	  1.15985e-06
130	  0.817887	  0.768221	  7.62607e-05	  5.30787e-06	  36	  1.15004e-06
131	  0.900833	  0.813733	  6.14503e-05	  5.80182e-06	  36	  1.25706e-06
132	  0.987924	  0.847998	  4.9893e-05	  3.32801e-06	  36	  7.21069e-07
133	  0.533968	  0	  0.000192286	  4.36719e-06	  12	  1.47906e-06
134	  0.54414	  0.19245	  0.000184652	  5.29825e-06	  24	  1.34641e-06
135	  0.573574	  0.365148	  0.000165194	  5.07482e-06	  24	  1.28963e-06
136	  0.61953	  0.507093	  0.000140033	  5.88923e-06	  24	  1.49659e-06
137	  0.678662	  0.617213	  0.000114957	  7.20633e-06	  24	  1.8313e-06
138	  0.747849	  0.70014	  9.29373e-05	  6.64806e-06	  24	  1.68943e-06
139	  0.824564	  0.762001	  7.48811e-05	  4.81322e-06	  24	  1.22316e-06
140	  0.9069	  0.80829	  6.0533e-05	  4.05614e-06	  24	  1.03076e-06
141	  0.993459	  0.843274	  4.92701e-05	  4.82876e-06	  24	  1.2271e-06
142	  0.563933	  0	  0.000171157	  2.88421e-06	  12	  9.76809e-07
143	  0.573574	  0.182574	  0.000165194	  4.21447e-06	  24	  1.071e-06
144	  0.601569	  0.348155	  0.000149161	  3.61711e-06	  24	  9.19196e-07
145	  0.645536	  0.486664	  0.000128147	  4.95596e-06	  24	  1.25943e-06
146	  0.702481	  0.596285	  0.000106629	  2.79713e-06	  24	  7.10818e-07
147	  0.76953	  0.680414	  8.72914e-05	  5.1964e-06	  24	  1.32053e-06
148	  0.844278	  0.744208	  7.10317e-05	  4.35038e-06	  24	  1.10554e-06
149	  0.92486	  0.792594	  5.79216e-05	  3.72843e-06	  24	  9.47483e-07
150	  0.592384	  0	  0.000154211	  3.46979e-06	  6	  1.59002e-06
151	  0.601569	  0.174078	  0.000149161	  4.09206e-06	  12	  1.38588e-06
152	  0.628319	  0.333333	  0.000135839	  6.03431e-06	  12	  2.04367e-06
153	  0.670534	  0.468521	  0.000118025	  4.13544e-06	  12	  1.40057e-06
154	  0.72552	  0.57735	  9.93707e-05	  4.04021e-06	  12	  1.36832e-06
155	  0.790617	  0.662266	  8.22162e-05	  4.95217e-06	  12	  1.67718e-06
156	  0.863541	  0.727607	  6.75513e-05	  4.23025e-06	  12	  1.43268e-06
157	  0.942478	  0.777778	  5.55114e-05	  3.58639e-06	  12	  1.21462e-06
158	  0.610616	  0	  0.00014445	  4.55483e-06	  12	  1.54261e-06
159	  0.61953	  0.169031	  0.000140033	  4.22373e-06	  24	  1.07335e-06
160	  0.645536	  0.324443	  0.000128147	  4.15134e-06	  24	  1.05496e-06
161	  0.686693	  0.457496	  0.00011206	  2.48498e-06	  24	  6.31494e-07
162	  0.74048	  0.565685	  9.50147e-05	  4.38548e-06	  24	  1.11446e-06
163	  0.804368	  0.650945	  7.91357e-05	  3.71641e-06	  24	  9.44429e-07
164	  0.876148	  0.717137	  6.5391e-05	  3.97283e-06	  24	  1.00959e-06
165	  0.954042	  0.76835	  5.39956e-05	  3.63624e-06	  24	  9.24057e-07
166	  0.628319	  0	  0.000135839	  1.72816e-06	  6	  7.91927e-07
167	  0.636985	  0.164399	  0.000131856	  4.5047e-06	  12	  1.52563e-06
168	  0.662306	  0.316228	  0.000121199	  4.75761e-06	  12	  1.61128e-06
169	  0.702481	  0.447214	  0.000106629	  2.94095e-06	  12	  9.96025e-07
170	  0.755145	  0.5547	  9.10016e-05	  4.43849e-06	  12	  1.50321e-06
171	  0.817887	  0.640184	  7.62607e-05	  3.74499e-06	  12	  1.26834e-06
172	  0.888577	  0.707107	  6.33722e-05	  2.83784e-06	  12	  9.61105e-07
173	  0.965468	  0.759257	  5.25652e-05	  2.91691e-06	  12	  9.87885e-07
174	  0.636985	  0	  0.000131856	  4.42564e-06	  12	  1.49885e-06
175	  0.645536	  0.162221	  0.000128147	  3.79874e-06	  24	  9.65351e-07
176	  0.670534	  0.312348	  0.000118025	  3.9066e-06	  24	  9.92762e-07
177	  0.710244	  0.442326	  0.000104113	  4.22075e-06	  24	  1.07259e-06
178	  0.762371	  0.549442	  8.90872e-05	  3.90114e-06	  24	  9.91375e-07
179	  0.824564	  0.635001	  7.48811e-05	  4.02431e-06	  24	  1.02268e-06
180	  0.894726	  0.702247	  6.23818e-05	  3.70421e-06	  24	  9.41329e-07
181	  0.971131	  0.754829	  5.18642e-05	  3.98156e-06	  24	  1.01181e-06
182	  0.662306	  0	  0.000121199	  3.38512e-06	  12	  1.14645e-06
183	  0.670534	  0.156174	  0.000118025	  3.49617e-06	  24	  8.88462e-07
184	  0.694632	  0.301511	  0.000109288	  3.42768e-06	  24	  8.71056e-07
185	  0.733038	  0.428571	  9.71158e-05	  3.793e-06	  24	  9.63894e-07
186	  0.783651	  0.534522	  8.38484e-05	  2.84742e-06	  24	  7.23598e-07
187	  0.844278	  0.620174	  7.10317e-05	  3.69214e-06	  24	  9.38261e-07
188	  0.912926	  0.688247	  5.96217e-05	  4.17921e-06	  24	  1.06204e-06
189	  0.987924	  0.741999	  4.9893e-05	  2.59523e-06	  24	  6.59511e-07
190	  0.670534	  0	  0.000118025	  2.38099e-06	  12	  8.06383e-07
191	  0.678662	  0.154303	  0.000114957	  2.81178e-06	  24	  7.1454e-07
192	  0.702481	  0.298142	  0.000106629	  2.17095e-06	  24	  5.5169e-07
193	  0.74048	  0.424264	  9.50147e-05	  3.3439e-06	  24	  8.49766e-07
194	  0.790617	  0.529813	  8.22162e-05	  3.54919e-06	  24	  9.01935e-07
195	  0.850747	  0.615457	  6.98511e-05	  2.47998e-06	  24	  6.30223e-07
196	  0.918912	  0.683763	  5.87657e-05	  4.49301e-06	  24	  1.14178e-06
197	  0.993459	  0.737865	  4.92701e-05	  2.33557e-06	  24	  5.93526e-07
198	  0.702481	  0	  0.000106629	  2.60894e-06	  12	  8.83582e-07
199	  0.710244	  0.147442	  0.000104113	  3.7517e-06	  24	  9.53396e-07
200	  0.733038	  0.285714	  9.71158e-05	  2.31717e-06	  24	  5.8885e-07
201	  0.76953	  0.408248	  8.72914e-05	  2.51434e-06	  24	  6.38953e-07
202	  0.817887	  0.512148	  7.62607e-05	  3.5263e-06	  24	  8.96118e-07
203	  0.876148	  0.597614	  6.5391e-05	  2.52785e-06	  24	  6.42388e-07
204	  0.942478	  0.666667	  5.55114e-05	  2.91472e-06	  24	  7.407e-07
205	  0.733038	  0	  9.71158e-05	  2.91849e-06	  6	  1.33739e-06
206	  0.74048	  0.141421	  9.50147e-05	  1.82071e-06	  12	  6.16628e-07
207	  0.762371	  0.274721	  8.90872e-05	  2.36403e-06	  12	  8.00638e-07
208	  0.797522	  0.393919	  8.0644e-05	  1.30454e-06	  12	  4.41815e-07
209	  0.844278	  0.496139	  7.10317e-05	  3.00632e-06	  12	  1.01817e-06
210	  0.900833	  0.581238	  6.14503e-05	  2.88328e-06	  12	  9.76496e-07
211	  0.965468	  0.650791	  5.25652e-05	  1.65859e-06	  12	  5.61723e-07
212	  0.74048	  0	  9.50147e-05	  2.57805e-06	  18	  7.36554e-07
213	  0.747849	  0.140028	  9.29373e-05	  2.18977e-06	  36	  4.7445e-07
214	  0.76953	  0.272166	  8.72914e-05	  2.48406e-06	  36	  5.38213e-07
215	  0.804368	  0.390567	  7.91357e-05	  3.16419e-06	  36	  6.85574e-07
216	  0.850747	  0.492366	  6.98511e-05	  2.2325e-06	  36	  4.83708e-07
217	  0.9069	  0.57735	  6.0533e-05	  3.54216e-06	  36	  7.67468e-07
218	  0.971131	  0.646997	  5.18642e-05	  2.67874e-06	  36	  5.80395e-07
219	  0.755145	  0	  9.10016e-05	  2.04848e-06	  12	  6.93768e-07
220	  0.762371	  0.137361	  8.90872e-05	  2.6399e-06	  24	  6.70863e-07
221	  0.783651	  0.267261	  8.38484e-05	  2.19007e-06	  24	  5.56551e-07
222	  0.817887	  0.384111	  7.62607e-05	  3.7301e-06	  24	  9.47907e-07
223	  0.863541	  0.485071	  6.75513e-05	  1.59612e-06	  24	  4.05612e-07
224	  0.918912	  0.569803	  5.87657e-05	  2.45377e-06	  24	  6.23562e-07
225	  0.982358	  0.639602	  5.05463e-05	  2.39565e-06	  24	  6.08793e-07
226	  0.762371	  0	  8.90872e-05	  2.41412e-06	  12	  8.17602e-07
227	  0.76953	  0.136083	  8.72914e-05	  2.04103e-06	  24	  5.18675e-07
228	  0.790617	  0.264906	  8.22162e-05	  2.84019e-06	  24	  7.2176e-07
229	  0.824564	  0.381	  7.48811e-05	  1.74722e-06	  24	  4.44012e-07
230	  0.869868	  0.481543	  6.64672e-05	  3.05857e-06	  24	  7.77257e-07
231	  0.92486	  0.566139	  5.79216e-05	  2.60888e-06	  24	  6.62979e-07
232	  0.987924	  0.635999	  4.9893e-05	  1.58539e-06	  24	  4.02885e-07
233	  0.797522	  0	  8.0644e-05	  1.16491e-06	  12	  3.94527e-07
234	  0.804368	  0.130189	  7.91357e-05	  1.9803e-06	  24	  5.03242e-07
235	  0.824564	  0.254	  7.48811e-05	  1.90247e-06	  24	  4.83464e-07
236	  0.857168	  0.366508	  6.86794e-05	  3.58382e-06	  24	  9.10734e-07
237	  0.900833	  0.464991	  6.14503e-05	  2.65199e-06	  24	  6.73934e-07
238	  0.954042	  0.548821	  5.39956e-05	  1.76283e-06	  24	  4.47979e-07
239	  0.817887	  0	  7.62607e-05	  2.28087e-06	  12	  7.72474e-07
240	  0.824564	  0.127	  7.48811e-05	  1.73578e-06	  24	  4.41104e-07
241	  0.844278	  0.248069	  7.10317e-05	  1.87009e-06	  24	  4.75234e-07
242	  0.876148	  0.358569	  6.5391e-05	  1.70537e-06	  24	  4.33375e-07
243	  0.918912	  0.455842	  5.87657e-05	  2.64477e-06	  24	  6.72101e-07
244	  0.971131	  0.539164	  5.18642e-05	  2.48077e-06	  24	  6.30424e-07
245	  0.837758	  0	  7.2289e-05	  2.92504e-07	  6	  1.3404e-07
246	  0.844278	  0.124035	  7.10317e-05	  2.2972e-06	  12	  7.78004e-07
247	  0.863541	  0.242536	  6.75513e-05	  1.82985e-06	  12	  6.19726e-07
248	  0.894726	  0.351123	  6.23818e-05	  1.50725e-06	  12	  5.10468e-07
249	  0.936642	  0.447214	  5.6289e-05	  1.81193e-06	  12	  6.13656e-07
250	  0.987924	  0.529999	  4.9893e-05	  1.635e-06	  12	  5.53734e-07
251	  0.844278	  0	  7.10317e-05	  1.4121e-06	  24	  3.58849e-07
252	  0.850747	  0.123091	  6.98511e-05	  1.75713e-06	  48	  3.41476e-07
253	  0.869868	  0.240772	  6.64672e-05	  2.03614e-06	  48	  3.95699e-07
254	  0.900833	  0.348743	  6.14503e-05	  2.48666e-06	  48	  4.83251e-07
255	  0.942478	  0.444444	  5.55114e-05	  1.97103e-06	  48	  3.83045e-07
256	  0.993459	  0.527046	  4.92701e-05	  1.4267e-06	  48	  2.7726e-07
257	  0.863541	  0	  6.75513e-05	  1.92779e-06	  12	  6.52894e-07
258	  0.869868	  0.120386	  6.64672e-05	  1.83452e-06	  24	  4.66195e-07
259	  0.888577	  0.235702	  6.33722e-05	  2.18577e-06	  24	  5.55457e-07
260	  0.918912	  0.341882	  5.87657e-05	  2.17331e-06	  24	  5.52289e-07
261	  0.959772	  0.436436	  5.32783e-05	  2.26876e-06	  24	  5.76546e-07
262	  0.888577	  0	  6.33722e-05	  1.03691e-06	  6	  4.75162e-07
263	  0.894726	  0.117041	  6.23818e-05	  1.47431e-06	  12	  4.99311e-07
264	  0.912926	  0.229416	  5.96217e-05	  1.69533e-06	  12	  5.74166e-07
265	  0.942478	  0.333333	  5.55114e-05	  1.30006e-06	  12	  4.40298e-07
266	  0.982358	  0.426401	  5.05463e-05	  1.82297e-06	  12	  6.17395e-07
267	  0.894726	  0	  6.23818e-05	  1.4996e-06	  12	  5.07877e-07
268	  0.900833	  0.116248	  6.14503e-05	  1.42434e-06	  24	  3.61959e-07
269	  0.918912	  0.227921	  5.87657e-05	  1.81356e-06	  24	  4.60869e-07
270	  0.948278	  0.331295	  5.47385e-05	  3.06779e-06	  24	  7.79599e-07
271	  0.987924	  0.423999	  4.9893e-05	  2.3079e-06	  24	  5.86493e-07
272	  0.900833	  0	  6.14503e-05	  1.84457e-06	  12	  6.24709e-07
273	  0.9069	  0.11547	  6.0533e-05	  1.49691e-06	  24	  3.80401e-07
274	  0.92486	  0.226455	  5.79216e-05	  1.83983e-06	  24	  4.67545e-07
275	  0.954042	  0.329293	  5.39956e-05	  1.50343e-06	  24	  3.82057e-07
276	  0.993459	  0.421637	  4.92701e-05	  9.50318e-07	  24	  2.41499e-07
277	  0.936642	  0	  5.6289e-05	  1.37352e-06	  12	  4.65178e-07
278	  0.942478	  0.111111	  5.55114e-05	  1.31955e-06	  24	  3.35331e-07
279	  0.959772	  0.218218	  5.32783e-05	  1.91991e-06	  24	  4.87895e-07
280	  0.987924	  0.317999	  4.9893e-05	  2.10376e-06	  24	  5.34615e-07
281	  0.942478	  0	  5.55114e-05	  2.52022e-06	  6	  1.15489e-06
282	  0.948278	  0.110432	  5.47385e-05	  1.37164e-06	  12	  4.6454e-07
283	  0.965468	  0.21693	  5.25652e-05	  1.81581e-06	  12	  6.14968e-07
284	  0.993459	  0.316228	  4.92701e-05	  1.74462e-06	  12	  5.90858e-07
285	  0.948278	  0	  5.47385e-05	  1.58195e-06	  12	  5.35766e-07
286	  0.954042	  0.109764	  5.39956e-05	  1.20136e-06	  24	  3.05296e-07
287	  0.971131	  0.215666	  5.18642e-05	  1.1985e-06	  24	  3.04567e-07
288	  0.998963	  0.314485	  4.86634e-05	  1.96335e-06	  24	  4.98934e-07
289	  0.965468	  0	  5.25652e-05	  1.02043e-06	  24	  2.59316e-07
290	  0.971131	  0.107833	  5.18642e-05	  1.65621e-06	  48	  3.21863e-07
291	  0.987924	  0.212	  4.9893e-05	  1.25346e-06	  48	  2.43595e-07
292	  0.987924	  0	  4.9893e-05	  1.44765e-06	  12	  4.90284e-07
293	  0.993459	  0.105409	  4.92701e-05	  1.32387e-06	  24	  3.36426e-07
294	  0.993459	  0	  4.92701e-05	  1.44429e-06	  12	  4.89145e-07
295	  0.998963	  0.104828	  4.86634e-05	  1.73882e-06	  24	  4.41876e-07
296	  1.08818	  0.030936	  4.0048e-05	  1.20886e-06	  138	  1.63348e-07
297	  1.08818	  0.0938307	  4.0048e-05	  1.07006e-06	  252	  1.2091e-07
298	  1.08818	  0.156319	  4.0048e-05	  8.08584e-07	  72	  1.35722e-07
299	  1.08818	  0.218712	  4.0048e-05	  1.37547e-06	  216	  1.62362e-07
300	  1.08818	  0.281224	  4.0048e-05	  1.29137e-06	  288	  1.40663e-07
301	  1.08818	  0.343807	  4.0048e-05	  1.27319e-06	  120	  1.79885e-07
302	  1.08818	  0.406302	  4.0048e-05	  1.37496e-06	  180	  1.71232e-07
303	  1.08818	  0.468745	  4.0048e-05	  1.5348e-06	  180	  1.91138e-07
304	  1.08818	  0.531226	  4.0048e-05	  1.78879e-06	  192	  2.18534e-07
305	  1.08818	  0.593785	  4.0048e-05	  2.00851e-06	  192	  2.45377e-07
306	  1.08818	  0.656281	  4.0048e-05	  1.86537e-06	  168	  2.37185e-07
307	  1.08818	  0.718743	  4.0048e-05	  2.49184e-06	  228	  2.89618e-07
308	  1.08818	  0.781255	  4.0048e-05	  3.00221e-06	  144	  4.00295e-07
309	  1.08818	  0.843774	  4.0048e-05	  2.93515e-06	  240	  3.3622e-07
310	  1.08818	  0.90628	  4.0048e-05	  3.96446e-06	  168	  5.04088e-07
311	  1.08818	  0.968758	  4.0048e-05	  3.65099e-06	  150	  4.80652e-07
312	  1.25577	  0.030936	  2.88042e-05	  8.53043e-07	  198	  1.03275e-07
313	  1.25577	  0.0938307	  2.88042e-05	  7.96967e-07	  396	  7.98974e-08
314	  1.25577	  0.156319	  2.88042e-05	  8.26378e-07	  396	  8.28459e-08
315	  1.25577	  0.218712	  2.88042e-05	  8.36979e-07	  204	  1.00449e-07
316	  1.25577	  0.281224	  2.88042e-05	  9.14863e-07	  216	  1.07992e-07
317	  1.25577	  0.343807	  2.88042e-05	  1.0292e-06	  372	  1.04821e-07
318	  1.25577	  0.406302	  2.88042e-05	  9.83731e-07	  312	  1.04879e-07
319	  1.25577	  0.468745	  2.88042e-05	  1.01297e-06	  288	  1.10339e-07
320	  1.25577	  0.531226	  2.88042e-05	  1.24679e-06	  264	  1.39075e-07
321	  1.25577	  0.593785	  2.88042e-05	  1.17352e-06	  312	  1.25113e-07
322	  1.25577	  0.656281	  2.88042e-05	  1.43298e-06	  276	  1.57905e-07
323	  1.25577	  0.718743	  2.88042e-05	  1.67718e-06	  312	  1.7881e-07
324	  1.25577	  0.781255	  2.88042e-05	  1.77017e-06	  276	  1.95061e-07
325	  1.25577	  0.843774	  2.88042e-05	  2.06143e-06	  240	  2.36137e-07
326	  1.25577	  0.90628	  2.88042e-05	  2.33845e-06	  324	  2.46836e-07
327	  1.25577	  0.968758	  2.88042e-05	  2.61219e-06	  315	  2.7779e-07
328	  1.45182	  0.030936	  2.05474e-05	  6.03333e-07	  246	  6.86338e-08
329	  1.45182	  0.0938307	  2.05474e-05	  6.0673e-07	  516	  5.70463e-08
330	  1.45182	  0.156319	  2.05474e-05	  6.50146e-07	  504	  6.14671e-08
331	  1.45182	  0.218712	  2.05474e-05	  6.44368e-07	  528	  6.02609e-08
332	  1.45182	  0.281224	  2.05474e-05	  6.55754e-07	  504	  6.19973e-08
333	  1.45182	  0.343807	  2.05474e-05	  7.17584e-07	  384	  7.24983e-08
334	  1.45182	  0.406302	  2.05474e-05	  7.9958e-07	  420	  7.89945e-08
335	  1.45182	  0.468745	  2.05474e-05	  8.0195e-07	  468	  7.71676e-08
336	  1.45182	  0.531226	  2.05474e-05	  8.43564e-07	  480	  8.06814e-08
337	  1.45182	  0.593785	  2.05474e-05	  1.08398e-06	  468	  1.04306e-07
338	  1.45182	  0.656281	  2.05474e-05	  1.11404e-06	  396	  1.11685e-07
339	  1.45182	  0.718743	  2.05474e-05	  1.13415e-06	  456	  1.09819e-07
340	  1.45182	  0.781255	  2.05474e-05	  1.20417e-06	  432	  1.18144e-07
341	  1.45182	  0.843774	  2.05474e-05	  1.53442e-06	  480	  1.46757e-07
342	  1.45182	  0.90628	  2.05474e-05	  1.42495e-06	  480	  1.36287e-07
343	  1.45182	  0.968758	  2.05474e-05	  1.79298e-06	  414	  1.7777e-07
344	  1.68148	  0.030936	  1.45436e-05	  3.91724e-07	  798	  3.34531e-08
345	  1.68148	  0.0938307	  1.45436e-05	  4.57388e-07	  708	  4.00591e-08
346	  1.68148	  0.156319	  1.45436e-05	  4.69101e-07	  684	  4.13916e-08
347	  1.68148	  0.218712	  1.45436e-05	  4.81091e-07	  720	  4.19838e-08
348	  1.68148	  0.281224	  1.45436e-05	  4.70646e-07	  708	  4.12202e-08
349	  1.68148	  0.343807	  1.45436e-05	  5.23369e-07	  720	  4.56733e-08
350	  1.68148	  0.406302	  1.45436e-05	  5.60378e-07	  672	  4.9636e-08
351	  1.68148	  0.468745	  1.45436e-05	  5.84899e-07	  732	  5.08635e-08
352	  1.68148	  0.531226	  1.45436e-05	  6.52579e-07	  672	  5.78028e-08
353	  1.68148	  0.593785	  1.45436e-05	  6.9037e-07	  708	  6.04642e-08
354	  1.68148	  0.656281	  1.45436e-05	  6.89963e-07	  744	  5.97935e-08
355	  1.68148	  0.718743	  1.45436e-05	  7.75858e-07	  744	  6.72372e-08
356	  1.68148	  0.781255	  1.45436e-05	  8.94131e-07	  696	  7.85985e-08
357	  1.68148	  0.843774	  1.45436e-05	  9.54633e-07	  708	  8.3609e-08
358	  1.68148	  0.90628	  1.45436e-05	  1.06139e-06	  696	  9.33014e-08
359	  1.68148	  0.968758	  1.45436e-05	  1.17967e-06	  741	  1.0232e-07
360	  1.94819	  0.030936	  1.02432e-05	  3.21393e-07	  1368	  2.47591e-08
361	  1.94819	  0.0938307	  1.02432e-05	  3.19504e-07	  924	  2.64861e-08
362	  1.94819	  0.156319	  1.02432e-05	  3.45957e-07	  972	  2.83944e-08
363	  1.94819	  0.218712	  1.02432e-05	  3.28758e-07	  972	  2.69828e-08
364	  1.94819	  0.281224	  1.02432e-05	  3.45985e-07	  1200	  2.7287e-08
365	  1.94819	  0.343807	  1.02432e-05	  3.83709e-07	  1140	  3.055e-08
366	  1.94819	  0.406302	  1.02432e-05	  4.07333e-07	  1080	  3.27614e-08
367	  1.94819	  0.468745	  1.02432e-05	  4.00268e-07	  1068	  3.22614e-08
368	  1.94819	  0.531226	  1.02432e-05	  4.50391e-07	  1164	  3.57207e-08
369	  1.94819	  0.593785	  1.02432e-05	  4.53191e-07	  1188	  3.58079e-08
370	  1.94819	  0.656281	  1.02432e-05	  4.90962e-07	  1068	  3.95713e-08
371	  1.94819	  0.718743	  1.02432e-05	  5.76796e-07	  1008	  4.70072e-08
372	  1.94819	  0.781255	  1.02432e-05	  5.91438e-07	  1164	  4.69073e-08
373	  1.94819	  0.843774	  1.02432e-05	  6.08966e-07	  1176	  4.82061e-08
374	  1.94819	  0.90628	  1.02432e-05	  6.39814e-07	  1080	  5.14596e-08
375	  1.94819	  0.968758	  1.02432e-05	  6.90108e-07	  1038	  5.59254e-08
376	  2.25604	  0.030936	  7.19976e-06	  2.40987e-07	  1896	  1.75838e-08
377	  2.25604	  0.0938307	  7.19976e-06	  2.44334e-07	  1272	  1.90675e-08
378	  2.25604	  0.156319	  7.19976e-06	  2.43963e-07	  2040	  1.75996e-08
379	  2.25604	  0.218712	  7.19976e-06	  2.53512e-07	  1740	  1.87531e-08
380	  2.25604	  0.281224	  7.19976e-06	  2.55737e-07	  1584	  1.92125e-08
381	  2.25604	  0.343807	  7.19976e-06	  2.57268e-07	  1764	  1.89888e-08
382	  2.25604	  0.406302	  7.19976e-06	  2.96768e-07	  1632	  2.21845e-08
383	  2.25604	  0.468745	  7.19976e-06	  2.97112e-07	  1860	  2.17448e-08
384	  2.25604	  0.531226	  7.19976e-06	  3.05564e-07	  1560	  2.30146e-08
385	  2.25604	  0.593785	  7.19976e-06	  3.16669e-07	  1692	  2.35319e-08
386	  2.25604	  0.656281	  7.19976e-06	  3.43695e-07	  1704	  2.55108e-08
387	  2.25604	  0.718743	  7.19976e-06	  3.65384e-07	  1824	  2.68246e-08
388	  2.25604	  0.781255	  7.19976e-06	  3.91609e-07	  1668	  2.91691e-08
389	  2.25604	  0.843774	  7.19976e-06	  3.91608e-07	  1680	  2.91347e-08
390	  2.25604	  0.90628	  7.19976e-06	  3.98816e-07	  1776	  2.94043e-08
391	  2.25604	  0.968758	  7.19976e-06	  4.43463e-07	  1656	  3.30707e-08
392	  2.61216	  0.030936	  5.04692e-06	  1.78606e-07	  2586	  1.24425e-08
393	  2.61216	  0.0938307	  5.04692e-06	  1.74519e-07	  3036	  1.18932e-08
394	  2.61216	  0.156319	  5.04692e-06	  1.76876e-07	  2124	  1.26817e-08
395	  2.61216	  0.218712	  5.04692e-06	  1.70378e-07	  2940	  1.16611e-08
396	  2.61216	  0.281224	  5.04692e-06	  1.78518e-07	  2616	  1.24162e-08
397	  2.61216	  0.343807	  5.04692e-06	  1.89687e-07	  2448	  1.33181e-08
398	  2.61216	  0.406302	  5.04692e-06	  1.94675e-07	  2916	  1.33388e-08
399	  2.61216	  0.468745	  5.04692e-06	  1.97e-07	  2544	  1.37558e-08
400	  2.61216	  0.531226	  5.04692e-06	  2.24506e-07	  2652	  1.55848e-08
401	  2.61216	  0.593785	  5.04692e-06	  2.10052e-07	  2748	  1.45096e-08
402	  2.61216	  0.656281	  5.04692e-06	  2.36569e-07	  2676	  1.64016e-08
403	  2.61216	  0.718743	  5.04692e-06	  2.40621e-07	  2472	  1.68707e-08
404	  2.61216	  0.781255	  5.04692e-06	  2.56308e-07	  2616	  1.78266e-08
405	  2.61216	  0.843774	  5.04692e-06	  2.62311e-07	  2736	  1.81304e-08
406	  2.61216	  0.90628	  5.04692e-06	  2.65961e-07	  2568	  1.85464e-08
407	  2.61216	  0.968758	  5.04692e-06	  2.66079e-07	  2745	  1.83825e-08
408	  3.02645	  0.030936	  3.52029e-06	  1.2268e-07	  3414	  8.23361e-09
409	  3.02645	  0.0938307	  3.52029e-06	  1.23987e-07	  4512	  8.04519e-09
410	  3.02645	  0.156319	  3.52029e-06	  1.26379e-07	  4632	  8.17583e-09
411	  3.02645	  0.218712	  3.52029e-06	  1.27657e-07	  3972	  8.40838e-09
412	  3.02645	  0.281224	  3.52029e-06	  1.26897e-07	  4176	  8.30855e-09
413	  3.02645	  0.343807	  3.52029e-06	  1.36787e-07	  4344	  8.91477e-09
414	  3.02645	  0.406302	  3.52029e-06	  1.369e-07	  4044	  8.9978e-09
415	  3.02645	  0.468745	  3.52029e-06	  1.39857e-07	  4092	  9.17915e-09
416	  3.02645	  0.531226	  3.52029e-06	  1.4837e-07	  4296	  9.6822e-09
417	  3.02645	  0.593785	  3.52029e-06	  1.48123e-07	  3996	  9.74934e-09
418	  3.02645	  0.656281	  3.52029e-06	  1.5668e-07	  4188	  1.02551e-08
419	  3.02645	  0.718743	  3.52029e-06	  1.54992e-07	  4212	  1.01377e-08
420	  3.02645	  0.781255	  3.52029e-06	  1.63808e-07	  4140	  1.07363e-08
421	  3.02645	  0.843774	  3.52029e-06	  1.62696e-07	  4128	  1.06671e-08
422	  3.02645	  0.90628	  3.52029e-06	  1.63145e-07	  4188	  1.06782e-08
423	  3.02645	  0.968758	  3.52029e-06	  1.55516e-07	  4128	  1.01963e-08
424	  3.50419	  0.030936	  2.45325e-06	  8.9498e-08	  7002	  5.54445e-09
425	  3.50419	  0.0938307	  2.45325e-06	  9.05975e-08	  6240	  5.67677e-09
426	  3.50419	  0.156319	  2.45325e-06	  9.06673e-08	  5964	  5.7074e-09
427	  3.50419	  0.218712	  2.45325e-06	  9.2002e-08	  6180	  5.77041e-09
428	  3.50419	  0.281224	  2.45325e-06	  9.08429e-08	  6420	  5.67591e-09
429	  3.50419	  0.343807	  2.45325e-06	  9.20405e-08	  6516	  5.74224e-09
430	  3.50419	  0.406302	  2.45325e-06	  9.66523e-08	  6312	  6.04916e-09
431	  3.50419	  0.468745	  2.45325e-06	  9.75334e-08	  6276	  6.10783e-09
432	  3.50419	  0.531226	  2.45325e-06	  9.92672e-08	  6360	  6.20809e-09
433	  3.50419	  0.593785	  2.45325e-06	  9.88721e-08	  6408	  6.17873e-09
434	  3.50419	  0.656281	  2.45325e-06	  9.75715e-08	  6360	  6.10205e-09
435	  3.50419	  0.718743	  2.45325e-06	  9.87196e-08	  6336	  6.17619e-09
436	  3.50419	  0.781255	  2.45325e-06	  1.00821e-07	  6372	  6.30408e-09
437	  3.50419	  0.843774	  2.45325e-06	  9.82602e-08	  6456	  6.13593e-09
438	  3.50419	  0.90628	  2.45325e-06	  9.7569e-08	  6360	  6.10189e-09
439	  3.50419	  0.968758	  2.45325e-06	  8.82559e-08	  6327	  5.52234e-09
440	  4.05763	  0.030936	  1.70477e-06	  6.60267e-08	  10392	  3.94903e-09
441	  4.05763	  0.0938307	  1.70477e-06	  6.39849e-08	  9420	  3.8585e-09
442	  4.05763	  0.156319	  1.70477e-06	  6.53691e-08	  10176	  3.91647e-09
443	  4.05763	  0.218712	  1.70477e-06	  6.40375e-08	  10260	  3.83409e-09
444	  4.05763	  0.281224	  1.70477e-06	  6.42664e-08	  9528	  3.87171e-09
445	  4.05763	  0.343807	  1.70477e-06	  6.51109e-08	  10140	  3.90214e-09
446	  4.05763	  0.406302	  1.70477e-06	  6.53151e-08	  9960	  3.92021e-09
447	  4.05763	  0.468745	  1.70477e-06	  6.48119e-08	  10068	  3.88652e-09
448	  4.05763	  0.531226	  1.70477e-06	  6.45697e-08	  9996	  3.87431e-09
449	  4.05763	  0.593785	  1.70477e-06	  6.50804e-08	  9828	  3.9105e-09
450	  4.05763	  0.656281	  1.70477e-06	  6.2586e-08	  10032	  3.75416e-09
451	  4.05763	  0.718743	  1.70477e-06	  6.33794e-08	  9924	  3.80519e-09
452	  4.05763	  0.781255	  1.70477e-06	  6.01609e-08	  10116	  3.6062e-09
453	  4.05763	  0.843774	  1.70477e-06	  5.79772e-08	  9888	  3.48191e-09
454	  4.05763	  0.90628	  1.70477e-06	  5.5812e-08	  10008	  3.3485e-09
455	  4.05763	  0.968758	  1.70477e-06	  5.05767e-08	  9978	  3.03516e-09
456	  4.69917	  0.030936	  1.18077e-06	  4.66736e-08	  13626	  2.73352e-09
457	  4.69917	  0.0938307	  1.18077e-06	  4.54071e-08	  16392	  2.62501e-09
458	  4.69917	  0.156319	  1.18077e-06	  4.50074e-08	  15708	  2.60947e-09
459	  4.69917	  0.218712	  1.18077e-06	  4.41162e-08	  15432	  2.56094e-09
460	  4.69917	  0.281224	  1.18077e-06	  4.4388e-08	  15780	  2.57276e-09
461	  4.69917	  0.343807	  1.18077e-06	  4.42499e-08	  15300	  2.57024e-09
462	  4.69917	  0.406302	  1.18077e-06	  4.29351e-08	  15588	  2.49064e-09
463	  4.69917	  0.468745	  1.18077e-06	  4.16135e-08	  15396	  2.41605e-09
464	  4.69917	  0.531226	  1.18077e-06	  4.15112e-08	  15504	  2.40894e-09
465	  4.69917	  0.593785	  1.18077e-06	  4.02568e-08	  15660	  2.33453e-09
466	  4.69917	  0.656281	  1.18077e-06	  3.91714e-08	  15192	  2.27637e-09
467	  4.69917	  0.718743	  1.18077e-06	  3.76004e-08	  15600	  2.18106e-09
468	  4.69917	  0.781255	  1.18077e-06	  3.56793e-08	  15216	  2.07321e-09
469	  4.69917	  0.843774	  1.18077e-06	  3.31811e-08	  15516	  1.92543e-09
470	  4.69917	  0.90628	  1.18077e-06	  3.01321e-08	  15540	  1.74832e-09
471	  4.69917	  0.968758	  1.18077e-06	  2.76744e-08	  15405	  1.60669e-09
472	  5.4432	  0.030936	  8.15755e-07	  3.30078e-08	  26250	  1.85412e-09
473	  5.4432	  0.0938307	  8.15755e-07	  3.28758e-08	  22392	  1.86349e-09
474	  5.4432	  0.156319	  8.15755e-07	  3.0747e-08	  24516	  1.73372e-09
475	  5.4432	  0.218712	  8.15755e-07	  3.05917e-08	  23592	  1.72875e-09
476	  5.4432	  0.281224	  8.15755e-07	  3.03065e-08	  24264	  1.70989e-09
477	  5.4432	  0.343807	  8.15755e-07	  2.9597e-08	  23928	  1.67119e-09
478	  5.4432	  0.406302	  8.15755e-07	  2.80758e-08	  24120	  1.58457e-09
479	  5.4432	  0.468745	  8.15755e-07	  2.73065e-08	  23964	  1.54172e-09
480	  5.4432	  0.531226	  8.15755e-07	  2.57207e-08	  24060	  1.45185e-09
481	  5.4432	  0.593785	  8.15755e-07	  2.43087e-08	  24108	  1.372e-09
482	  5.4432	  0.656281	  8.15755e-07	  2.27106e-08	  24228	  1.28144e-09
483	  5.4432	  0.718743	  8.15755e-07	  2.14155e-08	  24144	  1.2086e-09
484	  5.4432	  0.781255	  8.15755e-07	  1.98167e-08	  23940	  1.11891e-09
485	  5.4432	  0.843774	  8.15755e-07	  1.78671e-08	  24192	  1.00823e-09
486	  5.4432	  0.90628	  8.15755e-07	  1.57082e-08	  23988	  8.86831e-10
487	  5.4432	  0.968758	  8.15755e-07	  1.39543e-08	  24141	  7.87526e-10
488	  6.30378	  0.030936	  5.62645e-07	  2.33249e-08	  35082	  1.29078e-09
489	  6.30378	  0.0938307	  5.62645e-07	  2.25696e-08	  39108	  1.24261e-09
490	  6.30378	  0.156319	  5.62645e-07	  2.12029e-08	  36924	  1.17048e-09
491	  6.30378	  0.218712	  5.62645e-07	  2.08977e-08	  37692	  1.15252e-09
492	  6.30378	  0.281224	  5.62645e-07	  1.98922e-08	  37092	  1.0979e-09
493	  6.30378	  0.343807	  5.62645e-07	  1.9038e-08	  37536	  1.05016e-09
494	  6.30378	  0.406302	  5.62645e-07	  1.79712e-08	  36984	  9.92009e-10
495	  6.30378	  0.468745	  5.62645e-07	  1.6627e-08	  37428	  9.17293e-10
496	  6.30378	  0.531226	  5.62645e-07	  1.53336e-08	  37392	  8.45977e-10
497	  6.30378	  0.593785	  5.62645e-07	  1.41266e-08	  37200	  7.79576e-10
498	  6.30378	  0.656281	  5.62645e-07	  1.26685e-08	  36924	  6.99354e-10
499	  6.30378	  0.718743	  5.62645e-07	  1.13238e-08	  37272	  6.24846e-10
500	  6.30378	  0.781255	  5.62645e-07	  1.00956e-08	  37284	  5.57065e-10
501	  6.30378	  0.843774	  5.62645e-07	  8.81886e-09	  37188	  4.86674e-10
502	  6.30378	  0.90628	  5.62645e-07	  7.62281e-09	  37320	  4.20599e-10
503	  6.30378	  0.968758	  5.62645e-07	  6.49387e-09	  37119	  3.58399e-10
504	  7.30029	  0.030936	  3.87106e-07	  1.6151e-08	  60258	  8.73343e-10
505	  7.30029	  0.0938307	  3.87106e-07	  1.52297e-08	  56916	  8.25321e-10
506	  7.30029	  0.156319	  3.87106e-07	  1.44568e-08	  56820	  7.83491e-10
507	  7.30029	  0.218712	  3.87106e-07	  1.35708e-08	  58716	  7.34545e-10
508	  7.30029	  0.281224	  3.87106e-07	  1.27325e-08	  57840	  6.89568e-10
509	  7.30029	  0.343807	  3.87106e-07	  1.17303e-08	  57612	  6.35388e-10
510	  7.30029	  0.406302	  3.87106e-07	  1.07229e-08	  58464	  5.80491e-10
511	  7.30029	  0.468745	  3.87106e-07	  9.59287e-09	  57948	  5.19493e-10
512	  7.30029	  0.531226	  3.87106e-07	  8.50238e-09	  57708	  4.60513e-10
513	  7.30029	  0.593785	  3.87106e-07	  7.51898e-09	  58236	  4.07106e-10
514	  7.30029	  0.656281	  3.87106e-07	  6.59477e-09	  58008	  3.5712e-10
515	  7.30029	  0.718743	  3.87106e-07	  5.6932e-09	  58200	  3.08259e-10
516	  7.30029	  0.781255	  3.87106e-07	  4.7796e-09	  58128	  2.58804e-10
517	  7.30029	  0.843774	  3.87106e-07	  4.07244e-09	  57972	  2.20536e-10
518	  7.30029	  0.90628	  3.87106e-07	  3.35351e-09	  57960	  1.81605e-10
519	  7.30029	  0.968758	  3.87106e-07	  2.79253e-09	  58122	  1.5121e-10
520	  8.455	  0.030936	  2.65864e-07	  1.06258e-08	  90198	  5.66671e-10
521	  8.455	  0.0938307	  2.65864e-07	  1.01129e-08	  89292	  5.39489e-10
522	  8.455	  0.156319	  2.65864e-07	  9.4069e-09	  90804	  5.01562e-10
523	  8.455	  0.218712	  2.65864e-07	  8.60918e-09	  89628	  4.59216e-10
524	  8.455	  0.281224	  2.65864e-07	  7.83794e-09	  89844	  4.18046e-10
525	  8.455	  0.343807	  2.65864e-07	  6.94035e-09	  90636	  3.70071e-10
526	  8.455	  0.406302	  2.65864e-07	  6.05987e-09	  89628	  3.23235e-10
527	  8.455	  0.468745	  2.65864e-07	  5.20161e-09	  89772	  2.77441e-10
528	  8.455	  0.531226	  2.65864e-07	  4.41289e-09	  90324	  2.35328e-10
529	  8.455	  0.593785	  2.65864e-07	  3.74348e-09	  89784	  1.99667e-10
530	  8.455	  0.656281	  2.65864e-07	  3.09486e-09	  90216	  1.65047e-10
531	  8.455	  0.718743	  2.65864e-07	  2.5816e-09	  89796	  1.37695e-10
532	  8.455	  0.781255	  2.65864e-07	  2.12206e-09	  90120	  1.13172e-10
533	  8.455	  0.843774	  2.65864e-07	  1.7317e-09	  90132	  9.2353e-11
534	  8.455	  0.90628	  2.65864e-07	  1.37884e-09	  89916	  7.35404e-11
535	  8.455	  0.968758	  2.65864e-07	  1.09275e-09	  89964	  5.82808e-11
536	  9.79129	  0.030936	  1.82229e-07	  6.92483e-09	  139068	  3.64811e-10
537	  9.79129	  0.0938307	  1.82229e-07	  6.4368e-09	  141180	  3.38971e-10
538	  9.79129	  0.156319	  1.82229e-07	  5.89205e-09	  139380	  3.10385e-10
539	  9.79129	  0.218712	  1.82229e-07	  5.22601e-09	  138804	  2.75327e-10
540	  9.79129	  0.281224	  1.82229e-07	  4.53568e-09	  140952	  2.38865e-10
541	  9.79129	  0.343807	  1.82229e-07	  3.76971e-09	  139668	  1.98572e-10
542	  9.79129	  0.406302	  1.82229e-07	  3.15479e-09	  139464	  1.66187e-10
543	  9.79129	  0.468745	  1.82229e-07	  2.57482e-09	  139812	  1.35627e-10
544	  9.79129	  0.531226	  1.82229e-07	  2.09271e-09	  139884	  1.10231e-10
545	  9.79129	  0.593785	  1.82229e-07	  1.70568e-09	  140184	  8.98396e-11
546	  9.79129	  0.656281	  1.82229e-07	  1.36535e-09	  139404	  7.19243e-11
547	  9.79129	  0.718743	  1.82229e-07	  1.08795e-09	  139932	  5.73057e-11
548	  9.79129	  0.781255	  1.82229e-07	  8.61521e-10	  139980	  4.53787e-11
549	  9.79129	  0.843774	  1.82229e-07	  6.73578e-10	  139632	  3.54815e-11
550	  9.79129	  0.90628	  1.82229e-07	  5.19139e-10	  140088	  2.7344e-11
551	  9.79129	  0.968758	  1.82229e-07	  3.91819e-10	  139623	  2.06396e-11
