#n	   k	      mu	    PL	    Pf	     w	     err  
0	  0.10472	  1	  0.00427213	  0.000265257	  3	  0.000166409
1	  0.20944	  1	  0.00151751	  7.40241e-05	  3	  4.64391e-05
2	  0.314159	  1	  0.0007108	  7.19188e-05	  3	  4.51183e-05
3	  0.418879	  1	  0.000398371	  1.41407e-05	  3	  8.87117e-06
4	  0.523599	  1	  0.000251849	  4.15045e-06	  3	  2.60379e-06
5	  0.628319	  1	  0.000170648	  1.69399e-05	  3	  1.06273e-05
6	  0.733038	  1	  0.000122002	  8.45049e-06	  3	  5.30142e-06
7	  0.837758	  1	  9.08132e-05	  7.72564e-06	  3	  4.84668e-06
8	  0.942478	  1	  6.97363e-05	  1.15751e-06	  3	  7.26167e-07
9	  0.10472	  0	  0.00427213	  4.42946e-05	  6	  2.02979e-05
10	  0.148096	  0.707107	  0.00271675	  6.30891e-05	  12	  2.13667e-05
11	  0.23416	  0.894427	  0.00120207	  7.79922e-05	  12	  2.6414e-05
12	  0.331153	  0.948683	  0.00064369	  3.0946e-05	  12	  1.04806e-05
13	  0.431771	  0.970143	  0.000374901	  1.69174e-05	  12	  5.72951e-06
14	  0.533968	  0.980581	  0.00024156	  1.14082e-05	  12	  3.86369e-06
15	  0.636985	  0.986394	  0.000165645	  6.5737e-06	  12	  2.22635e-06
16	  0.74048	  0.989949	  0.000119362	  8.82101e-06	  12	  2.98746e-06
17	  0.844278	  0.992278	  8.92337e-05	  4.02222e-06	  12	  1.36223e-06
18	  0.948278	  0.993884	  6.87654e-05	  3.83209e-06	  12	  1.29783e-06
19	  0.148096	  0	  0.00271675	  2.33013e-05	  6	  1.06778e-05
20	  0.18138	  0.57735	  0.00192736	  3.15989e-05	  12	  1.07018e-05
21	  0.25651	  0.816497	  0.00105795	  3.62935e-05	  12	  1.22917e-05
22	  0.347316	  0.904534	  0.000579791	  2.17511e-05	  12	  7.36654e-06
23	  0.444288	  0.942809	  0.000354409	  1.53231e-05	  12	  5.18956e-06
24	  0.54414	  0.96225	  0.000231969	  1.15342e-05	  12	  3.90634e-06
25	  0.645536	  0.973329	  0.000160985	  7.35902e-06	  12	  2.49232e-06
26	  0.747849	  0.980196	  0.000116753	  4.43077e-06	  12	  1.50059e-06
27	  0.850747	  0.984732	  8.77505e-05	  5.24347e-06	  12	  1.77583e-06
28	  0.954042	  0.987878	  6.78321e-05	  3.77454e-06	  12	  1.27834e-06
29	  0.20944	  0	  0.00151751	  1.44576e-05	  6	  6.62515e-06
30	  0.23416	  0.447214	  0.00120207	  2.45081e-05	  12	  8.3003e-06
31	  0.296192	  0.707107	  0.000782761	  2.98669e-05	  12	  1.01152e-05
32	  0.377572	  0.83205	  0.000493333	  1.95977e-05	  12	  6.63726e-06
33	  0.468321	  0.894427	  0.00031798	  1.56636e-05	  12	  5.30486e-06
34	  0.563933	  0.928477	  0.000215017	  6.17664e-06	  12	  2.09187e-06
35	  0.662306	  0.948683	  0.000152257	  5.80226e-06	  12	  1.96508e-06
36	  0.762371	  0.961524	  0.000111916	  6.5336e-06	  12	  2.21277e-06
37	  0.863541	  0.970143	  8.48614e-05	  1.47595e-06	  12	  4.99868e-07
38	  0.965468	  0.976187	  6.60351e-05	  2.46594e-06	  12	  8.35152e-07
39	  0.23416	  0	  0.00120207	  1.51734e-05	  12	  5.13884e-06
40	  0.25651	  0.408248	  0.00105795	  1.45306e-05	  24	  3.69257e-06
41	  0.314159	  0.666667	  0.0007108	  1.98064e-05	  24	  5.03328e-06
42	  0.391825	  0.801784	  0.000459314	  1.4752e-05	  24	  3.74885e-06
43	  0.479886	  0.872872	  0.000301799	  1.64108e-05	  24	  4.17037e-06
44	  0.573574	  0.912871	  0.000207525	  7.62254e-06	  24	  1.93707e-06
45	  0.670534	  0.937043	  0.00014827	  4.76325e-06	  24	  1.21046e-06
46	  0.76953	  0.952579	  0.00010966	  4.61135e-06	  24	  1.17185e-06
47	  0.869868	  0.963087	  8.34996e-05	  3.69311e-06	  24	  9.38508e-07
48	  0.971131	  0.970495	  6.51545e-05	  3.03012e-06	  24	  7.70027e-07
49	  0.296192	  0	  0.000782761	  8.86492e-06	  6	  4.06234e-06
50	  0.314159	  0.333333	  0.0007108	  1.11433e-05	  12	  3.77396e-06
51	  0.36276	  0.57735	  0.000530683	  9.21894e-06	  12	  3.12223e-06
52	  0.431771	  0.727607	  0.000374901	  1.22218e-05	  12	  4.13922e-06
53	  0.51302	  0.816497	  0.000262812	  1.02018e-05	  12	  3.45509e-06
54	  0.601569	  0.870388	  0.000187384	  8.08138e-06	  12	  2.73696e-06
55	  0.694632	  0.904534	  0.000137293	  8.1571e-06	  12	  2.76261e-06
56	  0.790617	  0.927173	  0.000103284	  4.5581e-06	  12	  1.54372e-06
57	  0.888577	  0.942809	  7.96115e-05	  3.50917e-06	  12	  1.18847e-06
58	  0.987924	  0.953998	  6.26782e-05	  1.60455e-06	  12	  5.43421e-07
59	  0.314159	  0	  0.0007108	  1.17772e-05	  6	  5.39689e-06
60	  0.331153	  0.316228	  0.00064369	  8.6537e-06	  12	  2.93079e-06
61	  0.377572	  0.5547	  0.000493333	  1.27512e-05	  12	  4.31852e-06
62	  0.444288	  0.707107	  0.000354409	  6.62991e-06	  12	  2.24538e-06
63	  0.523599	  0.8	  0.000251849	  9.96726e-06	  12	  3.37566e-06
64	  0.610616	  0.857493	  0.000181465	  4.32483e-06	  12	  1.46471e-06
65	  0.702481	  0.894427	  0.000133953	  5.20099e-06	  12	  1.76145e-06
66	  0.797522	  0.919145	  0.000101309	  4.26324e-06	  12	  1.44385e-06
67	  0.894726	  0.936329	  7.83672e-05	  2.39227e-06	  12	  8.10202e-07
68	  0.993459	  0.948683	  6.18957e-05	  2.60835e-06	  12	  8.83384e-07
69	  0.331153	  0	  0.00064369	  6.89877e-06	  12	  2.33644e-06
70	  0.347316	  0.301511	  0.000579791	  6.37927e-06	  24	  1.62113e-06
71	  0.391825	  0.534522	  0.000459314	  6.83869e-06	  24	  1.73788e-06
72	  0.456463	  0.688247	  0.00033562	  1.24439e-05	  24	  3.16228e-06
73	  0.533968	  0.784465	  0.00024156	  6.8416e-06	  24	  1.73862e-06
74	  0.61953	  0.845154	  0.000175917	  4.56123e-06	  24	  1.15912e-06
75	  0.710244	  0.884652	  0.000130793	  7.7534e-06	  24	  1.97033e-06
76	  0.804368	  0.911322	  9.94144e-05	  3.71636e-06	  24	  9.44417e-07
77	  0.900833	  0.929981	  7.7197e-05	  3.15384e-06	  24	  8.01467e-07
78	  0.998963	  0.943456	  6.11335e-05	  1.98807e-06	  24	  5.05217e-07
79	  0.377572	  0	  0.000493333	  5.81275e-06	  12	  1.96864e-06
80	  0.391825	  0.267261	  0.000459314	  4.41188e-06	  24	  1.12117e-06
81	  0.431771	  0.485071	  0.000374901	  7.53665e-06	  24	  1.91524e-06
82	  0.491179	  0.639602	  0.000287358	  5.5e-06	  24	  1.39768e-06
83	  0.563933	  0.742781	  0.000215017	  7.24564e-06	  24	  1.84129e-06
84	  0.645536	  0.811107	  0.000160985	  6.05203e-06	  24	  1.53797e-06
85	  0.733038	  0.857143	  0.000122002	  5.11928e-06	  24	  1.30093e-06
86	  0.824564	  0.889001	  9.40695e-05	  2.44343e-06	  24	  6.20935e-07
87	  0.918912	  0.911685	  7.38245e-05	  3.54942e-06	  24	  9.01992e-07
88	  0.418879	  0	  0.000398371	  1.36009e-06	  6	  6.23257e-07
89	  0.431771	  0.242536	  0.000374901	  3.29734e-06	  12	  1.11673e-06
90	  0.468321	  0.447214	  0.00031798	  5.96452e-06	  12	  2.02004e-06
91	  0.523599	  0.6	  0.000251849	  5.46017e-06	  12	  1.84923e-06
92	  0.592384	  0.707107	  0.000193728	  2.88737e-06	  12	  9.7788e-07
93	  0.670534	  0.780869	  0.00014827	  5.74431e-06	  12	  1.94546e-06
94	  0.755145	  0.83205	  0.000114321	  3.43153e-06	  12	  1.16217e-06
95	  0.844278	  0.868243	  8.92337e-05	  3.30471e-06	  12	  1.11922e-06
96	  0.936642	  0.894427	  7.07132e-05	  1.60505e-06	  12	  5.4359e-07
97	  0.431771	  0	  0.000374901	  3.05524e-06	  12	  1.03473e-06
98	  0.444288	  0.235702	  0.000354409	  2.08611e-06	  24	  5.30131e-07
99	  0.479886	  0.436436	  0.000301799	  6.63121e-06	  24	  1.68515e-06
100	  0.533968	  0.588348	  0.00024156	  3.56877e-06	  24	  9.06911e-07
101	  0.601569	  0.696311	  0.000187384	  3.5384e-06	  24	  8.99192e-07
102	  0.678662	  0.771517	  0.000144415	  3.10911e-06	  24	  7.901e-07
103	  0.762371	  0.824163	  0.000111916	  4.38949e-06	  24	  1.11548e-06
104	  0.850747	  0.86164	  8.77505e-05	  3.82758e-06	  24	  9.7268e-07
105	  0.942478	  0.888889	  6.97363e-05	  3.05801e-06	  24	  7.77114e-07
106	  0.444288	  0	  0.000354409	  2.85449e-06	  6	  1.30806e-06
107	  0.456463	  0.229416	  0.00033562	  5.28208e-06	  12	  1.78891e-06
108	  0.491179	  0.426401	  0.000287358	  4.42602e-06	  12	  1.49898e-06
109	  0.54414	  0.57735	  0.000231969	  1.59098e-06	  12	  5.38827e-07
110	  0.610616	  0.685994	  0.000181465	  5.45745e-06	  12	  1.8483e-06
111	  0.686693	  0.762493	  0.000140776	  3.56221e-06	  12	  1.20643e-06
112	  0.76953	  0.816497	  0.00010966	  3.38069e-06	  12	  1.14495e-06
113	  0.857168	  0.855186	  8.62786e-05	  2.00597e-06	  12	  6.79372e-07
114	  0.948278	  0.883452	  6.87654e-05	  1.49778e-06	  12	  5.07262e-07
115	  0.468321	  0	  0.00031798	  3.62989e-06	  12	  1.22935e-06
116	  0.479886	  0.218218	  0.000301799	  5.0951e-06	  24	  1.29479e-06
117	  0.51302	  0.408248	  0.000262812	  5.09912e-06	  24	  1.29581e-06
118	  0.563933	  0.557086	  0.000215017	  4.95147e-06	  24	  1.25829e-06
119	  0.628319	  0.666667	  0.000170648	  3.83958e-06	  24	  9.7573e-07
120	  0.702481	  0.745356	  0.000133953	  4.10769e-06	  24	  1.04386e-06
121	  0.783651	  0.801784	  0.000105335	  3.56025e-06	  24	  9.04745e-07
122	  0.869868	  0.842701	  8.34996e-05	  2.39105e-06	  24	  6.07622e-07
123	  0.959772	  0.872872	  6.69309e-05	  2.19868e-06	  24	  5.58738e-07
124	  0.523599	  0	  0.000251849	  2.53328e-06	  18	  7.23763e-07
125	  0.533968	  0.196116	  0.00024156	  2.34e-06	  36	  5.07e-07
126	  0.563933	  0.371391	  0.000215017	  2.33125e-06	  36	  5.05105e-07
127	  0.610616	  0.514496	  0.000181465	  2.84181e-06	  36	  6.15725e-07
128	  0.670534	  0.624695	  0.00014827	  2.91632e-06	  36	  6.3187e-07
129	  0.74048	  0.707107	  0.000119362	  3.22364e-06	  36	  6.98455e-07
130	  0.817887	  0.768221	  9.58027e-05	  2.70738e-06	  36	  5.86599e-07
131	  0.900833	  0.813733	  7.7197e-05	  2.22733e-06	  36	  4.82588e-07
132	  0.987924	  0.847998	  6.26782e-05	  2.01515e-06	  36	  4.36615e-07
133	  0.533968	  0	  0.00024156	  2.25349e-06	  12	  7.63202e-07
134	  0.54414	  0.19245	  0.000231969	  3.5206e-06	  24	  8.94669e-07
135	  0.573574	  0.365148	  0.000207525	  2.27639e-06	  24	  5.78487e-07
136	  0.61953	  0.507093	  0.000175917	  3.13091e-06	  24	  7.95641e-07
137	  0.678662	  0.617213	  0.000144415	  3.0787e-06	  24	  7.82371e-07
138	  0.747849	  0.70014	  0.000116753	  2.76615e-06	  24	  7.02945e-07
139	  0.824564	  0.762001	  9.40695e-05	  1.15995e-06	  24	  2.94772e-07
140	  0.9069	  0.80829	  7.60446e-05	  2.64886e-06	  24	  6.7314e-07
141	  0.993459	  0.843274	  6.18957e-05	  2.0228e-06	  24	  5.14043e-07
142	  0.563933	  0	  0.000215017	  9.33396e-07	  12	  3.16118e-07
143	  0.573574	  0.182574	  0.000207525	  1.90098e-06	  24	  4.83084e-07
144	  0.601569	  0.348155	  0.000187384	  2.65129e-06	  24	  6.73756e-07
145	  0.645536	  0.486664	  0.000160985	  3.07132e-06	  24	  7.80497e-07
146	  0.702481	  0.596285	  0.000133953	  3.23963e-06	  24	  8.23269e-07
147	  0.76953	  0.680414	  0.00010966	  1.81894e-06	  24	  4.62237e-07
148	  0.844278	  0.744208	  8.92337e-05	  2.83995e-06	  24	  7.217e-07
149	  0.92486	  0.792594	  7.27641e-05	  2.18428e-06	  24	  5.55079e-07
150	  0.592384	  0	  0.000193728	  7.19631e-07	  6	  3.2977e-07
151	  0.601569	  0.174078	  0.000187384	  1.45725e-06	  12	  4.93535e-07
152	  0.628319	  0.333333	  0.000170648	  2.03742e-06	  12	  6.90025e-07
153	  0.670534	  0.468521	  0.00014827	  1.79299e-06	  12	  6.07242e-07
154	  0.72552	  0.57735	  0.000124835	  3.49102e-06	  12	  1.18232e-06
155	  0.790617	  0.662266	  0.000103284	  2.47244e-06	  12	  8.37355e-07
156	  0.863541	  0.727607	  8.48614e-05	  2.15668e-06	  12	  7.30414e-07
157	  0.942478	  0.777778	  6.97363e-05	  1.60147e-06	  12	  5.42378e-07
158	  0.610616	  0	  0.000181465	  1.43128e-06	  12	  4.84738e-07
159	  0.61953	  0.169031	  0.000175917	  1.86165e-06	  24	  4.7309e-07
160	  0.645536	  0.324443	  0.000160985	  2.15773e-06	  24	  5.4833e-07
161	  0.686693	  0.457496	  0.000140776	  2.38858e-06	  24	  6.06995e-07
162	  0.74048	  0.565685	  0.000119362	  1.98774e-06	  24	  5.05134e-07
163	  0.804368	  0.650945	  9.94144e-05	  2.70931e-06	  24	  6.885e-07
164	  0.876148	  0.717137	  8.21476e-05	  2.23479e-06	  24	  5.67913e-07
165	  0.954042	  0.76835	  6.78321e-05	  1.80103e-06	  24	  4.57684e-07
166	  0.628319	  0	  0.000170648	  5.24968e-06	  6	  2.40566e-06
167	  0.636985	  0.164399	  0.000165645	  2.48655e-06	  12	  8.42134e-07
168	  0.662306	  0.316228	  0.000152257	  1.59647e-06	  12	  5.40683e-07
169	  0.702481	  0.447214	  0.000133953	  9.05064e-07	  12	  3.06523e-07
170	  0.755145	  0.5547	  0.000114321	  1.17521e-06	  12	  3.98013e-07
171	  0.817887	  0.640184	  9.58027e-05	  1.62417e-06	  12	  5.50065e-07
172	  0.888577	  0.707107	  7.96115e-05	  1.8733e-06	  12	  6.34439e-07
173	  0.965468	  0.759257	  6.60351e-05	  2.0644e-06	  12	  6.99162e-07
174	  0.636985	  0	  0.000165645	  2.40214e-06	  12	  8.13545e-07
175	  0.645536	  0.162221	  0.000160985	  1.33811e-06	  24	  3.40046e-07
176	  0.670534	  0.312348	  0.00014827	  1.53183e-06	  24	  3.89276e-07
177	  0.710244	  0.442326	  0.000130793	  2.10883e-06	  24	  5.35904e-07
178	  0.762371	  0.549442	  0.000111916	  2.51411e-06	  24	  6.38895e-07
179	  0.824564	  0.635001	  9.40695e-05	  1.27344e-06	  24	  3.23611e-07
180	  0.894726	  0.702247	  7.83672e-05	  1.30025e-06	  24	  3.30425e-07
181	  0.971131	  0.754829	  6.51545e-05	  1.52392e-06	  24	  3.87266e-07
182	  0.662306	  0	  0.000152257	  1.50971e-06	  12	  5.11301e-07
183	  0.670534	  0.156174	  0.00014827	  1.38151e-06	  24	  3.51075e-07
184	  0.694632	  0.301511	  0.000137293	  1.63446e-06	  24	  4.15355e-07
185	  0.733038	  0.428571	  0.000122002	  1.89807e-06	  24	  4.82346e-07
186	  0.783651	  0.534522	  0.000105335	  1.7241e-06	  24	  4.38134e-07
187	  0.844278	  0.620174	  8.92337e-05	  1.67007e-06	  24	  4.24406e-07
188	  0.912926	  0.688247	  7.48999e-05	  1.13285e-06	  24	  2.87883e-07
189	  0.987924	  0.741999	  6.26782e-05	  1.30209e-06	  24	  3.30892e-07
190	  0.670534	  0	  0.00014827	  1.86049e-06	  12	  6.30102e-07
191	  0.678662	  0.154303	  0.000144415	  1.20786e-06	  24	  3.06946e-07
192	  0.702481	  0.298142	  0.000133953	  1.94291e-06	  24	  4.93741e-07
193	  0.74048	  0.424264	  0.000119362	  1.48659e-06	  24	  3.7778e-07
194	  0.790617	  0.529813	  0.000103284	  1.63386e-06	  24	  4.15204e-07
195	  0.850747	  0.615457	  8.77505e-05	  1.18639e-06	  24	  3.01489e-07
196	  0.918912	  0.683763	  7.38245e-05	  1.67865e-06	  24	  4.26585e-07
197	  0.993459	  0.737865	  6.18957e-05	  1.50635e-06	  24	  3.82801e-07
198	  0.702481	  0	  0.000133953	  7.19461e-07	  12	  2.43664e-07
199	  0.710244	  0.147442	  0.000130793	  1.51278e-06	  24	  3.84435e-07
200	  0.733038	  0.285714	  0.000122002	  1.97503e-06	  24	  5.01902e-07
201	  0.76953	  0.408248	  0.00010966	  1.64547e-06	  24	  4.18154e-07
202	  0.817887	  0.512148	  9.58027e-05	  2.32605e-06	  24	  5.91104e-07
203	  0.876148	  0.597614	  8.21476e-05	  1.90927e-06	  24	  4.85193e-07
204	  0.942478	  0.666667	  6.97363e-05	  1.53936e-06	  24	  3.91189e-07
205	  0.733038	  0	  0.000122002	  1.22985e-06	  6	  5.63577e-07
206	  0.74048	  0.141421	  0.000119362	  1.22084e-06	  12	  4.13468e-07
207	  0.762371	  0.274721	  0.000111916	  9.78746e-07	  12	  3.31477e-07
208	  0.797522	  0.393919	  0.000101309	  1.35517e-06	  12	  4.58962e-07
209	  0.844278	  0.496139	  8.92337e-05	  1.64996e-06	  12	  5.58801e-07
210	  0.900833	  0.581238	  7.7197e-05	  1.78724e-06	  12	  6.05292e-07
211	  0.965468	  0.650791	  6.60351e-05	  1.44426e-06	  12	  4.89134e-07
212	  0.74048	  0	  0.000119362	  1.32502e-06	  18	  3.78561e-07
213	  0.747849	  0.140028	  0.000116753	  1.59852e-06	  36	  3.46346e-07
214	  0.76953	  0.272166	  0.00010966	  1.26037e-06	  36	  2.73081e-07
215	  0.804368	  0.390567	  9.94144e-05	  1.81828e-06	  36	  3.93961e-07
216	  0.850747	  0.492366	  8.77505e-05	  1.21573e-06	  36	  2.63407e-07
217	  0.9069	  0.57735	  7.60446e-05	  1.19347e-06	  36	  2.58585e-07
218	  0.971131	  0.646997	  6.51545e-05	  1.89167e-06	  36	  4.09862e-07
219	  0.755145	  0	  0.000114321	  8.57366e-07	  12	  2.90369e-07
220	  0.762371	  0.137361	  0.000111916	  1.58385e-06	  24	  4.02495e-07
221	  0.783651	  0.267261	  0.000105335	  1.38918e-06	  24	  3.53025e-07
222	  0.817887	  0.384111	  9.58027e-05	  1.49514e-06	  24	  3.7995e-07
223	  0.863541	  0.485071	  8.48614e-05	  8.20487e-07	  24	  2.08505e-07
224	  0.918912	  0.569803	  7.38245e-05	  1.40217e-06	  24	  3.56325e-07
225	  0.982358	  0.639602	  6.34989e-05	  1.02544e-06	  24	  2.60588e-07
226	  0.762371	  0	  0.000111916	  6.83532e-07	  12	  2.31495e-07
227	  0.76953	  0.136083	  0.00010966	  1.49669e-06	  24	  3.80346e-07
228	  0.790617	  0.264906	  0.000103284	  1.05838e-06	  24	  2.6896e-07
229	  0.824564	  0.381	  9.40695e-05	  1.12722e-06	  24	  2.86454e-07
230	  0.869868	  0.481543	  8.34996e-05	  8.09952e-07	  24	  2.05828e-07
231	  0.92486	  0.566139	  7.27641e-05	  1.49028e-06	  24	  3.78717e-07
232	  0.987924	  0.635999	  6.26782e-05	  1.06883e-06	  24	  2.71616e-07
233	  0.797522	  0	  0.000101309	  1.18479e-06	  12	  4.0126e-07
234	  0.804368	  0.130189	  9.94144e-05	  1.50594e-06	  24	  3.82695e-07
235	  0.824564	  0.254	  9.40695e-05	  9.93964e-07	  24	  2.5259e-07
236	  0.857168	  0.366508	  8.62786e-05	  1.12436e-06	  24	  2.85727e-07
237	  0.900833	  0.464991	  7.7197e-05	  1.10168e-06	  24	  2.79964e-07
238	  0.954042	  0.548821	  6.78321e-05	  1.27543e-06	  24	  3.24116e-07
239	  0.817887	  0	  9.58027e-05	  8.69404e-07	  12	  2.94446e-07
240	  0.824564	  0.127	  9.40695e-05	  8.10758e-07	  24	  2.06033e-07
241	  0.844278	  0.248069	  8.92337e-05	  1.02602e-06	  24	  2.60737e-07
242	  0.876148	  0.358569	  8.21476e-05	  1.2324e-06	  24	  3.13183e-07
243	  0.918912	  0.455842	  7.38245e-05	  1.19107e-06	  24	  3.0268e-07
244	  0.971131	  0.539164	  6.51545e-05	  1.37992e-06	  24	  3.50672e-07
245	  0.837758	  0	  9.08132e-05	  1.10035e-06	  6	  5.04236e-07
246	  0.844278	  0.124035	  8.92337e-05	  1.46764e-06	  12	  4.97054e-07
247	  0.863541	  0.242536	  8.48614e-05	  4.41869e-07	  12	  1.4965e-07
248	  0.894726	  0.351123	  7.83672e-05	  9.03921e-07	  12	  3.06136e-07
249	  0.936642	  0.447214	  7.07132e-05	  9.73952e-07	  12	  3.29853e-07
250	  0.987924	  0.529999	  6.26782e-05	  1.55652e-06	  12	  5.27155e-07
251	  0.844278	  0	  8.92337e-05	  1.29742e-06	  24	  3.29705e-07
252	  0.850747	  0.123091	  8.77505e-05	  1.15163e-06	  48	  2.23804e-07
253	  0.869868	  0.240772	  8.34996e-05	  9.18158e-07	  48	  1.78433e-07
254	  0.900833	  0.348743	  7.7197e-05	  1.09991e-06	  48	  2.13753e-07
255	  0.942478	  0.444444	  6.97363e-05	  1.02798e-06	  48	  1.99775e-07
256	  0.993459	  0.527046	  6.18957e-05	  1.13739e-06	  48	  2.21037e-07
257	  0.863541	  0	  8.48614e-05	  5.64078e-07	  12	  1.91039e-07
258	  0.869868	  0.120386	  8.34996e-05	  1.00704e-06	  24	  2.55913e-07
259	  0.888577	  0.235702	  7.96115e-05	  9.37866e-07	  24	  2.38334e-07
260	  0.918912	  0.341882	  7.38245e-05	  9.9902e-07	  24	  2.53875e-07
261	  0.959772	  0.436436	  6.69309e-05	  9.99946e-07	  24	  2.5411e-07
262	  0.888577	  0	  7.96115e-05	  8.29213e-07	  6	  3.79986e-07
263	  0.894726	  0.117041	  7.83672e-05	  6.56968e-07	  12	  2.22499e-07
264	  0.912926	  0.229416	  7.48999e-05	  9.65324e-07	  12	  3.26931e-07
265	  0.942478	  0.333333	  6.97363e-05	  1.07876e-06	  12	  3.6535e-07
266	  0.982358	  0.426401	  6.34989e-05	  9.5514e-07	  12	  3.23482e-07
267	  0.894726	  0	  7.83672e-05	  6.28573e-07	  12	  2.12882e-07
268	  0.900833	  0.116248	  7.7197e-05	  7.82227e-07	  24	  1.98783e-07
269	  0.918912	  0.227921	  7.38245e-05	  1.02249e-06	  24	  2.59841e-07
270	  0.948278	  0.331295	  6.87654e-05	  1.02607e-06	  24	  2.6075e-07
271	  0.987924	  0.423999	  6.26782e-05	  9.14279e-07	  24	  2.3234e-07
272	  0.900833	  0	  7.7197e-05	  1.22855e-06	  12	  4.1608e-07
273	  0.9069	  0.11547	  7.60446e-05	  8.28221e-07	  24	  2.10471e-07
274	  0.92486	  0.226455	  7.27641e-05	  7.12814e-07	  24	  1.81143e-07
275	  0.954042	  0.329293	  6.78321e-05	  9.8032e-07	  24	  2.49123e-07
276	  0.993459	  0.421637	  6.18957e-05	  8.92649e-07	  24	  2.26844e-07
277	  0.936642	  0	  7.07132e-05	  6.35822e-07	  12	  2.15337e-07
278	  0.942478	  0.111111	  6.97363e-05	  8.81679e-07	  24	  2.24056e-07
279	  0.959772	  0.218218	  6.69309e-05	  7.92009e-07	  24	  2.01269e-07
280	  0.987924	  0.317999	  6.26782e-05	  7.5099e-07	  24	  1.90845e-07
281	  0.942478	  0	  6.97363e-05	  1.36885e-06	  6	  6.27271e-07
282	  0.948278	  0.110432	  6.87654e-05	  1.00902e-06	  12	  3.41728e-07
283	  0.965468	  0.21693	  6.60351e-05	  8.87954e-07	  12	  3.00728e-07
284	  0.993459	  0.316228	  6.18957e-05	  9.45906e-07	  12	  3.20355e-07
285	  0.948278	  0	  6.87654e-05	  9.03023e-07	  12	  3.05832e-07
286	  0.954042	  0.109764	  6.78321e-05	  7.15277e-07	  24	  1.81769e-07
287	  0.971131	  0.215666	  6.51545e-05	  6.41912e-07	  24	  1.63125e-07
288	  0.998963	  0.314485	  6.11335e-05	  7.25989e-07	  24	  1.84491e-07
289	  0.965468	  0	  6.60351e-05	  7.43256e-07	  24	  1.88879e-07
290	  0.971131	  0.107833	  6.51545e-05	  7.93709e-07	  48	  1.54247e-07
291	  0.987924	  0.212	  6.26782e-05	  8.51657e-07	  48	  1.65509e-07
292	  0.987924	  0	  6.26782e-05	  7.46091e-07	  12	  2.52682e-07
293	  0.993459	  0.105409	  6.18957e-05	  7.6098e-07	  24	  1.93383e-07
294	  0.993459	  0	  6.18957e-05	  6.61048e-07	  12	  2.2388e-07
295	  0.998963	  0.104828	  6.11335e-05	  6.69544e-07	  24	  1.70147e-07
296	  1.08818	  0.030936	  5.03103e-05	  6.2682e-07	  138	  8.46995e-08
297	  1.08818	  0.0938307	  5.03103e-05	  5.75792e-07	  252	  6.50611e-08
298	  1.08818	  0.156319	  5.03103e-05	  5.21635e-07	  72	  8.7557e-08
299	  1.08818	  0.218712	  5.03103e-05	  5.83592e-07	  216	  6.8888e-08
300	  1.08818	  0.281224	  5.03103e-05	  6.86187e-07	  288	  7.47433e-08
301	  1.08818	  0.343807	  5.03103e-05	  6.54641e-07	  120	  9.24923e-08
302	  1.08818	  0.406302	  5.03103e-05	  9.19919e-07	  180	  1.14563e-07
303	  1.08818	  0.468745	  5.03103e-05	  8.38688e-07	  180	  1.04447e-07
304	  1.08818	  0.531226	  5.03103e-05	  9.89871e-07	  192	  1.20931e-07
305	  1.08818	  0.593785	  5.03103e-05	  1.21907e-06	  192	  1.48933e-07
306	  1.08818	  0.656281	  5.03103e-05	  9.82572e-07	  168	  1.24936e-07
307	  1.08818	  0.718743	  5.03103e-05	  1.30403e-06	  228	  1.51563e-07
308	  1.08818	  0.781255	  5.03103e-05	  1.81179e-06	  144	  2.41572e-07
309	  1.08818	  0.843774	  5.03103e-05	  1.55953e-06	  240	  1.78643e-07
310	  1.08818	  0.90628	  5.03103e-05	  1.8828e-06	  168	  2.39401e-07
311	  1.08818	  0.968758	  5.03103e-05	  1.95649e-06	  150	  2.57571e-07
312	  1.25577	  0.030936	  3.61853e-05	  4.8148e-07	  198	  5.82913e-08
313	  1.25577	  0.0938307	  3.61853e-05	  4.91625e-07	  396	  4.92863e-08
314	  1.25577	  0.156319	  3.61853e-05	  4.75795e-07	  396	  4.76994e-08
315	  1.25577	  0.218712	  3.61853e-05	  4.45655e-07	  204	  5.34849e-08
316	  1.25577	  0.281224	  3.61853e-05	  5.32298e-07	  216	  6.28332e-08
317	  1.25577	  0.343807	  3.61853e-05	  5.26502e-07	  372	  5.36229e-08
318	  1.25577	  0.406302	  3.61853e-05	  6.06969e-07	  312	  6.47113e-08
319	  1.25577	  0.468745	  3.61853e-05	  5.91263e-07	  288	  6.44037e-08
320	  1.25577	  0.531226	  3.61853e-05	  7.82534e-07	  264	  8.72884e-08
321	  1.25577	  0.593785	  3.61853e-05	  7.48091e-07	  312	  7.97568e-08
322	  1.25577	  0.656281	  3.61853e-05	  7.78861e-07	  276	  8.5825e-08
323	  1.25577	  0.718743	  3.61853e-05	  8.96211e-07	  312	  9.55485e-08
324	  1.25577	  0.781255	  3.61853e-05	  1.05591e-06	  276	  1.16353e-07
325	  1.25577	  0.843774	  3.61853e-05	  1.04105e-06	  240	  1.19252e-07
326	  1.25577	  0.90628	  3.61853e-05	  1.16098e-06	  324	  1.22548e-07
327	  1.25577	  0.968758	  3.61853e-05	  1.34791e-06	  315	  1.43341e-07
328	  1.45182	  0.030936	  2.58127e-05	  3.43678e-07	  246	  3.9096e-08
329	  1.45182	  0.0938307	  2.58127e-05	  3.13943e-07	  516	  2.95177e-08
330	  1.45182	  0.156319	  2.58127e-05	  3.46798e-07	  504	  3.27875e-08
331	  1.45182	  0.218712	  2.58127e-05	  3.193e-07	  528	  2.98607e-08
332	  1.45182	  0.281224	  2.58127e-05	  3.49786e-07	  504	  3.307e-08
333	  1.45182	  0.343807	  2.58127e-05	  3.88236e-07	  384	  3.92238e-08
334	  1.45182	  0.406302	  2.58127e-05	  4.77029e-07	  420	  4.7128e-08
335	  1.45182	  0.468745	  2.58127e-05	  4.24236e-07	  468	  4.08221e-08
336	  1.45182	  0.531226	  2.58127e-05	  4.73136e-07	  480	  4.52524e-08
337	  1.45182	  0.593785	  2.58127e-05	  4.89413e-07	  468	  4.70937e-08
338	  1.45182	  0.656281	  2.58127e-05	  5.17607e-07	  396	  5.18911e-08
339	  1.45182	  0.718743	  2.58127e-05	  5.83106e-07	  456	  5.64618e-08
340	  1.45182	  0.781255	  2.58127e-05	  6.96894e-07	  432	  6.8374e-08
341	  1.45182	  0.843774	  2.58127e-05	  6.96149e-07	  480	  6.65822e-08
342	  1.45182	  0.90628	  2.58127e-05	  7.91236e-07	  480	  7.56766e-08
343	  1.45182	  0.968758	  2.58127e-05	  9.24751e-07	  414	  9.16865e-08
344	  1.68148	  0.030936	  1.82704e-05	  2.33498e-07	  798	  1.99406e-08
345	  1.68148	  0.0938307	  1.82704e-05	  2.57216e-07	  708	  2.25275e-08
346	  1.68148	  0.156319	  1.82704e-05	  2.45625e-07	  684	  2.1673e-08
347	  1.68148	  0.218712	  1.82704e-05	  2.64083e-07	  720	  2.30459e-08
348	  1.68148	  0.281224	  1.82704e-05	  2.68766e-07	  708	  2.35392e-08
349	  1.68148	  0.343807	  1.82704e-05	  2.85133e-07	  720	  2.48829e-08
350	  1.68148	  0.406302	  1.82704e-05	  3.00767e-07	  672	  2.66407e-08
351	  1.68148	  0.468745	  1.82704e-05	  3.47271e-07	  732	  3.0199e-08
352	  1.68148	  0.531226	  1.82704e-05	  3.55412e-07	  672	  3.1481e-08
353	  1.68148	  0.593785	  1.82704e-05	  3.63805e-07	  708	  3.18629e-08
354	  1.68148	  0.656281	  1.82704e-05	  3.70958e-07	  744	  3.21479e-08
355	  1.68148	  0.718743	  1.82704e-05	  4.54116e-07	  744	  3.93545e-08
356	  1.68148	  0.781255	  1.82704e-05	  4.96155e-07	  696	  4.36145e-08
357	  1.68148	  0.843774	  1.82704e-05	  4.87207e-07	  708	  4.26707e-08
358	  1.68148	  0.90628	  1.82704e-05	  5.18032e-07	  696	  4.55375e-08
359	  1.68148	  0.968758	  1.82704e-05	  6.12821e-07	  741	  5.31536e-08
360	  1.94819	  0.030936	  1.2868e-05	  1.71879e-07	  1368	  1.3241e-08
361	  1.94819	  0.0938307	  1.2868e-05	  1.75329e-07	  924	  1.45344e-08
362	  1.94819	  0.156319	  1.2868e-05	  1.82001e-07	  972	  1.49377e-08
363	  1.94819	  0.218712	  1.2868e-05	  1.99376e-07	  972	  1.63638e-08
364	  1.94819	  0.281224	  1.2868e-05	  1.82098e-07	  1200	  1.43616e-08
365	  1.94819	  0.343807	  1.2868e-05	  1.96652e-07	  1140	  1.56569e-08
366	  1.94819	  0.406302	  1.2868e-05	  2.10967e-07	  1080	  1.69679e-08
367	  1.94819	  0.468745	  1.2868e-05	  2.32472e-07	  1068	  1.87371e-08
368	  1.94819	  0.531226	  1.2868e-05	  2.18788e-07	  1164	  1.73522e-08
369	  1.94819	  0.593785	  1.2868e-05	  2.63996e-07	  1188	  2.08591e-08
370	  1.94819	  0.656281	  1.2868e-05	  2.63538e-07	  1068	  2.1241e-08
371	  1.94819	  0.718743	  1.2868e-05	  2.84937e-07	  1008	  2.32215e-08
372	  1.94819	  0.781255	  1.2868e-05	  3.05957e-07	  1164	  2.42656e-08
373	  1.94819	  0.843774	  1.2868e-05	  3.14392e-07	  1176	  2.48875e-08
374	  1.94819	  0.90628	  1.2868e-05	  3.31777e-07	  1080	  2.66845e-08
375	  1.94819	  0.968758	  1.2868e-05	  3.54675e-07	  1038	  2.87423e-08
376	  2.25604	  0.030936	  9.04471e-06	  1.31546e-07	  1896	  9.59833e-09
377	  2.25604	  0.0938307	  9.04471e-06	  1.33079e-07	  1272	  1.03853e-08
378	  2.25604	  0.156319	  9.04471e-06	  1.28358e-07	  2040	  9.2598e-09
379	  2.25604	  0.218712	  9.04471e-06	  1.39341e-07	  1740	  1.03075e-08
380	  2.25604	  0.281224	  9.04471e-06	  1.41727e-07	  1584	  1.06474e-08
381	  2.25604	  0.343807	  9.04471e-06	  1.4291e-07	  1764	  1.05481e-08
382	  2.25604	  0.406302	  9.04471e-06	  1.49072e-07	  1632	  1.11437e-08
383	  2.25604	  0.468745	  9.04471e-06	  1.57085e-07	  1860	  1.14966e-08
384	  2.25604	  0.531226	  9.04471e-06	  1.67244e-07	  1560	  1.25966e-08
385	  2.25604	  0.593785	  9.04471e-06	  1.75728e-07	  1692	  1.30585e-08
386	  2.25604	  0.656281	  9.04471e-06	  1.84968e-07	  1704	  1.37292e-08
387	  2.25604	  0.718743	  9.04471e-06	  1.9301e-07	  1824	  1.41697e-08
388	  2.25604	  0.781255	  9.04471e-06	  1.93971e-07	  1668	  1.44479e-08
389	  2.25604	  0.843774	  9.04471e-06	  2.02765e-07	  1680	  1.50852e-08
390	  2.25604	  0.90628	  9.04471e-06	  2.13938e-07	  1776	  1.57734e-08
391	  2.25604	  0.968758	  9.04471e-06	  2.16489e-07	  1656	  1.61443e-08
392	  2.61216	  0.030936	  6.3402e-06	  9.77797e-08	  2586	  6.81179e-09
393	  2.61216	  0.0938307	  6.3402e-06	  9.46668e-08	  3036	  6.45143e-09
394	  2.61216	  0.156319	  6.3402e-06	  1.02117e-07	  2124	  7.32158e-09
395	  2.61216	  0.218712	  6.3402e-06	  9.56019e-08	  2940	  6.54326e-09
396	  2.61216	  0.281224	  6.3402e-06	  9.90403e-08	  2616	  6.88841e-09
397	  2.61216	  0.343807	  6.3402e-06	  1.05815e-07	  2448	  7.42938e-09
398	  2.61216	  0.406302	  6.3402e-06	  1.10536e-07	  2916	  7.57377e-09
399	  2.61216	  0.468745	  6.3402e-06	  1.10313e-07	  2544	  7.70276e-09
400	  2.61216	  0.531226	  6.3402e-06	  1.1646e-07	  2652	  8.08443e-09
401	  2.61216	  0.593785	  6.3402e-06	  1.19479e-07	  2748	  8.25314e-09
402	  2.61216	  0.656281	  6.3402e-06	  1.21748e-07	  2676	  8.44093e-09
403	  2.61216	  0.718743	  6.3402e-06	  1.24694e-07	  2472	  8.74265e-09
404	  2.61216	  0.781255	  6.3402e-06	  1.26375e-07	  2616	  8.78954e-09
405	  2.61216	  0.843774	  6.3402e-06	  1.28428e-07	  2736	  8.87666e-09
406	  2.61216	  0.90628	  6.3402e-06	  1.30106e-07	  2568	  9.07275e-09
407	  2.61216	  0.968758	  6.3402e-06	  1.30974e-07	  2745	  9.04854e-09
408	  3.02645	  0.030936	  4.42237e-06	  7.69868e-08	  3414	  5.16694e-09
409	  3.02645	  0.0938307	  4.42237e-06	  7.24724e-08	  4512	  4.70254e-09
410	  3.02645	  0.156319	  4.42237e-06	  7.27426e-08	  4632	  4.70595e-09
411	  3.02645	  0.218712	  4.42237e-06	  6.8732e-08	  3972	  4.52717e-09
412	  3.02645	  0.281224	  4.42237e-06	  7.20729e-08	  4176	  4.71894e-09
413	  3.02645	  0.343807	  4.42237e-06	  7.73456e-08	  4344	  5.0408e-09
414	  3.02645	  0.406302	  4.42237e-06	  7.85073e-08	  4044	  5.1599e-09
415	  3.02645	  0.468745	  4.42237e-06	  7.77853e-08	  4092	  5.10525e-09
416	  3.02645	  0.531226	  4.42237e-06	  8.20521e-08	  4296	  5.35447e-09
417	  3.02645	  0.593785	  4.42237e-06	  8.30057e-08	  3996	  5.46338e-09
418	  3.02645	  0.656281	  4.42237e-06	  8.03691e-08	  4188	  5.26035e-09
419	  3.02645	  0.718743	  4.42237e-06	  8.58933e-08	  4212	  5.61814e-09
420	  3.02645	  0.781255	  4.42237e-06	  8.10913e-08	  4140	  5.31486e-09
421	  3.02645	  0.843774	  4.42237e-06	  8.03933e-08	  4128	  5.27093e-09
422	  3.02645	  0.90628	  4.42237e-06	  7.99804e-08	  4188	  5.23491e-09
423	  3.02645	  0.968758	  4.42237e-06	  7.44523e-08	  4128	  4.88142e-09
424	  3.50419	  0.030936	  3.0819e-06	  5.29045e-08	  7002	  3.27746e-09
425	  3.50419	  0.0938307	  3.0819e-06	  5.32352e-08	  6240	  3.33568e-09
426	  3.50419	  0.156319	  3.0819e-06	  5.17575e-08	  5964	  3.25807e-09
427	  3.50419	  0.218712	  3.0819e-06	  5.34058e-08	  6180	  3.34964e-09
428	  3.50419	  0.281224	  3.0819e-06	  5.23403e-08	  6420	  3.27025e-09
429	  3.50419	  0.343807	  3.0819e-06	  5.34349e-08	  6516	  3.33371e-09
430	  3.50419	  0.406302	  3.0819e-06	  5.59901e-08	  6312	  3.50424e-09
431	  3.50419	  0.468745	  3.0819e-06	  5.48788e-08	  6276	  3.43667e-09
432	  3.50419	  0.531226	  3.0819e-06	  5.53854e-08	  6360	  3.46376e-09
433	  3.50419	  0.593785	  3.0819e-06	  5.5491e-08	  6408	  3.46776e-09
434	  3.50419	  0.656281	  3.0819e-06	  5.58437e-08	  6360	  3.49242e-09
435	  3.50419	  0.718743	  3.0819e-06	  5.28128e-08	  6336	  3.30412e-09
436	  3.50419	  0.781255	  3.0819e-06	  4.96233e-08	  6372	  3.10282e-09
437	  3.50419	  0.843774	  3.0819e-06	  5.02303e-08	  6456	  3.13667e-09
438	  3.50419	  0.90628	  3.0819e-06	  4.69987e-08	  6360	  2.93927e-09
439	  3.50419	  0.968758	  3.0819e-06	  4.46357e-08	  6327	  2.79294e-09
440	  4.05763	  0.030936	  2.14162e-06	  3.96028e-08	  10392	  2.36863e-09
441	  4.05763	  0.0938307	  2.14162e-06	  3.85935e-08	  9420	  2.32731e-09
442	  4.05763	  0.156319	  2.14162e-06	  3.91152e-08	  10176	  2.34352e-09
443	  4.05763	  0.218712	  2.14162e-06	  3.80166e-08	  10260	  2.27615e-09
444	  4.05763	  0.281224	  2.14162e-06	  3.69977e-08	  9528	  2.22892e-09
445	  4.05763	  0.343807	  2.14162e-06	  3.74429e-08	  10140	  2.24398e-09
446	  4.05763	  0.406302	  2.14162e-06	  3.84405e-08	  9960	  2.3072e-09
447	  4.05763	  0.468745	  2.14162e-06	  3.78196e-08	  10068	  2.2679e-09
448	  4.05763	  0.531226	  2.14162e-06	  3.73166e-08	  9996	  2.23907e-09
449	  4.05763	  0.593785	  2.14162e-06	  3.51294e-08	  9828	  2.11083e-09
450	  4.05763	  0.656281	  2.14162e-06	  3.38198e-08	  10032	  2.02865e-09
451	  4.05763	  0.718743	  2.14162e-06	  3.30585e-08	  9924	  1.98477e-09
452	  4.05763	  0.781255	  2.14162e-06	  3.01263e-08	  10116	  1.80585e-09
453	  4.05763	  0.843774	  2.14162e-06	  2.91654e-08	  9888	  1.75157e-09
454	  4.05763	  0.90628	  2.14162e-06	  2.76756e-08	  10008	  1.66043e-09
455	  4.05763	  0.968758	  2.14162e-06	  2.38261e-08	  9978	  1.42983e-09
456	  4.69917	  0.030936	  1.48334e-06	  2.92563e-08	  13626	  1.71345e-09
457	  4.69917	  0.0938307	  1.48334e-06	  2.91419e-08	  16392	  1.68471e-09
458	  4.69917	  0.156319	  1.48334e-06	  2.82891e-08	  15708	  1.64017e-09
459	  4.69917	  0.218712	  1.48334e-06	  2.7332e-08	  15432	  1.58662e-09
460	  4.69917	  0.281224	  1.48334e-06	  2.66598e-08	  15780	  1.54522e-09
461	  4.69917	  0.343807	  1.48334e-06	  2.61971e-08	  15300	  1.52164e-09
462	  4.69917	  0.406302	  1.48334e-06	  2.5275e-08	  15588	  1.46619e-09
463	  4.69917	  0.468745	  1.48334e-06	  2.48138e-08	  15396	  1.44067e-09
464	  4.69917	  0.531226	  1.48334e-06	  2.38322e-08	  15504	  1.38301e-09
465	  4.69917	  0.593785	  1.48334e-06	  2.25668e-08	  15660	  1.30867e-09
466	  4.69917	  0.656281	  1.48334e-06	  2.09949e-08	  15192	  1.22008e-09
467	  4.69917	  0.718743	  1.48334e-06	  1.95735e-08	  15600	  1.13539e-09
468	  4.69917	  0.781255	  1.48334e-06	  1.79842e-08	  15216	  1.04501e-09
469	  4.69917	  0.843774	  1.48334e-06	  1.65972e-08	  15516	  9.63102e-10
470	  4.69917	  0.90628	  1.48334e-06	  1.49738e-08	  15540	  8.6881e-10
471	  4.69917	  0.968758	  1.48334e-06	  1.32525e-08	  15405	  7.69396e-10
472	  5.4432	  0.030936	  1.02479e-06	  2.15813e-08	  26250	  1.21227e-09
473	  5.4432	  0.0938307	  1.02479e-06	  2.10743e-08	  22392	  1.19455e-09
474	  5.4432	  0.156319	  1.02479e-06	  2.01905e-08	  24516	  1.13848e-09
475	  5.4432	  0.218712	  1.02479e-06	  1.95672e-08	  23592	  1.10575e-09
476	  5.4432	  0.281224	  1.02479e-06	  1.84482e-08	  24264	  1.04084e-09
477	  5.4432	  0.343807	  1.02479e-06	  1.78557e-08	  23928	  1.00821e-09
478	  5.4432	  0.406302	  1.02479e-06	  1.70691e-08	  24120	  9.6336e-10
479	  5.4432	  0.468745	  1.02479e-06	  1.58755e-08	  23964	  8.96326e-10
480	  5.4432	  0.531226	  1.02479e-06	  1.48921e-08	  24060	  8.40615e-10
481	  5.4432	  0.593785	  1.02479e-06	  1.37742e-08	  24108	  7.77425e-10
482	  5.4432	  0.656281	  1.02479e-06	  1.25604e-08	  24228	  7.08713e-10
483	  5.4432	  0.718743	  1.02479e-06	  1.12606e-08	  24144	  6.35498e-10
484	  5.4432	  0.781255	  1.02479e-06	  1.00656e-08	  23940	  5.68337e-10
485	  5.4432	  0.843774	  1.02479e-06	  8.91968e-09	  24192	  5.03331e-10
486	  5.4432	  0.90628	  1.02479e-06	  7.8913e-09	  23988	  4.45516e-10
487	  5.4432	  0.968758	  1.02479e-06	  6.73487e-09	  24141	  3.8009e-10
488	  6.30378	  0.030936	  7.06823e-07	  1.57801e-08	  35082	  8.73252e-10
489	  6.30378	  0.0938307	  7.06823e-07	  1.5204e-08	  39108	  8.3708e-10
490	  6.30378	  0.156319	  7.06823e-07	  1.45259e-08	  36924	  8.01888e-10
491	  6.30378	  0.218712	  7.06823e-07	  1.38438e-08	  37692	  7.63495e-10
492	  6.30378	  0.281224	  7.06823e-07	  1.28068e-08	  37092	  7.06835e-10
493	  6.30378	  0.343807	  7.06823e-07	  1.20512e-08	  37536	  6.64765e-10
494	  6.30378	  0.406302	  7.06823e-07	  1.09423e-08	  36984	  6.04013e-10
495	  6.30378	  0.468745	  7.06823e-07	  1.00251e-08	  37428	  5.53076e-10
496	  6.30378	  0.531226	  7.06823e-07	  8.98165e-09	  37392	  4.9553e-10
497	  6.30378	  0.593785	  7.06823e-07	  7.9639e-09	  37200	  4.39486e-10
498	  6.30378	  0.656281	  7.06823e-07	  7.07214e-09	  36924	  3.90411e-10
499	  6.30378	  0.718743	  7.06823e-07	  6.10326e-09	  37272	  3.36776e-10
500	  6.30378	  0.781255	  7.06823e-07	  5.27173e-09	  37284	  2.90888e-10
501	  6.30378	  0.843774	  7.06823e-07	  4.43161e-09	  37188	  2.44561e-10
502	  6.30378	  0.90628	  7.06823e-07	  3.84195e-09	  37320	  2.11985e-10
503	  6.30378	  0.968758	  7.06823e-07	  3.18867e-09	  37119	  1.75984e-10
504	  7.30029	  0.030936	  4.86302e-07	  1.13443e-08	  60258	  6.13427e-10
505	  7.30029	  0.0938307	  4.86302e-07	  1.08284e-08	  56916	  5.86807e-10
506	  7.30029	  0.156319	  4.86302e-07	  1.01505e-08	  56820	  5.50108e-10
507	  7.30029	  0.218712	  4.86302e-07	  9.35302e-09	  58716	  5.0625e-10
508	  7.30029	  0.281224	  4.86302e-07	  8.57041e-09	  57840	  4.64156e-10
509	  7.30029	  0.343807	  4.86302e-07	  7.70656e-09	  57612	  4.17435e-10
510	  7.30029	  0.406302	  4.86302e-07	  6.86331e-09	  58464	  3.71551e-10
511	  7.30029	  0.468745	  4.86302e-07	  5.99703e-09	  57948	  3.24764e-10
512	  7.30029	  0.531226	  4.86302e-07	  5.21415e-09	  57708	  2.82413e-10
513	  7.30029	  0.593785	  4.86302e-07	  4.38643e-09	  58236	  2.37498e-10
514	  7.30029	  0.656281	  4.86302e-07	  3.72347e-09	  58008	  2.01633e-10
515	  7.30029	  0.718743	  4.86302e-07	  3.11055e-09	  58200	  1.68421e-10
516	  7.30029	  0.781255	  4.86302e-07	  2.54451e-09	  58128	  1.37779e-10
517	  7.30029	  0.843774	  4.86302e-07	  2.11174e-09	  57972	  1.14358e-10
518	  7.30029	  0.90628	  4.86302e-07	  1.73387e-09	  57960	  9.38956e-11
519	  7.30029	  0.968758	  4.86302e-07	  1.43506e-09	  58122	  7.77053e-11
520	  8.455	  0.030936	  3.33992e-07	  8.10824e-09	  90198	  4.3241e-10
521	  8.455	  0.0938307	  3.33992e-07	  7.80334e-09	  89292	  4.16281e-10
522	  8.455	  0.156319	  3.33992e-07	  7.14565e-09	  90804	  3.80996e-10
523	  8.455	  0.218712	  3.33992e-07	  6.33954e-09	  89628	  3.38153e-10
524	  8.455	  0.281224	  3.33992e-07	  5.59578e-09	  89844	  2.98458e-10
525	  8.455	  0.343807	  3.33992e-07	  4.78887e-09	  90636	  2.5535e-10
526	  8.455	  0.406302	  3.33992e-07	  4.06479e-09	  89628	  2.16817e-10
527	  8.455	  0.468745	  3.33992e-07	  3.38943e-09	  89772	  1.80784e-10
528	  8.455	  0.531226	  3.33992e-07	  2.76931e-09	  90324	  1.4768e-10
529	  8.455	  0.593785	  3.33992e-07	  2.23761e-09	  89784	  1.19348e-10
530	  8.455	  0.656281	  3.33992e-07	  1.81473e-09	  90216	  9.67785e-11
531	  8.455	  0.718743	  3.33992e-07	  1.46275e-09	  89796	  7.80187e-11
532	  8.455	  0.781255	  3.33992e-07	  1.17189e-09	  90120	  6.24981e-11
533	  8.455	  0.843774	  3.33992e-07	  9.26812e-10	  90132	  4.94277e-11
534	  8.455	  0.90628	  3.33992e-07	  7.42555e-10	  89916	  3.96041e-11
535	  8.455	  0.968758	  3.33992e-07	  6.21246e-10	  89964	  3.31335e-11
536	  9.79129	  0.030936	  2.28926e-07	  5.85766e-09	  139068	  3.0859e-10
537	  9.79129	  0.0938307	  2.28926e-07	  5.51209e-09	  141180	  2.90274e-10
538	  9.79129	  0.156319	  2.28926e-07	  4.95853e-09	  139380	  2.61208e-10
539	  9.79129	  0.218712	  2.28926e-07	  4.25786e-09	  138804	  2.24322e-10
540	  9.79129	  0.281224	  2.28926e-07	  3.51894e-09	  140952	  1.8532e-10
541	  9.79129	  0.343807	  2.28926e-07	  2.87181e-09	  139668	  1.51275e-10
542	  9.79129	  0.406302	  2.28926e-07	  2.29107e-09	  139464	  1.20688e-10
543	  9.79129	  0.468745	  2.28926e-07	  1.80511e-09	  139812	  9.50833e-11
544	  9.79129	  0.531226	  2.28926e-07	  1.40081e-09	  139884	  7.37859e-11
545	  9.79129	  0.593785	  2.28926e-07	  1.09186e-09	  140184	  5.75089e-11
546	  9.79129	  0.656281	  2.28926e-07	  8.47092e-10	  139404	  4.46234e-11
547	  9.79129	  0.718743	  2.28926e-07	  6.54816e-10	  139932	  3.44913e-11
548	  9.79129	  0.781255	  2.28926e-07	  5.059e-10	  139980	  2.66472e-11
549	  9.79129	  0.843774	  2.28926e-07	  3.90583e-10	  139632	  2.05744e-11
550	  9.79129	  0.90628	  2.28926e-07	  3.1227e-10	  140088	  1.64478e-11
551	  9.79129	  0.968758	  2.28926e-07	  2.64916e-10	  139623	  1.39548e-11
