#n	   k	      mu	    PL	    Pf	     w	     err  
0	  0.0523599	  1	  0.00088509	  0.00016224	  3	  0.000101782
1	  0.10472	  1	  0.000382659	  6.33701e-05	  3	  3.97552e-05
2	  0.15708	  1	  0.000212571	  5.19319e-05	  3	  3.25795e-05
3	  0.20944	  1	  0.000135925	  1.25004e-05	  3	  7.84213e-06
4	  0.261799	  1	  9.13056e-05	  1.01407e-05	  3	  6.36178e-06
5	  0.314159	  1	  6.3667e-05	  3.06198e-05	  3	  1.92093e-05
6	  0.366519	  1	  4.66374e-05	  5.33932e-06	  3	  3.34962e-06
7	  0.418879	  1	  3.56825e-05	  3.86827e-06	  3	  2.42676e-06
8	  0.471239	  1	  2.81005e-05	  6.41346e-06	  3	  4.02349e-06
9	  0.0523599	  0	  0.00088509	  2.7777e-05	  6	  1.27288e-05
10	  0.074048	  0.707107	  0.000681622	  5.48142e-05	  12	  1.85642e-05
11	  0.11708	  0.894427	  0.000342688	  5.79547e-05	  12	  1.96278e-05
12	  0.165576	  0.948683	  0.000192505	  3.13784e-05	  12	  1.06271e-05
13	  0.215885	  0.970143	  0.000126391	  1.62218e-05	  12	  5.49393e-06
14	  0.266984	  0.980581	  8.77028e-05	  1.06987e-05	  12	  3.6234e-06
15	  0.318493	  0.986394	  6.21954e-05	  1.17756e-05	  12	  3.9881e-06
16	  0.37024	  0.989949	  4.57865e-05	  7.09373e-06	  12	  2.40247e-06
17	  0.422139	  0.992278	  3.51333e-05	  6.74459e-06	  12	  2.28422e-06
18	  0.474139	  0.993884	  2.77372e-05	  5.69919e-06	  12	  1.93017e-06
19	  0.074048	  0	  0.000681622	  2.08135e-05	  6	  9.53775e-06
20	  0.09069	  0.57735	  0.00048935	  2.88916e-05	  12	  9.78486e-06
21	  0.128255	  0.816497	  0.000315526	  3.64918e-05	  12	  1.23589e-05
22	  0.173658	  0.904534	  0.000180501	  2.17971e-05	  12	  7.38213e-06
23	  0.222144	  0.942809	  0.000118502	  1.02735e-05	  12	  3.47939e-06
24	  0.27207	  0.96225	  8.41002e-05	  1.86168e-05	  12	  6.30504e-06
25	  0.322768	  0.973329	  6.07136e-05	  6.41495e-06	  12	  2.17259e-06
26	  0.373924	  0.980196	  4.49758e-05	  9.17098e-06	  12	  3.10598e-06
27	  0.425374	  0.984732	  3.45883e-05	  5.74477e-06	  12	  1.94561e-06
28	  0.477021	  0.987878	  2.73837e-05	  2.78083e-06	  12	  9.41797e-07
29	  0.10472	  0	  0.000382659	  1.2569e-05	  6	  5.75974e-06
30	  0.11708	  0.447214	  0.000342688	  1.99797e-05	  12	  6.76661e-06
31	  0.148096	  0.707107	  0.000243342	  2.49203e-05	  12	  8.43988e-06
32	  0.188786	  0.83205	  0.000165199	  2.03599e-05	  12	  6.8954e-06
33	  0.23416	  0.894427	  0.000107671	  1.47251e-05	  12	  4.98702e-06
34	  0.281967	  0.928477	  7.7456e-05	  5.82588e-06	  12	  1.97308e-06
35	  0.331153	  0.948683	  5.7656e-05	  7.74773e-06	  12	  2.62396e-06
36	  0.381186	  0.961524	  4.34149e-05	  4.717e-06	  12	  1.59753e-06
37	  0.431771	  0.970143	  3.35802e-05	  2.78036e-06	  12	  9.41638e-07
38	  0.482734	  0.976187	  2.66929e-05	  3.27762e-06	  12	  1.11005e-06
39	  0.11708	  0	  0.000342688	  1.32055e-05	  12	  4.47236e-06
40	  0.128255	  0.408248	  0.000315526	  1.52844e-05	  24	  3.88412e-06
41	  0.15708	  0.666667	  0.000212571	  1.85706e-05	  24	  4.71923e-06
42	  0.195913	  0.801784	  0.000156435	  1.56398e-05	  24	  3.97446e-06
43	  0.239943	  0.872872	  0.000104082	  1.9138e-05	  24	  4.86344e-06
44	  0.286787	  0.912871	  7.46015e-05	  9.04776e-06	  24	  2.29925e-06
45	  0.335267	  0.937043	  5.6131e-05	  7.07622e-06	  24	  1.79824e-06
46	  0.384765	  0.952579	  4.26527e-05	  7.98649e-06	  24	  2.02956e-06
47	  0.434934	  0.963087	  3.30963e-05	  4.82042e-06	  24	  1.22499e-06
48	  0.485566	  0.970495	  2.63731e-05	  2.98125e-06	  24	  7.57607e-07
49	  0.148096	  0	  0.000243342	  8.13895e-06	  6	  3.72966e-06
50	  0.15708	  0.333333	  0.000212571	  1.00434e-05	  12	  3.40146e-06
51	  0.18138	  0.57735	  0.000172635	  1.09351e-05	  12	  3.70346e-06
52	  0.215885	  0.727607	  0.000126391	  1.16521e-05	  12	  3.94628e-06
53	  0.25651	  0.816497	  9.47616e-05	  1.4557e-05	  12	  4.93011e-06
54	  0.300785	  0.870388	  6.82954e-05	  7.88029e-06	  12	  2.66886e-06
55	  0.347316	  0.904534	  5.19325e-05	  6.12729e-06	  12	  2.07516e-06
56	  0.395308	  0.927173	  4.03959e-05	  4.98296e-06	  12	  1.6876e-06
57	  0.444288	  0.942809	  3.17448e-05	  4.76807e-06	  12	  1.61483e-06
58	  0.493962	  0.953998	  2.54462e-05	  4.54272e-06	  12	  1.53851e-06
59	  0.15708	  0	  0.000212571	  8.37664e-06	  6	  3.83858e-06
60	  0.165576	  0.316228	  0.000192505	  8.61363e-06	  12	  2.91722e-06
61	  0.188786	  0.5547	  0.000165199	  1.22826e-05	  12	  4.15982e-06
62	  0.222144	  0.707107	  0.000118502	  8.55624e-06	  12	  2.89778e-06
63	  0.261799	  0.8	  9.13056e-05	  1.11158e-05	  12	  3.76466e-06
64	  0.305308	  0.857493	  6.66528e-05	  5.10561e-06	  12	  1.72914e-06
65	  0.351241	  0.894427	  5.06914e-05	  5.48685e-06	  12	  1.85826e-06
66	  0.398761	  0.919145	  3.96618e-05	  6.5259e-06	  12	  2.21016e-06
67	  0.447363	  0.936329	  3.13159e-05	  3.5509e-06	  12	  1.2026e-06
68	  0.496729	  0.948683	  2.51576e-05	  2.49725e-06	  12	  8.45756e-07
69	  0.165576	  0	  0.000192505	  6.40711e-06	  12	  2.16993e-06
70	  0.173658	  0.301511	  0.000180501	  6.81979e-06	  24	  1.73307e-06
71	  0.195913	  0.534522	  0.000156435	  8.36618e-06	  24	  2.12605e-06
72	  0.228231	  0.688247	  0.000112363	  1.06762e-05	  24	  2.71309e-06
73	  0.266984	  0.784465	  8.77028e-05	  6.56562e-06	  24	  1.66848e-06
74	  0.309765	  0.845154	  6.5137e-05	  6.27822e-06	  24	  1.59545e-06
75	  0.355122	  0.884652	  4.95558e-05	  5.96741e-06	  24	  1.51646e-06
76	  0.402184	  0.911322	  3.89341e-05	  6.76867e-06	  24	  1.72008e-06
77	  0.450417	  0.929981	  3.08918e-05	  4.28432e-06	  24	  1.08875e-06
78	  0.499481	  0.943456	  2.48707e-05	  4.33661e-06	  24	  1.10204e-06
79	  0.188786	  0	  0.000165199	  6.0403e-06	  12	  2.0457e-06
80	  0.195913	  0.267261	  0.000156435	  5.04227e-06	  24	  1.28136e-06
81	  0.215885	  0.485071	  0.000126391	  8.11036e-06	  24	  2.06104e-06
82	  0.24559	  0.639602	  0.000100993	  6.29836e-06	  24	  1.60057e-06
83	  0.281967	  0.742781	  7.7456e-05	  7.80884e-06	  24	  1.98442e-06
84	  0.322768	  0.811107	  6.07136e-05	  6.56884e-06	  24	  1.6693e-06
85	  0.366519	  0.857143	  4.66374e-05	  6.04148e-06	  24	  1.53529e-06
86	  0.412282	  0.889001	  3.69129e-05	  2.96038e-06	  24	  7.52305e-07
87	  0.459456	  0.911685	  2.96564e-05	  3.57004e-06	  24	  9.07233e-07
88	  0.20944	  0	  0.000135925	  2.13785e-06	  6	  9.79667e-07
89	  0.215885	  0.242536	  0.000126391	  4.00165e-06	  12	  1.35526e-06
90	  0.23416	  0.447214	  0.000107671	  5.71054e-06	  12	  1.93402e-06
91	  0.261799	  0.6	  9.13056e-05	  6.82215e-06	  12	  2.31049e-06
92	  0.296192	  0.707107	  7.01127e-05	  3.22839e-06	  12	  1.09338e-06
93	  0.335267	  0.780869	  5.6131e-05	  6.54758e-06	  12	  2.2175e-06
94	  0.377572	  0.83205	  4.41883e-05	  3.76243e-06	  12	  1.27424e-06
95	  0.422139	  0.868243	  3.51333e-05	  4.19991e-06	  12	  1.42241e-06
96	  0.468321	  0.894427	  2.84818e-05	  2.58717e-06	  12	  8.7621e-07
97	  0.215885	  0	  0.000126391	  3.77766e-06	  12	  1.2794e-06
98	  0.222144	  0.235702	  0.000118502	  2.29067e-06	  24	  5.82114e-07
99	  0.239943	  0.436436	  0.000104082	  6.96671e-06	  24	  1.77041e-06
100	  0.266984	  0.588348	  8.77028e-05	  4.97433e-06	  24	  1.2641e-06
101	  0.300785	  0.696311	  6.82954e-05	  3.70096e-06	  24	  9.40503e-07
102	  0.339331	  0.771517	  5.46656e-05	  4.82998e-06	  24	  1.22741e-06
103	  0.381186	  0.824163	  4.34149e-05	  5.97981e-06	  24	  1.51961e-06
104	  0.425374	  0.86164	  3.45883e-05	  4.58662e-06	  24	  1.16557e-06
105	  0.471239	  0.888889	  2.81005e-05	  4.09282e-06	  24	  1.04008e-06
106	  0.222144	  0	  0.000118502	  3.44131e-06	  6	  1.57697e-06
107	  0.228231	  0.229416	  0.000112363	  4.45224e-06	  12	  1.50786e-06
108	  0.24559	  0.426401	  0.000100993	  4.71914e-06	  12	  1.59826e-06
109	  0.27207	  0.57735	  8.41002e-05	  3.1114e-06	  12	  1.05375e-06
110	  0.305308	  0.685994	  6.66528e-05	  7.31185e-06	  12	  2.47634e-06
111	  0.343347	  0.762493	  5.3241e-05	  4.75739e-06	  12	  1.61121e-06
112	  0.384765	  0.816497	  4.26527e-05	  3.83942e-06	  12	  1.30032e-06
113	  0.428584	  0.855186	  3.40677e-05	  3.6851e-06	  12	  1.24805e-06
114	  0.474139	  0.883452	  2.77372e-05	  3.10268e-06	  12	  1.0508e-06
115	  0.23416	  0	  0.000107671	  3.47925e-06	  12	  1.17833e-06
116	  0.239943	  0.218218	  0.000104082	  5.18728e-06	  24	  1.31821e-06
117	  0.25651	  0.408248	  9.47616e-05	  5.89449e-06	  24	  1.49793e-06
118	  0.281967	  0.557086	  7.7456e-05	  5.17291e-06	  24	  1.31456e-06
119	  0.314159	  0.666667	  6.3667e-05	  4.06747e-06	  24	  1.03364e-06
120	  0.351241	  0.745356	  5.06914e-05	  5.18467e-06	  24	  1.31755e-06
121	  0.391825	  0.801784	  4.11412e-05	  3.57982e-06	  24	  9.09719e-07
122	  0.434934	  0.842701	  3.30963e-05	  3.06983e-06	  24	  7.80117e-07
123	  0.479886	  0.872872	  2.70325e-05	  2.69765e-06	  24	  6.85538e-07
124	  0.261799	  0	  9.13056e-05	  3.06477e-06	  18	  8.75611e-07
125	  0.266984	  0.196116	  8.77028e-05	  3.18338e-06	  36	  6.89733e-07
126	  0.281967	  0.371391	  7.7456e-05	  2.98355e-06	  36	  6.46436e-07
127	  0.305308	  0.514496	  6.66528e-05	  3.71501e-06	  36	  8.04919e-07
128	  0.335267	  0.624695	  5.6131e-05	  4.11485e-06	  36	  8.91551e-07
129	  0.37024	  0.707107	  4.57865e-05	  3.77552e-06	  36	  8.1803e-07
130	  0.408944	  0.768221	  3.75615e-05	  3.73453e-06	  36	  8.09147e-07
131	  0.450417	  0.813733	  3.08918e-05	  4.27257e-06	  36	  9.25724e-07
132	  0.493962	  0.847998	  2.54462e-05	  2.69473e-06	  36	  5.83858e-07
133	  0.266984	  0	  8.77028e-05	  2.81442e-06	  12	  9.53173e-07
134	  0.27207	  0.19245	  8.41002e-05	  4.04696e-06	  24	  1.02843e-06
135	  0.286787	  0.365148	  7.46015e-05	  3.59493e-06	  24	  9.13558e-07
136	  0.309765	  0.507093	  6.5137e-05	  3.54947e-06	  24	  9.02007e-07
137	  0.339331	  0.617213	  5.46656e-05	  3.13657e-06	  24	  7.97079e-07
138	  0.373924	  0.70014	  4.49758e-05	  3.45752e-06	  24	  8.7864e-07
139	  0.412282	  0.762001	  3.69129e-05	  2.62614e-06	  24	  6.67366e-07
140	  0.45345	  0.80829	  3.04707e-05	  2.5287e-06	  24	  6.42603e-07
141	  0.496729	  0.843274	  2.51576e-05	  3.02594e-06	  24	  7.68964e-07
142	  0.281967	  0	  7.7456e-05	  1.65332e-06	  12	  5.59937e-07
143	  0.286787	  0.182574	  7.46015e-05	  2.85723e-06	  24	  7.26092e-07
144	  0.300785	  0.348155	  6.82954e-05	  2.64636e-06	  24	  6.72503e-07
145	  0.322768	  0.486664	  6.07136e-05	  3.66579e-06	  24	  9.31565e-07
146	  0.351241	  0.596285	  5.06914e-05	  3.21611e-06	  24	  8.1729e-07
147	  0.384765	  0.680414	  4.26527e-05	  2.75997e-06	  24	  7.01376e-07
148	  0.422139	  0.744208	  3.51333e-05	  2.64682e-06	  24	  6.72621e-07
149	  0.46243	  0.792594	  2.92537e-05	  2.46516e-06	  24	  6.26456e-07
150	  0.296192	  0	  7.01127e-05	  1.1718e-06	  6	  5.36973e-07
151	  0.300785	  0.174078	  6.82954e-05	  1.81536e-06	  12	  6.14818e-07
152	  0.314159	  0.333333	  6.3667e-05	  2.39911e-06	  12	  8.12519e-07
153	  0.335267	  0.468521	  5.6131e-05	  2.79141e-06	  12	  9.45382e-07
154	  0.36276	  0.57735	  4.75338e-05	  3.26391e-06	  12	  1.10541e-06
155	  0.395308	  0.662266	  4.03959e-05	  2.84115e-06	  12	  9.62228e-07
156	  0.431771	  0.727607	  3.35802e-05	  3.04326e-06	  12	  1.03068e-06
157	  0.471239	  0.777778	  2.81005e-05	  3.04614e-06	  12	  1.03165e-06
158	  0.305308	  0	  6.66528e-05	  2.44046e-06	  12	  8.26523e-07
159	  0.309765	  0.169031	  6.5137e-05	  2.15887e-06	  24	  5.48621e-07
160	  0.322768	  0.324443	  6.07136e-05	  2.9863e-06	  24	  7.58891e-07
161	  0.343347	  0.457496	  5.3241e-05	  2.82507e-06	  24	  7.17919e-07
162	  0.37024	  0.565685	  4.57865e-05	  2.87651e-06	  24	  7.3099e-07
163	  0.402184	  0.650945	  3.89341e-05	  4.00105e-06	  24	  1.01676e-06
164	  0.438074	  0.717137	  3.26365e-05	  3.6067e-06	  24	  9.16548e-07
165	  0.477021	  0.76835	  2.73837e-05	  2.73402e-06	  24	  6.94781e-07
166	  0.314159	  0	  6.3667e-05	  3.94646e-06	  6	  1.80846e-06
167	  0.318493	  0.164399	  6.21954e-05	  3.05569e-06	  12	  1.03489e-06
168	  0.331153	  0.316228	  5.7656e-05	  2.23732e-06	  12	  7.57725e-07
169	  0.351241	  0.447214	  5.06914e-05	  1.83953e-06	  12	  6.23002e-07
170	  0.377572	  0.5547	  4.41883e-05	  2.14896e-06	  12	  7.278e-07
171	  0.408944	  0.640184	  3.75615e-05	  2.83186e-06	  12	  9.59081e-07
172	  0.444288	  0.707107	  3.17448e-05	  2.19131e-06	  12	  7.42142e-07
173	  0.482734	  0.759257	  2.66929e-05	  2.59636e-06	  12	  8.79321e-07
174	  0.318493	  0	  6.21954e-05	  3.08204e-06	  12	  1.04381e-06
175	  0.322768	  0.162221	  6.07136e-05	  1.86379e-06	  24	  4.73634e-07
176	  0.335267	  0.312348	  5.6131e-05	  2.00714e-06	  24	  5.10064e-07
177	  0.355122	  0.442326	  4.95558e-05	  2.64769e-06	  24	  6.72843e-07
178	  0.381186	  0.549442	  4.34149e-05	  3.16302e-06	  24	  8.03799e-07
179	  0.412282	  0.635001	  3.69129e-05	  2.12692e-06	  24	  5.40501e-07
180	  0.447363	  0.702247	  3.13159e-05	  2.44448e-06	  24	  6.21201e-07
181	  0.485566	  0.754829	  2.63731e-05	  3.06212e-06	  24	  7.78158e-07
182	  0.331153	  0	  5.7656e-05	  1.73997e-06	  12	  5.89286e-07
183	  0.335267	  0.156174	  5.6131e-05	  1.86929e-06	  24	  4.75031e-07
184	  0.347316	  0.301511	  5.19325e-05	  1.71497e-06	  24	  4.35816e-07
185	  0.366519	  0.428571	  4.66374e-05	  2.97449e-06	  24	  7.55889e-07
186	  0.391825	  0.534522	  4.11412e-05	  2.1782e-06	  24	  5.53533e-07
187	  0.422139	  0.620174	  3.51333e-05	  1.99262e-06	  24	  5.06373e-07
188	  0.456463	  0.688247	  3.00618e-05	  2.47161e-06	  24	  6.28096e-07
189	  0.493962	  0.741999	  2.54462e-05	  1.9357e-06	  24	  4.91907e-07
190	  0.335267	  0	  5.6131e-05	  1.90456e-06	  12	  6.45029e-07
191	  0.339331	  0.154303	  5.46656e-05	  1.55583e-06	  24	  3.95373e-07
192	  0.351241	  0.298142	  5.06914e-05	  1.92401e-06	  24	  4.88937e-07
193	  0.37024	  0.424264	  4.57865e-05	  2.2346e-06	  24	  5.67865e-07
194	  0.395308	  0.529813	  4.03959e-05	  2.03395e-06	  24	  5.16877e-07
195	  0.425374	  0.615457	  3.45883e-05	  2.49745e-06	  24	  6.34663e-07
196	  0.459456	  0.683763	  2.96564e-05	  1.8631e-06	  24	  4.73459e-07
197	  0.496729	  0.737865	  2.51576e-05	  2.15174e-06	  24	  5.4681e-07
198	  0.351241	  0	  5.06914e-05	  1.26696e-06	  12	  4.29088e-07
199	  0.355122	  0.147442	  4.95558e-05	  1.76474e-06	  24	  4.48464e-07
200	  0.366519	  0.285714	  4.66374e-05	  2.32823e-06	  24	  5.9166e-07
201	  0.384765	  0.408248	  4.26527e-05	  2.16634e-06	  24	  5.50519e-07
202	  0.408944	  0.512148	  3.75615e-05	  2.58443e-06	  24	  6.56766e-07
203	  0.438074	  0.597614	  3.26365e-05	  2.13866e-06	  24	  5.43485e-07
204	  0.471239	  0.666667	  2.81005e-05	  2.43661e-06	  24	  6.192e-07
205	  0.366519	  0	  4.66374e-05	  1.21948e-06	  6	  5.58825e-07
206	  0.37024	  0.141421	  4.57865e-05	  1.48218e-06	  12	  5.01978e-07
207	  0.381186	  0.274721	  4.34149e-05	  1.39035e-06	  12	  4.70878e-07
208	  0.398761	  0.393919	  3.96618e-05	  2.47926e-06	  12	  8.39664e-07
209	  0.422139	  0.496139	  3.51333e-05	  2.35971e-06	  12	  7.99176e-07
210	  0.450417	  0.581238	  3.08918e-05	  2.41516e-06	  12	  8.17956e-07
211	  0.482734	  0.650791	  2.66929e-05	  1.87745e-06	  12	  6.35844e-07
212	  0.37024	  0	  4.57865e-05	  1.6238e-06	  18	  4.63924e-07
213	  0.373924	  0.140028	  4.49758e-05	  1.79625e-06	  36	  3.89188e-07
214	  0.384765	  0.272166	  4.26527e-05	  1.87602e-06	  36	  4.0647e-07
215	  0.402184	  0.390567	  3.89341e-05	  2.37694e-06	  36	  5.15004e-07
216	  0.425374	  0.492366	  3.45883e-05	  1.7345e-06	  36	  3.75809e-07
217	  0.45345	  0.57735	  3.04707e-05	  1.53591e-06	  36	  3.32781e-07
218	  0.485566	  0.646997	  2.63731e-05	  2.42272e-06	  36	  5.24922e-07
219	  0.377572	  0	  4.41883e-05	  1.15675e-06	  12	  3.91764e-07
220	  0.381186	  0.137361	  4.34149e-05	  1.90579e-06	  24	  4.84308e-07
221	  0.391825	  0.267261	  4.11412e-05	  1.8776e-06	  24	  4.77144e-07
222	  0.408944	  0.384111	  3.75615e-05	  1.91787e-06	  24	  4.87377e-07
223	  0.431771	  0.485071	  3.35802e-05	  1.95561e-06	  24	  4.96968e-07
224	  0.459456	  0.569803	  2.96564e-05	  1.64369e-06	  24	  4.17701e-07
225	  0.491179	  0.639602	  2.5739e-05	  1.4048e-06	  24	  3.56993e-07
226	  0.381186	  0	  4.34149e-05	  1.12364e-06	  12	  3.80551e-07
227	  0.384765	  0.136083	  4.26527e-05	  2.0685e-06	  24	  5.25657e-07
228	  0.395308	  0.264906	  4.03959e-05	  1.4631e-06	  24	  3.71809e-07
229	  0.412282	  0.381	  3.69129e-05	  1.04943e-06	  24	  2.66685e-07
230	  0.434934	  0.481543	  3.30963e-05	  1.673e-06	  24	  4.25149e-07
231	  0.46243	  0.566139	  2.92537e-05	  1.80294e-06	  24	  4.58171e-07
232	  0.493962	  0.635999	  2.54462e-05	  1.63275e-06	  24	  4.14922e-07
233	  0.398761	  0	  3.96618e-05	  1.97157e-06	  12	  6.67723e-07
234	  0.402184	  0.130189	  3.89341e-05	  1.65191e-06	  24	  4.19789e-07
235	  0.412282	  0.254	  3.69129e-05	  8.949e-07	  24	  2.27416e-07
236	  0.428584	  0.366508	  3.40677e-05	  1.62484e-06	  24	  4.1291e-07
237	  0.450417	  0.464991	  3.08918e-05	  1.90982e-06	  24	  4.85331e-07
238	  0.477021	  0.548821	  2.73837e-05	  1.58368e-06	  24	  4.02451e-07
239	  0.408944	  0	  3.75615e-05	  1.48229e-06	  12	  5.02015e-07
240	  0.412282	  0.127	  3.69129e-05	  1.36146e-06	  24	  3.45981e-07
241	  0.422139	  0.248069	  3.51333e-05	  1.08945e-06	  24	  2.76856e-07
242	  0.438074	  0.358569	  3.26365e-05	  1.6046e-06	  24	  4.07768e-07
243	  0.459456	  0.455842	  2.96564e-05	  1.08507e-06	  24	  2.75742e-07
244	  0.485566	  0.539164	  2.63731e-05	  1.84776e-06	  24	  4.69561e-07
245	  0.418879	  0	  3.56825e-05	  1.43447e-06	  6	  6.57342e-07
246	  0.422139	  0.124035	  3.51333e-05	  2.0473e-06	  12	  6.9337e-07
247	  0.431771	  0.242536	  3.35802e-05	  9.19824e-07	  12	  3.11522e-07
248	  0.447363	  0.351123	  3.13159e-05	  1.24261e-06	  12	  4.2084e-07
249	  0.468321	  0.447214	  2.84818e-05	  1.02367e-06	  12	  3.46693e-07
250	  0.493962	  0.529999	  2.54462e-05	  1.7905e-06	  12	  6.06396e-07
251	  0.422139	  0	  3.51333e-05	  1.62115e-06	  24	  4.11974e-07
252	  0.425374	  0.123091	  3.45883e-05	  1.18435e-06	  48	  2.30164e-07
253	  0.434934	  0.240772	  3.30963e-05	  1.3167e-06	  48	  2.55885e-07
254	  0.450417	  0.348743	  3.08918e-05	  1.52883e-06	  48	  2.97108e-07
255	  0.471239	  0.444444	  2.81005e-05	  1.51898e-06	  48	  2.95195e-07
256	  0.496729	  0.527046	  2.51576e-05	  1.64215e-06	  48	  3.19131e-07
257	  0.431771	  0	  3.35802e-05	  8.61732e-07	  12	  2.91847e-07
258	  0.434934	  0.120386	  3.30963e-05	  9.90267e-07	  24	  2.51651e-07
259	  0.444288	  0.235702	  3.17448e-05	  9.77364e-07	  24	  2.48372e-07
260	  0.459456	  0.341882	  2.96564e-05	  1.32395e-06	  24	  3.36449e-07
261	  0.479886	  0.436436	  2.70325e-05	  1.17681e-06	  24	  2.99055e-07
262	  0.444288	  0	  3.17448e-05	  1.3604e-06	  6	  6.234e-07
263	  0.447363	  0.117041	  3.13159e-05	  1.17478e-06	  12	  3.97867e-07
264	  0.456463	  0.229416	  3.00618e-05	  1.23262e-06	  12	  4.17459e-07
265	  0.471239	  0.333333	  2.81005e-05	  1.11747e-06	  12	  3.78459e-07
266	  0.491179	  0.426401	  2.5739e-05	  9.67554e-07	  12	  3.27687e-07
267	  0.447363	  0	  3.13159e-05	  1.05649e-06	  12	  3.57807e-07
268	  0.450417	  0.116248	  3.08918e-05	  1.2853e-06	  24	  3.26625e-07
269	  0.459456	  0.227921	  2.96564e-05	  1.17083e-06	  24	  2.97537e-07
270	  0.474139	  0.331295	  2.77372e-05	  1.49052e-06	  24	  3.78778e-07
271	  0.493962	  0.423999	  2.54462e-05	  1.12727e-06	  24	  2.86468e-07
272	  0.450417	  0	  3.08918e-05	  1.14781e-06	  12	  3.88735e-07
273	  0.45345	  0.11547	  3.04707e-05	  7.59409e-07	  24	  1.92984e-07
274	  0.46243	  0.226455	  2.92537e-05	  9.78161e-07	  24	  2.48574e-07
275	  0.477021	  0.329293	  2.73837e-05	  1.1313e-06	  24	  2.87491e-07
276	  0.496729	  0.421637	  2.51576e-05	  1.31486e-06	  24	  3.34139e-07
277	  0.468321	  0	  2.84818e-05	  7.51578e-07	  12	  2.54541e-07
278	  0.471239	  0.111111	  2.81005e-05	  9.84425e-07	  24	  2.50166e-07
279	  0.479886	  0.218218	  2.70325e-05	  7.17632e-07	  24	  1.82368e-07
280	  0.493962	  0.317999	  2.54462e-05	  9.15588e-07	  24	  2.32673e-07
281	  0.471239	  0	  2.81005e-05	  2.32295e-06	  6	  1.06449e-06
282	  0.474139	  0.110432	  2.77372e-05	  1.36169e-06	  12	  4.61171e-07
283	  0.482734	  0.21693	  2.66929e-05	  9.24998e-07	  12	  3.13274e-07
284	  0.496729	  0.316228	  2.51576e-05	  1.05728e-06	  12	  3.58074e-07
285	  0.474139	  0	  2.77372e-05	  1.36005e-06	  12	  4.60614e-07
286	  0.477021	  0.109764	  2.73837e-05	  8.21489e-07	  24	  2.0876e-07
287	  0.485566	  0.215666	  2.63731e-05	  7.76445e-07	  24	  1.97313e-07
288	  0.499481	  0.314485	  2.48707e-05	  1.03696e-06	  24	  2.63517e-07
289	  0.482734	  0	  2.66929e-05	  8.12366e-07	  24	  2.06442e-07
290	  0.485566	  0.107833	  2.63731e-05	  1.06715e-06	  48	  2.07388e-07
291	  0.493962	  0.212	  2.54462e-05	  1.00726e-06	  48	  1.95748e-07
292	  0.493962	  0	  2.54462e-05	  9.75177e-07	  12	  3.30268e-07
293	  0.496729	  0.105409	  2.51576e-05	  1.14521e-06	  24	  2.91027e-07
294	  0.496729	  0	  2.51576e-05	  7.57926e-07	  12	  2.56691e-07
295	  0.499481	  0.104828	  2.48707e-05	  8.09754e-07	  24	  2.05778e-07
296	  0.557622	  0.0311873	  1.97263e-05	  7.89245e-07	  192	  9.64211e-08
297	  0.557622	  0.0937546	  1.97263e-05	  7.56588e-07	  384	  7.64388e-08
298	  0.557622	  0.156239	  1.97263e-05	  6.53861e-07	  168	  8.31395e-08
299	  0.557622	  0.218749	  1.97263e-05	  7.80336e-07	  216	  9.21119e-08
300	  0.557622	  0.281247	  1.97263e-05	  8.78368e-07	  372	  8.94597e-08
301	  0.557622	  0.343756	  1.97263e-05	  7.91131e-07	  216	  9.33862e-08
302	  0.557622	  0.406258	  1.97263e-05	  1.1632e-06	  204	  1.396e-07
303	  0.557622	  0.468751	  1.97263e-05	  1.18573e-06	  276	  1.30659e-07
304	  0.557622	  0.531244	  1.97263e-05	  1.31447e-06	  264	  1.46624e-07
305	  0.557622	  0.593752	  1.97263e-05	  1.51452e-06	  252	  1.71131e-07
306	  0.557622	  0.656252	  1.97263e-05	  1.51784e-06	  192	  1.85433e-07
307	  0.557622	  0.718753	  1.97263e-05	  1.65647e-06	  336	  1.73191e-07
308	  0.557622	  0.78125	  1.97263e-05	  1.94582e-06	  240	  2.22894e-07
309	  0.557622	  0.843744	  1.97263e-05	  2.21027e-06	  252	  2.49748e-07
310	  0.557622	  0.906252	  1.97263e-05	  2.73183e-06	  252	  3.0868e-07
311	  0.557622	  0.968755	  1.97263e-05	  3.0207e-06	  246	  3.43628e-07
312	  0.672523	  0.0311873	  1.31951e-05	  5.09631e-07	  282	  5.58296e-08
313	  0.672523	  0.0937546	  1.31951e-05	  5.00978e-07	  564	  4.61439e-08
314	  0.672523	  0.156239	  1.31951e-05	  5.86291e-07	  564	  5.40019e-08
315	  0.672523	  0.218749	  1.31951e-05	  5.439e-07	  516	  5.11389e-08
316	  0.672523	  0.281247	  1.31951e-05	  5.61439e-07	  396	  5.62853e-08
317	  0.672523	  0.343756	  1.31951e-05	  6.49685e-07	  468	  6.25159e-08
318	  0.672523	  0.406258	  1.31951e-05	  7.40857e-07	  468	  7.1289e-08
319	  0.672523	  0.468751	  1.31951e-05	  7.0162e-07	  420	  6.93165e-08
320	  0.672523	  0.531244	  1.31951e-05	  8.20371e-07	  516	  7.71334e-08
321	  0.672523	  0.593752	  1.31951e-05	  8.7133e-07	  564	  8.02562e-08
322	  0.672523	  0.656252	  1.31951e-05	  1.04346e-06	  444	  1.01694e-07
323	  0.672523	  0.718753	  1.31951e-05	  1.11517e-06	  456	  1.07981e-07
324	  0.672523	  0.78125	  1.31951e-05	  1.21506e-06	  456	  1.17653e-07
325	  0.672523	  0.843744	  1.31951e-05	  1.6687e-06	  468	  1.6057e-07
326	  0.672523	  0.906252	  1.31951e-05	  1.9343e-06	  504	  1.82875e-07
327	  0.672523	  0.968755	  1.31951e-05	  2.18866e-06	  426	  2.15474e-07
328	  0.813161	  0.0311873	  8.69104e-06	  3.34512e-07	  690	  2.94603e-08
329	  0.813161	  0.0937546	  8.69104e-06	  3.4137e-07	  828	  2.89319e-08
330	  0.813161	  0.156239	  8.69104e-06	  3.64173e-07	  876	  3.05129e-08
331	  0.813161	  0.218749	  8.69104e-06	  3.81316e-07	  864	  3.20384e-08
332	  0.813161	  0.281247	  8.69104e-06	  3.76701e-07	  852	  3.17406e-08
333	  0.813161	  0.343756	  8.69104e-06	  4.11331e-07	  828	  3.48612e-08
334	  0.813161	  0.406258	  8.69104e-06	  4.75842e-07	  828	  4.03288e-08
335	  0.813161	  0.468751	  8.69104e-06	  4.81921e-07	  888	  4.02683e-08
336	  0.813161	  0.531244	  8.69104e-06	  5.41992e-07	  732	  4.71322e-08
337	  0.813161	  0.593752	  8.69104e-06	  6.13436e-07	  816	  5.21463e-08
338	  0.813161	  0.656252	  8.69104e-06	  6.67812e-07	  840	  5.64323e-08
339	  0.813161	  0.718753	  8.69104e-06	  7.68581e-07	  816	  6.53348e-08
340	  0.813161	  0.78125	  8.69104e-06	  8.24942e-07	  744	  7.1491e-08
341	  0.813161	  0.843744	  8.69104e-06	  9.88044e-07	  888	  8.25588e-08
342	  0.813161	  0.906252	  8.69104e-06	  1.10654e-06	  768	  9.52562e-08
343	  0.813161	  0.968755	  8.69104e-06	  1.32805e-06	  849	  1.11981e-07
344	  0.98304	  0.0311873	  5.67865e-06	  2.38628e-07	  1926	  1.73688e-08
345	  0.98304	  0.0937546	  5.67865e-06	  2.39231e-07	  1260	  1.87011e-08
346	  0.98304	  0.156239	  5.67865e-06	  2.49901e-07	  1236	  1.96032e-08
347	  0.98304	  0.218749	  5.67865e-06	  2.39554e-07	  1368	  1.84545e-08
348	  0.98304	  0.281247	  5.67865e-06	  2.5762e-07	  1572	  1.93786e-08
349	  0.98304	  0.343756	  5.67865e-06	  2.74961e-07	  1404	  2.10862e-08
350	  0.98304	  0.406258	  5.67865e-06	  2.85477e-07	  1368	  2.19923e-08
351	  0.98304	  0.468751	  5.67865e-06	  3.26492e-07	  1476	  2.48228e-08
352	  0.98304	  0.531244	  5.67865e-06	  3.49734e-07	  1524	  2.64454e-08
353	  0.98304	  0.593752	  5.67865e-06	  3.73544e-07	  1440	  2.85209e-08
354	  0.98304	  0.656252	  5.67865e-06	  4.12318e-07	  1404	  3.16198e-08
355	  0.98304	  0.718753	  5.67865e-06	  4.8751e-07	  1440	  3.72225e-08
356	  0.98304	  0.78125	  5.67865e-06	  5.65616e-07	  1500	  4.28849e-08
357	  0.98304	  0.843744	  5.67865e-06	  6.06527e-07	  1428	  4.63767e-08
358	  0.98304	  0.906252	  5.67865e-06	  7.02415e-07	  1524	  5.31136e-08
359	  0.98304	  0.968755	  5.67865e-06	  7.90514e-07	  1428	  6.04449e-08
360	  1.18839	  0.0311873	  3.68121e-06	  1.5345e-07	  2670	  1.06422e-08
361	  1.18839	  0.0937546	  3.68121e-06	  1.52074e-07	  2124	  1.09034e-08
362	  1.18839	  0.156239	  3.68121e-06	  1.54585e-07	  3024	  1.05403e-08
363	  1.18839	  0.218749	  3.68121e-06	  1.68233e-07	  2472	  1.17953e-08
364	  1.18839	  0.281247	  3.68121e-06	  1.69662e-07	  2448	  1.19122e-08
365	  1.18839	  0.343756	  3.68121e-06	  1.81837e-07	  2604	  1.26552e-08
366	  1.18839	  0.406258	  3.68121e-06	  1.97698e-07	  2640	  1.37326e-08
367	  1.18839	  0.468751	  3.68121e-06	  2.06315e-07	  2652	  1.4322e-08
368	  1.18839	  0.531244	  3.68121e-06	  2.23373e-07	  2388	  1.57397e-08
369	  1.18839	  0.593752	  3.68121e-06	  2.46471e-07	  2628	  1.71314e-08
370	  1.18839	  0.656252	  3.68121e-06	  2.91227e-07	  2556	  2.03217e-08
371	  1.18839	  0.718753	  3.68121e-06	  2.99534e-07	  2592	  2.08601e-08
372	  1.18839	  0.78125	  3.68121e-06	  3.5491e-07	  2424	  2.49541e-08
373	  1.18839	  0.843744	  3.68121e-06	  3.94242e-07	  2712	  2.72825e-08
374	  1.18839	  0.906252	  3.68121e-06	  4.16877e-07	  2532	  2.91286e-08
375	  1.18839	  0.968755	  3.68121e-06	  4.7785e-07	  2556	  3.33442e-08
376	  1.43678	  0.0311873	  2.3695e-06	  1.03575e-07	  4026	  6.81109e-09
377	  1.43678	  0.0937546	  2.3695e-06	  1.03093e-07	  5280	  6.57341e-09
378	  1.43678	  0.156239	  2.3695e-06	  1.04031e-07	  4332	  6.78212e-09
379	  1.43678	  0.218749	  2.3695e-06	  1.07258e-07	  4632	  6.93888e-09
380	  1.43678	  0.281247	  2.3695e-06	  1.16301e-07	  4464	  7.55571e-09
381	  1.43678	  0.343756	  2.3695e-06	  1.21791e-07	  4500	  7.9051e-09
382	  1.43678	  0.406258	  2.3695e-06	  1.26623e-07	  4500	  8.21876e-09
383	  1.43678	  0.468751	  2.3695e-06	  1.39741e-07	  4380	  9.09853e-09
384	  1.43678	  0.531244	  2.3695e-06	  1.533e-07	  4752	  9.88886e-09
385	  1.43678	  0.593752	  2.3695e-06	  1.65584e-07	  4488	  1.07509e-08
386	  1.43678	  0.656252	  2.3695e-06	  1.83946e-07	  4716	  1.18759e-08
387	  1.43678	  0.718753	  2.3695e-06	  1.97798e-07	  4500	  1.28385e-08
388	  1.43678	  0.78125	  2.3695e-06	  2.14551e-07	  4524	  1.39174e-08
389	  1.43678	  0.843744	  2.3695e-06	  2.32119e-07	  4512	  1.50616e-08
390	  1.43678	  0.906252	  2.3695e-06	  2.73555e-07	  4524	  1.77448e-08
391	  1.43678	  0.968755	  2.3695e-06	  2.95191e-07	  4563	  1.91295e-08
392	  1.73827	  0.0311873	  1.51234e-06	  6.85197e-08	  8526	  4.16805e-09
393	  1.73827	  0.0937546	  1.51234e-06	  7.03521e-08	  7788	  4.3148e-09
394	  1.73827	  0.156239	  1.51234e-06	  6.95259e-08	  7656	  4.27089e-09
395	  1.73827	  0.218749	  1.51234e-06	  7.2571e-08	  8052	  4.4373e-09
396	  1.73827	  0.281247	  1.51234e-06	  7.38603e-08	  8256	  4.5059e-09
397	  1.73827	  0.343756	  1.51234e-06	  7.88054e-08	  8244	  4.8082e-09
398	  1.73827	  0.406258	  1.51234e-06	  8.40096e-08	  8112	  5.13323e-09
399	  1.73827	  0.468751	  1.51234e-06	  8.80859e-08	  7968	  5.3911e-09
400	  1.73827	  0.531244	  1.51234e-06	  9.52824e-08	  8208	  5.81583e-09
401	  1.73827	  0.593752	  1.51234e-06	  1.03598e-07	  8076	  6.33268e-09
402	  1.73827	  0.656252	  1.51234e-06	  1.12645e-07	  7884	  6.90087e-09
403	  1.73827	  0.718753	  1.51234e-06	  1.20383e-07	  8040	  7.36175e-09
404	  1.73827	  0.78125	  1.51234e-06	  1.31144e-07	  8256	  8.00051e-09
405	  1.73827	  0.843744	  1.51234e-06	  1.42235e-07	  8088	  8.69332e-09
406	  1.73827	  0.906252	  1.51234e-06	  1.5551e-07	  8040	  9.5098e-09
407	  1.73827	  0.968755	  1.51234e-06	  1.61908e-07	  8037	  9.90138e-09
408	  2.10243	  0.0311873	  9.6029e-07	  4.47905e-08	  14208	  2.61529e-09
409	  2.10243	  0.0937546	  9.6029e-07	  4.40163e-08	  14388	  2.56777e-09
410	  2.10243	  0.156239	  9.6029e-07	  4.69967e-08	  14232	  2.74378e-09
411	  2.10243	  0.218749	  9.6029e-07	  4.65208e-08	  14244	  2.71583e-09
412	  2.10243	  0.281247	  9.6029e-07	  4.76605e-08	  14160	  2.78355e-09
413	  2.10243	  0.343756	  9.6029e-07	  5.07274e-08	  14232	  2.96158e-09
414	  2.10243	  0.406258	  9.6029e-07	  5.3161e-08	  14112	  3.10556e-09
415	  2.10243	  0.468751	  9.6029e-07	  5.57705e-08	  14268	  3.25542e-09
416	  2.10243	  0.531244	  9.6029e-07	  6.0782e-08	  14268	  3.54796e-09
417	  2.10243	  0.593752	  9.6029e-07	  6.44856e-08	  14172	  3.76597e-09
418	  2.10243	  0.656252	  9.6029e-07	  6.93187e-08	  14040	  4.05095e-09
419	  2.10243	  0.718753	  9.6029e-07	  7.47496e-08	  14340	  4.36169e-09
420	  2.10243	  0.78125	  9.6029e-07	  7.80075e-08	  14160	  4.55593e-09
421	  2.10243	  0.843744	  9.6029e-07	  8.43021e-08	  14280	  4.92057e-09
422	  2.10243	  0.906252	  9.6029e-07	  8.80363e-08	  14280	  5.13853e-09
423	  2.10243	  0.968755	  9.6029e-07	  9.12733e-08	  14205	  5.32948e-09
424	  2.54295	  0.0311873	  6.06147e-07	  2.93855e-08	  25416	  1.6536e-09
425	  2.54295	  0.0937546	  6.06147e-07	  2.97131e-08	  25008	  1.67355e-09
426	  2.54295	  0.156239	  6.06147e-07	  3.02346e-08	  25044	  1.70278e-09
427	  2.54295	  0.218749	  6.06147e-07	  3.04793e-08	  25524	  1.71474e-09
428	  2.54295	  0.281247	  6.06147e-07	  3.09293e-08	  25176	  1.7414e-09
429	  2.54295	  0.343756	  6.06147e-07	  3.17815e-08	  25200	  1.78928e-09
430	  2.54295	  0.406258	  6.06147e-07	  3.33894e-08	  25368	  1.8791e-09
431	  2.54295	  0.468751	  6.06147e-07	  3.49843e-08	  25260	  1.96933e-09
432	  2.54295	  0.531244	  6.06147e-07	  3.73482e-08	  25044	  2.10341e-09
433	  2.54295	  0.593752	  6.06147e-07	  3.93315e-08	  25368	  2.21352e-09
434	  2.54295	  0.656252	  6.06147e-07	  4.19779e-08	  25596	  2.36128e-09
435	  2.54295	  0.718753	  6.06147e-07	  4.38255e-08	  25224	  2.46722e-09
436	  2.54295	  0.78125	  6.06147e-07	  4.58395e-08	  24948	  2.58219e-09
437	  2.54295	  0.843744	  6.06147e-07	  4.77122e-08	  25392	  2.68503e-09
438	  2.54295	  0.906252	  6.06147e-07	  4.85053e-08	  25332	  2.73002e-09
439	  2.54295	  0.968755	  6.06147e-07	  5.04537e-08	  25071	  2.84133e-09
440	  3.07539	  0.0311873	  3.80886e-07	  1.96603e-08	  42570	  1.0783e-09
441	  3.07539	  0.0937546	  3.80886e-07	  1.91813e-08	  45396	  1.04909e-09
442	  3.07539	  0.156239	  3.80886e-07	  1.9528e-08	  45336	  1.06811e-09
443	  3.07539	  0.218749	  3.80886e-07	  1.94271e-08	  44328	  1.06363e-09
444	  3.07539	  0.281247	  3.80886e-07	  1.97057e-08	  44508	  1.07869e-09
445	  3.07539	  0.343756	  3.80886e-07	  2.03031e-08	  44748	  1.11114e-09
446	  3.07539	  0.406258	  3.80886e-07	  2.09553e-08	  44496	  1.1471e-09
447	  3.07539	  0.468751	  3.80886e-07	  2.18619e-08	  44580	  1.19664e-09
448	  3.07539	  0.531244	  3.80886e-07	  2.28802e-08	  44676	  1.25226e-09
449	  3.07539	  0.593752	  3.80886e-07	  2.37897e-08	  44520	  1.30223e-09
450	  3.07539	  0.656252	  3.80886e-07	  2.44679e-08	  44292	  1.33966e-09
451	  3.07539	  0.718753	  3.80886e-07	  2.54181e-08	  44796	  1.391e-09
452	  3.07539	  0.78125	  3.80886e-07	  2.58828e-08	  44676	  1.4166e-09
453	  3.07539	  0.843744	  3.80886e-07	  2.59851e-08	  44388	  1.42259e-09
454	  3.07539	  0.906252	  3.80886e-07	  2.61913e-08	  44532	  1.43368e-09
455	  3.07539	  0.968755	  3.80886e-07	  2.61095e-08	  44553	  1.42917e-09
456	  3.719	  0.0311873	  2.38202e-07	  1.25848e-08	  80406	  6.7362e-10
457	  3.719	  0.0937546	  2.38202e-07	  1.23688e-08	  78528	  6.6258e-10
458	  3.719	  0.156239	  2.38202e-07	  1.23771e-08	  78504	  6.63028e-10
459	  3.719	  0.218749	  2.38202e-07	  1.24216e-08	  78540	  6.65404e-10
460	  3.719	  0.281247	  2.38202e-07	  1.24854e-08	  78660	  6.68789e-10
461	  3.719	  0.343756	  2.38202e-07	  1.26843e-08	  78456	  6.79501e-10
462	  3.719	  0.406258	  2.38202e-07	  1.28572e-08	  79152	  6.88561e-10
463	  3.719	  0.468751	  2.38202e-07	  1.33171e-08	  78780	  7.133e-10
464	  3.719	  0.531244	  2.38202e-07	  1.34412e-08	  78888	  7.19914e-10
465	  3.719	  0.593752	  2.38202e-07	  1.37698e-08	  78804	  7.37543e-10
466	  3.719	  0.656252	  2.38202e-07	  1.40083e-08	  78528	  7.50405e-10
467	  3.719	  0.718753	  2.38202e-07	  1.41292e-08	  78684	  7.5683e-10
468	  3.719	  0.78125	  2.38202e-07	  1.39788e-08	  78984	  7.4868e-10
469	  3.719	  0.843744	  2.38202e-07	  1.37115e-08	  78888	  7.34392e-10
470	  3.719	  0.906252	  2.38202e-07	  1.34668e-08	  78864	  7.21292e-10
471	  3.719	  0.968755	  2.38202e-07	  1.30329e-08	  78726	  6.98097e-10
472	  4.49782	  0.0311873	  1.48304e-07	  7.92852e-09	  139272	  4.17671e-10
473	  4.49782	  0.0937546	  1.48304e-07	  7.80197e-09	  139704	  4.10972e-10
474	  4.49782	  0.156239	  1.48304e-07	  7.76065e-09	  139548	  4.08807e-10
475	  4.49782	  0.218749	  1.48304e-07	  7.72713e-09	  139668	  4.07033e-10
476	  4.49782	  0.281247	  1.48304e-07	  7.68366e-09	  139596	  4.04748e-10
477	  4.49782	  0.343756	  1.48304e-07	  7.7028e-09	  139536	  4.05761e-10
478	  4.49782	  0.406258	  1.48304e-07	  7.74902e-09	  138984	  4.08237e-10
479	  4.49782	  0.468751	  1.48304e-07	  7.78524e-09	  139548	  4.10103e-10
480	  4.49782	  0.531244	  1.48304e-07	  7.73665e-09	  139440	  4.07551e-10
481	  4.49782	  0.593752	  1.48304e-07	  7.70001e-09	  139404	  4.05624e-10
482	  4.49782	  0.656252	  1.48304e-07	  7.61202e-09	  139644	  4.00971e-10
483	  4.49782	  0.718753	  1.48304e-07	  7.37437e-09	  139500	  3.88463e-10
484	  4.49782	  0.78125	  1.48304e-07	  7.14831e-09	  139500	  3.76554e-10
485	  4.49782	  0.843744	  1.48304e-07	  6.80483e-09	  139308	  3.58473e-10
486	  4.49782	  0.906252	  1.48304e-07	  6.51147e-09	  139452	  3.4301e-10
487	  4.49782	  0.968755	  1.48304e-07	  6.05523e-09	  139644	  3.18966e-10
488	  5.43965	  0.0311873	  9.19403e-08	  4.9422e-09	  245130	  2.57092e-10
489	  5.43965	  0.0937546	  9.19403e-08	  4.8109e-09	  247236	  2.5022e-10
490	  5.43965	  0.156239	  9.19403e-08	  4.7481e-09	  247224	  2.46954e-10
491	  5.43965	  0.218749	  9.19403e-08	  4.66595e-09	  246900	  2.42688e-10
492	  5.43965	  0.281247	  9.19403e-08	  4.60962e-09	  246672	  2.39762e-10
493	  5.43965	  0.343756	  9.19403e-08	  4.50239e-09	  247212	  2.34175e-10
494	  5.43965	  0.406258	  9.19403e-08	  4.43351e-09	  246408	  2.30607e-10
495	  5.43965	  0.468751	  9.19403e-08	  4.30203e-09	  246696	  2.23763e-10
496	  5.43965	  0.531244	  9.19403e-08	  4.19425e-09	  246528	  2.1816e-10
497	  5.43965	  0.593752	  9.19403e-08	  4.03136e-09	  246924	  2.09681e-10
498	  5.43965	  0.656252	  9.19403e-08	  3.8342e-09	  246768	  1.99428e-10
499	  5.43965	  0.718753	  9.19403e-08	  3.64476e-09	  246540	  1.89579e-10
500	  5.43965	  0.78125	  9.19403e-08	  3.3842e-09	  246408	  1.76028e-10
501	  5.43965	  0.843744	  9.19403e-08	  3.13544e-09	  246768	  1.63084e-10
502	  5.43965	  0.906252	  9.19403e-08	  2.88381e-09	  246612	  1.49998e-10
503	  5.43965	  0.968755	  9.19403e-08	  2.60339e-09	  246780	  1.3541e-10
504	  6.57891	  0.0311873	  5.67936e-08	  2.98583e-09	  440496	  1.5379e-10
505	  6.57891	  0.0937546	  5.67936e-08	  2.89328e-09	  432708	  1.49062e-10
506	  6.57891	  0.156239	  5.67936e-08	  2.81292e-09	  437184	  1.449e-10
507	  6.57891	  0.218749	  5.67936e-08	  2.72495e-09	  436008	  1.40374e-10
508	  6.57891	  0.281247	  5.67936e-08	  2.6167e-09	  436512	  1.34796e-10
509	  6.57891	  0.343756	  5.67936e-08	  2.50925e-09	  436728	  1.2926e-10
510	  6.57891	  0.406258	  5.67936e-08	  2.37612e-09	  436404	  1.22403e-10
511	  6.57891	  0.468751	  5.67936e-08	  2.24576e-09	  436620	  1.15687e-10
512	  6.57891	  0.531244	  5.67936e-08	  2.10235e-09	  436176	  1.08301e-10
513	  6.57891	  0.593752	  5.67936e-08	  1.9376e-09	  437028	  9.98112e-11
514	  6.57891	  0.656252	  5.67936e-08	  1.78203e-09	  436296	  9.17996e-11
515	  6.57891	  0.718753	  5.67936e-08	  1.60772e-09	  436956	  8.28179e-11
516	  6.57891	  0.78125	  5.67936e-08	  1.44792e-09	  436200	  7.45883e-11
517	  6.57891	  0.843744	  5.67936e-08	  1.29284e-09	  436884	  6.65979e-11
518	  6.57891	  0.906252	  5.67936e-08	  1.15422e-09	  436560	  5.9458e-11
519	  6.57891	  0.968755	  5.67936e-08	  1.03238e-09	  436485	  5.31816e-11
520	  7.95665	  0.0311873	  3.49579e-08	  1.72855e-09	  771750	  8.83951e-11
521	  7.95665	  0.0937546	  3.49579e-08	  1.67159e-09	  773916	  8.54796e-11
522	  7.95665	  0.156239	  3.49579e-08	  1.59984e-09	  768432	  8.18172e-11
523	  7.95665	  0.218749	  3.49579e-08	  1.5219e-09	  774300	  7.78247e-11
524	  7.95665	  0.281247	  3.49579e-08	  1.41629e-09	  772140	  7.24265e-11
525	  7.95665	  0.343756	  3.49579e-08	  1.30445e-09	  770640	  6.67083e-11
526	  7.95665	  0.406258	  3.49579e-08	  1.18654e-09	  773148	  6.06765e-11
527	  7.95665	  0.468751	  3.49579e-08	  1.06727e-09	  771396	  5.45787e-11
528	  7.95665	  0.531244	  3.49579e-08	  9.52121e-10	  771888	  4.86898e-11
529	  7.95665	  0.593752	  3.49579e-08	  8.41203e-10	  772812	  4.3017e-11
530	  7.95665	  0.656252	  3.49579e-08	  7.41303e-10	  771948	  3.79089e-11
531	  7.95665	  0.718753	  3.49579e-08	  6.43503e-10	  770964	  3.2908e-11
532	  7.95665	  0.78125	  3.49579e-08	  5.59325e-10	  773016	  2.86024e-11
533	  7.95665	  0.843744	  3.49579e-08	  4.84049e-10	  771312	  2.47536e-11
534	  7.95665	  0.906252	  3.49579e-08	  4.25713e-10	  772296	  2.17701e-11
535	  7.95665	  0.968755	  3.49579e-08	  3.95256e-10	  771855	  2.02127e-11
536	  9.62243	  0.0311873	  2.14453e-08	  9.71143e-10	  1.36555e+06	  4.93882e-11
537	  9.62243	  0.0937546	  2.14453e-08	  9.31353e-10	  1.36112e+06	  4.7366e-11
538	  9.62243	  0.156239	  2.14453e-08	  8.76392e-10	  1.37094e+06	  4.45681e-11
539	  9.62243	  0.218749	  2.14453e-08	  8.03459e-10	  1.36158e+06	  4.08615e-11
540	  9.62243	  0.281247	  2.14453e-08	  7.16443e-10	  1.36709e+06	  3.64349e-11
541	  9.62243	  0.343756	  2.14453e-08	  6.25645e-10	  1.36517e+06	  3.18177e-11
542	  9.62243	  0.406258	  2.14453e-08	  5.38085e-10	  1.36558e+06	  2.73647e-11
543	  9.62243	  0.468751	  2.14453e-08	  4.60341e-10	  1.36436e+06	  2.34112e-11
544	  9.62243	  0.531244	  2.14453e-08	  3.91238e-10	  1.36668e+06	  1.98966e-11
545	  9.62243	  0.593752	  2.14453e-08	  3.32406e-10	  1.36381e+06	  1.69049e-11
546	  9.62243	  0.656252	  2.14453e-08	  2.80211e-10	  1.36573e+06	  1.42503e-11
547	  9.62243	  0.718753	  2.14453e-08	  2.36451e-10	  1.3655e+06	  1.20249e-11
548	  9.62243	  0.78125	  2.14453e-08	  1.98781e-10	  1.36499e+06	  1.01092e-11
549	  9.62243	  0.843744	  2.14453e-08	  1.68159e-10	  1.36476e+06	  8.55191e-12
550	  9.62243	  0.906252	  2.14453e-08	  1.44887e-10	  1.36657e+06	  7.3683e-12
551	  9.62243	  0.968755	  2.14453e-08	  1.33528e-10	  1.36467e+06	  6.79069e-12
