#n	   k	      mu	    PL	    Pf	     w	     err  
0	  0.10472	  1	  0.00427213	  0.000250705	  3	  0.00015728
1	  0.20944	  1	  0.00151751	  0.000104465	  3	  6.55359e-05
2	  0.314159	  1	  0.0007108	  7.92766e-05	  3	  4.97342e-05
3	  0.418879	  1	  0.000398371	  4.25751e-05	  3	  2.67095e-05
4	  0.523599	  1	  0.000251849	  4.45431e-06	  3	  2.79441e-06
5	  0.628319	  1	  0.000170648	  7.25291e-06	  3	  4.55012e-06
6	  0.733038	  1	  0.000122002	  5.384e-06	  3	  3.37765e-06
7	  0.837758	  1	  9.08132e-05	  1.00366e-05	  3	  6.29645e-06
8	  0.942478	  1	  6.97363e-05	  3.67792e-06	  3	  2.30734e-06
9	  0.10472	  0	  0.00427213	  4.83808e-05	  6	  2.21704e-05
10	  0.148096	  0.707107	  0.00271675	  5.89633e-05	  12	  1.99694e-05
11	  0.23416	  0.894427	  0.00120207	  6.28612e-05	  12	  2.12895e-05
12	  0.331153	  0.948683	  0.00064369	  4.62417e-05	  12	  1.56609e-05
13	  0.431771	  0.970143	  0.000374901	  1.50614e-05	  12	  5.10091e-06
14	  0.533968	  0.980581	  0.00024156	  1.10135e-05	  12	  3.73001e-06
15	  0.636985	  0.986394	  0.000165645	  7.68609e-06	  12	  2.60309e-06
16	  0.74048	  0.989949	  0.000119362	  5.67144e-06	  12	  1.92077e-06
17	  0.844278	  0.992278	  8.92337e-05	  7.1446e-06	  12	  2.4197e-06
18	  0.948278	  0.993884	  6.87654e-05	  2.55398e-06	  12	  8.64968e-07
19	  0.148096	  0	  0.00271675	  2.08399e-05	  6	  9.54986e-06
20	  0.18138	  0.57735	  0.00192736	  3.76467e-05	  12	  1.275e-05
21	  0.25651	  0.816497	  0.00105795	  4.06487e-05	  12	  1.37667e-05
22	  0.347316	  0.904534	  0.000579791	  2.27886e-05	  12	  7.71793e-06
23	  0.444288	  0.942809	  0.000354409	  1.65446e-05	  12	  5.60325e-06
24	  0.54414	  0.96225	  0.000231969	  1.46533e-05	  12	  4.96271e-06
25	  0.645536	  0.973329	  0.000160985	  8.5808e-06	  12	  2.9061e-06
26	  0.747849	  0.980196	  0.000116753	  6.84601e-06	  12	  2.31857e-06
27	  0.850747	  0.984732	  8.77505e-05	  6.36693e-06	  12	  2.15632e-06
28	  0.954042	  0.987878	  6.78321e-05	  2.50671e-06	  12	  8.4896e-07
29	  0.20944	  0	  0.00151751	  1.68253e-05	  6	  7.71016e-06
30	  0.23416	  0.447214	  0.00120207	  2.2249e-05	  12	  7.53519e-06
31	  0.296192	  0.707107	  0.000782761	  1.93321e-05	  12	  6.54731e-06
32	  0.377572	  0.83205	  0.000493333	  1.34051e-05	  12	  4.53999e-06
33	  0.468321	  0.894427	  0.00031798	  2.4333e-05	  12	  8.24097e-06
34	  0.563933	  0.928477	  0.000215017	  7.55391e-06	  12	  2.55832e-06
35	  0.662306	  0.948683	  0.000152257	  6.89935e-06	  12	  2.33664e-06
36	  0.762371	  0.961524	  0.000111916	  5.16574e-06	  12	  1.74951e-06
37	  0.863541	  0.970143	  8.48614e-05	  4.99058e-06	  12	  1.69018e-06
38	  0.965468	  0.976187	  6.60351e-05	  5.821e-06	  12	  1.97143e-06
39	  0.23416	  0	  0.00120207	  1.41771e-05	  12	  4.80143e-06
40	  0.25651	  0.408248	  0.00105795	  1.89467e-05	  24	  4.81482e-06
41	  0.314159	  0.666667	  0.0007108	  2.33616e-05	  24	  5.93674e-06
42	  0.391825	  0.801784	  0.000459314	  1.2051e-05	  24	  3.06244e-06
43	  0.479886	  0.872872	  0.000301799	  1.62896e-05	  24	  4.13958e-06
44	  0.573574	  0.912871	  0.000207525	  7.56721e-06	  24	  1.92301e-06
45	  0.670534	  0.937043	  0.00014827	  7.38602e-06	  24	  1.87697e-06
46	  0.76953	  0.952579	  0.00010966	  4.18667e-06	  24	  1.06393e-06
47	  0.869868	  0.963087	  8.34996e-05	  3.08521e-06	  24	  7.84026e-07
48	  0.971131	  0.970495	  6.51545e-05	  3.30995e-06	  24	  8.41138e-07
49	  0.296192	  0	  0.000782761	  8.06698e-06	  6	  3.69668e-06
50	  0.314159	  0.333333	  0.0007108	  1.0638e-05	  12	  3.60281e-06
51	  0.36276	  0.57735	  0.000530683	  1.59607e-05	  12	  5.40549e-06
52	  0.431771	  0.727607	  0.000374901	  1.34093e-05	  12	  4.54139e-06
53	  0.51302	  0.816497	  0.000262812	  1.22613e-05	  12	  4.15259e-06
54	  0.601569	  0.870388	  0.000187384	  1.06441e-05	  12	  3.6049e-06
55	  0.694632	  0.904534	  0.000137293	  6.61976e-06	  12	  2.24195e-06
56	  0.790617	  0.927173	  0.000103284	  4.80239e-06	  12	  1.62645e-06
57	  0.888577	  0.942809	  7.96115e-05	  3.45094e-06	  12	  1.16875e-06
58	  0.987924	  0.953998	  6.26782e-05	  1.88379e-06	  12	  6.37992e-07
59	  0.314159	  0	  0.0007108	  1.13574e-05	  6	  5.20453e-06
60	  0.331153	  0.316228	  0.00064369	  1.36708e-05	  12	  4.62995e-06
61	  0.377572	  0.5547	  0.000493333	  1.0936e-05	  12	  3.70374e-06
62	  0.444288	  0.707107	  0.000354409	  8.0361e-06	  12	  2.72163e-06
63	  0.523599	  0.8	  0.000251849	  8.58342e-06	  12	  2.90699e-06
64	  0.610616	  0.857493	  0.000181465	  7.74937e-06	  12	  2.62452e-06
65	  0.702481	  0.894427	  0.000133953	  5.45246e-06	  12	  1.84661e-06
66	  0.797522	  0.919145	  0.000101309	  8.23816e-06	  12	  2.79006e-06
67	  0.894726	  0.936329	  7.83672e-05	  5.48595e-06	  12	  1.85795e-06
68	  0.993459	  0.948683	  6.18957e-05	  4.41613e-06	  12	  1.49563e-06
69	  0.331153	  0	  0.00064369	  1.20461e-05	  12	  4.07971e-06
70	  0.347316	  0.301511	  0.000579791	  4.41277e-06	  24	  1.12139e-06
71	  0.391825	  0.534522	  0.000459314	  7.52565e-06	  24	  1.91245e-06
72	  0.456463	  0.688247	  0.00033562	  8.34704e-06	  24	  2.12119e-06
73	  0.533968	  0.784465	  0.00024156	  6.28418e-06	  24	  1.59696e-06
74	  0.61953	  0.845154	  0.000175917	  6.86178e-06	  24	  1.74374e-06
75	  0.710244	  0.884652	  0.000130793	  5.68984e-06	  24	  1.44593e-06
76	  0.804368	  0.911322	  9.94144e-05	  3.96939e-06	  24	  1.00872e-06
77	  0.900833	  0.929981	  7.7197e-05	  2.96442e-06	  24	  7.53331e-07
78	  0.998963	  0.943456	  6.11335e-05	  2.29846e-06	  24	  5.84095e-07
79	  0.377572	  0	  0.000493333	  5.3421e-06	  12	  1.80924e-06
80	  0.391825	  0.267261	  0.000459314	  4.55993e-06	  24	  1.15879e-06
81	  0.431771	  0.485071	  0.000374901	  9.43222e-06	  24	  2.39696e-06
82	  0.491179	  0.639602	  0.000287358	  5.06811e-06	  24	  1.28793e-06
83	  0.563933	  0.742781	  0.000215017	  7.70698e-06	  24	  1.95853e-06
84	  0.645536	  0.811107	  0.000160985	  5.00684e-06	  24	  1.27236e-06
85	  0.733038	  0.857143	  0.000122002	  4.54223e-06	  24	  1.15429e-06
86	  0.824564	  0.889001	  9.40695e-05	  3.24848e-06	  24	  8.25517e-07
87	  0.918912	  0.911685	  7.38245e-05	  2.34449e-06	  24	  5.95791e-07
88	  0.418879	  0	  0.000398371	  5.76473e-06	  6	  2.64168e-06
89	  0.431771	  0.242536	  0.000374901	  4.56464e-06	  12	  1.54593e-06
90	  0.468321	  0.447214	  0.00031798	  9.11167e-06	  12	  3.08589e-06
91	  0.523599	  0.6	  0.000251849	  4.91748e-06	  12	  1.66543e-06
92	  0.592384	  0.707107	  0.000193728	  9.6803e-06	  12	  3.27848e-06
93	  0.670534	  0.780869	  0.00014827	  3.59899e-06	  12	  1.21889e-06
94	  0.755145	  0.83205	  0.000114321	  4.09683e-06	  12	  1.38749e-06
95	  0.844278	  0.868243	  8.92337e-05	  4.30628e-06	  12	  1.45843e-06
96	  0.936642	  0.894427	  7.07132e-05	  3.44205e-06	  12	  1.16574e-06
97	  0.431771	  0	  0.000374901	  4.06129e-06	  12	  1.37546e-06
98	  0.444288	  0.235702	  0.000354409	  2.97662e-06	  24	  7.56432e-07
99	  0.479886	  0.436436	  0.000301799	  6.45554e-06	  24	  1.64051e-06
100	  0.533968	  0.588348	  0.00024156	  5.16212e-06	  24	  1.31182e-06
101	  0.601569	  0.696311	  0.000187384	  4.16697e-06	  24	  1.05893e-06
102	  0.678662	  0.771517	  0.000144415	  4.10567e-06	  24	  1.04335e-06
103	  0.762371	  0.824163	  0.000111916	  3.44702e-06	  24	  8.75971e-07
104	  0.850747	  0.86164	  8.77505e-05	  4.19153e-06	  24	  1.06517e-06
105	  0.942478	  0.888889	  6.97363e-05	  2.80739e-06	  24	  7.13424e-07
106	  0.444288	  0	  0.000354409	  2.80723e-06	  6	  1.28641e-06
107	  0.456463	  0.229416	  0.00033562	  4.52525e-06	  12	  1.53259e-06
108	  0.491179	  0.426401	  0.000287358	  2.78031e-06	  12	  9.41623e-07
109	  0.54414	  0.57735	  0.000231969	  2.68153e-06	  12	  9.08168e-07
110	  0.610616	  0.685994	  0.000181465	  2.47676e-06	  12	  8.38817e-07
111	  0.686693	  0.762493	  0.000140776	  1.84971e-06	  12	  6.26452e-07
112	  0.76953	  0.816497	  0.00010966	  3.80143e-06	  12	  1.28745e-06
113	  0.857168	  0.855186	  8.62786e-05	  4.20759e-06	  12	  1.42501e-06
114	  0.948278	  0.883452	  6.87654e-05	  3.24085e-06	  12	  1.09759e-06
115	  0.468321	  0	  0.00031798	  5.44676e-06	  12	  1.84468e-06
116	  0.479886	  0.218218	  0.000301799	  4.9405e-06	  24	  1.2555e-06
117	  0.51302	  0.408248	  0.000262812	  4.43099e-06	  24	  1.12602e-06
118	  0.563933	  0.557086	  0.000215017	  4.84767e-06	  24	  1.23191e-06
119	  0.628319	  0.666667	  0.000170648	  4.94062e-06	  24	  1.25553e-06
120	  0.702481	  0.745356	  0.000133953	  4.50864e-06	  24	  1.14575e-06
121	  0.783651	  0.801784	  0.000105335	  3.23381e-06	  24	  8.21788e-07
122	  0.869868	  0.842701	  8.34996e-05	  3.34176e-06	  24	  8.49223e-07
123	  0.959772	  0.872872	  6.69309e-05	  3.2987e-06	  24	  8.3828e-07
124	  0.523599	  0	  0.000251849	  2.20446e-06	  18	  6.29818e-07
125	  0.533968	  0.196116	  0.00024156	  2.17429e-06	  36	  4.71096e-07
126	  0.563933	  0.371391	  0.000215017	  3.30518e-06	  36	  7.16123e-07
127	  0.610616	  0.514496	  0.000181465	  2.93878e-06	  36	  6.36736e-07
128	  0.670534	  0.624695	  0.00014827	  3.43512e-06	  36	  7.44277e-07
129	  0.74048	  0.707107	  0.000119362	  2.87374e-06	  36	  6.22644e-07
130	  0.817887	  0.768221	  9.58027e-05	  2.61381e-06	  36	  5.66326e-07
131	  0.900833	  0.813733	  7.7197e-05	  2.54134e-06	  36	  5.50623e-07
132	  0.987924	  0.847998	  6.26782e-05	  2.63632e-06	  36	  5.71204e-07
133	  0.533968	  0	  0.00024156	  1.68162e-06	  12	  5.69522e-07
134	  0.54414	  0.19245	  0.000231969	  3.56409e-06	  24	  9.05722e-07
135	  0.573574	  0.365148	  0.000207525	  2.3071e-06	  24	  5.86289e-07
136	  0.61953	  0.507093	  0.000175917	  3.03592e-06	  24	  7.71501e-07
137	  0.678662	  0.617213	  0.000144415	  2.97406e-06	  24	  7.55781e-07
138	  0.747849	  0.70014	  0.000116753	  3.79645e-06	  24	  9.64771e-07
139	  0.824564	  0.762001	  9.40695e-05	  2.43209e-06	  24	  6.18053e-07
140	  0.9069	  0.80829	  7.60446e-05	  2.50376e-06	  24	  6.36266e-07
141	  0.993459	  0.843274	  6.18957e-05	  2.06527e-06	  24	  5.24836e-07
142	  0.563933	  0	  0.000215017	  1.4793e-06	  12	  5.01003e-07
143	  0.573574	  0.182574	  0.000207525	  1.83439e-06	  24	  4.66162e-07
144	  0.601569	  0.348155	  0.000187384	  2.40895e-06	  24	  6.12172e-07
145	  0.645536	  0.486664	  0.000160985	  3.00609e-06	  24	  7.63921e-07
146	  0.702481	  0.596285	  0.000133953	  2.40903e-06	  24	  6.12192e-07
147	  0.76953	  0.680414	  0.00010966	  3.31335e-06	  24	  8.42001e-07
148	  0.844278	  0.744208	  8.92337e-05	  3.02833e-06	  24	  7.69572e-07
149	  0.92486	  0.792594	  7.27641e-05	  2.4513e-06	  24	  6.22934e-07
150	  0.592384	  0	  0.000193728	  4.06532e-06	  6	  1.86293e-06
151	  0.601569	  0.174078	  0.000187384	  2.5415e-06	  12	  8.60742e-07
152	  0.628319	  0.333333	  0.000170648	  2.5326e-06	  12	  8.57727e-07
153	  0.670534	  0.468521	  0.00014827	  2.96379e-06	  12	  1.00376e-06
154	  0.72552	  0.57735	  0.000124835	  3.47003e-06	  12	  1.17521e-06
155	  0.790617	  0.662266	  0.000103284	  3.72465e-06	  12	  1.26145e-06
156	  0.863541	  0.727607	  8.48614e-05	  1.71518e-06	  12	  5.8089e-07
157	  0.942478	  0.777778	  6.97363e-05	  2.49974e-06	  12	  8.46601e-07
158	  0.610616	  0	  0.000181465	  2.74679e-06	  12	  9.30268e-07
159	  0.61953	  0.169031	  0.000175917	  2.42025e-06	  24	  6.15045e-07
160	  0.645536	  0.324443	  0.000160985	  2.74826e-06	  24	  6.98399e-07
161	  0.686693	  0.457496	  0.000140776	  1.01593e-06	  24	  2.58173e-07
162	  0.74048	  0.565685	  0.000119362	  2.26144e-06	  24	  5.74688e-07
163	  0.804368	  0.650945	  9.94144e-05	  1.92129e-06	  24	  4.88247e-07
164	  0.876148	  0.717137	  8.21476e-05	  2.33613e-06	  24	  5.93668e-07
165	  0.954042	  0.76835	  6.78321e-05	  1.6212e-06	  24	  4.11985e-07
166	  0.628319	  0	  0.000170648	  9.14789e-07	  6	  4.192e-07
167	  0.636985	  0.164399	  0.000165645	  2.29913e-06	  12	  7.78658e-07
168	  0.662306	  0.316228	  0.000152257	  2.19807e-06	  12	  7.44432e-07
169	  0.702481	  0.447214	  0.000133953	  2.06947e-06	  12	  7.00877e-07
170	  0.755145	  0.5547	  0.000114321	  1.26885e-06	  12	  4.29728e-07
171	  0.817887	  0.640184	  9.58027e-05	  2.32379e-06	  12	  7.87011e-07
172	  0.888577	  0.707107	  7.96115e-05	  2.42812e-06	  12	  8.22344e-07
173	  0.965468	  0.759257	  6.60351e-05	  1.90168e-06	  12	  6.44053e-07
174	  0.636985	  0	  0.000165645	  2.26649e-06	  12	  7.67604e-07
175	  0.645536	  0.162221	  0.000160985	  1.69965e-06	  24	  4.31922e-07
176	  0.670534	  0.312348	  0.00014827	  2.6086e-06	  24	  6.62908e-07
177	  0.710244	  0.442326	  0.000130793	  2.75953e-06	  24	  7.01262e-07
178	  0.762371	  0.549442	  0.000111916	  2.44152e-06	  24	  6.2045e-07
179	  0.824564	  0.635001	  9.40695e-05	  2.31687e-06	  24	  5.88772e-07
180	  0.894726	  0.702247	  7.83672e-05	  2.62228e-06	  24	  6.66384e-07
181	  0.971131	  0.754829	  6.51545e-05	  1.79578e-06	  24	  4.56351e-07
182	  0.662306	  0	  0.000152257	  1.60134e-06	  12	  5.42335e-07
183	  0.670534	  0.156174	  0.00014827	  2.23637e-06	  24	  5.68317e-07
184	  0.694632	  0.301511	  0.000137293	  1.74808e-06	  24	  4.44229e-07
185	  0.733038	  0.428571	  0.000122002	  1.81887e-06	  24	  4.62218e-07
186	  0.783651	  0.534522	  0.000105335	  1.88634e-06	  24	  4.79365e-07
187	  0.844278	  0.620174	  8.92337e-05	  2.31545e-06	  24	  5.88411e-07
188	  0.912926	  0.688247	  7.48999e-05	  2.2351e-06	  24	  5.67992e-07
189	  0.987924	  0.741999	  6.26782e-05	  1.52589e-06	  24	  3.87766e-07
190	  0.670534	  0	  0.00014827	  8.89803e-07	  12	  3.01354e-07
191	  0.678662	  0.154303	  0.000144415	  1.22525e-06	  24	  3.11366e-07
192	  0.702481	  0.298142	  0.000133953	  1.90906e-06	  24	  4.85139e-07
193	  0.74048	  0.424264	  0.000119362	  2.15305e-06	  24	  5.47142e-07
194	  0.790617	  0.529813	  0.000103284	  2.28206e-06	  24	  5.79927e-07
195	  0.850747	  0.615457	  8.77505e-05	  2.15847e-06	  24	  5.4852e-07
196	  0.918912	  0.683763	  7.38245e-05	  2.31947e-06	  24	  5.89434e-07
197	  0.993459	  0.737865	  6.18957e-05	  1.69501e-06	  24	  4.30743e-07
198	  0.702481	  0	  0.000133953	  1.21142e-06	  12	  4.10279e-07
199	  0.710244	  0.147442	  0.000130793	  1.96401e-06	  24	  4.99103e-07
200	  0.733038	  0.285714	  0.000122002	  1.28134e-06	  24	  3.25619e-07
201	  0.76953	  0.408248	  0.00010966	  1.88501e-06	  24	  4.79026e-07
202	  0.817887	  0.512148	  9.58027e-05	  1.61603e-06	  24	  4.10672e-07
203	  0.876148	  0.597614	  8.21476e-05	  9.95054e-07	  24	  2.52867e-07
204	  0.942478	  0.666667	  6.97363e-05	  1.94421e-06	  24	  4.94072e-07
205	  0.733038	  0	  0.000122002	  1.40657e-06	  6	  6.44557e-07
206	  0.74048	  0.141421	  0.000119362	  1.67441e-06	  12	  5.6708e-07
207	  0.762371	  0.274721	  0.000111916	  2.33042e-06	  12	  7.89254e-07
208	  0.797522	  0.393919	  0.000101309	  2.1992e-06	  12	  7.44816e-07
209	  0.844278	  0.496139	  8.92337e-05	  1.4674e-06	  12	  4.96972e-07
210	  0.900833	  0.581238	  7.7197e-05	  1.61654e-06	  12	  5.47482e-07
211	  0.965468	  0.650791	  6.60351e-05	  8.63654e-07	  12	  2.92498e-07
212	  0.74048	  0	  0.000119362	  1.7104e-06	  18	  4.88667e-07
213	  0.747849	  0.140028	  0.000116753	  2.0016e-06	  36	  4.3368e-07
214	  0.76953	  0.272166	  0.00010966	  1.46891e-06	  36	  3.18264e-07
215	  0.804368	  0.390567	  9.94144e-05	  1.48432e-06	  36	  3.21603e-07
216	  0.850747	  0.492366	  8.77505e-05	  1.45949e-06	  36	  3.16222e-07
217	  0.9069	  0.57735	  7.60446e-05	  1.97349e-06	  36	  4.27589e-07
218	  0.971131	  0.646997	  6.51545e-05	  2.29169e-06	  36	  4.96534e-07
219	  0.755145	  0	  0.000114321	  1.04802e-06	  12	  3.54937e-07
220	  0.762371	  0.137361	  0.000111916	  1.49543e-06	  24	  3.80025e-07
221	  0.783651	  0.267261	  0.000105335	  1.33641e-06	  24	  3.39614e-07
222	  0.817887	  0.384111	  9.58027e-05	  1.51995e-06	  24	  3.86256e-07
223	  0.863541	  0.485071	  8.48614e-05	  1.16422e-06	  24	  2.95855e-07
224	  0.918912	  0.569803	  7.38245e-05	  1.36145e-06	  24	  3.45977e-07
225	  0.982358	  0.639602	  6.34989e-05	  2.03446e-06	  24	  5.17007e-07
226	  0.762371	  0	  0.000111916	  1.75126e-06	  12	  5.93107e-07
227	  0.76953	  0.136083	  0.00010966	  1.30028e-06	  24	  3.30433e-07
228	  0.790617	  0.264906	  0.000103284	  1.81621e-06	  24	  4.61542e-07
229	  0.824564	  0.381	  9.40695e-05	  8.1014e-07	  24	  2.05876e-07
230	  0.869868	  0.481543	  8.34996e-05	  1.56884e-06	  24	  3.98679e-07
231	  0.92486	  0.566139	  7.27641e-05	  1.61164e-06	  24	  4.09556e-07
232	  0.987924	  0.635999	  6.26782e-05	  1.05273e-06	  24	  2.67525e-07
233	  0.797522	  0	  0.000101309	  1.57834e-06	  12	  5.34545e-07
234	  0.804368	  0.130189	  9.94144e-05	  1.00707e-06	  24	  2.5592e-07
235	  0.824564	  0.254	  9.40695e-05	  6.79626e-07	  24	  1.72709e-07
236	  0.857168	  0.366508	  8.62786e-05	  1.41683e-06	  24	  3.60051e-07
237	  0.900833	  0.464991	  7.7197e-05	  1.53024e-06	  24	  3.88872e-07
238	  0.954042	  0.548821	  6.78321e-05	  1.60769e-06	  24	  4.08554e-07
239	  0.817887	  0	  9.58027e-05	  9.40296e-07	  12	  3.18455e-07
240	  0.824564	  0.127	  9.40695e-05	  1.11107e-06	  24	  2.82349e-07
241	  0.844278	  0.248069	  8.92337e-05	  1.19097e-06	  24	  3.02654e-07
242	  0.876148	  0.358569	  8.21476e-05	  1.08194e-06	  24	  2.74947e-07
243	  0.918912	  0.455842	  7.38245e-05	  1.27639e-06	  24	  3.24361e-07
244	  0.971131	  0.539164	  6.51545e-05	  1.31145e-06	  24	  3.3327e-07
245	  0.837758	  0	  9.08132e-05	  7.44358e-07	  6	  3.41101e-07
246	  0.844278	  0.124035	  8.92337e-05	  1.10554e-06	  12	  3.7442e-07
247	  0.863541	  0.242536	  8.48614e-05	  1.33387e-06	  12	  4.5175e-07
248	  0.894726	  0.351123	  7.83672e-05	  1.27575e-06	  12	  4.32065e-07
249	  0.936642	  0.447214	  7.07132e-05	  1.61909e-06	  12	  5.48347e-07
250	  0.987924	  0.529999	  6.26782e-05	  1.75111e-06	  12	  5.93059e-07
251	  0.844278	  0	  8.92337e-05	  8.81049e-07	  24	  2.23896e-07
252	  0.850747	  0.123091	  8.77505e-05	  1.09333e-06	  48	  2.12474e-07
253	  0.869868	  0.240772	  8.34996e-05	  1.16837e-06	  48	  2.27059e-07
254	  0.900833	  0.348743	  7.7197e-05	  1.29599e-06	  48	  2.5186e-07
255	  0.942478	  0.444444	  6.97363e-05	  1.02314e-06	  48	  1.98834e-07
256	  0.993459	  0.527046	  6.18957e-05	  1.34229e-06	  48	  2.60857e-07
257	  0.863541	  0	  8.48614e-05	  1.07974e-06	  12	  3.6568e-07
258	  0.869868	  0.120386	  8.34996e-05	  1.06537e-06	  24	  2.70737e-07
259	  0.888577	  0.235702	  7.96115e-05	  1.25665e-06	  24	  3.19345e-07
260	  0.918912	  0.341882	  7.38245e-05	  1.00718e-06	  24	  2.55949e-07
261	  0.959772	  0.436436	  6.69309e-05	  1.24872e-06	  24	  3.17331e-07
262	  0.888577	  0	  7.96115e-05	  7.61854e-07	  6	  3.49118e-07
263	  0.894726	  0.117041	  7.83672e-05	  1.31826e-06	  12	  4.46461e-07
264	  0.912926	  0.229416	  7.48999e-05	  1.34285e-06	  12	  4.54788e-07
265	  0.942478	  0.333333	  6.97363e-05	  1.0664e-06	  12	  3.61162e-07
266	  0.982358	  0.426401	  6.34989e-05	  1.02391e-06	  12	  3.46773e-07
267	  0.894726	  0	  7.83672e-05	  1.17878e-06	  12	  3.99224e-07
268	  0.900833	  0.116248	  7.7197e-05	  9.79988e-07	  24	  2.49039e-07
269	  0.918912	  0.227921	  7.38245e-05	  9.08898e-07	  24	  2.30973e-07
270	  0.948278	  0.331295	  6.87654e-05	  1.36056e-06	  24	  3.45752e-07
271	  0.987924	  0.423999	  6.26782e-05	  1.11405e-06	  24	  2.83106e-07
272	  0.900833	  0	  7.7197e-05	  1.19515e-06	  12	  4.04769e-07
273	  0.9069	  0.11547	  7.60446e-05	  8.53041e-07	  24	  2.16778e-07
274	  0.92486	  0.226455	  7.27641e-05	  8.58342e-07	  24	  2.18126e-07
275	  0.954042	  0.329293	  6.78321e-05	  1.27215e-06	  24	  3.23284e-07
276	  0.993459	  0.421637	  6.18957e-05	  1.09595e-06	  24	  2.78506e-07
277	  0.936642	  0	  7.07132e-05	  8.90019e-07	  12	  3.01427e-07
278	  0.942478	  0.111111	  6.97363e-05	  9.0728e-07	  24	  2.30562e-07
279	  0.959772	  0.218218	  6.69309e-05	  9.31304e-07	  24	  2.36667e-07
280	  0.987924	  0.317999	  6.26782e-05	  8.77446e-07	  24	  2.2298e-07
281	  0.942478	  0	  6.97363e-05	  2.50712e-06	  6	  1.14888e-06
282	  0.948278	  0.110432	  6.87654e-05	  8.5027e-07	  12	  2.87965e-07
283	  0.965468	  0.21693	  6.60351e-05	  1.36787e-06	  12	  4.63264e-07
284	  0.993459	  0.316228	  6.18957e-05	  8.96148e-07	  12	  3.03503e-07
285	  0.948278	  0	  6.87654e-05	  7.70598e-07	  12	  2.60982e-07
286	  0.954042	  0.109764	  6.78321e-05	  8.89589e-07	  24	  2.26066e-07
287	  0.971131	  0.215666	  6.51545e-05	  7.34495e-07	  24	  1.86653e-07
288	  0.998963	  0.314485	  6.11335e-05	  1.4994e-06	  24	  3.81034e-07
289	  0.965468	  0	  6.60351e-05	  9.57948e-07	  24	  2.43438e-07
290	  0.971131	  0.107833	  6.51545e-05	  8.14123e-07	  48	  1.58215e-07
291	  0.987924	  0.212	  6.26782e-05	  7.65972e-07	  48	  1.48857e-07
292	  0.987924	  0	  6.26782e-05	  8.96133e-07	  12	  3.03498e-07
293	  0.993459	  0.105409	  6.18957e-05	  1.1419e-06	  24	  2.90184e-07
294	  0.993459	  0	  6.18957e-05	  6.72476e-07	  12	  2.27751e-07
295	  0.998963	  0.104828	  6.11335e-05	  9.85372e-07	  24	  2.50407e-07
296	  1.08818	  0.030936	  5.03103e-05	  5.28746e-07	  138	  7.14471e-08
297	  1.08818	  0.0938307	  5.03103e-05	  6.21404e-07	  252	  7.0215e-08
298	  1.08818	  0.156319	  5.03103e-05	  5.43146e-07	  72	  9.11677e-08
299	  1.08818	  0.218712	  5.03103e-05	  7.09646e-07	  216	  8.37676e-08
300	  1.08818	  0.281224	  5.03103e-05	  7.18846e-07	  288	  7.83007e-08
301	  1.08818	  0.343807	  5.03103e-05	  7.529e-07	  120	  1.06375e-07
302	  1.08818	  0.406302	  5.03103e-05	  8.81919e-07	  180	  1.0983e-07
303	  1.08818	  0.468745	  5.03103e-05	  8.98299e-07	  180	  1.1187e-07
304	  1.08818	  0.531226	  5.03103e-05	  8.92782e-07	  192	  1.0907e-07
305	  1.08818	  0.593785	  5.03103e-05	  1.20291e-06	  192	  1.46958e-07
306	  1.08818	  0.656281	  5.03103e-05	  1.13872e-06	  168	  1.4479e-07
307	  1.08818	  0.718743	  5.03103e-05	  1.23814e-06	  228	  1.43905e-07
308	  1.08818	  0.781255	  5.03103e-05	  1.61402e-06	  144	  2.15203e-07
309	  1.08818	  0.843774	  5.03103e-05	  1.72213e-06	  240	  1.9727e-07
310	  1.08818	  0.90628	  5.03103e-05	  1.87718e-06	  168	  2.38687e-07
311	  1.08818	  0.968758	  5.03103e-05	  2.25061e-06	  150	  2.96292e-07
312	  1.25577	  0.030936	  3.61853e-05	  5.52713e-07	  198	  6.69152e-08
313	  1.25577	  0.0938307	  3.61853e-05	  4.9973e-07	  396	  5.00989e-08
314	  1.25577	  0.156319	  3.61853e-05	  4.5896e-07	  396	  4.60116e-08
315	  1.25577	  0.218712	  3.61853e-05	  4.43867e-07	  204	  5.32702e-08
316	  1.25577	  0.281224	  3.61853e-05	  5.70409e-07	  216	  6.73319e-08
317	  1.25577	  0.343807	  3.61853e-05	  5.03794e-07	  372	  5.13102e-08
318	  1.25577	  0.406302	  3.61853e-05	  6.22468e-07	  312	  6.63637e-08
319	  1.25577	  0.468745	  3.61853e-05	  6.43482e-07	  288	  7.00916e-08
320	  1.25577	  0.531226	  3.61853e-05	  7.54294e-07	  264	  8.41383e-08
321	  1.25577	  0.593785	  3.61853e-05	  8.0688e-07	  312	  8.60245e-08
322	  1.25577	  0.656281	  3.61853e-05	  8.49004e-07	  276	  9.35542e-08
323	  1.25577	  0.718743	  3.61853e-05	  9.46323e-07	  312	  1.00891e-07
324	  1.25577	  0.781255	  3.61853e-05	  1.03435e-06	  276	  1.13978e-07
325	  1.25577	  0.843774	  3.61853e-05	  1.3645e-06	  240	  1.56303e-07
326	  1.25577	  0.90628	  3.61853e-05	  1.22843e-06	  324	  1.29668e-07
327	  1.25577	  0.968758	  3.61853e-05	  1.44875e-06	  315	  1.54066e-07
328	  1.45182	  0.030936	  2.58127e-05	  3.76447e-07	  246	  4.28237e-08
329	  1.45182	  0.0938307	  2.58127e-05	  3.53872e-07	  516	  3.3272e-08
330	  1.45182	  0.156319	  2.58127e-05	  3.42484e-07	  504	  3.23796e-08
331	  1.45182	  0.218712	  2.58127e-05	  3.93936e-07	  528	  3.68407e-08
332	  1.45182	  0.281224	  2.58127e-05	  3.69137e-07	  504	  3.48995e-08
333	  1.45182	  0.343807	  2.58127e-05	  4.45177e-07	  384	  4.49767e-08
334	  1.45182	  0.406302	  2.58127e-05	  4.66176e-07	  420	  4.60558e-08
335	  1.45182	  0.468745	  2.58127e-05	  4.88535e-07	  468	  4.70093e-08
336	  1.45182	  0.531226	  2.58127e-05	  5.15889e-07	  480	  4.93414e-08
337	  1.45182	  0.593785	  2.58127e-05	  6.48393e-07	  468	  6.23916e-08
338	  1.45182	  0.656281	  2.58127e-05	  5.72e-07	  396	  5.7344e-08
339	  1.45182	  0.718743	  2.58127e-05	  6.01688e-07	  456	  5.82611e-08
340	  1.45182	  0.781255	  2.58127e-05	  7.00309e-07	  432	  6.87091e-08
341	  1.45182	  0.843774	  2.58127e-05	  7.70322e-07	  480	  7.36764e-08
342	  1.45182	  0.90628	  2.58127e-05	  8.73256e-07	  480	  8.35213e-08
343	  1.45182	  0.968758	  2.58127e-05	  8.88446e-07	  414	  8.8087e-08
344	  1.68148	  0.030936	  1.82704e-05	  2.55627e-07	  798	  2.18305e-08
345	  1.68148	  0.0938307	  1.82704e-05	  2.66118e-07	  708	  2.33072e-08
346	  1.68148	  0.156319	  1.82704e-05	  2.70423e-07	  684	  2.3861e-08
347	  1.68148	  0.218712	  1.82704e-05	  2.65365e-07	  720	  2.31578e-08
348	  1.68148	  0.281224	  1.82704e-05	  2.83504e-07	  708	  2.48299e-08
349	  1.68148	  0.343807	  1.82704e-05	  2.97635e-07	  720	  2.5974e-08
350	  1.68148	  0.406302	  1.82704e-05	  2.99804e-07	  672	  2.65554e-08
351	  1.68148	  0.468745	  1.82704e-05	  3.45508e-07	  732	  3.00457e-08
352	  1.68148	  0.531226	  1.82704e-05	  3.86158e-07	  672	  3.42043e-08
353	  1.68148	  0.593785	  1.82704e-05	  3.96103e-07	  708	  3.46916e-08
354	  1.68148	  0.656281	  1.82704e-05	  3.99176e-07	  744	  3.45933e-08
355	  1.68148	  0.718743	  1.82704e-05	  4.34896e-07	  744	  3.76889e-08
356	  1.68148	  0.781255	  1.82704e-05	  4.97714e-07	  696	  4.37515e-08
357	  1.68148	  0.843774	  1.82704e-05	  5.56689e-07	  708	  4.87561e-08
358	  1.68148	  0.90628	  1.82704e-05	  5.32239e-07	  696	  4.67865e-08
359	  1.68148	  0.968758	  1.82704e-05	  5.60305e-07	  741	  4.85985e-08
360	  1.94819	  0.030936	  1.2868e-05	  1.99599e-07	  1368	  1.53765e-08
361	  1.94819	  0.0938307	  1.2868e-05	  1.88288e-07	  924	  1.56086e-08
362	  1.94819	  0.156319	  1.2868e-05	  1.86436e-07	  972	  1.53018e-08
363	  1.94819	  0.218712	  1.2868e-05	  1.93054e-07	  972	  1.58449e-08
364	  1.94819	  0.281224	  1.2868e-05	  1.90762e-07	  1200	  1.50449e-08
365	  1.94819	  0.343807	  1.2868e-05	  2.0405e-07	  1140	  1.62459e-08
366	  1.94819	  0.406302	  1.2868e-05	  2.2694e-07	  1080	  1.82526e-08
367	  1.94819	  0.468745	  1.2868e-05	  2.43746e-07	  1068	  1.96458e-08
368	  1.94819	  0.531226	  1.2868e-05	  2.48359e-07	  1164	  1.96975e-08
369	  1.94819	  0.593785	  1.2868e-05	  2.7818e-07	  1188	  2.19798e-08
370	  1.94819	  0.656281	  1.2868e-05	  2.94644e-07	  1068	  2.37482e-08
371	  1.94819	  0.718743	  1.2868e-05	  2.96714e-07	  1008	  2.41813e-08
372	  1.94819	  0.781255	  1.2868e-05	  3.12959e-07	  1164	  2.4821e-08
373	  1.94819	  0.843774	  1.2868e-05	  3.46034e-07	  1176	  2.73922e-08
374	  1.94819	  0.90628	  1.2868e-05	  3.58328e-07	  1080	  2.882e-08
375	  1.94819	  0.968758	  1.2868e-05	  3.35344e-07	  1038	  2.71758e-08
376	  2.25604	  0.030936	  9.04471e-06	  1.45388e-07	  1896	  1.06083e-08
377	  2.25604	  0.0938307	  9.04471e-06	  1.49283e-07	  1272	  1.16499e-08
378	  2.25604	  0.156319	  9.04471e-06	  1.45812e-07	  2040	  1.05189e-08
379	  2.25604	  0.218712	  9.04471e-06	  1.48108e-07	  1740	  1.0956e-08
380	  2.25604	  0.281224	  9.04471e-06	  1.45824e-07	  1584	  1.09552e-08
381	  2.25604	  0.343807	  9.04471e-06	  1.56611e-07	  1764	  1.15594e-08
382	  2.25604	  0.406302	  9.04471e-06	  1.58024e-07	  1632	  1.18129e-08
383	  2.25604	  0.468745	  9.04471e-06	  1.68902e-07	  1860	  1.23614e-08
384	  2.25604	  0.531226	  9.04471e-06	  1.82301e-07	  1560	  1.37306e-08
385	  2.25604	  0.593785	  9.04471e-06	  1.839e-07	  1692	  1.36658e-08
386	  2.25604	  0.656281	  9.04471e-06	  2.02839e-07	  1704	  1.50558e-08
387	  2.25604	  0.718743	  9.04471e-06	  1.98265e-07	  1824	  1.45556e-08
388	  2.25604	  0.781255	  9.04471e-06	  2.06765e-07	  1668	  1.54009e-08
389	  2.25604	  0.843774	  9.04471e-06	  2.21771e-07	  1680	  1.64992e-08
390	  2.25604	  0.90628	  9.04471e-06	  2.22944e-07	  1776	  1.64375e-08
391	  2.25604	  0.968758	  9.04471e-06	  2.12698e-07	  1656	  1.58617e-08
392	  2.61216	  0.030936	  6.3402e-06	  1.05701e-07	  2586	  7.36361e-09
393	  2.61216	  0.0938307	  6.3402e-06	  1.06812e-07	  3036	  7.27908e-09
394	  2.61216	  0.156319	  6.3402e-06	  1.09659e-07	  2124	  7.86235e-09
395	  2.61216	  0.218712	  6.3402e-06	  1.04419e-07	  2940	  7.14672e-09
396	  2.61216	  0.281224	  6.3402e-06	  1.10526e-07	  2616	  7.68727e-09
397	  2.61216	  0.343807	  6.3402e-06	  1.12396e-07	  2448	  7.89149e-09
398	  2.61216	  0.406302	  6.3402e-06	  1.12461e-07	  2916	  7.70569e-09
399	  2.61216	  0.468745	  6.3402e-06	  1.17187e-07	  2544	  8.18273e-09
400	  2.61216	  0.531226	  6.3402e-06	  1.24946e-07	  2652	  8.67358e-09
401	  2.61216	  0.593785	  6.3402e-06	  1.24082e-07	  2748	  8.5711e-09
402	  2.61216	  0.656281	  6.3402e-06	  1.28973e-07	  2676	  8.94187e-09
403	  2.61216	  0.718743	  6.3402e-06	  1.33963e-07	  2472	  9.39253e-09
404	  2.61216	  0.781255	  6.3402e-06	  1.37216e-07	  2616	  9.54361e-09
405	  2.61216	  0.843774	  6.3402e-06	  1.4041e-07	  2736	  9.70489e-09
406	  2.61216	  0.90628	  6.3402e-06	  1.39336e-07	  2568	  9.71637e-09
407	  2.61216	  0.968758	  6.3402e-06	  1.31343e-07	  2745	  9.07403e-09
408	  3.02645	  0.030936	  4.42237e-06	  7.79277e-08	  3414	  5.23009e-09
409	  3.02645	  0.0938307	  4.42237e-06	  7.84471e-08	  4512	  5.09022e-09
410	  3.02645	  0.156319	  4.42237e-06	  7.92626e-08	  4632	  5.12775e-09
411	  3.02645	  0.218712	  4.42237e-06	  7.62911e-08	  3972	  5.02507e-09
412	  3.02645	  0.281224	  4.42237e-06	  7.73307e-08	  4176	  5.0632e-09
413	  3.02645	  0.343807	  4.42237e-06	  7.87597e-08	  4344	  5.13296e-09
414	  3.02645	  0.406302	  4.42237e-06	  7.90339e-08	  4044	  5.19452e-09
415	  3.02645	  0.468745	  4.42237e-06	  8.44513e-08	  4092	  5.54276e-09
416	  3.02645	  0.531226	  4.42237e-06	  8.63819e-08	  4296	  5.63702e-09
417	  3.02645	  0.593785	  4.42237e-06	  8.62904e-08	  3996	  5.67957e-09
418	  3.02645	  0.656281	  4.42237e-06	  8.69868e-08	  4188	  5.6935e-09
419	  3.02645	  0.718743	  4.42237e-06	  8.78613e-08	  4212	  5.74686e-09
420	  3.02645	  0.781255	  4.42237e-06	  8.62995e-08	  4140	  5.65622e-09
421	  3.02645	  0.843774	  4.42237e-06	  8.41983e-08	  4128	  5.5204e-09
422	  3.02645	  0.90628	  4.42237e-06	  8.42436e-08	  4188	  5.51395e-09
423	  3.02645	  0.968758	  4.42237e-06	  7.75099e-08	  4128	  5.08188e-09
424	  3.50419	  0.030936	  3.0819e-06	  5.55133e-08	  7002	  3.43908e-09
425	  3.50419	  0.0938307	  3.0819e-06	  5.69622e-08	  6240	  3.56921e-09
426	  3.50419	  0.156319	  3.0819e-06	  5.53985e-08	  5964	  3.48727e-09
427	  3.50419	  0.218712	  3.0819e-06	  5.49073e-08	  6180	  3.44382e-09
428	  3.50419	  0.281224	  3.0819e-06	  5.68461e-08	  6420	  3.55178e-09
429	  3.50419	  0.343807	  3.0819e-06	  5.61291e-08	  6516	  3.5018e-09
430	  3.50419	  0.406302	  3.0819e-06	  5.59555e-08	  6312	  3.50208e-09
431	  3.50419	  0.468745	  3.0819e-06	  5.60501e-08	  6276	  3.51002e-09
432	  3.50419	  0.531226	  3.0819e-06	  5.67255e-08	  6360	  3.54757e-09
433	  3.50419	  0.593785	  3.0819e-06	  5.56508e-08	  6408	  3.47774e-09
434	  3.50419	  0.656281	  3.0819e-06	  5.48973e-08	  6360	  3.43324e-09
435	  3.50419	  0.718743	  3.0819e-06	  5.37633e-08	  6336	  3.36359e-09
436	  3.50419	  0.781255	  3.0819e-06	  5.27557e-08	  6372	  3.29868e-09
437	  3.50419	  0.843774	  3.0819e-06	  5.06102e-08	  6456	  3.16039e-09
438	  3.50419	  0.90628	  3.0819e-06	  4.75103e-08	  6360	  2.97126e-09
439	  3.50419	  0.968758	  3.0819e-06	  4.38578e-08	  6327	  2.74427e-09
440	  4.05763	  0.030936	  2.14162e-06	  4.14853e-08	  10392	  2.48122e-09
441	  4.05763	  0.0938307	  2.14162e-06	  4.11323e-08	  9420	  2.48041e-09
442	  4.05763	  0.156319	  2.14162e-06	  4.10824e-08	  10176	  2.46137e-09
443	  4.05763	  0.218712	  2.14162e-06	  4.00847e-08	  10260	  2.39997e-09
444	  4.05763	  0.281224	  2.14162e-06	  3.9378e-08	  9528	  2.37231e-09
445	  4.05763	  0.343807	  2.14162e-06	  3.89113e-08	  10140	  2.33198e-09
446	  4.05763	  0.406302	  2.14162e-06	  3.83156e-08	  9960	  2.2997e-09
447	  4.05763	  0.468745	  2.14162e-06	  3.75787e-08	  10068	  2.25345e-09
448	  4.05763	  0.531226	  2.14162e-06	  3.72833e-08	  9996	  2.23707e-09
449	  4.05763	  0.593785	  2.14162e-06	  3.59723e-08	  9828	  2.16147e-09
450	  4.05763	  0.656281	  2.14162e-06	  3.40918e-08	  10032	  2.04497e-09
451	  4.05763	  0.718743	  2.14162e-06	  3.30244e-08	  9924	  1.98273e-09
452	  4.05763	  0.781255	  2.14162e-06	  3.17157e-08	  10116	  1.90112e-09
453	  4.05763	  0.843774	  2.14162e-06	  2.95193e-08	  9888	  1.77282e-09
454	  4.05763	  0.90628	  2.14162e-06	  2.71993e-08	  10008	  1.63185e-09
455	  4.05763	  0.968758	  2.14162e-06	  2.39204e-08	  9978	  1.43549e-09
456	  4.69917	  0.030936	  1.48334e-06	  3.09922e-08	  13626	  1.81511e-09
457	  4.69917	  0.0938307	  1.48334e-06	  3.03146e-08	  16392	  1.75251e-09
458	  4.69917	  0.156319	  1.48334e-06	  2.9544e-08	  15708	  1.71293e-09
459	  4.69917	  0.218712	  1.48334e-06	  2.83076e-08	  15432	  1.64325e-09
460	  4.69917	  0.281224	  1.48334e-06	  2.77369e-08	  15780	  1.60765e-09
461	  4.69917	  0.343807	  1.48334e-06	  2.67458e-08	  15300	  1.55352e-09
462	  4.69917	  0.406302	  1.48334e-06	  2.51473e-08	  15588	  1.45878e-09
463	  4.69917	  0.468745	  1.48334e-06	  2.46913e-08	  15396	  1.43356e-09
464	  4.69917	  0.531226	  1.48334e-06	  2.38605e-08	  15504	  1.38465e-09
465	  4.69917	  0.593785	  1.48334e-06	  2.28501e-08	  15660	  1.3251e-09
466	  4.69917	  0.656281	  1.48334e-06	  2.10089e-08	  15192	  1.22089e-09
467	  4.69917	  0.718743	  1.48334e-06	  1.95019e-08	  15600	  1.13124e-09
468	  4.69917	  0.781255	  1.48334e-06	  1.76852e-08	  15216	  1.02763e-09
469	  4.69917	  0.843774	  1.48334e-06	  1.65501e-08	  15516	  9.6037e-10
470	  4.69917	  0.90628	  1.48334e-06	  1.46201e-08	  15540	  8.48283e-10
471	  4.69917	  0.968758	  1.48334e-06	  1.29706e-08	  15405	  7.53032e-10
472	  5.4432	  0.030936	  1.02479e-06	  2.24462e-08	  26250	  1.26085e-09
473	  5.4432	  0.0938307	  1.02479e-06	  2.16971e-08	  22392	  1.22985e-09
474	  5.4432	  0.156319	  1.02479e-06	  2.08165e-08	  24516	  1.17377e-09
475	  5.4432	  0.218712	  1.02479e-06	  2.02435e-08	  23592	  1.14397e-09
476	  5.4432	  0.281224	  1.02479e-06	  1.8792e-08	  24264	  1.06024e-09
477	  5.4432	  0.343807	  1.02479e-06	  1.79246e-08	  23928	  1.01211e-09
478	  5.4432	  0.406302	  1.02479e-06	  1.67571e-08	  24120	  9.45751e-10
479	  5.4432	  0.468745	  1.02479e-06	  1.57772e-08	  23964	  8.90779e-10
480	  5.4432	  0.531226	  1.02479e-06	  1.46519e-08	  24060	  8.27055e-10
481	  5.4432	  0.593785	  1.02479e-06	  1.35141e-08	  24108	  7.62741e-10
482	  5.4432	  0.656281	  1.02479e-06	  1.19795e-08	  24228	  6.75937e-10
483	  5.4432	  0.718743	  1.02479e-06	  1.10582e-08	  24144	  6.24078e-10
484	  5.4432	  0.781255	  1.02479e-06	  9.85738e-09	  23940	  5.56578e-10
485	  5.4432	  0.843774	  1.02479e-06	  8.60978e-09	  24192	  4.85844e-10
486	  5.4432	  0.90628	  1.02479e-06	  7.36036e-09	  23988	  4.15541e-10
487	  5.4432	  0.968758	  1.02479e-06	  6.39635e-09	  24141	  3.60985e-10
488	  6.30378	  0.030936	  7.06823e-07	  1.60104e-08	  35082	  8.86e-10
489	  6.30378	  0.0938307	  7.06823e-07	  1.54431e-08	  39108	  8.50248e-10
490	  6.30378	  0.156319	  7.06823e-07	  1.46478e-08	  36924	  8.08618e-10
491	  6.30378	  0.218712	  7.06823e-07	  1.35983e-08	  37692	  7.49957e-10
492	  6.30378	  0.281224	  7.06823e-07	  1.26091e-08	  37092	  6.95927e-10
493	  6.30378	  0.343807	  7.06823e-07	  1.14776e-08	  37536	  6.33122e-10
494	  6.30378	  0.406302	  7.06823e-07	  1.06154e-08	  36984	  5.85968e-10
495	  6.30378	  0.468745	  7.06823e-07	  9.62934e-09	  37428	  5.3124e-10
496	  6.30378	  0.531226	  7.06823e-07	  8.53558e-09	  37392	  4.7092e-10
497	  6.30378	  0.593785	  7.06823e-07	  7.59286e-09	  37200	  4.1901e-10
498	  6.30378	  0.656281	  7.06823e-07	  6.62113e-09	  36924	  3.65513e-10
499	  6.30378	  0.718743	  7.06823e-07	  5.71294e-09	  37272	  3.15238e-10
500	  6.30378	  0.781255	  7.06823e-07	  4.94894e-09	  37284	  2.73077e-10
501	  6.30378	  0.843774	  7.06823e-07	  4.14916e-09	  37188	  2.28974e-10
502	  6.30378	  0.90628	  7.06823e-07	  3.47147e-09	  37320	  1.91543e-10
503	  6.30378	  0.968758	  7.06823e-07	  2.82103e-09	  37119	  1.55694e-10
504	  7.30029	  0.030936	  4.86302e-07	  1.1309e-08	  60258	  6.11519e-10
505	  7.30029	  0.0938307	  4.86302e-07	  1.07148e-08	  56916	  5.80652e-10
506	  7.30029	  0.156319	  4.86302e-07	  1.0067e-08	  56820	  5.45581e-10
507	  7.30029	  0.218712	  4.86302e-07	  9.02855e-09	  58716	  4.88687e-10
508	  7.30029	  0.281224	  4.86302e-07	  8.17441e-09	  57840	  4.4271e-10
509	  7.30029	  0.343807	  4.86302e-07	  7.24268e-09	  57612	  3.92309e-10
510	  7.30029	  0.406302	  4.86302e-07	  6.34472e-09	  58464	  3.43476e-10
511	  7.30029	  0.468745	  4.86302e-07	  5.5481e-09	  57948	  3.00452e-10
512	  7.30029	  0.531226	  4.86302e-07	  4.70905e-09	  57708	  2.55055e-10
513	  7.30029	  0.593785	  4.86302e-07	  3.9865e-09	  58236	  2.15844e-10
514	  7.30029	  0.656281	  4.86302e-07	  3.34231e-09	  58008	  1.80993e-10
515	  7.30029	  0.718743	  4.86302e-07	  2.72255e-09	  58200	  1.47413e-10
516	  7.30029	  0.781255	  4.86302e-07	  2.2604e-09	  58128	  1.22396e-10
517	  7.30029	  0.843774	  4.86302e-07	  1.84836e-09	  57972	  1.00095e-10
518	  7.30029	  0.90628	  4.86302e-07	  1.47845e-09	  57960	  8.00636e-11
519	  7.30029	  0.968758	  4.86302e-07	  1.14943e-09	  58122	  6.22392e-11
520	  8.455	  0.030936	  3.33992e-07	  7.71509e-09	  90198	  4.11443e-10
521	  8.455	  0.0938307	  3.33992e-07	  7.38605e-09	  89292	  3.9402e-10
522	  8.455	  0.156319	  3.33992e-07	  6.64187e-09	  90804	  3.54135e-10
523	  8.455	  0.218712	  3.33992e-07	  5.76739e-09	  89628	  3.07634e-10
524	  8.455	  0.281224	  3.33992e-07	  4.98704e-09	  89844	  2.6599e-10
525	  8.455	  0.343807	  3.33992e-07	  4.25536e-09	  90636	  2.26903e-10
526	  8.455	  0.406302	  3.33992e-07	  3.54226e-09	  89628	  1.88945e-10
527	  8.455	  0.468745	  3.33992e-07	  2.89949e-09	  89772	  1.54652e-10
528	  8.455	  0.531226	  3.33992e-07	  2.40215e-09	  90324	  1.281e-10
529	  8.455	  0.593785	  3.33992e-07	  1.93253e-09	  89784	  1.03076e-10
530	  8.455	  0.656281	  3.33992e-07	  1.5242e-09	  90216	  8.12846e-11
531	  8.455	  0.718743	  3.33992e-07	  1.1976e-09	  89796	  6.38766e-11
532	  8.455	  0.781255	  3.33992e-07	  9.44679e-10	  90120	  5.03808e-11
533	  8.455	  0.843774	  3.33992e-07	  7.32498e-10	  90132	  3.90648e-11
534	  8.455	  0.90628	  3.33992e-07	  5.63261e-10	  89916	  3.00415e-11
535	  8.455	  0.968758	  3.33992e-07	  4.16885e-10	  89964	  2.22341e-11
536	  9.79129	  0.030936	  2.28926e-07	  5.19729e-09	  139068	  2.73801e-10
537	  9.79129	  0.0938307	  2.28926e-07	  4.76671e-09	  141180	  2.51022e-10
538	  9.79129	  0.156319	  2.28926e-07	  4.17172e-09	  139380	  2.1976e-10
539	  9.79129	  0.218712	  2.28926e-07	  3.50841e-09	  138804	  1.84838e-10
540	  9.79129	  0.281224	  2.28926e-07	  2.89556e-09	  140952	  1.52491e-10
541	  9.79129	  0.343807	  2.28926e-07	  2.30767e-09	  139668	  1.21559e-10
542	  9.79129	  0.406302	  2.28926e-07	  1.82089e-09	  139464	  9.59204e-11
543	  9.79129	  0.468745	  2.28926e-07	  1.40753e-09	  139812	  7.41408e-11
544	  9.79129	  0.531226	  2.28926e-07	  1.08197e-09	  139884	  5.69915e-11
545	  9.79129	  0.593785	  2.28926e-07	  8.32641e-10	  140184	  4.38559e-11
546	  9.79129	  0.656281	  2.28926e-07	  6.35452e-10	  139404	  3.34745e-11
547	  9.79129	  0.718743	  2.28926e-07	  4.78107e-10	  139932	  2.51834e-11
548	  9.79129	  0.781255	  2.28926e-07	  3.57983e-10	  139980	  1.8856e-11
549	  9.79129	  0.843774	  2.28926e-07	  2.65584e-10	  139632	  1.39899e-11
550	  9.79129	  0.90628	  2.28926e-07	  1.94351e-10	  140088	  1.02368e-11
551	  9.79129	  0.968758	  2.28926e-07	  1.3859e-10	  139623	  7.30038e-12
