#n	   k	      mu	    PL	    Pf	     w	     err  
0	  0.10472	  1	  0.00306127	  0.000520736	  3	  0.000326684
1	  0.20944	  1	  0.0010874	  0.000203407	  3	  0.000127608
2	  0.314159	  1	  0.000509336	  0.000141197	  3	  8.85802e-05
3	  0.418879	  1	  0.00028546	  6.69832e-05	  3	  4.20219e-05
4	  0.523599	  1	  0.000180467	  3.13261e-05	  3	  1.96524e-05
5	  0.628319	  1	  0.000122281	  4.56006e-05	  3	  2.86076e-05
6	  0.733038	  1	  8.74227e-05	  1.024e-05	  3	  6.4241e-06
7	  0.837758	  1	  6.50738e-05	  8.10944e-06	  3	  5.08746e-06
8	  0.942478	  1	  4.99708e-05	  1.22935e-05	  3	  7.71231e-06
9	  0.10472	  0	  0.00306127	  0.000111605	  6	  5.11428e-05
10	  0.148096	  0.707107	  0.00194673	  0.000358046	  12	  0.000121261
11	  0.23416	  0.894427	  0.000861366	  0.000169649	  12	  5.74559e-05
12	  0.331153	  0.948683	  0.000461248	  0.000113633	  12	  3.84845e-05
13	  0.431771	  0.970143	  0.000268642	  5.0199e-05	  12	  1.70012e-05
14	  0.533968	  0.980581	  0.000173094	  3.16557e-05	  12	  1.0721e-05
15	  0.636985	  0.986394	  0.000118696	  2.37244e-05	  12	  8.03487e-06
16	  0.74048	  0.989949	  8.55312e-05	  2.10508e-05	  12	  7.12939e-06
17	  0.844278	  0.992278	  6.3942e-05	  1.37248e-05	  12	  4.64825e-06
18	  0.948278	  0.993884	  4.92751e-05	  5.97703e-06	  12	  2.02427e-06
19	  0.148096	  0	  0.00194673	  0.000121059	  6	  5.5475e-05
20	  0.18138	  0.57735	  0.00138108	  5.49349e-05	  12	  1.86051e-05
21	  0.25651	  0.816497	  0.000758093	  9.00719e-05	  12	  3.05051e-05
22	  0.347316	  0.904534	  0.00041546	  5.8551e-05	  12	  1.98298e-05
23	  0.444288	  0.942809	  0.000253958	  3.39758e-05	  12	  1.15068e-05
24	  0.54414	  0.96225	  0.000166222	  1.61257e-05	  12	  5.46138e-06
25	  0.645536	  0.973329	  0.000115357	  2.47582e-05	  12	  8.38498e-06
26	  0.747849	  0.980196	  8.36612e-05	  1.11004e-05	  12	  3.75942e-06
27	  0.850747	  0.984732	  6.28792e-05	  6.50338e-06	  12	  2.20253e-06
28	  0.954042	  0.987878	  4.86063e-05	  9.2559e-06	  12	  3.13474e-06
29	  0.20944	  0	  0.0010874	  3.25265e-05	  6	  1.49052e-05
30	  0.23416	  0.447214	  0.000861366	  5.49643e-05	  12	  1.8615e-05
31	  0.296192	  0.707107	  0.000560902	  4.56875e-05	  12	  1.54732e-05
32	  0.377572	  0.83205	  0.000353507	  3.32409e-05	  12	  1.12579e-05
33	  0.468321	  0.894427	  0.000227855	  3.75445e-05	  12	  1.27154e-05
34	  0.563933	  0.928477	  0.000154074	  1.91774e-05	  12	  6.49489e-06
35	  0.662306	  0.948683	  0.000109103	  1.84534e-05	  12	  6.24969e-06
36	  0.762371	  0.961524	  8.01954e-05	  1.7167e-05	  12	  5.81404e-06
37	  0.863541	  0.970143	  6.0809e-05	  6.56951e-06	  12	  2.22493e-06
38	  0.965468	  0.976187	  4.73186e-05	  7.4546e-06	  12	  2.52469e-06
39	  0.23416	  0	  0.000861366	  3.29011e-05	  12	  1.11428e-05
40	  0.25651	  0.408248	  0.000758093	  3.51548e-05	  24	  8.93369e-06
41	  0.314159	  0.666667	  0.000509336	  3.95396e-05	  24	  1.0048e-05
42	  0.391825	  0.801784	  0.00032913	  2.57222e-05	  24	  6.53664e-06
43	  0.479886	  0.872872	  0.00021626	  2.82353e-05	  24	  7.17527e-06
44	  0.573574	  0.912871	  0.000148705	  2.05833e-05	  24	  5.23071e-06
45	  0.670534	  0.937043	  0.000106245	  1.19345e-05	  24	  3.03283e-06
46	  0.76953	  0.952579	  7.85788e-05	  1.06879e-05	  24	  2.71606e-06
47	  0.869868	  0.963087	  5.98331e-05	  9.5846e-06	  24	  2.43568e-06
48	  0.971131	  0.970495	  4.66877e-05	  6.05111e-06	  24	  1.53773e-06
49	  0.296192	  0	  0.000560902	  1.95482e-05	  6	  8.95793e-06
50	  0.314159	  0.333333	  0.000509336	  1.77965e-05	  12	  6.02723e-06
51	  0.36276	  0.57735	  0.000380271	  2.24982e-05	  12	  7.61958e-06
52	  0.431771	  0.727607	  0.000268642	  2.66819e-05	  12	  9.0365e-06
53	  0.51302	  0.816497	  0.000188322	  2.27409e-05	  12	  7.70177e-06
54	  0.601569	  0.870388	  0.000134274	  1.84986e-05	  12	  6.26503e-06
55	  0.694632	  0.904534	  9.83796e-05	  1.5262e-05	  12	  5.16884e-06
56	  0.790617	  0.927173	  7.40102e-05	  1.17273e-05	  12	  3.97173e-06
57	  0.888577	  0.942809	  5.7047e-05	  1.0501e-05	  12	  3.55644e-06
58	  0.987924	  0.953998	  4.49132e-05	  4.87035e-06	  12	  1.64947e-06
59	  0.314159	  0	  0.000509336	  3.23258e-05	  6	  1.48132e-05
60	  0.331153	  0.316228	  0.000461248	  2.98331e-05	  12	  1.01037e-05
61	  0.377572	  0.5547	  0.000353507	  2.82167e-05	  12	  9.55631e-06
62	  0.444288	  0.707107	  0.000253958	  1.96242e-05	  12	  6.64624e-06
63	  0.523599	  0.8	  0.000180467	  1.40729e-05	  12	  4.76614e-06
64	  0.610616	  0.857493	  0.000130032	  1.305e-05	  12	  4.41971e-06
65	  0.702481	  0.894427	  9.59862e-05	  8.98867e-06	  12	  3.04424e-06
66	  0.797522	  0.919145	  7.25949e-05	  7.41839e-06	  12	  2.51243e-06
67	  0.894726	  0.936329	  5.61554e-05	  6.24964e-06	  12	  2.1166e-06
68	  0.993459	  0.948683	  4.43525e-05	  5.18566e-06	  12	  1.75626e-06
69	  0.331153	  0	  0.000461248	  2.57215e-05	  12	  8.71124e-06
70	  0.347316	  0.301511	  0.00041546	  1.14349e-05	  24	  2.90589e-06
71	  0.391825	  0.534522	  0.00032913	  1.36037e-05	  24	  3.45703e-06
72	  0.456463	  0.688247	  0.000240494	  2.46081e-05	  24	  6.25352e-06
73	  0.533968	  0.784465	  0.000173094	  1.47451e-05	  24	  3.74709e-06
74	  0.61953	  0.845154	  0.000126056	  1.46659e-05	  24	  3.72697e-06
75	  0.710244	  0.884652	  9.37219e-05	  1.17202e-05	  24	  2.97839e-06
76	  0.804368	  0.911322	  7.12372e-05	  9.30093e-06	  24	  2.36359e-06
77	  0.900833	  0.929981	  5.53169e-05	  6.55412e-06	  24	  1.66556e-06
78	  0.998963	  0.943456	  4.38063e-05	  9.24877e-06	  24	  2.35034e-06
79	  0.377572	  0	  0.000353507	  1.46918e-05	  12	  4.97575e-06
80	  0.391825	  0.267261	  0.00032913	  8.39008e-06	  24	  2.13212e-06
81	  0.431771	  0.485071	  0.000268642	  2.18164e-05	  24	  5.54407e-06
82	  0.491179	  0.639602	  0.000205912	  1.21304e-05	  24	  3.08262e-06
83	  0.563933	  0.742781	  0.000154074	  1.38566e-05	  24	  3.52129e-06
84	  0.645536	  0.811107	  0.000115357	  1.00154e-05	  24	  2.54515e-06
85	  0.733038	  0.857143	  8.74227e-05	  1.14347e-05	  24	  2.90584e-06
86	  0.824564	  0.889001	  6.74072e-05	  8.02216e-06	  24	  2.03863e-06
87	  0.918912	  0.911685	  5.29003e-05	  7.27042e-06	  24	  1.84759e-06
88	  0.418879	  0	  0.00028546	  1.49055e-05	  6	  6.83044e-06
89	  0.431771	  0.242536	  0.000268642	  8.00031e-06	  12	  2.70951e-06
90	  0.468321	  0.447214	  0.000227855	  1.27401e-05	  12	  4.31475e-06
91	  0.523599	  0.6	  0.000180467	  1.16022e-05	  12	  3.92936e-06
92	  0.592384	  0.707107	  0.000138819	  1.14041e-05	  12	  3.86228e-06
93	  0.670534	  0.780869	  0.000106245	  8.15232e-06	  12	  2.76099e-06
94	  0.755145	  0.83205	  8.19187e-05	  9.61705e-06	  12	  3.25705e-06
95	  0.844278	  0.868243	  6.3942e-05	  5.22885e-06	  12	  1.77088e-06
96	  0.936642	  0.894427	  5.06708e-05	  4.56797e-06	  12	  1.54706e-06
97	  0.431771	  0	  0.000268642	  7.7804e-06	  12	  2.63503e-06
98	  0.444288	  0.235702	  0.000253958	  6.57456e-06	  24	  1.67075e-06
99	  0.479886	  0.436436	  0.00021626	  1.24497e-05	  24	  3.16378e-06
100	  0.533968	  0.588348	  0.000173094	  9.99007e-06	  24	  2.53872e-06
101	  0.601569	  0.696311	  0.000134274	  9.40297e-06	  24	  2.38952e-06
102	  0.678662	  0.771517	  0.000103483	  1.28042e-05	  24	  3.25385e-06
103	  0.762371	  0.824163	  8.01954e-05	  7.89923e-06	  24	  2.00738e-06
104	  0.850747	  0.86164	  6.28792e-05	  7.17932e-06	  24	  1.82444e-06
105	  0.942478	  0.888889	  4.99708e-05	  5.0742e-06	  24	  1.28948e-06
106	  0.444288	  0	  0.000253958	  7.70668e-06	  6	  3.53157e-06
107	  0.456463	  0.229416	  0.000240494	  1.12423e-05	  12	  3.8075e-06
108	  0.491179	  0.426401	  0.000205912	  8.19065e-06	  12	  2.77397e-06
109	  0.54414	  0.57735	  0.000166222	  7.35779e-06	  12	  2.4919e-06
110	  0.610616	  0.685994	  0.000130032	  7.95664e-06	  12	  2.69472e-06
111	  0.686693	  0.762493	  0.000100876	  4.12746e-06	  12	  1.39787e-06
112	  0.76953	  0.816497	  7.85788e-05	  6.04167e-06	  12	  2.04616e-06
113	  0.857168	  0.855186	  6.18245e-05	  9.71512e-06	  12	  3.29027e-06
114	  0.948278	  0.883452	  4.92751e-05	  5.44316e-06	  12	  1.84346e-06
115	  0.468321	  0	  0.000227855	  8.10156e-06	  12	  2.7438e-06
116	  0.479886	  0.218218	  0.00021626	  9.01266e-06	  24	  2.29034e-06
117	  0.51302	  0.408248	  0.000188322	  1.12857e-05	  24	  2.86798e-06
118	  0.563933	  0.557086	  0.000154074	  1.02224e-05	  24	  2.59775e-06
119	  0.628319	  0.666667	  0.000122281	  1.46692e-05	  24	  3.7278e-06
120	  0.702481	  0.745356	  9.59862e-05	  1.11429e-05	  24	  2.83168e-06
121	  0.783651	  0.801784	  7.54794e-05	  5.39706e-06	  24	  1.37152e-06
122	  0.869868	  0.842701	  5.98331e-05	  7.74574e-06	  24	  1.96838e-06
123	  0.959772	  0.872872	  4.79605e-05	  7.2814e-06	  24	  1.85038e-06
124	  0.523599	  0	  0.000180467	  7.91896e-06	  18	  2.26246e-06
125	  0.533968	  0.196116	  0.000173094	  5.99219e-06	  36	  1.29831e-06
126	  0.563933	  0.371391	  0.000154074	  7.15155e-06	  36	  1.5495e-06
127	  0.610616	  0.514496	  0.000130032	  7.081e-06	  36	  1.53422e-06
128	  0.670534	  0.624695	  0.000106245	  7.94583e-06	  36	  1.7216e-06
129	  0.74048	  0.707107	  8.55312e-05	  6.67309e-06	  36	  1.44584e-06
130	  0.817887	  0.768221	  6.86491e-05	  6.96655e-06	  36	  1.50942e-06
131	  0.900833	  0.813733	  5.53169e-05	  7.22324e-06	  36	  1.56504e-06
132	  0.987924	  0.847998	  4.49132e-05	  4.04927e-06	  36	  8.77343e-07
133	  0.533968	  0	  0.000173094	  5.57306e-06	  12	  1.88746e-06
134	  0.54414	  0.19245	  0.000166222	  6.7127e-06	  24	  1.70586e-06
135	  0.573574	  0.365148	  0.000148705	  6.54026e-06	  24	  1.66204e-06
136	  0.61953	  0.507093	  0.000126056	  7.39401e-06	  24	  1.879e-06
137	  0.678662	  0.617213	  0.000103483	  8.68619e-06	  24	  2.20737e-06
138	  0.747849	  0.70014	  8.36612e-05	  8.46147e-06	  24	  2.15026e-06
139	  0.824564	  0.762001	  6.74072e-05	  6.08282e-06	  24	  1.54579e-06
140	  0.9069	  0.80829	  5.44911e-05	  4.87579e-06	  24	  1.23906e-06
141	  0.993459	  0.843274	  4.43525e-05	  6.3344e-06	  24	  1.60972e-06
142	  0.563933	  0	  0.000154074	  3.72646e-06	  12	  1.26206e-06
143	  0.573574	  0.182574	  0.000148705	  5.45446e-06	  24	  1.38611e-06
144	  0.601569	  0.348155	  0.000134274	  4.63599e-06	  24	  1.17812e-06
145	  0.645536	  0.486664	  0.000115357	  6.33341e-06	  24	  1.60947e-06
146	  0.702481	  0.596285	  9.59862e-05	  3.65616e-06	  24	  9.29119e-07
147	  0.76953	  0.680414	  7.85788e-05	  6.40604e-06	  24	  1.62793e-06
148	  0.844278	  0.744208	  6.3942e-05	  5.64326e-06	  24	  1.43409e-06
149	  0.92486	  0.792594	  5.21404e-05	  4.53459e-06	  24	  1.15235e-06
150	  0.592384	  0	  0.000138819	  4.41759e-06	  6	  2.02435e-06
151	  0.601569	  0.174078	  0.000134274	  5.21573e-06	  12	  1.76644e-06
152	  0.628319	  0.333333	  0.000122281	  7.51207e-06	  12	  2.54415e-06
153	  0.670534	  0.468521	  0.000106245	  5.21925e-06	  12	  1.76763e-06
154	  0.72552	  0.57735	  8.94525e-05	  5.40205e-06	  12	  1.82954e-06
155	  0.790617	  0.662266	  7.40102e-05	  6.28431e-06	  12	  2.12834e-06
156	  0.863541	  0.727607	  6.0809e-05	  5.12453e-06	  12	  1.73555e-06
157	  0.942478	  0.777778	  4.99708e-05	  4.77455e-06	  12	  1.61702e-06
158	  0.610616	  0	  0.000130032	  5.77921e-06	  12	  1.95728e-06
159	  0.61953	  0.169031	  0.000126056	  5.35489e-06	  24	  1.36081e-06
160	  0.645536	  0.324443	  0.000115357	  5.32027e-06	  24	  1.35201e-06
161	  0.686693	  0.457496	  0.000100876	  3.31038e-06	  24	  8.41247e-07
162	  0.74048	  0.565685	  8.55312e-05	  5.66538e-06	  24	  1.43971e-06
163	  0.804368	  0.650945	  7.12372e-05	  4.9246e-06	  24	  1.25146e-06
164	  0.876148	  0.717137	  5.88643e-05	  4.9921e-06	  24	  1.26861e-06
165	  0.954042	  0.76835	  4.86063e-05	  4.71539e-06	  24	  1.1983e-06
166	  0.628319	  0	  0.000122281	  1.88236e-06	  6	  8.6259e-07
167	  0.636985	  0.164399	  0.000118696	  5.58489e-06	  12	  1.89147e-06
168	  0.662306	  0.316228	  0.000109103	  5.8238e-06	  12	  1.97238e-06
169	  0.702481	  0.447214	  9.59862e-05	  3.64552e-06	  12	  1.23465e-06
170	  0.755145	  0.5547	  8.19187e-05	  5.60646e-06	  12	  1.89877e-06
171	  0.817887	  0.640184	  6.86491e-05	  4.9467e-06	  12	  1.67533e-06
172	  0.888577	  0.707107	  5.7047e-05	  3.41565e-06	  12	  1.15679e-06
173	  0.965468	  0.759257	  4.73186e-05	  3.85294e-06	  12	  1.3049e-06
174	  0.636985	  0	  0.000118696	  5.55147e-06	  12	  1.88014e-06
175	  0.645536	  0.162221	  0.000115357	  4.90254e-06	  24	  1.24585e-06
176	  0.670534	  0.312348	  0.000106245	  5.02471e-06	  24	  1.2769e-06
177	  0.710244	  0.442326	  9.37219e-05	  5.52982e-06	  24	  1.40526e-06
178	  0.762371	  0.549442	  8.01954e-05	  4.93837e-06	  24	  1.25496e-06
179	  0.824564	  0.635001	  6.74072e-05	  5.21893e-06	  24	  1.32626e-06
180	  0.894726	  0.702247	  5.61554e-05	  4.34657e-06	  24	  1.10457e-06
181	  0.971131	  0.754829	  4.66877e-05	  4.97506e-06	  24	  1.26428e-06
182	  0.662306	  0	  0.000109103	  4.2484e-06	  12	  1.43883e-06
183	  0.670534	  0.156174	  0.000106245	  4.57421e-06	  24	  1.16242e-06
184	  0.694632	  0.301511	  9.83796e-05	  4.52613e-06	  24	  1.1502e-06
185	  0.733038	  0.428571	  8.74227e-05	  4.7802e-06	  24	  1.21476e-06
186	  0.783651	  0.534522	  7.54794e-05	  3.53865e-06	  24	  8.99256e-07
187	  0.844278	  0.620174	  6.3942e-05	  4.43542e-06	  24	  1.12715e-06
188	  0.912926	  0.688247	  5.36709e-05	  5.223e-06	  24	  1.32729e-06
189	  0.987924	  0.741999	  4.49132e-05	  3.18452e-06	  24	  8.09263e-07
190	  0.670534	  0	  0.000106245	  2.91085e-06	  12	  9.85833e-07
191	  0.678662	  0.154303	  0.000103483	  3.46131e-06	  24	  8.79603e-07
192	  0.702481	  0.298142	  9.59862e-05	  2.85393e-06	  24	  7.25252e-07
193	  0.74048	  0.424264	  8.55312e-05	  4.27096e-06	  24	  1.08536e-06
194	  0.790617	  0.529813	  7.40102e-05	  4.35155e-06	  24	  1.10583e-06
195	  0.850747	  0.615457	  6.28792e-05	  3.0353e-06	  24	  7.71343e-07
196	  0.918912	  0.683763	  5.29003e-05	  5.64503e-06	  24	  1.43454e-06
197	  0.993459	  0.737865	  4.43525e-05	  3.09446e-06	  24	  7.86378e-07
198	  0.702481	  0	  9.59862e-05	  3.54949e-06	  12	  1.20213e-06
199	  0.710244	  0.147442	  9.37219e-05	  4.85643e-06	  24	  1.23413e-06
200	  0.733038	  0.285714	  8.74227e-05	  2.98274e-06	  24	  7.57985e-07
201	  0.76953	  0.408248	  7.85788e-05	  3.14396e-06	  24	  7.98956e-07
202	  0.817887	  0.512148	  6.86491e-05	  4.6065e-06	  24	  1.17062e-06
203	  0.876148	  0.597614	  5.88643e-05	  3.39613e-06	  24	  8.63038e-07
204	  0.942478	  0.666667	  4.99708e-05	  3.92914e-06	  24	  9.9849e-07
205	  0.733038	  0	  8.74227e-05	  4.12722e-06	  6	  1.89129e-06
206	  0.74048	  0.141421	  8.55312e-05	  2.53488e-06	  12	  8.58501e-07
207	  0.762371	  0.274721	  8.01954e-05	  2.83124e-06	  12	  9.58872e-07
208	  0.797522	  0.393919	  7.25949e-05	  1.66222e-06	  12	  5.62952e-07
209	  0.844278	  0.496139	  6.3942e-05	  3.86366e-06	  12	  1.30853e-06
210	  0.900833	  0.581238	  5.53169e-05	  3.49961e-06	  12	  1.18523e-06
211	  0.965468	  0.650791	  4.73186e-05	  1.90527e-06	  12	  6.45267e-07
212	  0.74048	  0	  8.55312e-05	  3.33724e-06	  18	  9.53457e-07
213	  0.747849	  0.140028	  8.36612e-05	  2.77537e-06	  36	  6.01329e-07
214	  0.76953	  0.272166	  7.85788e-05	  3.16732e-06	  36	  6.86252e-07
215	  0.804368	  0.390567	  7.12372e-05	  4.09608e-06	  36	  8.87484e-07
216	  0.850747	  0.492366	  6.28792e-05	  3.02437e-06	  36	  6.55279e-07
217	  0.9069	  0.57735	  5.44911e-05	  4.30993e-06	  36	  9.33818e-07
218	  0.971131	  0.646997	  4.66877e-05	  3.72019e-06	  36	  8.06042e-07
219	  0.755145	  0	  8.19187e-05	  2.60949e-06	  12	  8.8377e-07
220	  0.762371	  0.137361	  8.01954e-05	  3.51114e-06	  24	  8.92266e-07
221	  0.783651	  0.267261	  7.54794e-05	  2.8267e-06	  24	  7.18332e-07
222	  0.817887	  0.384111	  6.86491e-05	  4.79432e-06	  24	  1.21835e-06
223	  0.863541	  0.485071	  6.0809e-05	  2.04817e-06	  24	  5.20489e-07
224	  0.918912	  0.569803	  5.29003e-05	  2.99781e-06	  24	  7.61816e-07
225	  0.982358	  0.639602	  4.55013e-05	  2.86609e-06	  24	  7.28342e-07
226	  0.762371	  0	  8.01954e-05	  2.92892e-06	  12	  9.91953e-07
227	  0.76953	  0.136083	  7.85788e-05	  2.63922e-06	  24	  6.7069e-07
228	  0.790617	  0.264906	  7.40102e-05	  3.86688e-06	  24	  9.82668e-07
229	  0.824564	  0.381	  6.74072e-05	  2.22687e-06	  24	  5.659e-07
230	  0.869868	  0.481543	  5.98331e-05	  3.79694e-06	  24	  9.64895e-07
231	  0.92486	  0.566139	  5.21404e-05	  3.35764e-06	  24	  8.53258e-07
232	  0.987924	  0.635999	  4.49132e-05	  1.96065e-06	  24	  4.98249e-07
233	  0.797522	  0	  7.25949e-05	  1.52202e-06	  12	  5.15469e-07
234	  0.804368	  0.130189	  7.12372e-05	  2.62792e-06	  24	  6.67819e-07
235	  0.824564	  0.254	  6.74072e-05	  2.50155e-06	  24	  6.35705e-07
236	  0.857168	  0.366508	  6.18245e-05	  4.39551e-06	  24	  1.117e-06
237	  0.900833	  0.464991	  5.53169e-05	  3.24208e-06	  24	  8.2389e-07
238	  0.954042	  0.548821	  4.86063e-05	  2.2551e-06	  24	  5.73076e-07
239	  0.817887	  0	  6.86491e-05	  3.01086e-06	  12	  1.0197e-06
240	  0.824564	  0.127	  6.74072e-05	  2.21522e-06	  24	  5.6294e-07
241	  0.844278	  0.248069	  6.3942e-05	  2.27509e-06	  24	  5.78156e-07
242	  0.876148	  0.358569	  5.88643e-05	  2.27574e-06	  24	  5.7832e-07
243	  0.918912	  0.455842	  5.29003e-05	  3.26444e-06	  24	  8.29574e-07
244	  0.971131	  0.539164	  4.66877e-05	  3.20776e-06	  24	  8.15169e-07
245	  0.837758	  0	  6.50738e-05	  4.42234e-07	  6	  2.02653e-07
246	  0.844278	  0.124035	  6.3942e-05	  2.97042e-06	  12	  1.00601e-06
247	  0.863541	  0.242536	  6.0809e-05	  2.38159e-06	  12	  8.06586e-07
248	  0.894726	  0.351123	  5.61554e-05	  2.03724e-06	  12	  6.89961e-07
249	  0.936642	  0.447214	  5.06708e-05	  2.17696e-06	  12	  7.37282e-07
250	  0.987924	  0.529999	  4.49132e-05	  2.15826e-06	  12	  7.30949e-07
251	  0.844278	  0	  6.3942e-05	  1.78511e-06	  24	  4.5364e-07
252	  0.850747	  0.123091	  6.28792e-05	  2.28661e-06	  48	  4.44375e-07
253	  0.869868	  0.240772	  5.98331e-05	  2.59406e-06	  48	  5.04123e-07
254	  0.900833	  0.348743	  5.53169e-05	  3.01549e-06	  48	  5.86024e-07
255	  0.942478	  0.444444	  4.99708e-05	  2.55771e-06	  48	  4.9706e-07
256	  0.993459	  0.527046	  4.43525e-05	  1.78714e-06	  48	  3.47308e-07
257	  0.863541	  0	  6.0809e-05	  2.5409e-06	  12	  8.60541e-07
258	  0.869868	  0.120386	  5.98331e-05	  2.3631e-06	  24	  6.0052e-07
259	  0.888577	  0.235702	  5.7047e-05	  2.7333e-06	  24	  6.94598e-07
260	  0.918912	  0.341882	  5.29003e-05	  2.87793e-06	  24	  7.31352e-07
261	  0.959772	  0.436436	  4.79605e-05	  2.83487e-06	  24	  7.20409e-07
262	  0.888577	  0	  5.7047e-05	  1.44562e-06	  6	  6.62452e-07
263	  0.894726	  0.117041	  5.61554e-05	  1.8424e-06	  12	  6.23977e-07
264	  0.912926	  0.229416	  5.36709e-05	  2.02211e-06	  12	  6.84839e-07
265	  0.942478	  0.333333	  4.99708e-05	  1.75548e-06	  12	  5.94539e-07
266	  0.982358	  0.426401	  4.55013e-05	  2.34086e-06	  12	  7.9279e-07
267	  0.894726	  0	  5.61554e-05	  1.93558e-06	  12	  6.55532e-07
268	  0.900833	  0.116248	  5.53169e-05	  1.7681e-06	  24	  4.49316e-07
269	  0.918912	  0.227921	  5.29003e-05	  2.42406e-06	  24	  6.16013e-07
270	  0.948278	  0.331295	  4.92751e-05	  3.93548e-06	  24	  1.0001e-06
271	  0.987924	  0.423999	  4.49132e-05	  2.95132e-06	  24	  7.5e-07
272	  0.900833	  0	  5.53169e-05	  2.43872e-06	  12	  8.25934e-07
273	  0.9069	  0.11547	  5.44911e-05	  1.92926e-06	  24	  4.90271e-07
274	  0.92486	  0.226455	  5.21404e-05	  2.33112e-06	  24	  5.92394e-07
275	  0.954042	  0.329293	  4.86063e-05	  1.84758e-06	  24	  4.69515e-07
276	  0.993459	  0.421637	  4.43525e-05	  1.28727e-06	  24	  3.27127e-07
277	  0.936642	  0	  5.06708e-05	  1.67486e-06	  12	  5.67234e-07
278	  0.942478	  0.111111	  4.99708e-05	  1.6664e-06	  24	  4.23474e-07
279	  0.959772	  0.218218	  4.79605e-05	  2.53291e-06	  24	  6.43674e-07
280	  0.987924	  0.317999	  4.49132e-05	  2.73855e-06	  24	  6.95931e-07
281	  0.942478	  0	  4.99708e-05	  3.19352e-06	  6	  1.46343e-06
282	  0.948278	  0.110432	  4.92751e-05	  1.82263e-06	  12	  6.17278e-07
283	  0.965468	  0.21693	  4.73186e-05	  2.23445e-06	  12	  7.56751e-07
284	  0.993459	  0.316228	  4.43525e-05	  2.12293e-06	  12	  7.18982e-07
285	  0.948278	  0	  4.92751e-05	  2.05557e-06	  12	  6.9617e-07
286	  0.954042	  0.109764	  4.86063e-05	  1.66641e-06	  24	  4.23475e-07
287	  0.971131	  0.215666	  4.66877e-05	  1.55187e-06	  24	  3.94369e-07
288	  0.998963	  0.314485	  4.38063e-05	  2.51476e-06	  24	  6.39062e-07
289	  0.965468	  0	  4.73186e-05	  1.35237e-06	  24	  3.43669e-07
290	  0.971131	  0.107833	  4.66877e-05	  2.19466e-06	  48	  4.26506e-07
291	  0.987924	  0.212	  4.49132e-05	  1.55698e-06	  48	  3.0258e-07
292	  0.987924	  0	  4.49132e-05	  1.84929e-06	  12	  6.26307e-07
293	  0.993459	  0.105409	  4.43525e-05	  1.63942e-06	  24	  4.16616e-07
294	  0.993459	  0	  4.43525e-05	  1.75352e-06	  12	  5.93875e-07
295	  0.998963	  0.104828	  4.38063e-05	  2.17723e-06	  24	  5.53287e-07
296	  1.08818	  0.030936	  3.60508e-05	  1.56783e-06	  138	  2.11854e-07
297	  1.08818	  0.0938307	  3.60508e-05	  1.37426e-06	  252	  1.55284e-07
298	  1.08818	  0.156319	  3.60508e-05	  1.03445e-06	  72	  1.73633e-07
299	  1.08818	  0.218712	  3.60508e-05	  1.74704e-06	  216	  2.06223e-07
300	  1.08818	  0.281224	  3.60508e-05	  1.64403e-06	  288	  1.79077e-07
301	  1.08818	  0.343807	  3.60508e-05	  1.60941e-06	  120	  2.27389e-07
302	  1.08818	  0.406302	  3.60508e-05	  1.76564e-06	  180	  2.19885e-07
303	  1.08818	  0.468745	  3.60508e-05	  1.96562e-06	  180	  2.4479e-07
304	  1.08818	  0.531226	  3.60508e-05	  2.30698e-06	  192	  2.81841e-07
305	  1.08818	  0.593785	  3.60508e-05	  2.59805e-06	  192	  3.174e-07
306	  1.08818	  0.656281	  3.60508e-05	  2.3603e-06	  168	  3.00116e-07
307	  1.08818	  0.718743	  3.60508e-05	  3.17053e-06	  228	  3.685e-07
308	  1.08818	  0.781255	  3.60508e-05	  3.87074e-06	  144	  5.16099e-07
309	  1.08818	  0.843774	  3.60508e-05	  3.7074e-06	  240	  4.24682e-07
310	  1.08818	  0.90628	  3.60508e-05	  5.03906e-06	  168	  6.40725e-07
311	  1.08818	  0.968758	  3.60508e-05	  4.78113e-06	  150	  6.29435e-07
312	  1.25577	  0.030936	  2.59292e-05	  1.1096e-06	  198	  1.34335e-07
313	  1.25577	  0.0938307	  2.59292e-05	  1.01382e-06	  396	  1.01638e-07
314	  1.25577	  0.156319	  2.59292e-05	  1.06413e-06	  396	  1.06681e-07
315	  1.25577	  0.218712	  2.59292e-05	  1.06373e-06	  204	  1.27663e-07
316	  1.25577	  0.281224	  2.59292e-05	  1.19367e-06	  216	  1.40902e-07
317	  1.25577	  0.343807	  2.59292e-05	  1.29164e-06	  372	  1.3155e-07
318	  1.25577	  0.406302	  2.59292e-05	  1.23039e-06	  312	  1.31177e-07
319	  1.25577	  0.468745	  2.59292e-05	  1.25515e-06	  288	  1.36718e-07
320	  1.25577	  0.531226	  2.59292e-05	  1.57364e-06	  264	  1.75532e-07
321	  1.25577	  0.593785	  2.59292e-05	  1.47665e-06	  312	  1.57432e-07
322	  1.25577	  0.656281	  2.59292e-05	  1.82644e-06	  276	  2.01261e-07
323	  1.25577	  0.718743	  2.59292e-05	  2.15933e-06	  312	  2.30215e-07
324	  1.25577	  0.781255	  2.59292e-05	  2.28674e-06	  276	  2.51982e-07
325	  1.25577	  0.843774	  2.59292e-05	  2.62222e-06	  240	  3.00375e-07
326	  1.25577	  0.90628	  2.59292e-05	  3.0021e-06	  324	  3.16888e-07
327	  1.25577	  0.968758	  2.59292e-05	  3.3352e-06	  315	  3.54677e-07
328	  1.45182	  0.030936	  1.84965e-05	  7.75329e-07	  246	  8.81996e-08
329	  1.45182	  0.0938307	  1.84965e-05	  7.74648e-07	  516	  7.28344e-08
330	  1.45182	  0.156319	  1.84965e-05	  8.21796e-07	  504	  7.76955e-08
331	  1.45182	  0.218712	  1.84965e-05	  8.2376e-07	  528	  7.70375e-08
332	  1.45182	  0.281224	  1.84965e-05	  8.24922e-07	  504	  7.79911e-08
333	  1.45182	  0.343807	  1.84965e-05	  9.30625e-07	  384	  9.4022e-08
334	  1.45182	  0.406302	  1.84965e-05	  1.01025e-06	  420	  9.98081e-08
335	  1.45182	  0.468745	  1.84965e-05	  1.01915e-06	  468	  9.80674e-08
336	  1.45182	  0.531226	  1.84965e-05	  1.08445e-06	  480	  1.0372e-07
337	  1.45182	  0.593785	  1.84965e-05	  1.38175e-06	  468	  1.32959e-07
338	  1.45182	  0.656281	  1.84965e-05	  1.40531e-06	  396	  1.40885e-07
339	  1.45182	  0.718743	  1.84965e-05	  1.46934e-06	  456	  1.42275e-07
340	  1.45182	  0.781255	  1.84965e-05	  1.53297e-06	  432	  1.50404e-07
341	  1.45182	  0.843774	  1.84965e-05	  1.92838e-06	  480	  1.84437e-07
342	  1.45182	  0.90628	  1.84965e-05	  1.86297e-06	  480	  1.78181e-07
343	  1.45182	  0.968758	  1.84965e-05	  2.33068e-06	  414	  2.31081e-07
344	  1.68148	  0.030936	  1.3092e-05	  5.06449e-07	  798	  4.32505e-08
345	  1.68148	  0.0938307	  1.3092e-05	  5.82052e-07	  708	  5.09774e-08
346	  1.68148	  0.156319	  1.3092e-05	  5.98066e-07	  684	  5.27709e-08
347	  1.68148	  0.218712	  1.3092e-05	  6.13697e-07	  720	  5.3556e-08
348	  1.68148	  0.281224	  1.3092e-05	  5.95716e-07	  708	  5.21742e-08
349	  1.68148	  0.343807	  1.3092e-05	  6.53883e-07	  720	  5.7063e-08
350	  1.68148	  0.406302	  1.3092e-05	  7.07277e-07	  672	  6.26476e-08
351	  1.68148	  0.468745	  1.3092e-05	  7.34203e-07	  732	  6.3847e-08
352	  1.68148	  0.531226	  1.3092e-05	  8.26541e-07	  672	  7.32116e-08
353	  1.68148	  0.593785	  1.3092e-05	  8.65787e-07	  708	  7.58276e-08
354	  1.68148	  0.656281	  1.3092e-05	  8.64823e-07	  744	  7.49471e-08
355	  1.68148	  0.718743	  1.3092e-05	  9.96499e-07	  744	  8.63584e-08
356	  1.68148	  0.781255	  1.3092e-05	  1.14803e-06	  696	  1.00918e-07
357	  1.68148	  0.843774	  1.3092e-05	  1.22864e-06	  708	  1.07607e-07
358	  1.68148	  0.90628	  1.3092e-05	  1.38404e-06	  696	  1.21664e-07
359	  1.68148	  0.968758	  1.3092e-05	  1.55403e-06	  741	  1.3479e-07
360	  1.94819	  0.030936	  9.22078e-06	  4.09896e-07	  1368	  3.15771e-08
361	  1.94819	  0.0938307	  9.22078e-06	  4.05762e-07	  924	  3.36367e-08
362	  1.94819	  0.156319	  9.22078e-06	  4.33344e-07	  972	  3.55667e-08
363	  1.94819	  0.218712	  9.22078e-06	  4.17169e-07	  972	  3.42392e-08
364	  1.94819	  0.281224	  9.22078e-06	  4.38754e-07	  1200	  3.46034e-08
365	  1.94819	  0.343807	  9.22078e-06	  4.918e-07	  1140	  3.91559e-08
366	  1.94819	  0.406302	  9.22078e-06	  5.14069e-07	  1080	  4.13461e-08
367	  1.94819	  0.468745	  9.22078e-06	  5.10112e-07	  1068	  4.11147e-08
368	  1.94819	  0.531226	  9.22078e-06	  5.70168e-07	  1164	  4.52203e-08
369	  1.94819	  0.593785	  9.22078e-06	  5.80649e-07	  1188	  4.58788e-08
370	  1.94819	  0.656281	  9.22078e-06	  6.17758e-07	  1068	  4.9791e-08
371	  1.94819	  0.718743	  9.22078e-06	  7.37941e-07	  1008	  6.014e-08
372	  1.94819	  0.781255	  9.22078e-06	  7.64897e-07	  1164	  6.06644e-08
373	  1.94819	  0.843774	  9.22078e-06	  7.83412e-07	  1176	  6.20153e-08
374	  1.94819	  0.90628	  9.22078e-06	  8.29677e-07	  1080	  6.67301e-08
375	  1.94819	  0.968758	  9.22078e-06	  9.11533e-07	  1038	  7.38693e-08
376	  2.25604	  0.030936	  6.48115e-06	  3.06349e-07	  1896	  2.2353e-08
377	  2.25604	  0.0938307	  6.48115e-06	  3.1114e-07	  1272	  2.42809e-08
378	  2.25604	  0.156319	  6.48115e-06	  3.04957e-07	  2040	  2.19997e-08
379	  2.25604	  0.218712	  6.48115e-06	  3.18945e-07	  1740	  2.35934e-08
380	  2.25604	  0.281224	  6.48115e-06	  3.17683e-07	  1584	  2.38663e-08
381	  2.25604	  0.343807	  6.48115e-06	  3.25428e-07	  1764	  2.40197e-08
382	  2.25604	  0.406302	  6.48115e-06	  3.72786e-07	  1632	  2.78672e-08
383	  2.25604	  0.468745	  6.48115e-06	  3.75218e-07	  1860	  2.74611e-08
384	  2.25604	  0.531226	  6.48115e-06	  3.8828e-07	  1560	  2.92447e-08
385	  2.25604	  0.593785	  6.48115e-06	  4.01119e-07	  1692	  2.98075e-08
386	  2.25604	  0.656281	  6.48115e-06	  4.40827e-07	  1704	  3.27204e-08
387	  2.25604	  0.718743	  6.48115e-06	  4.68318e-07	  1824	  3.43814e-08
388	  2.25604	  0.781255	  6.48115e-06	  5.07568e-07	  1668	  3.78063e-08
389	  2.25604	  0.843774	  6.48115e-06	  5.30035e-07	  1680	  3.94333e-08
390	  2.25604	  0.90628	  6.48115e-06	  5.32993e-07	  1776	  3.9297e-08
391	  2.25604	  0.968758	  6.48115e-06	  5.9502e-07	  1656	  4.43728e-08
392	  2.61216	  0.030936	  4.54319e-06	  2.25935e-07	  2586	  1.57397e-08
393	  2.61216	  0.0938307	  4.54319e-06	  2.18329e-07	  3036	  1.48789e-08
394	  2.61216	  0.156319	  4.54319e-06	  2.2172e-07	  2124	  1.58969e-08
395	  2.61216	  0.218712	  4.54319e-06	  2.15016e-07	  2940	  1.47163e-08
396	  2.61216	  0.281224	  4.54319e-06	  2.24138e-07	  2616	  1.55892e-08
397	  2.61216	  0.343807	  4.54319e-06	  2.39513e-07	  2448	  1.68165e-08
398	  2.61216	  0.406302	  4.54319e-06	  2.48785e-07	  2916	  1.70464e-08
399	  2.61216	  0.468745	  4.54319e-06	  2.47277e-07	  2544	  1.72664e-08
400	  2.61216	  0.531226	  4.54319e-06	  2.8346e-07	  2652	  1.96773e-08
401	  2.61216	  0.593785	  4.54319e-06	  2.68201e-07	  2748	  1.85263e-08
402	  2.61216	  0.656281	  4.54319e-06	  2.99879e-07	  2676	  2.07909e-08
403	  2.61216	  0.718743	  4.54319e-06	  3.09161e-07	  2472	  2.16762e-08
404	  2.61216	  0.781255	  4.54319e-06	  3.34832e-07	  2616	  2.32881e-08
405	  2.61216	  0.843774	  4.54319e-06	  3.47354e-07	  2736	  2.40084e-08
406	  2.61216	  0.90628	  4.54319e-06	  3.55482e-07	  2568	  2.4789e-08
407	  2.61216	  0.968758	  4.54319e-06	  3.52107e-07	  2745	  2.43258e-08
408	  3.02645	  0.030936	  3.16893e-06	  1.53225e-07	  3414	  1.02837e-08
409	  3.02645	  0.0938307	  3.16893e-06	  1.54563e-07	  4512	  1.00291e-08
410	  3.02645	  0.156319	  3.16893e-06	  1.5645e-07	  4632	  1.01212e-08
411	  3.02645	  0.218712	  3.16893e-06	  1.59766e-07	  3972	  1.05233e-08
412	  3.02645	  0.281224	  3.16893e-06	  1.59118e-07	  4176	  1.04182e-08
413	  3.02645	  0.343807	  3.16893e-06	  1.71799e-07	  4344	  1.11966e-08
414	  3.02645	  0.406302	  3.16893e-06	  1.72073e-07	  4044	  1.13096e-08
415	  3.02645	  0.468745	  3.16893e-06	  1.76784e-07	  4092	  1.16028e-08
416	  3.02645	  0.531226	  3.16893e-06	  1.88114e-07	  4296	  1.22757e-08
417	  3.02645	  0.593785	  3.16893e-06	  1.89403e-07	  3996	  1.24664e-08
418	  3.02645	  0.656281	  3.16893e-06	  2.01223e-07	  4188	  1.31705e-08
419	  3.02645	  0.718743	  3.16893e-06	  2.00019e-07	  4212	  1.30829e-08
420	  3.02645	  0.781255	  3.16893e-06	  2.15732e-07	  4140	  1.41394e-08
421	  3.02645	  0.843774	  3.16893e-06	  2.15338e-07	  4128	  1.41185e-08
422	  3.02645	  0.90628	  3.16893e-06	  2.19047e-07	  4188	  1.43372e-08
423	  3.02645	  0.968758	  3.16893e-06	  2.11781e-07	  4128	  1.38853e-08
424	  3.50419	  0.030936	  2.20839e-06	  1.10886e-07	  7002	  6.86948e-09
425	  3.50419	  0.0938307	  2.20839e-06	  1.13484e-07	  6240	  7.1108e-09
426	  3.50419	  0.156319	  2.20839e-06	  1.12091e-07	  5964	  7.05597e-09
427	  3.50419	  0.218712	  2.20839e-06	  1.14134e-07	  6180	  7.15852e-09
428	  3.50419	  0.281224	  2.20839e-06	  1.1374e-07	  6420	  7.10652e-09
429	  3.50419	  0.343807	  2.20839e-06	  1.15097e-07	  6516	  7.18071e-09
430	  3.50419	  0.406302	  2.20839e-06	  1.21982e-07	  6312	  7.63447e-09
431	  3.50419	  0.468745	  2.20839e-06	  1.22585e-07	  6276	  7.6766e-09
432	  3.50419	  0.531226	  2.20839e-06	  1.26155e-07	  6360	  7.88962e-09
433	  3.50419	  0.593785	  2.20839e-06	  1.26522e-07	  6408	  7.90664e-09
434	  3.50419	  0.656281	  2.20839e-06	  1.26633e-07	  6360	  7.91952e-09
435	  3.50419	  0.718743	  2.20839e-06	  1.28159e-07	  6336	  8.01801e-09
436	  3.50419	  0.781255	  2.20839e-06	  1.3214e-07	  6372	  8.26237e-09
437	  3.50419	  0.843774	  2.20839e-06	  1.31186e-07	  6456	  8.19202e-09
438	  3.50419	  0.90628	  2.20839e-06	  1.31122e-07	  6360	  8.20028e-09
439	  3.50419	  0.968758	  2.20839e-06	  1.21063e-07	  6327	  7.57513e-09
440	  4.05763	  0.030936	  1.53462e-06	  8.04299e-08	  10392	  4.81048e-09
441	  4.05763	  0.0938307	  1.53462e-06	  7.82477e-08	  9420	  4.71859e-09
442	  4.05763	  0.156319	  1.53462e-06	  8.01918e-08	  10176	  4.80454e-09
443	  4.05763	  0.218712	  1.53462e-06	  7.89652e-08	  10260	  4.72784e-09
444	  4.05763	  0.281224	  1.53462e-06	  7.95468e-08	  9528	  4.79227e-09
445	  4.05763	  0.343807	  1.53462e-06	  8.06761e-08	  10140	  4.83498e-09
446	  4.05763	  0.406302	  1.53462e-06	  8.17009e-08	  9960	  4.90369e-09
447	  4.05763	  0.468745	  1.53462e-06	  8.13702e-08	  10068	  4.87946e-09
448	  4.05763	  0.531226	  1.53462e-06	  8.17616e-08	  9996	  4.90586e-09
449	  4.05763	  0.593785	  1.53462e-06	  8.38302e-08	  9828	  5.03712e-09
450	  4.05763	  0.656281	  1.53462e-06	  8.10116e-08	  10032	  4.8594e-09
451	  4.05763	  0.718743	  1.53462e-06	  8.33758e-08	  9924	  5.00574e-09
452	  4.05763	  0.781255	  1.53462e-06	  8.11217e-08	  10116	  4.86264e-09
453	  4.05763	  0.843774	  1.53462e-06	  7.84566e-08	  9888	  4.71183e-09
454	  4.05763	  0.90628	  1.53462e-06	  7.58586e-08	  10008	  4.55121e-09
455	  4.05763	  0.968758	  1.53462e-06	  6.99618e-08	  9978	  4.19848e-09
456	  4.69917	  0.030936	  1.06291e-06	  5.68652e-08	  13626	  3.33041e-09
457	  4.69917	  0.0938307	  1.06291e-06	  5.55629e-08	  16392	  3.21212e-09
458	  4.69917	  0.156319	  1.06291e-06	  5.48378e-08	  15708	  3.17943e-09
459	  4.69917	  0.218712	  1.06291e-06	  5.40096e-08	  15432	  3.13525e-09
460	  4.69917	  0.281224	  1.06291e-06	  5.45376e-08	  15780	  3.16103e-09
461	  4.69917	  0.343807	  1.06291e-06	  5.45745e-08	  15300	  3.16993e-09
462	  4.69917	  0.406302	  1.06291e-06	  5.35832e-08	  15588	  3.10833e-09
463	  4.69917	  0.468745	  1.06291e-06	  5.2534e-08	  15396	  3.05009e-09
464	  4.69917	  0.531226	  1.06291e-06	  5.3748e-08	  15504	  3.11906e-09
465	  4.69917	  0.593785	  1.06291e-06	  5.20317e-08	  15660	  3.01738e-09
466	  4.69917	  0.656281	  1.06291e-06	  5.15648e-08	  15192	  2.9966e-09
467	  4.69917	  0.718743	  1.06291e-06	  4.97785e-08	  15600	  2.88747e-09
468	  4.69917	  0.781255	  1.06291e-06	  4.80055e-08	  15216	  2.78945e-09
469	  4.69917	  0.843774	  1.06291e-06	  4.50153e-08	  15516	  2.61215e-09
470	  4.69917	  0.90628	  1.06291e-06	  4.14472e-08	  15540	  2.40485e-09
471	  4.69917	  0.968758	  1.06291e-06	  3.87876e-08	  15405	  2.25189e-09
472	  5.4432	  0.030936	  7.34335e-07	  3.95397e-08	  26250	  2.22103e-09
473	  5.4432	  0.0938307	  7.34335e-07	  3.94609e-08	  22392	  2.23675e-09
474	  5.4432	  0.156319	  7.34335e-07	  3.71945e-08	  24516	  2.09728e-09
475	  5.4432	  0.218712	  7.34335e-07	  3.73649e-08	  23592	  2.11151e-09
476	  5.4432	  0.281224	  7.34335e-07	  3.71127e-08	  24264	  2.09389e-09
477	  5.4432	  0.343807	  7.34335e-07	  3.66956e-08	  23928	  2.07201e-09
478	  5.4432	  0.406302	  7.34335e-07	  3.52087e-08	  24120	  1.98714e-09
479	  5.4432	  0.468745	  7.34335e-07	  3.45324e-08	  23964	  1.94969e-09
480	  5.4432	  0.531226	  7.34335e-07	  3.31494e-08	  24060	  1.87118e-09
481	  5.4432	  0.593785	  7.34335e-07	  3.16064e-08	  24108	  1.78388e-09
482	  5.4432	  0.656281	  7.34335e-07	  2.99658e-08	  24228	  1.69081e-09
483	  5.4432	  0.718743	  7.34335e-07	  2.87003e-08	  24144	  1.61972e-09
484	  5.4432	  0.781255	  7.34335e-07	  2.66136e-08	  23940	  1.50268e-09
485	  5.4432	  0.843774	  7.34335e-07	  2.47162e-08	  24192	  1.39472e-09
486	  5.4432	  0.90628	  7.34335e-07	  2.17283e-08	  23988	  1.22671e-09
487	  5.4432	  0.968758	  7.34335e-07	  1.95936e-08	  24141	  1.10579e-09
488	  6.30378	  0.030936	  5.06487e-07	  2.77747e-08	  35082	  1.53702e-09
489	  6.30378	  0.0938307	  5.06487e-07	  2.67923e-08	  39108	  1.4751e-09
490	  6.30378	  0.156319	  5.06487e-07	  2.54363e-08	  36924	  1.40419e-09
491	  6.30378	  0.218712	  5.06487e-07	  2.52827e-08	  37692	  1.39436e-09
492	  6.30378	  0.281224	  5.06487e-07	  2.41091e-08	  37092	  1.33063e-09
493	  6.30378	  0.343807	  5.06487e-07	  2.35491e-08	  37536	  1.299e-09
494	  6.30378	  0.406302	  5.06487e-07	  2.24713e-08	  36984	  1.24041e-09
495	  6.30378	  0.468745	  5.06487e-07	  2.11432e-08	  37428	  1.16645e-09
496	  6.30378	  0.531226	  5.06487e-07	  1.9829e-08	  37392	  1.09399e-09
497	  6.30378	  0.593785	  5.06487e-07	  1.85911e-08	  37200	  1.02594e-09
498	  6.30378	  0.656281	  5.06487e-07	  1.68657e-08	  36924	  9.31055e-10
499	  6.30378	  0.718743	  5.06487e-07	  1.53476e-08	  37272	  8.46878e-10
500	  6.30378	  0.781255	  5.06487e-07	  1.37481e-08	  37284	  7.58604e-10
501	  6.30378	  0.843774	  5.06487e-07	  1.22852e-08	  37188	  6.77966e-10
502	  6.30378	  0.90628	  5.06487e-07	  1.08602e-08	  37320	  5.99229e-10
503	  6.30378	  0.968758	  5.06487e-07	  9.3715e-09	  37119	  5.17217e-10
504	  7.30029	  0.030936	  3.48469e-07	  1.89831e-08	  60258	  1.02649e-09
505	  7.30029	  0.0938307	  3.48469e-07	  1.79159e-08	  56916	  9.70892e-10
506	  7.30029	  0.156319	  3.48469e-07	  1.71255e-08	  56820	  9.28117e-10
507	  7.30029	  0.218712	  3.48469e-07	  1.63318e-08	  58716	  8.8399e-10
508	  7.30029	  0.281224	  3.48469e-07	  1.55095e-08	  57840	  8.39965e-10
509	  7.30029	  0.343807	  3.48469e-07	  1.45744e-08	  57612	  7.89441e-10
510	  7.30029	  0.406302	  3.48469e-07	  1.34907e-08	  58464	  7.3033e-10
511	  7.30029	  0.468745	  3.48469e-07	  1.22903e-08	  57948	  6.65569e-10
512	  7.30029	  0.531226	  3.48469e-07	  1.11331e-08	  57708	  6.02997e-10
513	  7.30029	  0.593785	  3.48469e-07	  9.95186e-09	  58236	  5.38832e-10
514	  7.30029	  0.656281	  3.48469e-07	  8.88297e-09	  58008	  4.81031e-10
515	  7.30029	  0.718743	  3.48469e-07	  7.81926e-09	  58200	  4.23375e-10
516	  7.30029	  0.781255	  3.48469e-07	  6.6464e-09	  58128	  3.59887e-10
517	  7.30029	  0.843774	  3.48469e-07	  5.77287e-09	  57972	  3.1262e-10
518	  7.30029	  0.90628	  3.48469e-07	  4.87507e-09	  57960	  2.64003e-10
519	  7.30029	  0.968758	  3.48469e-07	  4.10169e-09	  58122	  2.22098e-10
520	  8.455	  0.030936	  2.39328e-07	  1.24299e-08	  90198	  6.62883e-10
521	  8.455	  0.0938307	  2.39328e-07	  1.17813e-08	  89292	  6.2849e-10
522	  8.455	  0.156319	  2.39328e-07	  1.11612e-08	  90804	  5.95098e-10
523	  8.455	  0.218712	  2.39328e-07	  1.03327e-08	  89628	  5.51147e-10
524	  8.455	  0.281224	  2.39328e-07	  9.50908e-09	  89844	  5.07178e-10
525	  8.455	  0.343807	  2.39328e-07	  8.60791e-09	  90636	  4.58988e-10
526	  8.455	  0.406302	  2.39328e-07	  7.66263e-09	  89628	  4.08726e-10
527	  8.455	  0.468745	  2.39328e-07	  6.73641e-09	  89772	  3.59304e-10
528	  8.455	  0.531226	  2.39328e-07	  5.835e-09	  90324	  3.11165e-10
529	  8.455	  0.593785	  2.39328e-07	  5.046e-09	  89784	  2.6914e-10
530	  8.455	  0.656281	  2.39328e-07	  4.26488e-09	  90216	  2.27443e-10
531	  8.455	  0.718743	  2.39328e-07	  3.61559e-09	  89796	  1.92845e-10
532	  8.455	  0.781255	  2.39328e-07	  3.04965e-09	  90120	  1.62641e-10
533	  8.455	  0.843774	  2.39328e-07	  2.5103e-09	  90132	  1.33877e-10
534	  8.455	  0.90628	  2.39328e-07	  2.05192e-09	  89916	  1.09439e-10
535	  8.455	  0.968758	  2.39328e-07	  1.66212e-09	  89964	  8.86475e-11
536	  9.79129	  0.030936	  1.64041e-07	  7.96852e-09	  139068	  4.19794e-10
537	  9.79129	  0.0938307	  1.64041e-07	  7.42917e-09	  141180	  3.91231e-10
538	  9.79129	  0.156319	  1.64041e-07	  6.85012e-09	  139380	  3.60854e-10
539	  9.79129	  0.218712	  1.64041e-07	  6.23964e-09	  138804	  3.2873e-10
540	  9.79129	  0.281224	  1.64041e-07	  5.51274e-09	  140952	  2.90321e-10
541	  9.79129	  0.343807	  1.64041e-07	  4.68404e-09	  139668	  2.46736e-10
542	  9.79129	  0.406302	  1.64041e-07	  4.03567e-09	  139464	  2.1259e-10
543	  9.79129	  0.468745	  1.64041e-07	  3.37166e-09	  139812	  1.776e-10
544	  9.79129	  0.531226	  1.64041e-07	  2.80507e-09	  139884	  1.47753e-10
545	  9.79129	  0.593785	  1.64041e-07	  2.34252e-09	  140184	  1.23383e-10
546	  9.79129	  0.656281	  1.64041e-07	  1.91191e-09	  139404	  1.00716e-10
547	  9.79129	  0.718743	  1.64041e-07	  1.55631e-09	  139932	  8.19761e-11
548	  9.79129	  0.781255	  1.64041e-07	  1.26543e-09	  139980	  6.66535e-11
549	  9.79129	  0.843774	  1.64041e-07	  1.00853e-09	  139632	  5.31256e-11
550	  9.79129	  0.90628	  1.64041e-07	  7.94755e-10	  140088	  4.18612e-11
551	  9.79129	  0.968758	  1.64041e-07	  6.15577e-10	  139623	  3.24263e-11
