#n	   k	      mu	    PL	    Pf	     w	     err  
0	  0.10472	  1	  0.00427213	  0.00028051	  3	  0.000175978
1	  0.20944	  1	  0.00151751	  7.83076e-05	  3	  4.91263e-05
2	  0.314159	  1	  0.0007108	  7.64006e-05	  3	  4.793e-05
3	  0.418879	  1	  0.000398371	  1.50184e-05	  3	  9.4218e-06
4	  0.523599	  1	  0.000251849	  4.2457e-06	  3	  2.66354e-06
5	  0.628319	  1	  0.000170648	  1.80884e-05	  3	  1.13478e-05
6	  0.733038	  1	  0.000122002	  8.78515e-06	  3	  5.51136e-06
7	  0.837758	  1	  9.08132e-05	  8.05205e-06	  3	  5.05146e-06
8	  0.942478	  1	  6.97363e-05	  1.2614e-06	  3	  7.91338e-07
9	  0.10472	  0	  0.00427213	  4.77645e-05	  6	  2.1888e-05
10	  0.148096	  0.707107	  0.00271675	  6.69502e-05	  12	  2.26744e-05
11	  0.23416	  0.894427	  0.00120207	  8.25989e-05	  12	  2.79742e-05
12	  0.331153	  0.948683	  0.00064369	  3.28988e-05	  12	  1.1142e-05
13	  0.431771	  0.970143	  0.000374901	  1.81763e-05	  12	  6.15587e-06
14	  0.533968	  0.980581	  0.00024156	  1.21737e-05	  12	  4.12294e-06
15	  0.636985	  0.986394	  0.000165645	  7.02212e-06	  12	  2.37822e-06
16	  0.74048	  0.989949	  0.000119362	  9.45684e-06	  12	  3.2028e-06
17	  0.844278	  0.992278	  8.92337e-05	  4.27502e-06	  12	  1.44784e-06
18	  0.948278	  0.993884	  6.87654e-05	  4.14973e-06	  12	  1.40541e-06
19	  0.148096	  0	  0.00271675	  2.49358e-05	  6	  1.14268e-05
20	  0.18138	  0.57735	  0.00192736	  3.31558e-05	  12	  1.12291e-05
21	  0.25651	  0.816497	  0.00105795	  3.82137e-05	  12	  1.2942e-05
22	  0.347316	  0.904534	  0.000579791	  2.30461e-05	  12	  7.80516e-06
23	  0.444288	  0.942809	  0.000354409	  1.62778e-05	  12	  5.51287e-06
24	  0.54414	  0.96225	  0.000231969	  1.22732e-05	  12	  4.15664e-06
25	  0.645536	  0.973329	  0.000160985	  7.91823e-06	  12	  2.68171e-06
26	  0.747849	  0.980196	  0.000116753	  4.71143e-06	  12	  1.59565e-06
27	  0.850747	  0.984732	  8.77505e-05	  5.58264e-06	  12	  1.8907e-06
28	  0.954042	  0.987878	  6.78321e-05	  4.02265e-06	  12	  1.36237e-06
29	  0.20944	  0	  0.00151751	  1.55622e-05	  6	  7.13134e-06
30	  0.23416	  0.447214	  0.00120207	  2.61499e-05	  12	  8.85631e-06
31	  0.296192	  0.707107	  0.000782761	  3.16532e-05	  12	  1.07201e-05
32	  0.377572	  0.83205	  0.000493333	  2.07879e-05	  12	  7.04033e-06
33	  0.468321	  0.894427	  0.00031798	  1.66615e-05	  12	  5.64285e-06
34	  0.563933	  0.928477	  0.000215017	  6.65261e-06	  12	  2.25307e-06
35	  0.662306	  0.948683	  0.000152257	  6.2071e-06	  12	  2.10219e-06
36	  0.762371	  0.961524	  0.000111916	  7.0243e-06	  12	  2.37896e-06
37	  0.863541	  0.970143	  8.48614e-05	  1.55265e-06	  12	  5.25844e-07
38	  0.965468	  0.976187	  6.60351e-05	  2.67478e-06	  12	  9.05881e-07
39	  0.23416	  0	  0.00120207	  1.61834e-05	  12	  5.48091e-06
40	  0.25651	  0.408248	  0.00105795	  1.53288e-05	  24	  3.89542e-06
41	  0.314159	  0.666667	  0.0007108	  2.10106e-05	  24	  5.33929e-06
42	  0.391825	  0.801784	  0.000459314	  1.56442e-05	  24	  3.97556e-06
43	  0.479886	  0.872872	  0.000301799	  1.74761e-05	  24	  4.44109e-06
44	  0.573574	  0.912871	  0.000207525	  8.14825e-06	  24	  2.07067e-06
45	  0.670534	  0.937043	  0.00014827	  5.0963e-06	  24	  1.29509e-06
46	  0.76953	  0.952579	  0.00010966	  4.9166e-06	  24	  1.24943e-06
47	  0.869868	  0.963087	  8.34996e-05	  3.91765e-06	  24	  9.95571e-07
48	  0.971131	  0.970495	  6.51545e-05	  3.26749e-06	  24	  8.30349e-07
49	  0.296192	  0	  0.000782761	  9.33038e-06	  6	  4.27563e-06
50	  0.314159	  0.333333	  0.0007108	  1.17333e-05	  12	  3.97377e-06
51	  0.36276	  0.57735	  0.000530683	  9.79026e-06	  12	  3.31572e-06
52	  0.431771	  0.727607	  0.000374901	  1.29147e-05	  12	  4.3739e-06
53	  0.51302	  0.816497	  0.000262812	  1.08835e-05	  12	  3.68596e-06
54	  0.601569	  0.870388	  0.000187384	  8.62918e-06	  12	  2.92249e-06
55	  0.694632	  0.904534	  0.000137293	  8.66279e-06	  12	  2.93387e-06
56	  0.790617	  0.927173	  0.000103284	  4.86943e-06	  12	  1.64915e-06
57	  0.888577	  0.942809	  7.96115e-05	  3.72141e-06	  12	  1.26035e-06
58	  0.987924	  0.953998	  6.26782e-05	  1.67809e-06	  12	  5.68328e-07
59	  0.314159	  0	  0.0007108	  1.25612e-05	  6	  5.75615e-06
60	  0.331153	  0.316228	  0.00064369	  9.23092e-06	  12	  3.12628e-06
61	  0.377572	  0.5547	  0.000493333	  1.36534e-05	  12	  4.62406e-06
62	  0.444288	  0.707107	  0.000354409	  6.99963e-06	  12	  2.3706e-06
63	  0.523599	  0.8	  0.000251849	  1.06197e-05	  12	  3.59664e-06
64	  0.610616	  0.857493	  0.000181465	  4.68864e-06	  12	  1.58793e-06
65	  0.702481	  0.894427	  0.000133953	  5.60307e-06	  12	  1.89762e-06
66	  0.797522	  0.919145	  0.000101309	  4.58328e-06	  12	  1.55224e-06
67	  0.894726	  0.936329	  7.83672e-05	  2.57289e-06	  12	  8.71372e-07
68	  0.993459	  0.948683	  6.18957e-05	  2.76168e-06	  12	  9.35314e-07
69	  0.331153	  0	  0.00064369	  7.44806e-06	  12	  2.52247e-06
70	  0.347316	  0.301511	  0.000579791	  6.83582e-06	  24	  1.73715e-06
71	  0.391825	  0.534522	  0.000459314	  7.29328e-06	  24	  1.8534e-06
72	  0.456463	  0.688247	  0.00033562	  1.31718e-05	  24	  3.34726e-06
73	  0.533968	  0.784465	  0.00024156	  7.26154e-06	  24	  1.84533e-06
74	  0.61953	  0.845154	  0.000175917	  4.87963e-06	  24	  1.24003e-06
75	  0.710244	  0.884652	  0.000130793	  8.26962e-06	  24	  2.10151e-06
76	  0.804368	  0.911322	  9.94144e-05	  3.94578e-06	  24	  1.00272e-06
77	  0.900833	  0.929981	  7.7197e-05	  3.39082e-06	  24	  8.6169e-07
78	  0.998963	  0.943456	  6.11335e-05	  2.12074e-06	  24	  5.38931e-07
79	  0.377572	  0	  0.000493333	  6.22747e-06	  12	  2.10909e-06
80	  0.391825	  0.267261	  0.000459314	  4.73299e-06	  24	  1.20277e-06
81	  0.431771	  0.485071	  0.000374901	  7.9655e-06	  24	  2.02423e-06
82	  0.491179	  0.639602	  0.000287358	  5.9055e-06	  24	  1.50073e-06
83	  0.563933	  0.742781	  0.000215017	  7.73361e-06	  24	  1.9653e-06
84	  0.645536	  0.811107	  0.000160985	  6.38882e-06	  24	  1.62355e-06
85	  0.733038	  0.857143	  0.000122002	  5.40812e-06	  24	  1.37433e-06
86	  0.824564	  0.889001	  9.40695e-05	  2.56984e-06	  24	  6.53059e-07
87	  0.918912	  0.911685	  7.38245e-05	  3.76814e-06	  24	  9.57575e-07
88	  0.418879	  0	  0.000398371	  1.36039e-06	  6	  6.23398e-07
89	  0.431771	  0.242536	  0.000374901	  3.5751e-06	  12	  1.2108e-06
90	  0.468321	  0.447214	  0.00031798	  6.35404e-06	  12	  2.15196e-06
91	  0.523599	  0.6	  0.000251849	  5.825e-06	  12	  1.97278e-06
92	  0.592384	  0.707107	  0.000193728	  3.0663e-06	  12	  1.03848e-06
93	  0.670534	  0.780869	  0.00014827	  6.04171e-06	  12	  2.04618e-06
94	  0.755145	  0.83205	  0.000114321	  3.59597e-06	  12	  1.21787e-06
95	  0.844278	  0.868243	  8.92337e-05	  3.51278e-06	  12	  1.18969e-06
96	  0.936642	  0.894427	  7.07132e-05	  1.70475e-06	  12	  5.77356e-07
97	  0.431771	  0	  0.000374901	  3.31906e-06	  12	  1.12408e-06
98	  0.444288	  0.235702	  0.000354409	  2.21945e-06	  24	  5.64015e-07
99	  0.479886	  0.436436	  0.000301799	  6.99796e-06	  24	  1.77835e-06
100	  0.533968	  0.588348	  0.00024156	  3.76597e-06	  24	  9.57025e-07
101	  0.601569	  0.696311	  0.000187384	  3.73906e-06	  24	  9.50186e-07
102	  0.678662	  0.771517	  0.000144415	  3.32275e-06	  24	  8.4439e-07
103	  0.762371	  0.824163	  0.000111916	  4.65174e-06	  24	  1.18212e-06
104	  0.850747	  0.86164	  8.77505e-05	  4.07964e-06	  24	  1.03674e-06
105	  0.942478	  0.888889	  6.97363e-05	  3.27621e-06	  24	  8.32563e-07
106	  0.444288	  0	  0.000354409	  3.00125e-06	  6	  1.37532e-06
107	  0.456463	  0.229416	  0.00033562	  5.57855e-06	  12	  1.88932e-06
108	  0.491179	  0.426401	  0.000287358	  4.69712e-06	  12	  1.5908e-06
109	  0.54414	  0.57735	  0.000231969	  1.67391e-06	  12	  5.66911e-07
110	  0.610616	  0.685994	  0.000181465	  5.87819e-06	  12	  1.9908e-06
111	  0.686693	  0.762493	  0.000140776	  3.78102e-06	  12	  1.28054e-06
112	  0.76953	  0.816497	  0.00010966	  3.58995e-06	  12	  1.21583e-06
113	  0.857168	  0.855186	  8.62786e-05	  2.13302e-06	  12	  7.22399e-07
114	  0.948278	  0.883452	  6.87654e-05	  1.59636e-06	  12	  5.40648e-07
115	  0.468321	  0	  0.00031798	  3.8501e-06	  12	  1.30393e-06
116	  0.479886	  0.218218	  0.000301799	  5.39999e-06	  24	  1.37227e-06
117	  0.51302	  0.408248	  0.000262812	  5.45232e-06	  24	  1.38557e-06
118	  0.563933	  0.557086	  0.000215017	  5.25361e-06	  24	  1.33507e-06
119	  0.628319	  0.666667	  0.000170648	  4.00447e-06	  24	  1.01763e-06
120	  0.702481	  0.745356	  0.000133953	  4.30879e-06	  24	  1.09497e-06
121	  0.783651	  0.801784	  0.000105335	  3.78909e-06	  24	  9.629e-07
122	  0.869868	  0.842701	  8.34996e-05	  2.55815e-06	  24	  6.50087e-07
123	  0.959772	  0.872872	  6.69309e-05	  2.3523e-06	  24	  5.97775e-07
124	  0.523599	  0	  0.000251849	  2.65353e-06	  18	  7.58119e-07
125	  0.533968	  0.196116	  0.00024156	  2.45467e-06	  36	  5.31846e-07
126	  0.563933	  0.371391	  0.000215017	  2.47856e-06	  36	  5.37021e-07
127	  0.610616	  0.514496	  0.000181465	  3.00841e-06	  36	  6.51822e-07
128	  0.670534	  0.624695	  0.00014827	  3.09012e-06	  36	  6.69527e-07
129	  0.74048	  0.707107	  0.000119362	  3.40696e-06	  36	  7.38175e-07
130	  0.817887	  0.768221	  9.58027e-05	  2.87682e-06	  36	  6.23312e-07
131	  0.900833	  0.813733	  7.7197e-05	  2.35956e-06	  36	  5.11237e-07
132	  0.987924	  0.847998	  6.26782e-05	  2.13419e-06	  36	  4.62408e-07
133	  0.533968	  0	  0.00024156	  2.40715e-06	  12	  8.15241e-07
134	  0.54414	  0.19245	  0.000231969	  3.79874e-06	  24	  9.65351e-07
135	  0.573574	  0.365148	  0.000207525	  2.46288e-06	  24	  6.25877e-07
136	  0.61953	  0.507093	  0.000175917	  3.33501e-06	  24	  8.47506e-07
137	  0.678662	  0.617213	  0.000144415	  3.23147e-06	  24	  8.21195e-07
138	  0.747849	  0.70014	  0.000116753	  2.97667e-06	  24	  7.56444e-07
139	  0.824564	  0.762001	  9.40695e-05	  1.24955e-06	  24	  3.17541e-07
140	  0.9069	  0.80829	  7.60446e-05	  2.82784e-06	  24	  7.18622e-07
141	  0.993459	  0.843274	  6.18957e-05	  2.15209e-06	  24	  5.46898e-07
142	  0.563933	  0	  0.000215017	  9.83721e-07	  12	  3.33162e-07
143	  0.573574	  0.182574	  0.000207525	  2.0589e-06	  24	  5.23216e-07
144	  0.601569	  0.348155	  0.000187384	  2.80442e-06	  24	  7.12671e-07
145	  0.645536	  0.486664	  0.000160985	  3.27786e-06	  24	  8.32984e-07
146	  0.702481	  0.596285	  0.000133953	  3.43028e-06	  24	  8.71717e-07
147	  0.76953	  0.680414	  0.00010966	  1.9591e-06	  24	  4.97855e-07
148	  0.844278	  0.744208	  8.92337e-05	  2.99325e-06	  24	  7.60656e-07
149	  0.92486	  0.792594	  7.27641e-05	  2.31766e-06	  24	  5.88974e-07
150	  0.592384	  0	  0.000193728	  7.79177e-07	  6	  3.57057e-07
151	  0.601569	  0.174078	  0.000187384	  1.54032e-06	  12	  5.21667e-07
152	  0.628319	  0.333333	  0.000170648	  2.1311e-06	  12	  7.2175e-07
153	  0.670534	  0.468521	  0.00014827	  1.90349e-06	  12	  6.44665e-07
154	  0.72552	  0.57735	  0.000124835	  3.69655e-06	  12	  1.25193e-06
155	  0.790617	  0.662266	  0.000103284	  2.66039e-06	  12	  9.01009e-07
156	  0.863541	  0.727607	  8.48614e-05	  2.26832e-06	  12	  7.68223e-07
157	  0.942478	  0.777778	  6.97363e-05	  1.66835e-06	  12	  5.65029e-07
158	  0.610616	  0	  0.000181465	  1.48698e-06	  12	  5.03604e-07
159	  0.61953	  0.169031	  0.000175917	  1.9829e-06	  24	  5.03902e-07
160	  0.645536	  0.324443	  0.000160985	  2.28855e-06	  24	  5.81576e-07
161	  0.686693	  0.457496	  0.000140776	  2.56048e-06	  24	  6.5068e-07
162	  0.74048	  0.565685	  0.000119362	  2.11327e-06	  24	  5.37033e-07
163	  0.804368	  0.650945	  9.94144e-05	  2.87038e-06	  24	  7.29433e-07
164	  0.876148	  0.717137	  8.21476e-05	  2.36202e-06	  24	  6.00246e-07
165	  0.954042	  0.76835	  6.78321e-05	  1.92679e-06	  24	  4.89645e-07
166	  0.628319	  0	  0.000170648	  5.69384e-06	  6	  2.60919e-06
167	  0.636985	  0.164399	  0.000165645	  2.63241e-06	  12	  8.91532e-07
168	  0.662306	  0.316228	  0.000152257	  1.72615e-06	  12	  5.84605e-07
169	  0.702481	  0.447214	  0.000133953	  9.72411e-07	  12	  3.29331e-07
170	  0.755145	  0.5547	  0.000114321	  1.26372e-06	  12	  4.27992e-07
171	  0.817887	  0.640184	  9.58027e-05	  1.71411e-06	  12	  5.80526e-07
172	  0.888577	  0.707107	  7.96115e-05	  1.97424e-06	  12	  6.68626e-07
173	  0.965468	  0.759257	  6.60351e-05	  2.19256e-06	  12	  7.42567e-07
174	  0.636985	  0	  0.000165645	  2.51067e-06	  12	  8.50303e-07
175	  0.645536	  0.162221	  0.000160985	  1.41368e-06	  24	  3.5925e-07
176	  0.670534	  0.312348	  0.00014827	  1.66541e-06	  24	  4.23222e-07
177	  0.710244	  0.442326	  0.000130793	  2.23063e-06	  24	  5.66858e-07
178	  0.762371	  0.549442	  0.000111916	  2.66795e-06	  24	  6.7799e-07
179	  0.824564	  0.635001	  9.40695e-05	  1.37515e-06	  24	  3.4946e-07
180	  0.894726	  0.702247	  7.83672e-05	  1.39427e-06	  24	  3.54317e-07
181	  0.971131	  0.754829	  6.51545e-05	  1.61691e-06	  24	  4.10896e-07
182	  0.662306	  0	  0.000152257	  1.65357e-06	  12	  5.60024e-07
183	  0.670534	  0.156174	  0.00014827	  1.49782e-06	  24	  3.80633e-07
184	  0.694632	  0.301511	  0.000137293	  1.75201e-06	  24	  4.45229e-07
185	  0.733038	  0.428571	  0.000122002	  2.01531e-06	  24	  5.12139e-07
186	  0.783651	  0.534522	  0.000105335	  1.82403e-06	  24	  4.63529e-07
187	  0.844278	  0.620174	  8.92337e-05	  1.77194e-06	  24	  4.50294e-07
188	  0.912926	  0.688247	  7.48999e-05	  1.21763e-06	  24	  3.09429e-07
189	  0.987924	  0.741999	  6.26782e-05	  1.37352e-06	  24	  3.49045e-07
190	  0.670534	  0	  0.00014827	  2.00305e-06	  12	  6.78383e-07
191	  0.678662	  0.154303	  0.000144415	  1.27696e-06	  24	  3.24507e-07
192	  0.702481	  0.298142	  0.000133953	  2.09516e-06	  24	  5.3243e-07
193	  0.74048	  0.424264	  0.000119362	  1.57554e-06	  24	  4.00384e-07
194	  0.790617	  0.529813	  0.000103284	  1.77103e-06	  24	  4.50062e-07
195	  0.850747	  0.615457	  8.77505e-05	  1.24982e-06	  24	  3.1761e-07
196	  0.918912	  0.683763	  7.38245e-05	  1.77789e-06	  24	  4.51804e-07
197	  0.993459	  0.737865	  6.18957e-05	  1.59017e-06	  24	  4.04101e-07
198	  0.702481	  0	  0.000133953	  7.94789e-07	  12	  2.69175e-07
199	  0.710244	  0.147442	  0.000130793	  1.62433e-06	  24	  4.12781e-07
200	  0.733038	  0.285714	  0.000122002	  2.08184e-06	  24	  5.29045e-07
201	  0.76953	  0.408248	  0.00010966	  1.73593e-06	  24	  4.41141e-07
202	  0.817887	  0.512148	  9.58027e-05	  2.44135e-06	  24	  6.20407e-07
203	  0.876148	  0.597614	  8.21476e-05	  2.03655e-06	  24	  5.17536e-07
204	  0.942478	  0.666667	  6.97363e-05	  1.65721e-06	  24	  4.21136e-07
205	  0.733038	  0	  0.000122002	  1.35294e-06	  6	  6.19983e-07
206	  0.74048	  0.141421	  0.000119362	  1.31194e-06	  12	  4.44322e-07
207	  0.762371	  0.274721	  0.000111916	  1.02738e-06	  12	  3.47947e-07
208	  0.797522	  0.393919	  0.000101309	  1.47054e-06	  12	  4.98035e-07
209	  0.844278	  0.496139	  8.92337e-05	  1.75864e-06	  12	  5.95608e-07
210	  0.900833	  0.581238	  7.7197e-05	  1.91042e-06	  12	  6.47011e-07
211	  0.965468	  0.650791	  6.60351e-05	  1.54279e-06	  12	  5.22504e-07
212	  0.74048	  0	  0.000119362	  1.41015e-06	  18	  4.02884e-07
213	  0.747849	  0.140028	  0.000116753	  1.70774e-06	  36	  3.70011e-07
214	  0.76953	  0.272166	  0.00010966	  1.32924e-06	  36	  2.88002e-07
215	  0.804368	  0.390567	  9.94144e-05	  1.92212e-06	  36	  4.1646e-07
216	  0.850747	  0.492366	  8.77505e-05	  1.29069e-06	  36	  2.79649e-07
217	  0.9069	  0.57735	  7.60446e-05	  1.28494e-06	  36	  2.78405e-07
218	  0.971131	  0.646997	  6.51545e-05	  2.02017e-06	  36	  4.37703e-07
219	  0.755145	  0	  0.000114321	  8.81422e-07	  12	  2.98516e-07
220	  0.762371	  0.137361	  0.000111916	  1.68824e-06	  24	  4.29022e-07
221	  0.783651	  0.267261	  0.000105335	  1.44356e-06	  24	  3.66844e-07
222	  0.817887	  0.384111	  9.58027e-05	  1.59662e-06	  24	  4.05739e-07
223	  0.863541	  0.485071	  8.48614e-05	  8.56565e-07	  24	  2.17674e-07
224	  0.918912	  0.569803	  7.38245e-05	  1.48003e-06	  24	  3.76111e-07
225	  0.982358	  0.639602	  6.34989e-05	  1.08556e-06	  24	  2.75866e-07
226	  0.762371	  0	  0.000111916	  7.32325e-07	  12	  2.4802e-07
227	  0.76953	  0.136083	  0.00010966	  1.59452e-06	  24	  4.05205e-07
228	  0.790617	  0.264906	  0.000103284	  1.12491e-06	  24	  2.85867e-07
229	  0.824564	  0.381	  9.40695e-05	  1.1829e-06	  24	  3.00605e-07
230	  0.869868	  0.481543	  8.34996e-05	  8.68175e-07	  24	  2.20624e-07
231	  0.92486	  0.566139	  7.27641e-05	  1.59969e-06	  24	  4.06519e-07
232	  0.987924	  0.635999	  6.26782e-05	  1.12126e-06	  24	  2.8494e-07
233	  0.797522	  0	  0.000101309	  1.27331e-06	  12	  4.31238e-07
234	  0.804368	  0.130189	  9.94144e-05	  1.58808e-06	  24	  4.0357e-07
235	  0.824564	  0.254	  9.40695e-05	  1.04522e-06	  24	  2.65615e-07
236	  0.857168	  0.366508	  8.62786e-05	  1.20308e-06	  24	  3.05731e-07
237	  0.900833	  0.464991	  7.7197e-05	  1.16865e-06	  24	  2.96983e-07
238	  0.954042	  0.548821	  6.78321e-05	  1.34126e-06	  24	  3.40846e-07
239	  0.817887	  0	  9.58027e-05	  9.32695e-07	  12	  3.15881e-07
240	  0.824564	  0.127	  9.40695e-05	  8.62016e-07	  24	  2.19059e-07
241	  0.844278	  0.248069	  8.92337e-05	  1.08679e-06	  24	  2.76179e-07
242	  0.876148	  0.358569	  8.21476e-05	  1.31258e-06	  24	  3.33559e-07
243	  0.918912	  0.455842	  7.38245e-05	  1.25382e-06	  24	  3.18627e-07
244	  0.971131	  0.539164	  6.51545e-05	  1.43595e-06	  24	  3.64911e-07
245	  0.837758	  0	  9.08132e-05	  1.17968e-06	  6	  5.40587e-07
246	  0.844278	  0.124035	  8.92337e-05	  1.55015e-06	  12	  5.24996e-07
247	  0.863541	  0.242536	  8.48614e-05	  4.69319e-07	  12	  1.58947e-07
248	  0.894726	  0.351123	  7.83672e-05	  9.66791e-07	  12	  3.27428e-07
249	  0.936642	  0.447214	  7.07132e-05	  1.05102e-06	  12	  3.55953e-07
250	  0.987924	  0.529999	  6.26782e-05	  1.65044e-06	  12	  5.58962e-07
251	  0.844278	  0	  8.92337e-05	  1.37489e-06	  24	  3.49393e-07
252	  0.850747	  0.123091	  8.77505e-05	  1.21022e-06	  48	  2.35191e-07
253	  0.869868	  0.240772	  8.34996e-05	  9.72463e-07	  48	  1.88986e-07
254	  0.900833	  0.348743	  7.7197e-05	  1.16562e-06	  48	  2.26524e-07
255	  0.942478	  0.444444	  6.97363e-05	  1.09939e-06	  48	  2.13654e-07
256	  0.993459	  0.527046	  6.18957e-05	  1.21059e-06	  48	  2.35264e-07
257	  0.863541	  0	  8.48614e-05	  5.99986e-07	  12	  2.032e-07
258	  0.869868	  0.120386	  8.34996e-05	  1.07504e-06	  24	  2.73194e-07
259	  0.888577	  0.235702	  7.96115e-05	  1.028e-06	  24	  2.6124e-07
260	  0.918912	  0.341882	  7.38245e-05	  1.04939e-06	  24	  2.66674e-07
261	  0.959772	  0.436436	  6.69309e-05	  1.07141e-06	  24	  2.72271e-07
262	  0.888577	  0	  7.96115e-05	  8.96101e-07	  6	  4.10637e-07
263	  0.894726	  0.117041	  7.83672e-05	  6.83233e-07	  12	  2.31394e-07
264	  0.912926	  0.229416	  7.48999e-05	  1.02635e-06	  12	  3.47599e-07
265	  0.942478	  0.333333	  6.97363e-05	  1.14301e-06	  12	  3.87108e-07
266	  0.982358	  0.426401	  6.34989e-05	  1.01704e-06	  12	  3.44445e-07
267	  0.894726	  0	  7.83672e-05	  6.6711e-07	  12	  2.25934e-07
268	  0.900833	  0.116248	  7.7197e-05	  8.28525e-07	  24	  2.10548e-07
269	  0.918912	  0.227921	  7.38245e-05	  1.09098e-06	  24	  2.77244e-07
270	  0.948278	  0.331295	  6.87654e-05	  1.09811e-06	  24	  2.79056e-07
271	  0.987924	  0.423999	  6.26782e-05	  9.61989e-07	  24	  2.44465e-07
272	  0.900833	  0	  7.7197e-05	  1.33474e-06	  12	  4.52043e-07
273	  0.9069	  0.11547	  7.60446e-05	  9.04316e-07	  24	  2.29809e-07
274	  0.92486	  0.226455	  7.27641e-05	  7.41869e-07	  24	  1.88527e-07
275	  0.954042	  0.329293	  6.78321e-05	  1.05194e-06	  24	  2.67323e-07
276	  0.993459	  0.421637	  6.18957e-05	  9.56533e-07	  24	  2.43078e-07
277	  0.936642	  0	  7.07132e-05	  6.7105e-07	  12	  2.27268e-07
278	  0.942478	  0.111111	  6.97363e-05	  9.42199e-07	  24	  2.39435e-07
279	  0.959772	  0.218218	  6.69309e-05	  8.70645e-07	  24	  2.21252e-07
280	  0.987924	  0.317999	  6.26782e-05	  7.90837e-07	  24	  2.00971e-07
281	  0.942478	  0	  6.97363e-05	  1.43464e-06	  6	  6.57423e-07
282	  0.948278	  0.110432	  6.87654e-05	  1.08841e-06	  12	  3.68617e-07
283	  0.965468	  0.21693	  6.60351e-05	  9.51463e-07	  12	  3.22237e-07
284	  0.993459	  0.316228	  6.18957e-05	  9.82206e-07	  12	  3.32649e-07
285	  0.948278	  0	  6.87654e-05	  9.56219e-07	  12	  3.23848e-07
286	  0.954042	  0.109764	  6.78321e-05	  7.54705e-07	  24	  1.91789e-07
287	  0.971131	  0.215666	  6.51545e-05	  6.80876e-07	  24	  1.73027e-07
288	  0.998963	  0.314485	  6.11335e-05	  7.79701e-07	  24	  1.98141e-07
289	  0.965468	  0	  6.60351e-05	  7.98489e-07	  24	  2.02915e-07
290	  0.971131	  0.107833	  6.51545e-05	  8.48428e-07	  48	  1.64881e-07
291	  0.987924	  0.212	  6.26782e-05	  9.27636e-07	  48	  1.80274e-07
292	  0.987924	  0	  6.26782e-05	  7.59978e-07	  12	  2.57386e-07
293	  0.993459	  0.105409	  6.18957e-05	  8.07676e-07	  24	  2.0525e-07
294	  0.993459	  0	  6.18957e-05	  7.06957e-07	  12	  2.39429e-07
295	  0.998963	  0.104828	  6.11335e-05	  7.14527e-07	  24	  1.81579e-07
296	  1.08818	  0.030936	  5.03103e-05	  6.6737e-07	  138	  9.01788e-08
297	  1.08818	  0.0938307	  5.03103e-05	  6.14863e-07	  252	  6.94759e-08
298	  1.08818	  0.156319	  5.03103e-05	  5.6042e-07	  72	  9.40672e-08
299	  1.08818	  0.218712	  5.03103e-05	  6.21669e-07	  216	  7.33826e-08
300	  1.08818	  0.281224	  5.03103e-05	  7.32351e-07	  288	  7.97717e-08
301	  1.08818	  0.343807	  5.03103e-05	  6.94821e-07	  120	  9.81692e-08
302	  1.08818	  0.406302	  5.03103e-05	  9.7655e-07	  180	  1.21615e-07
303	  1.08818	  0.468745	  5.03103e-05	  8.92163e-07	  180	  1.11106e-07
304	  1.08818	  0.531226	  5.03103e-05	  1.04473e-06	  192	  1.27634e-07
305	  1.08818	  0.593785	  5.03103e-05	  1.29294e-06	  192	  1.57956e-07
306	  1.08818	  0.656281	  5.03103e-05	  1.04772e-06	  168	  1.33219e-07
307	  1.08818	  0.718743	  5.03103e-05	  1.37997e-06	  228	  1.60389e-07
308	  1.08818	  0.781255	  5.03103e-05	  1.93041e-06	  144	  2.57388e-07
309	  1.08818	  0.843774	  5.03103e-05	  1.65772e-06	  240	  1.89892e-07
310	  1.08818	  0.90628	  5.03103e-05	  1.98989e-06	  168	  2.53018e-07
311	  1.08818	  0.968758	  5.03103e-05	  2.06992e-06	  150	  2.72504e-07
312	  1.25577	  0.030936	  3.61853e-05	  5.14012e-07	  198	  6.22298e-08
313	  1.25577	  0.0938307	  3.61853e-05	  5.29917e-07	  396	  5.31252e-08
314	  1.25577	  0.156319	  3.61853e-05	  5.085e-07	  396	  5.09781e-08
315	  1.25577	  0.218712	  3.61853e-05	  4.73443e-07	  204	  5.68197e-08
316	  1.25577	  0.281224	  3.61853e-05	  5.63117e-07	  216	  6.64711e-08
317	  1.25577	  0.343807	  3.61853e-05	  5.59396e-07	  372	  5.69731e-08
318	  1.25577	  0.406302	  3.61853e-05	  6.3993e-07	  312	  6.82254e-08
319	  1.25577	  0.468745	  3.61853e-05	  6.31573e-07	  288	  6.87944e-08
320	  1.25577	  0.531226	  3.61853e-05	  8.29558e-07	  264	  9.25337e-08
321	  1.25577	  0.593785	  3.61853e-05	  7.97018e-07	  312	  8.49732e-08
322	  1.25577	  0.656281	  3.61853e-05	  8.26325e-07	  276	  9.10552e-08
323	  1.25577	  0.718743	  3.61853e-05	  9.53413e-07	  312	  1.01647e-07
324	  1.25577	  0.781255	  3.61853e-05	  1.12591e-06	  276	  1.24067e-07
325	  1.25577	  0.843774	  3.61853e-05	  1.10783e-06	  240	  1.26901e-07
326	  1.25577	  0.90628	  3.61853e-05	  1.23717e-06	  324	  1.3059e-07
327	  1.25577	  0.968758	  3.61853e-05	  1.43249e-06	  315	  1.52336e-07
328	  1.45182	  0.030936	  2.58127e-05	  3.63808e-07	  246	  4.1386e-08
329	  1.45182	  0.0938307	  2.58127e-05	  3.36619e-07	  516	  3.16498e-08
330	  1.45182	  0.156319	  2.58127e-05	  3.7149e-07	  504	  3.51219e-08
331	  1.45182	  0.218712	  2.58127e-05	  3.3866e-07	  528	  3.16713e-08
332	  1.45182	  0.281224	  2.58127e-05	  3.71237e-07	  504	  3.50981e-08
333	  1.45182	  0.343807	  2.58127e-05	  4.09789e-07	  384	  4.14015e-08
334	  1.45182	  0.406302	  2.58127e-05	  5.02978e-07	  420	  4.96917e-08
335	  1.45182	  0.468745	  2.58127e-05	  4.46523e-07	  468	  4.29667e-08
336	  1.45182	  0.531226	  2.58127e-05	  5.0075e-07	  480	  4.78935e-08
337	  1.45182	  0.593785	  2.58127e-05	  5.17196e-07	  468	  4.97672e-08
338	  1.45182	  0.656281	  2.58127e-05	  5.48221e-07	  396	  5.49602e-08
339	  1.45182	  0.718743	  2.58127e-05	  6.1894e-07	  456	  5.99315e-08
340	  1.45182	  0.781255	  2.58127e-05	  7.39122e-07	  432	  7.25171e-08
341	  1.45182	  0.843774	  2.58127e-05	  7.35204e-07	  480	  7.03175e-08
342	  1.45182	  0.90628	  2.58127e-05	  8.40353e-07	  480	  8.03743e-08
343	  1.45182	  0.968758	  2.58127e-05	  9.87383e-07	  414	  9.78963e-08
344	  1.68148	  0.030936	  1.82704e-05	  2.50988e-07	  798	  2.14343e-08
345	  1.68148	  0.0938307	  1.82704e-05	  2.7533e-07	  708	  2.4114e-08
346	  1.68148	  0.156319	  1.82704e-05	  2.63895e-07	  684	  2.3285e-08
347	  1.68148	  0.218712	  1.82704e-05	  2.8097e-07	  720	  2.45197e-08
348	  1.68148	  0.281224	  1.82704e-05	  2.8717e-07	  708	  2.5151e-08
349	  1.68148	  0.343807	  1.82704e-05	  3.01822e-07	  720	  2.63393e-08
350	  1.68148	  0.406302	  1.82704e-05	  3.17381e-07	  672	  2.81123e-08
351	  1.68148	  0.468745	  1.82704e-05	  3.68671e-07	  732	  3.206e-08
352	  1.68148	  0.531226	  1.82704e-05	  3.74449e-07	  672	  3.31671e-08
353	  1.68148	  0.593785	  1.82704e-05	  3.8354e-07	  708	  3.35913e-08
354	  1.68148	  0.656281	  1.82704e-05	  3.93889e-07	  744	  3.41352e-08
355	  1.68148	  0.718743	  1.82704e-05	  4.81344e-07	  744	  4.17141e-08
356	  1.68148	  0.781255	  1.82704e-05	  5.25252e-07	  696	  4.61722e-08
357	  1.68148	  0.843774	  1.82704e-05	  5.14603e-07	  708	  4.50701e-08
358	  1.68148	  0.90628	  1.82704e-05	  5.49679e-07	  696	  4.83195e-08
359	  1.68148	  0.968758	  1.82704e-05	  6.50263e-07	  741	  5.64011e-08
360	  1.94819	  0.030936	  1.2868e-05	  1.8528e-07	  1368	  1.42734e-08
361	  1.94819	  0.0938307	  1.2868e-05	  1.87449e-07	  924	  1.55391e-08
362	  1.94819	  0.156319	  1.2868e-05	  1.94501e-07	  972	  1.59637e-08
363	  1.94819	  0.218712	  1.2868e-05	  2.10787e-07	  972	  1.73003e-08
364	  1.94819	  0.281224	  1.2868e-05	  1.93265e-07	  1200	  1.52423e-08
365	  1.94819	  0.343807	  1.2868e-05	  2.08714e-07	  1140	  1.66173e-08
366	  1.94819	  0.406302	  1.2868e-05	  2.23283e-07	  1080	  1.79585e-08
367	  1.94819	  0.468745	  1.2868e-05	  2.45396e-07	  1068	  1.97788e-08
368	  1.94819	  0.531226	  1.2868e-05	  2.32296e-07	  1164	  1.84235e-08
369	  1.94819	  0.593785	  1.2868e-05	  2.77995e-07	  1188	  2.19652e-08
370	  1.94819	  0.656281	  1.2868e-05	  2.77268e-07	  1068	  2.23477e-08
371	  1.94819	  0.718743	  1.2868e-05	  2.99793e-07	  1008	  2.44323e-08
372	  1.94819	  0.781255	  1.2868e-05	  3.21097e-07	  1164	  2.54663e-08
373	  1.94819	  0.843774	  1.2868e-05	  3.33723e-07	  1176	  2.64177e-08
374	  1.94819	  0.90628	  1.2868e-05	  3.49901e-07	  1080	  2.81422e-08
375	  1.94819	  0.968758	  1.2868e-05	  3.74879e-07	  1038	  3.03796e-08
376	  2.25604	  0.030936	  9.04471e-06	  1.41565e-07	  1896	  1.03294e-08
377	  2.25604	  0.0938307	  9.04471e-06	  1.4299e-07	  1272	  1.11587e-08
378	  2.25604	  0.156319	  9.04471e-06	  1.36776e-07	  2040	  9.86705e-09
379	  2.25604	  0.218712	  9.04471e-06	  1.48118e-07	  1740	  1.09568e-08
380	  2.25604	  0.281224	  9.04471e-06	  1.50561e-07	  1584	  1.13111e-08
381	  2.25604	  0.343807	  9.04471e-06	  1.503e-07	  1764	  1.10935e-08
382	  2.25604	  0.406302	  9.04471e-06	  1.57148e-07	  1632	  1.17474e-08
383	  2.25604	  0.468745	  9.04471e-06	  1.65376e-07	  1860	  1.21034e-08
384	  2.25604	  0.531226	  9.04471e-06	  1.75477e-07	  1560	  1.32166e-08
385	  2.25604	  0.593785	  9.04471e-06	  1.83565e-07	  1692	  1.36409e-08
386	  2.25604	  0.656281	  9.04471e-06	  1.95021e-07	  1704	  1.44755e-08
387	  2.25604	  0.718743	  9.04471e-06	  2.02171e-07	  1824	  1.48423e-08
388	  2.25604	  0.781255	  9.04471e-06	  2.03809e-07	  1668	  1.51807e-08
389	  2.25604	  0.843774	  9.04471e-06	  2.12858e-07	  1680	  1.58361e-08
390	  2.25604	  0.90628	  9.04471e-06	  2.24857e-07	  1776	  1.65785e-08
391	  2.25604	  0.968758	  9.04471e-06	  2.28598e-07	  1656	  1.70474e-08
392	  2.61216	  0.030936	  6.3402e-06	  1.04994e-07	  2586	  7.31435e-09
393	  2.61216	  0.0938307	  6.3402e-06	  1.01635e-07	  3036	  6.92628e-09
394	  2.61216	  0.156319	  6.3402e-06	  1.08811e-07	  2124	  7.80151e-09
395	  2.61216	  0.218712	  6.3402e-06	  1.01628e-07	  2940	  6.95569e-09
396	  2.61216	  0.281224	  6.3402e-06	  1.0554e-07	  2616	  7.3405e-09
397	  2.61216	  0.343807	  6.3402e-06	  1.11186e-07	  2448	  7.80649e-09
398	  2.61216	  0.406302	  6.3402e-06	  1.16651e-07	  2916	  7.99278e-09
399	  2.61216	  0.468745	  6.3402e-06	  1.14983e-07	  2544	  8.02886e-09
400	  2.61216	  0.531226	  6.3402e-06	  1.21891e-07	  2652	  8.46147e-09
401	  2.61216	  0.593785	  6.3402e-06	  1.24228e-07	  2748	  8.58121e-09
402	  2.61216	  0.656281	  6.3402e-06	  1.27057e-07	  2676	  8.80898e-09
403	  2.61216	  0.718743	  6.3402e-06	  1.29497e-07	  2472	  9.07943e-09
404	  2.61216	  0.781255	  6.3402e-06	  1.32069e-07	  2616	  9.18558e-09
405	  2.61216	  0.843774	  6.3402e-06	  1.34162e-07	  2736	  9.273e-09
406	  2.61216	  0.90628	  6.3402e-06	  1.36352e-07	  2568	  9.5083e-09
407	  2.61216	  0.968758	  6.3402e-06	  1.37496e-07	  2745	  9.49916e-09
408	  3.02645	  0.030936	  4.42237e-06	  8.25845e-08	  3414	  5.54263e-09
409	  3.02645	  0.0938307	  4.42237e-06	  7.75609e-08	  4512	  5.03272e-09
410	  3.02645	  0.156319	  4.42237e-06	  7.77679e-08	  4632	  5.03105e-09
411	  3.02645	  0.218712	  4.42237e-06	  7.29886e-08	  3972	  4.80754e-09
412	  3.02645	  0.281224	  4.42237e-06	  7.58021e-08	  4176	  4.96312e-09
413	  3.02645	  0.343807	  4.42237e-06	  8.13055e-08	  4344	  5.29888e-09
414	  3.02645	  0.406302	  4.42237e-06	  8.20596e-08	  4044	  5.39338e-09
415	  3.02645	  0.468745	  4.42237e-06	  8.15494e-08	  4092	  5.3523e-09
416	  3.02645	  0.531226	  4.42237e-06	  8.5293e-08	  4296	  5.56596e-09
417	  3.02645	  0.593785	  4.42237e-06	  8.57771e-08	  3996	  5.64579e-09
418	  3.02645	  0.656281	  4.42237e-06	  8.34406e-08	  4188	  5.46139e-09
419	  3.02645	  0.718743	  4.42237e-06	  8.874e-08	  4212	  5.80434e-09
420	  3.02645	  0.781255	  4.42237e-06	  8.43715e-08	  4140	  5.52986e-09
421	  3.02645	  0.843774	  4.42237e-06	  8.34842e-08	  4128	  5.47359e-09
422	  3.02645	  0.90628	  4.42237e-06	  8.31404e-08	  4188	  5.44174e-09
423	  3.02645	  0.968758	  4.42237e-06	  7.77444e-08	  4128	  5.09726e-09
424	  3.50419	  0.030936	  3.0819e-06	  5.69921e-08	  7002	  3.53069e-09
425	  3.50419	  0.0938307	  3.0819e-06	  5.6832e-08	  6240	  3.56105e-09
426	  3.50419	  0.156319	  3.0819e-06	  5.48375e-08	  5964	  3.45195e-09
427	  3.50419	  0.218712	  3.0819e-06	  5.6444e-08	  6180	  3.5402e-09
428	  3.50419	  0.281224	  3.0819e-06	  5.49614e-08	  6420	  3.43402e-09
429	  3.50419	  0.343807	  3.0819e-06	  5.56795e-08	  6516	  3.47375e-09
430	  3.50419	  0.406302	  3.0819e-06	  5.82747e-08	  6312	  3.64723e-09
431	  3.50419	  0.468745	  3.0819e-06	  5.69782e-08	  6276	  3.56814e-09
432	  3.50419	  0.531226	  3.0819e-06	  5.70584e-08	  6360	  3.56839e-09
433	  3.50419	  0.593785	  3.0819e-06	  5.70313e-08	  6408	  3.56401e-09
434	  3.50419	  0.656281	  3.0819e-06	  5.74698e-08	  6360	  3.59412e-09
435	  3.50419	  0.718743	  3.0819e-06	  5.4251e-08	  6336	  3.39411e-09
436	  3.50419	  0.781255	  3.0819e-06	  5.10551e-08	  6372	  3.19234e-09
437	  3.50419	  0.843774	  3.0819e-06	  5.1561e-08	  6456	  3.21976e-09
438	  3.50419	  0.90628	  3.0819e-06	  4.84622e-08	  6360	  3.03079e-09
439	  3.50419	  0.968758	  3.0819e-06	  4.56887e-08	  6327	  2.85883e-09
440	  4.05763	  0.030936	  2.14162e-06	  4.22087e-08	  10392	  2.52448e-09
441	  4.05763	  0.0938307	  2.14162e-06	  4.10078e-08	  9420	  2.47291e-09
442	  4.05763	  0.156319	  2.14162e-06	  4.12196e-08	  10176	  2.46959e-09
443	  4.05763	  0.218712	  2.14162e-06	  3.96895e-08	  10260	  2.37631e-09
444	  4.05763	  0.281224	  2.14162e-06	  3.83121e-08	  9528	  2.3081e-09
445	  4.05763	  0.343807	  2.14162e-06	  3.87316e-08	  10140	  2.32121e-09
446	  4.05763	  0.406302	  2.14162e-06	  3.95939e-08	  9960	  2.37643e-09
447	  4.05763	  0.468745	  2.14162e-06	  3.87461e-08	  10068	  2.32345e-09
448	  4.05763	  0.531226	  2.14162e-06	  3.8057e-08	  9996	  2.28349e-09
449	  4.05763	  0.593785	  2.14162e-06	  3.57998e-08	  9828	  2.15111e-09
450	  4.05763	  0.656281	  2.14162e-06	  3.43235e-08	  10032	  2.05886e-09
451	  4.05763	  0.718743	  2.14162e-06	  3.36397e-08	  9924	  2.01966e-09
452	  4.05763	  0.781255	  2.14162e-06	  3.05674e-08	  10116	  1.83229e-09
453	  4.05763	  0.843774	  2.14162e-06	  2.96523e-08	  9888	  1.78081e-09
454	  4.05763	  0.90628	  2.14162e-06	  2.81595e-08	  10008	  1.68946e-09
455	  4.05763	  0.968758	  2.14162e-06	  2.41978e-08	  9978	  1.45213e-09
456	  4.69917	  0.030936	  1.48334e-06	  3.09155e-08	  13626	  1.81062e-09
457	  4.69917	  0.0938307	  1.48334e-06	  3.0687e-08	  16392	  1.77403e-09
458	  4.69917	  0.156319	  1.48334e-06	  2.94604e-08	  15708	  1.70808e-09
459	  4.69917	  0.218712	  1.48334e-06	  2.83726e-08	  15432	  1.64703e-09
460	  4.69917	  0.281224	  1.48334e-06	  2.73852e-08	  15780	  1.58726e-09
461	  4.69917	  0.343807	  1.48334e-06	  2.66991e-08	  15300	  1.55081e-09
462	  4.69917	  0.406302	  1.48334e-06	  2.55898e-08	  15588	  1.48445e-09
463	  4.69917	  0.468745	  1.48334e-06	  2.505e-08	  15396	  1.45438e-09
464	  4.69917	  0.531226	  1.48334e-06	  2.39562e-08	  15504	  1.39021e-09
465	  4.69917	  0.593785	  1.48334e-06	  2.25729e-08	  15660	  1.30902e-09
466	  4.69917	  0.656281	  1.48334e-06	  2.10625e-08	  15192	  1.22401e-09
467	  4.69917	  0.718743	  1.48334e-06	  1.96048e-08	  15600	  1.1372e-09
468	  4.69917	  0.781255	  1.48334e-06	  1.78513e-08	  15216	  1.03728e-09
469	  4.69917	  0.843774	  1.48334e-06	  1.65245e-08	  15516	  9.58882e-10
470	  4.69917	  0.90628	  1.48334e-06	  1.48774e-08	  15540	  8.63217e-10
471	  4.69917	  0.968758	  1.48334e-06	  1.31103e-08	  15405	  7.61145e-10
472	  5.4432	  0.030936	  1.02479e-06	  2.26446e-08	  26250	  1.272e-09
473	  5.4432	  0.0938307	  1.02479e-06	  2.19128e-08	  22392	  1.24208e-09
474	  5.4432	  0.156319	  1.02479e-06	  2.06884e-08	  24516	  1.16655e-09
475	  5.4432	  0.218712	  1.02479e-06	  1.9948e-08	  23592	  1.12727e-09
476	  5.4432	  0.281224	  1.02479e-06	  1.86103e-08	  24264	  1.04999e-09
477	  5.4432	  0.343807	  1.02479e-06	  1.79198e-08	  23928	  1.01183e-09
478	  5.4432	  0.406302	  1.02479e-06	  1.70039e-08	  24120	  9.59683e-10
479	  5.4432	  0.468745	  1.02479e-06	  1.57457e-08	  23964	  8.88997e-10
480	  5.4432	  0.531226	  1.02479e-06	  1.47047e-08	  24060	  8.30035e-10
481	  5.4432	  0.593785	  1.02479e-06	  1.3568e-08	  24108	  7.65784e-10
482	  5.4432	  0.656281	  1.02479e-06	  1.232e-08	  24228	  6.95149e-10
483	  5.4432	  0.718743	  1.02479e-06	  1.10011e-08	  24144	  6.20857e-10
484	  5.4432	  0.781255	  1.02479e-06	  9.78931e-09	  23940	  5.52734e-10
485	  5.4432	  0.843774	  1.02479e-06	  8.64416e-09	  24192	  4.87784e-10
486	  5.4432	  0.90628	  1.02479e-06	  7.61116e-09	  23988	  4.297e-10
487	  5.4432	  0.968758	  1.02479e-06	  6.49195e-09	  24141	  3.6638e-10
488	  6.30378	  0.030936	  7.06823e-07	  1.62563e-08	  35082	  8.99606e-10
489	  6.30378	  0.0938307	  7.06823e-07	  1.54941e-08	  39108	  8.53054e-10
490	  6.30378	  0.156319	  7.06823e-07	  1.46058e-08	  36924	  8.06298e-10
491	  6.30378	  0.218712	  7.06823e-07	  1.37322e-08	  37692	  7.57341e-10
492	  6.30378	  0.281224	  7.06823e-07	  1.2598e-08	  37092	  6.95315e-10
493	  6.30378	  0.343807	  7.06823e-07	  1.17752e-08	  37536	  6.49539e-10
494	  6.30378	  0.406302	  7.06823e-07	  1.06286e-08	  36984	  5.86698e-10
495	  6.30378	  0.468745	  7.06823e-07	  9.6675e-09	  37428	  5.33346e-10
496	  6.30378	  0.531226	  7.06823e-07	  8.60878e-09	  37392	  4.74959e-10
497	  6.30378	  0.593785	  7.06823e-07	  7.60971e-09	  37200	  4.1994e-10
498	  6.30378	  0.656281	  7.06823e-07	  6.71278e-09	  36924	  3.70573e-10
499	  6.30378	  0.718743	  7.06823e-07	  5.7702e-09	  37272	  3.18398e-10
500	  6.30378	  0.781255	  7.06823e-07	  4.92919e-09	  37284	  2.71987e-10
501	  6.30378	  0.843774	  7.06823e-07	  4.12382e-09	  37188	  2.27575e-10
502	  6.30378	  0.90628	  7.06823e-07	  3.55352e-09	  37320	  1.9607e-10
503	  6.30378	  0.968758	  7.06823e-07	  2.89537e-09	  37119	  1.59797e-10
504	  7.30029	  0.030936	  4.86302e-07	  1.1404e-08	  60258	  6.16657e-10
505	  7.30029	  0.0938307	  4.86302e-07	  1.06608e-08	  56916	  5.77726e-10
506	  7.30029	  0.156319	  4.86302e-07	  9.82346e-09	  56820	  5.32384e-10
507	  7.30029	  0.218712	  4.86302e-07	  9.02254e-09	  58716	  4.88362e-10
508	  7.30029	  0.281224	  4.86302e-07	  8.09942e-09	  57840	  4.38648e-10
509	  7.30029	  0.343807	  4.86302e-07	  7.22775e-09	  57612	  3.915e-10
510	  7.30029	  0.406302	  4.86302e-07	  6.38977e-09	  58464	  3.45915e-10
511	  7.30029	  0.468745	  4.86302e-07	  5.55475e-09	  57948	  3.00812e-10
512	  7.30029	  0.531226	  4.86302e-07	  4.77816e-09	  57708	  2.58798e-10
513	  7.30029	  0.593785	  4.86302e-07	  3.99743e-09	  58236	  2.16436e-10
514	  7.30029	  0.656281	  4.86302e-07	  3.37208e-09	  58008	  1.82605e-10
515	  7.30029	  0.718743	  4.86302e-07	  2.7918e-09	  58200	  1.51162e-10
516	  7.30029	  0.781255	  4.86302e-07	  2.25224e-09	  58128	  1.21954e-10
517	  7.30029	  0.843774	  4.86302e-07	  1.84734e-09	  57972	  1.0004e-10
518	  7.30029	  0.90628	  4.86302e-07	  1.48937e-09	  57960	  8.06552e-11
519	  7.30029	  0.968758	  4.86302e-07	  1.18309e-09	  58122	  6.4062e-11
520	  8.455	  0.030936	  3.33992e-07	  7.75976e-09	  90198	  4.13825e-10
521	  8.455	  0.0938307	  3.33992e-07	  7.3112e-09	  89292	  3.90027e-10
522	  8.455	  0.156319	  3.33992e-07	  6.56597e-09	  90804	  3.50088e-10
523	  8.455	  0.218712	  3.33992e-07	  5.75193e-09	  89628	  3.06809e-10
524	  8.455	  0.281224	  3.33992e-07	  5.0109e-09	  89844	  2.67263e-10
525	  8.455	  0.343807	  3.33992e-07	  4.25319e-09	  90636	  2.26787e-10
526	  8.455	  0.406302	  3.33992e-07	  3.57952e-09	  89628	  1.90933e-10
527	  8.455	  0.468745	  3.33992e-07	  2.95242e-09	  89772	  1.57475e-10
528	  8.455	  0.531226	  3.33992e-07	  2.3888e-09	  90324	  1.27389e-10
529	  8.455	  0.593785	  3.33992e-07	  1.9023e-09	  89784	  1.01464e-10
530	  8.455	  0.656281	  3.33992e-07	  1.52033e-09	  90216	  8.10784e-11
531	  8.455	  0.718743	  3.33992e-07	  1.21035e-09	  89796	  6.45567e-11
532	  8.455	  0.781255	  3.33992e-07	  9.47235e-10	  90120	  5.05171e-11
533	  8.455	  0.843774	  3.33992e-07	  7.36924e-10	  90132	  3.93008e-11
534	  8.455	  0.90628	  3.33992e-07	  5.66402e-10	  89916	  3.0209e-11
535	  8.455	  0.968758	  3.33992e-07	  4.31029e-10	  89964	  2.29885e-11
536	  9.79129	  0.030936	  2.28926e-07	  5.16536e-09	  139068	  2.72119e-10
537	  9.79129	  0.0938307	  2.28926e-07	  4.71267e-09	  141180	  2.48176e-10
538	  9.79129	  0.156319	  2.28926e-07	  4.16308e-09	  139380	  2.19305e-10
539	  9.79129	  0.218712	  2.28926e-07	  3.52648e-09	  138804	  1.85789e-10
540	  9.79129	  0.281224	  2.28926e-07	  2.8703e-09	  140952	  1.5116e-10
541	  9.79129	  0.343807	  2.28926e-07	  2.32823e-09	  139668	  1.22641e-10
542	  9.79129	  0.406302	  2.28926e-07	  1.83017e-09	  139464	  9.64093e-11
543	  9.79129	  0.468745	  2.28926e-07	  1.42078e-09	  139812	  7.48388e-11
544	  9.79129	  0.531226	  2.28926e-07	  1.08919e-09	  139884	  5.73717e-11
545	  9.79129	  0.593785	  2.28926e-07	  8.27869e-10	  140184	  4.36046e-11
546	  9.79129	  0.656281	  2.28926e-07	  6.3007e-10	  139404	  3.3191e-11
547	  9.79129	  0.718743	  2.28926e-07	  4.78959e-10	  139932	  2.52283e-11
548	  9.79129	  0.781255	  2.28926e-07	  3.57733e-10	  139980	  1.88428e-11
549	  9.79129	  0.843774	  2.28926e-07	  2.65874e-10	  139632	  1.40052e-11
550	  9.79129	  0.90628	  2.28926e-07	  1.98743e-10	  140088	  1.04681e-11
551	  9.79129	  0.968758	  2.28926e-07	  1.41825e-10	  139623	  7.47082e-12
