#n	   k	      mu	    PL	    Pf	     w	     err  
0	  0.10472	  1	  0.0028332	  0.000310727	  3	  0.000194934
1	  0.20944	  1	  0.00100638	  9.2392e-05	  3	  5.79622e-05
2	  0.314159	  1	  0.00047139	  8.2001e-05	  3	  5.14434e-05
3	  0.418879	  1	  0.000264193	  1.50208e-05	  3	  9.42332e-06
4	  0.523599	  1	  0.000167022	  5.09283e-06	  3	  3.19499e-06
5	  0.628319	  1	  0.000113171	  2.88834e-05	  3	  1.812e-05
6	  0.733038	  1	  8.09096e-05	  1.05324e-05	  3	  6.60748e-06
7	  0.837758	  1	  6.02258e-05	  8.27799e-06	  3	  5.1932e-06
8	  0.942478	  1	  4.62479e-05	  1.62265e-06	  3	  1.01797e-06
9	  0.10472	  0	  0.0028332	  5.97481e-05	  6	  2.73795e-05
10	  0.148096	  0.707107	  0.0018017	  8.05069e-05	  12	  2.72657e-05
11	  0.23416	  0.894427	  0.000797193	  9.05237e-05	  12	  3.06581e-05
12	  0.331153	  0.948683	  0.000426884	  3.82932e-05	  12	  1.2969e-05
13	  0.431771	  0.970143	  0.000248628	  2.11968e-05	  12	  7.17884e-06
14	  0.533968	  0.980581	  0.000160199	  1.27765e-05	  12	  4.32708e-06
15	  0.636985	  0.986394	  0.000109853	  9.51583e-06	  12	  3.22278e-06
16	  0.74048	  0.989949	  7.91591e-05	  1.07557e-05	  12	  3.64269e-06
17	  0.844278	  0.992278	  5.91782e-05	  5.99313e-06	  12	  2.02972e-06
18	  0.948278	  0.993884	  4.5604e-05	  5.6172e-06	  12	  1.90241e-06
19	  0.148096	  0	  0.0018017	  3.26026e-05	  6	  1.49401e-05
20	  0.18138	  0.57735	  0.00127819	  4.15854e-05	  12	  1.40839e-05
21	  0.25651	  0.816497	  0.000701614	  4.63821e-05	  12	  1.57085e-05
22	  0.347316	  0.904534	  0.000384508	  2.64569e-05	  12	  8.96028e-06
23	  0.444288	  0.942809	  0.000235038	  1.52008e-05	  12	  5.14814e-06
24	  0.54414	  0.96225	  0.000153838	  1.70504e-05	  12	  5.77455e-06
25	  0.645536	  0.973329	  0.000106763	  9.05459e-06	  12	  3.06656e-06
26	  0.747849	  0.980196	  7.74283e-05	  7.28547e-06	  12	  2.46741e-06
27	  0.850747	  0.984732	  5.81947e-05	  7.06491e-06	  12	  2.39271e-06
28	  0.954042	  0.987878	  4.49851e-05	  4.54616e-06	  12	  1.53967e-06
29	  0.20944	  0	  0.00100638	  2.08468e-05	  6	  9.55303e-06
30	  0.23416	  0.447214	  0.000797193	  3.10861e-05	  12	  1.05281e-05
31	  0.296192	  0.707107	  0.000519114	  3.59352e-05	  12	  1.21704e-05
32	  0.377572	  0.83205	  0.00032717	  2.47389e-05	  12	  8.37846e-06
33	  0.468321	  0.894427	  0.000210879	  1.8839e-05	  12	  6.38029e-06
34	  0.563933	  0.928477	  0.000142596	  7.595e-06	  12	  2.57224e-06
35	  0.662306	  0.948683	  0.000100974	  8.38928e-06	  12	  2.84124e-06
36	  0.762371	  0.961524	  7.42207e-05	  6.60076e-06	  12	  2.23551e-06
37	  0.863541	  0.970143	  5.62786e-05	  2.70576e-06	  12	  9.16375e-07
38	  0.965468	  0.976187	  4.37933e-05	  3.91605e-06	  12	  1.32627e-06
39	  0.23416	  0	  0.000797193	  2.01611e-05	  12	  6.82805e-06
40	  0.25651	  0.408248	  0.000701614	  1.9444e-05	  24	  4.9412e-06
41	  0.314159	  0.666667	  0.00047139	  2.56819e-05	  24	  6.5264e-06
42	  0.391825	  0.801784	  0.000304609	  1.87137e-05	  24	  4.75561e-06
43	  0.479886	  0.872872	  0.000200148	  2.23347e-05	  24	  5.6758e-06
44	  0.573574	  0.912871	  0.000137627	  9.64893e-06	  24	  2.45203e-06
45	  0.670534	  0.937043	  9.83299e-05	  7.19993e-06	  24	  1.82968e-06
46	  0.76953	  0.952579	  7.27246e-05	  6.67184e-06	  24	  1.69548e-06
47	  0.869868	  0.963087	  5.53755e-05	  5.68597e-06	  24	  1.44494e-06
48	  0.971131	  0.970495	  4.32094e-05	  4.16091e-06	  24	  1.05739e-06
49	  0.296192	  0	  0.000519114	  1.14549e-05	  6	  5.2492e-06
50	  0.314159	  0.333333	  0.00047139	  1.43941e-05	  12	  4.87494e-06
51	  0.36276	  0.57735	  0.00035194	  1.22985e-05	  12	  4.16519e-06
52	  0.431771	  0.727607	  0.000248628	  1.47001e-05	  12	  4.97855e-06
53	  0.51302	  0.816497	  0.000174292	  1.43809e-05	  12	  4.87045e-06
54	  0.601569	  0.870388	  0.00012427	  1.0375e-05	  12	  3.51375e-06
55	  0.694632	  0.904534	  9.10502e-05	  9.41342e-06	  12	  3.18809e-06
56	  0.790617	  0.927173	  6.84964e-05	  5.01068e-06	  12	  1.69699e-06
57	  0.888577	  0.942809	  5.2797e-05	  4.55296e-06	  12	  1.54198e-06
58	  0.987924	  0.953998	  4.15671e-05	  2.3978e-06	  12	  8.12075e-07
59	  0.314159	  0	  0.00047139	  1.49499e-05	  6	  6.85075e-06
60	  0.331153	  0.316228	  0.000426884	  1.20595e-05	  12	  4.08424e-06
61	  0.377572	  0.5547	  0.00032717	  1.60835e-05	  12	  5.44709e-06
62	  0.444288	  0.707107	  0.000235038	  8.69605e-06	  12	  2.94514e-06
63	  0.523599	  0.8	  0.000167022	  1.3139e-05	  12	  4.44984e-06
64	  0.610616	  0.857493	  0.000120345	  5.09664e-06	  12	  1.72611e-06
65	  0.702481	  0.894427	  8.88351e-05	  6.23008e-06	  12	  2.10997e-06
66	  0.797522	  0.919145	  6.71865e-05	  6.03532e-06	  12	  2.04401e-06
67	  0.894726	  0.936329	  5.19718e-05	  2.65132e-06	  12	  8.97936e-07
68	  0.993459	  0.948683	  4.10482e-05	  3.45481e-06	  12	  1.17006e-06
69	  0.331153	  0	  0.000426884	  9.41078e-06	  12	  3.1872e-06
70	  0.347316	  0.301511	  0.000384508	  8.91783e-06	  24	  2.26624e-06
71	  0.391825	  0.534522	  0.000304609	  9.40921e-06	  24	  2.39111e-06
72	  0.456463	  0.688247	  0.000222577	  1.52478e-05	  24	  3.87483e-06
73	  0.533968	  0.784465	  0.000160199	  7.71369e-06	  24	  1.96023e-06
74	  0.61953	  0.845154	  0.000116665	  6.63202e-06	  24	  1.68536e-06
75	  0.710244	  0.884652	  8.67395e-05	  8.56271e-06	  24	  2.17599e-06
76	  0.804368	  0.911322	  6.59299e-05	  5.7178e-06	  24	  1.45303e-06
77	  0.900833	  0.929981	  5.11958e-05	  4.19406e-06	  24	  1.06581e-06
78	  0.998963	  0.943456	  4.05427e-05	  2.94411e-06	  24	  7.48168e-07
79	  0.377572	  0	  0.00032717	  7.7863e-06	  12	  2.63703e-06
80	  0.391825	  0.267261	  0.000304609	  6.11546e-06	  24	  1.55409e-06
81	  0.431771	  0.485071	  0.000248628	  9.88776e-06	  24	  2.51272e-06
82	  0.491179	  0.639602	  0.000190571	  7.02982e-06	  24	  1.78645e-06
83	  0.563933	  0.742781	  0.000142596	  9.17192e-06	  24	  2.33081e-06
84	  0.645536	  0.811107	  0.000106763	  7.36387e-06	  24	  1.87134e-06
85	  0.733038	  0.857143	  8.09096e-05	  6.67623e-06	  24	  1.69659e-06
86	  0.824564	  0.889001	  6.23853e-05	  2.9327e-06	  24	  7.45271e-07
87	  0.918912	  0.911685	  4.89591e-05	  4.09523e-06	  24	  1.0407e-06
88	  0.418879	  0	  0.000264193	  2.01719e-06	  6	  9.24373e-07
89	  0.431771	  0.242536	  0.000248628	  4.6277e-06	  12	  1.56729e-06
90	  0.468321	  0.447214	  0.000210879	  7.44052e-06	  12	  2.51992e-06
91	  0.523599	  0.6	  0.000167022	  7.51954e-06	  12	  2.54668e-06
92	  0.592384	  0.707107	  0.000128477	  3.46956e-06	  12	  1.17505e-06
93	  0.670534	  0.780869	  9.83299e-05	  7.53587e-06	  12	  2.55221e-06
94	  0.755145	  0.83205	  7.58157e-05	  4.37218e-06	  12	  1.48075e-06
95	  0.844278	  0.868243	  5.91782e-05	  4.11233e-06	  12	  1.39274e-06
96	  0.936642	  0.894427	  4.68958e-05	  2.55896e-06	  12	  8.66655e-07
97	  0.431771	  0	  0.000248628	  4.45702e-06	  12	  1.50948e-06
98	  0.444288	  0.235702	  0.000235038	  2.57041e-06	  24	  6.53202e-07
99	  0.479886	  0.436436	  0.000200148	  8.9095e-06	  24	  2.26412e-06
100	  0.533968	  0.588348	  0.000160199	  4.66053e-06	  24	  1.18435e-06
101	  0.601569	  0.696311	  0.00012427	  4.08959e-06	  24	  1.03926e-06
102	  0.678662	  0.771517	  9.57735e-05	  4.3706e-06	  24	  1.11067e-06
103	  0.762371	  0.824163	  7.42207e-05	  6.23673e-06	  24	  1.5849e-06
104	  0.850747	  0.86164	  5.81947e-05	  5.19945e-06	  24	  1.32131e-06
105	  0.942478	  0.888889	  4.62479e-05	  4.40078e-06	  24	  1.11834e-06
106	  0.444288	  0	  0.000235038	  3.82804e-06	  6	  1.75419e-06
107	  0.456463	  0.229416	  0.000222577	  6.6101e-06	  12	  2.23868e-06
108	  0.491179	  0.426401	  0.000190571	  5.85066e-06	  12	  1.98147e-06
109	  0.54414	  0.57735	  0.000153838	  2.2915e-06	  12	  7.76073e-07
110	  0.610616	  0.685994	  0.000120345	  8.03889e-06	  12	  2.72257e-06
111	  0.686693	  0.762493	  9.33602e-05	  4.87104e-06	  12	  1.6497e-06
112	  0.76953	  0.816497	  7.27246e-05	  4.03111e-06	  12	  1.36524e-06
113	  0.857168	  0.855186	  5.72185e-05	  2.4503e-06	  12	  8.29855e-07
114	  0.948278	  0.883452	  4.5604e-05	  2.18183e-06	  12	  7.38933e-07
115	  0.468321	  0	  0.000210879	  4.84652e-06	  12	  1.6414e-06
116	  0.479886	  0.218218	  0.000200148	  6.73403e-06	  24	  1.71128e-06
117	  0.51302	  0.408248	  0.000174292	  7.12051e-06	  24	  1.80949e-06
118	  0.563933	  0.557086	  0.000142596	  6.28281e-06	  24	  1.59661e-06
119	  0.628319	  0.666667	  0.000113171	  4.312e-06	  24	  1.09578e-06
120	  0.702481	  0.745356	  8.88351e-05	  5.68628e-06	  24	  1.44502e-06
121	  0.783651	  0.801784	  6.98561e-05	  4.42603e-06	  24	  1.12476e-06
122	  0.869868	  0.842701	  5.53755e-05	  2.87603e-06	  24	  7.30869e-07
123	  0.959772	  0.872872	  4.43874e-05	  2.97354e-06	  24	  7.55649e-07
124	  0.523599	  0	  0.000167022	  3.50317e-06	  18	  1.00086e-06
125	  0.533968	  0.196116	  0.000160199	  3.18571e-06	  36	  6.90238e-07
126	  0.563933	  0.371391	  0.000142596	  3.25184e-06	  36	  7.04565e-07
127	  0.610616	  0.514496	  0.000120345	  3.78212e-06	  36	  8.19459e-07
128	  0.670534	  0.624695	  9.83299e-05	  4.02946e-06	  36	  8.73049e-07
129	  0.74048	  0.707107	  7.91591e-05	  4.05893e-06	  36	  8.79435e-07
130	  0.817887	  0.768221	  6.35347e-05	  3.70839e-06	  36	  8.03484e-07
131	  0.900833	  0.813733	  5.11958e-05	  3.57285e-06	  36	  7.74117e-07
132	  0.987924	  0.847998	  4.15671e-05	  2.7785e-06	  36	  6.02009e-07
133	  0.533968	  0	  0.000160199	  3.19238e-06	  12	  1.08118e-06
134	  0.54414	  0.19245	  0.000153838	  4.89833e-06	  24	  1.24478e-06
135	  0.573574	  0.365148	  0.000137627	  3.52193e-06	  24	  8.95007e-07
136	  0.61953	  0.507093	  0.000116665	  4.22078e-06	  24	  1.0726e-06
137	  0.678662	  0.617213	  9.57735e-05	  3.79131e-06	  24	  9.63463e-07
138	  0.747849	  0.70014	  7.74283e-05	  3.86672e-06	  24	  9.82627e-07
139	  0.824564	  0.762001	  6.23853e-05	  1.77285e-06	  24	  4.50525e-07
140	  0.9069	  0.80829	  5.04315e-05	  3.34411e-06	  24	  8.49819e-07
141	  0.993459	  0.843274	  4.10482e-05	  2.44122e-06	  24	  6.20374e-07
142	  0.563933	  0	  0.000142596	  1.46818e-06	  12	  4.97235e-07
143	  0.573574	  0.182574	  0.000137627	  2.86285e-06	  24	  7.2752e-07
144	  0.601569	  0.348155	  0.00012427	  3.25661e-06	  24	  8.27582e-07
145	  0.645536	  0.486664	  0.000106763	  3.98677e-06	  24	  1.01313e-06
146	  0.702481	  0.596285	  8.88351e-05	  3.87573e-06	  24	  9.84916e-07
147	  0.76953	  0.680414	  7.27246e-05	  2.33109e-06	  24	  5.92385e-07
148	  0.844278	  0.744208	  5.91782e-05	  3.62595e-06	  24	  9.21442e-07
149	  0.92486	  0.792594	  4.82559e-05	  2.96942e-06	  24	  7.54601e-07
150	  0.592384	  0	  0.000128477	  1.00433e-06	  6	  4.60232e-07
151	  0.601569	  0.174078	  0.00012427	  2.02404e-06	  12	  6.85494e-07
152	  0.628319	  0.333333	  0.000113171	  2.59378e-06	  12	  8.78448e-07
153	  0.670534	  0.468521	  9.83299e-05	  2.36651e-06	  12	  8.01479e-07
154	  0.72552	  0.57735	  8.27882e-05	  4.41513e-06	  12	  1.49529e-06
155	  0.790617	  0.662266	  6.84964e-05	  3.32407e-06	  12	  1.12578e-06
156	  0.863541	  0.727607	  5.62786e-05	  2.56635e-06	  12	  8.69159e-07
157	  0.942478	  0.777778	  4.62479e-05	  2.25388e-06	  12	  7.63332e-07
158	  0.610616	  0	  0.000120345	  2.00447e-06	  12	  6.78863e-07
159	  0.61953	  0.169031	  0.000116665	  2.42463e-06	  24	  6.16156e-07
160	  0.645536	  0.324443	  0.000106763	  2.96773e-06	  24	  7.54171e-07
161	  0.686693	  0.457496	  9.33602e-05	  3.12457e-06	  24	  7.94027e-07
162	  0.74048	  0.565685	  7.91591e-05	  2.76129e-06	  24	  7.0171e-07
163	  0.804368	  0.650945	  6.59299e-05	  3.75206e-06	  24	  9.53488e-07
164	  0.876148	  0.717137	  5.44789e-05	  3.4103e-06	  24	  8.6664e-07
165	  0.954042	  0.76835	  4.49851e-05	  2.66014e-06	  24	  6.76005e-07
166	  0.628319	  0	  0.000113171	  6.8684e-06	  6	  3.14743e-06
167	  0.636985	  0.164399	  0.000109853	  3.26032e-06	  12	  1.10419e-06
168	  0.662306	  0.316228	  0.000100974	  2.41702e-06	  12	  8.18585e-07
169	  0.702481	  0.447214	  8.88351e-05	  1.48647e-06	  12	  5.0343e-07
170	  0.755145	  0.5547	  7.58157e-05	  1.86716e-06	  12	  6.3236e-07
171	  0.817887	  0.640184	  6.35347e-05	  2.26587e-06	  12	  7.67393e-07
172	  0.888577	  0.707107	  5.2797e-05	  2.093e-06	  12	  7.08847e-07
173	  0.965468	  0.759257	  4.37933e-05	  2.60906e-06	  12	  8.83622e-07
174	  0.636985	  0	  0.000109853	  3.21028e-06	  12	  1.08724e-06
175	  0.645536	  0.162221	  0.000106763	  1.74378e-06	  24	  4.43137e-07
176	  0.670534	  0.312348	  9.83299e-05	  2.10265e-06	  24	  5.34333e-07
177	  0.710244	  0.442326	  8.67395e-05	  2.78366e-06	  24	  7.07394e-07
178	  0.762371	  0.549442	  7.42207e-05	  3.54695e-06	  24	  9.01365e-07
179	  0.824564	  0.635001	  6.23853e-05	  1.85903e-06	  24	  4.72425e-07
180	  0.894726	  0.702247	  5.19718e-05	  1.9923e-06	  24	  5.06291e-07
181	  0.971131	  0.754829	  4.32094e-05	  2.55529e-06	  24	  6.4936e-07
182	  0.662306	  0	  0.000100974	  2.04807e-06	  12	  6.9363e-07
183	  0.670534	  0.156174	  9.83299e-05	  1.9878e-06	  24	  5.05149e-07
184	  0.694632	  0.301511	  9.10502e-05	  1.84706e-06	  24	  4.69383e-07
185	  0.733038	  0.428571	  8.09096e-05	  2.91484e-06	  24	  7.40732e-07
186	  0.783651	  0.534522	  6.98561e-05	  2.05241e-06	  24	  5.21566e-07
187	  0.844278	  0.620174	  5.91782e-05	  2.05423e-06	  24	  5.22029e-07
188	  0.912926	  0.688247	  4.96723e-05	  1.77431e-06	  24	  4.50895e-07
189	  0.987924	  0.741999	  4.15671e-05	  2.17505e-06	  24	  5.52734e-07
190	  0.670534	  0	  9.83299e-05	  2.46201e-06	  12	  8.33822e-07
191	  0.678662	  0.154303	  9.57735e-05	  1.73197e-06	  24	  4.40136e-07
192	  0.702481	  0.298142	  8.88351e-05	  2.57871e-06	  24	  6.55312e-07
193	  0.74048	  0.424264	  7.91591e-05	  2.16665e-06	  24	  5.50599e-07
194	  0.790617	  0.529813	  6.84964e-05	  2.20738e-06	  24	  5.60949e-07
195	  0.850747	  0.615457	  5.81947e-05	  1.64949e-06	  24	  4.19176e-07
196	  0.918912	  0.683763	  4.89591e-05	  2.55174e-06	  24	  6.48459e-07
197	  0.993459	  0.737865	  4.10482e-05	  2.1735e-06	  24	  5.5234e-07
198	  0.702481	  0	  8.88351e-05	  1.18348e-06	  12	  4.00814e-07
199	  0.710244	  0.147442	  8.67395e-05	  2.07338e-06	  24	  5.26896e-07
200	  0.733038	  0.285714	  8.09096e-05	  2.65278e-06	  24	  6.74136e-07
201	  0.76953	  0.408248	  7.27246e-05	  2.06346e-06	  24	  5.24374e-07
202	  0.817887	  0.512148	  6.35347e-05	  3.11665e-06	  24	  7.92017e-07
203	  0.876148	  0.597614	  5.44789e-05	  2.38871e-06	  24	  6.07029e-07
204	  0.942478	  0.666667	  4.62479e-05	  2.24086e-06	  24	  5.69456e-07
205	  0.733038	  0	  8.09096e-05	  1.32993e-06	  6	  6.09436e-07
206	  0.74048	  0.141421	  7.91591e-05	  1.58745e-06	  12	  5.37631e-07
207	  0.762371	  0.274721	  7.42207e-05	  1.35296e-06	  12	  4.58212e-07
208	  0.797522	  0.393919	  6.71865e-05	  2.07462e-06	  12	  7.02622e-07
209	  0.844278	  0.496139	  5.91782e-05	  2.36121e-06	  12	  7.99683e-07
210	  0.900833	  0.581238	  5.11958e-05	  2.6228e-06	  12	  8.88276e-07
211	  0.965468	  0.650791	  4.37933e-05	  1.9833e-06	  12	  6.71695e-07
212	  0.74048	  0	  7.91591e-05	  1.63671e-06	  18	  4.67613e-07
213	  0.747849	  0.140028	  7.74283e-05	  2.22941e-06	  36	  4.83039e-07
214	  0.76953	  0.272166	  7.27246e-05	  1.79662e-06	  36	  3.89269e-07
215	  0.804368	  0.390567	  6.59299e-05	  2.49984e-06	  36	  5.41633e-07
216	  0.850747	  0.492366	  5.81947e-05	  1.63227e-06	  36	  3.53658e-07
217	  0.9069	  0.57735	  5.04315e-05	  1.59229e-06	  36	  3.44996e-07
218	  0.971131	  0.646997	  4.32094e-05	  2.69053e-06	  36	  5.82949e-07
219	  0.755145	  0	  7.58157e-05	  1.16182e-06	  12	  3.9348e-07
220	  0.762371	  0.137361	  7.42207e-05	  2.03836e-06	  24	  5.17997e-07
221	  0.783651	  0.267261	  6.98561e-05	  1.77509e-06	  24	  4.51094e-07
222	  0.817887	  0.384111	  6.35347e-05	  2.14637e-06	  24	  5.45445e-07
223	  0.863541	  0.485071	  5.62786e-05	  1.22124e-06	  24	  3.10346e-07
224	  0.918912	  0.569803	  4.89591e-05	  1.69946e-06	  24	  4.31875e-07
225	  0.982358	  0.639602	  4.21114e-05	  1.61812e-06	  24	  4.11202e-07
226	  0.762371	  0	  7.42207e-05	  9.45309e-07	  12	  3.20153e-07
227	  0.76953	  0.136083	  7.27246e-05	  2.17862e-06	  24	  5.5364e-07
228	  0.790617	  0.264906	  6.84964e-05	  1.53172e-06	  24	  3.89247e-07
229	  0.824564	  0.381	  6.23853e-05	  1.39493e-06	  24	  3.54485e-07
230	  0.869868	  0.481543	  5.53755e-05	  1.06363e-06	  24	  2.70295e-07
231	  0.92486	  0.566139	  4.82559e-05	  2.08951e-06	  24	  5.30996e-07
232	  0.987924	  0.635999	  4.15671e-05	  1.66248e-06	  24	  4.22476e-07
233	  0.797522	  0	  6.71865e-05	  1.74787e-06	  12	  5.9196e-07
234	  0.804368	  0.130189	  6.59299e-05	  1.88398e-06	  24	  4.78765e-07
235	  0.824564	  0.254	  6.23853e-05	  1.20508e-06	  24	  3.06239e-07
236	  0.857168	  0.366508	  5.72185e-05	  1.69962e-06	  24	  4.31914e-07
237	  0.900833	  0.464991	  5.11958e-05	  1.63178e-06	  24	  4.14675e-07
238	  0.954042	  0.548821	  4.49851e-05	  1.71376e-06	  24	  4.35507e-07
239	  0.817887	  0	  6.35347e-05	  1.33642e-06	  12	  4.52611e-07
240	  0.824564	  0.127	  6.23853e-05	  1.26654e-06	  24	  3.21859e-07
241	  0.844278	  0.248069	  5.91782e-05	  1.34018e-06	  24	  3.40573e-07
242	  0.876148	  0.358569	  5.44789e-05	  1.72429e-06	  24	  4.38183e-07
243	  0.918912	  0.455842	  4.89591e-05	  1.43281e-06	  24	  3.64113e-07
244	  0.971131	  0.539164	  4.32094e-05	  1.88886e-06	  24	  4.80004e-07
245	  0.837758	  0	  6.02258e-05	  1.44966e-06	  6	  6.64305e-07
246	  0.844278	  0.124035	  5.91782e-05	  2.03301e-06	  12	  6.88529e-07
247	  0.863541	  0.242536	  5.62786e-05	  6.31688e-07	  12	  2.13937e-07
248	  0.894726	  0.351123	  5.19718e-05	  1.25072e-06	  12	  4.23589e-07
249	  0.936642	  0.447214	  4.68958e-05	  1.15728e-06	  12	  3.91941e-07
250	  0.987924	  0.529999	  4.15671e-05	  2.10278e-06	  12	  7.12158e-07
251	  0.844278	  0	  5.91782e-05	  1.75755e-06	  24	  4.46636e-07
252	  0.850747	  0.123091	  5.81947e-05	  1.40364e-06	  48	  2.7278e-07
253	  0.869868	  0.240772	  5.53755e-05	  1.27876e-06	  48	  2.48511e-07
254	  0.900833	  0.348743	  5.11958e-05	  1.46504e-06	  48	  2.84713e-07
255	  0.942478	  0.444444	  4.62479e-05	  1.52295e-06	  48	  2.95967e-07
256	  0.993459	  0.527046	  4.10482e-05	  1.62242e-06	  48	  3.15296e-07
257	  0.863541	  0	  5.62786e-05	  6.95037e-07	  12	  2.35392e-07
258	  0.869868	  0.120386	  5.53755e-05	  1.23538e-06	  24	  3.1394e-07
259	  0.888577	  0.235702	  5.2797e-05	  1.28165e-06	  24	  3.25699e-07
260	  0.918912	  0.341882	  4.89591e-05	  1.29718e-06	  24	  3.29646e-07
261	  0.959772	  0.436436	  4.43874e-05	  1.4248e-06	  24	  3.62075e-07
262	  0.888577	  0	  5.2797e-05	  1.26571e-06	  6	  5.8001e-07
263	  0.894726	  0.117041	  5.19718e-05	  1.0169e-06	  12	  3.44398e-07
264	  0.912926	  0.229416	  4.96723e-05	  1.27124e-06	  12	  4.30538e-07
265	  0.942478	  0.333333	  4.62479e-05	  1.36481e-06	  12	  4.62229e-07
266	  0.982358	  0.426401	  4.21114e-05	  1.36152e-06	  12	  4.61112e-07
267	  0.894726	  0	  5.19718e-05	  9.55154e-07	  12	  3.23487e-07
268	  0.900833	  0.116248	  5.11958e-05	  1.21015e-06	  24	  3.07527e-07
269	  0.918912	  0.227921	  4.89591e-05	  1.25375e-06	  24	  3.18608e-07
270	  0.948278	  0.331295	  4.5604e-05	  1.38853e-06	  24	  3.52859e-07
271	  0.987924	  0.423999	  4.15671e-05	  1.10398e-06	  24	  2.80547e-07
272	  0.900833	  0	  5.11958e-05	  1.64414e-06	  12	  5.56828e-07
273	  0.9069	  0.11547	  5.04315e-05	  1.03903e-06	  24	  2.64044e-07
274	  0.92486	  0.226455	  4.82559e-05	  9.27943e-07	  24	  2.35813e-07
275	  0.954042	  0.329293	  4.49851e-05	  1.35046e-06	  24	  3.43183e-07
276	  0.993459	  0.421637	  4.10482e-05	  1.33435e-06	  24	  3.39091e-07
277	  0.936642	  0	  4.68958e-05	  7.71548e-07	  12	  2.61304e-07
278	  0.942478	  0.111111	  4.62479e-05	  1.19124e-06	  24	  3.02724e-07
279	  0.959772	  0.218218	  4.43874e-05	  9.47611e-07	  24	  2.40811e-07
280	  0.987924	  0.317999	  4.15671e-05	  8.95618e-07	  24	  2.27598e-07
281	  0.942478	  0	  4.62479e-05	  2.28466e-06	  6	  1.04694e-06
282	  0.948278	  0.110432	  4.5604e-05	  1.49485e-06	  12	  5.0627e-07
283	  0.965468	  0.21693	  4.37933e-05	  1.23554e-06	  12	  4.18445e-07
284	  0.993459	  0.316228	  4.10482e-05	  1.17433e-06	  12	  3.97716e-07
285	  0.948278	  0	  4.5604e-05	  1.36133e-06	  12	  4.6105e-07
286	  0.954042	  0.109764	  4.49851e-05	  8.70503e-07	  24	  2.21216e-07
287	  0.971131	  0.215666	  4.32094e-05	  7.14195e-07	  24	  1.81494e-07
288	  0.998963	  0.314485	  4.05427e-05	  1.14385e-06	  24	  2.9068e-07
289	  0.965468	  0	  4.37933e-05	  9.21144e-07	  24	  2.34085e-07
290	  0.971131	  0.107833	  4.32094e-05	  1.07921e-06	  48	  2.0973e-07
291	  0.987924	  0.212	  4.15671e-05	  1.15192e-06	  48	  2.23861e-07
292	  0.987924	  0	  4.15671e-05	  9.8924e-07	  12	  3.35031e-07
293	  0.993459	  0.105409	  4.10482e-05	  1.09249e-06	  24	  2.77629e-07
294	  0.993459	  0	  4.10482e-05	  8.19212e-07	  12	  2.77447e-07
295	  0.998963	  0.104828	  4.05427e-05	  8.94082e-07	  24	  2.27208e-07
296	  1.08818	  0.030936	  3.3365e-05	  8.52374e-07	  138	  1.15178e-07
297	  1.08818	  0.0938307	  3.3365e-05	  7.69071e-07	  252	  8.69005e-08
298	  1.08818	  0.156319	  3.3365e-05	  7.05326e-07	  72	  1.1839e-07
299	  1.08818	  0.218712	  3.3365e-05	  7.77018e-07	  216	  9.17202e-08
300	  1.08818	  0.281224	  3.3365e-05	  9.30446e-07	  288	  1.01349e-07
301	  1.08818	  0.343807	  3.3365e-05	  8.37858e-07	  120	  1.18379e-07
302	  1.08818	  0.406302	  3.3365e-05	  1.20778e-06	  180	  1.50411e-07
303	  1.08818	  0.468745	  3.3365e-05	  1.21458e-06	  180	  1.51258e-07
304	  1.08818	  0.531226	  3.3365e-05	  1.30409e-06	  192	  1.59319e-07
305	  1.08818	  0.593785	  3.3365e-05	  1.71603e-06	  192	  2.09645e-07
306	  1.08818	  0.656281	  3.3365e-05	  1.51e-06	  168	  1.91999e-07
307	  1.08818	  0.718743	  3.3365e-05	  1.81235e-06	  228	  2.10643e-07
308	  1.08818	  0.781255	  3.3365e-05	  2.3894e-06	  144	  3.18587e-07
309	  1.08818	  0.843774	  3.3365e-05	  2.07855e-06	  240	  2.38098e-07
310	  1.08818	  0.90628	  3.3365e-05	  2.93647e-06	  168	  3.73377e-07
311	  1.08818	  0.968758	  3.3365e-05	  2.68609e-06	  150	  3.53622e-07
312	  1.25577	  0.030936	  2.39975e-05	  6.41616e-07	  198	  7.76784e-08
313	  1.25577	  0.0938307	  2.39975e-05	  6.42422e-07	  396	  6.4404e-08
314	  1.25577	  0.156319	  2.39975e-05	  6.38904e-07	  396	  6.40513e-08
315	  1.25577	  0.218712	  2.39975e-05	  5.97394e-07	  204	  7.16956e-08
316	  1.25577	  0.281224	  2.39975e-05	  6.92529e-07	  216	  8.17471e-08
317	  1.25577	  0.343807	  2.39975e-05	  7.03381e-07	  372	  7.16377e-08
318	  1.25577	  0.406302	  2.39975e-05	  8.01037e-07	  312	  8.54017e-08
319	  1.25577	  0.468745	  2.39975e-05	  8.09007e-07	  288	  8.81215e-08
320	  1.25577	  0.531226	  2.39975e-05	  1.08201e-06	  264	  1.20693e-07
321	  1.25577	  0.593785	  2.39975e-05	  9.69764e-07	  312	  1.0339e-07
322	  1.25577	  0.656281	  2.39975e-05	  1.14198e-06	  276	  1.25838e-07
323	  1.25577	  0.718743	  2.39975e-05	  1.22667e-06	  312	  1.3078e-07
324	  1.25577	  0.781255	  2.39975e-05	  1.40238e-06	  276	  1.54533e-07
325	  1.25577	  0.843774	  2.39975e-05	  1.58045e-06	  240	  1.8104e-07
326	  1.25577	  0.90628	  2.39975e-05	  1.85676e-06	  324	  1.95991e-07
327	  1.25577	  0.968758	  2.39975e-05	  2.03105e-06	  315	  2.15989e-07
328	  1.45182	  0.030936	  1.71185e-05	  4.4441e-07	  246	  5.0555e-08
329	  1.45182	  0.0938307	  1.71185e-05	  4.04969e-07	  516	  3.80762e-08
330	  1.45182	  0.156319	  1.71185e-05	  4.60843e-07	  504	  4.35698e-08
331	  1.45182	  0.218712	  1.71185e-05	  4.39894e-07	  528	  4.11386e-08
332	  1.45182	  0.281224	  1.71185e-05	  4.60126e-07	  504	  4.35019e-08
333	  1.45182	  0.343807	  1.71185e-05	  5.24622e-07	  384	  5.30031e-08
334	  1.45182	  0.406302	  1.71185e-05	  6.42171e-07	  420	  6.34433e-08
335	  1.45182	  0.468745	  1.71185e-05	  5.6411e-07	  468	  5.42815e-08
336	  1.45182	  0.531226	  1.71185e-05	  6.16793e-07	  480	  5.89922e-08
337	  1.45182	  0.593785	  1.71185e-05	  6.88783e-07	  468	  6.62782e-08
338	  1.45182	  0.656281	  1.71185e-05	  7.60314e-07	  396	  7.6223e-08
339	  1.45182	  0.718743	  1.71185e-05	  8.0619e-07	  456	  7.80628e-08
340	  1.45182	  0.781255	  1.71185e-05	  1.0133e-06	  432	  9.9417e-08
341	  1.45182	  0.843774	  1.71185e-05	  1.07306e-06	  480	  1.02631e-07
342	  1.45182	  0.90628	  1.71185e-05	  1.30299e-06	  480	  1.24622e-07
343	  1.45182	  0.968758	  1.71185e-05	  1.31909e-06	  414	  1.30784e-07
344	  1.68148	  0.030936	  1.21166e-05	  2.97516e-07	  798	  2.54077e-08
345	  1.68148	  0.0938307	  1.21166e-05	  3.41732e-07	  708	  2.99296e-08
346	  1.68148	  0.156319	  1.21166e-05	  3.15156e-07	  684	  2.78081e-08
347	  1.68148	  0.218712	  1.21166e-05	  3.51466e-07	  720	  3.06716e-08
348	  1.68148	  0.281224	  1.21166e-05	  3.51298e-07	  708	  3.07675e-08
349	  1.68148	  0.343807	  1.21166e-05	  3.62414e-07	  720	  3.16271e-08
350	  1.68148	  0.406302	  1.21166e-05	  3.9836e-07	  672	  3.52851e-08
351	  1.68148	  0.468745	  1.21166e-05	  4.49405e-07	  732	  3.90807e-08
352	  1.68148	  0.531226	  1.21166e-05	  4.84369e-07	  672	  4.29034e-08
353	  1.68148	  0.593785	  1.21166e-05	  4.85975e-07	  708	  4.25628e-08
354	  1.68148	  0.656281	  1.21166e-05	  5.11901e-07	  744	  4.43623e-08
355	  1.68148	  0.718743	  1.21166e-05	  6.43215e-07	  744	  5.57422e-08
356	  1.68148	  0.781255	  1.21166e-05	  6.84297e-07	  696	  6.01531e-08
357	  1.68148	  0.843774	  1.21166e-05	  7.54751e-07	  708	  6.61028e-08
358	  1.68148	  0.90628	  1.21166e-05	  8.5382e-07	  696	  7.5055e-08
359	  1.68148	  0.968758	  1.21166e-05	  9.15089e-07	  741	  7.93711e-08
360	  1.94819	  0.030936	  8.53382e-06	  2.30834e-07	  1368	  1.77827e-08
361	  1.94819	  0.0938307	  8.53382e-06	  2.29726e-07	  924	  1.90437e-08
362	  1.94819	  0.156319	  8.53382e-06	  2.48085e-07	  972	  2.03616e-08
363	  1.94819	  0.218712	  8.53382e-06	  2.51823e-07	  972	  2.06684e-08
364	  1.94819	  0.281224	  8.53382e-06	  2.39583e-07	  1200	  1.88953e-08
365	  1.94819	  0.343807	  8.53382e-06	  2.48738e-07	  1140	  1.98039e-08
366	  1.94819	  0.406302	  8.53382e-06	  2.80196e-07	  1080	  2.25359e-08
367	  1.94819	  0.468745	  8.53382e-06	  3.11744e-07	  1068	  2.51264e-08
368	  1.94819	  0.531226	  8.53382e-06	  3.07586e-07	  1164	  2.43948e-08
369	  1.94819	  0.593785	  8.53382e-06	  3.58332e-07	  1188	  2.83129e-08
370	  1.94819	  0.656281	  8.53382e-06	  3.66203e-07	  1068	  2.95158e-08
371	  1.94819	  0.718743	  8.53382e-06	  3.84572e-07	  1008	  3.13415e-08
372	  1.94819	  0.781255	  8.53382e-06	  4.55958e-07	  1164	  3.61622e-08
373	  1.94819	  0.843774	  8.53382e-06	  4.63459e-07	  1176	  3.66877e-08
374	  1.94819	  0.90628	  8.53382e-06	  5.3476e-07	  1080	  4.30102e-08
375	  1.94819	  0.968758	  8.53382e-06	  5.64947e-07	  1038	  4.57825e-08
376	  2.25604	  0.030936	  5.9983e-06	  1.70021e-07	  1896	  1.24057e-08
377	  2.25604	  0.0938307	  5.9983e-06	  1.70195e-07	  1272	  1.32818e-08
378	  2.25604	  0.156319	  5.9983e-06	  1.65664e-07	  2040	  1.19511e-08
379	  2.25604	  0.218712	  5.9983e-06	  1.77556e-07	  1740	  1.31343e-08
380	  2.25604	  0.281224	  5.9983e-06	  1.82811e-07	  1584	  1.37339e-08
381	  2.25604	  0.343807	  5.9983e-06	  1.86858e-07	  1764	  1.37919e-08
382	  2.25604	  0.406302	  5.9983e-06	  1.95448e-07	  1632	  1.46104e-08
383	  2.25604	  0.468745	  5.9983e-06	  2.06699e-07	  1860	  1.51276e-08
384	  2.25604	  0.531226	  5.9983e-06	  2.21941e-07	  1560	  1.67162e-08
385	  2.25604	  0.593785	  5.9983e-06	  2.37501e-07	  1692	  1.76489e-08
386	  2.25604	  0.656281	  5.9983e-06	  2.62923e-07	  1704	  1.95155e-08
387	  2.25604	  0.718743	  5.9983e-06	  2.74253e-07	  1824	  2.01342e-08
388	  2.25604	  0.781255	  5.9983e-06	  2.97536e-07	  1668	  2.2162e-08
389	  2.25604	  0.843774	  5.9983e-06	  3.14093e-07	  1680	  2.33677e-08
390	  2.25604	  0.90628	  5.9983e-06	  3.51676e-07	  1776	  2.59287e-08
391	  2.25604	  0.968758	  5.9983e-06	  3.62573e-07	  1656	  2.70384e-08
392	  2.61216	  0.030936	  4.20471e-06	  1.25662e-07	  2586	  8.75422e-09
393	  2.61216	  0.0938307	  4.20471e-06	  1.23415e-07	  3036	  8.41056e-09
394	  2.61216	  0.156319	  4.20471e-06	  1.29217e-07	  2124	  9.26461e-09
395	  2.61216	  0.218712	  4.20471e-06	  1.25334e-07	  2940	  8.57818e-09
396	  2.61216	  0.281224	  4.20471e-06	  1.3218e-07	  2616	  9.19332e-09
397	  2.61216	  0.343807	  4.20471e-06	  1.34003e-07	  2448	  9.4085e-09
398	  2.61216	  0.406302	  4.20471e-06	  1.40965e-07	  2916	  9.65875e-09
399	  2.61216	  0.468745	  4.20471e-06	  1.47626e-07	  2544	  1.03081e-08
400	  2.61216	  0.531226	  4.20471e-06	  1.55648e-07	  2652	  1.08048e-08
401	  2.61216	  0.593785	  4.20471e-06	  1.59644e-07	  2748	  1.10276e-08
402	  2.61216	  0.656281	  4.20471e-06	  1.80452e-07	  2676	  1.2511e-08
403	  2.61216	  0.718743	  4.20471e-06	  1.77515e-07	  2472	  1.24461e-08
404	  2.61216	  0.781255	  4.20471e-06	  1.91658e-07	  2616	  1.33301e-08
405	  2.61216	  0.843774	  4.20471e-06	  1.98746e-07	  2736	  1.37369e-08
406	  2.61216	  0.90628	  4.20471e-06	  2.12726e-07	  2568	  1.48341e-08
407	  2.61216	  0.968758	  4.20471e-06	  2.17427e-07	  2745	  1.50213e-08
408	  3.02645	  0.030936	  2.93284e-06	  9.43771e-08	  3414	  6.33408e-09
409	  3.02645	  0.0938307	  2.93284e-06	  9.14624e-08	  4512	  5.93475e-09
410	  3.02645	  0.156319	  2.93284e-06	  8.92686e-08	  4632	  5.77507e-09
411	  3.02645	  0.218712	  2.93284e-06	  8.94162e-08	  3972	  5.88958e-09
412	  3.02645	  0.281224	  2.93284e-06	  9.16389e-08	  4176	  6.00002e-09
413	  3.02645	  0.343807	  2.93284e-06	  9.57833e-08	  4344	  6.24243e-09
414	  3.02645	  0.406302	  2.93284e-06	  9.94118e-08	  4044	  6.53386e-09
415	  3.02645	  0.468745	  2.93284e-06	  1.0454e-07	  4092	  6.86125e-09
416	  3.02645	  0.531226	  2.93284e-06	  1.11789e-07	  4296	  7.29503e-09
417	  3.02645	  0.593785	  2.93284e-06	  1.12387e-07	  3996	  7.3972e-09
418	  3.02645	  0.656281	  2.93284e-06	  1.17656e-07	  4188	  7.70088e-09
419	  3.02645	  0.718743	  2.93284e-06	  1.24112e-07	  4212	  8.11793e-09
420	  3.02645	  0.781255	  2.93284e-06	  1.25118e-07	  4140	  8.20044e-09
421	  3.02645	  0.843774	  2.93284e-06	  1.28171e-07	  4128	  8.40347e-09
422	  3.02645	  0.90628	  2.93284e-06	  1.33729e-07	  4188	  8.7529e-09
423	  3.02645	  0.968758	  2.93284e-06	  1.29773e-07	  4128	  8.50847e-09
424	  3.50419	  0.030936	  2.04386e-06	  6.70512e-08	  7002	  4.15386e-09
425	  3.50419	  0.0938307	  2.04386e-06	  6.68215e-08	  6240	  4.18699e-09
426	  3.50419	  0.156319	  2.04386e-06	  6.4359e-08	  5964	  4.05133e-09
427	  3.50419	  0.218712	  2.04386e-06	  6.54705e-08	  6180	  4.10635e-09
428	  3.50419	  0.281224	  2.04386e-06	  6.70577e-08	  6420	  4.1898e-09
429	  3.50419	  0.343807	  2.04386e-06	  6.79816e-08	  6516	  4.24125e-09
430	  3.50419	  0.406302	  2.04386e-06	  6.95993e-08	  6312	  4.356e-09
431	  3.50419	  0.468745	  2.04386e-06	  7.49392e-08	  6276	  4.69291e-09
432	  3.50419	  0.531226	  2.04386e-06	  7.26568e-08	  6360	  4.5439e-09
433	  3.50419	  0.593785	  2.04386e-06	  7.40691e-08	  6408	  4.62874e-09
434	  3.50419	  0.656281	  2.04386e-06	  7.91773e-08	  6360	  4.95169e-09
435	  3.50419	  0.718743	  2.04386e-06	  7.83428e-08	  6336	  4.90136e-09
436	  3.50419	  0.781255	  2.04386e-06	  7.78782e-08	  6372	  4.86952e-09
437	  3.50419	  0.843774	  2.04386e-06	  7.93705e-08	  6456	  4.95634e-09
438	  3.50419	  0.90628	  2.04386e-06	  7.66686e-08	  6360	  4.7948e-09
439	  3.50419	  0.968758	  2.04386e-06	  7.54893e-08	  6327	  4.72351e-09
440	  4.05763	  0.030936	  1.42029e-06	  4.87578e-08	  10392	  2.91618e-09
441	  4.05763	  0.0938307	  1.42029e-06	  4.61509e-08	  9420	  2.78305e-09
442	  4.05763	  0.156319	  1.42029e-06	  4.71272e-08	  10176	  2.82354e-09
443	  4.05763	  0.218712	  1.42029e-06	  4.76301e-08	  10260	  2.85173e-09
444	  4.05763	  0.281224	  1.42029e-06	  4.51468e-08	  9528	  2.71986e-09
445	  4.05763	  0.343807	  1.42029e-06	  4.65223e-08	  10140	  2.78811e-09
446	  4.05763	  0.406302	  1.42029e-06	  4.85107e-08	  9960	  2.91162e-09
447	  4.05763	  0.468745	  1.42029e-06	  4.76732e-08	  10068	  2.85878e-09
448	  4.05763	  0.531226	  1.42029e-06	  4.93503e-08	  9996	  2.96112e-09
449	  4.05763	  0.593785	  1.42029e-06	  4.86616e-08	  9828	  2.92394e-09
450	  4.05763	  0.656281	  1.42029e-06	  4.91262e-08	  10032	  2.94679e-09
451	  4.05763	  0.718743	  1.42029e-06	  4.82574e-08	  9924	  2.89729e-09
452	  4.05763	  0.781255	  1.42029e-06	  4.65168e-08	  10116	  2.78833e-09
453	  4.05763	  0.843774	  1.42029e-06	  4.57504e-08	  9888	  2.74761e-09
454	  4.05763	  0.90628	  1.42029e-06	  4.5177e-08	  10008	  2.71044e-09
455	  4.05763	  0.968758	  1.42029e-06	  4.17174e-08	  9978	  2.50351e-09
456	  4.69917	  0.030936	  9.83726e-07	  3.44346e-08	  13626	  2.01672e-09
457	  4.69917	  0.0938307	  9.83726e-07	  3.4055e-08	  16392	  1.96874e-09
458	  4.69917	  0.156319	  9.83726e-07	  3.3394e-08	  15708	  1.93615e-09
459	  4.69917	  0.218712	  9.83726e-07	  3.24493e-08	  15432	  1.88368e-09
460	  4.69917	  0.281224	  9.83726e-07	  3.21858e-08	  15780	  1.86551e-09
461	  4.69917	  0.343807	  9.83726e-07	  3.18287e-08	  15300	  1.84876e-09
462	  4.69917	  0.406302	  9.83726e-07	  3.19273e-08	  15588	  1.85209e-09
463	  4.69917	  0.468745	  9.83726e-07	  3.14645e-08	  15396	  1.82681e-09
464	  4.69917	  0.531226	  9.83726e-07	  3.15911e-08	  15504	  1.83327e-09
465	  4.69917	  0.593785	  9.83726e-07	  3.08501e-08	  15660	  1.78903e-09
466	  4.69917	  0.656281	  9.83726e-07	  2.95989e-08	  15192	  1.72009e-09
467	  4.69917	  0.718743	  9.83726e-07	  2.85834e-08	  15600	  1.65802e-09
468	  4.69917	  0.781255	  9.83726e-07	  2.79912e-08	  15216	  1.62648e-09
469	  4.69917	  0.843774	  9.83726e-07	  2.63199e-08	  15516	  1.52729e-09
470	  4.69917	  0.90628	  9.83726e-07	  2.39775e-08	  15540	  1.39122e-09
471	  4.69917	  0.968758	  9.83726e-07	  2.26761e-08	  15405	  1.31651e-09
472	  5.4432	  0.030936	  6.79626e-07	  2.49308e-08	  26250	  1.40042e-09
473	  5.4432	  0.0938307	  6.79626e-07	  2.41503e-08	  22392	  1.3689e-09
474	  5.4432	  0.156319	  6.79626e-07	  2.37093e-08	  24516	  1.33689e-09
475	  5.4432	  0.218712	  6.79626e-07	  2.26812e-08	  23592	  1.28173e-09
476	  5.4432	  0.281224	  6.79626e-07	  2.21912e-08	  24264	  1.25202e-09
477	  5.4432	  0.343807	  6.79626e-07	  2.15283e-08	  23928	  1.21559e-09
478	  5.4432	  0.406302	  6.79626e-07	  2.0736e-08	  24120	  1.17031e-09
479	  5.4432	  0.468745	  6.79626e-07	  2.00532e-08	  23964	  1.1322e-09
480	  5.4432	  0.531226	  6.79626e-07	  1.95132e-08	  24060	  1.10146e-09
481	  5.4432	  0.593785	  6.79626e-07	  1.86412e-08	  24108	  1.05212e-09
482	  5.4432	  0.656281	  6.79626e-07	  1.75562e-08	  24228	  9.90598e-10
483	  5.4432	  0.718743	  6.79626e-07	  1.6489e-08	  24144	  9.3057e-10
484	  5.4432	  0.781255	  6.79626e-07	  1.51826e-08	  23940	  8.57254e-10
485	  5.4432	  0.843774	  6.79626e-07	  1.36421e-08	  24192	  7.69817e-10
486	  5.4432	  0.90628	  6.79626e-07	  1.25649e-08	  23988	  7.09369e-10
487	  5.4432	  0.968758	  6.79626e-07	  1.13245e-08	  24141	  6.39112e-10
488	  6.30378	  0.030936	  4.68753e-07	  1.76272e-08	  35082	  9.75472e-10
489	  6.30378	  0.0938307	  4.68753e-07	  1.68184e-08	  39108	  9.25964e-10
490	  6.30378	  0.156319	  4.68753e-07	  1.62111e-08	  36924	  8.94921e-10
491	  6.30378	  0.218712	  4.68753e-07	  1.53809e-08	  37692	  8.48268e-10
492	  6.30378	  0.281224	  4.68753e-07	  1.44652e-08	  37092	  7.98367e-10
493	  6.30378	  0.343807	  4.68753e-07	  1.38785e-08	  37536	  7.65558e-10
494	  6.30378	  0.406302	  4.68753e-07	  1.32632e-08	  36984	  7.32127e-10
495	  6.30378	  0.468745	  4.68753e-07	  1.22579e-08	  37428	  6.76258e-10
496	  6.30378	  0.531226	  4.68753e-07	  1.14517e-08	  37392	  6.31809e-10
497	  6.30378	  0.593785	  4.68753e-07	  1.06631e-08	  37200	  5.88438e-10
498	  6.30378	  0.656281	  4.68753e-07	  9.66879e-09	  36924	  5.33757e-10
499	  6.30378	  0.718743	  4.68753e-07	  8.7164e-09	  37272	  4.80969e-10
500	  6.30378	  0.781255	  4.68753e-07	  7.78251e-09	  37284	  4.2943e-10
501	  6.30378	  0.843774	  4.68753e-07	  6.87513e-09	  37188	  3.79408e-10
502	  6.30378	  0.90628	  4.68753e-07	  5.98533e-09	  37320	  3.30249e-10
503	  6.30378	  0.968758	  4.68753e-07	  5.1004e-09	  37119	  2.81493e-10
504	  7.30029	  0.030936	  3.22507e-07	  1.20715e-08	  60258	  6.52751e-10
505	  7.30029	  0.0938307	  3.22507e-07	  1.16e-08	  56916	  6.28625e-10
506	  7.30029	  0.156319	  3.22507e-07	  1.09715e-08	  56820	  5.94602e-10
507	  7.30029	  0.218712	  3.22507e-07	  1.02346e-08	  58716	  5.53965e-10
508	  7.30029	  0.281224	  3.22507e-07	  9.5059e-09	  57840	  5.1482e-10
509	  7.30029	  0.343807	  3.22507e-07	  8.60966e-09	  57612	  4.66353e-10
510	  7.30029	  0.406302	  3.22507e-07	  7.90444e-09	  58464	  4.27913e-10
511	  7.30029	  0.468745	  3.22507e-07	  7.13513e-09	  57948	  3.86397e-10
512	  7.30029	  0.531226	  3.22507e-07	  6.45725e-09	  57708	  3.49743e-10
513	  7.30029	  0.593785	  3.22507e-07	  5.58886e-09	  58236	  3.02603e-10
514	  7.30029	  0.656281	  3.22507e-07	  4.9641e-09	  58008	  2.68816e-10
515	  7.30029	  0.718743	  3.22507e-07	  4.2696e-09	  58200	  2.31178e-10
516	  7.30029	  0.781255	  3.22507e-07	  3.62396e-09	  58128	  1.96229e-10
517	  7.30029	  0.843774	  3.22507e-07	  3.07686e-09	  57972	  1.66622e-10
518	  7.30029	  0.90628	  3.22507e-07	  2.5798e-09	  57960	  1.39706e-10
519	  7.30029	  0.968758	  3.22507e-07	  2.13114e-09	  58122	  1.15397e-10
520	  8.455	  0.030936	  2.21498e-07	  8.20319e-09	  90198	  4.37474e-10
521	  8.455	  0.0938307	  2.21498e-07	  7.75273e-09	  89292	  4.13581e-10
522	  8.455	  0.156319	  2.21498e-07	  7.18706e-09	  90804	  3.83203e-10
523	  8.455	  0.218712	  2.21498e-07	  6.46333e-09	  89628	  3.44756e-10
524	  8.455	  0.281224	  2.21498e-07	  5.8614e-09	  89844	  3.12625e-10
525	  8.455	  0.343807	  2.21498e-07	  5.13902e-09	  90636	  2.74021e-10
526	  8.455	  0.406302	  2.21498e-07	  4.48635e-09	  89628	  2.39303e-10
527	  8.455	  0.468745	  2.21498e-07	  3.86282e-09	  89772	  2.06033e-10
528	  8.455	  0.531226	  2.21498e-07	  3.31082e-09	  90324	  1.76557e-10
529	  8.455	  0.593785	  2.21498e-07	  2.7393e-09	  89784	  1.46107e-10
530	  8.455	  0.656281	  2.21498e-07	  2.29133e-09	  90216	  1.22195e-10
531	  8.455	  0.718743	  2.21498e-07	  1.8986e-09	  89796	  1.01266e-10
532	  8.455	  0.781255	  2.21498e-07	  1.55617e-09	  90120	  8.29921e-11
533	  8.455	  0.843774	  2.21498e-07	  1.25703e-09	  90132	  6.70388e-11
534	  8.455	  0.90628	  2.21498e-07	  1.02079e-09	  89916	  5.44436e-11
535	  8.455	  0.968758	  2.21498e-07	  7.92593e-10	  89964	  4.22721e-11
536	  9.79129	  0.030936	  1.5182e-07	  5.36612e-09	  139068	  2.82696e-10
537	  9.79129	  0.0938307	  1.5182e-07	  4.99477e-09	  141180	  2.63032e-10
538	  9.79129	  0.156319	  1.5182e-07	  4.51039e-09	  139380	  2.37601e-10
539	  9.79129	  0.218712	  1.5182e-07	  3.95311e-09	  138804	  2.08266e-10
540	  9.79129	  0.281224	  1.5182e-07	  3.38706e-09	  140952	  1.78375e-10
541	  9.79129	  0.343807	  1.5182e-07	  2.8187e-09	  139668	  1.48477e-10
542	  9.79129	  0.406302	  1.5182e-07	  2.33933e-09	  139464	  1.23231e-10
543	  9.79129	  0.468745	  1.5182e-07	  1.90223e-09	  139812	  1.00199e-10
544	  9.79129	  0.531226	  1.5182e-07	  1.52392e-09	  139884	  8.02707e-11
545	  9.79129	  0.593785	  1.5182e-07	  1.2282e-09	  140184	  6.46904e-11
546	  9.79129	  0.656281	  1.5182e-07	  9.74924e-10	  139404	  5.13574e-11
547	  9.79129	  0.718743	  1.5182e-07	  7.6789e-10	  139932	  4.04473e-11
548	  9.79129	  0.781255	  1.5182e-07	  6.03158e-10	  139980	  3.177e-11
549	  9.79129	  0.843774	  1.5182e-07	  4.62685e-10	  139632	  2.43725e-11
550	  9.79129	  0.90628	  1.5182e-07	  3.59776e-10	  140088	  1.895e-11
551	  9.79129	  0.968758	  1.5182e-07	  2.65869e-10	  139623	  1.4005e-11
