#n	   k	      mu	    PL	    Pf	     w	     err  
0	  0.10472	  1	  0.00427213	  0.000270223	  3	  0.000169525
1	  0.20944	  1	  0.00151751	  7.51477e-05	  3	  4.71439e-05
2	  0.314159	  1	  0.0007108	  7.39859e-05	  3	  4.64151e-05
3	  0.418879	  1	  0.000398371	  1.43778e-05	  3	  9.01992e-06
4	  0.523599	  1	  0.000251849	  4.18937e-06	  3	  2.6282e-06
5	  0.628319	  1	  0.000170648	  1.74447e-05	  3	  1.0944e-05
6	  0.733038	  1	  0.000122002	  8.81941e-06	  3	  5.53286e-06
7	  0.837758	  1	  9.08132e-05	  8.15704e-06	  3	  5.11732e-06
8	  0.942478	  1	  6.97363e-05	  1.27806e-06	  3	  8.01793e-07
9	  0.10472	  0	  0.00427213	  4.46305e-05	  6	  2.04518e-05
10	  0.148096	  0.707107	  0.00271675	  6.37455e-05	  12	  2.1589e-05
11	  0.23416	  0.894427	  0.00120207	  7.9968e-05	  12	  2.70832e-05
12	  0.331153	  0.948683	  0.00064369	  3.1719e-05	  12	  1.07424e-05
13	  0.431771	  0.970143	  0.000374901	  1.71686e-05	  12	  5.81458e-06
14	  0.533968	  0.980581	  0.00024156	  1.18552e-05	  12	  4.01505e-06
15	  0.636985	  0.986394	  0.000165645	  6.73784e-06	  12	  2.28194e-06
16	  0.74048	  0.989949	  0.000119362	  9.23361e-06	  12	  3.12719e-06
17	  0.844278	  0.992278	  8.92337e-05	  4.25544e-06	  12	  1.44121e-06
18	  0.948278	  0.993884	  6.87654e-05	  4.01159e-06	  12	  1.35863e-06
19	  0.148096	  0	  0.00271675	  2.33206e-05	  6	  1.06866e-05
20	  0.18138	  0.57735	  0.00192736	  3.24175e-05	  12	  1.0979e-05
21	  0.25651	  0.816497	  0.00105795	  3.68497e-05	  12	  1.24801e-05
22	  0.347316	  0.904534	  0.000579791	  2.20586e-05	  12	  7.4707e-06
23	  0.444288	  0.942809	  0.000354409	  1.58386e-05	  12	  5.36414e-06
24	  0.54414	  0.96225	  0.000231969	  1.18469e-05	  12	  4.01224e-06
25	  0.645536	  0.973329	  0.000160985	  7.6947e-06	  12	  2.606e-06
26	  0.747849	  0.980196	  0.000116753	  4.5683e-06	  12	  1.54717e-06
27	  0.850747	  0.984732	  8.77505e-05	  5.49064e-06	  12	  1.85954e-06
28	  0.954042	  0.987878	  6.78321e-05	  4.05504e-06	  12	  1.37334e-06
29	  0.20944	  0	  0.00151751	  1.4442e-05	  6	  6.61803e-06
30	  0.23416	  0.447214	  0.00120207	  2.48164e-05	  12	  8.4047e-06
31	  0.296192	  0.707107	  0.000782761	  3.02085e-05	  12	  1.02309e-05
32	  0.377572	  0.83205	  0.000493333	  2.00614e-05	  12	  6.79428e-06
33	  0.468321	  0.894427	  0.00031798	  1.63207e-05	  12	  5.5274e-06
34	  0.563933	  0.928477	  0.000215017	  6.32099e-06	  12	  2.14076e-06
35	  0.662306	  0.948683	  0.000152257	  5.95959e-06	  12	  2.01836e-06
36	  0.762371	  0.961524	  0.000111916	  6.76597e-06	  12	  2.29147e-06
37	  0.863541	  0.970143	  8.48614e-05	  1.55632e-06	  12	  5.27086e-07
38	  0.965468	  0.976187	  6.60351e-05	  2.59846e-06	  12	  8.80035e-07
39	  0.23416	  0	  0.00120207	  1.53159e-05	  12	  5.18711e-06
40	  0.25651	  0.408248	  0.00105795	  1.46539e-05	  24	  3.72391e-06
41	  0.314159	  0.666667	  0.0007108	  2.01124e-05	  24	  5.11104e-06
42	  0.391825	  0.801784	  0.000459314	  1.4909e-05	  24	  3.78875e-06
43	  0.479886	  0.872872	  0.000301799	  1.69102e-05	  24	  4.29728e-06
44	  0.573574	  0.912871	  0.000207525	  7.8871e-06	  24	  2.0043e-06
45	  0.670534	  0.937043	  0.00014827	  4.89265e-06	  24	  1.24334e-06
46	  0.76953	  0.952579	  0.00010966	  4.82274e-06	  24	  1.22557e-06
47	  0.869868	  0.963087	  8.34996e-05	  3.83894e-06	  24	  9.75568e-07
48	  0.971131	  0.970495	  6.51545e-05	  3.19878e-06	  24	  8.12887e-07
49	  0.296192	  0	  0.000782761	  8.82813e-06	  6	  4.04547e-06
50	  0.314159	  0.333333	  0.0007108	  1.11803e-05	  12	  3.78651e-06
51	  0.36276	  0.57735	  0.000530683	  9.26803e-06	  12	  3.13885e-06
52	  0.431771	  0.727607	  0.000374901	  1.24853e-05	  12	  4.22845e-06
53	  0.51302	  0.816497	  0.000262812	  1.03075e-05	  12	  3.4909e-06
54	  0.601569	  0.870388	  0.000187384	  8.28774e-06	  12	  2.80685e-06
55	  0.694632	  0.904534	  0.000137293	  8.42523e-06	  12	  2.85342e-06
56	  0.790617	  0.927173	  0.000103284	  4.72277e-06	  12	  1.59948e-06
57	  0.888577	  0.942809	  7.96115e-05	  3.66284e-06	  12	  1.24051e-06
58	  0.987924	  0.953998	  6.26782e-05	  1.70257e-06	  12	  5.76617e-07
59	  0.314159	  0	  0.0007108	  1.18991e-05	  6	  5.45274e-06
60	  0.331153	  0.316228	  0.00064369	  8.80165e-06	  12	  2.9809e-06
61	  0.377572	  0.5547	  0.000493333	  1.29208e-05	  12	  4.37594e-06
62	  0.444288	  0.707107	  0.000354409	  6.7253e-06	  12	  2.27769e-06
63	  0.523599	  0.8	  0.000251849	  1.02205e-05	  12	  3.46142e-06
64	  0.610616	  0.857493	  0.000181465	  4.48652e-06	  12	  1.51947e-06
65	  0.702481	  0.894427	  0.000133953	  5.36244e-06	  12	  1.81613e-06
66	  0.797522	  0.919145	  0.000101309	  4.40068e-06	  12	  1.4904e-06
67	  0.894726	  0.936329	  7.83672e-05	  2.4997e-06	  12	  8.46587e-07
68	  0.993459	  0.948683	  6.18957e-05	  2.76826e-06	  12	  9.3754e-07
69	  0.331153	  0	  0.00064369	  7.08171e-06	  12	  2.3984e-06
70	  0.347316	  0.301511	  0.000579791	  6.37335e-06	  24	  1.61962e-06
71	  0.391825	  0.534522	  0.000459314	  6.7949e-06	  24	  1.72675e-06
72	  0.456463	  0.688247	  0.00033562	  1.26817e-05	  24	  3.22272e-06
73	  0.533968	  0.784465	  0.00024156	  7.04128e-06	  24	  1.78936e-06
74	  0.61953	  0.845154	  0.000175917	  4.61792e-06	  24	  1.17352e-06
75	  0.710244	  0.884652	  0.000130793	  8.0675e-06	  24	  2.05015e-06
76	  0.804368	  0.911322	  9.94144e-05	  3.83933e-06	  24	  9.75667e-07
77	  0.900833	  0.929981	  7.7197e-05	  3.25666e-06	  24	  8.27597e-07
78	  0.998963	  0.943456	  6.11335e-05	  2.10586e-06	  24	  5.3515e-07
79	  0.377572	  0	  0.000493333	  5.83214e-06	  12	  1.9752e-06
80	  0.391825	  0.267261	  0.000459314	  4.3722e-06	  24	  1.11108e-06
81	  0.431771	  0.485071	  0.000374901	  7.68678e-06	  24	  1.9534e-06
82	  0.491179	  0.639602	  0.000287358	  5.54585e-06	  24	  1.40934e-06
83	  0.563933	  0.742781	  0.000215017	  7.40059e-06	  24	  1.88067e-06
84	  0.645536	  0.811107	  0.000160985	  6.20505e-06	  24	  1.57685e-06
85	  0.733038	  0.857143	  0.000122002	  5.27071e-06	  24	  1.33941e-06
86	  0.824564	  0.889001	  9.40695e-05	  2.53518e-06	  24	  6.4425e-07
87	  0.918912	  0.911685	  7.38245e-05	  3.72059e-06	  24	  9.45492e-07
88	  0.418879	  0	  0.000398371	  1.31437e-06	  6	  6.02308e-07
89	  0.431771	  0.242536	  0.000374901	  3.26763e-06	  12	  1.10667e-06
90	  0.468321	  0.447214	  0.00031798	  6.12647e-06	  12	  2.07488e-06
91	  0.523599	  0.6	  0.000251849	  5.53682e-06	  12	  1.87518e-06
92	  0.592384	  0.707107	  0.000193728	  2.83798e-06	  12	  9.61155e-07
93	  0.670534	  0.780869	  0.00014827	  5.86213e-06	  12	  1.98536e-06
94	  0.755145	  0.83205	  0.000114321	  3.48546e-06	  12	  1.18044e-06
95	  0.844278	  0.868243	  8.92337e-05	  3.38788e-06	  12	  1.14739e-06
96	  0.936642	  0.894427	  7.07132e-05	  1.66517e-06	  12	  5.63952e-07
97	  0.431771	  0	  0.000374901	  3.01896e-06	  12	  1.02245e-06
98	  0.444288	  0.235702	  0.000354409	  2.12802e-06	  24	  5.40781e-07
99	  0.479886	  0.436436	  0.000301799	  6.62591e-06	  24	  1.6838e-06
100	  0.533968	  0.588348	  0.00024156	  3.62036e-06	  24	  9.20022e-07
101	  0.601569	  0.696311	  0.000187384	  3.62893e-06	  24	  9.22199e-07
102	  0.678662	  0.771517	  0.000144415	  3.10784e-06	  24	  7.89776e-07
103	  0.762371	  0.824163	  0.000111916	  4.53589e-06	  24	  1.15268e-06
104	  0.850747	  0.86164	  8.77505e-05	  3.93028e-06	  24	  9.98779e-07
105	  0.942478	  0.888889	  6.97363e-05	  3.20257e-06	  24	  8.13849e-07
106	  0.444288	  0	  0.000354409	  2.86789e-06	  6	  1.3142e-06
107	  0.456463	  0.229416	  0.00033562	  5.39422e-06	  12	  1.82689e-06
108	  0.491179	  0.426401	  0.000287358	  4.45289e-06	  12	  1.50808e-06
109	  0.54414	  0.57735	  0.000231969	  1.54289e-06	  12	  5.22537e-07
110	  0.610616	  0.685994	  0.000181465	  5.52126e-06	  12	  1.86991e-06
111	  0.686693	  0.762493	  0.000140776	  3.65055e-06	  12	  1.23635e-06
112	  0.76953	  0.816497	  0.00010966	  3.52312e-06	  12	  1.19319e-06
113	  0.857168	  0.855186	  8.62786e-05	  2.10387e-06	  12	  7.12529e-07
114	  0.948278	  0.883452	  6.87654e-05	  1.55689e-06	  12	  5.2728e-07
115	  0.468321	  0	  0.00031798	  3.70816e-06	  12	  1.25586e-06
116	  0.479886	  0.218218	  0.000301799	  5.15945e-06	  24	  1.31114e-06
117	  0.51302	  0.408248	  0.000262812	  5.15295e-06	  24	  1.30949e-06
118	  0.563933	  0.557086	  0.000215017	  5.01704e-06	  24	  1.27495e-06
119	  0.628319	  0.666667	  0.000170648	  3.97555e-06	  24	  1.01028e-06
120	  0.702481	  0.745356	  0.000133953	  4.18165e-06	  24	  1.06266e-06
121	  0.783651	  0.801784	  0.000105335	  3.66685e-06	  24	  9.31834e-07
122	  0.869868	  0.842701	  8.34996e-05	  2.51706e-06	  24	  6.39645e-07
123	  0.959772	  0.872872	  6.69309e-05	  2.28629e-06	  24	  5.81002e-07
124	  0.523599	  0	  0.000251849	  2.55574e-06	  18	  7.30181e-07
125	  0.533968	  0.196116	  0.00024156	  2.4028e-06	  36	  5.20607e-07
126	  0.563933	  0.371391	  0.000215017	  2.33506e-06	  36	  5.05929e-07
127	  0.610616	  0.514496	  0.000181465	  2.86485e-06	  36	  6.20717e-07
128	  0.670534	  0.624695	  0.00014827	  2.97795e-06	  36	  6.45222e-07
129	  0.74048	  0.707107	  0.000119362	  3.3219e-06	  36	  7.19745e-07
130	  0.817887	  0.768221	  9.58027e-05	  2.75336e-06	  36	  5.96562e-07
131	  0.900833	  0.813733	  7.7197e-05	  2.28493e-06	  36	  4.95068e-07
132	  0.987924	  0.847998	  6.26782e-05	  2.11051e-06	  36	  4.57278e-07
133	  0.533968	  0	  0.00024156	  2.34949e-06	  12	  7.95713e-07
134	  0.54414	  0.19245	  0.000231969	  3.56156e-06	  24	  9.0508e-07
135	  0.573574	  0.365148	  0.000207525	  2.32272e-06	  24	  5.90259e-07
136	  0.61953	  0.507093	  0.000175917	  3.13806e-06	  24	  7.97457e-07
137	  0.678662	  0.617213	  0.000144415	  3.04331e-06	  24	  7.73377e-07
138	  0.747849	  0.70014	  0.000116753	  2.83491e-06	  24	  7.2042e-07
139	  0.824564	  0.762001	  9.40695e-05	  1.20334e-06	  24	  3.05798e-07
140	  0.9069	  0.80829	  7.60446e-05	  2.67629e-06	  24	  6.80109e-07
141	  0.993459	  0.843274	  6.18957e-05	  2.07847e-06	  24	  5.28189e-07
142	  0.563933	  0	  0.000215017	  9.59606e-07	  12	  3.24995e-07
143	  0.573574	  0.182574	  0.000207525	  1.95238e-06	  24	  4.96146e-07
144	  0.601569	  0.348155	  0.000187384	  2.62443e-06	  24	  6.66932e-07
145	  0.645536	  0.486664	  0.000160985	  3.07733e-06	  24	  7.82023e-07
146	  0.702481	  0.596285	  0.000133953	  3.30865e-06	  24	  8.40809e-07
147	  0.76953	  0.680414	  0.00010966	  1.90669e-06	  24	  4.84537e-07
148	  0.844278	  0.744208	  8.92337e-05	  2.93359e-06	  24	  7.45495e-07
149	  0.92486	  0.792594	  7.27641e-05	  2.22834e-06	  24	  5.66276e-07
150	  0.592384	  0	  0.000193728	  6.77749e-07	  6	  3.10577e-07
151	  0.601569	  0.174078	  0.000187384	  1.46316e-06	  12	  4.95537e-07
152	  0.628319	  0.333333	  0.000170648	  2.07375e-06	  12	  7.02326e-07
153	  0.670534	  0.468521	  0.00014827	  1.84111e-06	  12	  6.2354e-07
154	  0.72552	  0.57735	  0.000124835	  3.51148e-06	  12	  1.18925e-06
155	  0.790617	  0.662266	  0.000103284	  2.48644e-06	  12	  8.42095e-07
156	  0.863541	  0.727607	  8.48614e-05	  2.23618e-06	  12	  7.5734e-07
157	  0.942478	  0.777778	  6.97363e-05	  1.63885e-06	  12	  5.55038e-07
158	  0.610616	  0	  0.000181465	  1.52177e-06	  12	  5.15385e-07
159	  0.61953	  0.169031	  0.000175917	  1.87366e-06	  24	  4.76142e-07
160	  0.645536	  0.324443	  0.000160985	  2.16701e-06	  24	  5.50689e-07
161	  0.686693	  0.457496	  0.000140776	  2.40514e-06	  24	  6.11203e-07
162	  0.74048	  0.565685	  0.000119362	  2.04409e-06	  24	  5.19452e-07
163	  0.804368	  0.650945	  9.94144e-05	  2.7741e-06	  24	  7.04967e-07
164	  0.876148	  0.717137	  8.21476e-05	  2.2635e-06	  24	  5.75211e-07
165	  0.954042	  0.76835	  6.78321e-05	  1.84153e-06	  24	  4.67978e-07
166	  0.628319	  0	  0.000170648	  5.19481e-06	  6	  2.38051e-06
167	  0.636985	  0.164399	  0.000165645	  2.59328e-06	  12	  8.78279e-07
168	  0.662306	  0.316228	  0.000152257	  1.60182e-06	  12	  5.42496e-07
169	  0.702481	  0.447214	  0.000133953	  8.70416e-07	  12	  2.94788e-07
170	  0.755145	  0.5547	  0.000114321	  1.22945e-06	  12	  4.16385e-07
171	  0.817887	  0.640184	  9.58027e-05	  1.59809e-06	  12	  5.41234e-07
172	  0.888577	  0.707107	  7.96115e-05	  1.88432e-06	  12	  6.38173e-07
173	  0.965468	  0.759257	  6.60351e-05	  2.17423e-06	  12	  7.36358e-07
174	  0.636985	  0	  0.000165645	  2.47676e-06	  12	  8.38818e-07
175	  0.645536	  0.162221	  0.000160985	  1.36862e-06	  24	  3.478e-07
176	  0.670534	  0.312348	  0.00014827	  1.5273e-06	  24	  3.88124e-07
177	  0.710244	  0.442326	  0.000130793	  2.09322e-06	  24	  5.31939e-07
178	  0.762371	  0.549442	  0.000111916	  2.56812e-06	  24	  6.52622e-07
179	  0.824564	  0.635001	  9.40695e-05	  1.30228e-06	  24	  3.3094e-07
180	  0.894726	  0.702247	  7.83672e-05	  1.34798e-06	  24	  3.42553e-07
181	  0.971131	  0.754829	  6.51545e-05	  1.56903e-06	  24	  3.9873e-07
182	  0.662306	  0	  0.000152257	  1.5184e-06	  12	  5.14245e-07
183	  0.670534	  0.156174	  0.00014827	  1.40515e-06	  24	  3.57083e-07
184	  0.694632	  0.301511	  0.000137293	  1.65869e-06	  24	  4.21514e-07
185	  0.733038	  0.428571	  0.000122002	  1.9368e-06	  24	  4.92187e-07
186	  0.783651	  0.534522	  0.000105335	  1.75002e-06	  24	  4.44723e-07
187	  0.844278	  0.620174	  8.92337e-05	  1.70136e-06	  24	  4.32357e-07
188	  0.912926	  0.688247	  7.48999e-05	  1.17246e-06	  24	  2.97951e-07
189	  0.987924	  0.741999	  6.26782e-05	  1.32459e-06	  24	  3.3661e-07
190	  0.670534	  0	  0.00014827	  1.85368e-06	  12	  6.27796e-07
191	  0.678662	  0.154303	  0.000144415	  1.18619e-06	  24	  3.01439e-07
192	  0.702481	  0.298142	  0.000133953	  1.97296e-06	  24	  5.01377e-07
193	  0.74048	  0.424264	  0.000119362	  1.51276e-06	  24	  3.8443e-07
194	  0.790617	  0.529813	  0.000103284	  1.65178e-06	  24	  4.19756e-07
195	  0.850747	  0.615457	  8.77505e-05	  1.23533e-06	  24	  3.13928e-07
196	  0.918912	  0.683763	  7.38245e-05	  1.72538e-06	  24	  4.38461e-07
197	  0.993459	  0.737865	  6.18957e-05	  1.52446e-06	  24	  3.87402e-07
198	  0.702481	  0	  0.000133953	  7.24098e-07	  12	  2.45234e-07
199	  0.710244	  0.147442	  0.000130793	  1.52154e-06	  24	  3.86659e-07
200	  0.733038	  0.285714	  0.000122002	  1.96732e-06	  24	  4.99943e-07
201	  0.76953	  0.408248	  0.00010966	  1.67266e-06	  24	  4.25064e-07
202	  0.817887	  0.512148	  9.58027e-05	  2.31581e-06	  24	  5.88503e-07
203	  0.876148	  0.597614	  8.21476e-05	  1.93877e-06	  24	  4.92688e-07
204	  0.942478	  0.666667	  6.97363e-05	  1.55818e-06	  24	  3.95971e-07
205	  0.733038	  0	  0.000122002	  1.33979e-06	  6	  6.13958e-07
206	  0.74048	  0.141421	  0.000119362	  1.28975e-06	  12	  4.36806e-07
207	  0.762371	  0.274721	  0.000111916	  1.01727e-06	  12	  3.44523e-07
208	  0.797522	  0.393919	  0.000101309	  1.41508e-06	  12	  4.79254e-07
209	  0.844278	  0.496139	  8.92337e-05	  1.72625e-06	  12	  5.84638e-07
210	  0.900833	  0.581238	  7.7197e-05	  1.82343e-06	  12	  6.17551e-07
211	  0.965468	  0.650791	  6.60351e-05	  1.52011e-06	  12	  5.14822e-07
212	  0.74048	  0	  0.000119362	  1.37923e-06	  18	  3.9405e-07
213	  0.747849	  0.140028	  0.000116753	  1.63963e-06	  36	  3.55253e-07
214	  0.76953	  0.272166	  0.00010966	  1.29358e-06	  36	  2.80277e-07
215	  0.804368	  0.390567	  9.94144e-05	  1.87584e-06	  36	  4.06432e-07
216	  0.850747	  0.492366	  8.77505e-05	  1.20997e-06	  36	  2.6216e-07
217	  0.9069	  0.57735	  7.60446e-05	  1.21356e-06	  36	  2.62938e-07
218	  0.971131	  0.646997	  6.51545e-05	  1.91211e-06	  36	  4.14291e-07
219	  0.755145	  0	  0.000114321	  8.43826e-07	  12	  2.85783e-07
220	  0.762371	  0.137361	  0.000111916	  1.63806e-06	  24	  4.16271e-07
221	  0.783651	  0.267261	  0.000105335	  1.40197e-06	  24	  3.56274e-07
222	  0.817887	  0.384111	  9.58027e-05	  1.50245e-06	  24	  3.81809e-07
223	  0.863541	  0.485071	  8.48614e-05	  8.29608e-07	  24	  2.10824e-07
224	  0.918912	  0.569803	  7.38245e-05	  1.39919e-06	  24	  3.55567e-07
225	  0.982358	  0.639602	  6.34989e-05	  1.01359e-06	  24	  2.57577e-07
226	  0.762371	  0	  0.000111916	  7.05708e-07	  12	  2.39006e-07
227	  0.76953	  0.136083	  0.00010966	  1.54392e-06	  24	  3.92347e-07
228	  0.790617	  0.264906	  0.000103284	  1.09873e-06	  24	  2.79215e-07
229	  0.824564	  0.381	  9.40695e-05	  1.13251e-06	  24	  2.87798e-07
230	  0.869868	  0.481543	  8.34996e-05	  8.12449e-07	  24	  2.06463e-07
231	  0.92486	  0.566139	  7.27641e-05	  1.50801e-06	  24	  3.83222e-07
232	  0.987924	  0.635999	  6.26782e-05	  1.07073e-06	  24	  2.721e-07
233	  0.797522	  0	  0.000101309	  1.23214e-06	  12	  4.17296e-07
234	  0.804368	  0.130189	  9.94144e-05	  1.55736e-06	  24	  3.95764e-07
235	  0.824564	  0.254	  9.40695e-05	  1.01546e-06	  24	  2.58052e-07
236	  0.857168	  0.366508	  8.62786e-05	  1.13919e-06	  24	  2.89495e-07
237	  0.900833	  0.464991	  7.7197e-05	  1.09639e-06	  24	  2.7862e-07
238	  0.954042	  0.548821	  6.78321e-05	  1.29417e-06	  24	  3.28879e-07
239	  0.817887	  0	  9.58027e-05	  8.82365e-07	  12	  2.98835e-07
240	  0.824564	  0.127	  9.40695e-05	  8.28016e-07	  24	  2.10419e-07
241	  0.844278	  0.248069	  8.92337e-05	  1.0393e-06	  24	  2.64111e-07
242	  0.876148	  0.358569	  8.21476e-05	  1.24799e-06	  24	  3.17146e-07
243	  0.918912	  0.455842	  7.38245e-05	  1.20381e-06	  24	  3.05916e-07
244	  0.971131	  0.539164	  6.51545e-05	  1.39718e-06	  24	  3.55056e-07
245	  0.837758	  0	  9.08132e-05	  1.14327e-06	  6	  5.23901e-07
246	  0.844278	  0.124035	  8.92337e-05	  1.49538e-06	  12	  5.06447e-07
247	  0.863541	  0.242536	  8.48614e-05	  4.8291e-07	  12	  1.6355e-07
248	  0.894726	  0.351123	  7.83672e-05	  9.3495e-07	  12	  3.16644e-07
249	  0.936642	  0.447214	  7.07132e-05	  1.04077e-06	  12	  3.52481e-07
250	  0.987924	  0.529999	  6.26782e-05	  1.60839e-06	  12	  5.44722e-07
251	  0.844278	  0	  8.92337e-05	  1.32012e-06	  24	  3.35475e-07
252	  0.850747	  0.123091	  8.77505e-05	  1.17005e-06	  48	  2.27385e-07
253	  0.869868	  0.240772	  8.34996e-05	  9.36974e-07	  48	  1.82089e-07
254	  0.900833	  0.348743	  7.7197e-05	  1.11741e-06	  48	  2.17155e-07
255	  0.942478	  0.444444	  6.97363e-05	  1.03832e-06	  48	  2.01785e-07
256	  0.993459	  0.527046	  6.18957e-05	  1.15853e-06	  48	  2.25146e-07
257	  0.863541	  0	  8.48614e-05	  5.97995e-07	  12	  2.02526e-07
258	  0.869868	  0.120386	  8.34996e-05	  1.01646e-06	  24	  2.58307e-07
259	  0.888577	  0.235702	  7.96115e-05	  9.43306e-07	  24	  2.39717e-07
260	  0.918912	  0.341882	  7.38245e-05	  1.04047e-06	  24	  2.64407e-07
261	  0.959772	  0.436436	  6.69309e-05	  1.00241e-06	  24	  2.54737e-07
262	  0.888577	  0	  7.96115e-05	  8.71156e-07	  6	  3.99206e-07
263	  0.894726	  0.117041	  7.83672e-05	  6.57687e-07	  12	  2.22742e-07
264	  0.912926	  0.229416	  7.48999e-05	  9.55104e-07	  12	  3.2347e-07
265	  0.942478	  0.333333	  6.97363e-05	  1.07371e-06	  12	  3.63639e-07
266	  0.982358	  0.426401	  6.34989e-05	  9.71775e-07	  12	  3.29116e-07
267	  0.894726	  0	  7.83672e-05	  6.6852e-07	  12	  2.26411e-07
268	  0.900833	  0.116248	  7.7197e-05	  7.99949e-07	  24	  2.03286e-07
269	  0.918912	  0.227921	  7.38245e-05	  1.0711e-06	  24	  2.72192e-07
270	  0.948278	  0.331295	  6.87654e-05	  1.04747e-06	  24	  2.66186e-07
271	  0.987924	  0.423999	  6.26782e-05	  9.40663e-07	  24	  2.39045e-07
272	  0.900833	  0	  7.7197e-05	  1.20245e-06	  12	  4.07239e-07
273	  0.9069	  0.11547	  7.60446e-05	  8.63678e-07	  24	  2.19482e-07
274	  0.92486	  0.226455	  7.27641e-05	  7.05009e-07	  24	  1.7916e-07
275	  0.954042	  0.329293	  6.78321e-05	  1.01729e-06	  24	  2.58518e-07
276	  0.993459	  0.421637	  6.18957e-05	  8.88502e-07	  24	  2.2579e-07
277	  0.936642	  0	  7.07132e-05	  6.68088e-07	  12	  2.26265e-07
278	  0.942478	  0.111111	  6.97363e-05	  8.73568e-07	  24	  2.21995e-07
279	  0.959772	  0.218218	  6.69309e-05	  8.0827e-07	  24	  2.05401e-07
280	  0.987924	  0.317999	  6.26782e-05	  7.51451e-07	  24	  1.90962e-07
281	  0.942478	  0	  6.97363e-05	  1.39131e-06	  6	  6.37566e-07
282	  0.948278	  0.110432	  6.87654e-05	  1.05629e-06	  12	  3.5774e-07
283	  0.965468	  0.21693	  6.60351e-05	  8.94464e-07	  12	  3.02933e-07
284	  0.993459	  0.316228	  6.18957e-05	  9.7877e-07	  12	  3.31485e-07
285	  0.948278	  0	  6.87654e-05	  9.44582e-07	  12	  3.19907e-07
286	  0.954042	  0.109764	  6.78321e-05	  7.54754e-07	  24	  1.91801e-07
287	  0.971131	  0.215666	  6.51545e-05	  6.53064e-07	  24	  1.65959e-07
288	  0.998963	  0.314485	  6.11335e-05	  7.44531e-07	  24	  1.89203e-07
289	  0.965468	  0	  6.60351e-05	  7.4933e-07	  24	  1.90423e-07
290	  0.971131	  0.107833	  6.51545e-05	  8.10692e-07	  48	  1.57548e-07
291	  0.987924	  0.212	  6.26782e-05	  8.78673e-07	  48	  1.70759e-07
292	  0.987924	  0	  6.26782e-05	  7.6523e-07	  12	  2.59164e-07
293	  0.993459	  0.105409	  6.18957e-05	  7.64335e-07	  24	  1.94236e-07
294	  0.993459	  0	  6.18957e-05	  6.79577e-07	  12	  2.30156e-07
295	  0.998963	  0.104828	  6.11335e-05	  6.70777e-07	  24	  1.70461e-07
296	  1.08818	  0.030936	  5.03103e-05	  6.39112e-07	  138	  8.63604e-08
297	  1.08818	  0.0938307	  5.03103e-05	  5.85906e-07	  252	  6.6204e-08
298	  1.08818	  0.156319	  5.03103e-05	  5.27018e-07	  72	  8.84605e-08
299	  1.08818	  0.218712	  5.03103e-05	  5.96522e-07	  216	  7.04143e-08
300	  1.08818	  0.281224	  5.03103e-05	  6.94405e-07	  288	  7.56384e-08
301	  1.08818	  0.343807	  5.03103e-05	  6.67303e-07	  120	  9.42814e-08
302	  1.08818	  0.406302	  5.03103e-05	  9.3031e-07	  180	  1.15857e-07
303	  1.08818	  0.468745	  5.03103e-05	  8.52694e-07	  180	  1.06191e-07
304	  1.08818	  0.531226	  5.03103e-05	  1.00244e-06	  192	  1.22466e-07
305	  1.08818	  0.593785	  5.03103e-05	  1.24472e-06	  192	  1.52066e-07
306	  1.08818	  0.656281	  5.03103e-05	  1.00528e-06	  168	  1.27823e-07
307	  1.08818	  0.718743	  5.03103e-05	  1.33468e-06	  228	  1.55125e-07
308	  1.08818	  0.781255	  5.03103e-05	  1.87458e-06	  144	  2.49943e-07
309	  1.08818	  0.843774	  5.03103e-05	  1.62472e-06	  240	  1.86112e-07
310	  1.08818	  0.90628	  5.03103e-05	  1.98458e-06	  168	  2.52342e-07
311	  1.08818	  0.968758	  5.03103e-05	  2.08318e-06	  150	  2.7425e-07
312	  1.25577	  0.030936	  3.61853e-05	  4.82801e-07	  198	  5.84513e-08
313	  1.25577	  0.0938307	  3.61853e-05	  5.07238e-07	  396	  5.08516e-08
314	  1.25577	  0.156319	  3.61853e-05	  4.82682e-07	  396	  4.83898e-08
315	  1.25577	  0.218712	  3.61853e-05	  4.49924e-07	  204	  5.39972e-08
316	  1.25577	  0.281224	  3.61853e-05	  5.41579e-07	  216	  6.39287e-08
317	  1.25577	  0.343807	  3.61853e-05	  5.36599e-07	  372	  5.46513e-08
318	  1.25577	  0.406302	  3.61853e-05	  6.14883e-07	  312	  6.55551e-08
319	  1.25577	  0.468745	  3.61853e-05	  6.01626e-07	  288	  6.55325e-08
320	  1.25577	  0.531226	  3.61853e-05	  7.89322e-07	  264	  8.80456e-08
321	  1.25577	  0.593785	  3.61853e-05	  7.66418e-07	  312	  8.17108e-08
322	  1.25577	  0.656281	  3.61853e-05	  8.00332e-07	  276	  8.81909e-08
323	  1.25577	  0.718743	  3.61853e-05	  9.25037e-07	  312	  9.86217e-08
324	  1.25577	  0.781255	  3.61853e-05	  1.09897e-06	  276	  1.21099e-07
325	  1.25577	  0.843774	  3.61853e-05	  1.08498e-06	  240	  1.24285e-07
326	  1.25577	  0.90628	  3.61853e-05	  1.22422e-06	  324	  1.29223e-07
327	  1.25577	  0.968758	  3.61853e-05	  1.43385e-06	  315	  1.52481e-07
328	  1.45182	  0.030936	  2.58127e-05	  3.49111e-07	  246	  3.9714e-08
329	  1.45182	  0.0938307	  2.58127e-05	  3.20625e-07	  516	  3.0146e-08
330	  1.45182	  0.156319	  2.58127e-05	  3.52812e-07	  504	  3.33561e-08
331	  1.45182	  0.218712	  2.58127e-05	  3.24582e-07	  528	  3.03547e-08
332	  1.45182	  0.281224	  2.58127e-05	  3.5302e-07	  504	  3.33757e-08
333	  1.45182	  0.343807	  2.58127e-05	  3.94806e-07	  384	  3.98876e-08
334	  1.45182	  0.406302	  2.58127e-05	  4.83814e-07	  420	  4.77984e-08
335	  1.45182	  0.468745	  2.58127e-05	  4.27205e-07	  468	  4.11078e-08
336	  1.45182	  0.531226	  2.58127e-05	  4.84491e-07	  480	  4.63384e-08
337	  1.45182	  0.593785	  2.58127e-05	  4.97375e-07	  468	  4.78599e-08
338	  1.45182	  0.656281	  2.58127e-05	  5.37153e-07	  396	  5.38506e-08
339	  1.45182	  0.718743	  2.58127e-05	  6.06782e-07	  456	  5.87543e-08
340	  1.45182	  0.781255	  2.58127e-05	  7.25509e-07	  432	  7.11815e-08
341	  1.45182	  0.843774	  2.58127e-05	  7.383e-07	  480	  7.06136e-08
342	  1.45182	  0.90628	  2.58127e-05	  8.41778e-07	  480	  8.05106e-08
343	  1.45182	  0.968758	  2.58127e-05	  9.98564e-07	  414	  9.9005e-08
344	  1.68148	  0.030936	  1.82704e-05	  2.39832e-07	  798	  2.04816e-08
345	  1.68148	  0.0938307	  1.82704e-05	  2.63929e-07	  708	  2.31155e-08
346	  1.68148	  0.156319	  1.82704e-05	  2.49932e-07	  684	  2.2053e-08
347	  1.68148	  0.218712	  1.82704e-05	  2.68231e-07	  720	  2.34079e-08
348	  1.68148	  0.281224	  1.82704e-05	  2.73364e-07	  708	  2.39418e-08
349	  1.68148	  0.343807	  1.82704e-05	  2.90275e-07	  720	  2.53317e-08
350	  1.68148	  0.406302	  1.82704e-05	  3.06752e-07	  672	  2.71708e-08
351	  1.68148	  0.468745	  1.82704e-05	  3.5653e-07	  732	  3.10042e-08
352	  1.68148	  0.531226	  1.82704e-05	  3.59104e-07	  672	  3.1808e-08
353	  1.68148	  0.593785	  1.82704e-05	  3.75299e-07	  708	  3.28695e-08
354	  1.68148	  0.656281	  1.82704e-05	  3.85095e-07	  744	  3.3373e-08
355	  1.68148	  0.718743	  1.82704e-05	  4.74623e-07	  744	  4.11317e-08
356	  1.68148	  0.781255	  1.82704e-05	  5.23497e-07	  696	  4.60179e-08
357	  1.68148	  0.843774	  1.82704e-05	  5.20936e-07	  708	  4.56248e-08
358	  1.68148	  0.90628	  1.82704e-05	  5.60617e-07	  696	  4.92809e-08
359	  1.68148	  0.968758	  1.82704e-05	  6.69727e-07	  741	  5.80894e-08
360	  1.94819	  0.030936	  1.2868e-05	  1.76626e-07	  1368	  1.36067e-08
361	  1.94819	  0.0938307	  1.2868e-05	  1.77173e-07	  924	  1.46872e-08
362	  1.94819	  0.156319	  1.2868e-05	  1.85742e-07	  972	  1.52448e-08
363	  1.94819	  0.218712	  1.2868e-05	  2.02268e-07	  972	  1.66012e-08
364	  1.94819	  0.281224	  1.2868e-05	  1.83499e-07	  1200	  1.44721e-08
365	  1.94819	  0.343807	  1.2868e-05	  2.00885e-07	  1140	  1.5994e-08
366	  1.94819	  0.406302	  1.2868e-05	  2.14496e-07	  1080	  1.72517e-08
367	  1.94819	  0.468745	  1.2868e-05	  2.37963e-07	  1068	  1.91797e-08
368	  1.94819	  0.531226	  1.2868e-05	  2.26113e-07	  1164	  1.79331e-08
369	  1.94819	  0.593785	  1.2868e-05	  2.73022e-07	  1188	  2.15723e-08
370	  1.94819	  0.656281	  1.2868e-05	  2.77302e-07	  1068	  2.23504e-08
371	  1.94819	  0.718743	  1.2868e-05	  3.01427e-07	  1008	  2.45654e-08
372	  1.94819	  0.781255	  1.2868e-05	  3.28337e-07	  1164	  2.60406e-08
373	  1.94819	  0.843774	  1.2868e-05	  3.42615e-07	  1176	  2.71216e-08
374	  1.94819	  0.90628	  1.2868e-05	  3.62933e-07	  1080	  2.91903e-08
375	  1.94819	  0.968758	  1.2868e-05	  3.93807e-07	  1038	  3.19136e-08
376	  2.25604	  0.030936	  9.04471e-06	  1.33804e-07	  1896	  9.76307e-09
377	  2.25604	  0.0938307	  9.04471e-06	  1.35317e-07	  1272	  1.05599e-08
378	  2.25604	  0.156319	  9.04471e-06	  1.30846e-07	  2040	  9.43926e-09
379	  2.25604	  0.218712	  9.04471e-06	  1.40852e-07	  1740	  1.04193e-08
380	  2.25604	  0.281224	  9.04471e-06	  1.44019e-07	  1584	  1.08196e-08
381	  2.25604	  0.343807	  9.04471e-06	  1.44955e-07	  1764	  1.0699e-08
382	  2.25604	  0.406302	  9.04471e-06	  1.51791e-07	  1632	  1.13469e-08
383	  2.25604	  0.468745	  9.04471e-06	  1.61745e-07	  1860	  1.18376e-08
384	  2.25604	  0.531226	  9.04471e-06	  1.73269e-07	  1560	  1.30504e-08
385	  2.25604	  0.593785	  9.04471e-06	  1.82883e-07	  1692	  1.35902e-08
386	  2.25604	  0.656281	  9.04471e-06	  1.95691e-07	  1704	  1.45252e-08
387	  2.25604	  0.718743	  9.04471e-06	  2.0574e-07	  1824	  1.51043e-08
388	  2.25604	  0.781255	  9.04471e-06	  2.11863e-07	  1668	  1.57807e-08
389	  2.25604	  0.843774	  9.04471e-06	  2.23294e-07	  1680	  1.66125e-08
390	  2.25604	  0.90628	  9.04471e-06	  2.39317e-07	  1776	  1.76446e-08
391	  2.25604	  0.968758	  9.04471e-06	  2.45791e-07	  1656	  1.83295e-08
392	  2.61216	  0.030936	  6.3402e-06	  9.94124e-08	  2586	  6.92553e-09
393	  2.61216	  0.0938307	  6.3402e-06	  9.63592e-08	  3036	  6.56677e-09
394	  2.61216	  0.156319	  6.3402e-06	  1.03416e-07	  2124	  7.41476e-09
395	  2.61216	  0.218712	  6.3402e-06	  9.75336e-08	  2940	  6.67547e-09
396	  2.61216	  0.281224	  6.3402e-06	  1.0148e-07	  2616	  7.05811e-09
397	  2.61216	  0.343807	  6.3402e-06	  1.08695e-07	  2448	  7.63165e-09
398	  2.61216	  0.406302	  6.3402e-06	  1.13259e-07	  2916	  7.76035e-09
399	  2.61216	  0.468745	  6.3402e-06	  1.13978e-07	  2544	  7.95868e-09
400	  2.61216	  0.531226	  6.3402e-06	  1.21728e-07	  2652	  8.45017e-09
401	  2.61216	  0.593785	  6.3402e-06	  1.25542e-07	  2748	  8.67195e-09
402	  2.61216	  0.656281	  6.3402e-06	  1.30429e-07	  2676	  9.0428e-09
403	  2.61216	  0.718743	  6.3402e-06	  1.35594e-07	  2472	  9.50691e-09
404	  2.61216	  0.781255	  6.3402e-06	  1.40301e-07	  2616	  9.75816e-09
405	  2.61216	  0.843774	  6.3402e-06	  1.44623e-07	  2736	  9.99604e-09
406	  2.61216	  0.90628	  6.3402e-06	  1.4993e-07	  2568	  1.04552e-08
407	  2.61216	  0.968758	  6.3402e-06	  1.54362e-07	  2745	  1.06644e-08
408	  3.02645	  0.030936	  4.42237e-06	  7.77278e-08	  3414	  5.21668e-09
409	  3.02645	  0.0938307	  4.42237e-06	  7.36715e-08	  4512	  4.78035e-09
410	  3.02645	  0.156319	  4.42237e-06	  7.40323e-08	  4632	  4.78938e-09
411	  3.02645	  0.218712	  4.42237e-06	  6.99077e-08	  3972	  4.60461e-09
412	  3.02645	  0.281224	  4.42237e-06	  7.34515e-08	  4176	  4.80921e-09
413	  3.02645	  0.343807	  4.42237e-06	  7.9465e-08	  4344	  5.17893e-09
414	  3.02645	  0.406302	  4.42237e-06	  8.10536e-08	  4044	  5.32726e-09
415	  3.02645	  0.468745	  4.42237e-06	  8.16928e-08	  4092	  5.36171e-09
416	  3.02645	  0.531226	  4.42237e-06	  8.63295e-08	  4296	  5.6336e-09
417	  3.02645	  0.593785	  4.42237e-06	  8.904e-08	  3996	  5.86055e-09
418	  3.02645	  0.656281	  4.42237e-06	  8.78624e-08	  4188	  5.75081e-09
419	  3.02645	  0.718743	  4.42237e-06	  9.56267e-08	  4212	  6.25478e-09
420	  3.02645	  0.781255	  4.42237e-06	  9.24929e-08	  4140	  6.06215e-09
421	  3.02645	  0.843774	  4.42237e-06	  9.35663e-08	  4128	  6.13461e-09
422	  3.02645	  0.90628	  4.42237e-06	  9.54759e-08	  4188	  6.24913e-09
423	  3.02645	  0.968758	  4.42237e-06	  9.14809e-08	  4128	  5.99788e-09
424	  3.50419	  0.030936	  3.0819e-06	  5.38492e-08	  7002	  3.33599e-09
425	  3.50419	  0.0938307	  3.0819e-06	  5.4205e-08	  6240	  3.39645e-09
426	  3.50419	  0.156319	  3.0819e-06	  5.24071e-08	  5964	  3.29897e-09
427	  3.50419	  0.218712	  3.0819e-06	  5.43241e-08	  6180	  3.40724e-09
428	  3.50419	  0.281224	  3.0819e-06	  5.35933e-08	  6420	  3.34854e-09
429	  3.50419	  0.343807	  3.0819e-06	  5.51903e-08	  6516	  3.44323e-09
430	  3.50419	  0.406302	  3.0819e-06	  5.83632e-08	  6312	  3.65277e-09
431	  3.50419	  0.468745	  3.0819e-06	  5.82893e-08	  6276	  3.65025e-09
432	  3.50419	  0.531226	  3.0819e-06	  5.93502e-08	  6360	  3.71172e-09
433	  3.50419	  0.593785	  3.0819e-06	  6.08402e-08	  6408	  3.80204e-09
434	  3.50419	  0.656281	  3.0819e-06	  6.28647e-08	  6360	  3.93151e-09
435	  3.50419	  0.718743	  3.0819e-06	  6.08545e-08	  6336	  3.80724e-09
436	  3.50419	  0.781255	  3.0819e-06	  5.87817e-08	  6372	  3.67547e-09
437	  3.50419	  0.843774	  3.0819e-06	  6.1138e-08	  6456	  3.8178e-09
438	  3.50419	  0.90628	  3.0819e-06	  5.88548e-08	  6360	  3.68074e-09
439	  3.50419	  0.968758	  3.0819e-06	  5.75288e-08	  6327	  3.59969e-09
440	  4.05763	  0.030936	  2.14162e-06	  3.99121e-08	  10392	  2.38712e-09
441	  4.05763	  0.0938307	  2.14162e-06	  3.92403e-08	  9420	  2.36632e-09
442	  4.05763	  0.156319	  2.14162e-06	  3.96997e-08	  10176	  2.37853e-09
443	  4.05763	  0.218712	  2.14162e-06	  3.88431e-08	  10260	  2.32563e-09
444	  4.05763	  0.281224	  2.14162e-06	  3.81168e-08	  9528	  2.29634e-09
445	  4.05763	  0.343807	  2.14162e-06	  3.89648e-08	  10140	  2.33519e-09
446	  4.05763	  0.406302	  2.14162e-06	  4.06411e-08	  9960	  2.43928e-09
447	  4.05763	  0.468745	  2.14162e-06	  4.07263e-08	  10068	  2.4422e-09
448	  4.05763	  0.531226	  2.14162e-06	  4.11935e-08	  9996	  2.47169e-09
449	  4.05763	  0.593785	  2.14162e-06	  3.99899e-08	  9828	  2.40288e-09
450	  4.05763	  0.656281	  2.14162e-06	  3.94168e-08	  10032	  2.36438e-09
451	  4.05763	  0.718743	  2.14162e-06	  3.98395e-08	  9924	  2.39189e-09
452	  4.05763	  0.781255	  2.14162e-06	  3.7675e-08	  10116	  2.25833e-09
453	  4.05763	  0.843774	  2.14162e-06	  3.77405e-08	  9888	  2.26656e-09
454	  4.05763	  0.90628	  2.14162e-06	  3.70697e-08	  10008	  2.22403e-09
455	  4.05763	  0.968758	  2.14162e-06	  3.32748e-08	  9978	  1.99686e-09
456	  4.69917	  0.030936	  1.48334e-06	  2.94096e-08	  13626	  1.72242e-09
457	  4.69917	  0.0938307	  1.48334e-06	  2.94971e-08	  16392	  1.70525e-09
458	  4.69917	  0.156319	  1.48334e-06	  2.87184e-08	  15708	  1.66506e-09
459	  4.69917	  0.218712	  1.48334e-06	  2.79896e-08	  15432	  1.62479e-09
460	  4.69917	  0.281224	  1.48334e-06	  2.75339e-08	  15780	  1.59588e-09
461	  4.69917	  0.343807	  1.48334e-06	  2.75736e-08	  15300	  1.6016e-09
462	  4.69917	  0.406302	  1.48334e-06	  2.71953e-08	  15588	  1.57759e-09
463	  4.69917	  0.468745	  1.48334e-06	  2.74826e-08	  15396	  1.59562e-09
464	  4.69917	  0.531226	  1.48334e-06	  2.73623e-08	  15504	  1.58786e-09
465	  4.69917	  0.593785	  1.48334e-06	  2.66053e-08	  15660	  1.54287e-09
466	  4.69917	  0.656281	  1.48334e-06	  2.59198e-08	  15192	  1.50628e-09
467	  4.69917	  0.718743	  1.48334e-06	  2.51401e-08	  15600	  1.45828e-09
468	  4.69917	  0.781255	  1.48334e-06	  2.40614e-08	  15216	  1.39813e-09
469	  4.69917	  0.843774	  1.48334e-06	  2.31858e-08	  15516	  1.34542e-09
470	  4.69917	  0.90628	  1.48334e-06	  2.19596e-08	  15540	  1.27414e-09
471	  4.69917	  0.968758	  1.48334e-06	  2.04321e-08	  15405	  1.18622e-09
472	  5.4432	  0.030936	  1.02479e-06	  2.17073e-08	  26250	  1.21935e-09
473	  5.4432	  0.0938307	  1.02479e-06	  2.13622e-08	  22392	  1.21087e-09
474	  5.4432	  0.156319	  1.02479e-06	  2.04589e-08	  24516	  1.15361e-09
475	  5.4432	  0.218712	  1.02479e-06	  2.0105e-08	  23592	  1.13614e-09
476	  5.4432	  0.281224	  1.02479e-06	  1.94364e-08	  24264	  1.0966e-09
477	  5.4432	  0.343807	  1.02479e-06	  1.92931e-08	  23928	  1.08938e-09
478	  5.4432	  0.406302	  1.02479e-06	  1.90118e-08	  24120	  1.07301e-09
479	  5.4432	  0.468745	  1.02479e-06	  1.83033e-08	  23964	  1.0334e-09
480	  5.4432	  0.531226	  1.02479e-06	  1.79993e-08	  24060	  1.01601e-09
481	  5.4432	  0.593785	  1.02479e-06	  1.74036e-08	  24108	  9.82268e-10
482	  5.4432	  0.656281	  1.02479e-06	  1.67925e-08	  24228	  9.47508e-10
483	  5.4432	  0.718743	  1.02479e-06	  1.5753e-08	  24144	  8.8903e-10
484	  5.4432	  0.781255	  1.02479e-06	  1.48933e-08	  23940	  8.40922e-10
485	  5.4432	  0.843774	  1.02479e-06	  1.38701e-08	  24192	  7.82678e-10
486	  5.4432	  0.90628	  1.02479e-06	  1.30104e-08	  23988	  7.34525e-10
487	  5.4432	  0.968758	  1.02479e-06	  1.18868e-08	  24141	  6.70847e-10
488	  6.30378	  0.030936	  7.06823e-07	  1.57346e-08	  35082	  8.70734e-10
489	  6.30378	  0.0938307	  7.06823e-07	  1.52513e-08	  39108	  8.39684e-10
490	  6.30378	  0.156319	  7.06823e-07	  1.47529e-08	  36924	  8.14423e-10
491	  6.30378	  0.218712	  7.06823e-07	  1.42831e-08	  37692	  7.87727e-10
492	  6.30378	  0.281224	  7.06823e-07	  1.36028e-08	  37092	  7.50768e-10
493	  6.30378	  0.343807	  7.06823e-07	  1.33576e-08	  37536	  7.36828e-10
494	  6.30378	  0.406302	  7.06823e-07	  1.26976e-08	  36984	  7.00904e-10
495	  6.30378	  0.468745	  7.06823e-07	  1.22294e-08	  37428	  6.74684e-10
496	  6.30378	  0.531226	  7.06823e-07	  1.16076e-08	  37392	  6.40407e-10
497	  6.30378	  0.593785	  7.06823e-07	  1.0958e-08	  37200	  6.04717e-10
498	  6.30378	  0.656281	  7.06823e-07	  1.03222e-08	  36924	  5.69828e-10
499	  6.30378	  0.718743	  7.06823e-07	  9.54782e-09	  37272	  5.26846e-10
500	  6.30378	  0.781255	  7.06823e-07	  8.78773e-09	  37284	  4.84897e-10
501	  6.30378	  0.843774	  7.06823e-07	  7.91425e-09	  37188	  4.36752e-10
502	  6.30378	  0.90628	  7.06823e-07	  7.37478e-09	  37320	  4.06914e-10
503	  6.30378	  0.968758	  7.06823e-07	  6.54281e-09	  37119	  3.611e-10
504	  7.30029	  0.030936	  4.86302e-07	  1.12776e-08	  60258	  6.09824e-10
505	  7.30029	  0.0938307	  4.86302e-07	  1.08031e-08	  56916	  5.85438e-10
506	  7.30029	  0.156319	  4.86302e-07	  1.02403e-08	  56820	  5.54975e-10
507	  7.30029	  0.218712	  4.86302e-07	  9.81652e-09	  58716	  5.31338e-10
508	  7.30029	  0.281224	  4.86302e-07	  9.29352e-09	  57840	  5.03319e-10
509	  7.30029	  0.343807	  4.86302e-07	  8.83353e-09	  57612	  4.78479e-10
510	  7.30029	  0.406302	  4.86302e-07	  8.41259e-09	  58464	  4.55422e-10
511	  7.30029	  0.468745	  4.86302e-07	  7.86054e-09	  57948	  4.25681e-10
512	  7.30029	  0.531226	  4.86302e-07	  7.34385e-09	  57708	  3.97763e-10
513	  7.30029	  0.593785	  4.86302e-07	  6.7182e-09	  58236	  3.63749e-10
514	  7.30029	  0.656281	  4.86302e-07	  6.15549e-09	  58008	  3.33332e-10
515	  7.30029	  0.718743	  4.86302e-07	  5.55523e-09	  58200	  3.00789e-10
516	  7.30029	  0.781255	  4.86302e-07	  4.93063e-09	  58128	  2.66982e-10
517	  7.30029	  0.843774	  4.86302e-07	  4.42341e-09	  57972	  2.39542e-10
518	  7.30029	  0.90628	  4.86302e-07	  3.9288e-09	  57960	  2.12759e-10
519	  7.30029	  0.968758	  4.86302e-07	  3.45408e-09	  58122	  1.87031e-10
520	  8.455	  0.030936	  3.33992e-07	  7.90485e-09	  90198	  4.21563e-10
521	  8.455	  0.0938307	  3.33992e-07	  7.64569e-09	  89292	  4.07871e-10
522	  8.455	  0.156319	  3.33992e-07	  7.17149e-09	  90804	  3.82374e-10
523	  8.455	  0.218712	  3.33992e-07	  6.64701e-09	  89628	  3.54553e-10
524	  8.455	  0.281224	  3.33992e-07	  6.22726e-09	  89844	  3.32139e-10
525	  8.455	  0.343807	  3.33992e-07	  5.768e-09	  90636	  3.07559e-10
526	  8.455	  0.406302	  3.33992e-07	  5.33613e-09	  89628	  2.8463e-10
527	  8.455	  0.468745	  3.33992e-07	  4.87417e-09	  89772	  2.59976e-10
528	  8.455	  0.531226	  3.33992e-07	  4.3873e-09	  90324	  2.33963e-10
529	  8.455	  0.593785	  3.33992e-07	  3.88917e-09	  89784	  2.07438e-10
530	  8.455	  0.656281	  3.33992e-07	  3.46266e-09	  90216	  1.84662e-10
531	  8.455	  0.718743	  3.33992e-07	  3.04944e-09	  89796	  1.62648e-10
532	  8.455	  0.781255	  3.33992e-07	  2.66446e-09	  90120	  1.42099e-10
533	  8.455	  0.843774	  3.33992e-07	  2.30124e-09	  90132	  1.22727e-10
534	  8.455	  0.90628	  3.33992e-07	  1.98454e-09	  89916	  1.05845e-10
535	  8.455	  0.968758	  3.33992e-07	  1.70715e-09	  89964	  9.10494e-11
536	  9.79129	  0.030936	  2.28926e-07	  5.45991e-09	  139068	  2.87636e-10
537	  9.79129	  0.0938307	  2.28926e-07	  5.17899e-09	  141180	  2.72733e-10
538	  9.79129	  0.156319	  2.28926e-07	  4.85719e-09	  139380	  2.5587e-10
539	  9.79129	  0.218712	  2.28926e-07	  4.44713e-09	  138804	  2.34293e-10
540	  9.79129	  0.281224	  2.28926e-07	  4.0005e-09	  140952	  2.1068e-10
541	  9.79129	  0.343807	  2.28926e-07	  3.63955e-09	  139668	  1.91716e-10
542	  9.79129	  0.406302	  2.28926e-07	  3.24261e-09	  139464	  1.70813e-10
543	  9.79129	  0.468745	  2.28926e-07	  2.87704e-09	  139812	  1.51546e-10
544	  9.79129	  0.531226	  2.28926e-07	  2.49887e-09	  139884	  1.31625e-10
545	  9.79129	  0.593785	  2.28926e-07	  2.15955e-09	  140184	  1.13745e-10
546	  9.79129	  0.656281	  2.28926e-07	  1.84804e-09	  139404	  9.73518e-11
547	  9.79129	  0.718743	  2.28926e-07	  1.58902e-09	  139932	  8.36989e-11
548	  9.79129	  0.781255	  2.28926e-07	  1.33755e-09	  139980	  7.04526e-11
549	  9.79129	  0.843774	  2.28926e-07	  1.12046e-09	  139632	  5.90214e-11
550	  9.79129	  0.90628	  2.28926e-07	  9.43624e-10	  140088	  4.97023e-11
551	  9.79129	  0.968758	  2.28926e-07	  7.81416e-10	  139623	  4.11621e-11
