#n	   k	      mu	    PL	    Pf	     w	     err  
0	  0.10472	  1	  0.00318644	  0.000235982	  3	  0.000148043
1	  0.20944	  1	  0.00113186	  6.95208e-05	  3	  4.36139e-05
2	  0.314159	  1	  0.000530162	  6.35253e-05	  3	  3.98526e-05
3	  0.418879	  1	  0.000297132	  1.18078e-05	  3	  7.40761e-06
4	  0.523599	  1	  0.000187846	  3.71867e-06	  3	  2.33291e-06
5	  0.628319	  1	  0.000127281	  2.02645e-05	  3	  1.2713e-05
6	  0.733038	  1	  9.09973e-05	  7.96361e-06	  3	  4.99598e-06
7	  0.837758	  1	  6.77346e-05	  6.60339e-06	  3	  4.14264e-06
8	  0.942478	  1	  5.2014e-05	  1.07121e-06	  3	  6.72023e-07
9	  0.10472	  0	  0.00318644	  4.55485e-05	  6	  2.08725e-05
10	  0.148096	  0.707107	  0.00202633	  6.07286e-05	  12	  2.05673e-05
11	  0.23416	  0.894427	  0.000896586	  6.91951e-05	  12	  2.34347e-05
12	  0.331153	  0.948683	  0.000480108	  2.87133e-05	  12	  9.72447e-06
13	  0.431771	  0.970143	  0.000279626	  1.63871e-05	  12	  5.5499e-06
14	  0.533968	  0.980581	  0.000180172	  9.91673e-06	  12	  3.35855e-06
15	  0.636985	  0.986394	  0.000123549	  6.97365e-06	  12	  2.3618e-06
16	  0.74048	  0.989949	  8.90285e-05	  8.39491e-06	  12	  2.84315e-06
17	  0.844278	  0.992278	  6.65565e-05	  4.34967e-06	  12	  1.47313e-06
18	  0.948278	  0.993884	  5.12899e-05	  4.12099e-06	  12	  1.39568e-06
19	  0.148096	  0	  0.00202633	  2.43706e-05	  6	  1.11678e-05
20	  0.18138	  0.57735	  0.00143755	  3.05252e-05	  12	  1.03381e-05
21	  0.25651	  0.816497	  0.000789091	  3.4596e-05	  12	  1.17168e-05
22	  0.347316	  0.904534	  0.000432448	  2.01622e-05	  12	  6.82843e-06
23	  0.444288	  0.942809	  0.000264342	  1.21632e-05	  12	  4.11938e-06
24	  0.54414	  0.96225	  0.000173018	  1.24771e-05	  12	  4.22568e-06
25	  0.645536	  0.973329	  0.000120074	  6.98075e-06	  12	  2.3642e-06
26	  0.747849	  0.980196	  8.7082e-05	  5.17433e-06	  12	  1.75242e-06
27	  0.850747	  0.984732	  6.54503e-05	  5.32518e-06	  12	  1.80351e-06
28	  0.954042	  0.987878	  5.05938e-05	  3.56471e-06	  12	  1.20728e-06
29	  0.20944	  0	  0.00113186	  1.56103e-05	  6	  7.15341e-06
30	  0.23416	  0.447214	  0.000896586	  2.38017e-05	  12	  8.06103e-06
31	  0.296192	  0.707107	  0.000583836	  2.77397e-05	  12	  9.39473e-06
32	  0.377572	  0.83205	  0.000367961	  1.86948e-05	  12	  6.33147e-06
33	  0.468321	  0.894427	  0.000237171	  1.42598e-05	  12	  4.82942e-06
34	  0.563933	  0.928477	  0.000160374	  5.9527e-06	  12	  2.01603e-06
35	  0.662306	  0.948683	  0.000113564	  6.19652e-06	  12	  2.09861e-06
36	  0.762371	  0.961524	  8.34745e-05	  5.41104e-06	  12	  1.83259e-06
37	  0.863541	  0.970143	  6.32954e-05	  1.85685e-06	  12	  6.28867e-07
38	  0.965468	  0.976187	  4.92534e-05	  2.91545e-06	  12	  9.87392e-07
39	  0.23416	  0	  0.000896586	  1.52102e-05	  12	  5.1513e-06
40	  0.25651	  0.408248	  0.000789091	  1.44688e-05	  24	  3.67687e-06
41	  0.314159	  0.666667	  0.000530162	  1.93126e-05	  24	  4.90779e-06
42	  0.391825	  0.801784	  0.000342588	  1.41928e-05	  24	  3.60673e-06
43	  0.479886	  0.872872	  0.000225102	  1.65787e-05	  24	  4.21304e-06
44	  0.573574	  0.912871	  0.000154786	  7.27762e-06	  24	  1.84942e-06
45	  0.670534	  0.937043	  0.00011059	  5.3321e-06	  24	  1.35502e-06
46	  0.76953	  0.952579	  8.17918e-05	  4.93829e-06	  24	  1.25494e-06
47	  0.869868	  0.963087	  6.22796e-05	  4.12125e-06	  24	  1.04731e-06
48	  0.971131	  0.970495	  4.85967e-05	  3.18839e-06	  24	  8.10246e-07
49	  0.296192	  0	  0.000583836	  8.79337e-06	  6	  4.02955e-06
50	  0.314159	  0.333333	  0.000530162	  1.08468e-05	  12	  3.67355e-06
51	  0.36276	  0.57735	  0.000395819	  9.16173e-06	  12	  3.10285e-06
52	  0.431771	  0.727607	  0.000279626	  1.11564e-05	  12	  3.77841e-06
53	  0.51302	  0.816497	  0.000196023	  1.06717e-05	  12	  3.61425e-06
54	  0.601569	  0.870388	  0.000139764	  8.02799e-06	  12	  2.71888e-06
55	  0.694632	  0.904534	  0.000102402	  7.39709e-06	  12	  2.50521e-06
56	  0.790617	  0.927173	  7.70364e-05	  3.97558e-06	  12	  1.34643e-06
57	  0.888577	  0.942809	  5.93796e-05	  3.35509e-06	  12	  1.13629e-06
58	  0.987924	  0.953998	  4.67496e-05	  1.66527e-06	  12	  5.63985e-07
59	  0.314159	  0	  0.000530162	  1.17225e-05	  6	  5.37184e-06
60	  0.331153	  0.316228	  0.000480108	  8.87304e-06	  12	  3.00508e-06
61	  0.377572	  0.5547	  0.000367961	  1.22116e-05	  12	  4.13576e-06
62	  0.444288	  0.707107	  0.000264342	  6.45179e-06	  12	  2.18506e-06
63	  0.523599	  0.8	  0.000187846	  9.86651e-06	  12	  3.34154e-06
64	  0.610616	  0.857493	  0.000135349	  4.05967e-06	  12	  1.37491e-06
65	  0.702481	  0.894427	  9.99109e-05	  4.90796e-06	  12	  1.6622e-06
66	  0.797522	  0.919145	  7.55632e-05	  4.50163e-06	  12	  1.52459e-06
67	  0.894726	  0.936329	  5.84516e-05	  2.0151e-06	  12	  6.82463e-07
68	  0.993459	  0.948683	  4.6166e-05	  2.59713e-06	  12	  8.79583e-07
69	  0.331153	  0	  0.000480108	  7.13522e-06	  12	  2.41652e-06
70	  0.347316	  0.301511	  0.000432448	  6.69713e-06	  24	  1.7019e-06
71	  0.391825	  0.534522	  0.000342588	  7.12301e-06	  24	  1.81013e-06
72	  0.456463	  0.688247	  0.000250328	  1.16508e-05	  24	  2.96075e-06
73	  0.533968	  0.784465	  0.000180172	  5.97677e-06	  24	  1.51884e-06
74	  0.61953	  0.845154	  0.000131211	  4.91097e-06	  24	  1.248e-06
75	  0.710244	  0.884652	  9.7554e-05	  6.75294e-06	  24	  1.71609e-06
76	  0.804368	  0.911322	  7.415e-05	  4.08084e-06	  24	  1.03704e-06
77	  0.900833	  0.929981	  5.75788e-05	  3.18762e-06	  24	  8.10051e-07
78	  0.998963	  0.943456	  4.55975e-05	  2.1165e-06	  24	  5.37854e-07
79	  0.377572	  0	  0.000367961	  5.88092e-06	  12	  1.99172e-06
80	  0.391825	  0.267261	  0.000342588	  4.67886e-06	  24	  1.18901e-06
81	  0.431771	  0.485071	  0.000279626	  7.32575e-06	  24	  1.86165e-06
82	  0.491179	  0.639602	  0.000214331	  5.34683e-06	  24	  1.35876e-06
83	  0.563933	  0.742781	  0.000160374	  6.95612e-06	  24	  1.76772e-06
84	  0.645536	  0.811107	  0.000120074	  5.61015e-06	  24	  1.42567e-06
85	  0.733038	  0.857143	  9.09973e-05	  5.03923e-06	  24	  1.28059e-06
86	  0.824564	  0.889001	  7.01634e-05	  2.20927e-06	  24	  5.6143e-07
87	  0.918912	  0.911685	  5.50633e-05	  3.15023e-06	  24	  8.00549e-07
88	  0.418879	  0	  0.000297132	  1.4954e-06	  6	  6.85262e-07
89	  0.431771	  0.242536	  0.000279626	  3.53843e-06	  12	  1.19838e-06
90	  0.468321	  0.447214	  0.000237171	  5.6583e-06	  12	  1.91633e-06
91	  0.523599	  0.6	  0.000187846	  5.62521e-06	  12	  1.90512e-06
92	  0.592384	  0.707107	  0.000144495	  2.75935e-06	  12	  9.34524e-07
93	  0.670534	  0.780869	  0.00011059	  5.6895e-06	  12	  1.92689e-06
94	  0.755145	  0.83205	  8.52683e-05	  3.32869e-06	  12	  1.12734e-06
95	  0.844278	  0.868243	  6.65565e-05	  3.11626e-06	  12	  1.0554e-06
96	  0.936642	  0.894427	  5.27427e-05	  1.77703e-06	  12	  6.01836e-07
97	  0.431771	  0	  0.000279626	  3.3627e-06	  12	  1.13886e-06
98	  0.444288	  0.235702	  0.000264342	  1.98176e-06	  24	  5.03612e-07
99	  0.479886	  0.436436	  0.000225102	  6.63888e-06	  24	  1.6871e-06
100	  0.533968	  0.588348	  0.000180172	  3.41988e-06	  24	  8.69074e-07
101	  0.601569	  0.696311	  0.000139764	  3.1366e-06	  24	  7.97085e-07
102	  0.678662	  0.771517	  0.000107714	  3.24717e-06	  24	  8.25185e-07
103	  0.762371	  0.824163	  8.34745e-05	  4.56098e-06	  24	  1.15906e-06
104	  0.850747	  0.86164	  6.54503e-05	  3.92214e-06	  24	  9.9671e-07
105	  0.942478	  0.888889	  5.2014e-05	  3.26625e-06	  24	  8.30033e-07
106	  0.444288	  0	  0.000264342	  2.83127e-06	  6	  1.29742e-06
107	  0.456463	  0.229416	  0.000250328	  5.00922e-06	  12	  1.6965e-06
108	  0.491179	  0.426401	  0.000214331	  4.37511e-06	  12	  1.48174e-06
109	  0.54414	  0.57735	  0.000173018	  1.66321e-06	  12	  5.63288e-07
110	  0.610616	  0.685994	  0.000135349	  5.96422e-06	  12	  2.01993e-06
111	  0.686693	  0.762493	  0.000105	  3.62967e-06	  12	  1.22928e-06
112	  0.76953	  0.816497	  8.17918e-05	  3.13302e-06	  12	  1.06107e-06
113	  0.857168	  0.855186	  6.43524e-05	  1.8326e-06	  12	  6.20654e-07
114	  0.948278	  0.883452	  5.12899e-05	  1.58048e-06	  12	  5.35268e-07
115	  0.468321	  0	  0.000237171	  3.64787e-06	  12	  1.23544e-06
116	  0.479886	  0.218218	  0.000225102	  5.07095e-06	  24	  1.28865e-06
117	  0.51302	  0.408248	  0.000196023	  5.34609e-06	  24	  1.35857e-06
118	  0.563933	  0.557086	  0.000160374	  4.77073e-06	  24	  1.21236e-06
119	  0.628319	  0.666667	  0.000127281	  3.27317e-06	  24	  8.31792e-07
120	  0.702481	  0.745356	  9.99109e-05	  4.21318e-06	  24	  1.07067e-06
121	  0.783651	  0.801784	  7.85657e-05	  3.41061e-06	  24	  8.6672e-07
122	  0.869868	  0.842701	  6.22796e-05	  2.20284e-06	  24	  5.59795e-07
123	  0.959772	  0.872872	  4.99216e-05	  2.27007e-06	  24	  5.7688e-07
124	  0.523599	  0	  0.000187846	  2.59018e-06	  18	  7.40019e-07
125	  0.533968	  0.196116	  0.000180172	  2.3031e-06	  36	  4.99006e-07
126	  0.563933	  0.371391	  0.000160374	  2.4314e-06	  36	  5.26803e-07
127	  0.610616	  0.514496	  0.000135349	  2.83513e-06	  36	  6.14278e-07
128	  0.670534	  0.624695	  0.00011059	  2.98219e-06	  36	  6.46141e-07
129	  0.74048	  0.707107	  8.90285e-05	  3.07302e-06	  36	  6.65821e-07
130	  0.817887	  0.768221	  7.14561e-05	  2.78263e-06	  36	  6.02904e-07
131	  0.900833	  0.813733	  5.75788e-05	  2.54504e-06	  36	  5.51425e-07
132	  0.987924	  0.847998	  4.67496e-05	  2.05947e-06	  36	  4.46219e-07
133	  0.533968	  0	  0.000180172	  2.33333e-06	  12	  7.90242e-07
134	  0.54414	  0.19245	  0.000173018	  3.72359e-06	  24	  9.46253e-07
135	  0.573574	  0.365148	  0.000154786	  2.56165e-06	  24	  6.50978e-07
136	  0.61953	  0.507093	  0.000131211	  3.16723e-06	  24	  8.04868e-07
137	  0.678662	  0.617213	  0.000107714	  2.92311e-06	  24	  7.42832e-07
138	  0.747849	  0.70014	  8.7082e-05	  2.89355e-06	  24	  7.3532e-07
139	  0.824564	  0.762001	  7.01634e-05	  1.27846e-06	  24	  3.24887e-07
140	  0.9069	  0.80829	  5.67192e-05	  2.59486e-06	  24	  6.59417e-07
141	  0.993459	  0.843274	  4.6166e-05	  1.9179e-06	  24	  4.87384e-07
142	  0.563933	  0	  0.000160374	  1.06866e-06	  12	  3.61928e-07
143	  0.573574	  0.182574	  0.000154786	  2.10355e-06	  24	  5.34562e-07
144	  0.601569	  0.348155	  0.000139764	  2.51662e-06	  24	  6.39534e-07
145	  0.645536	  0.486664	  0.000120074	  3.05571e-06	  24	  7.76529e-07
146	  0.702481	  0.596285	  9.99109e-05	  2.98188e-06	  24	  7.57769e-07
147	  0.76953	  0.680414	  8.17918e-05	  1.78845e-06	  24	  4.54488e-07
148	  0.844278	  0.744208	  6.65565e-05	  2.71069e-06	  24	  6.88852e-07
149	  0.92486	  0.792594	  5.42724e-05	  2.29299e-06	  24	  5.82704e-07
150	  0.592384	  0	  0.000144495	  7.40485e-07	  6	  3.39326e-07
151	  0.601569	  0.174078	  0.000139764	  1.48095e-06	  12	  5.01559e-07
152	  0.628319	  0.333333	  0.000127281	  1.93603e-06	  12	  6.55685e-07
153	  0.670534	  0.468521	  0.00011059	  1.75166e-06	  12	  5.93243e-07
154	  0.72552	  0.57735	  9.31101e-05	  3.43233e-06	  12	  1.16245e-06
155	  0.790617	  0.662266	  7.70364e-05	  2.52834e-06	  12	  8.56287e-07
156	  0.863541	  0.727607	  6.32954e-05	  2.00988e-06	  12	  6.80695e-07
157	  0.942478	  0.777778	  5.2014e-05	  1.61805e-06	  12	  5.47992e-07
158	  0.610616	  0	  0.000135349	  1.42075e-06	  12	  4.81172e-07
159	  0.61953	  0.169031	  0.000131211	  1.83907e-06	  24	  4.67351e-07
160	  0.645536	  0.324443	  0.000120074	  2.21212e-06	  24	  5.62153e-07
161	  0.686693	  0.457496	  0.000105	  2.39404e-06	  24	  6.08384e-07
162	  0.74048	  0.565685	  8.90285e-05	  2.02766e-06	  24	  5.15277e-07
163	  0.804368	  0.650945	  7.415e-05	  2.79007e-06	  24	  7.09023e-07
164	  0.876148	  0.717137	  6.12712e-05	  2.47971e-06	  24	  6.30153e-07
165	  0.954042	  0.76835	  5.05938e-05	  1.93589e-06	  24	  4.91956e-07
166	  0.628319	  0	  0.000127281	  5.35772e-06	  6	  2.45517e-06
167	  0.636985	  0.164399	  0.000123549	  2.40815e-06	  12	  8.1558e-07
168	  0.662306	  0.316228	  0.000113564	  1.79666e-06	  12	  6.08485e-07
169	  0.702481	  0.447214	  9.99109e-05	  1.08768e-06	  12	  3.6837e-07
170	  0.755145	  0.5547	  8.52683e-05	  1.35131e-06	  12	  4.57655e-07
171	  0.817887	  0.640184	  7.14561e-05	  1.68652e-06	  12	  5.71181e-07
172	  0.888577	  0.707107	  5.93796e-05	  1.62892e-06	  12	  5.51674e-07
173	  0.965468	  0.759257	  4.92534e-05	  1.91179e-06	  12	  6.47475e-07
174	  0.636985	  0	  0.000123549	  2.36899e-06	  12	  8.02316e-07
175	  0.645536	  0.162221	  0.000120074	  1.28572e-06	  24	  3.26732e-07
176	  0.670534	  0.312348	  0.00011059	  1.60801e-06	  24	  4.08633e-07
177	  0.710244	  0.442326	  9.7554e-05	  2.1047e-06	  24	  5.34854e-07
178	  0.762371	  0.549442	  8.34745e-05	  2.62526e-06	  24	  6.67143e-07
179	  0.824564	  0.635001	  7.01634e-05	  1.36301e-06	  24	  3.46374e-07
180	  0.894726	  0.702247	  5.84516e-05	  1.4709e-06	  24	  3.7379e-07
181	  0.971131	  0.754829	  4.85967e-05	  1.81535e-06	  24	  4.61326e-07
182	  0.662306	  0	  0.000113564	  1.5664e-06	  12	  5.30502e-07
183	  0.670534	  0.156174	  0.00011059	  1.50356e-06	  24	  3.82091e-07
184	  0.694632	  0.301511	  0.000102402	  1.45809e-06	  24	  3.70536e-07
185	  0.733038	  0.428571	  9.09973e-05	  2.08707e-06	  24	  5.30375e-07
186	  0.783651	  0.534522	  7.85657e-05	  1.55893e-06	  24	  3.96161e-07
187	  0.844278	  0.620174	  6.65565e-05	  1.52301e-06	  24	  3.87033e-07
188	  0.912926	  0.688247	  5.58654e-05	  1.26077e-06	  24	  3.20391e-07
189	  0.987924	  0.741999	  4.67496e-05	  1.57637e-06	  24	  4.00594e-07
190	  0.670534	  0	  0.00011059	  1.92077e-06	  12	  6.50516e-07
191	  0.678662	  0.154303	  0.000107714	  1.29638e-06	  24	  3.29441e-07
192	  0.702481	  0.298142	  9.99109e-05	  1.96436e-06	  24	  4.99191e-07
193	  0.74048	  0.424264	  8.90285e-05	  1.58501e-06	  24	  4.0279e-07
194	  0.790617	  0.529813	  7.70364e-05	  1.68615e-06	  24	  4.28491e-07
195	  0.850747	  0.615457	  6.54503e-05	  1.20456e-06	  24	  3.06108e-07
196	  0.918912	  0.683763	  5.50633e-05	  1.86303e-06	  24	  4.7344e-07
197	  0.993459	  0.737865	  4.6166e-05	  1.60933e-06	  24	  4.0897e-07
198	  0.702481	  0	  9.99109e-05	  8.73859e-07	  12	  2.95954e-07
199	  0.710244	  0.147442	  9.7554e-05	  1.56536e-06	  24	  3.97796e-07
200	  0.733038	  0.285714	  9.09973e-05	  1.97982e-06	  24	  5.0312e-07
201	  0.76953	  0.408248	  8.17918e-05	  1.53954e-06	  24	  3.91233e-07
202	  0.817887	  0.512148	  7.14561e-05	  2.34671e-06	  24	  5.96357e-07
203	  0.876148	  0.597614	  6.12712e-05	  1.82337e-06	  24	  4.63363e-07
204	  0.942478	  0.666667	  5.2014e-05	  1.64953e-06	  24	  4.19186e-07
205	  0.733038	  0	  9.09973e-05	  1.01104e-06	  6	  4.63308e-07
206	  0.74048	  0.141421	  8.90285e-05	  1.20017e-06	  12	  4.06469e-07
207	  0.762371	  0.274721	  8.34745e-05	  9.83537e-07	  12	  3.33099e-07
208	  0.797522	  0.393919	  7.55632e-05	  1.54226e-06	  12	  5.22327e-07
209	  0.844278	  0.496139	  6.65565e-05	  1.72229e-06	  12	  5.83298e-07
210	  0.900833	  0.581238	  5.75788e-05	  1.98737e-06	  12	  6.73073e-07
211	  0.965468	  0.650791	  4.92534e-05	  1.48453e-06	  12	  5.02773e-07
212	  0.74048	  0	  8.90285e-05	  1.23713e-06	  18	  3.53451e-07
213	  0.747849	  0.140028	  8.7082e-05	  1.6354e-06	  36	  3.54337e-07
214	  0.76953	  0.272166	  8.17918e-05	  1.30799e-06	  36	  2.83399e-07
215	  0.804368	  0.390567	  7.415e-05	  1.85163e-06	  36	  4.01186e-07
216	  0.850747	  0.492366	  6.54503e-05	  1.23053e-06	  36	  2.66616e-07
217	  0.9069	  0.57735	  5.67192e-05	  1.22129e-06	  36	  2.64613e-07
218	  0.971131	  0.646997	  4.85967e-05	  2.01107e-06	  36	  4.35732e-07
219	  0.755145	  0	  8.52683e-05	  8.67735e-07	  12	  2.9388e-07
220	  0.762371	  0.137361	  8.34745e-05	  1.52309e-06	  24	  3.87054e-07
221	  0.783651	  0.267261	  7.85657e-05	  1.29003e-06	  24	  3.27828e-07
222	  0.817887	  0.384111	  7.14561e-05	  1.61252e-06	  24	  4.09779e-07
223	  0.863541	  0.485071	  6.32954e-05	  8.70984e-07	  24	  2.21338e-07
224	  0.918912	  0.569803	  5.50633e-05	  1.29045e-06	  24	  3.27934e-07
225	  0.982358	  0.639602	  4.73618e-05	  1.22233e-06	  24	  3.10623e-07
226	  0.762371	  0	  8.34745e-05	  7.03076e-07	  12	  2.38114e-07
227	  0.76953	  0.136083	  8.17918e-05	  1.59773e-06	  24	  4.06022e-07
228	  0.790617	  0.264906	  7.70364e-05	  1.11972e-06	  24	  2.84549e-07
229	  0.824564	  0.381	  7.01634e-05	  1.07645e-06	  24	  2.73552e-07
230	  0.869868	  0.481543	  6.22796e-05	  7.95748e-07	  24	  2.02219e-07
231	  0.92486	  0.566139	  5.42724e-05	  1.56173e-06	  24	  3.96874e-07
232	  0.987924	  0.635999	  4.67496e-05	  1.20866e-06	  24	  3.07149e-07
233	  0.797522	  0	  7.55632e-05	  1.30167e-06	  12	  4.40844e-07
234	  0.804368	  0.130189	  7.415e-05	  1.42e-06	  24	  3.60856e-07
235	  0.824564	  0.254	  7.01634e-05	  9.22307e-07	  24	  2.34381e-07
236	  0.857168	  0.366508	  6.43524e-05	  1.26087e-06	  24	  3.20417e-07
237	  0.900833	  0.464991	  5.75788e-05	  1.19357e-06	  24	  3.03314e-07
238	  0.954042	  0.548821	  5.05938e-05	  1.27107e-06	  24	  3.23009e-07
239	  0.817887	  0	  7.14561e-05	  9.70106e-07	  12	  3.28551e-07
240	  0.824564	  0.127	  7.01634e-05	  9.02802e-07	  24	  2.29424e-07
241	  0.844278	  0.248069	  6.65565e-05	  9.9898e-07	  24	  2.53865e-07
242	  0.876148	  0.358569	  6.12712e-05	  1.2675e-06	  24	  3.22103e-07
243	  0.918912	  0.455842	  5.50633e-05	  1.10198e-06	  24	  2.80039e-07
244	  0.971131	  0.539164	  4.85967e-05	  1.35961e-06	  24	  3.45509e-07
245	  0.837758	  0	  6.77346e-05	  1.05493e-06	  6	  4.83418e-07
246	  0.844278	  0.124035	  6.65565e-05	  1.47498e-06	  12	  4.99541e-07
247	  0.863541	  0.242536	  6.32954e-05	  4.43877e-07	  12	  1.5033e-07
248	  0.894726	  0.351123	  5.84516e-05	  9.27987e-07	  12	  3.14286e-07
249	  0.936642	  0.447214	  5.27427e-05	  9.08682e-07	  12	  3.07748e-07
250	  0.987924	  0.529999	  4.67496e-05	  1.57134e-06	  12	  5.32173e-07
251	  0.844278	  0	  6.65565e-05	  1.30454e-06	  24	  3.31515e-07
252	  0.850747	  0.123091	  6.54503e-05	  1.06021e-06	  48	  2.06038e-07
253	  0.869868	  0.240772	  6.22796e-05	  9.43256e-07	  48	  1.8331e-07
254	  0.900833	  0.348743	  5.75788e-05	  1.07711e-06	  48	  2.09322e-07
255	  0.942478	  0.444444	  5.2014e-05	  1.12215e-06	  48	  2.18075e-07
256	  0.993459	  0.527046	  4.6166e-05	  1.20589e-06	  48	  2.3435e-07
257	  0.863541	  0	  6.32954e-05	  5.07731e-07	  12	  1.71956e-07
258	  0.869868	  0.120386	  6.22796e-05	  9.63559e-07	  24	  2.44864e-07
259	  0.888577	  0.235702	  5.93796e-05	  1.00373e-06	  24	  2.55073e-07
260	  0.918912	  0.341882	  5.50633e-05	  9.37699e-07	  24	  2.38292e-07
261	  0.959772	  0.436436	  4.99216e-05	  1.07498e-06	  24	  2.73179e-07
262	  0.888577	  0	  5.93796e-05	  9.20545e-07	  6	  4.21838e-07
263	  0.894726	  0.117041	  5.84516e-05	  7.33229e-07	  12	  2.48327e-07
264	  0.912926	  0.229416	  5.58654e-05	  9.36561e-07	  12	  3.1719e-07
265	  0.942478	  0.333333	  5.2014e-05	  1.0685e-06	  12	  3.61874e-07
266	  0.982358	  0.426401	  4.73618e-05	  1.04784e-06	  12	  3.54879e-07
267	  0.894726	  0	  5.84516e-05	  6.82254e-07	  12	  2.31063e-07
268	  0.900833	  0.116248	  5.75788e-05	  8.68286e-07	  24	  2.20653e-07
269	  0.918912	  0.227921	  5.50633e-05	  9.34877e-07	  24	  2.37575e-07
270	  0.948278	  0.331295	  5.12899e-05	  1.03779e-06	  24	  2.63727e-07
271	  0.987924	  0.423999	  4.67496e-05	  8.41184e-07	  24	  2.13765e-07
272	  0.900833	  0	  5.75788e-05	  1.29855e-06	  12	  4.39785e-07
273	  0.9069	  0.11547	  5.67192e-05	  8.03688e-07	  24	  2.04237e-07
274	  0.92486	  0.226455	  5.42724e-05	  7.01419e-07	  24	  1.78248e-07
275	  0.954042	  0.329293	  5.05938e-05	  1.01269e-06	  24	  2.57349e-07
276	  0.993459	  0.421637	  4.6166e-05	  1.004e-06	  24	  2.5514e-07
277	  0.936642	  0	  5.27427e-05	  5.84008e-07	  12	  1.97789e-07
278	  0.942478	  0.111111	  5.2014e-05	  9.15352e-07	  24	  2.32613e-07
279	  0.959772	  0.218218	  4.99216e-05	  7.43881e-07	  24	  1.89038e-07
280	  0.987924	  0.317999	  4.67496e-05	  6.8381e-07	  24	  1.73773e-07
281	  0.942478	  0	  5.2014e-05	  1.61445e-06	  6	  7.39821e-07
282	  0.948278	  0.110432	  5.12899e-05	  1.08955e-06	  12	  3.69004e-07
283	  0.965468	  0.21693	  4.92534e-05	  9.34953e-07	  12	  3.16645e-07
284	  0.993459	  0.316228	  4.6166e-05	  8.69972e-07	  12	  2.94638e-07
285	  0.948278	  0	  5.12899e-05	  9.88365e-07	  12	  3.34735e-07
286	  0.954042	  0.109764	  5.05938e-05	  6.38644e-07	  24	  1.62295e-07
287	  0.971131	  0.215666	  4.85967e-05	  5.39965e-07	  24	  1.37218e-07
288	  0.998963	  0.314485	  4.55975e-05	  8.51817e-07	  24	  2.16467e-07
289	  0.965468	  0	  4.92534e-05	  7.27181e-07	  24	  1.84794e-07
290	  0.971131	  0.107833	  4.85967e-05	  7.99874e-07	  48	  1.55446e-07
291	  0.987924	  0.212	  4.67496e-05	  8.80103e-07	  48	  1.71037e-07
292	  0.987924	  0	  4.67496e-05	  7.26279e-07	  12	  2.45973e-07
293	  0.993459	  0.105409	  4.6166e-05	  8.00557e-07	  24	  2.03441e-07
294	  0.993459	  0	  4.6166e-05	  6.12703e-07	  12	  2.07507e-07
295	  0.998963	  0.104828	  4.55975e-05	  6.92796e-07	  24	  1.76056e-07
296	  1.08818	  0.030936	  3.75249e-05	  6.42323e-07	  138	  8.67943e-08
297	  1.08818	  0.0938307	  3.75249e-05	  5.80772e-07	  252	  6.56238e-08
298	  1.08818	  0.156319	  3.75249e-05	  5.28335e-07	  72	  8.86816e-08
299	  1.08818	  0.218712	  3.75249e-05	  5.83368e-07	  216	  6.88616e-08
300	  1.08818	  0.281224	  3.75249e-05	  6.96389e-07	  288	  7.58546e-08
301	  1.08818	  0.343807	  3.75249e-05	  6.33309e-07	  120	  8.94784e-08
302	  1.08818	  0.406302	  3.75249e-05	  9.14756e-07	  180	  1.1392e-07
303	  1.08818	  0.468745	  3.75249e-05	  8.89998e-07	  180	  1.10836e-07
304	  1.08818	  0.531226	  3.75249e-05	  9.78334e-07	  192	  1.19522e-07
305	  1.08818	  0.593785	  3.75249e-05	  1.27597e-06	  192	  1.55884e-07
306	  1.08818	  0.656281	  3.75249e-05	  1.10306e-06	  168	  1.40256e-07
307	  1.08818	  0.718743	  3.75249e-05	  1.35863e-06	  228	  1.57909e-07
308	  1.08818	  0.781255	  3.75249e-05	  1.83367e-06	  144	  2.4449e-07
309	  1.08818	  0.843774	  3.75249e-05	  1.55868e-06	  240	  1.78546e-07
310	  1.08818	  0.90628	  3.75249e-05	  2.10267e-06	  168	  2.67358e-07
311	  1.08818	  0.968758	  3.75249e-05	  1.97776e-06	  150	  2.60372e-07
312	  1.25577	  0.030936	  2.69895e-05	  4.89328e-07	  198	  5.92415e-08
313	  1.25577	  0.0938307	  2.69895e-05	  4.8904e-07	  396	  4.90272e-08
314	  1.25577	  0.156319	  2.69895e-05	  4.85129e-07	  396	  4.86351e-08
315	  1.25577	  0.218712	  2.69895e-05	  4.53188e-07	  204	  5.43889e-08
316	  1.25577	  0.281224	  2.69895e-05	  5.25232e-07	  216	  6.19991e-08
317	  1.25577	  0.343807	  2.69895e-05	  5.2708e-07	  372	  5.36819e-08
318	  1.25577	  0.406302	  2.69895e-05	  6.03038e-07	  312	  6.42922e-08
319	  1.25577	  0.468745	  2.69895e-05	  6.03708e-07	  288	  6.57592e-08
320	  1.25577	  0.531226	  2.69895e-05	  8.14092e-07	  264	  9.08085e-08
321	  1.25577	  0.593785	  2.69895e-05	  7.35933e-07	  312	  7.84607e-08
322	  1.25577	  0.656281	  2.69895e-05	  8.45502e-07	  276	  9.31684e-08
323	  1.25577	  0.718743	  2.69895e-05	  9.185e-07	  312	  9.79248e-08
324	  1.25577	  0.781255	  2.69895e-05	  1.05377e-06	  276	  1.16118e-07
325	  1.25577	  0.843774	  2.69895e-05	  1.14319e-06	  240	  1.30952e-07
326	  1.25577	  0.90628	  2.69895e-05	  1.31691e-06	  324	  1.39007e-07
327	  1.25577	  0.968758	  2.69895e-05	  1.47385e-06	  315	  1.56735e-07
328	  1.45182	  0.030936	  1.92528e-05	  3.42273e-07	  246	  3.89362e-08
329	  1.45182	  0.0938307	  1.92528e-05	  3.10287e-07	  516	  2.91739e-08
330	  1.45182	  0.156319	  1.92528e-05	  3.51613e-07	  504	  3.32428e-08
331	  1.45182	  0.218712	  1.92528e-05	  3.28636e-07	  528	  3.07338e-08
332	  1.45182	  0.281224	  1.92528e-05	  3.50457e-07	  504	  3.31334e-08
333	  1.45182	  0.343807	  1.92528e-05	  3.90773e-07	  384	  3.94802e-08
334	  1.45182	  0.406302	  1.92528e-05	  4.86047e-07	  420	  4.8019e-08
335	  1.45182	  0.468745	  1.92528e-05	  4.25694e-07	  468	  4.09624e-08
336	  1.45182	  0.531226	  1.92528e-05	  4.66854e-07	  480	  4.46516e-08
337	  1.45182	  0.593785	  1.92528e-05	  5.16032e-07	  468	  4.96552e-08
338	  1.45182	  0.656281	  1.92528e-05	  5.56781e-07	  396	  5.58183e-08
339	  1.45182	  0.718743	  1.92528e-05	  6.02362e-07	  456	  5.83263e-08
340	  1.45182	  0.781255	  1.92528e-05	  7.57327e-07	  432	  7.43033e-08
341	  1.45182	  0.843774	  1.92528e-05	  7.62547e-07	  480	  7.29327e-08
342	  1.45182	  0.90628	  1.92528e-05	  9.39318e-07	  480	  8.98397e-08
343	  1.45182	  0.968758	  1.92528e-05	  9.67126e-07	  414	  9.5888e-08
344	  1.68148	  0.030936	  1.36273e-05	  2.29704e-07	  798	  1.96167e-08
345	  1.68148	  0.0938307	  1.36273e-05	  2.61235e-07	  708	  2.28796e-08
346	  1.68148	  0.156319	  1.36273e-05	  2.41948e-07	  684	  2.13485e-08
347	  1.68148	  0.218712	  1.36273e-05	  2.66558e-07	  720	  2.32619e-08
348	  1.68148	  0.281224	  1.36273e-05	  2.69184e-07	  708	  2.35758e-08
349	  1.68148	  0.343807	  1.36273e-05	  2.77108e-07	  720	  2.41826e-08
350	  1.68148	  0.406302	  1.36273e-05	  2.99275e-07	  672	  2.65085e-08
351	  1.68148	  0.468745	  1.36273e-05	  3.43288e-07	  732	  2.98527e-08
352	  1.68148	  0.531226	  1.36273e-05	  3.63351e-07	  672	  3.21841e-08
353	  1.68148	  0.593785	  1.36273e-05	  3.62713e-07	  708	  3.17672e-08
354	  1.68148	  0.656281	  1.36273e-05	  3.84598e-07	  744	  3.333e-08
355	  1.68148	  0.718743	  1.36273e-05	  4.78417e-07	  744	  4.14605e-08
356	  1.68148	  0.781255	  1.36273e-05	  5.11592e-07	  696	  4.49715e-08
357	  1.68148	  0.843774	  1.36273e-05	  5.44027e-07	  708	  4.76471e-08
358	  1.68148	  0.90628	  1.36273e-05	  6.11503e-07	  696	  5.37541e-08
359	  1.68148	  0.968758	  1.36273e-05	  6.54644e-07	  741	  5.67812e-08
360	  1.94819	  0.030936	  9.59781e-06	  1.76474e-07	  1368	  1.3595e-08
361	  1.94819	  0.0938307	  9.59781e-06	  1.76759e-07	  924	  1.46529e-08
362	  1.94819	  0.156319	  9.59781e-06	  1.88953e-07	  972	  1.55083e-08
363	  1.94819	  0.218712	  9.59781e-06	  1.94764e-07	  972	  1.59852e-08
364	  1.94819	  0.281224	  9.59781e-06	  1.83092e-07	  1200	  1.444e-08
365	  1.94819	  0.343807	  9.59781e-06	  1.89321e-07	  1140	  1.50733e-08
366	  1.94819	  0.406302	  9.59781e-06	  2.12266e-07	  1080	  1.70724e-08
367	  1.94819	  0.468745	  9.59781e-06	  2.36332e-07	  1068	  1.90483e-08
368	  1.94819	  0.531226	  9.59781e-06	  2.28512e-07	  1164	  1.81234e-08
369	  1.94819	  0.593785	  9.59781e-06	  2.70618e-07	  1188	  2.13823e-08
370	  1.94819	  0.656281	  9.59781e-06	  2.70831e-07	  1068	  2.18288e-08
371	  1.94819	  0.718743	  9.59781e-06	  2.86227e-07	  1008	  2.33267e-08
372	  1.94819	  0.781255	  9.59781e-06	  3.28089e-07	  1164	  2.60209e-08
373	  1.94819	  0.843774	  9.59781e-06	  3.42032e-07	  1176	  2.70755e-08
374	  1.94819	  0.90628	  9.59781e-06	  3.77683e-07	  1080	  3.03767e-08
375	  1.94819	  0.968758	  9.59781e-06	  3.96232e-07	  1038	  3.21101e-08
376	  2.25604	  0.030936	  6.74616e-06	  1.32011e-07	  1896	  9.63226e-09
377	  2.25604	  0.0938307	  6.74616e-06	  1.31992e-07	  1272	  1.03004e-08
378	  2.25604	  0.156319	  6.74616e-06	  1.27537e-07	  2040	  9.20056e-09
379	  2.25604	  0.218712	  6.74616e-06	  1.37581e-07	  1740	  1.01773e-08
380	  2.25604	  0.281224	  6.74616e-06	  1.40058e-07	  1584	  1.0522e-08
381	  2.25604	  0.343807	  6.74616e-06	  1.42511e-07	  1764	  1.05187e-08
382	  2.25604	  0.406302	  6.74616e-06	  1.4928e-07	  1632	  1.11593e-08
383	  2.25604	  0.468745	  6.74616e-06	  1.56886e-07	  1860	  1.1482e-08
384	  2.25604	  0.531226	  6.74616e-06	  1.68548e-07	  1560	  1.26948e-08
385	  2.25604	  0.593785	  6.74616e-06	  1.77005e-07	  1692	  1.31534e-08
386	  2.25604	  0.656281	  6.74616e-06	  1.93536e-07	  1704	  1.43652e-08
387	  2.25604	  0.718743	  6.74616e-06	  2.02096e-07	  1824	  1.48368e-08
388	  2.25604	  0.781255	  6.74616e-06	  2.15513e-07	  1668	  1.60525e-08
389	  2.25604	  0.843774	  6.74616e-06	  2.27648e-07	  1680	  1.69364e-08
390	  2.25604	  0.90628	  6.74616e-06	  2.49241e-07	  1776	  1.83763e-08
391	  2.25604	  0.968758	  6.74616e-06	  2.54875e-07	  1656	  1.9007e-08
392	  2.61216	  0.030936	  4.72895e-06	  9.81552e-08	  2586	  6.83795e-09
393	  2.61216	  0.0938307	  4.72895e-06	  9.59179e-08	  3036	  6.5367e-09
394	  2.61216	  0.156319	  4.72895e-06	  1.01066e-07	  2124	  7.24625e-09
395	  2.61216	  0.218712	  4.72895e-06	  9.65784e-08	  2940	  6.61009e-09
396	  2.61216	  0.281224	  4.72895e-06	  1.00178e-07	  2616	  6.96756e-09
397	  2.61216	  0.343807	  4.72895e-06	  1.03096e-07	  2448	  7.23851e-09
398	  2.61216	  0.406302	  4.72895e-06	  1.08533e-07	  2916	  7.43654e-09
399	  2.61216	  0.468745	  4.72895e-06	  1.11437e-07	  2544	  7.7812e-09
400	  2.61216	  0.531226	  4.72895e-06	  1.16275e-07	  2652	  8.07162e-09
401	  2.61216	  0.593785	  4.72895e-06	  1.18985e-07	  2748	  8.21906e-09
402	  2.61216	  0.656281	  4.72895e-06	  1.31585e-07	  2676	  9.12294e-09
403	  2.61216	  0.718743	  4.72895e-06	  1.29451e-07	  2472	  9.07618e-09
404	  2.61216	  0.781255	  4.72895e-06	  1.38144e-07	  2616	  9.60813e-09
405	  2.61216	  0.843774	  4.72895e-06	  1.41746e-07	  2736	  9.79721e-09
406	  2.61216	  0.90628	  4.72895e-06	  1.50829e-07	  2568	  1.05178e-08
407	  2.61216	  0.968758	  4.72895e-06	  1.51036e-07	  2745	  1.04346e-08
408	  3.02645	  0.030936	  3.2985e-06	  7.48786e-08	  3414	  5.02545e-09
409	  3.02645	  0.0938307	  3.2985e-06	  7.153e-08	  4512	  4.64138e-09
410	  3.02645	  0.156319	  3.2985e-06	  7.05634e-08	  4632	  4.56497e-09
411	  3.02645	  0.218712	  3.2985e-06	  6.91137e-08	  3972	  4.55232e-09
412	  3.02645	  0.281224	  3.2985e-06	  7.06064e-08	  4176	  4.62293e-09
413	  3.02645	  0.343807	  3.2985e-06	  7.44241e-08	  4344	  4.8504e-09
414	  3.02645	  0.406302	  3.2985e-06	  7.73049e-08	  4044	  5.08087e-09
415	  3.02645	  0.468745	  3.2985e-06	  7.90549e-08	  4092	  5.18858e-09
416	  3.02645	  0.531226	  3.2985e-06	  8.42383e-08	  4296	  5.49714e-09
417	  3.02645	  0.593785	  3.2985e-06	  8.36642e-08	  3996	  5.50672e-09
418	  3.02645	  0.656281	  3.2985e-06	  8.63856e-08	  4188	  5.65415e-09
419	  3.02645	  0.718743	  3.2985e-06	  9.10056e-08	  4212	  5.95252e-09
420	  3.02645	  0.781255	  3.2985e-06	  8.85367e-08	  4140	  5.80285e-09
421	  3.02645	  0.843774	  3.2985e-06	  9.05101e-08	  4128	  5.93423e-09
422	  3.02645	  0.90628	  3.2985e-06	  9.29411e-08	  4188	  6.08322e-09
423	  3.02645	  0.968758	  3.2985e-06	  8.98027e-08	  4128	  5.88785e-09
424	  3.50419	  0.030936	  2.29869e-06	  5.34149e-08	  7002	  3.30909e-09
425	  3.50419	  0.0938307	  2.29869e-06	  5.3063e-08	  6240	  3.32489e-09
426	  3.50419	  0.156319	  2.29869e-06	  5.07509e-08	  5964	  3.19471e-09
427	  3.50419	  0.218712	  2.29869e-06	  5.16794e-08	  6180	  3.24136e-09
428	  3.50419	  0.281224	  2.29869e-06	  5.21023e-08	  6420	  3.25538e-09
429	  3.50419	  0.343807	  2.29869e-06	  5.26211e-08	  6516	  3.28294e-09
430	  3.50419	  0.406302	  2.29869e-06	  5.39632e-08	  6312	  3.37739e-09
431	  3.50419	  0.468745	  2.29869e-06	  5.64134e-08	  6276	  3.53277e-09
432	  3.50419	  0.531226	  2.29869e-06	  5.50469e-08	  6360	  3.44259e-09
433	  3.50419	  0.593785	  2.29869e-06	  5.51769e-08	  6408	  3.44812e-09
434	  3.50419	  0.656281	  2.29869e-06	  5.87296e-08	  6360	  3.6729e-09
435	  3.50419	  0.718743	  2.29869e-06	  5.6795e-08	  6336	  3.55326e-09
436	  3.50419	  0.781255	  2.29869e-06	  5.49862e-08	  6372	  3.43815e-09
437	  3.50419	  0.843774	  2.29869e-06	  5.66989e-08	  6456	  3.5406e-09
438	  3.50419	  0.90628	  2.29869e-06	  5.38948e-08	  6360	  3.37054e-09
439	  3.50419	  0.968758	  2.29869e-06	  5.15294e-08	  6327	  3.2243e-09
440	  4.05763	  0.030936	  1.59737e-06	  3.9091e-08	  10392	  2.33802e-09
441	  4.05763	  0.0938307	  1.59737e-06	  3.71882e-08	  9420	  2.24257e-09
442	  4.05763	  0.156319	  1.59737e-06	  3.76046e-08	  10176	  2.25301e-09
443	  4.05763	  0.218712	  1.59737e-06	  3.74697e-08	  10260	  2.2434e-09
444	  4.05763	  0.281224	  1.59737e-06	  3.55247e-08	  9528	  2.14018e-09
445	  4.05763	  0.343807	  1.59737e-06	  3.61033e-08	  10140	  2.1637e-09
446	  4.05763	  0.406302	  1.59737e-06	  3.75402e-08	  9960	  2.25316e-09
447	  4.05763	  0.468745	  1.59737e-06	  3.67626e-08	  10068	  2.20451e-09
448	  4.05763	  0.531226	  1.59737e-06	  3.74621e-08	  9996	  2.2478e-09
449	  4.05763	  0.593785	  1.59737e-06	  3.60558e-08	  9828	  2.16649e-09
450	  4.05763	  0.656281	  1.59737e-06	  3.5701e-08	  10032	  2.14149e-09
451	  4.05763	  0.718743	  1.59737e-06	  3.46599e-08	  9924	  2.08092e-09
452	  4.05763	  0.781255	  1.59737e-06	  3.29364e-08	  10116	  1.97429e-09
453	  4.05763	  0.843774	  1.59737e-06	  3.20988e-08	  9888	  1.92774e-09
454	  4.05763	  0.90628	  1.59737e-06	  3.12019e-08	  10008	  1.87199e-09
455	  4.05763	  0.968758	  1.59737e-06	  2.82797e-08	  9978	  1.69709e-09
456	  4.69917	  0.030936	  1.10638e-06	  2.80047e-08	  13626	  1.64015e-09
457	  4.69917	  0.0938307	  1.10638e-06	  2.77478e-08	  16392	  1.60412e-09
458	  4.69917	  0.156319	  1.10638e-06	  2.68967e-08	  15708	  1.55944e-09
459	  4.69917	  0.218712	  1.10638e-06	  2.59798e-08	  15432	  1.50813e-09
460	  4.69917	  0.281224	  1.10638e-06	  2.53384e-08	  15780	  1.46863e-09
461	  4.69917	  0.343807	  1.10638e-06	  2.49025e-08	  15300	  1.44645e-09
462	  4.69917	  0.406302	  1.10638e-06	  2.43709e-08	  15588	  1.41374e-09
463	  4.69917	  0.468745	  1.10638e-06	  2.41224e-08	  15396	  1.40053e-09
464	  4.69917	  0.531226	  1.10638e-06	  2.35961e-08	  15504	  1.36931e-09
465	  4.69917	  0.593785	  1.10638e-06	  2.26502e-08	  15660	  1.31351e-09
466	  4.69917	  0.656281	  1.10638e-06	  2.1386e-08	  15192	  1.24281e-09
467	  4.69917	  0.718743	  1.10638e-06	  2.06106e-08	  15600	  1.19555e-09
468	  4.69917	  0.781255	  1.10638e-06	  1.97067e-08	  15216	  1.14509e-09
469	  4.69917	  0.843774	  1.10638e-06	  1.82055e-08	  15516	  1.05643e-09
470	  4.69917	  0.90628	  1.10638e-06	  1.64743e-08	  15540	  9.55871e-10
471	  4.69917	  0.968758	  1.10638e-06	  1.51691e-08	  15405	  8.80671e-10
472	  5.4432	  0.030936	  7.64361e-07	  2.05036e-08	  26250	  1.15173e-09
473	  5.4432	  0.0938307	  7.64361e-07	  1.97614e-08	  22392	  1.12013e-09
474	  5.4432	  0.156319	  7.64361e-07	  1.91583e-08	  24516	  1.08028e-09
475	  5.4432	  0.218712	  7.64361e-07	  1.81353e-08	  23592	  1.02484e-09
476	  5.4432	  0.281224	  7.64361e-07	  1.75759e-08	  24264	  9.91625e-10
477	  5.4432	  0.343807	  7.64361e-07	  1.68178e-08	  23928	  9.49611e-10
478	  5.4432	  0.406302	  7.64361e-07	  1.60082e-08	  24120	  9.03488e-10
479	  5.4432	  0.468745	  7.64361e-07	  1.51746e-08	  23964	  8.56756e-10
480	  5.4432	  0.531226	  7.64361e-07	  1.45861e-08	  24060	  8.23341e-10
481	  5.4432	  0.593785	  7.64361e-07	  1.36106e-08	  24108	  7.6819e-10
482	  5.4432	  0.656281	  7.64361e-07	  1.26165e-08	  24228	  7.11882e-10
483	  5.4432	  0.718743	  7.64361e-07	  1.16808e-08	  24144	  6.59216e-10
484	  5.4432	  0.781255	  7.64361e-07	  1.05292e-08	  23940	  5.94511e-10
485	  5.4432	  0.843774	  7.64361e-07	  9.3947e-09	  24192	  5.30136e-10
486	  5.4432	  0.90628	  7.64361e-07	  8.49592e-09	  23988	  4.79651e-10
487	  5.4432	  0.968758	  7.64361e-07	  7.48303e-09	  24141	  4.22313e-10
488	  6.30378	  0.030936	  5.27197e-07	  1.46151e-08	  35082	  8.08787e-10
489	  6.30378	  0.0938307	  5.27197e-07	  1.39804e-08	  39108	  7.69716e-10
490	  6.30378	  0.156319	  5.27197e-07	  1.32717e-08	  36924	  7.32655e-10
491	  6.30378	  0.218712	  5.27197e-07	  1.24383e-08	  37692	  6.85985e-10
492	  6.30378	  0.281224	  5.27197e-07	  1.14915e-08	  37092	  6.34242e-10
493	  6.30378	  0.343807	  5.27197e-07	  1.09024e-08	  37536	  6.01394e-10
494	  6.30378	  0.406302	  5.27197e-07	  1.01845e-08	  36984	  5.62186e-10
495	  6.30378	  0.468745	  5.27197e-07	  9.27665e-09	  37428	  5.11783e-10
496	  6.30378	  0.531226	  5.27197e-07	  8.4862e-09	  37392	  4.68196e-10
497	  6.30378	  0.593785	  5.27197e-07	  7.72974e-09	  37200	  4.26564e-10
498	  6.30378	  0.656281	  5.27197e-07	  6.92673e-09	  36924	  3.82384e-10
499	  6.30378	  0.718743	  5.27197e-07	  6.12878e-09	  37272	  3.38185e-10
500	  6.30378	  0.781255	  5.27197e-07	  5.34001e-09	  37284	  2.94656e-10
501	  6.30378	  0.843774	  5.27197e-07	  4.65473e-09	  37188	  2.56874e-10
502	  6.30378	  0.90628	  5.27197e-07	  4.00139e-09	  37320	  2.20782e-10
503	  6.30378	  0.968758	  5.27197e-07	  3.35281e-09	  37119	  1.85043e-10
504	  7.30029	  0.030936	  3.62717e-07	  1.01437e-08	  60258	  5.48505e-10
505	  7.30029	  0.0938307	  3.62717e-07	  9.68738e-09	  56916	  5.24975e-10
506	  7.30029	  0.156319	  3.62717e-07	  9.03917e-09	  56820	  4.89879e-10
507	  7.30029	  0.218712	  3.62717e-07	  8.28486e-09	  58716	  4.48434e-10
508	  7.30029	  0.281224	  3.62717e-07	  7.57188e-09	  57840	  4.10078e-10
509	  7.30029	  0.343807	  3.62717e-07	  6.71851e-09	  57612	  3.63916e-10
510	  7.30029	  0.406302	  3.62717e-07	  6.05465e-09	  58464	  3.27773e-10
511	  7.30029	  0.468745	  3.62717e-07	  5.3604e-09	  57948	  2.90288e-10
512	  7.30029	  0.531226	  3.62717e-07	  4.76251e-09	  57708	  2.57951e-10
513	  7.30029	  0.593785	  3.62717e-07	  4.03951e-09	  58236	  2.18714e-10
514	  7.30029	  0.656281	  3.62717e-07	  3.48684e-09	  58008	  1.88819e-10
515	  7.30029	  0.718743	  3.62717e-07	  2.95446e-09	  58200	  1.5997e-10
516	  7.30029	  0.781255	  3.62717e-07	  2.46238e-09	  58128	  1.33332e-10
517	  7.30029	  0.843774	  3.62717e-07	  2.05131e-09	  57972	  1.11085e-10
518	  7.30029	  0.90628	  3.62717e-07	  1.68062e-09	  57960	  9.10118e-11
519	  7.30029	  0.968758	  3.62717e-07	  1.37456e-09	  58122	  7.44298e-11
520	  8.455	  0.030936	  2.49114e-07	  6.94913e-09	  90198	  3.70595e-10
521	  8.455	  0.0938307	  2.49114e-07	  6.55116e-09	  89292	  3.49482e-10
522	  8.455	  0.156319	  2.49114e-07	  5.96608e-09	  90804	  3.18103e-10
523	  8.455	  0.218712	  2.49114e-07	  5.24815e-09	  89628	  2.79938e-10
524	  8.455	  0.281224	  2.49114e-07	  4.65634e-09	  89844	  2.48352e-10
525	  8.455	  0.343807	  2.49114e-07	  4.01094e-09	  90636	  2.1387e-10
526	  8.455	  0.406302	  2.49114e-07	  3.41627e-09	  89628	  1.82225e-10
527	  8.455	  0.468745	  2.49114e-07	  2.86387e-09	  89772	  1.52752e-10
528	  8.455	  0.531226	  2.49114e-07	  2.41707e-09	  90324	  1.28896e-10
529	  8.455	  0.593785	  2.49114e-07	  1.94927e-09	  89784	  1.03969e-10
530	  8.455	  0.656281	  2.49114e-07	  1.59365e-09	  90216	  8.49885e-11
531	  8.455	  0.718743	  2.49114e-07	  1.29469e-09	  89796	  6.90551e-11
532	  8.455	  0.781255	  2.49114e-07	  1.03564e-09	  90120	  5.52321e-11
533	  8.455	  0.843774	  2.49114e-07	  8.16979e-10	  90132	  4.35702e-11
534	  8.455	  0.90628	  2.49114e-07	  6.48259e-10	  89916	  3.45748e-11
535	  8.455	  0.968758	  2.49114e-07	  4.96501e-10	  89964	  2.64804e-11
536	  9.79129	  0.030936	  1.70748e-07	  4.6085e-09	  139068	  2.42783e-10
537	  9.79129	  0.0938307	  1.70748e-07	  4.26682e-09	  141180	  2.24697e-10
538	  9.79129	  0.156319	  1.70748e-07	  3.77726e-09	  139380	  1.98981e-10
539	  9.79129	  0.218712	  1.70748e-07	  3.21864e-09	  138804	  1.69571e-10
540	  9.79129	  0.281224	  1.70748e-07	  2.69231e-09	  140952	  1.41787e-10
541	  9.79129	  0.343807	  1.70748e-07	  2.18407e-09	  139668	  1.15048e-10
542	  9.79129	  0.406302	  1.70748e-07	  1.76543e-09	  139464	  9.29988e-11
543	  9.79129	  0.468745	  1.70748e-07	  1.39382e-09	  139812	  7.34188e-11
544	  9.79129	  0.531226	  1.70748e-07	  1.09106e-09	  139884	  5.74704e-11
545	  9.79129	  0.593785	  1.70748e-07	  8.51662e-10	  140184	  4.48577e-11
546	  9.79129	  0.656281	  1.70748e-07	  6.62184e-10	  139404	  3.48827e-11
547	  9.79129	  0.718743	  1.70748e-07	  5.09131e-10	  139932	  2.68176e-11
548	  9.79129	  0.781255	  1.70748e-07	  3.90287e-10	  139980	  2.05575e-11
549	  9.79129	  0.843774	  1.70748e-07	  2.93439e-10	  139632	  1.54573e-11
550	  9.79129	  0.90628	  1.70748e-07	  2.22828e-10	  140088	  1.17368e-11
551	  9.79129	  0.968758	  1.70748e-07	  1.61074e-10	  139623	  8.48477e-12
