#n	   k	      mu	    PL	    Pf	     w	     err  
0	  0.10472	  1	  0.00379853	  0.000371832	  3	  0.000233269
1	  0.20944	  1	  0.00134928	  0.000105212	  3	  6.60046e-05
2	  0.314159	  1	  0.000632002	  0.000100406	  3	  6.29895e-05
3	  0.418879	  1	  0.000354209	  1.88909e-05	  3	  1.18512e-05
4	  0.523599	  1	  0.00022393	  5.62243e-06	  3	  3.52723e-06
5	  0.628319	  1	  0.000151731	  2.70421e-05	  3	  1.69649e-05
6	  0.733038	  1	  0.000108477	  1.2381e-05	  3	  7.7672e-06
7	  0.837758	  1	  8.07459e-05	  1.07115e-05	  3	  6.71988e-06
8	  0.942478	  1	  6.20055e-05	  1.62404e-06	  3	  1.01884e-06
9	  0.10472	  0	  0.00379853	  6.30625e-05	  6	  2.88983e-05
10	  0.148096	  0.707107	  0.00241558	  8.94009e-05	  12	  3.02779e-05
11	  0.23416	  0.894427	  0.00106881	  0.000109013	  12	  3.69199e-05
12	  0.331153	  0.948683	  0.000572332	  4.39909e-05	  12	  1.48986e-05
13	  0.431771	  0.970143	  0.00033334	  2.39227e-05	  12	  8.10201e-06
14	  0.533968	  0.980581	  0.000214781	  1.57521e-05	  12	  5.33484e-06
15	  0.636985	  0.986394	  0.000147282	  9.61904e-06	  12	  3.25773e-06
16	  0.74048	  0.989949	  0.00010613	  1.24535e-05	  12	  4.2177e-06
17	  0.844278	  0.992278	  7.93415e-05	  6.04255e-06	  12	  2.04646e-06
18	  0.948278	  0.993884	  6.11422e-05	  5.81982e-06	  12	  1.97103e-06
19	  0.148096	  0	  0.00241558	  3.3453e-05	  6	  1.53298e-05
20	  0.18138	  0.57735	  0.0017137	  4.56644e-05	  12	  1.54654e-05
21	  0.25651	  0.816497	  0.000940668	  5.19541e-05	  12	  1.75956e-05
22	  0.347316	  0.904534	  0.000515517	  3.04396e-05	  12	  1.03091e-05
23	  0.444288	  0.942809	  0.00031512	  2.02881e-05	  12	  6.87107e-06
24	  0.54414	  0.96225	  0.000206254	  1.71423e-05	  12	  5.80568e-06
25	  0.645536	  0.973329	  0.000143139	  1.05748e-05	  12	  3.58141e-06
26	  0.747849	  0.980196	  0.00010381	  6.80601e-06	  12	  2.30503e-06
27	  0.850747	  0.984732	  7.80228e-05	  7.7231e-06	  12	  2.61562e-06
28	  0.954042	  0.987878	  6.03124e-05	  5.60138e-06	  12	  1.89705e-06
29	  0.20944	  0	  0.00134928	  2.07717e-05	  6	  9.51858e-06
30	  0.23416	  0.447214	  0.00106881	  3.44539e-05	  12	  1.16687e-05
31	  0.296192	  0.707107	  0.000695986	  4.13912e-05	  12	  1.40182e-05
32	  0.377572	  0.83205	  0.000438644	  2.78456e-05	  12	  9.43062e-06
33	  0.468321	  0.894427	  0.00028273	  2.2319e-05	  12	  7.5589e-06
34	  0.563933	  0.928477	  0.000191181	  8.64391e-06	  12	  2.92748e-06
35	  0.662306	  0.948683	  0.000135378	  8.58597e-06	  12	  2.90786e-06
36	  0.762371	  0.961524	  9.95093e-05	  8.85806e-06	  12	  3.00001e-06
37	  0.863541	  0.970143	  7.54539e-05	  2.37795e-06	  12	  8.05353e-07
38	  0.965468	  0.976187	  5.87146e-05	  3.86262e-06	  12	  1.30817e-06
39	  0.23416	  0	  0.00106881	  2.13425e-05	  12	  7.22817e-06
40	  0.25651	  0.408248	  0.000940668	  2.06657e-05	  24	  5.25164e-06
41	  0.314159	  0.666667	  0.000632002	  2.85e-05	  24	  7.24255e-06
42	  0.391825	  0.801784	  0.000408396	  2.08455e-05	  24	  5.29734e-06
43	  0.479886	  0.872872	  0.000268343	  2.40651e-05	  24	  6.11553e-06
44	  0.573574	  0.912871	  0.000184519	  1.0893e-05	  24	  2.76817e-06
45	  0.670534	  0.937043	  0.000131833	  7.16138e-06	  24	  1.81988e-06
46	  0.76953	  0.952579	  9.75033e-05	  6.92317e-06	  24	  1.75934e-06
47	  0.869868	  0.963087	  7.4243e-05	  5.57754e-06	  24	  1.41739e-06
48	  0.971131	  0.970495	  5.79317e-05	  4.58065e-06	  24	  1.16405e-06
49	  0.296192	  0	  0.000695986	  1.22301e-05	  6	  5.60442e-06
50	  0.314159	  0.333333	  0.000632002	  1.56004e-05	  12	  5.28348e-06
51	  0.36276	  0.57735	  0.000471853	  1.32955e-05	  12	  4.50286e-06
52	  0.431771	  0.727607	  0.00033334	  1.71889e-05	  12	  5.82145e-06
53	  0.51302	  0.816497	  0.000233677	  1.49213e-05	  12	  5.05346e-06
54	  0.601569	  0.870388	  0.000166611	  1.15397e-05	  12	  3.90822e-06
55	  0.694632	  0.904534	  0.000122073	  1.15173e-05	  12	  3.90062e-06
56	  0.790617	  0.927173	  9.18345e-05	  6.26233e-06	  12	  2.1209e-06
57	  0.888577	  0.942809	  7.0786e-05	  4.8925e-06	  12	  1.65697e-06
58	  0.987924	  0.953998	  5.57298e-05	  2.30408e-06	  12	  7.80334e-07
59	  0.314159	  0	  0.000632002	  1.62032e-05	  6	  7.42509e-06
60	  0.331153	  0.316228	  0.000572332	  1.2635e-05	  12	  4.27917e-06
61	  0.377572	  0.5547	  0.000438644	  1.80469e-05	  12	  6.11204e-06
62	  0.444288	  0.707107	  0.00031512	  9.56054e-06	  12	  3.23792e-06
63	  0.523599	  0.8	  0.00022393	  1.45152e-05	  12	  4.91594e-06
64	  0.610616	  0.857493	  0.000161348	  6.06533e-06	  12	  2.05418e-06
65	  0.702481	  0.894427	  0.000119103	  7.22082e-06	  12	  2.44551e-06
66	  0.797522	  0.919145	  9.00783e-05	  6.2501e-06	  12	  2.11675e-06
67	  0.894726	  0.936329	  6.96796e-05	  3.18526e-06	  12	  1.07877e-06
68	  0.993459	  0.948683	  5.50341e-05	  3.8747e-06	  12	  1.31226e-06
69	  0.331153	  0	  0.000572332	  9.89676e-06	  12	  3.35178e-06
70	  0.347316	  0.301511	  0.000515517	  9.17652e-06	  24	  2.33197e-06
71	  0.391825	  0.534522	  0.000408396	  9.6702e-06	  24	  2.45743e-06
72	  0.456463	  0.688247	  0.000298414	  1.74971e-05	  24	  4.44643e-06
73	  0.533968	  0.784465	  0.000214781	  9.38394e-06	  24	  2.38469e-06
74	  0.61953	  0.845154	  0.000156415	  6.73852e-06	  24	  1.71242e-06
75	  0.710244	  0.884652	  0.000116293	  1.06774e-05	  24	  2.71339e-06
76	  0.804368	  0.911322	  8.83936e-05	  5.59399e-06	  24	  1.42157e-06
77	  0.900833	  0.929981	  6.86392e-05	  4.48438e-06	  24	  1.13959e-06
78	  0.998963	  0.943456	  5.43564e-05	  2.90716e-06	  24	  7.38778e-07
79	  0.377572	  0	  0.000438644	  8.2734e-06	  12	  2.802e-06
80	  0.391825	  0.267261	  0.000408396	  6.30064e-06	  24	  1.60115e-06
81	  0.431771	  0.485071	  0.00033334	  1.08745e-05	  24	  2.76347e-06
82	  0.491179	  0.639602	  0.000255503	  7.79108e-06	  24	  1.9799e-06
83	  0.563933	  0.742781	  0.000191181	  1.03121e-05	  24	  2.62056e-06
84	  0.645536	  0.811107	  0.000143139	  8.48783e-06	  24	  2.15696e-06
85	  0.733038	  0.857143	  0.000108477	  7.28416e-06	  24	  1.85108e-06
86	  0.824564	  0.889001	  8.36412e-05	  3.38935e-06	  24	  8.61315e-07
87	  0.918912	  0.911685	  6.56405e-05	  4.91263e-06	  24	  1.24842e-06
88	  0.418879	  0	  0.000354209	  1.86134e-06	  6	  8.52954e-07
89	  0.431771	  0.242536	  0.00033334	  4.72577e-06	  12	  1.6005e-06
90	  0.468321	  0.447214	  0.00028273	  8.45942e-06	  12	  2.86499e-06
91	  0.523599	  0.6	  0.00022393	  7.87919e-06	  12	  2.66849e-06
92	  0.592384	  0.707107	  0.000172252	  3.82289e-06	  12	  1.29472e-06
93	  0.670534	  0.780869	  0.000131833	  8.23145e-06	  12	  2.78779e-06
94	  0.755145	  0.83205	  0.000101648	  4.85685e-06	  12	  1.64489e-06
95	  0.844278	  0.868243	  7.93415e-05	  4.6905e-06	  12	  1.58855e-06
96	  0.936642	  0.894427	  6.28741e-05	  2.39344e-06	  12	  8.106e-07
97	  0.431771	  0	  0.00033334	  4.512e-06	  12	  1.5281e-06
98	  0.444288	  0.235702	  0.00031512	  2.87122e-06	  24	  7.29646e-07
99	  0.479886	  0.436436	  0.000268343	  9.51851e-06	  24	  2.41888e-06
100	  0.533968	  0.588348	  0.000214781	  5.10135e-06	  24	  1.29638e-06
101	  0.601569	  0.696311	  0.000166611	  4.86623e-06	  24	  1.23663e-06
102	  0.678662	  0.771517	  0.000128405	  4.45023e-06	  24	  1.13091e-06
103	  0.762371	  0.824163	  9.95093e-05	  6.53734e-06	  24	  1.66129e-06
104	  0.850747	  0.86164	  7.80228e-05	  5.56744e-06	  24	  1.41482e-06
105	  0.942478	  0.888889	  6.20055e-05	  4.56484e-06	  24	  1.16004e-06
106	  0.444288	  0	  0.00031512	  4.08057e-06	  6	  1.86991e-06
107	  0.456463	  0.229416	  0.000298414	  7.40761e-06	  12	  2.50877e-06
108	  0.491179	  0.426401	  0.000255503	  6.31735e-06	  12	  2.13953e-06
109	  0.54414	  0.57735	  0.000206254	  2.28053e-06	  12	  7.7236e-07
110	  0.610616	  0.685994	  0.000161348	  8.12103e-06	  12	  2.75039e-06
111	  0.686693	  0.762493	  0.00012517	  5.16867e-06	  12	  1.7505e-06
112	  0.76953	  0.816497	  9.75033e-05	  4.71019e-06	  12	  1.59523e-06
113	  0.857168	  0.855186	  7.6714e-05	  2.75683e-06	  12	  9.3367e-07
114	  0.948278	  0.883452	  6.11422e-05	  2.11459e-06	  12	  7.1616e-07
115	  0.468321	  0	  0.00028273	  5.19489e-06	  12	  1.75938e-06
116	  0.479886	  0.218218	  0.000268343	  7.27411e-06	  24	  1.84853e-06
117	  0.51302	  0.408248	  0.000233677	  7.42405e-06	  24	  1.88663e-06
118	  0.563933	  0.557086	  0.000191181	  7.01602e-06	  24	  1.78294e-06
119	  0.628319	  0.666667	  0.000151731	  5.27183e-06	  24	  1.3397e-06
120	  0.702481	  0.745356	  0.000119103	  5.93665e-06	  24	  1.50865e-06
121	  0.783651	  0.801784	  9.36575e-05	  5.08414e-06	  24	  1.292e-06
122	  0.869868	  0.842701	  7.4243e-05	  3.40545e-06	  24	  8.65407e-07
123	  0.959772	  0.872872	  5.95111e-05	  3.21017e-06	  24	  8.15781e-07
124	  0.523599	  0	  0.00022393	  3.6102e-06	  18	  1.03144e-06
125	  0.533968	  0.196116	  0.000214781	  3.37817e-06	  36	  7.31936e-07
126	  0.563933	  0.371391	  0.000191181	  3.36427e-06	  36	  7.28924e-07
127	  0.610616	  0.514496	  0.000161348	  4.04427e-06	  36	  8.76259e-07
128	  0.670534	  0.624695	  0.000131833	  4.20811e-06	  36	  9.11757e-07
129	  0.74048	  0.707107	  0.00010613	  4.58076e-06	  36	  9.92499e-07
130	  0.817887	  0.768221	  8.51823e-05	  3.92361e-06	  36	  8.50116e-07
131	  0.900833	  0.813733	  6.86392e-05	  3.37061e-06	  36	  7.30299e-07
132	  0.987924	  0.847998	  5.57298e-05	  2.96139e-06	  36	  6.41635e-07
133	  0.533968	  0	  0.000214781	  3.33522e-06	  12	  1.12956e-06
134	  0.54414	  0.19245	  0.000206254	  5.07881e-06	  24	  1.29065e-06
135	  0.573574	  0.365148	  0.000184519	  3.46083e-06	  24	  8.7948e-07
136	  0.61953	  0.507093	  0.000156415	  4.4851e-06	  24	  1.13977e-06
137	  0.678662	  0.617213	  0.000128405	  4.29455e-06	  24	  1.09135e-06
138	  0.747849	  0.70014	  0.00010381	  4.05557e-06	  24	  1.03062e-06
139	  0.824564	  0.762001	  8.36412e-05	  1.68265e-06	  24	  4.27603e-07
140	  0.9069	  0.80829	  6.76145e-05	  3.75481e-06	  24	  9.54189e-07
141	  0.993459	  0.843274	  5.50341e-05	  2.81125e-06	  24	  7.14406e-07
142	  0.563933	  0	  0.000191181	  1.39937e-06	  12	  4.73933e-07
143	  0.573574	  0.182574	  0.000184519	  2.83995e-06	  24	  7.21699e-07
144	  0.601569	  0.348155	  0.000166611	  3.69848e-06	  24	  9.39874e-07
145	  0.645536	  0.486664	  0.000143139	  4.33263e-06	  24	  1.10103e-06
146	  0.702481	  0.596285	  0.000119103	  4.46543e-06	  24	  1.13477e-06
147	  0.76953	  0.680414	  9.75033e-05	  2.57671e-06	  24	  6.54804e-07
148	  0.844278	  0.744208	  7.93415e-05	  4.07805e-06	  24	  1.03633e-06
149	  0.92486	  0.792594	  6.46977e-05	  3.20142e-06	  24	  8.13559e-07
150	  0.592384	  0	  0.000172252	  9.97988e-07	  6	  4.57326e-07
151	  0.601569	  0.174078	  0.000166611	  2.0651e-06	  12	  6.99397e-07
152	  0.628319	  0.333333	  0.000151731	  2.90564e-06	  12	  9.84067e-07
153	  0.670534	  0.468521	  0.000131833	  2.53692e-06	  12	  8.59193e-07
154	  0.72552	  0.57735	  0.000110996	  4.90576e-06	  12	  1.66146e-06
155	  0.790617	  0.662266	  9.18345e-05	  3.56357e-06	  12	  1.20689e-06
156	  0.863541	  0.727607	  7.54539e-05	  2.97775e-06	  12	  1.00849e-06
157	  0.942478	  0.777778	  6.20055e-05	  2.25122e-06	  12	  7.62433e-07
158	  0.610616	  0	  0.000161348	  2.12258e-06	  12	  7.18866e-07
159	  0.61953	  0.169031	  0.000156415	  2.59673e-06	  24	  6.59891e-07
160	  0.645536	  0.324443	  0.000143139	  3.08585e-06	  24	  7.8419e-07
161	  0.686693	  0.457496	  0.00012517	  3.38278e-06	  24	  8.59645e-07
162	  0.74048	  0.565685	  0.00010613	  2.92009e-06	  24	  7.42066e-07
163	  0.804368	  0.650945	  8.83936e-05	  3.88886e-06	  24	  9.88252e-07
164	  0.876148	  0.717137	  7.30409e-05	  3.32579e-06	  24	  8.45163e-07
165	  0.954042	  0.76835	  6.03124e-05	  2.67956e-06	  24	  6.8094e-07
166	  0.628319	  0	  0.000151731	  7.42813e-06	  6	  3.40393e-06
167	  0.636985	  0.164399	  0.000147282	  3.59973e-06	  12	  1.21914e-06
168	  0.662306	  0.316228	  0.000135378	  2.33429e-06	  12	  7.90565e-07
169	  0.702481	  0.447214	  0.000119103	  1.32917e-06	  12	  4.50157e-07
170	  0.755145	  0.5547	  0.000101648	  1.81121e-06	  12	  6.1341e-07
171	  0.817887	  0.640184	  8.51823e-05	  2.26354e-06	  12	  7.66606e-07
172	  0.888577	  0.707107	  7.0786e-05	  2.51668e-06	  12	  8.52336e-07
173	  0.965468	  0.759257	  5.87146e-05	  2.91165e-06	  12	  9.86102e-07
174	  0.636985	  0	  0.000147282	  3.50012e-06	  12	  1.1854e-06
175	  0.645536	  0.162221	  0.000143139	  1.90104e-06	  24	  4.83101e-07
176	  0.670534	  0.312348	  0.000131833	  2.17321e-06	  24	  5.52266e-07
177	  0.710244	  0.442326	  0.000116293	  2.93734e-06	  24	  7.46449e-07
178	  0.762371	  0.549442	  9.95093e-05	  3.67948e-06	  24	  9.35045e-07
179	  0.824564	  0.635001	  8.36412e-05	  1.84752e-06	  24	  4.695e-07
180	  0.894726	  0.702247	  6.96796e-05	  1.9183e-06	  24	  4.87486e-07
181	  0.971131	  0.754829	  5.79317e-05	  2.35908e-06	  24	  5.99499e-07
182	  0.662306	  0	  0.000135378	  2.16011e-06	  12	  7.31575e-07
183	  0.670534	  0.156174	  0.000131833	  2.00796e-06	  24	  5.10272e-07
184	  0.694632	  0.301511	  0.000122073	  2.21009e-06	  24	  5.61637e-07
185	  0.733038	  0.428571	  0.000108477	  2.86632e-06	  24	  7.28401e-07
186	  0.783651	  0.534522	  9.36575e-05	  2.36578e-06	  24	  6.01201e-07
187	  0.844278	  0.620174	  7.93415e-05	  2.34309e-06	  24	  5.95436e-07
188	  0.912926	  0.688247	  6.65967e-05	  1.71532e-06	  24	  4.35904e-07
189	  0.987924	  0.741999	  5.57298e-05	  1.97185e-06	  24	  5.01094e-07
190	  0.670534	  0	  0.000131833	  2.57134e-06	  12	  8.70847e-07
191	  0.678662	  0.154303	  0.000128405	  1.7272e-06	  24	  4.38922e-07
192	  0.702481	  0.298142	  0.000119103	  2.77224e-06	  24	  7.04492e-07
193	  0.74048	  0.424264	  0.00010613	  2.17735e-06	  24	  5.53318e-07
194	  0.790617	  0.529813	  9.18345e-05	  2.37263e-06	  24	  6.02942e-07
195	  0.850747	  0.615457	  7.80228e-05	  1.70848e-06	  24	  4.34167e-07
196	  0.918912	  0.683763	  6.56405e-05	  2.56852e-06	  24	  6.52724e-07
197	  0.993459	  0.737865	  5.50341e-05	  2.20205e-06	  24	  5.59595e-07
198	  0.702481	  0	  0.000119103	  1.10682e-06	  12	  3.74852e-07
199	  0.710244	  0.147442	  0.000116293	  2.19726e-06	  24	  5.58376e-07
200	  0.733038	  0.285714	  0.000108477	  2.80566e-06	  24	  7.12987e-07
201	  0.76953	  0.408248	  9.75033e-05	  2.33146e-06	  24	  5.92481e-07
202	  0.817887	  0.512148	  8.51823e-05	  3.29874e-06	  24	  8.3829e-07
203	  0.876148	  0.597614	  7.30409e-05	  2.71096e-06	  24	  6.8892e-07
204	  0.942478	  0.666667	  6.20055e-05	  2.25082e-06	  24	  5.71988e-07
205	  0.733038	  0	  0.000108477	  1.71109e-06	  6	  7.84105e-07
206	  0.74048	  0.141421	  0.00010613	  1.73141e-06	  12	  5.86384e-07
207	  0.762371	  0.274721	  9.95093e-05	  1.47118e-06	  12	  4.98252e-07
208	  0.797522	  0.393919	  9.00783e-05	  2.02806e-06	  12	  6.86855e-07
209	  0.844278	  0.496139	  7.93415e-05	  2.44314e-06	  12	  8.27429e-07
210	  0.900833	  0.581238	  6.86392e-05	  2.62404e-06	  12	  8.88697e-07
211	  0.965468	  0.650791	  5.87146e-05	  2.13151e-06	  12	  7.21889e-07
212	  0.74048	  0	  0.00010613	  1.80828e-06	  18	  5.16631e-07
213	  0.747849	  0.140028	  0.00010381	  2.36707e-06	  36	  5.12865e-07
214	  0.76953	  0.272166	  9.75033e-05	  1.83068e-06	  36	  3.96647e-07
215	  0.804368	  0.390567	  8.83936e-05	  2.66108e-06	  36	  5.76568e-07
216	  0.850747	  0.492366	  7.80228e-05	  1.68806e-06	  36	  3.65745e-07
217	  0.9069	  0.57735	  6.76145e-05	  1.70351e-06	  36	  3.69093e-07
218	  0.971131	  0.646997	  5.79317e-05	  2.77181e-06	  36	  6.0056e-07
219	  0.755145	  0	  0.000101648	  1.16528e-06	  12	  3.94652e-07
220	  0.762371	  0.137361	  9.95093e-05	  2.26755e-06	  24	  5.76238e-07
221	  0.783651	  0.267261	  9.36575e-05	  1.95168e-06	  24	  4.95969e-07
222	  0.817887	  0.384111	  8.51823e-05	  2.17391e-06	  24	  5.52443e-07
223	  0.863541	  0.485071	  7.54539e-05	  1.17673e-06	  24	  2.99035e-07
224	  0.918912	  0.569803	  6.56405e-05	  1.94139e-06	  24	  4.93355e-07
225	  0.982358	  0.639602	  5.64596e-05	  1.51921e-06	  24	  3.86068e-07
226	  0.762371	  0	  9.95093e-05	  9.80362e-07	  12	  3.32024e-07
227	  0.76953	  0.136083	  9.75033e-05	  2.23696e-06	  24	  5.68465e-07
228	  0.790617	  0.264906	  9.18345e-05	  1.55666e-06	  24	  3.95585e-07
229	  0.824564	  0.381	  8.36412e-05	  1.57254e-06	  24	  3.99619e-07
230	  0.869868	  0.481543	  7.4243e-05	  1.14849e-06	  24	  2.91858e-07
231	  0.92486	  0.566139	  6.46977e-05	  2.18854e-06	  24	  5.5616e-07
232	  0.987924	  0.635999	  5.57298e-05	  1.61944e-06	  24	  4.11539e-07
233	  0.797522	  0	  9.00783e-05	  1.74533e-06	  12	  5.91099e-07
234	  0.804368	  0.130189	  8.83936e-05	  2.15402e-06	  24	  5.47388e-07
235	  0.824564	  0.254	  8.36412e-05	  1.37508e-06	  24	  3.4944e-07
236	  0.857168	  0.366508	  7.6714e-05	  1.66587e-06	  24	  4.23337e-07
237	  0.900833	  0.464991	  6.86392e-05	  1.59042e-06	  24	  4.04164e-07
238	  0.954042	  0.548821	  6.03124e-05	  1.82631e-06	  24	  4.6411e-07
239	  0.817887	  0	  8.51823e-05	  1.28793e-06	  12	  4.36189e-07
240	  0.824564	  0.127	  8.36412e-05	  1.22254e-06	  24	  3.10676e-07
241	  0.844278	  0.248069	  7.93415e-05	  1.44754e-06	  24	  3.67855e-07
242	  0.876148	  0.358569	  7.30409e-05	  1.81585e-06	  24	  4.6145e-07
243	  0.918912	  0.455842	  6.56405e-05	  1.68984e-06	  24	  4.29428e-07
244	  0.971131	  0.539164	  5.79317e-05	  1.97841e-06	  24	  5.02762e-07
245	  0.837758	  0	  8.07459e-05	  1.62285e-06	  6	  7.43667e-07
246	  0.844278	  0.124035	  7.93415e-05	  2.13568e-06	  12	  7.23303e-07
247	  0.863541	  0.242536	  7.54539e-05	  6.71936e-07	  12	  2.27568e-07
248	  0.894726	  0.351123	  6.96796e-05	  1.33771e-06	  12	  4.53049e-07
249	  0.936642	  0.447214	  6.28741e-05	  1.37124e-06	  12	  4.64404e-07
250	  0.987924	  0.529999	  5.57298e-05	  2.24165e-06	  12	  7.5919e-07
251	  0.844278	  0	  7.93415e-05	  1.86473e-06	  24	  4.73873e-07
252	  0.850747	  0.123091	  7.80228e-05	  1.58001e-06	  48	  3.07055e-07
253	  0.869868	  0.240772	  7.4243e-05	  1.31342e-06	  48	  2.55246e-07
254	  0.900833	  0.348743	  6.86392e-05	  1.5627e-06	  48	  3.03692e-07
255	  0.942478	  0.444444	  6.20055e-05	  1.50135e-06	  48	  2.91769e-07
256	  0.993459	  0.527046	  5.50341e-05	  1.65965e-06	  48	  3.22533e-07
257	  0.863541	  0	  7.54539e-05	  8.07322e-07	  12	  2.7342e-07
258	  0.869868	  0.120386	  7.4243e-05	  1.39287e-06	  24	  3.53962e-07
259	  0.888577	  0.235702	  7.0786e-05	  1.36845e-06	  24	  3.47757e-07
260	  0.918912	  0.341882	  6.56405e-05	  1.44617e-06	  24	  3.67507e-07
261	  0.959772	  0.436436	  5.95111e-05	  1.4482e-06	  24	  3.68023e-07
262	  0.888577	  0	  7.0786e-05	  1.25921e-06	  6	  5.77033e-07
263	  0.894726	  0.117041	  6.96796e-05	  9.31994e-07	  12	  3.15643e-07
264	  0.912926	  0.229416	  6.65967e-05	  1.35078e-06	  12	  4.57475e-07
265	  0.942478	  0.333333	  6.20055e-05	  1.50076e-06	  12	  5.08271e-07
266	  0.982358	  0.426401	  5.64596e-05	  1.40999e-06	  12	  4.77529e-07
267	  0.894726	  0	  6.96796e-05	  9.35003e-07	  12	  3.16662e-07
268	  0.900833	  0.116248	  6.86392e-05	  1.16526e-06	  24	  2.96121e-07
269	  0.918912	  0.227921	  6.56405e-05	  1.45848e-06	  24	  3.70636e-07
270	  0.948278	  0.331295	  6.11422e-05	  1.46003e-06	  24	  3.71029e-07
271	  0.987924	  0.423999	  5.57298e-05	  1.25786e-06	  24	  3.19652e-07
272	  0.900833	  0	  6.86392e-05	  1.7206e-06	  12	  5.82726e-07
273	  0.9069	  0.11547	  6.76145e-05	  1.19773e-06	  24	  3.04371e-07
274	  0.92486	  0.226455	  6.46977e-05	  9.69008e-07	  24	  2.46248e-07
275	  0.954042	  0.329293	  6.03124e-05	  1.44831e-06	  24	  3.68051e-07
276	  0.993459	  0.421637	  5.50341e-05	  1.30949e-06	  24	  3.32773e-07
277	  0.936642	  0	  6.28741e-05	  8.7731e-07	  12	  2.97123e-07
278	  0.942478	  0.111111	  6.20055e-05	  1.2575e-06	  24	  3.19562e-07
279	  0.959772	  0.218218	  5.95111e-05	  1.10028e-06	  24	  2.79608e-07
280	  0.987924	  0.317999	  5.57298e-05	  1.03165e-06	  24	  2.62168e-07
281	  0.942478	  0	  6.20055e-05	  2.12132e-06	  6	  9.7209e-07
282	  0.948278	  0.110432	  6.11422e-05	  1.4882e-06	  12	  5.04017e-07
283	  0.965468	  0.21693	  5.87146e-05	  1.3006e-06	  12	  4.40481e-07
284	  0.993459	  0.316228	  5.50341e-05	  1.36648e-06	  12	  4.62791e-07
285	  0.948278	  0	  6.11422e-05	  1.3333e-06	  12	  4.51555e-07
286	  0.954042	  0.109764	  6.03124e-05	  1.00908e-06	  24	  2.56433e-07
287	  0.971131	  0.215666	  5.79317e-05	  8.48498e-07	  24	  2.15624e-07
288	  0.998963	  0.314485	  5.43564e-05	  1.0971e-06	  24	  2.78799e-07
289	  0.965468	  0	  5.87146e-05	  1.00909e-06	  24	  2.56434e-07
290	  0.971131	  0.107833	  5.79317e-05	  1.14014e-06	  48	  2.21573e-07
291	  0.987924	  0.212	  5.57298e-05	  1.23678e-06	  48	  2.40353e-07
292	  0.987924	  0	  5.57298e-05	  1.04993e-06	  12	  3.55586e-07
293	  0.993459	  0.105409	  5.50341e-05	  1.09898e-06	  24	  2.79277e-07
294	  0.993459	  0	  5.50341e-05	  9.21238e-07	  12	  3.12001e-07
295	  0.998963	  0.104828	  5.43564e-05	  9.53229e-07	  24	  2.42238e-07
296	  1.08818	  0.030936	  4.47331e-05	  8.88364e-07	  138	  1.20041e-07
297	  1.08818	  0.0938307	  4.47331e-05	  8.15319e-07	  252	  9.21262e-08
298	  1.08818	  0.156319	  4.47331e-05	  7.37627e-07	  72	  1.23811e-07
299	  1.08818	  0.218712	  4.47331e-05	  8.27726e-07	  216	  9.77059e-08
300	  1.08818	  0.281224	  4.47331e-05	  9.75992e-07	  288	  1.0631e-07
301	  1.08818	  0.343807	  4.47331e-05	  9.29031e-07	  120	  1.3126e-07
302	  1.08818	  0.406302	  4.47331e-05	  1.30063e-06	  180	  1.61975e-07
303	  1.08818	  0.468745	  4.47331e-05	  1.21728e-06	  180	  1.51595e-07
304	  1.08818	  0.531226	  4.47331e-05	  1.39679e-06	  192	  1.70645e-07
305	  1.08818	  0.593785	  4.47331e-05	  1.78013e-06	  192	  2.17476e-07
306	  1.08818	  0.656281	  4.47331e-05	  1.47396e-06	  168	  1.87417e-07
307	  1.08818	  0.718743	  4.47331e-05	  1.90031e-06	  228	  2.20867e-07
308	  1.08818	  0.781255	  4.47331e-05	  2.61952e-06	  144	  3.49269e-07
309	  1.08818	  0.843774	  4.47331e-05	  2.23627e-06	  240	  2.56164e-07
310	  1.08818	  0.90628	  4.47331e-05	  2.84387e-06	  168	  3.61603e-07
311	  1.08818	  0.968758	  4.47331e-05	  2.8823e-06	  150	  3.79454e-07
312	  1.25577	  0.030936	  3.21739e-05	  6.82054e-07	  198	  8.25741e-08
313	  1.25577	  0.0938307	  3.21739e-05	  6.99629e-07	  396	  7.01391e-08
314	  1.25577	  0.156319	  3.21739e-05	  6.72429e-07	  396	  6.74123e-08
315	  1.25577	  0.218712	  3.21739e-05	  6.3342e-07	  204	  7.60193e-08
316	  1.25577	  0.281224	  3.21739e-05	  7.5223e-07	  216	  8.87943e-08
317	  1.25577	  0.343807	  3.21739e-05	  7.46111e-07	  372	  7.59896e-08
318	  1.25577	  0.406302	  3.21739e-05	  8.51768e-07	  312	  9.08103e-08
319	  1.25577	  0.468745	  3.21739e-05	  8.44739e-07	  288	  9.20137e-08
320	  1.25577	  0.531226	  3.21739e-05	  1.12128e-06	  264	  1.25074e-07
321	  1.25577	  0.593785	  3.21739e-05	  1.05929e-06	  312	  1.12935e-07
322	  1.25577	  0.656281	  3.21739e-05	  1.13871e-06	  276	  1.25478e-07
323	  1.25577	  0.718743	  3.21739e-05	  1.29787e-06	  312	  1.38371e-07
324	  1.25577	  0.781255	  3.21739e-05	  1.511e-06	  276	  1.66502e-07
325	  1.25577	  0.843774	  3.21739e-05	  1.54125e-06	  240	  1.7655e-07
326	  1.25577	  0.90628	  3.21739e-05	  1.7385e-06	  324	  1.83508e-07
327	  1.25577	  0.968758	  3.21739e-05	  2.00969e-06	  315	  2.13718e-07
328	  1.45182	  0.030936	  2.29512e-05	  4.78515e-07	  246	  5.44348e-08
329	  1.45182	  0.0938307	  2.29512e-05	  4.40203e-07	  516	  4.1389e-08
330	  1.45182	  0.156319	  2.29512e-05	  4.88358e-07	  504	  4.61711e-08
331	  1.45182	  0.218712	  2.29512e-05	  4.53172e-07	  528	  4.23804e-08
332	  1.45182	  0.281224	  2.29512e-05	  4.91023e-07	  504	  4.64231e-08
333	  1.45182	  0.343807	  2.29512e-05	  5.55232e-07	  384	  5.60957e-08
334	  1.45182	  0.406302	  2.29512e-05	  6.75881e-07	  420	  6.67737e-08
335	  1.45182	  0.468745	  2.29512e-05	  5.94178e-07	  468	  5.71747e-08
336	  1.45182	  0.531226	  2.29512e-05	  6.69267e-07	  480	  6.40111e-08
337	  1.45182	  0.593785	  2.29512e-05	  7.0139e-07	  468	  6.74913e-08
338	  1.45182	  0.656281	  2.29512e-05	  7.54066e-07	  396	  7.55965e-08
339	  1.45182	  0.718743	  2.29512e-05	  8.40997e-07	  456	  8.14332e-08
340	  1.45182	  0.781255	  2.29512e-05	  1.03745e-06	  432	  1.01786e-07
341	  1.45182	  0.843774	  2.29512e-05	  1.03416e-06	  480	  9.89108e-08
342	  1.45182	  0.90628	  2.29512e-05	  1.22951e-06	  480	  1.17594e-07
343	  1.45182	  0.968758	  2.29512e-05	  1.37386e-06	  414	  1.36214e-07
344	  1.68148	  0.030936	  1.6245e-05	  3.28039e-07	  798	  2.80144e-08
345	  1.68148	  0.0938307	  1.6245e-05	  3.66724e-07	  708	  3.21185e-08
346	  1.68148	  0.156319	  1.6245e-05	  3.40427e-07	  684	  3.00379e-08
347	  1.68148	  0.218712	  1.6245e-05	  3.6873e-07	  720	  3.21782e-08
348	  1.68148	  0.281224	  1.6245e-05	  3.77543e-07	  708	  3.30661e-08
349	  1.68148	  0.343807	  1.6245e-05	  3.97381e-07	  720	  3.46785e-08
350	  1.68148	  0.406302	  1.6245e-05	  4.22491e-07	  672	  3.74225e-08
351	  1.68148	  0.468745	  1.6245e-05	  4.88902e-07	  732	  4.25155e-08
352	  1.68148	  0.531226	  1.6245e-05	  5.01672e-07	  672	  4.4436e-08
353	  1.68148	  0.593785	  1.6245e-05	  5.12259e-07	  708	  4.48648e-08
354	  1.68148	  0.656281	  1.6245e-05	  5.35139e-07	  744	  4.63761e-08
355	  1.68148	  0.718743	  1.6245e-05	  6.64359e-07	  744	  5.75745e-08
356	  1.68148	  0.781255	  1.6245e-05	  7.21122e-07	  696	  6.33902e-08
357	  1.68148	  0.843774	  1.6245e-05	  7.27826e-07	  708	  6.37446e-08
358	  1.68148	  0.90628	  1.6245e-05	  8.00536e-07	  696	  7.0371e-08
359	  1.68148	  0.968758	  1.6245e-05	  8.9887e-07	  741	  7.79643e-08
360	  1.94819	  0.030936	  1.14415e-05	  2.42702e-07	  1368	  1.8697e-08
361	  1.94819	  0.0938307	  1.14415e-05	  2.43824e-07	  924	  2.02124e-08
362	  1.94819	  0.156319	  1.14415e-05	  2.56531e-07	  972	  2.10548e-08
363	  1.94819	  0.218712	  1.14415e-05	  2.75354e-07	  972	  2.25997e-08
364	  1.94819	  0.281224	  1.14415e-05	  2.52629e-07	  1200	  1.99242e-08
365	  1.94819	  0.343807	  1.14415e-05	  2.71877e-07	  1140	  2.16461e-08
366	  1.94819	  0.406302	  1.14415e-05	  2.94718e-07	  1080	  2.37039e-08
367	  1.94819	  0.468745	  1.14415e-05	  3.28733e-07	  1068	  2.64957e-08
368	  1.94819	  0.531226	  1.14415e-05	  3.1061e-07	  1164	  2.46347e-08
369	  1.94819	  0.593785	  1.14415e-05	  3.76771e-07	  1188	  2.97698e-08
370	  1.94819	  0.656281	  1.14415e-05	  3.78136e-07	  1068	  3.04776e-08
371	  1.94819	  0.718743	  1.14415e-05	  4.04791e-07	  1008	  3.29892e-08
372	  1.94819	  0.781255	  1.14415e-05	  4.46263e-07	  1164	  3.53934e-08
373	  1.94819	  0.843774	  1.14415e-05	  4.73892e-07	  1176	  3.75136e-08
374	  1.94819	  0.90628	  1.14415e-05	  5.00283e-07	  1080	  4.02373e-08
375	  1.94819	  0.968758	  1.14415e-05	  5.35827e-07	  1038	  4.34226e-08
376	  2.25604	  0.030936	  8.04204e-06	  1.81965e-07	  1896	  1.32772e-08
377	  2.25604	  0.0938307	  8.04204e-06	  1.84251e-07	  1272	  1.43787e-08
378	  2.25604	  0.156319	  8.04204e-06	  1.78418e-07	  2040	  1.28711e-08
379	  2.25604	  0.218712	  8.04204e-06	  1.9155e-07	  1740	  1.41696e-08
380	  2.25604	  0.281224	  8.04204e-06	  1.94654e-07	  1584	  1.46235e-08
381	  2.25604	  0.343807	  8.04204e-06	  1.9725e-07	  1764	  1.45589e-08
382	  2.25604	  0.406302	  8.04204e-06	  2.0643e-07	  1632	  1.54314e-08
383	  2.25604	  0.468745	  8.04204e-06	  2.19805e-07	  1860	  1.60869e-08
384	  2.25604	  0.531226	  8.04204e-06	  2.35104e-07	  1560	  1.77077e-08
385	  2.25604	  0.593785	  8.04204e-06	  2.44457e-07	  1692	  1.81658e-08
386	  2.25604	  0.656281	  8.04204e-06	  2.65947e-07	  1704	  1.974e-08
387	  2.25604	  0.718743	  8.04204e-06	  2.77899e-07	  1824	  2.04018e-08
388	  2.25604	  0.781255	  8.04204e-06	  2.88084e-07	  1668	  2.1458e-08
389	  2.25604	  0.843774	  8.04204e-06	  3.04585e-07	  1680	  2.26603e-08
390	  2.25604	  0.90628	  8.04204e-06	  3.24318e-07	  1776	  2.39116e-08
391	  2.25604	  0.968758	  8.04204e-06	  3.34197e-07	  1656	  2.49223e-08
392	  2.61216	  0.030936	  5.63734e-06	  1.35756e-07	  2586	  9.4574e-09
393	  2.61216	  0.0938307	  5.63734e-06	  1.30936e-07	  3036	  8.92311e-09
394	  2.61216	  0.156319	  5.63734e-06	  1.40314e-07	  2124	  1.00603e-08
395	  2.61216	  0.218712	  5.63734e-06	  1.32438e-07	  2940	  9.06445e-09
396	  2.61216	  0.281224	  5.63734e-06	  1.37573e-07	  2616	  9.5684e-09
397	  2.61216	  0.343807	  5.63734e-06	  1.45166e-07	  2448	  1.01923e-08
398	  2.61216	  0.406302	  5.63734e-06	  1.52236e-07	  2916	  1.0431e-08
399	  2.61216	  0.468745	  5.63734e-06	  1.53074e-07	  2544	  1.06886e-08
400	  2.61216	  0.531226	  5.63734e-06	  1.61277e-07	  2652	  1.11956e-08
401	  2.61216	  0.593785	  5.63734e-06	  1.66542e-07	  2748	  1.15041e-08
402	  2.61216	  0.656281	  5.63734e-06	  1.76658e-07	  2676	  1.22479e-08
403	  2.61216	  0.718743	  5.63734e-06	  1.76852e-07	  2472	  1.23996e-08
404	  2.61216	  0.781255	  5.63734e-06	  1.86571e-07	  2616	  1.29763e-08
405	  2.61216	  0.843774	  5.63734e-06	  1.90382e-07	  2736	  1.31588e-08
406	  2.61216	  0.90628	  5.63734e-06	  1.96722e-07	  2568	  1.37181e-08
407	  2.61216	  0.968758	  5.63734e-06	  1.99197e-07	  2745	  1.37619e-08
408	  3.02645	  0.030936	  3.93212e-06	  1.03676e-07	  3414	  6.95819e-09
409	  3.02645	  0.0938307	  3.93212e-06	  9.8636e-08	  4512	  6.40022e-09
410	  3.02645	  0.156319	  3.93212e-06	  9.8419e-08	  4632	  6.36704e-09
411	  3.02645	  0.218712	  3.93212e-06	  9.40573e-08	  3972	  6.19527e-09
412	  3.02645	  0.281224	  3.93212e-06	  9.82722e-08	  4176	  6.43434e-09
413	  3.02645	  0.343807	  3.93212e-06	  1.04827e-07	  4344	  6.83185e-09
414	  3.02645	  0.406302	  3.93212e-06	  1.07799e-07	  4044	  7.08509e-09
415	  3.02645	  0.468745	  3.93212e-06	  1.08048e-07	  4092	  7.09146e-09
416	  3.02645	  0.531226	  3.93212e-06	  1.14949e-07	  4296	  7.50124e-09
417	  3.02645	  0.593785	  3.93212e-06	  1.1575e-07	  3996	  7.61857e-09
418	  3.02645	  0.656281	  3.93212e-06	  1.15565e-07	  4188	  7.56404e-09
419	  3.02645	  0.718743	  3.93212e-06	  1.24187e-07	  4212	  8.12289e-09
420	  3.02645	  0.781255	  3.93212e-06	  1.18221e-07	  4140	  7.74842e-09
421	  3.02645	  0.843774	  3.93212e-06	  1.18897e-07	  4128	  7.79538e-09
422	  3.02645	  0.90628	  3.93212e-06	  1.21358e-07	  4188	  7.9432e-09
423	  3.02645	  0.968758	  3.93212e-06	  1.15135e-07	  4128	  7.54874e-09
424	  3.50419	  0.030936	  2.74025e-06	  7.23155e-08	  7002	  4.47999e-09
425	  3.50419	  0.0938307	  2.74025e-06	  7.24348e-08	  6240	  4.53871e-09
426	  3.50419	  0.156319	  2.74025e-06	  6.9609e-08	  5964	  4.3818e-09
427	  3.50419	  0.218712	  2.74025e-06	  7.19158e-08	  6180	  4.5106e-09
428	  3.50419	  0.281224	  2.74025e-06	  7.1078e-08	  6420	  4.44099e-09
429	  3.50419	  0.343807	  2.74025e-06	  7.24856e-08	  6516	  4.52225e-09
430	  3.50419	  0.406302	  2.74025e-06	  7.56911e-08	  6312	  4.73727e-09
431	  3.50419	  0.468745	  2.74025e-06	  7.66372e-08	  6276	  4.79925e-09
432	  3.50419	  0.531226	  2.74025e-06	  7.62183e-08	  6360	  4.76664e-09
433	  3.50419	  0.593785	  2.74025e-06	  7.71401e-08	  6408	  4.82065e-09
434	  3.50419	  0.656281	  2.74025e-06	  7.99539e-08	  6360	  5.00025e-09
435	  3.50419	  0.718743	  2.74025e-06	  7.67583e-08	  6336	  4.80223e-09
436	  3.50419	  0.781255	  2.74025e-06	  7.25231e-08	  6372	  4.53469e-09
437	  3.50419	  0.843774	  2.74025e-06	  7.5672e-08	  6456	  4.72539e-09
438	  3.50419	  0.90628	  2.74025e-06	  7.11275e-08	  6360	  4.44826e-09
439	  3.50419	  0.968758	  2.74025e-06	  6.69649e-08	  6327	  4.19012e-09
440	  4.05763	  0.030936	  1.90421e-06	  5.28937e-08	  10392	  3.16355e-09
441	  4.05763	  0.0938307	  1.90421e-06	  5.12468e-08	  9420	  3.09035e-09
442	  4.05763	  0.156319	  1.90421e-06	  5.17584e-08	  10176	  3.10101e-09
443	  4.05763	  0.218712	  1.90421e-06	  5.08366e-08	  10260	  3.04372e-09
444	  4.05763	  0.281224	  1.90421e-06	  4.89454e-08	  9528	  2.9487e-09
445	  4.05763	  0.343807	  1.90421e-06	  4.99243e-08	  10140	  2.992e-09
446	  4.05763	  0.406302	  1.90421e-06	  5.19243e-08	  9960	  3.1165e-09
447	  4.05763	  0.468745	  1.90421e-06	  5.11812e-08	  10068	  3.06914e-09
448	  4.05763	  0.531226	  1.90421e-06	  5.15755e-08	  9996	  3.09463e-09
449	  4.05763	  0.593785	  1.90421e-06	  4.89946e-08	  9828	  2.94395e-09
450	  4.05763	  0.656281	  1.90421e-06	  4.76864e-08	  10032	  2.86042e-09
451	  4.05763	  0.718743	  1.90421e-06	  4.68858e-08	  9924	  2.81494e-09
452	  4.05763	  0.781255	  1.90421e-06	  4.42636e-08	  10116	  2.65327e-09
453	  4.05763	  0.843774	  1.90421e-06	  4.3191e-08	  9888	  2.5939e-09
454	  4.05763	  0.90628	  1.90421e-06	  4.07714e-08	  10008	  2.44612e-09
455	  4.05763	  0.968758	  1.90421e-06	  3.63468e-08	  9978	  2.18121e-09
456	  4.69917	  0.030936	  1.3189e-06	  3.81197e-08	  13626	  2.23254e-09
457	  4.69917	  0.0938307	  1.3189e-06	  3.79245e-08	  16392	  2.19244e-09
458	  4.69917	  0.156319	  1.3189e-06	  3.68255e-08	  15708	  2.1351e-09
459	  4.69917	  0.218712	  1.3189e-06	  3.58359e-08	  15432	  2.08027e-09
460	  4.69917	  0.281224	  1.3189e-06	  3.46782e-08	  15780	  2.00997e-09
461	  4.69917	  0.343807	  1.3189e-06	  3.44913e-08	  15300	  2.00341e-09
462	  4.69917	  0.406302	  1.3189e-06	  3.34463e-08	  15588	  1.9402e-09
463	  4.69917	  0.468745	  1.3189e-06	  3.34756e-08	  15396	  1.94357e-09
464	  4.69917	  0.531226	  1.3189e-06	  3.24758e-08	  15504	  1.88461e-09
465	  4.69917	  0.593785	  1.3189e-06	  3.10865e-08	  15660	  1.80274e-09
466	  4.69917	  0.656281	  1.3189e-06	  2.91086e-08	  15192	  1.6916e-09
467	  4.69917	  0.718743	  1.3189e-06	  2.79141e-08	  15600	  1.6192e-09
468	  4.69917	  0.781255	  1.3189e-06	  2.60326e-08	  15216	  1.51267e-09
469	  4.69917	  0.843774	  1.3189e-06	  2.41028e-08	  15516	  1.39864e-09
470	  4.69917	  0.90628	  1.3189e-06	  2.19625e-08	  15540	  1.27431e-09
471	  4.69917	  0.968758	  1.3189e-06	  1.96634e-08	  15405	  1.1416e-09
472	  5.4432	  0.030936	  9.11188e-07	  2.7561e-08	  26250	  1.54816e-09
473	  5.4432	  0.0938307	  9.11188e-07	  2.67949e-08	  22392	  1.51881e-09
474	  5.4432	  0.156319	  9.11188e-07	  2.5699e-08	  24516	  1.44908e-09
475	  5.4432	  0.218712	  9.11188e-07	  2.48527e-08	  23592	  1.40444e-09
476	  5.4432	  0.281224	  9.11188e-07	  2.39354e-08	  24264	  1.35043e-09
477	  5.4432	  0.343807	  9.11188e-07	  2.32042e-08	  23928	  1.31022e-09
478	  5.4432	  0.406302	  9.11188e-07	  2.21352e-08	  24120	  1.24929e-09
479	  5.4432	  0.468745	  9.11188e-07	  2.09021e-08	  23964	  1.18013e-09
480	  5.4432	  0.531226	  9.11188e-07	  2.00213e-08	  24060	  1.13014e-09
481	  5.4432	  0.593785	  9.11188e-07	  1.8604e-08	  24108	  1.05002e-09
482	  5.4432	  0.656281	  9.11188e-07	  1.71944e-08	  24228	  9.70187e-10
483	  5.4432	  0.718743	  9.11188e-07	  1.57411e-08	  24144	  8.88358e-10
484	  5.4432	  0.781255	  9.11188e-07	  1.41707e-08	  23940	  8.0012e-10
485	  5.4432	  0.843774	  9.11188e-07	  1.25494e-08	  24192	  7.08156e-10
486	  5.4432	  0.90628	  9.11188e-07	  1.13497e-08	  23988	  6.40763e-10
487	  5.4432	  0.968758	  9.11188e-07	  9.84808e-09	  24141	  5.55787e-10
488	  6.30378	  0.030936	  6.28467e-07	  1.9592e-08	  35082	  1.0842e-09
489	  6.30378	  0.0938307	  6.28467e-07	  1.87862e-08	  39108	  1.03431e-09
490	  6.30378	  0.156319	  6.28467e-07	  1.79493e-08	  36924	  9.90874e-10
491	  6.30378	  0.218712	  6.28467e-07	  1.70439e-08	  37692	  9.39987e-10
492	  6.30378	  0.281224	  6.28467e-07	  1.58585e-08	  37092	  8.75266e-10
493	  6.30378	  0.343807	  6.28467e-07	  1.51914e-08	  37536	  8.37983e-10
494	  6.30378	  0.406302	  6.28467e-07	  1.38942e-08	  36984	  7.6696e-10
495	  6.30378	  0.468745	  6.28467e-07	  1.29787e-08	  37428	  7.16024e-10
496	  6.30378	  0.531226	  6.28467e-07	  1.1728e-08	  37392	  6.4705e-10
497	  6.30378	  0.593785	  6.28467e-07	  1.05452e-08	  37200	  5.81934e-10
498	  6.30378	  0.656281	  6.28467e-07	  9.47503e-09	  36924	  5.23061e-10
499	  6.30378	  0.718743	  6.28467e-07	  8.33422e-09	  37272	  4.5988e-10
500	  6.30378	  0.781255	  6.28467e-07	  7.21901e-09	  37284	  3.98337e-10
501	  6.30378	  0.843774	  6.28467e-07	  6.20778e-09	  37188	  3.4258e-10
502	  6.30378	  0.90628	  6.28467e-07	  5.3863e-09	  37320	  2.97197e-10
503	  6.30378	  0.968758	  6.28467e-07	  4.48552e-09	  37119	  2.47558e-10
504	  7.30029	  0.030936	  4.32392e-07	  1.35433e-08	  60258	  7.32335e-10
505	  7.30029	  0.0938307	  4.32392e-07	  1.28624e-08	  56916	  6.97032e-10
506	  7.30029	  0.156319	  4.32392e-07	  1.20718e-08	  56820	  6.54234e-10
507	  7.30029	  0.218712	  4.32392e-07	  1.12276e-08	  58716	  6.07718e-10
508	  7.30029	  0.281224	  4.32392e-07	  1.02197e-08	  57840	  5.53478e-10
509	  7.30029	  0.343807	  4.32392e-07	  9.29047e-09	  57612	  5.0323e-10
510	  7.30029	  0.406302	  4.32392e-07	  8.42913e-09	  58464	  4.56318e-10
511	  7.30029	  0.468745	  4.32392e-07	  7.46371e-09	  57948	  4.04191e-10
512	  7.30029	  0.531226	  4.32392e-07	  6.55068e-09	  57708	  3.54803e-10
513	  7.30029	  0.593785	  4.32392e-07	  5.61387e-09	  58236	  3.03957e-10
514	  7.30029	  0.656281	  4.32392e-07	  4.8273e-09	  58008	  2.61408e-10
515	  7.30029	  0.718743	  4.32392e-07	  4.06175e-09	  58200	  2.19924e-10
516	  7.30029	  0.781255	  4.32392e-07	  3.3672e-09	  58128	  1.82326e-10
517	  7.30029	  0.843774	  4.32392e-07	  2.82711e-09	  57972	  1.53097e-10
518	  7.30029	  0.90628	  4.32392e-07	  2.30152e-09	  57960	  1.24636e-10
519	  7.30029	  0.968758	  4.32392e-07	  1.84507e-09	  58122	  9.9907e-11
520	  8.455	  0.030936	  2.96967e-07	  9.12967e-09	  90198	  4.86882e-10
521	  8.455	  0.0938307	  2.96967e-07	  8.70573e-09	  89292	  4.6442e-10
522	  8.455	  0.156319	  2.96967e-07	  7.98646e-09	  90804	  4.25826e-10
523	  8.455	  0.218712	  2.96967e-07	  7.11561e-09	  89628	  3.79548e-10
524	  8.455	  0.281224	  2.96967e-07	  6.30674e-09	  89844	  3.36378e-10
525	  8.455	  0.343807	  2.96967e-07	  5.52537e-09	  90636	  2.94622e-10
526	  8.455	  0.406302	  2.96967e-07	  4.72091e-09	  89628	  2.51814e-10
527	  8.455	  0.468745	  2.96967e-07	  3.98654e-09	  89772	  2.12632e-10
528	  8.455	  0.531226	  2.96967e-07	  3.33946e-09	  90324	  1.78085e-10
529	  8.455	  0.593785	  2.96967e-07	  2.72695e-09	  89784	  1.45448e-10
530	  8.455	  0.656281	  2.96967e-07	  2.21693e-09	  90216	  1.18227e-10
531	  8.455	  0.718743	  2.96967e-07	  1.80129e-09	  89796	  9.60756e-11
532	  8.455	  0.781255	  2.96967e-07	  1.44031e-09	  90120	  7.68134e-11
533	  8.455	  0.843774	  2.96967e-07	  1.14341e-09	  90132	  6.09791e-11
534	  8.455	  0.90628	  2.96967e-07	  9.04301e-10	  89916	  4.82308e-11
535	  8.455	  0.968758	  2.96967e-07	  6.91721e-10	  89964	  3.68923e-11
536	  9.79129	  0.030936	  2.03548e-07	  6.00594e-09	  139068	  3.16402e-10
537	  9.79129	  0.0938307	  2.03548e-07	  5.57864e-09	  141180	  2.93779e-10
538	  9.79129	  0.156319	  2.03548e-07	  5.03387e-09	  139380	  2.65177e-10
539	  9.79129	  0.218712	  2.03548e-07	  4.34949e-09	  138804	  2.29149e-10
540	  9.79129	  0.281224	  2.03548e-07	  3.65561e-09	  140952	  1.92517e-10
541	  9.79129	  0.343807	  2.03548e-07	  3.03624e-09	  139668	  1.59936e-10
542	  9.79129	  0.406302	  2.03548e-07	  2.45198e-09	  139464	  1.29165e-10
543	  9.79129	  0.468745	  2.03548e-07	  1.9611e-09	  139812	  1.033e-10
544	  9.79129	  0.531226	  2.03548e-07	  1.54392e-09	  139884	  8.1324e-11
545	  9.79129	  0.593785	  2.03548e-07	  1.20583e-09	  140184	  6.3512e-11
546	  9.79129	  0.656281	  2.03548e-07	  9.34658e-10	  139404	  4.92362e-11
547	  9.79129	  0.718743	  2.03548e-07	  7.2983e-10	  139932	  3.84425e-11
548	  9.79129	  0.781255	  2.03548e-07	  5.62778e-10	  139980	  2.96431e-11
549	  9.79129	  0.843774	  2.03548e-07	  4.2731e-10	  139632	  2.2509e-11
550	  9.79129	  0.90628	  2.03548e-07	  3.26267e-10	  140088	  1.71851e-11
551	  9.79129	  0.968758	  2.03548e-07	  2.37053e-10	  139623	  1.2487e-11
