#n	   k	      mu	    PL	    Pf	     w	     err  
0	  0.125664	  1	  0.0036959	  0.00118351	  3	  0.000742473
1	  0.251327	  1	  0.00106047	  0.000264777	  3	  0.000166108
2	  0.376991	  1	  0.000466303	  0.000243985	  3	  0.000153064
3	  0.502655	  1	  0.000253436	  4.59021e-05	  3	  2.87967e-05
4	  0.628319	  1	  0.000155616	  1.44884e-05	  3	  9.08931e-06
5	  0.753982	  1	  0.000103425	  7.37269e-05	  3	  4.62526e-05
6	  0.879646	  1	  7.28407e-05	  3.59215e-05	  3	  2.25354e-05
7	  1.00531	  1	  5.35061e-05	  2.54035e-05	  3	  1.59369e-05
8	  0.125664	  0	  0.0036959	  0.00024134	  6	  0.000110594
9	  0.177715	  0.707107	  0.0019828	  0.000244481	  12	  8.27996e-05
10	  0.280993	  0.894427	  0.000830349	  0.00028697	  12	  9.71897e-05
11	  0.397384	  0.948683	  0.000416623	  0.000111668	  12	  3.78192e-05
12	  0.518125	  0.970143	  0.000237377	  5.05427e-05	  12	  1.71176e-05
13	  0.640762	  0.980581	  0.000148872	  3.83011e-05	  12	  1.29716e-05
14	  0.764382	  0.986394	  0.000100316	  2.21095e-05	  12	  7.48792e-06
15	  0.888577	  0.989949	  7.11406e-05	  2.80021e-05	  12	  9.48362e-06
16	  1.01313	  0.992278	  5.25352e-05	  1.43099e-05	  12	  4.84641e-06
17	  0.177715	  0	  0.0019828	  0.000111767	  6	  5.12172e-05
18	  0.217656	  0.57735	  0.00133711	  0.000139243	  12	  4.71583e-05
19	  0.307812	  0.816497	  0.000705261	  0.000139501	  12	  4.72455e-05
20	  0.416779	  0.904534	  0.00037631	  7.44732e-05	  12	  2.52222e-05
21	  0.533146	  0.942809	  0.00022305	  4.776e-05	  12	  1.61751e-05
22	  0.652968	  0.96225	  0.000142878	  4.01108e-05	  12	  1.35845e-05
23	  0.774643	  0.973329	  9.73299e-05	  2.42565e-05	  12	  8.21509e-06
24	  0.897418	  0.980196	  6.9528e-05	  1.75471e-05	  12	  5.94277e-06
25	  1.0209	  0.984732	  5.15717e-05	  1.9029e-05	  12	  6.44465e-06
26	  0.251327	  0	  0.00106047	  6.15024e-05	  6	  2.81834e-05
27	  0.280993	  0.447214	  0.000830349	  9.51317e-05	  12	  3.22187e-05
28	  0.355431	  0.707107	  0.000522559	  0.000103044	  12	  3.48986e-05
29	  0.453087	  0.83205	  0.000316557	  7.02377e-05	  12	  2.37878e-05
30	  0.561985	  0.894427	  0.000198809	  5.62583e-05	  12	  1.90533e-05
31	  0.67672	  0.928477	  0.000131929	  1.93398e-05	  12	  6.54992e-06
32	  0.794767	  0.948683	  9.18425e-05	  1.99742e-05	  12	  6.76478e-06
33	  0.914846	  0.961524	  6.65461e-05	  1.90768e-05	  12	  6.46084e-06
34	  1.03625	  0.970143	  4.98577e-05	  6.6622e-06	  12	  2.25632e-06
35	  0.280993	  0	  0.000830349	  6.79574e-05	  12	  2.30155e-05
36	  0.307812	  0.408248	  0.000705261	  6.0952e-05	  24	  1.54894e-05
37	  0.376991	  0.666667	  0.000466303	  7.6323e-05	  24	  1.93955e-05
38	  0.470191	  0.801784	  0.000292102	  5.06107e-05	  24	  1.28614e-05
39	  0.575863	  0.872872	  0.000188534	  5.90328e-05	  24	  1.50017e-05
40	  0.688288	  0.912871	  0.000126977	  2.73541e-05	  24	  6.95133e-06
41	  0.80464	  0.937043	  8.92591e-05	  1.66222e-05	  24	  4.2241e-06
42	  0.923436	  0.952579	  6.50763e-05	  1.7063e-05	  24	  4.33612e-06
43	  1.04384	  0.963087	  4.90121e-05	  1.36307e-05	  24	  3.46388e-06
44	  0.355431	  0	  0.000522559	  3.57827e-05	  6	  1.63973e-05
45	  0.376991	  0.333333	  0.000466303	  4.67273e-05	  12	  1.58254e-05
46	  0.435312	  0.57735	  0.000344566	  3.63612e-05	  12	  1.23146e-05
47	  0.518125	  0.727607	  0.000237377	  4.53126e-05	  12	  1.53462e-05
48	  0.615624	  0.816497	  0.000162737	  3.59494e-05	  12	  1.21752e-05
49	  0.721883	  0.870388	  0.000114148	  2.69826e-05	  12	  9.13833e-06
50	  0.833559	  0.904534	  8.23379e-05	  2.76105e-05	  12	  9.35097e-06
51	  0.94874	  0.927173	  6.11765e-05	  1.29285e-05	  12	  4.37857e-06
52	  0.376991	  0	  0.000466303	  4.28266e-05	  6	  1.96252e-05
53	  0.397384	  0.316228	  0.000416623	  3.95852e-05	  12	  1.34065e-05
54	  0.453087	  0.5547	  0.000316557	  4.74987e-05	  12	  1.60866e-05
55	  0.533146	  0.707107	  0.00022305	  2.59796e-05	  12	  8.79865e-06
56	  0.628319	  0.8	  0.000155616	  3.69911e-05	  12	  1.2528e-05
57	  0.732739	  0.857493	  0.000110286	  1.23399e-05	  12	  4.17923e-06
58	  0.842978	  0.894427	  8.02818e-05	  1.52776e-05	  12	  5.17415e-06
59	  0.957026	  0.919145	  5.99288e-05	  1.39024e-05	  12	  4.7084e-06
60	  0.397384	  0	  0.000416623	  2.79118e-05	  12	  9.45304e-06
61	  0.416779	  0.301511	  0.00037631	  2.62969e-05	  24	  6.68268e-06
62	  0.470191	  0.534522	  0.000292102	  2.36688e-05	  24	  6.0148e-06
63	  0.547755	  0.688247	  0.000210281	  4.47875e-05	  24	  1.13816e-05
64	  0.640762	  0.784465	  0.000148872	  2.25126e-05	  24	  5.72099e-06
65	  0.743437	  0.845154	  0.000106831	  1.68977e-05	  24	  4.2941e-06
66	  0.852293	  0.884652	  7.83087e-05	  2.39144e-05	  24	  6.07723e-06
67	  0.965241	  0.911322	  5.87941e-05	  1.46629e-05	  24	  3.72619e-06
68	  0.453087	  0	  0.000316557	  2.51278e-05	  12	  8.51014e-06
69	  0.470191	  0.267261	  0.000292102	  1.64974e-05	  24	  4.19239e-06
70	  0.518125	  0.485071	  0.000237377	  3.16926e-05	  24	  8.05385e-06
71	  0.589415	  0.639602	  0.000179188	  1.82706e-05	  24	  4.643e-06
72	  0.67672	  0.742781	  0.000131929	  2.59523e-05	  24	  6.5951e-06
73	  0.774643	  0.811107	  9.73299e-05	  2.03977e-05	  24	  5.18354e-06
74	  0.879646	  0.857143	  7.28407e-05	  1.7694e-05	  24	  4.49648e-06
75	  0.989477	  0.889001	  5.54709e-05	  8.41585e-06	  24	  2.13867e-06
76	  0.502655	  0	  0.000253436	  6.05778e-06	  6	  2.77597e-06
77	  0.518125	  0.242536	  0.000237377	  1.18955e-05	  12	  4.0287e-06
78	  0.561985	  0.447214	  0.000198809	  2.28404e-05	  12	  7.73548e-06
79	  0.628319	  0.6	  0.000155616	  1.98419e-05	  12	  6.71997e-06
80	  0.710861	  0.707107	  0.000118106	  8.01499e-06	  12	  2.71448e-06
81	  0.80464	  0.780869	  8.92591e-05	  1.86996e-05	  12	  6.3331e-06
82	  0.906174	  0.83205	  6.80299e-05	  1.19902e-05	  12	  4.0608e-06
83	  1.01313	  0.868243	  5.25352e-05	  1.17794e-05	  12	  3.98939e-06
84	  0.518125	  0	  0.000237377	  1.30563e-05	  12	  4.42184e-06
85	  0.533146	  0.235702	  0.00022305	  8.22224e-06	  24	  2.08947e-06
86	  0.575863	  0.436436	  0.000188534	  2.70303e-05	  24	  6.86906e-06
87	  0.640762	  0.588348	  0.000148872	  1.47489e-05	  24	  3.74805e-06
88	  0.721883	  0.696311	  0.000114148	  1.16012e-05	  24	  2.94814e-06
89	  0.814394	  0.771517	  8.68549e-05	  1.05607e-05	  24	  2.68372e-06
90	  0.914846	  0.824163	  6.65461e-05	  1.69064e-05	  24	  4.29633e-06
91	  1.0209	  0.86164	  5.15717e-05	  1.32328e-05	  24	  3.36277e-06
92	  0.533146	  0	  0.00022305	  1.29002e-05	  6	  5.9115e-06
93	  0.547755	  0.229416	  0.000210281	  2.24644e-05	  12	  7.60815e-06
94	  0.589415	  0.426401	  0.000179188	  1.67994e-05	  12	  5.68952e-06
95	  0.652968	  0.57735	  0.000142878	  6.55799e-06	  12	  2.22103e-06
96	  0.732739	  0.685994	  0.000110286	  1.97096e-05	  12	  6.67515e-06
97	  0.824032	  0.762493	  8.45833e-05	  1.24071e-05	  12	  4.20196e-06
98	  0.923436	  0.816497	  6.50763e-05	  1.08809e-05	  12	  3.68509e-06
99	  1.0286	  0.855186	  5.07096e-05	  6.69738e-06	  12	  2.26824e-06
100	  0.561985	  0	  0.000198809	  1.60886e-05	  12	  5.44881e-06
101	  0.575863	  0.218218	  0.000188534	  2.11292e-05	  24	  5.36943e-06
102	  0.615624	  0.408248	  0.000162737	  2.00178e-05	  24	  5.08701e-06
103	  0.67672	  0.557086	  0.000131929	  1.83389e-05	  24	  4.66036e-06
104	  0.753982	  0.666667	  0.000103425	  1.41436e-05	  24	  3.59422e-06
105	  0.842978	  0.745356	  8.02818e-05	  1.44019e-05	  24	  3.65986e-06
106	  0.940381	  0.801784	  6.24613e-05	  1.19347e-05	  24	  3.03288e-06
107	  1.04384	  0.842701	  4.90121e-05	  8.46535e-06	  24	  2.15125e-06
108	  0.628319	  0	  0.000155616	  1.1098e-05	  18	  3.17072e-06
109	  0.640762	  0.196116	  0.000148872	  1.12178e-05	  36	  2.43053e-06
110	  0.67672	  0.371391	  0.000131929	  9.77118e-06	  36	  2.11709e-06
111	  0.732739	  0.514496	  0.000110286	  1.0532e-05	  36	  2.28194e-06
112	  0.80464	  0.624695	  8.92591e-05	  1.11657e-05	  36	  2.41924e-06
113	  0.888577	  0.707107	  7.11406e-05	  1.0974e-05	  36	  2.37771e-06
114	  0.981465	  0.768221	  5.65533e-05	  9.63166e-06	  36	  2.08686e-06
115	  0.640762	  0	  0.000148872	  1.0838e-05	  12	  3.67057e-06
116	  0.652968	  0.19245	  0.000142878	  1.35945e-05	  24	  3.45469e-06
117	  0.688288	  0.365148	  0.000126977	  1.04016e-05	  24	  2.6433e-06
118	  0.743437	  0.507093	  0.000106831	  1.20411e-05	  24	  3.05994e-06
119	  0.814394	  0.617213	  8.68549e-05	  1.05253e-05	  24	  2.67473e-06
120	  0.897418	  0.70014	  6.9528e-05	  9.96665e-06	  24	  2.53277e-06
121	  0.989477	  0.762001	  5.54709e-05	  4.42214e-06	  24	  1.12377e-06
122	  0.67672	  0	  0.000131929	  4.54944e-06	  12	  1.54078e-06
123	  0.688288	  0.182574	  0.000126977	  8.38349e-06	  24	  2.13045e-06
124	  0.721883	  0.348155	  0.000114148	  1.05337e-05	  24	  2.67686e-06
125	  0.774643	  0.486664	  9.73299e-05	  1.04562e-05	  24	  2.65718e-06
126	  0.842978	  0.596285	  8.02818e-05	  1.06304e-05	  24	  2.70145e-06
127	  0.923436	  0.680414	  6.50763e-05	  6.24166e-06	  24	  1.58616e-06
128	  1.01313	  0.744208	  5.25352e-05	  1.10188e-05	  24	  2.80015e-06
129	  0.710861	  0	  0.000118106	  3.0961e-06	  6	  1.41878e-06
130	  0.721883	  0.174078	  0.000114148	  6.60654e-06	  12	  2.23747e-06
131	  0.753982	  0.333333	  0.000103425	  8.74038e-06	  12	  2.96015e-06
132	  0.80464	  0.468521	  8.92591e-05	  6.61481e-06	  12	  2.24027e-06
133	  0.870624	  0.57735	  7.45582e-05	  1.10527e-05	  12	  3.74329e-06
134	  0.94874	  0.662266	  6.11765e-05	  9.09532e-06	  12	  3.08036e-06
135	  1.03625	  0.727607	  4.98577e-05	  6.3434e-06	  12	  2.14835e-06
136	  0.732739	  0	  0.000110286	  7.68283e-06	  12	  2.60198e-06
137	  0.743437	  0.169031	  0.000106831	  7.44308e-06	  24	  1.89147e-06
138	  0.774643	  0.324443	  9.73299e-05	  8.90334e-06	  24	  2.26255e-06
139	  0.824032	  0.457496	  8.45833e-05	  8.29695e-06	  24	  2.10845e-06
140	  0.888577	  0.565685	  7.11406e-05	  7.85388e-06	  24	  1.99586e-06
141	  0.965241	  0.650945	  5.87941e-05	  9.90691e-06	  24	  2.51759e-06
142	  0.753982	  0	  0.000103425	  2.0318e-05	  6	  9.31069e-06
143	  0.764382	  0.164399	  0.000100316	  1.08244e-05	  12	  3.66594e-06
144	  0.794767	  0.316228	  9.18425e-05	  6.64639e-06	  12	  2.25097e-06
145	  0.842978	  0.447214	  8.02818e-05	  3.74583e-06	  12	  1.26862e-06
146	  0.906174	  0.5547	  6.80299e-05	  4.76895e-06	  12	  1.61512e-06
147	  0.981465	  0.640184	  5.65533e-05	  5.78623e-06	  12	  1.95965e-06
148	  0.764382	  0	  0.000100316	  1.12049e-05	  12	  3.79481e-06
149	  0.774643	  0.162221	  9.73299e-05	  5.87464e-06	  24	  1.49289e-06
150	  0.80464	  0.312348	  8.92591e-05	  5.64732e-06	  24	  1.43512e-06
151	  0.852293	  0.442326	  7.83087e-05	  7.52385e-06	  24	  1.91199e-06
152	  0.914846	  0.549442	  6.65461e-05	  9.9295e-06	  24	  2.52333e-06
153	  0.989477	  0.635001	  5.54709e-05	  5.19956e-06	  24	  1.32133e-06
154	  0.794767	  0	  9.18425e-05	  6.04806e-06	  12	  2.04833e-06
155	  0.80464	  0.156174	  8.92591e-05	  5.48201e-06	  24	  1.39311e-06
156	  0.833559	  0.301511	  8.23379e-05	  5.50255e-06	  24	  1.39833e-06
157	  0.879646	  0.428571	  7.28407e-05	  8.53946e-06	  24	  2.17008e-06
158	  0.940381	  0.534522	  6.24613e-05	  6.22936e-06	  24	  1.58303e-06
159	  1.01313	  0.620174	  5.25352e-05	  6.5385e-06	  24	  1.66159e-06
160	  0.80464	  0	  8.92591e-05	  6.21139e-06	  12	  2.10364e-06
161	  0.814394	  0.154303	  8.68549e-05	  5.08219e-06	  24	  1.29151e-06
162	  0.842978	  0.298142	  8.02818e-05	  7.49352e-06	  24	  1.90428e-06
163	  0.888577	  0.424264	  7.11406e-05	  5.9807e-06	  24	  1.51984e-06
164	  0.94874	  0.529813	  6.11765e-05	  6.29226e-06	  24	  1.59901e-06
165	  1.0209	  0.615457	  5.15717e-05	  4.06006e-06	  24	  1.03176e-06
166	  0.842978	  0	  8.02818e-05	  3.44238e-06	  12	  1.16585e-06
167	  0.852293	  0.147442	  7.83087e-05	  6.33888e-06	  24	  1.61086e-06
168	  0.879646	  0.285714	  7.28407e-05	  7.88326e-06	  24	  2.00333e-06
169	  0.923436	  0.408248	  6.50763e-05	  6.8457e-06	  24	  1.73966e-06
170	  0.981465	  0.512148	  5.65533e-05	  8.48901e-06	  24	  2.15726e-06
171	  0.879646	  0	  7.28407e-05	  5.62936e-06	  6	  2.57965e-06
172	  0.888577	  0.141421	  7.11406e-05	  4.99243e-06	  12	  1.69081e-06
173	  0.914846	  0.274721	  6.65461e-05	  5.0262e-06	  12	  1.70225e-06
174	  0.957026	  0.393919	  5.99288e-05	  5.4397e-06	  12	  1.84229e-06
175	  1.01313	  0.496139	  5.25352e-05	  7.16737e-06	  12	  2.42741e-06
176	  0.888577	  0	  7.11406e-05	  5.14207e-06	  18	  1.4691e-06
177	  0.897418	  0.140028	  6.9528e-05	  7.78616e-06	  36	  1.687e-06
178	  0.923436	  0.272166	  6.50763e-05	  5.75513e-06	  36	  1.24695e-06
179	  0.965241	  0.390567	  5.87941e-05	  7.75976e-06	  36	  1.68128e-06
180	  1.0209	  0.492366	  5.15717e-05	  4.24127e-06	  36	  9.18943e-07
181	  0.906174	  0	  6.80299e-05	  3.27518e-06	  12	  1.10922e-06
182	  0.914846	  0.137361	  6.65461e-05	  6.82667e-06	  24	  1.73482e-06
183	  0.940381	  0.267261	  6.24613e-05	  6.13446e-06	  24	  1.55891e-06
184	  0.981465	  0.384111	  5.65533e-05	  5.63905e-06	  24	  1.43302e-06
185	  1.03625	  0.485071	  4.98577e-05	  3.32347e-06	  24	  8.44573e-07
186	  0.914846	  0	  6.65461e-05	  2.82523e-06	  12	  9.56835e-07
187	  0.923436	  0.136083	  6.50763e-05	  6.96328e-06	  24	  1.76954e-06
188	  0.94874	  0.264906	  6.11765e-05	  4.42622e-06	  24	  1.12481e-06
189	  0.989477	  0.381	  5.54709e-05	  4.3972e-06	  24	  1.11744e-06
190	  1.04384	  0.481543	  4.90121e-05	  2.92409e-06	  24	  7.43082e-07
191	  0.957026	  0	  5.99288e-05	  5.22156e-06	  12	  1.76841e-06
192	  0.965241	  0.130189	  5.87941e-05	  6.23342e-06	  24	  1.58406e-06
193	  0.989477	  0.254	  5.54709e-05	  4.06142e-06	  24	  1.0321e-06
194	  1.0286	  0.366508	  5.07096e-05	  4.75803e-06	  24	  1.20913e-06
195	  0.981465	  0	  5.65533e-05	  3.91145e-06	  12	  1.32471e-06
196	  0.989477	  0.127	  5.54709e-05	  4.19891e-06	  24	  1.06704e-06
197	  1.01313	  0.248069	  5.25352e-05	  4.36647e-06	  24	  1.10963e-06
198	  1.00531	  0	  5.35061e-05	  5.18112e-06	  6	  2.37424e-06
199	  1.01313	  0.124035	  5.25352e-05	  6.49349e-06	  12	  2.19918e-06
200	  1.03625	  0.242536	  4.98577e-05	  2.45578e-06	  12	  8.31712e-07
201	  1.01313	  0	  5.25352e-05	  5.40459e-06	  24	  1.37344e-06
202	  1.0209	  0.123091	  5.15717e-05	  4.60564e-06	  48	  8.95049e-07
203	  1.04384	  0.240772	  4.90121e-05	  3.8137e-06	  48	  7.41145e-07
204	  1.03625	  0	  4.98577e-05	  2.71977e-06	  12	  9.21119e-07
205	  1.04384	  0.120386	  4.90121e-05	  3.62747e-06	  24	  9.21828e-07
206	  1.13795	  0.0307688	  4.00388e-05	  3.71141e-06	  108	  5.42701e-07
207	  1.13795	  0.0938409	  4.00388e-05	  3.38243e-06	  216	  3.99267e-07
208	  1.13795	  0.218771	  4.00388e-05	  3.20307e-06	  216	  3.78095e-07
209	  1.13795	  0.343792	  4.00388e-05	  3.96389e-06	  228	  4.60709e-07
210	  1.13795	  0.406346	  4.00388e-05	  3.51181e-06	  84	  5.5876e-07
211	  1.13795	  0.468799	  4.00388e-05	  4.08497e-06	  108	  5.97325e-07
212	  1.13795	  0.531211	  4.00388e-05	  5.19736e-06	  132	  7.1224e-07
213	  1.13795	  0.593752	  4.00388e-05	  5.57395e-06	  120	  7.87528e-07
214	  1.13795	  0.656285	  4.00388e-05	  5.54364e-06	  144	  7.39152e-07
215	  1.13795	  0.718778	  4.00388e-05	  5.54837e-06	  132	  7.60343e-07
216	  1.13795	  0.781285	  4.00388e-05	  7.07986e-06	  120	  1.00029e-06
217	  1.13795	  0.843751	  4.00388e-05	  7.16454e-06	  144	  9.55272e-07
218	  1.13795	  0.906307	  4.00388e-05	  8.37395e-06	  108	  1.22448e-06
219	  1.13795	  0.968805	  4.00388e-05	  9.9093e-06	  123	  1.38896e-06
220	  1.31028	  0.0307688	  2.87012e-05	  2.40732e-06	  138	  3.25291e-07
221	  1.31028	  0.0938409	  2.87012e-05	  2.32865e-06	  276	  2.566e-07
222	  1.31028	  0.156375	  2.87012e-05	  2.06775e-06	  72	  3.47074e-07
223	  1.31028	  0.218771	  2.87012e-05	  2.37054e-06	  192	  2.89606e-07
224	  1.31028	  0.281239	  2.87012e-05	  2.68434e-06	  288	  2.92393e-07
225	  1.31028	  0.343792	  2.87012e-05	  2.55794e-06	  120	  3.61404e-07
226	  1.31028	  0.406346	  2.87012e-05	  3.39223e-06	  180	  4.22453e-07
227	  1.31028	  0.468799	  2.87012e-05	  3.12223e-06	  192	  3.81439e-07
228	  1.31028	  0.531211	  2.87012e-05	  3.31404e-06	  168	  4.21386e-07
229	  1.31028	  0.593752	  2.87012e-05	  4.58662e-06	  192	  5.60341e-07
230	  1.31028	  0.656285	  2.87012e-05	  3.74783e-06	  192	  4.57868e-07
231	  1.31028	  0.718778	  2.87012e-05	  4.75896e-06	  228	  5.53118e-07
232	  1.31028	  0.781285	  2.87012e-05	  6.23512e-06	  144	  8.31349e-07
233	  1.31028	  0.843751	  2.87012e-05	  5.18805e-06	  216	  6.12404e-07
234	  1.31028	  0.906307	  2.87012e-05	  7.3541e-06	  168	  9.35086e-07
235	  1.31028	  0.968805	  2.87012e-05	  7.324e-06	  162	  9.41628e-07
236	  1.51187	  0.0307688	  2.03837e-05	  1.9346e-06	  198	  2.34216e-07
237	  1.51187	  0.0938409	  2.03837e-05	  1.84475e-06	  396	  1.8494e-07
238	  1.51187	  0.156375	  2.03837e-05	  1.86654e-06	  396	  1.87124e-07
239	  1.51187	  0.218771	  2.03837e-05	  1.80147e-06	  204	  2.16202e-07
240	  1.51187	  0.281239	  2.03837e-05	  1.99131e-06	  240	  2.28104e-07
241	  1.51187	  0.343792	  2.03837e-05	  2.02374e-06	  372	  2.06113e-07
242	  1.51187	  0.406346	  2.03837e-05	  2.17638e-06	  312	  2.32032e-07
243	  1.51187	  0.468799	  2.03837e-05	  2.2792e-06	  276	  2.51152e-07
244	  1.51187	  0.531211	  2.03837e-05	  2.75817e-06	  288	  3.00435e-07
245	  1.51187	  0.593752	  2.03837e-05	  2.54735e-06	  336	  2.66337e-07
246	  1.51187	  0.656285	  2.03837e-05	  2.80663e-06	  252	  3.17132e-07
247	  1.51187	  0.718778	  2.03837e-05	  3.18621e-06	  312	  3.39694e-07
248	  1.51187	  0.781285	  2.03837e-05	  3.53453e-06	  324	  3.73089e-07
249	  1.51187	  0.843751	  2.03837e-05	  3.87694e-06	  240	  4.44102e-07
250	  1.51187	  0.906307	  2.03837e-05	  4.43385e-06	  324	  4.68018e-07
251	  1.51187	  0.968805	  2.03837e-05	  4.84186e-06	  303	  5.2025e-07
252	  1.74481	  0.0307688	  1.4415e-05	  1.27381e-06	  246	  1.44906e-07
253	  1.74481	  0.0938409	  1.4415e-05	  1.20368e-06	  492	  1.1445e-07
254	  1.74481	  0.156375	  1.4415e-05	  1.31294e-06	  504	  1.2413e-07
255	  1.74481	  0.218771	  1.4415e-05	  1.28922e-06	  528	  1.20568e-07
256	  1.74481	  0.281239	  1.4415e-05	  1.33671e-06	  480	  1.27848e-07
257	  1.74481	  0.343792	  1.4415e-05	  1.56975e-06	  384	  1.58594e-07
258	  1.74481	  0.406346	  1.4415e-05	  1.70206e-06	  420	  1.68155e-07
259	  1.74481	  0.468799	  1.4415e-05	  1.54021e-06	  468	  1.48207e-07
260	  1.74481	  0.531211	  1.4415e-05	  1.69968e-06	  456	  1.64578e-07
261	  1.74481	  0.593752	  1.4415e-05	  1.72915e-06	  444	  1.6852e-07
262	  1.74481	  0.656285	  1.4415e-05	  1.92599e-06	  396	  1.93085e-07
263	  1.74481	  0.718778	  1.4415e-05	  2.09263e-06	  456	  2.02628e-07
264	  1.74481	  0.781285	  1.4415e-05	  2.56935e-06	  384	  2.59584e-07
265	  1.74481	  0.843751	  1.4415e-05	  2.712e-06	  480	  2.59385e-07
266	  1.74481	  0.906307	  1.4415e-05	  3.25881e-06	  480	  3.11684e-07
267	  1.74481	  0.968805	  1.4415e-05	  3.41004e-06	  414	  3.38096e-07
268	  2.01778	  0.0307688	  1.01235e-05	  9.13738e-07	  798	  7.80329e-08
269	  2.01778	  0.0938409	  1.01235e-05	  1.00334e-06	  708	  8.78745e-08
270	  2.01778	  0.156375	  1.01235e-05	  9.18095e-07	  684	  8.1009e-08
271	  2.01778	  0.218771	  1.01235e-05	  9.89902e-07	  720	  8.63866e-08
272	  2.01778	  0.281239	  1.01235e-05	  9.94528e-07	  708	  8.71031e-08
273	  2.01778	  0.343792	  1.01235e-05	  1.05085e-06	  720	  9.17055e-08
274	  2.01778	  0.406346	  1.01235e-05	  1.1265e-06	  672	  9.9781e-08
275	  2.01778	  0.468799	  1.01235e-05	  1.2165e-06	  732	  1.05788e-07
276	  2.01778	  0.531211	  1.01235e-05	  1.21185e-06	  672	  1.07341e-07
277	  2.01778	  0.593752	  1.01235e-05	  1.30237e-06	  708	  1.14064e-07
278	  2.01778	  0.656285	  1.01235e-05	  1.31392e-06	  744	  1.13866e-07
279	  2.01778	  0.718778	  1.01235e-05	  1.63901e-06	  744	  1.42039e-07
280	  2.01778	  0.781285	  1.01235e-05	  1.73559e-06	  696	  1.52567e-07
281	  2.01778	  0.843751	  1.01235e-05	  1.89251e-06	  708	  1.65751e-07
282	  2.01778	  0.906307	  1.01235e-05	  2.13849e-06	  696	  1.87984e-07
283	  2.01778	  0.968805	  1.01235e-05	  2.30282e-06	  741	  1.99738e-07
284	  2.33149	  0.0307688	  7.09286e-06	  6.61856e-07	  1320	  5.13098e-08
285	  2.33149	  0.0938409	  7.09286e-06	  6.36262e-07	  900	  5.30218e-08
286	  2.33149	  0.156375	  7.09286e-06	  7.01962e-07	  948	  5.78967e-08
287	  2.33149	  0.218771	  7.09286e-06	  7.21637e-07	  924	  5.9822e-08
288	  2.33149	  0.281239	  7.09286e-06	  6.46629e-07	  1128	  5.15846e-08
289	  2.33149	  0.343792	  7.09286e-06	  7.01494e-07	  1116	  5.60734e-08
290	  2.33149	  0.406346	  7.09286e-06	  7.42277e-07	  1080	  5.97006e-08
291	  2.33149	  0.468799	  7.09286e-06	  8.37861e-07	  1020	  6.81275e-08
292	  2.33149	  0.531211	  7.09286e-06	  7.92835e-07	  1092	  6.3634e-08
293	  2.33149	  0.593752	  7.09286e-06	  9.22136e-07	  1140	  7.34181e-08
294	  2.33149	  0.656285	  7.09286e-06	  9.51311e-07	  1008	  7.7529e-08
295	  2.33149	  0.718778	  7.09286e-06	  9.89089e-07	  984	  8.09854e-08
296	  2.33149	  0.781285	  7.09286e-06	  1.15576e-06	  1056	  9.33537e-08
297	  2.33149	  0.843751	  7.09286e-06	  1.21026e-06	  1128	  9.65481e-08
298	  2.33149	  0.906307	  7.09286e-06	  1.33532e-06	  1080	  1.07398e-07
299	  2.33149	  0.968805	  7.09286e-06	  1.43737e-06	  1002	  1.17277e-07
300	  2.69126	  0.0307688	  4.96616e-06	  4.84491e-07	  1902	  3.53337e-08
301	  2.69126	  0.0938409	  4.96616e-06	  4.80844e-07	  1200	  3.7923e-08
302	  2.69126	  0.156375	  4.96616e-06	  4.67611e-07	  1932	  3.40191e-08
303	  2.69126	  0.218771	  4.96616e-06	  5.0115e-07	  1692	  3.72409e-08
304	  2.69126	  0.281239	  4.96616e-06	  4.92581e-07	  1488	  3.73986e-08
305	  2.69126	  0.343792	  4.96616e-06	  5.04474e-07	  1716	  3.74018e-08
306	  2.69126	  0.406346	  4.96616e-06	  5.12916e-07	  1464	  3.90511e-08
307	  2.69126	  0.468799	  4.96616e-06	  5.49839e-07	  1836	  4.03241e-08
308	  2.69126	  0.531211	  4.96616e-06	  5.92348e-07	  1608	  4.43892e-08
309	  2.69126	  0.593752	  4.96616e-06	  6.06717e-07	  1632	  4.53543e-08
310	  2.69126	  0.656285	  4.96616e-06	  6.77661e-07	  1716	  5.0242e-08
311	  2.69126	  0.718778	  4.96616e-06	  6.86348e-07	  1752	  5.07149e-08
312	  2.69126	  0.781285	  4.96616e-06	  7.54627e-07	  1668	  5.62085e-08
313	  2.69126	  0.843751	  4.96616e-06	  8.00571e-07	  1560	  6.02978e-08
314	  2.69126	  0.906307	  4.96616e-06	  8.81548e-07	  1704	  6.5433e-08
315	  2.69126	  0.968805	  4.96616e-06	  9.42057e-07	  1605	  7.06175e-08
316	  3.10927	  0.0307688	  3.46446e-06	  3.51053e-07	  2496	  2.45794e-08
317	  3.10927	  0.0938409	  3.46446e-06	  3.43999e-07	  2892	  2.35966e-08
318	  3.10927	  0.156375	  3.46446e-06	  3.54647e-07	  2136	  2.54059e-08
319	  3.10927	  0.218771	  3.46446e-06	  3.44064e-07	  2784	  2.3724e-08
320	  3.10927	  0.281239	  3.46446e-06	  3.72793e-07	  2544	  2.60307e-08
321	  3.10927	  0.343792	  3.46446e-06	  3.66065e-07	  2364	  2.58322e-08
322	  3.10927	  0.406346	  3.46446e-06	  3.80515e-07	  2808	  2.62066e-08
323	  3.10927	  0.468799	  3.46446e-06	  3.91661e-07	  2376	  2.76181e-08
324	  3.10927	  0.531211	  3.46446e-06	  4.04515e-07	  2568	  2.82082e-08
325	  3.10927	  0.593752	  3.46446e-06	  4.26702e-07	  2568	  2.97554e-08
326	  3.10927	  0.656285	  3.46446e-06	  4.71098e-07	  2556	  3.28731e-08
327	  3.10927	  0.718778	  3.46446e-06	  4.54197e-07	  2436	  3.19124e-08
328	  3.10927	  0.781285	  3.46446e-06	  5.01862e-07	  2508	  3.51143e-08
329	  3.10927	  0.843751	  3.46446e-06	  5.2214e-07	  2628	  3.62923e-08
330	  3.10927	  0.906307	  3.46446e-06	  5.49114e-07	  2532	  3.83684e-08
331	  3.10927	  0.968805	  3.46446e-06	  5.89454e-07	  2580	  4.10776e-08
332	  3.59032	  0.0307688	  2.41136e-06	  2.50521e-07	  3282	  1.6899e-08
333	  3.59032	  0.0938409	  2.41136e-06	  2.51083e-07	  4320	  1.63742e-08
334	  3.59032	  0.156375	  2.41136e-06	  2.41719e-07	  4296	  1.57738e-08
335	  3.59032	  0.218771	  2.41136e-06	  2.43478e-07	  3684	  1.61854e-08
336	  3.59032	  0.281239	  2.41136e-06	  2.54429e-07	  3972	  1.67585e-08
337	  3.59032	  0.343792	  2.41136e-06	  2.54066e-07	  4008	  1.67164e-08
338	  3.59032	  0.406346	  2.41136e-06	  2.62853e-07	  3816	  1.73977e-08
339	  3.59032	  0.468799	  2.41136e-06	  2.76448e-07	  3900	  1.82491e-08
340	  3.59032	  0.531211	  2.41136e-06	  2.93554e-07	  3924	  1.93639e-08
341	  3.59032	  0.593752	  2.41136e-06	  2.92877e-07	  3744	  1.94304e-08
342	  3.59032	  0.656285	  2.41136e-06	  3.02414e-07	  3936	  1.9941e-08
343	  3.59032	  0.718778	  2.41136e-06	  3.2467e-07	  3948	  2.14007e-08
344	  3.59032	  0.781285	  2.41136e-06	  3.22635e-07	  3852	  2.13301e-08
345	  3.59032	  0.843751	  2.41136e-06	  3.43934e-07	  3996	  2.26375e-08
346	  3.59032	  0.906307	  2.41136e-06	  3.44705e-07	  3864	  2.27806e-08
347	  3.59032	  0.968805	  2.41136e-06	  3.5552e-07	  3924	  2.34515e-08
348	  4.14536	  0.0307688	  1.67352e-06	  1.77052e-07	  6432	  1.10602e-08
349	  4.14536	  0.0938409	  1.67352e-06	  1.78282e-07	  5904	  1.12344e-08
350	  4.14536	  0.156375	  1.67352e-06	  1.69584e-07	  5664	  1.07325e-08
351	  4.14536	  0.218771	  1.67352e-06	  1.7718e-07	  6060	  1.1135e-08
352	  4.14536	  0.281239	  1.67352e-06	  1.77339e-07	  5808	  1.11939e-08
353	  4.14536	  0.343792	  1.67352e-06	  1.78293e-07	  6228	  1.11738e-08
354	  4.14536	  0.406346	  1.67352e-06	  1.83244e-07	  6120	  1.15046e-08
355	  4.14536	  0.468799	  1.67352e-06	  1.96183e-07	  5976	  1.23469e-08
356	  4.14536	  0.531211	  1.67352e-06	  1.90687e-07	  5976	  1.2001e-08
357	  4.14536	  0.593752	  1.67352e-06	  1.97508e-07	  6072	  1.24101e-08
358	  4.14536	  0.656285	  1.67352e-06	  2.09707e-07	  6024	  1.31873e-08
359	  4.14536	  0.718778	  1.67352e-06	  2.11002e-07	  6012	  1.32714e-08
360	  4.14536	  0.781285	  1.67352e-06	  2.11067e-07	  6060	  1.32647e-08
361	  4.14536	  0.843751	  1.67352e-06	  2.17267e-07	  6036	  1.36599e-08
362	  4.14536	  0.906307	  1.67352e-06	  2.16114e-07	  5916	  1.36155e-08
363	  4.14536	  0.968805	  1.67352e-06	  2.11049e-07	  6075	  1.32602e-08
364	  4.78665	  0.0307688	  1.16064e-06	  1.26218e-07	  9726	  7.59076e-09
365	  4.78665	  0.0938409	  1.16064e-06	  1.22209e-07	  8388	  7.4448e-09
366	  4.78665	  0.156375	  1.16064e-06	  1.24518e-07	  9816	  7.48267e-09
367	  4.78665	  0.218771	  1.16064e-06	  1.24637e-07	  9192	  7.53187e-09
368	  4.78665	  0.281239	  1.16064e-06	  1.20724e-07	  9372	  7.28322e-09
369	  4.78665	  0.343792	  1.16064e-06	  1.24514e-07	  9120	  7.52951e-09
370	  4.78665	  0.406346	  1.16064e-06	  1.27122e-07	  9168	  7.68378e-09
371	  4.78665	  0.468799	  1.16064e-06	  1.26919e-07	  9288	  7.66289e-09
372	  4.78665	  0.531211	  1.16064e-06	  1.31308e-07	  9288	  7.92788e-09
373	  4.78665	  0.593752	  1.16064e-06	  1.29719e-07	  9492	  7.81739e-09
374	  4.78665	  0.656285	  1.16064e-06	  1.34062e-07	  8976	  8.1181e-09
375	  4.78665	  0.718778	  1.16064e-06	  1.30847e-07	  9432	  7.88967e-09
376	  4.78665	  0.781285	  1.16064e-06	  1.30337e-07	  9240	  7.87274e-09
377	  4.78665	  0.843751	  1.16064e-06	  1.32868e-07	  9300	  8.0212e-09
378	  4.78665	  0.906307	  1.16064e-06	  1.31849e-07	  9312	  7.95879e-09
379	  4.78665	  0.968805	  1.16064e-06	  1.24533e-07	  9183	  7.5262e-09
380	  5.52669	  0.0307688	  8.0252e-07	  8.90775e-08	  12906	  5.23798e-09
381	  5.52669	  0.0938409	  8.0252e-07	  8.57132e-08	  15516	  4.97377e-09
382	  5.52669	  0.156375	  8.0252e-07	  8.39927e-08	  14088	  4.90728e-09
383	  5.52669	  0.218771	  8.0252e-07	  8.43177e-08	  14496	  4.9162e-09
384	  5.52669	  0.281239	  8.0252e-07	  8.32502e-08	  14268	  4.85946e-09
385	  5.52669	  0.343792	  8.0252e-07	  8.39785e-08	  14340	  4.90021e-09
386	  5.52669	  0.406346	  8.0252e-07	  8.34884e-08	  14292	  4.87278e-09
387	  5.52669	  0.468799	  8.0252e-07	  8.4694e-08	  14064	  4.94887e-09
388	  5.52669	  0.531211	  8.0252e-07	  8.47589e-08	  14448	  4.94309e-09
389	  5.52669	  0.593752	  8.0252e-07	  8.38014e-08	  14148	  4.89461e-09
390	  5.52669	  0.656285	  8.0252e-07	  8.26248e-08	  14340	  4.82122e-09
391	  5.52669	  0.718778	  8.0252e-07	  8.09464e-08	  14196	  4.7267e-09
392	  5.52669	  0.781285	  8.0252e-07	  8.11444e-08	  14148	  4.73942e-09
393	  5.52669	  0.843751	  8.0252e-07	  7.84741e-08	  14244	  4.58123e-09
394	  5.52669	  0.906307	  8.0252e-07	  7.43721e-08	  14352	  4.33941e-09
395	  5.52669	  0.968805	  8.0252e-07	  7.29476e-08	  14226	  4.25899e-09
396	  6.38202	  0.0307688	  5.52969e-07	  6.13525e-08	  23682	  3.4663e-09
397	  6.38202	  0.0938409	  5.52969e-07	  5.97919e-08	  20736	  3.40482e-09
398	  6.38202	  0.156375	  5.52969e-07	  5.8699e-08	  21744	  3.33302e-09
399	  6.38202	  0.218771	  5.52969e-07	  5.69816e-08	  22008	  3.23318e-09
400	  6.38202	  0.281239	  5.52969e-07	  5.68396e-08	  21600	  3.22872e-09
401	  6.38202	  0.343792	  5.52969e-07	  5.61739e-08	  22332	  3.1846e-09
402	  6.38202	  0.406346	  5.52969e-07	  5.46888e-08	  21948	  3.10359e-09
403	  6.38202	  0.468799	  5.52969e-07	  5.35539e-08	  22008	  3.03869e-09
404	  6.38202	  0.531211	  5.52969e-07	  5.273e-08	  21960	  2.99233e-09
405	  6.38202	  0.593752	  5.52969e-07	  5.2586e-08	  21840	  2.98513e-09
406	  6.38202	  0.656285	  5.52969e-07	  5.0016e-08	  22212	  2.8364e-09
407	  6.38202	  0.718778	  5.52969e-07	  4.87266e-08	  21972	  2.76506e-09
408	  6.38202	  0.781285	  5.52969e-07	  4.67169e-08	  21876	  2.6517e-09
409	  6.38202	  0.843751	  5.52969e-07	  4.40176e-08	  22152	  2.49663e-09
410	  6.38202	  0.906307	  5.52969e-07	  4.18184e-08	  21912	  2.37342e-09
411	  6.38202	  0.968805	  5.52969e-07	  3.908e-08	  22020	  2.21736e-09
412	  7.37039	  0.0307688	  3.80916e-07	  4.2779e-08	  32160	  2.37749e-09
413	  7.37039	  0.0938409	  3.80916e-07	  3.96184e-08	  35364	  2.1916e-09
414	  7.37039	  0.156375	  3.80916e-07	  3.96582e-08	  34104	  2.19766e-09
415	  7.37039	  0.218771	  3.80916e-07	  3.81146e-08	  33708	  2.11333e-09
416	  7.37039	  0.281239	  3.80916e-07	  3.68669e-08	  34344	  2.04228e-09
417	  7.37039	  0.343792	  3.80916e-07	  3.63385e-08	  33612	  2.01513e-09
418	  7.37039	  0.406346	  3.80916e-07	  3.48544e-08	  33732	  1.93249e-09
419	  7.37039	  0.468799	  3.80916e-07	  3.36261e-08	  33960	  1.86378e-09
420	  7.37039	  0.531211	  3.80916e-07	  3.23044e-08	  33816	  1.79089e-09
421	  7.37039	  0.593752	  3.80916e-07	  3.08754e-08	  33960	  1.71132e-09
422	  7.37039	  0.656285	  3.80916e-07	  2.88891e-08	  33516	  1.60226e-09
423	  7.37039	  0.718778	  3.80916e-07	  2.77144e-08	  34056	  1.5359e-09
424	  7.37039	  0.781285	  3.80916e-07	  2.5723e-08	  33984	  1.42568e-09
425	  7.37039	  0.843751	  3.80916e-07	  2.36348e-08	  33768	  1.31036e-09
426	  7.37039	  0.906307	  3.80916e-07	  2.1885e-08	  33972	  1.21299e-09
427	  7.37039	  0.968805	  3.80916e-07	  1.98261e-08	  33804	  1.09914e-09
428	  8.51213	  0.0307688	  2.61688e-07	  2.88846e-08	  54198	  1.5683e-09
429	  8.51213	  0.0938409	  2.61688e-07	  2.73646e-08	  49692	  1.49099e-09
430	  8.51213	  0.156375	  2.61688e-07	  2.595e-08	  53040	  1.41018e-09
431	  8.51213	  0.218771	  2.61688e-07	  2.50534e-08	  51612	  1.36295e-09
432	  8.51213	  0.281239	  2.61688e-07	  2.37535e-08	  52416	  1.29143e-09
433	  8.51213	  0.343792	  2.61688e-07	  2.24714e-08	  51984	  1.22213e-09
434	  8.51213	  0.406346	  2.61688e-07	  2.137e-08	  52524	  1.16175e-09
435	  8.51213	  0.468799	  2.61688e-07	  2.01863e-08	  52164	  1.0977e-09
436	  8.51213	  0.531211	  2.61688e-07	  1.87966e-08	  52320	  1.022e-09
437	  8.51213	  0.593752	  2.61688e-07	  1.73686e-08	  52380	  9.4432e-10
438	  8.51213	  0.656285	  2.61688e-07	  1.59754e-08	  52164	  8.68717e-10
439	  8.51213	  0.718778	  2.61688e-07	  1.46103e-08	  52284	  7.94412e-10
440	  8.51213	  0.781285	  2.61688e-07	  1.32089e-08	  52140	  7.18292e-10
441	  8.51213	  0.843751	  2.61688e-07	  1.19036e-08	  52164	  6.47296e-10
442	  8.51213	  0.906307	  2.61688e-07	  1.05744e-08	  52200	  5.75002e-10
443	  8.51213	  0.968805	  2.61688e-07	  9.36559e-09	  52086	  5.09317e-10
444	  9.82942	  0.0307688	  1.79328e-07	  1.86757e-08	  79470	  1.00003e-09
445	  9.82942	  0.0938409	  1.79328e-07	  1.73288e-08	  82284	  9.26848e-10
446	  9.82942	  0.156375	  1.79328e-07	  1.6568e-08	  78936	  8.8737e-10
447	  9.82942	  0.218771	  1.79328e-07	  1.57122e-08	  80292	  8.41061e-10
448	  9.82942	  0.281239	  1.79328e-07	  1.46126e-08	  80172	  7.82236e-10
449	  9.82942	  0.343792	  1.79328e-07	  1.36039e-08	  80484	  7.28145e-10
450	  9.82942	  0.406346	  1.79328e-07	  1.24828e-08	  80208	  6.68215e-10
451	  9.82942	  0.468799	  1.79328e-07	  1.1302e-08	  79944	  6.05074e-10
452	  9.82942	  0.531211	  1.79328e-07	  1.03026e-08	  79896	  5.5158e-10
453	  9.82942	  0.593752	  1.79328e-07	  9.20895e-09	  80508	  4.92903e-10
454	  9.82942	  0.656285	  1.79328e-07	  8.20792e-09	  80316	  4.39358e-10
455	  9.82942	  0.718778	  1.79328e-07	  7.23652e-09	  80124	  3.87391e-10
456	  9.82942	  0.781285	  1.79328e-07	  6.34422e-09	  80256	  3.39605e-10
457	  9.82942	  0.843751	  1.79328e-07	  5.50255e-09	  80136	  2.94565e-10
458	  9.82942	  0.906307	  1.79328e-07	  4.77153e-09	  80364	  2.55408e-10
459	  9.82942	  0.968805	  1.79328e-07	  4.10799e-09	  80229	  2.19903e-10
