#n	   k	      mu	    PL	    Pf	     w	     err  
0	  0.10472	  1	  0.00306127	  0.000511405	  3	  0.00032083
1	  0.20944	  1	  0.0010874	  0.000228717	  3	  0.000143486
2	  0.314159	  1	  0.000509336	  0.000160386	  3	  0.000100618
3	  0.418879	  1	  0.00028546	  8.31288e-05	  3	  5.21509e-05
4	  0.523599	  1	  0.000180467	  1.14827e-05	  3	  7.20367e-06
5	  0.628319	  1	  0.000122281	  1.32376e-05	  3	  8.3046e-06
6	  0.733038	  1	  8.74227e-05	  1.35494e-05	  3	  8.50023e-06
7	  0.837758	  1	  6.50738e-05	  2.27727e-05	  3	  1.42865e-05
8	  0.942478	  1	  4.99708e-05	  1.30655e-05	  3	  8.19663e-06
9	  0.10472	  0	  0.00306127	  0.000109607	  6	  5.02273e-05
10	  0.148096	  0.707107	  0.00194673	  0.000126937	  12	  4.29904e-05
11	  0.23416	  0.894427	  0.000861366	  0.000132588	  12	  4.49043e-05
12	  0.331153	  0.948683	  0.000461248	  0.000102764	  12	  3.48037e-05
13	  0.431771	  0.970143	  0.000268642	  3.12457e-05	  12	  1.05821e-05
14	  0.533968	  0.980581	  0.000173094	  1.92499e-05	  12	  6.51946e-06
15	  0.636985	  0.986394	  0.000118696	  1.76915e-05	  12	  5.99166e-06
16	  0.74048	  0.989949	  8.55312e-05	  1.40236e-05	  12	  4.74945e-06
17	  0.844278	  0.992278	  6.3942e-05	  1.62032e-05	  12	  5.48763e-06
18	  0.948278	  0.993884	  4.92751e-05	  5.76686e-06	  12	  1.95309e-06
19	  0.148096	  0	  0.00194673	  4.58658e-05	  6	  2.10179e-05
20	  0.18138	  0.57735	  0.00138108	  8.00604e-05	  12	  2.71145e-05
21	  0.25651	  0.816497	  0.000758093	  8.91504e-05	  12	  3.0193e-05
22	  0.347316	  0.904534	  0.00041546	  4.59252e-05	  12	  1.55537e-05
23	  0.444288	  0.942809	  0.000253958	  3.45641e-05	  12	  1.1706e-05
24	  0.54414	  0.96225	  0.000166222	  3.27625e-05	  12	  1.10958e-05
25	  0.645536	  0.973329	  0.000115357	  1.77062e-05	  12	  5.99664e-06
26	  0.747849	  0.980196	  8.36612e-05	  1.6578e-05	  12	  5.61456e-06
27	  0.850747	  0.984732	  6.28792e-05	  1.40108e-05	  12	  4.7451e-06
28	  0.954042	  0.987878	  4.86063e-05	  6.62561e-06	  12	  2.24393e-06
29	  0.20944	  0	  0.0010874	  4.09933e-05	  6	  1.87851e-05
30	  0.23416	  0.447214	  0.000861366	  4.83332e-05	  12	  1.63693e-05
31	  0.296192	  0.707107	  0.000560902	  4.27647e-05	  12	  1.44834e-05
32	  0.377572	  0.83205	  0.000353507	  3.08559e-05	  12	  1.04501e-05
33	  0.468321	  0.894427	  0.000227855	  5.36489e-05	  12	  1.81696e-05
34	  0.563933	  0.928477	  0.000154074	  1.55266e-05	  12	  5.25849e-06
35	  0.662306	  0.948683	  0.000109103	  1.5987e-05	  12	  5.4144e-06
36	  0.762371	  0.961524	  8.01954e-05	  1.30972e-05	  12	  4.4357e-06
37	  0.863541	  0.970143	  6.0809e-05	  1.21061e-05	  12	  4.10003e-06
38	  0.965468	  0.976187	  4.73186e-05	  1.05204e-05	  12	  3.56298e-06
39	  0.23416	  0	  0.000861366	  3.04307e-05	  12	  1.03061e-05
40	  0.25651	  0.408248	  0.000758093	  4.26727e-05	  24	  1.08442e-05
41	  0.314159	  0.666667	  0.000509336	  4.86881e-05	  24	  1.23728e-05
42	  0.391825	  0.801784	  0.00032913	  2.64131e-05	  24	  6.71222e-06
43	  0.479886	  0.872872	  0.00021626	  3.6997e-05	  24	  9.40184e-06
44	  0.573574	  0.912871	  0.000148705	  1.54697e-05	  24	  3.93122e-06
45	  0.670534	  0.937043	  0.000106245	  1.65841e-05	  24	  4.21441e-06
46	  0.76953	  0.952579	  7.85788e-05	  9.14991e-06	  24	  2.32521e-06
47	  0.869868	  0.963087	  5.98331e-05	  7.74116e-06	  24	  1.96722e-06
48	  0.971131	  0.970495	  4.66877e-05	  6.94465e-06	  24	  1.7648e-06
49	  0.296192	  0	  0.000560902	  1.82099e-05	  6	  8.34467e-06
50	  0.314159	  0.333333	  0.000509336	  2.27764e-05	  12	  7.71379e-06
51	  0.36276	  0.57735	  0.000380271	  3.10313e-05	  12	  1.05095e-05
52	  0.431771	  0.727607	  0.000268642	  2.92775e-05	  12	  9.91555e-06
53	  0.51302	  0.816497	  0.000188322	  2.39576e-05	  12	  8.11384e-06
54	  0.601569	  0.870388	  0.000134274	  1.98585e-05	  12	  6.72557e-06
55	  0.694632	  0.904534	  9.83796e-05	  1.37251e-05	  12	  4.64833e-06
56	  0.790617	  0.927173	  7.40102e-05	  1.14233e-05	  12	  3.86879e-06
57	  0.888577	  0.942809	  5.7047e-05	  7.89445e-06	  12	  2.67365e-06
58	  0.987924	  0.953998	  4.49132e-05	  4.68869e-06	  12	  1.58794e-06
59	  0.314159	  0	  0.000509336	  2.61426e-05	  6	  1.19798e-05
60	  0.331153	  0.316228	  0.000461248	  3.11924e-05	  12	  1.05641e-05
61	  0.377572	  0.5547	  0.000353507	  2.46454e-05	  12	  8.34679e-06
62	  0.444288	  0.707107	  0.000253958	  1.42066e-05	  12	  4.81141e-06
63	  0.523599	  0.8	  0.000180467	  1.80743e-05	  12	  6.12132e-06
64	  0.610616	  0.857493	  0.000130032	  1.6623e-05	  12	  5.62981e-06
65	  0.702481	  0.894427	  9.59862e-05	  1.0427e-05	  12	  3.53137e-06
66	  0.797522	  0.919145	  7.25949e-05	  1.57643e-05	  12	  5.33899e-06
67	  0.894726	  0.936329	  5.61554e-05	  1.30823e-05	  12	  4.43065e-06
68	  0.993459	  0.948683	  4.43525e-05	  8.11754e-06	  12	  2.74921e-06
69	  0.331153	  0	  0.000461248	  2.83425e-05	  12	  9.59892e-06
70	  0.347316	  0.301511	  0.00041546	  9.9263e-06	  24	  2.52251e-06
71	  0.391825	  0.534522	  0.00032913	  1.7644e-05	  24	  4.48375e-06
72	  0.456463	  0.688247	  0.000240494	  1.89087e-05	  24	  4.80515e-06
73	  0.533968	  0.784465	  0.000173094	  1.42162e-05	  24	  3.61268e-06
74	  0.61953	  0.845154	  0.000126056	  1.50684e-05	  24	  3.82925e-06
75	  0.710244	  0.884652	  9.37219e-05	  1.38417e-05	  24	  3.5175e-06
76	  0.804368	  0.911322	  7.12372e-05	  7.41195e-06	  24	  1.88356e-06
77	  0.900833	  0.929981	  5.53169e-05	  7.03968e-06	  24	  1.78895e-06
78	  0.998963	  0.943456	  4.38063e-05	  6.97168e-06	  24	  1.77167e-06
79	  0.377572	  0	  0.000353507	  1.23969e-05	  12	  4.19852e-06
80	  0.391825	  0.267261	  0.00032913	  1.06099e-05	  24	  2.69624e-06
81	  0.431771	  0.485071	  0.000268642	  2.09993e-05	  24	  5.33643e-06
82	  0.491179	  0.639602	  0.000205912	  1.06009e-05	  24	  2.69394e-06
83	  0.563933	  0.742781	  0.000154074	  1.61383e-05	  24	  4.10114e-06
84	  0.645536	  0.811107	  0.000115357	  1.26082e-05	  24	  3.20405e-06
85	  0.733038	  0.857143	  8.74227e-05	  9.57747e-06	  24	  2.43387e-06
86	  0.824564	  0.889001	  6.74072e-05	  6.15353e-06	  24	  1.56376e-06
87	  0.918912	  0.911685	  5.29003e-05	  5.24737e-06	  24	  1.33348e-06
88	  0.418879	  0	  0.00028546	  1.30828e-05	  6	  5.99516e-06
89	  0.431771	  0.242536	  0.000268642	  1.05954e-05	  12	  3.58841e-06
90	  0.468321	  0.447214	  0.000227855	  1.84422e-05	  12	  6.24592e-06
91	  0.523599	  0.6	  0.000180467	  1.04902e-05	  12	  3.55276e-06
92	  0.592384	  0.707107	  0.000138819	  2.26151e-05	  12	  7.65918e-06
93	  0.670534	  0.780869	  0.000106245	  7.70025e-06	  12	  2.60788e-06
94	  0.755145	  0.83205	  8.19187e-05	  9.05153e-06	  12	  3.06553e-06
95	  0.844278	  0.868243	  6.3942e-05	  9.37463e-06	  12	  3.17496e-06
96	  0.936642	  0.894427	  5.06708e-05	  7.60159e-06	  12	  2.57447e-06
97	  0.431771	  0	  0.000268642	  9.34598e-06	  12	  3.16525e-06
98	  0.444288	  0.235702	  0.000253958	  6.65619e-06	  24	  1.6915e-06
99	  0.479886	  0.436436	  0.00021626	  1.37448e-05	  24	  3.49289e-06
100	  0.533968	  0.588348	  0.000173094	  1.08934e-05	  24	  2.76829e-06
101	  0.601569	  0.696311	  0.000134274	  9.49194e-06	  24	  2.41213e-06
102	  0.678662	  0.771517	  0.000103483	  8.70796e-06	  24	  2.2129e-06
103	  0.762371	  0.824163	  8.01954e-05	  8.06831e-06	  24	  2.05035e-06
104	  0.850747	  0.86164	  6.28792e-05	  8.45612e-06	  24	  2.14891e-06
105	  0.942478	  0.888889	  4.99708e-05	  6.22699e-06	  24	  1.58243e-06
106	  0.444288	  0	  0.000253958	  5.86058e-06	  6	  2.6856e-06
107	  0.456463	  0.229416	  0.000240494	  1.0359e-05	  12	  3.50834e-06
108	  0.491179	  0.426401	  0.000205912	  5.55736e-06	  12	  1.88214e-06
109	  0.54414	  0.57735	  0.000166222	  5.95946e-06	  12	  2.01832e-06
110	  0.610616	  0.685994	  0.000130032	  5.20347e-06	  12	  1.76229e-06
111	  0.686693	  0.762493	  0.000100876	  4.35589e-06	  12	  1.47523e-06
112	  0.76953	  0.816497	  7.85788e-05	  7.89824e-06	  12	  2.67494e-06
113	  0.857168	  0.855186	  6.18245e-05	  9.18758e-06	  12	  3.11161e-06
114	  0.948278	  0.883452	  4.92751e-05	  7.11782e-06	  12	  2.41063e-06
115	  0.468321	  0	  0.000227855	  1.0832e-05	  12	  3.66852e-06
116	  0.479886	  0.218218	  0.00021626	  1.07749e-05	  24	  2.73816e-06
117	  0.51302	  0.408248	  0.000188322	  8.39996e-06	  24	  2.13463e-06
118	  0.563933	  0.557086	  0.000154074	  1.03579e-05	  24	  2.63219e-06
119	  0.628319	  0.666667	  0.000122281	  1.05441e-05	  24	  2.67951e-06
120	  0.702481	  0.745356	  9.59862e-05	  1.00817e-05	  24	  2.56202e-06
121	  0.783651	  0.801784	  7.54794e-05	  6.20362e-06	  24	  1.57649e-06
122	  0.869868	  0.842701	  5.98331e-05	  8.03385e-06	  24	  2.0416e-06
123	  0.959772	  0.872872	  4.79605e-05	  7.38393e-06	  24	  1.87643e-06
124	  0.523599	  0	  0.000180467	  5.4026e-06	  18	  1.54353e-06
125	  0.533968	  0.196116	  0.000173094	  5.29379e-06	  36	  1.14699e-06
126	  0.563933	  0.371391	  0.000154074	  7.24052e-06	  36	  1.56878e-06
127	  0.610616	  0.514496	  0.000130032	  6.45243e-06	  36	  1.39803e-06
128	  0.670534	  0.624695	  0.000106245	  7.19664e-06	  36	  1.55927e-06
129	  0.74048	  0.707107	  8.55312e-05	  7.03795e-06	  36	  1.52489e-06
130	  0.817887	  0.768221	  6.86491e-05	  6.1343e-06	  36	  1.3291e-06
131	  0.900833	  0.813733	  5.53169e-05	  6.3316e-06	  36	  1.37185e-06
132	  0.987924	  0.847998	  4.49132e-05	  5.63029e-06	  36	  1.2199e-06
133	  0.533968	  0	  0.000173094	  4.26053e-06	  12	  1.44293e-06
134	  0.54414	  0.19245	  0.000166222	  7.58952e-06	  24	  1.92868e-06
135	  0.573574	  0.365148	  0.000148705	  4.79759e-06	  24	  1.21918e-06
136	  0.61953	  0.507093	  0.000126056	  6.94608e-06	  24	  1.76517e-06
137	  0.678662	  0.617213	  0.000103483	  6.14992e-06	  24	  1.56284e-06
138	  0.747849	  0.70014	  8.36612e-05	  1.0247e-05	  24	  2.60401e-06
139	  0.824564	  0.762001	  6.74072e-05	  5.79486e-06	  24	  1.47261e-06
140	  0.9069	  0.80829	  5.44911e-05	  5.13909e-06	  24	  1.30597e-06
141	  0.993459	  0.843274	  4.43525e-05	  5.56672e-06	  24	  1.41464e-06
142	  0.563933	  0	  0.000154074	  3.49656e-06	  12	  1.1842e-06
143	  0.573574	  0.182574	  0.000148705	  4.04478e-06	  24	  1.02788e-06
144	  0.601569	  0.348155	  0.000134274	  5.23287e-06	  24	  1.3298e-06
145	  0.645536	  0.486664	  0.000115357	  7.41163e-06	  24	  1.88348e-06
146	  0.702481	  0.596285	  9.59862e-05	  6.11085e-06	  24	  1.55292e-06
147	  0.76953	  0.680414	  7.85788e-05	  7.13147e-06	  24	  1.81228e-06
148	  0.844278	  0.744208	  6.3942e-05	  6.87995e-06	  24	  1.74836e-06
149	  0.92486	  0.792594	  5.21404e-05	  5.23127e-06	  24	  1.32939e-06
150	  0.592384	  0	  0.000138819	  7.7529e-06	  6	  3.55275e-06
151	  0.601569	  0.174078	  0.000134274	  5.60456e-06	  12	  1.89813e-06
152	  0.628319	  0.333333	  0.000122281	  5.31774e-06	  12	  1.80099e-06
153	  0.670534	  0.468521	  0.000106245	  6.47e-06	  12	  2.19123e-06
154	  0.72552	  0.57735	  8.94525e-05	  7.9694e-06	  12	  2.69904e-06
155	  0.790617	  0.662266	  7.40102e-05	  8.55459e-06	  12	  2.89723e-06
156	  0.863541	  0.727607	  6.0809e-05	  3.34371e-06	  12	  1.13243e-06
157	  0.942478	  0.777778	  4.99708e-05	  5.61855e-06	  12	  1.90286e-06
158	  0.610616	  0	  0.000130032	  6.0622e-06	  12	  2.05312e-06
159	  0.61953	  0.169031	  0.000126056	  5.4851e-06	  24	  1.3939e-06
160	  0.645536	  0.324443	  0.000115357	  6.12107e-06	  24	  1.55551e-06
161	  0.686693	  0.457496	  0.000100876	  2.95353e-06	  24	  7.50563e-07
162	  0.74048	  0.565685	  8.55312e-05	  5.57665e-06	  24	  1.41716e-06
163	  0.804368	  0.650945	  7.12372e-05	  4.3308e-06	  24	  1.10056e-06
164	  0.876148	  0.717137	  5.88643e-05	  5.37382e-06	  24	  1.36562e-06
165	  0.954042	  0.76835	  4.86063e-05	  4.46036e-06	  24	  1.13348e-06
166	  0.628319	  0	  0.000122281	  1.62873e-06	  6	  7.46362e-07
167	  0.636985	  0.164399	  0.000118696	  5.0667e-06	  12	  1.71597e-06
168	  0.662306	  0.316228	  0.000109103	  4.62068e-06	  12	  1.56491e-06
169	  0.702481	  0.447214	  9.59862e-05	  3.70723e-06	  12	  1.25555e-06
170	  0.755145	  0.5547	  8.19187e-05	  2.57755e-06	  12	  8.72954e-07
171	  0.817887	  0.640184	  6.86491e-05	  4.49173e-06	  12	  1.52124e-06
172	  0.888577	  0.707107	  5.7047e-05	  5.72984e-06	  12	  1.94056e-06
173	  0.965468	  0.759257	  4.73186e-05	  4.49833e-06	  12	  1.52347e-06
174	  0.636985	  0	  0.000118696	  5.02822e-06	  12	  1.70293e-06
175	  0.645536	  0.162221	  0.000115357	  3.99691e-06	  24	  1.01571e-06
176	  0.670534	  0.312348	  0.000106245	  5.77414e-06	  24	  1.46735e-06
177	  0.710244	  0.442326	  9.37219e-05	  6.3917e-06	  24	  1.62428e-06
178	  0.762371	  0.549442	  8.01954e-05	  5.55292e-06	  24	  1.41113e-06
179	  0.824564	  0.635001	  6.74072e-05	  5.17652e-06	  24	  1.31548e-06
180	  0.894726	  0.702247	  5.61554e-05	  6.03908e-06	  24	  1.53468e-06
181	  0.971131	  0.754829	  4.66877e-05	  3.79162e-06	  24	  9.63543e-07
182	  0.662306	  0	  0.000109103	  3.51492e-06	  12	  1.19042e-06
183	  0.670534	  0.156174	  0.000106245	  5.09677e-06	  24	  1.29521e-06
184	  0.694632	  0.301511	  9.83796e-05	  3.992e-06	  24	  1.01446e-06
185	  0.733038	  0.428571	  8.74227e-05	  4.09699e-06	  24	  1.04114e-06
186	  0.783651	  0.534522	  7.54794e-05	  3.78606e-06	  24	  9.6213e-07
187	  0.844278	  0.620174	  6.3942e-05	  4.77779e-06	  24	  1.21415e-06
188	  0.912926	  0.688247	  5.36709e-05	  5.07604e-06	  24	  1.28994e-06
189	  0.987924	  0.741999	  4.49132e-05	  3.49495e-06	  24	  8.88152e-07
190	  0.670534	  0	  0.000106245	  1.96405e-06	  12	  6.65174e-07
191	  0.678662	  0.154303	  0.000103483	  2.64706e-06	  24	  6.72682e-07
192	  0.702481	  0.298142	  9.59862e-05	  4.15522e-06	  24	  1.05594e-06
193	  0.74048	  0.424264	  8.55312e-05	  4.71872e-06	  24	  1.19914e-06
194	  0.790617	  0.529813	  7.40102e-05	  4.90096e-06	  24	  1.24545e-06
195	  0.850747	  0.615457	  6.28792e-05	  4.19208e-06	  24	  1.06531e-06
196	  0.918912	  0.683763	  5.29003e-05	  4.80718e-06	  24	  1.22162e-06
197	  0.993459	  0.737865	  4.43525e-05	  4.1991e-06	  24	  1.06709e-06
198	  0.702481	  0	  9.59862e-05	  2.42565e-06	  12	  8.21508e-07
199	  0.710244	  0.147442	  9.37219e-05	  4.49098e-06	  24	  1.14127e-06
200	  0.733038	  0.285714	  8.74227e-05	  3.06131e-06	  24	  7.77954e-07
201	  0.76953	  0.408248	  7.85788e-05	  3.49894e-06	  24	  8.89166e-07
202	  0.817887	  0.512148	  6.86491e-05	  3.73561e-06	  24	  9.49308e-07
203	  0.876148	  0.597614	  5.88643e-05	  2.41784e-06	  24	  6.1443e-07
204	  0.942478	  0.666667	  4.99708e-05	  4.72743e-06	  24	  1.20135e-06
205	  0.733038	  0	  8.74227e-05	  3.34876e-06	  6	  1.53456e-06
206	  0.74048	  0.141421	  8.55312e-05	  3.69622e-06	  12	  1.25182e-06
207	  0.762371	  0.274721	  8.01954e-05	  4.66917e-06	  12	  1.58133e-06
208	  0.797522	  0.393919	  7.25949e-05	  4.88663e-06	  12	  1.65498e-06
209	  0.844278	  0.496139	  6.3942e-05	  3.11012e-06	  12	  1.05332e-06
210	  0.900833	  0.581238	  5.53169e-05	  3.33338e-06	  12	  1.12893e-06
211	  0.965468	  0.650791	  4.73186e-05	  2.30069e-06	  12	  7.79185e-07
212	  0.74048	  0	  8.55312e-05	  3.61625e-06	  18	  1.03317e-06
213	  0.747849	  0.140028	  8.36612e-05	  4.45686e-06	  36	  9.65653e-07
214	  0.76953	  0.272166	  7.85788e-05	  3.06089e-06	  36	  6.63193e-07
215	  0.804368	  0.390567	  7.12372e-05	  3.43474e-06	  36	  7.44194e-07
216	  0.850747	  0.492366	  6.28792e-05	  3.67461e-06	  36	  7.96165e-07
217	  0.9069	  0.57735	  5.44911e-05	  3.91917e-06	  36	  8.49154e-07
218	  0.971131	  0.646997	  4.66877e-05	  4.94869e-06	  36	  1.07222e-06
219	  0.755145	  0	  8.19187e-05	  2.74016e-06	  12	  9.28023e-07
220	  0.762371	  0.137361	  8.01954e-05	  3.62409e-06	  24	  9.20969e-07
221	  0.783651	  0.267261	  7.54794e-05	  2.6086e-06	  24	  6.62909e-07
222	  0.817887	  0.384111	  6.86491e-05	  3.14978e-06	  24	  8.00435e-07
223	  0.863541	  0.485071	  6.0809e-05	  2.2793e-06	  24	  5.79224e-07
224	  0.918912	  0.569803	  5.29003e-05	  2.75565e-06	  24	  7.00277e-07
225	  0.982358	  0.639602	  4.55013e-05	  3.61472e-06	  24	  9.18587e-07
226	  0.762371	  0	  8.01954e-05	  3.36236e-06	  12	  1.13875e-06
227	  0.76953	  0.136083	  7.85788e-05	  2.65473e-06	  24	  6.74631e-07
228	  0.790617	  0.264906	  7.40102e-05	  4.46811e-06	  24	  1.13545e-06
229	  0.824564	  0.381	  6.74072e-05	  1.7228e-06	  24	  4.37806e-07
230	  0.869868	  0.481543	  5.98331e-05	  3.28988e-06	  24	  8.36039e-07
231	  0.92486	  0.566139	  5.21404e-05	  3.42451e-06	  24	  8.7025e-07
232	  0.987924	  0.635999	  4.49132e-05	  2.32796e-06	  24	  5.9159e-07
233	  0.797522	  0	  7.25949e-05	  3.39497e-06	  12	  1.14979e-06
234	  0.804368	  0.130189	  7.12372e-05	  2.21496e-06	  24	  5.62874e-07
235	  0.824564	  0.254	  6.74072e-05	  1.59056e-06	  24	  4.042e-07
236	  0.857168	  0.366508	  6.18245e-05	  2.7302e-06	  24	  6.9381e-07
237	  0.900833	  0.464991	  5.53169e-05	  3.25229e-06	  24	  8.26486e-07
238	  0.954042	  0.548821	  4.86063e-05	  3.82517e-06	  24	  9.72068e-07
239	  0.817887	  0	  6.86491e-05	  2.18763e-06	  12	  7.40894e-07
240	  0.824564	  0.127	  6.74072e-05	  2.45561e-06	  24	  6.2403e-07
241	  0.844278	  0.248069	  6.3942e-05	  2.58824e-06	  24	  6.57734e-07
242	  0.876148	  0.358569	  5.88643e-05	  2.48034e-06	  24	  6.30313e-07
243	  0.918912	  0.455842	  5.29003e-05	  2.46374e-06	  24	  6.26096e-07
244	  0.971131	  0.539164	  4.66877e-05	  3.48421e-06	  24	  8.85421e-07
245	  0.837758	  0	  6.50738e-05	  1.41892e-06	  6	  6.50219e-07
246	  0.844278	  0.124035	  6.3942e-05	  2.03996e-06	  12	  6.90882e-07
247	  0.863541	  0.242536	  6.0809e-05	  2.25181e-06	  12	  7.62633e-07
248	  0.894726	  0.351123	  5.61554e-05	  3.06637e-06	  12	  1.0385e-06
249	  0.936642	  0.447214	  5.06708e-05	  3.23695e-06	  12	  1.09627e-06
250	  0.987924	  0.529999	  4.49132e-05	  3.78428e-06	  12	  1.28164e-06
251	  0.844278	  0	  6.3942e-05	  1.68848e-06	  24	  4.29085e-07
252	  0.850747	  0.123091	  6.28792e-05	  2.54453e-06	  48	  4.94497e-07
253	  0.869868	  0.240772	  5.98331e-05	  2.50271e-06	  48	  4.86371e-07
254	  0.900833	  0.348743	  5.53169e-05	  2.68806e-06	  48	  5.22391e-07
255	  0.942478	  0.444444	  4.99708e-05	  2.78354e-06	  48	  5.40947e-07
256	  0.993459	  0.527046	  4.43525e-05	  3.08183e-06	  48	  5.98915e-07
257	  0.863541	  0	  6.0809e-05	  2.18827e-06	  12	  7.41112e-07
258	  0.869868	  0.120386	  5.98331e-05	  2.30926e-06	  24	  5.8684e-07
259	  0.888577	  0.235702	  5.7047e-05	  2.96011e-06	  24	  7.52234e-07
260	  0.918912	  0.341882	  5.29003e-05	  2.27366e-06	  24	  5.77792e-07
261	  0.959772	  0.436436	  4.79605e-05	  2.79249e-06	  24	  7.09639e-07
262	  0.888577	  0	  5.7047e-05	  1.40226e-06	  6	  6.42586e-07
263	  0.894726	  0.117041	  5.61554e-05	  2.62562e-06	  12	  8.89232e-07
264	  0.912926	  0.229416	  5.36709e-05	  2.79163e-06	  12	  9.45455e-07
265	  0.942478	  0.333333	  4.99708e-05	  2.96975e-06	  12	  1.00578e-06
266	  0.982358	  0.426401	  4.55013e-05	  2.12903e-06	  12	  7.21049e-07
267	  0.894726	  0	  5.61554e-05	  2.39972e-06	  12	  8.12726e-07
268	  0.900833	  0.116248	  5.53169e-05	  1.9827e-06	  24	  5.03851e-07
269	  0.918912	  0.227921	  5.29003e-05	  2.2028e-06	  24	  5.59784e-07
270	  0.948278	  0.331295	  4.92751e-05	  3.58641e-06	  24	  9.11394e-07
271	  0.987924	  0.423999	  4.49132e-05	  2.35635e-06	  24	  5.98805e-07
272	  0.900833	  0	  5.53169e-05	  2.69017e-06	  12	  9.11094e-07
273	  0.9069	  0.11547	  5.44911e-05	  1.98978e-06	  24	  5.05651e-07
274	  0.92486	  0.226455	  5.21404e-05	  1.40311e-06	  24	  3.56564e-07
275	  0.954042	  0.329293	  4.86063e-05	  2.80153e-06	  24	  7.11937e-07
276	  0.993459	  0.421637	  4.43525e-05	  2.20237e-06	  24	  5.59676e-07
277	  0.936642	  0	  5.06708e-05	  2.05572e-06	  12	  6.96222e-07
278	  0.942478	  0.111111	  4.99708e-05	  2.09191e-06	  24	  5.31605e-07
279	  0.959772	  0.218218	  4.79605e-05	  1.90775e-06	  24	  4.84805e-07
280	  0.987924	  0.317999	  4.49132e-05	  1.84945e-06	  24	  4.69989e-07
281	  0.942478	  0	  4.99708e-05	  4.76057e-06	  6	  2.18152e-06
282	  0.948278	  0.110432	  4.92751e-05	  2.16333e-06	  12	  7.32665e-07
283	  0.965468	  0.21693	  4.73186e-05	  3.41946e-06	  12	  1.15809e-06
284	  0.993459	  0.316228	  4.43525e-05	  1.66109e-06	  12	  5.6257e-07
285	  0.948278	  0	  4.92751e-05	  1.84404e-06	  12	  6.2453e-07
286	  0.954042	  0.109764	  4.86063e-05	  2.21354e-06	  24	  5.62513e-07
287	  0.971131	  0.215666	  4.66877e-05	  1.67135e-06	  24	  4.24732e-07
288	  0.998963	  0.314485	  4.38063e-05	  3.09108e-06	  24	  7.85519e-07
289	  0.965468	  0	  4.73186e-05	  2.28667e-06	  24	  5.81098e-07
290	  0.971131	  0.107833	  4.66877e-05	  1.68253e-06	  48	  3.26979e-07
291	  0.987924	  0.212	  4.49132e-05	  1.50716e-06	  48	  2.92897e-07
292	  0.987924	  0	  4.49132e-05	  1.6458e-06	  12	  5.5739e-07
293	  0.993459	  0.105409	  4.43525e-05	  2.40572e-06	  24	  6.11352e-07
294	  0.993459	  0	  4.43525e-05	  1.31669e-06	  12	  4.45931e-07
295	  0.998963	  0.104828	  4.38063e-05	  2.01933e-06	  24	  5.13161e-07
296	  1.08818	  0.030936	  3.60508e-05	  1.30491e-06	  138	  1.76327e-07
297	  1.08818	  0.0938307	  3.60508e-05	  1.40164e-06	  252	  1.58377e-07
298	  1.08818	  0.156319	  3.60508e-05	  1.10933e-06	  72	  1.86203e-07
299	  1.08818	  0.218712	  3.60508e-05	  1.60112e-06	  216	  1.88998e-07
300	  1.08818	  0.281224	  3.60508e-05	  1.53749e-06	  288	  1.67472e-07
301	  1.08818	  0.343807	  3.60508e-05	  1.50416e-06	  120	  2.12519e-07
302	  1.08818	  0.406302	  3.60508e-05	  1.95224e-06	  180	  2.43123e-07
303	  1.08818	  0.468745	  3.60508e-05	  2.08943e-06	  180	  2.60209e-07
304	  1.08818	  0.531226	  3.60508e-05	  1.88225e-06	  192	  2.29952e-07
305	  1.08818	  0.593785	  3.60508e-05	  2.65747e-06	  192	  3.24659e-07
306	  1.08818	  0.656281	  3.60508e-05	  2.5564e-06	  168	  3.25051e-07
307	  1.08818	  0.718743	  3.60508e-05	  3.00457e-06	  228	  3.49211e-07
308	  1.08818	  0.781255	  3.60508e-05	  3.4159e-06	  144	  4.55453e-07
309	  1.08818	  0.843774	  3.60508e-05	  3.75281e-06	  240	  4.29884e-07
310	  1.08818	  0.90628	  3.60508e-05	  4.28049e-06	  168	  5.44271e-07
311	  1.08818	  0.968758	  3.60508e-05	  5.01494e-06	  150	  6.60215e-07
312	  1.25577	  0.030936	  2.59292e-05	  1.20186e-06	  198	  1.45506e-07
313	  1.25577	  0.0938307	  2.59292e-05	  1.0772e-06	  396	  1.07992e-07
314	  1.25577	  0.156319	  2.59292e-05	  1.03071e-06	  396	  1.0333e-07
315	  1.25577	  0.218712	  2.59292e-05	  9.25522e-07	  204	  1.11076e-07
316	  1.25577	  0.281224	  2.59292e-05	  1.27699e-06	  216	  1.50737e-07
317	  1.25577	  0.343807	  2.59292e-05	  1.07358e-06	  372	  1.09341e-07
318	  1.25577	  0.406302	  2.59292e-05	  1.27504e-06	  312	  1.35937e-07
319	  1.25577	  0.468745	  2.59292e-05	  1.42479e-06	  288	  1.55196e-07
320	  1.25577	  0.531226	  2.59292e-05	  1.58975e-06	  264	  1.77329e-07
321	  1.25577	  0.593785	  2.59292e-05	  1.83914e-06	  312	  1.96077e-07
322	  1.25577	  0.656281	  2.59292e-05	  1.86445e-06	  276	  2.05449e-07
323	  1.25577	  0.718743	  2.59292e-05	  2.34968e-06	  312	  2.50509e-07
324	  1.25577	  0.781255	  2.59292e-05	  2.38102e-06	  276	  2.62372e-07
325	  1.25577	  0.843774	  2.59292e-05	  2.99283e-06	  240	  3.42827e-07
326	  1.25577	  0.90628	  2.59292e-05	  2.90697e-06	  324	  3.06847e-07
327	  1.25577	  0.968758	  2.59292e-05	  3.32307e-06	  315	  3.53387e-07
328	  1.45182	  0.030936	  1.84965e-05	  8.25503e-07	  246	  9.39073e-08
329	  1.45182	  0.0938307	  1.84965e-05	  7.58548e-07	  516	  7.13206e-08
330	  1.45182	  0.156319	  1.84965e-05	  7.54259e-07	  504	  7.13104e-08
331	  1.45182	  0.218712	  1.84965e-05	  8.59906e-07	  528	  8.04179e-08
332	  1.45182	  0.281224	  1.84965e-05	  8.12516e-07	  504	  7.68181e-08
333	  1.45182	  0.343807	  1.84965e-05	  1.01576e-06	  384	  1.02623e-07
334	  1.45182	  0.406302	  1.84965e-05	  9.90072e-07	  420	  9.78141e-08
335	  1.45182	  0.468745	  1.84965e-05	  1.10975e-06	  468	  1.06785e-07
336	  1.45182	  0.531226	  1.84965e-05	  1.07373e-06	  480	  1.02696e-07
337	  1.45182	  0.593785	  1.84965e-05	  1.52043e-06	  468	  1.46303e-07
338	  1.45182	  0.656281	  1.84965e-05	  1.35349e-06	  396	  1.3569e-07
339	  1.45182	  0.718743	  1.84965e-05	  1.45689e-06	  456	  1.41069e-07
340	  1.45182	  0.781255	  1.84965e-05	  1.7421e-06	  432	  1.70922e-07
341	  1.45182	  0.843774	  1.84965e-05	  1.83366e-06	  480	  1.75378e-07
342	  1.45182	  0.90628	  1.84965e-05	  2.08546e-06	  480	  1.99461e-07
343	  1.45182	  0.968758	  1.84965e-05	  2.26452e-06	  414	  2.24521e-07
344	  1.68148	  0.030936	  1.3092e-05	  5.51364e-07	  798	  4.70863e-08
345	  1.68148	  0.0938307	  1.3092e-05	  5.5709e-07	  708	  4.87912e-08
346	  1.68148	  0.156319	  1.3092e-05	  5.72281e-07	  684	  5.04957e-08
347	  1.68148	  0.218712	  1.3092e-05	  5.80184e-07	  720	  5.06314e-08
348	  1.68148	  0.281224	  1.3092e-05	  6.09292e-07	  708	  5.33632e-08
349	  1.68148	  0.343807	  1.3092e-05	  6.46922e-07	  720	  5.64554e-08
350	  1.68148	  0.406302	  1.3092e-05	  6.45284e-07	  672	  5.71566e-08
351	  1.68148	  0.468745	  1.3092e-05	  7.37431e-07	  732	  6.41278e-08
352	  1.68148	  0.531226	  1.3092e-05	  8.29604e-07	  672	  7.34829e-08
353	  1.68148	  0.593785	  1.3092e-05	  8.76236e-07	  708	  7.67428e-08
354	  1.68148	  0.656281	  1.3092e-05	  9.0987e-07	  744	  7.88509e-08
355	  1.68148	  0.718743	  1.3092e-05	  1.03054e-06	  744	  8.93085e-08
356	  1.68148	  0.781255	  1.3092e-05	  1.21204e-06	  696	  1.06544e-07
357	  1.68148	  0.843774	  1.3092e-05	  1.30904e-06	  708	  1.14649e-07
358	  1.68148	  0.90628	  1.3092e-05	  1.32981e-06	  696	  1.16897e-07
359	  1.68148	  0.968758	  1.3092e-05	  1.46969e-06	  741	  1.27475e-07
360	  1.94819	  0.030936	  9.22078e-06	  4.06732e-07	  1368	  3.13334e-08
361	  1.94819	  0.0938307	  9.22078e-06	  3.98543e-07	  924	  3.30383e-08
362	  1.94819	  0.156319	  9.22078e-06	  4.08826e-07	  972	  3.35544e-08
363	  1.94819	  0.218712	  9.22078e-06	  4.04646e-07	  972	  3.32113e-08
364	  1.94819	  0.281224	  9.22078e-06	  4.23264e-07	  1200	  3.33818e-08
365	  1.94819	  0.343807	  9.22078e-06	  4.51036e-07	  1140	  3.59103e-08
366	  1.94819	  0.406302	  9.22078e-06	  4.77516e-07	  1080	  3.84061e-08
367	  1.94819	  0.468745	  9.22078e-06	  5.23942e-07	  1068	  4.22295e-08
368	  1.94819	  0.531226	  9.22078e-06	  5.4399e-07	  1164	  4.31441e-08
369	  1.94819	  0.593785	  9.22078e-06	  6.08192e-07	  1188	  4.8055e-08
370	  1.94819	  0.656281	  9.22078e-06	  6.63965e-07	  1068	  5.35153e-08
371	  1.94819	  0.718743	  9.22078e-06	  7.12465e-07	  1008	  5.80638e-08
372	  1.94819	  0.781255	  9.22078e-06	  7.40854e-07	  1164	  5.87575e-08
373	  1.94819	  0.843774	  9.22078e-06	  8.53413e-07	  1176	  6.75567e-08
374	  1.94819	  0.90628	  9.22078e-06	  8.57963e-07	  1080	  6.90051e-08
375	  1.94819	  0.968758	  9.22078e-06	  8.87035e-07	  1038	  7.1884e-08
376	  2.25604	  0.030936	  6.48115e-06	  2.95248e-07	  1896	  2.1543e-08
377	  2.25604	  0.0938307	  6.48115e-06	  3.11833e-07	  1272	  2.4335e-08
378	  2.25604	  0.156319	  6.48115e-06	  2.97483e-07	  2040	  2.14605e-08
379	  2.25604	  0.218712	  6.48115e-06	  3.07691e-07	  1740	  2.27609e-08
380	  2.25604	  0.281224	  6.48115e-06	  3.15086e-07	  1584	  2.36711e-08
381	  2.25604	  0.343807	  6.48115e-06	  3.36717e-07	  1764	  2.48529e-08
382	  2.25604	  0.406302	  6.48115e-06	  3.4631e-07	  1632	  2.5888e-08
383	  2.25604	  0.468745	  6.48115e-06	  3.66484e-07	  1860	  2.68218e-08
384	  2.25604	  0.531226	  6.48115e-06	  3.93654e-07	  1560	  2.96495e-08
385	  2.25604	  0.593785	  6.48115e-06	  3.97374e-07	  1692	  2.95292e-08
386	  2.25604	  0.656281	  6.48115e-06	  4.66013e-07	  1704	  3.45898e-08
387	  2.25604	  0.718743	  6.48115e-06	  4.66961e-07	  1824	  3.42818e-08
388	  2.25604	  0.781255	  6.48115e-06	  4.95455e-07	  1668	  3.6904e-08
389	  2.25604	  0.843774	  6.48115e-06	  5.71331e-07	  1680	  4.25056e-08
390	  2.25604	  0.90628	  6.48115e-06	  5.60125e-07	  1776	  4.12974e-08
391	  2.25604	  0.968758	  6.48115e-06	  6.07773e-07	  1656	  4.53239e-08
392	  2.61216	  0.030936	  4.54319e-06	  2.15559e-07	  2586	  1.50168e-08
393	  2.61216	  0.0938307	  4.54319e-06	  2.16047e-07	  3036	  1.47233e-08
394	  2.61216	  0.156319	  4.54319e-06	  2.2396e-07	  2124	  1.60575e-08
395	  2.61216	  0.218712	  4.54319e-06	  2.18135e-07	  2940	  1.49297e-08
396	  2.61216	  0.281224	  4.54319e-06	  2.29172e-07	  2616	  1.59393e-08
397	  2.61216	  0.343807	  4.54319e-06	  2.32931e-07	  2448	  1.63544e-08
398	  2.61216	  0.406302	  4.54319e-06	  2.45232e-07	  2916	  1.68029e-08
399	  2.61216	  0.468745	  4.54319e-06	  2.50342e-07	  2544	  1.74804e-08
400	  2.61216	  0.531226	  4.54319e-06	  2.76816e-07	  2652	  1.92161e-08
401	  2.61216	  0.593785	  4.54319e-06	  2.80653e-07	  2748	  1.93865e-08
402	  2.61216	  0.656281	  4.54319e-06	  3.03937e-07	  2676	  2.10723e-08
403	  2.61216	  0.718743	  4.54319e-06	  3.15058e-07	  2472	  2.20896e-08
404	  2.61216	  0.781255	  4.54319e-06	  3.32238e-07	  2616	  2.31076e-08
405	  2.61216	  0.843774	  4.54319e-06	  3.51181e-07	  2736	  2.42729e-08
406	  2.61216	  0.90628	  4.54319e-06	  3.69236e-07	  2568	  2.57481e-08
407	  2.61216	  0.968758	  4.54319e-06	  3.67523e-07	  2745	  2.53909e-08
408	  3.02645	  0.030936	  3.16893e-06	  1.52752e-07	  3414	  1.02519e-08
409	  3.02645	  0.0938307	  3.16893e-06	  1.57641e-07	  4512	  1.02289e-08
410	  3.02645	  0.156319	  3.16893e-06	  1.56529e-07	  4632	  1.01263e-08
411	  3.02645	  0.218712	  3.16893e-06	  1.53869e-07	  3972	  1.01349e-08
412	  3.02645	  0.281224	  3.16893e-06	  1.57512e-07	  4176	  1.0313e-08
413	  3.02645	  0.343807	  3.16893e-06	  1.6459e-07	  4344	  1.07267e-08
414	  3.02645	  0.406302	  3.16893e-06	  1.71258e-07	  4044	  1.12559e-08
415	  3.02645	  0.468745	  3.16893e-06	  1.79077e-07	  4092	  1.17533e-08
416	  3.02645	  0.531226	  3.16893e-06	  1.92649e-07	  4296	  1.25717e-08
417	  3.02645	  0.593785	  3.16893e-06	  1.89778e-07	  3996	  1.2491e-08
418	  3.02645	  0.656281	  3.16893e-06	  2.099e-07	  4188	  1.37385e-08
419	  3.02645	  0.718743	  3.16893e-06	  2.07603e-07	  4212	  1.3579e-08
420	  3.02645	  0.781255	  3.16893e-06	  2.13731e-07	  4140	  1.40083e-08
421	  3.02645	  0.843774	  3.16893e-06	  2.2344e-07	  4128	  1.46497e-08
422	  3.02645	  0.90628	  3.16893e-06	  2.1884e-07	  4188	  1.43236e-08
423	  3.02645	  0.968758	  3.16893e-06	  2.2251e-07	  4128	  1.45887e-08
424	  3.50419	  0.030936	  2.20839e-06	  1.07475e-07	  7002	  6.65812e-09
425	  3.50419	  0.0938307	  2.20839e-06	  1.12363e-07	  6240	  7.04058e-09
426	  3.50419	  0.156319	  2.20839e-06	  1.08356e-07	  5964	  6.82087e-09
427	  3.50419	  0.218712	  2.20839e-06	  1.08612e-07	  6180	  6.81223e-09
428	  3.50419	  0.281224	  2.20839e-06	  1.14836e-07	  6420	  7.17503e-09
429	  3.50419	  0.343807	  2.20839e-06	  1.10888e-07	  6516	  6.91809e-09
430	  3.50419	  0.406302	  2.20839e-06	  1.17181e-07	  6312	  7.334e-09
431	  3.50419	  0.468745	  2.20839e-06	  1.23364e-07	  6276	  7.72539e-09
432	  3.50419	  0.531226	  2.20839e-06	  1.26866e-07	  6360	  7.93408e-09
433	  3.50419	  0.593785	  2.20839e-06	  1.28152e-07	  6408	  8.00853e-09
434	  3.50419	  0.656281	  2.20839e-06	  1.29344e-07	  6360	  8.08909e-09
435	  3.50419	  0.718743	  2.20839e-06	  1.33021e-07	  6336	  8.32216e-09
436	  3.50419	  0.781255	  2.20839e-06	  1.35554e-07	  6372	  8.47582e-09
437	  3.50419	  0.843774	  2.20839e-06	  1.32306e-07	  6456	  8.26194e-09
438	  3.50419	  0.90628	  2.20839e-06	  1.3284e-07	  6360	  8.30769e-09
439	  3.50419	  0.968758	  2.20839e-06	  1.2777e-07	  6327	  7.99482e-09
440	  4.05763	  0.030936	  1.53462e-06	  7.89354e-08	  10392	  4.72109e-09
441	  4.05763	  0.0938307	  1.53462e-06	  7.78273e-08	  9420	  4.69324e-09
442	  4.05763	  0.156319	  1.53462e-06	  7.93172e-08	  10176	  4.75214e-09
443	  4.05763	  0.218712	  1.53462e-06	  7.91452e-08	  10260	  4.73862e-09
444	  4.05763	  0.281224	  1.53462e-06	  7.97395e-08	  9528	  4.80388e-09
445	  4.05763	  0.343807	  1.53462e-06	  7.89577e-08	  10140	  4.73199e-09
446	  4.05763	  0.406302	  1.53462e-06	  8.08033e-08	  9960	  4.84982e-09
447	  4.05763	  0.468745	  1.53462e-06	  8.20043e-08	  10068	  4.91749e-09
448	  4.05763	  0.531226	  1.53462e-06	  8.41666e-08	  9996	  5.05016e-09
449	  4.05763	  0.593785	  1.53462e-06	  8.33493e-08	  9828	  5.00822e-09
450	  4.05763	  0.656281	  1.53462e-06	  8.29325e-08	  10032	  4.97463e-09
451	  4.05763	  0.718743	  1.53462e-06	  8.29049e-08	  9924	  4.97746e-09
452	  4.05763	  0.781255	  1.53462e-06	  8.30569e-08	  10116	  4.97864e-09
453	  4.05763	  0.843774	  1.53462e-06	  7.96193e-08	  9888	  4.78165e-09
454	  4.05763	  0.90628	  1.53462e-06	  7.63244e-08	  10008	  4.57916e-09
455	  4.05763	  0.968758	  1.53462e-06	  7.16825e-08	  9978	  4.30174e-09
456	  4.69917	  0.030936	  1.06291e-06	  5.67548e-08	  13626	  3.32394e-09
457	  4.69917	  0.0938307	  1.06291e-06	  5.64553e-08	  16392	  3.26371e-09
458	  4.69917	  0.156319	  1.06291e-06	  5.52432e-08	  15708	  3.20294e-09
459	  4.69917	  0.218712	  1.06291e-06	  5.47202e-08	  15432	  3.1765e-09
460	  4.69917	  0.281224	  1.06291e-06	  5.44125e-08	  15780	  3.15378e-09
461	  4.69917	  0.343807	  1.06291e-06	  5.44303e-08	  15300	  3.16156e-09
462	  4.69917	  0.406302	  1.06291e-06	  5.36059e-08	  15588	  3.10965e-09
463	  4.69917	  0.468745	  1.06291e-06	  5.34936e-08	  15396	  3.1058e-09
464	  4.69917	  0.531226	  1.06291e-06	  5.45554e-08	  15504	  3.16591e-09
465	  4.69917	  0.593785	  1.06291e-06	  5.31769e-08	  15660	  3.08379e-09
466	  4.69917	  0.656281	  1.06291e-06	  5.15312e-08	  15192	  2.99464e-09
467	  4.69917	  0.718743	  1.06291e-06	  5.03081e-08	  15600	  2.91819e-09
468	  4.69917	  0.781255	  1.06291e-06	  4.8431e-08	  15216	  2.81417e-09
469	  4.69917	  0.843774	  1.06291e-06	  4.50129e-08	  15516	  2.61201e-09
470	  4.69917	  0.90628	  1.06291e-06	  4.29209e-08	  15540	  2.49035e-09
471	  4.69917	  0.968758	  1.06291e-06	  3.93182e-08	  15405	  2.2827e-09
472	  5.4432	  0.030936	  7.34335e-07	  3.97293e-08	  26250	  2.23168e-09
473	  5.4432	  0.0938307	  7.34335e-07	  3.89664e-08	  22392	  2.20872e-09
474	  5.4432	  0.156319	  7.34335e-07	  3.81659e-08	  24516	  2.15205e-09
475	  5.4432	  0.218712	  7.34335e-07	  3.7133e-08	  23592	  2.09841e-09
476	  5.4432	  0.281224	  7.34335e-07	  3.69257e-08	  24264	  2.08334e-09
477	  5.4432	  0.343807	  7.34335e-07	  3.61115e-08	  23928	  2.03902e-09
478	  5.4432	  0.406302	  7.34335e-07	  3.52205e-08	  24120	  1.98781e-09
479	  5.4432	  0.468745	  7.34335e-07	  3.41184e-08	  23964	  1.92632e-09
480	  5.4432	  0.531226	  7.34335e-07	  3.31241e-08	  24060	  1.86975e-09
481	  5.4432	  0.593785	  7.34335e-07	  3.23322e-08	  24108	  1.82484e-09
482	  5.4432	  0.656281	  7.34335e-07	  3.02849e-08	  24228	  1.70881e-09
483	  5.4432	  0.718743	  7.34335e-07	  2.90153e-08	  24144	  1.6375e-09
484	  5.4432	  0.781255	  7.34335e-07	  2.69745e-08	  23940	  1.52306e-09
485	  5.4432	  0.843774	  7.34335e-07	  2.47298e-08	  24192	  1.39548e-09
486	  5.4432	  0.90628	  7.34335e-07	  2.22539e-08	  23988	  1.25638e-09
487	  5.4432	  0.968758	  7.34335e-07	  1.94379e-08	  24141	  1.097e-09
488	  6.30378	  0.030936	  5.06487e-07	  2.7774e-08	  35082	  1.53699e-09
489	  6.30378	  0.0938307	  5.06487e-07	  2.70707e-08	  39108	  1.49042e-09
490	  6.30378	  0.156319	  5.06487e-07	  2.57882e-08	  36924	  1.42361e-09
491	  6.30378	  0.218712	  5.06487e-07	  2.53654e-08	  37692	  1.39892e-09
492	  6.30378	  0.281224	  5.06487e-07	  2.42957e-08	  37092	  1.34094e-09
493	  6.30378	  0.343807	  5.06487e-07	  2.35448e-08	  37536	  1.29877e-09
494	  6.30378	  0.406302	  5.06487e-07	  2.24963e-08	  36984	  1.24179e-09
495	  6.30378	  0.468745	  5.06487e-07	  2.12641e-08	  37428	  1.17312e-09
496	  6.30378	  0.531226	  5.06487e-07	  2.00206e-08	  37392	  1.10456e-09
497	  6.30378	  0.593785	  5.06487e-07	  1.86053e-08	  37200	  1.02673e-09
498	  6.30378	  0.656281	  5.06487e-07	  1.69893e-08	  36924	  9.37882e-10
499	  6.30378	  0.718743	  5.06487e-07	  1.54364e-08	  37272	  8.51777e-10
500	  6.30378	  0.781255	  5.06487e-07	  1.39032e-08	  37284	  7.67165e-10
501	  6.30378	  0.843774	  5.06487e-07	  1.24279e-08	  37188	  6.85841e-10
502	  6.30378	  0.90628	  5.06487e-07	  1.08126e-08	  37320	  5.96601e-10
503	  6.30378	  0.968758	  5.06487e-07	  9.27436e-09	  37119	  5.11856e-10
504	  7.30029	  0.030936	  3.48469e-07	  1.86939e-08	  60258	  1.01085e-09
505	  7.30029	  0.0938307	  3.48469e-07	  1.80358e-08	  56916	  9.7739e-10
506	  7.30029	  0.156319	  3.48469e-07	  1.73892e-08	  56820	  9.4241e-10
507	  7.30029	  0.218712	  3.48469e-07	  1.64825e-08	  58716	  8.92145e-10
508	  7.30029	  0.281224	  3.48469e-07	  1.54815e-08	  57840	  8.38448e-10
509	  7.30029	  0.343807	  3.48469e-07	  1.45577e-08	  57612	  7.88534e-10
510	  7.30029	  0.406302	  3.48469e-07	  1.35965e-08	  58464	  7.36057e-10
511	  7.30029	  0.468745	  3.48469e-07	  1.2391e-08	  57948	  6.71025e-10
512	  7.30029	  0.531226	  3.48469e-07	  1.13064e-08	  57708	  6.12385e-10
513	  7.30029	  0.593785	  3.48469e-07	  1.00546e-08	  58236	  5.44393e-10
514	  7.30029	  0.656281	  3.48469e-07	  8.88539e-09	  58008	  4.81162e-10
515	  7.30029	  0.718743	  3.48469e-07	  7.73127e-09	  58200	  4.1861e-10
516	  7.30029	  0.781255	  3.48469e-07	  6.70132e-09	  58128	  3.62861e-10
517	  7.30029	  0.843774	  3.48469e-07	  5.78995e-09	  57972	  3.13545e-10
518	  7.30029	  0.90628	  3.48469e-07	  4.87406e-09	  57960	  2.63948e-10
519	  7.30029	  0.968758	  3.48469e-07	  4.01322e-09	  58122	  2.17308e-10
520	  8.455	  0.030936	  2.39328e-07	  1.24691e-08	  90198	  6.64975e-10
521	  8.455	  0.0938307	  2.39328e-07	  1.20157e-08	  89292	  6.40995e-10
522	  8.455	  0.156319	  2.39328e-07	  1.1273e-08	  90804	  6.01057e-10
523	  8.455	  0.218712	  2.39328e-07	  1.03987e-08	  89628	  5.54669e-10
524	  8.455	  0.281224	  2.39328e-07	  9.65596e-09	  89844	  5.15013e-10
525	  8.455	  0.343807	  2.39328e-07	  8.57194e-09	  90636	  4.5707e-10
526	  8.455	  0.406302	  2.39328e-07	  7.7664e-09	  89628	  4.14262e-10
527	  8.455	  0.468745	  2.39328e-07	  6.79588e-09	  89772	  3.62476e-10
528	  8.455	  0.531226	  2.39328e-07	  5.86639e-09	  90324	  3.12839e-10
529	  8.455	  0.593785	  2.39328e-07	  5.08974e-09	  89784	  2.71473e-10
530	  8.455	  0.656281	  2.39328e-07	  4.30028e-09	  90216	  2.29331e-10
531	  8.455	  0.718743	  2.39328e-07	  3.59732e-09	  89796	  1.91871e-10
532	  8.455	  0.781255	  2.39328e-07	  3.02226e-09	  90120	  1.61181e-10
533	  8.455	  0.843774	  2.39328e-07	  2.48259e-09	  90132	  1.32399e-10
534	  8.455	  0.90628	  2.39328e-07	  2.01027e-09	  89916	  1.07217e-10
535	  8.455	  0.968758	  2.39328e-07	  1.60188e-09	  89964	  8.54345e-11
536	  9.79129	  0.030936	  1.64041e-07	  8.0764e-09	  139068	  4.25477e-10
537	  9.79129	  0.0938307	  1.64041e-07	  7.56476e-09	  141180	  3.98371e-10
538	  9.79129	  0.156319	  1.64041e-07	  6.98047e-09	  139380	  3.67721e-10
539	  9.79129	  0.218712	  1.64041e-07	  6.28398e-09	  138804	  3.31066e-10
540	  9.79129	  0.281224	  1.64041e-07	  5.56959e-09	  140952	  2.93314e-10
541	  9.79129	  0.343807	  1.64041e-07	  4.78534e-09	  139668	  2.52072e-10
542	  9.79129	  0.406302	  1.64041e-07	  4.0891e-09	  139464	  2.15405e-10
543	  9.79129	  0.468745	  1.64041e-07	  3.41511e-09	  139812	  1.79889e-10
544	  9.79129	  0.531226	  1.64041e-07	  2.83565e-09	  139884	  1.49364e-10
545	  9.79129	  0.593785	  1.64041e-07	  2.32096e-09	  140184	  1.22247e-10
546	  9.79129	  0.656281	  1.64041e-07	  1.90931e-09	  139404	  1.00579e-10
547	  9.79129	  0.718743	  1.64041e-07	  1.56058e-09	  139932	  8.2201e-11
548	  9.79129	  0.781255	  1.64041e-07	  1.25271e-09	  139980	  6.59836e-11
549	  9.79129	  0.843774	  1.64041e-07	  9.87734e-10	  139632	  5.203e-11
550	  9.79129	  0.90628	  1.64041e-07	  7.75073e-10	  140088	  4.08245e-11
551	  9.79129	  0.968758	  1.64041e-07	  5.86639e-10	  139623	  3.09019e-11
