#n	   k	      mu	    PL	    Pf	     w	     err  
0	  0.10472	  1	  0.0037933	  0.000280379	  3	  0.000175896
1	  0.20944	  1	  0.00133278	  7.70692e-05	  3	  4.83494e-05
2	  0.314159	  1	  0.00060896	  7.47985e-05	  3	  4.69249e-05
3	  0.418879	  1	  0.00034182	  1.48986e-05	  3	  9.34663e-06
4	  0.523599	  1	  0.000214165	  4.20853e-06	  3	  2.64023e-06
5	  0.628319	  1	  0.000144299	  1.74633e-05	  3	  1.09556e-05
6	  0.733038	  1	  0.000102766	  8.86629e-06	  3	  5.56227e-06
7	  0.837758	  1	  7.61654e-05	  8.05507e-06	  3	  5.05335e-06
8	  0.942478	  1	  5.82302e-05	  1.24707e-06	  3	  7.82351e-07
9	  0.10472	  0	  0.0037933	  4.62149e-05	  6	  2.11779e-05
10	  0.148096	  0.707107	  0.00241055	  6.60397e-05	  12	  2.2366e-05
11	  0.23416	  0.894427	  0.00104482	  8.0822e-05	  12	  2.73724e-05
12	  0.331153	  0.948683	  0.000554061	  3.20531e-05	  12	  1.08556e-05
13	  0.431771	  0.970143	  0.000320665	  1.74656e-05	  12	  5.91516e-06
14	  0.533968	  0.980581	  0.000205289	  1.21126e-05	  12	  4.10225e-06
15	  0.636985	  0.986394	  0.000140111	  6.75058e-06	  12	  2.28625e-06
16	  0.74048	  0.989949	  0.000100435	  9.24785e-06	  12	  3.13202e-06
17	  0.844278	  0.992278	  7.48203e-05	  4.17277e-06	  12	  1.41321e-06
18	  0.948278	  0.993884	  5.74466e-05	  4.01168e-06	  12	  1.35866e-06
19	  0.148096	  0	  0.00241055	  2.42484e-05	  6	  1.11118e-05
20	  0.18138	  0.57735	  0.0016626	  3.21462e-05	  12	  1.08871e-05
21	  0.25651	  0.816497	  0.000909659	  3.69173e-05	  12	  1.2503e-05
22	  0.347316	  0.904534	  0.000501017	  2.25232e-05	  12	  7.62804e-06
23	  0.444288	  0.942809	  0.000302482	  1.61385e-05	  12	  5.46572e-06
24	  0.54414	  0.96225	  0.000197236	  1.17937e-05	  12	  3.99422e-06
25	  0.645536	  0.973329	  0.000136072	  7.73685e-06	  12	  2.62028e-06
26	  0.747849	  0.980196	  9.82357e-05	  4.55631e-06	  12	  1.54311e-06
27	  0.850747	  0.984732	  7.34906e-05	  5.45259e-06	  12	  1.84666e-06
28	  0.954042	  0.987878	  5.66677e-05	  4.04498e-06	  12	  1.36993e-06
29	  0.20944	  0	  0.00133278	  1.53637e-05	  6	  7.04037e-06
30	  0.23416	  0.447214	  0.00104482	  2.50326e-05	  12	  8.47791e-06
31	  0.296192	  0.707107	  0.000677885	  3.05974e-05	  12	  1.03626e-05
32	  0.377572	  0.83205	  0.000422205	  2.0049e-05	  12	  6.79011e-06
33	  0.468321	  0.894427	  0.000271367	  1.61596e-05	  12	  5.47285e-06
34	  0.563933	  0.928477	  0.000182555	  6.37924e-06	  12	  2.16049e-06
35	  0.662306	  0.948683	  0.000128648	  5.9513e-06	  12	  2.01556e-06
36	  0.762371	  0.961524	  9.41368e-05	  6.90083e-06	  12	  2.33714e-06
37	  0.863541	  0.970143	  7.11145e-05	  1.49258e-06	  12	  5.05499e-07
38	  0.965468	  0.976187	  5.5124e-05	  2.57763e-06	  12	  8.7298e-07
39	  0.23416	  0	  0.00104482	  1.54305e-05	  12	  5.22592e-06
40	  0.25651	  0.408248	  0.000909659	  1.46851e-05	  24	  3.73183e-06
41	  0.314159	  0.666667	  0.00060896	  2.00241e-05	  24	  5.08862e-06
42	  0.391825	  0.801784	  0.000393178	  1.49902e-05	  24	  3.80937e-06
43	  0.479886	  0.872872	  0.000257585	  1.67054e-05	  24	  4.24526e-06
44	  0.573574	  0.912871	  0.000175943	  7.84653e-06	  24	  1.99399e-06
45	  0.670534	  0.937043	  0.000125138	  4.84481e-06	  24	  1.23118e-06
46	  0.76953	  0.952579	  9.21163e-05	  4.78809e-06	  24	  1.21677e-06
47	  0.869868	  0.963087	  6.99396e-05	  3.8027e-06	  24	  9.66358e-07
48	  0.971131	  0.970495	  5.43589e-05	  3.20933e-06	  24	  8.15568e-07
49	  0.296192	  0	  0.000677885	  8.90861e-06	  6	  4.08236e-06
50	  0.314159	  0.333333	  0.00060896	  1.1068e-05	  12	  3.74847e-06
51	  0.36276	  0.57735	  0.000456691	  9.35315e-06	  12	  3.16768e-06
52	  0.431771	  0.727607	  0.000320665	  1.25656e-05	  12	  4.25566e-06
53	  0.51302	  0.816497	  0.000223509	  1.02444e-05	  12	  3.46952e-06
54	  0.601569	  0.870388	  0.000158789	  8.27366e-06	  12	  2.80208e-06
55	  0.694632	  0.904534	  0.000115719	  8.49999e-06	  12	  2.87873e-06
56	  0.790617	  0.927173	  8.67475e-05	  4.78077e-06	  12	  1.61913e-06
57	  0.888577	  0.942809	  6.66369e-05	  3.67038e-06	  12	  1.24307e-06
58	  0.987924	  0.953998	  5.2307e-05	  1.70421e-06	  12	  5.77173e-07
59	  0.314159	  0	  0.00060896	  1.18929e-05	  6	  5.44988e-06
60	  0.331153	  0.316228	  0.000554061	  8.91618e-06	  12	  3.01969e-06
61	  0.377572	  0.5547	  0.000422205	  1.30778e-05	  12	  4.42912e-06
62	  0.444288	  0.707107	  0.000302482	  6.79843e-06	  12	  2.30246e-06
63	  0.523599	  0.8	  0.000214165	  1.02409e-05	  12	  3.46834e-06
64	  0.610616	  0.857493	  0.000153609	  4.48363e-06	  12	  1.51849e-06
65	  0.702481	  0.894427	  0.000112929	  5.35799e-06	  12	  1.81462e-06
66	  0.797522	  0.919145	  8.50375e-05	  4.38252e-06	  12	  1.48425e-06
67	  0.894726	  0.936329	  6.56091e-05	  2.54352e-06	  12	  8.61426e-07
68	  0.993459	  0.948683	  5.16337e-05	  2.71974e-06	  12	  9.21109e-07
69	  0.331153	  0	  0.000554061	  7.2247e-06	  12	  2.44683e-06
70	  0.347316	  0.301511	  0.000501017	  6.5857e-06	  24	  1.67359e-06
71	  0.391825	  0.534522	  0.000393178	  6.85923e-06	  24	  1.7431e-06
72	  0.456463	  0.688247	  0.000286294	  1.26606e-05	  24	  3.21735e-06
73	  0.533968	  0.784465	  0.000205289	  7.07192e-06	  24	  1.79715e-06
74	  0.61953	  0.845154	  0.000148921	  4.66064e-06	  24	  1.18438e-06
75	  0.710244	  0.884652	  0.000110234	  8.07132e-06	  24	  2.05112e-06
76	  0.804368	  0.911322	  8.34695e-05	  3.82078e-06	  24	  9.70953e-07
77	  0.900833	  0.929981	  6.45884e-05	  3.28181e-06	  24	  8.33986e-07
78	  0.998963	  0.943456	  5.09642e-05	  2.11051e-06	  24	  5.36331e-07
79	  0.377572	  0	  0.000422205	  5.92417e-06	  12	  2.00637e-06
80	  0.391825	  0.267261	  0.000393178	  4.40428e-06	  24	  1.11923e-06
81	  0.431771	  0.485071	  0.000320665	  7.75258e-06	  24	  1.97012e-06
82	  0.491179	  0.639602	  0.000245153	  5.58285e-06	  24	  1.41874e-06
83	  0.563933	  0.742781	  0.000182555	  7.43526e-06	  24	  1.88948e-06
84	  0.645536	  0.811107	  0.000136072	  6.19275e-06	  24	  1.57373e-06
85	  0.733038	  0.857143	  0.000102766	  5.2737e-06	  24	  1.34017e-06
86	  0.824564	  0.889001	  7.88875e-05	  2.56672e-06	  24	  6.52265e-07
87	  0.918912	  0.911685	  6.17322e-05	  3.72377e-06	  24	  9.46301e-07
88	  0.418879	  0	  0.00034182	  1.2785e-06	  6	  5.85869e-07
89	  0.431771	  0.242536	  0.000320665	  3.3462e-06	  12	  1.13327e-06
90	  0.468321	  0.447214	  0.000271367	  6.07711e-06	  12	  2.05817e-06
91	  0.523599	  0.6	  0.000214165	  5.50497e-06	  12	  1.8644e-06
92	  0.592384	  0.707107	  0.000164113	  2.899e-06	  12	  9.81821e-07
93	  0.670534	  0.780869	  0.000125138	  5.82751e-06	  12	  1.97363e-06
94	  0.755145	  0.83205	  9.61764e-05	  3.46432e-06	  12	  1.17328e-06
95	  0.844278	  0.868243	  7.48203e-05	  3.45098e-06	  12	  1.16876e-06
96	  0.936642	  0.894427	  5.90687e-05	  1.66941e-06	  12	  5.65389e-07
97	  0.431771	  0	  0.000320665	  3.08118e-06	  12	  1.04352e-06
98	  0.444288	  0.235702	  0.000302482	  2.12434e-06	  24	  5.39847e-07
99	  0.479886	  0.436436	  0.000257585	  6.61381e-06	  24	  1.68073e-06
100	  0.533968	  0.588348	  0.000205289	  3.62271e-06	  24	  9.20618e-07
101	  0.601569	  0.696311	  0.000158789	  3.6213e-06	  24	  9.20259e-07
102	  0.678662	  0.771517	  0.000121881	  3.11456e-06	  24	  7.91484e-07
103	  0.762371	  0.824163	  9.41368e-05	  4.49065e-06	  24	  1.14118e-06
104	  0.850747	  0.86164	  7.34906e-05	  3.90972e-06	  24	  9.93554e-07
105	  0.942478	  0.888889	  5.82302e-05	  3.16767e-06	  24	  8.04981e-07
106	  0.444288	  0	  0.000302482	  2.86176e-06	  6	  1.3114e-06
107	  0.456463	  0.229416	  0.000286294	  5.39611e-06	  12	  1.82753e-06
108	  0.491179	  0.426401	  0.000245153	  4.4802e-06	  12	  1.51733e-06
109	  0.54414	  0.57735	  0.000197236	  1.547e-06	  12	  5.2393e-07
110	  0.610616	  0.685994	  0.000153609	  5.50236e-06	  12	  1.86351e-06
111	  0.686693	  0.762493	  0.000118782	  3.64361e-06	  12	  1.234e-06
112	  0.76953	  0.816497	  9.21163e-05	  3.55064e-06	  12	  1.20252e-06
113	  0.857168	  0.855186	  7.22981e-05	  2.1314e-06	  12	  7.21854e-07
114	  0.948278	  0.883452	  5.74466e-05	  1.56791e-06	  12	  5.31013e-07
115	  0.468321	  0	  0.000271367	  3.69167e-06	  12	  1.25028e-06
116	  0.479886	  0.218218	  0.000257585	  5.12497e-06	  24	  1.30238e-06
117	  0.51302	  0.408248	  0.000223509	  5.1653e-06	  24	  1.31263e-06
118	  0.563933	  0.557086	  0.000182555	  5.04541e-06	  24	  1.28216e-06
119	  0.628319	  0.666667	  0.000144299	  3.97055e-06	  24	  1.00901e-06
120	  0.702481	  0.745356	  0.000112929	  4.18203e-06	  24	  1.06276e-06
121	  0.783651	  0.801784	  8.85207e-05	  3.64427e-06	  24	  9.26098e-07
122	  0.869868	  0.842701	  6.99396e-05	  2.49102e-06	  24	  6.33027e-07
123	  0.959772	  0.872872	  5.58936e-05	  2.29047e-06	  24	  5.82062e-07
124	  0.523599	  0	  0.000214165	  2.54186e-06	  18	  7.26216e-07
125	  0.533968	  0.196116	  0.000205289	  2.40578e-06	  36	  5.21252e-07
126	  0.563933	  0.371391	  0.000182555	  2.33883e-06	  36	  5.06747e-07
127	  0.610616	  0.514496	  0.000153609	  2.87816e-06	  36	  6.236e-07
128	  0.670534	  0.624695	  0.000125138	  2.97224e-06	  36	  6.43985e-07
129	  0.74048	  0.707107	  0.000100435	  3.30423e-06	  36	  7.15917e-07
130	  0.817887	  0.768221	  8.03727e-05	  2.75558e-06	  36	  5.97042e-07
131	  0.900833	  0.813733	  6.45884e-05	  2.2619e-06	  36	  4.90078e-07
132	  0.987924	  0.847998	  5.2307e-05	  2.08301e-06	  36	  4.51319e-07
133	  0.533968	  0	  0.000205289	  2.34758e-06	  12	  7.95067e-07
134	  0.54414	  0.19245	  0.000197236	  3.54702e-06	  24	  9.01383e-07
135	  0.573574	  0.365148	  0.000175943	  2.32801e-06	  24	  5.91604e-07
136	  0.61953	  0.507093	  0.000148921	  3.15909e-06	  24	  8.028e-07
137	  0.678662	  0.617213	  0.000121881	  3.06655e-06	  24	  7.79285e-07
138	  0.747849	  0.70014	  9.82357e-05	  2.84161e-06	  24	  7.22122e-07
139	  0.824564	  0.762001	  7.88875e-05	  1.2077e-06	  24	  3.06905e-07
140	  0.9069	  0.80829	  6.35745e-05	  2.68926e-06	  24	  6.83405e-07
141	  0.993459	  0.843274	  5.16337e-05	  2.0812e-06	  24	  5.28882e-07
142	  0.563933	  0	  0.000182555	  9.61236e-07	  12	  3.25547e-07
143	  0.573574	  0.182574	  0.000175943	  1.95577e-06	  24	  4.97009e-07
144	  0.601569	  0.348155	  0.000158789	  2.64758e-06	  24	  6.72815e-07
145	  0.645536	  0.486664	  0.000136072	  3.06942e-06	  24	  7.80014e-07
146	  0.702481	  0.596285	  0.000112929	  3.34238e-06	  24	  8.49378e-07
147	  0.76953	  0.680414	  9.21163e-05	  1.90479e-06	  24	  4.84053e-07
148	  0.844278	  0.744208	  7.48203e-05	  2.91326e-06	  24	  7.4033e-07
149	  0.92486	  0.792594	  6.08387e-05	  2.19608e-06	  24	  5.58077e-07
150	  0.592384	  0	  0.000164113	  6.94656e-07	  6	  3.18325e-07
151	  0.601569	  0.174078	  0.000158789	  1.4638e-06	  12	  4.95754e-07
152	  0.628319	  0.333333	  0.000144299	  2.05979e-06	  12	  6.97599e-07
153	  0.670534	  0.468521	  0.000125138	  1.85346e-06	  12	  6.27723e-07
154	  0.72552	  0.57735	  0.000105121	  3.52712e-06	  12	  1.19455e-06
155	  0.790617	  0.662266	  8.67475e-05	  2.50905e-06	  12	  8.49752e-07
156	  0.863541	  0.727607	  7.11145e-05	  2.19713e-06	  12	  7.44112e-07
157	  0.942478	  0.777778	  5.82302e-05	  1.62623e-06	  12	  5.50762e-07
158	  0.610616	  0	  0.000153609	  1.49358e-06	  12	  5.05837e-07
159	  0.61953	  0.169031	  0.000148921	  1.89777e-06	  24	  4.8227e-07
160	  0.645536	  0.324443	  0.000136072	  2.18956e-06	  24	  5.5642e-07
161	  0.686693	  0.457496	  0.000118782	  2.41948e-06	  24	  6.14848e-07
162	  0.74048	  0.565685	  0.000100435	  2.01462e-06	  24	  5.11963e-07
163	  0.804368	  0.650945	  8.34695e-05	  2.76671e-06	  24	  7.03087e-07
164	  0.876148	  0.717137	  6.87731e-05	  2.24361e-06	  24	  5.70156e-07
165	  0.954042	  0.76835	  5.66677e-05	  1.84599e-06	  24	  4.69112e-07
166	  0.628319	  0	  0.000144299	  5.26532e-06	  6	  2.41282e-06
167	  0.636985	  0.164399	  0.000140111	  2.57553e-06	  12	  8.72268e-07
168	  0.662306	  0.316228	  0.000128648	  1.62031e-06	  12	  5.48759e-07
169	  0.702481	  0.447214	  0.000112929	  8.74239e-07	  12	  2.96083e-07
170	  0.755145	  0.5547	  9.61764e-05	  1.17861e-06	  12	  3.99166e-07
171	  0.817887	  0.640184	  8.03727e-05	  1.61087e-06	  12	  5.45562e-07
172	  0.888577	  0.707107	  6.66369e-05	  1.91304e-06	  12	  6.47899e-07
173	  0.965468	  0.759257	  5.5124e-05	  2.19491e-06	  12	  7.43362e-07
174	  0.636985	  0	  0.000140111	  2.47849e-06	  12	  8.39402e-07
175	  0.645536	  0.162221	  0.000136072	  1.37979e-06	  24	  3.50637e-07
176	  0.670534	  0.312348	  0.000125138	  1.54636e-06	  24	  3.92967e-07
177	  0.710244	  0.442326	  0.000110234	  2.08716e-06	  24	  5.30397e-07
178	  0.762371	  0.549442	  9.41368e-05	  2.55002e-06	  24	  6.48023e-07
179	  0.824564	  0.635001	  7.88875e-05	  1.3202e-06	  24	  3.35496e-07
180	  0.894726	  0.702247	  6.56091e-05	  1.33513e-06	  24	  3.39289e-07
181	  0.971131	  0.754829	  5.43589e-05	  1.5523e-06	  24	  3.94478e-07
182	  0.662306	  0	  0.000128648	  1.5522e-06	  12	  5.25692e-07
183	  0.670534	  0.156174	  0.000125138	  1.41283e-06	  24	  3.59033e-07
184	  0.694632	  0.301511	  0.000115719	  1.67163e-06	  24	  4.24801e-07
185	  0.733038	  0.428571	  0.000102766	  1.90805e-06	  24	  4.84881e-07
186	  0.783651	  0.534522	  8.85207e-05	  1.75453e-06	  24	  4.45867e-07
187	  0.844278	  0.620174	  7.48203e-05	  1.71291e-06	  24	  4.35291e-07
188	  0.912926	  0.688247	  6.26316e-05	  1.18343e-06	  24	  3.00737e-07
189	  0.987924	  0.741999	  5.2307e-05	  1.30933e-06	  24	  3.32733e-07
190	  0.670534	  0	  0.000125138	  1.85821e-06	  12	  6.29328e-07
191	  0.678662	  0.154303	  0.000121881	  1.19836e-06	  24	  3.04533e-07
192	  0.702481	  0.298142	  0.000112929	  1.99747e-06	  24	  5.07607e-07
193	  0.74048	  0.424264	  0.000100435	  1.50343e-06	  24	  3.82058e-07
194	  0.790617	  0.529813	  8.67475e-05	  1.65882e-06	  24	  4.21545e-07
195	  0.850747	  0.615457	  7.34906e-05	  1.20076e-06	  24	  3.05143e-07
196	  0.918912	  0.683763	  6.17322e-05	  1.6881e-06	  24	  4.28988e-07
197	  0.993459	  0.737865	  5.16337e-05	  1.5243e-06	  24	  3.87361e-07
198	  0.702481	  0	  0.000112929	  7.24192e-07	  12	  2.45266e-07
199	  0.710244	  0.147442	  0.000110234	  1.52639e-06	  24	  3.87892e-07
200	  0.733038	  0.285714	  0.000102766	  1.95593e-06	  24	  4.97048e-07
201	  0.76953	  0.408248	  9.21163e-05	  1.68688e-06	  24	  4.28677e-07
202	  0.817887	  0.512148	  8.03727e-05	  2.32708e-06	  24	  5.91366e-07
203	  0.876148	  0.597614	  6.87731e-05	  1.94065e-06	  24	  4.93166e-07
204	  0.942478	  0.666667	  5.82302e-05	  1.56274e-06	  24	  3.97129e-07
205	  0.733038	  0	  0.000102766	  1.37704e-06	  6	  6.31024e-07
206	  0.74048	  0.141421	  0.000100435	  1.27853e-06	  12	  4.33006e-07
207	  0.762371	  0.274721	  9.41368e-05	  9.8752e-07	  12	  3.34448e-07
208	  0.797522	  0.393919	  8.50375e-05	  1.36193e-06	  12	  4.61251e-07
209	  0.844278	  0.496139	  7.48203e-05	  1.71226e-06	  12	  5.79901e-07
210	  0.900833	  0.581238	  6.45884e-05	  1.79139e-06	  12	  6.06698e-07
211	  0.965468	  0.650791	  5.5124e-05	  1.5188e-06	  12	  5.14381e-07
212	  0.74048	  0	  0.000100435	  1.37193e-06	  18	  3.91963e-07
213	  0.747849	  0.140028	  9.82357e-05	  1.64364e-06	  36	  3.56122e-07
214	  0.76953	  0.272166	  9.21163e-05	  1.27446e-06	  36	  2.76134e-07
215	  0.804368	  0.390567	  8.34695e-05	  1.86104e-06	  36	  4.03225e-07
216	  0.850747	  0.492366	  7.34906e-05	  1.2169e-06	  36	  2.63662e-07
217	  0.9069	  0.57735	  6.35745e-05	  1.22379e-06	  36	  2.65154e-07
218	  0.971131	  0.646997	  5.43589e-05	  1.94095e-06	  36	  4.20539e-07
219	  0.755145	  0	  9.61764e-05	  8.47664e-07	  12	  2.87083e-07
220	  0.762371	  0.137361	  9.41368e-05	  1.6281e-06	  24	  4.13739e-07
221	  0.783651	  0.267261	  8.85207e-05	  1.41249e-06	  24	  3.58948e-07
222	  0.817887	  0.384111	  8.03727e-05	  1.49011e-06	  24	  3.78673e-07
223	  0.863541	  0.485071	  7.11145e-05	  8.13281e-07	  24	  2.06674e-07
224	  0.918912	  0.569803	  6.17322e-05	  1.42187e-06	  24	  3.61332e-07
225	  0.982358	  0.639602	  5.2984e-05	  9.91627e-07	  24	  2.51996e-07
226	  0.762371	  0	  9.41368e-05	  6.94342e-07	  12	  2.35156e-07
227	  0.76953	  0.136083	  9.21163e-05	  1.51259e-06	  24	  3.84385e-07
228	  0.790617	  0.264906	  8.67475e-05	  1.09086e-06	  24	  2.77215e-07
229	  0.824564	  0.381	  7.88875e-05	  1.13872e-06	  24	  2.89377e-07
230	  0.869868	  0.481543	  6.99396e-05	  8.25329e-07	  24	  2.09736e-07
231	  0.92486	  0.566139	  6.08387e-05	  1.51232e-06	  24	  3.84318e-07
232	  0.987924	  0.635999	  5.2307e-05	  1.07265e-06	  24	  2.72586e-07
233	  0.797522	  0	  8.50375e-05	  1.20103e-06	  12	  4.06758e-07
234	  0.804368	  0.130189	  8.34695e-05	  1.54758e-06	  24	  3.93278e-07
235	  0.824564	  0.254	  7.88875e-05	  1.00166e-06	  24	  2.54545e-07
236	  0.857168	  0.366508	  7.22981e-05	  1.14442e-06	  24	  2.90824e-07
237	  0.900833	  0.464991	  6.45884e-05	  1.09551e-06	  24	  2.78395e-07
238	  0.954042	  0.548821	  5.66677e-05	  1.28794e-06	  24	  3.27296e-07
239	  0.817887	  0	  8.03727e-05	  8.98118e-07	  12	  3.0417e-07
240	  0.824564	  0.127	  7.88875e-05	  8.28586e-07	  24	  2.10564e-07
241	  0.844278	  0.248069	  7.48203e-05	  1.0395e-06	  24	  2.64163e-07
242	  0.876148	  0.358569	  6.87731e-05	  1.25449e-06	  24	  3.18797e-07
243	  0.918912	  0.455842	  6.17322e-05	  1.19958e-06	  24	  3.04843e-07
244	  0.971131	  0.539164	  5.43589e-05	  1.39704e-06	  24	  3.55023e-07
245	  0.837758	  0	  7.61654e-05	  1.14199e-06	  6	  5.23314e-07
246	  0.844278	  0.124035	  7.48203e-05	  1.50446e-06	  12	  5.09524e-07
247	  0.863541	  0.242536	  7.11145e-05	  4.72964e-07	  12	  1.60181e-07
248	  0.894726	  0.351123	  6.56091e-05	  9.33326e-07	  12	  3.16094e-07
249	  0.936642	  0.447214	  5.90687e-05	  1.04784e-06	  12	  3.54877e-07
250	  0.987924	  0.529999	  5.2307e-05	  1.57192e-06	  12	  5.3237e-07
251	  0.844278	  0	  7.48203e-05	  1.33001e-06	  24	  3.37987e-07
252	  0.850747	  0.123091	  7.34906e-05	  1.16867e-06	  48	  2.27116e-07
253	  0.869868	  0.240772	  6.99396e-05	  9.37034e-07	  48	  1.82101e-07
254	  0.900833	  0.348743	  6.45884e-05	  1.11192e-06	  48	  2.16089e-07
255	  0.942478	  0.444444	  5.82302e-05	  1.0398e-06	  48	  2.02071e-07
256	  0.993459	  0.527046	  5.16337e-05	  1.15417e-06	  48	  2.24298e-07
257	  0.863541	  0	  7.11145e-05	  5.94319e-07	  12	  2.01281e-07
258	  0.869868	  0.120386	  6.99396e-05	  1.00946e-06	  24	  2.56528e-07
259	  0.888577	  0.235702	  6.66369e-05	  9.53604e-07	  24	  2.42334e-07
260	  0.918912	  0.341882	  6.17322e-05	  1.02359e-06	  24	  2.60119e-07
261	  0.959772	  0.436436	  5.58936e-05	  1.00215e-06	  24	  2.54671e-07
262	  0.888577	  0	  6.66369e-05	  9.00302e-07	  6	  4.12562e-07
263	  0.894726	  0.117041	  6.56091e-05	  6.47495e-07	  12	  2.19291e-07
264	  0.912926	  0.229416	  6.26316e-05	  9.74221e-07	  12	  3.29944e-07
265	  0.942478	  0.333333	  5.82302e-05	  1.07747e-06	  12	  3.64914e-07
266	  0.982358	  0.426401	  5.2984e-05	  9.37303e-07	  12	  3.17441e-07
267	  0.894726	  0	  6.56091e-05	  6.48106e-07	  12	  2.19497e-07
268	  0.900833	  0.116248	  6.45884e-05	  7.8627e-07	  24	  1.9981e-07
269	  0.918912	  0.227921	  6.17322e-05	  1.05921e-06	  24	  2.69171e-07
270	  0.948278	  0.331295	  5.74466e-05	  1.05823e-06	  24	  2.68921e-07
271	  0.987924	  0.423999	  5.2307e-05	  9.26758e-07	  24	  2.35512e-07
272	  0.900833	  0	  6.45884e-05	  1.20202e-06	  12	  4.07096e-07
273	  0.9069	  0.11547	  6.35745e-05	  8.72402e-07	  24	  2.21699e-07
274	  0.92486	  0.226455	  6.08387e-05	  7.1109e-07	  24	  1.80705e-07
275	  0.954042	  0.329293	  5.66677e-05	  1.01563e-06	  24	  2.58096e-07
276	  0.993459	  0.421637	  5.16337e-05	  9.00214e-07	  24	  2.28766e-07
277	  0.936642	  0	  5.90687e-05	  6.71818e-07	  12	  2.27528e-07
278	  0.942478	  0.111111	  5.82302e-05	  8.79947e-07	  24	  2.23616e-07
279	  0.959772	  0.218218	  5.58936e-05	  8.11389e-07	  24	  2.06194e-07
280	  0.987924	  0.317999	  5.2307e-05	  7.53779e-07	  24	  1.91553e-07
281	  0.942478	  0	  5.82302e-05	  1.36789e-06	  6	  6.26833e-07
282	  0.948278	  0.110432	  5.74466e-05	  1.03255e-06	  12	  3.497e-07
283	  0.965468	  0.21693	  5.5124e-05	  8.86156e-07	  12	  3.00119e-07
284	  0.993459	  0.316228	  5.16337e-05	  9.61909e-07	  12	  3.25775e-07
285	  0.948278	  0	  5.74466e-05	  9.21258e-07	  12	  3.12007e-07
286	  0.954042	  0.109764	  5.66677e-05	  7.37117e-07	  24	  1.87319e-07
287	  0.971131	  0.215666	  5.43589e-05	  6.66493e-07	  24	  1.69372e-07
288	  0.998963	  0.314485	  5.09642e-05	  7.35933e-07	  24	  1.87018e-07
289	  0.965468	  0	  5.5124e-05	  7.49554e-07	  24	  1.9048e-07
290	  0.971131	  0.107833	  5.43589e-05	  8.15834e-07	  48	  1.58547e-07
291	  0.987924	  0.212	  5.2307e-05	  8.77505e-07	  48	  1.70532e-07
292	  0.987924	  0	  5.2307e-05	  7.51303e-07	  12	  2.54448e-07
293	  0.993459	  0.105409	  5.16337e-05	  7.58807e-07	  24	  1.92831e-07
294	  0.993459	  0	  5.16337e-05	  6.79691e-07	  12	  2.30195e-07
295	  0.998963	  0.104828	  5.09642e-05	  6.68197e-07	  24	  1.69805e-07
296	  1.08818	  0.030936	  4.18473e-05	  6.33672e-07	  138	  8.56254e-08
297	  1.08818	  0.0938307	  4.18473e-05	  5.85793e-07	  252	  6.61911e-08
298	  1.08818	  0.156319	  4.18473e-05	  5.27864e-07	  72	  8.86026e-08
299	  1.08818	  0.218712	  4.18473e-05	  5.93857e-07	  216	  7.00997e-08
300	  1.08818	  0.281224	  4.18473e-05	  6.92669e-07	  288	  7.54494e-08
301	  1.08818	  0.343807	  4.18473e-05	  6.61092e-07	  120	  9.34038e-08
302	  1.08818	  0.406302	  4.18473e-05	  9.2921e-07	  180	  1.1572e-07
303	  1.08818	  0.468745	  4.18473e-05	  8.45861e-07	  180	  1.0534e-07
304	  1.08818	  0.531226	  4.18473e-05	  9.99536e-07	  192	  1.22112e-07
305	  1.08818	  0.593785	  4.18473e-05	  1.24206e-06	  192	  1.51741e-07
306	  1.08818	  0.656281	  4.18473e-05	  9.94274e-07	  168	  1.26424e-07
307	  1.08818	  0.718743	  4.18473e-05	  1.32673e-06	  228	  1.54202e-07
308	  1.08818	  0.781255	  4.18473e-05	  1.87981e-06	  144	  2.50641e-07
309	  1.08818	  0.843774	  4.18473e-05	  1.62658e-06	  240	  1.86325e-07
310	  1.08818	  0.90628	  4.18473e-05	  1.96707e-06	  168	  2.50116e-07
311	  1.08818	  0.968758	  4.18473e-05	  2.06387e-06	  150	  2.71707e-07
312	  1.25577	  0.030936	  2.99574e-05	  4.8343e-07	  198	  5.85273e-08
313	  1.25577	  0.0938307	  2.99574e-05	  5.01744e-07	  396	  5.03008e-08
314	  1.25577	  0.156319	  2.99574e-05	  4.80004e-07	  396	  4.81213e-08
315	  1.25577	  0.218712	  2.99574e-05	  4.52347e-07	  204	  5.42879e-08
316	  1.25577	  0.281224	  2.99574e-05	  5.40172e-07	  216	  6.37627e-08
317	  1.25577	  0.343807	  2.99574e-05	  5.34326e-07	  372	  5.44198e-08
318	  1.25577	  0.406302	  2.99574e-05	  6.13026e-07	  312	  6.53571e-08
319	  1.25577	  0.468745	  2.99574e-05	  6.03139e-07	  288	  6.56973e-08
320	  1.25577	  0.531226	  2.99574e-05	  7.91745e-07	  264	  8.83158e-08
321	  1.25577	  0.593785	  2.99574e-05	  7.66993e-07	  312	  8.17721e-08
322	  1.25577	  0.656281	  2.99574e-05	  7.98307e-07	  276	  8.79677e-08
323	  1.25577	  0.718743	  2.99574e-05	  9.28106e-07	  312	  9.8949e-08
324	  1.25577	  0.781255	  2.99574e-05	  1.1033e-06	  276	  1.21576e-07
325	  1.25577	  0.843774	  2.99574e-05	  1.08547e-06	  240	  1.2434e-07
326	  1.25577	  0.90628	  2.99574e-05	  1.2177e-06	  324	  1.28535e-07
327	  1.25577	  0.968758	  2.99574e-05	  1.42335e-06	  315	  1.51364e-07
328	  1.45182	  0.030936	  2.12529e-05	  3.42546e-07	  246	  3.89672e-08
329	  1.45182	  0.0938307	  2.12529e-05	  3.19385e-07	  516	  3.00294e-08
330	  1.45182	  0.156319	  2.12529e-05	  3.51156e-07	  504	  3.31995e-08
331	  1.45182	  0.218712	  2.12529e-05	  3.21614e-07	  528	  3.00771e-08
332	  1.45182	  0.281224	  2.12529e-05	  3.51976e-07	  504	  3.3277e-08
333	  1.45182	  0.343807	  2.12529e-05	  3.92976e-07	  384	  3.97028e-08
334	  1.45182	  0.406302	  2.12529e-05	  4.81922e-07	  420	  4.76115e-08
335	  1.45182	  0.468745	  2.12529e-05	  4.27051e-07	  468	  4.1093e-08
336	  1.45182	  0.531226	  2.12529e-05	  4.84864e-07	  480	  4.63741e-08
337	  1.45182	  0.593785	  2.12529e-05	  4.9558e-07	  468	  4.76872e-08
338	  1.45182	  0.656281	  2.12529e-05	  5.3015e-07	  396	  5.31486e-08
339	  1.45182	  0.718743	  2.12529e-05	  6.05101e-07	  456	  5.85915e-08
340	  1.45182	  0.781255	  2.12529e-05	  7.20788e-07	  432	  7.07184e-08
341	  1.45182	  0.843774	  2.12529e-05	  7.30542e-07	  480	  6.98717e-08
342	  1.45182	  0.90628	  2.12529e-05	  8.32811e-07	  480	  7.9653e-08
343	  1.45182	  0.968758	  2.12529e-05	  9.92711e-07	  414	  9.84246e-08
344	  1.68148	  0.030936	  1.49789e-05	  2.37372e-07	  798	  2.02715e-08
345	  1.68148	  0.0938307	  1.49789e-05	  2.62033e-07	  708	  2.29495e-08
346	  1.68148	  0.156319	  1.49789e-05	  2.5008e-07	  684	  2.2066e-08
347	  1.68148	  0.218712	  1.49789e-05	  2.66489e-07	  720	  2.3256e-08
348	  1.68148	  0.281224	  1.49789e-05	  2.73167e-07	  708	  2.39246e-08
349	  1.68148	  0.343807	  1.49789e-05	  2.90121e-07	  720	  2.53182e-08
350	  1.68148	  0.406302	  1.49789e-05	  3.0609e-07	  672	  2.71122e-08
351	  1.68148	  0.468745	  1.49789e-05	  3.56814e-07	  732	  3.10289e-08
352	  1.68148	  0.531226	  1.49789e-05	  3.59737e-07	  672	  3.1864e-08
353	  1.68148	  0.593785	  1.49789e-05	  3.75243e-07	  708	  3.28647e-08
354	  1.68148	  0.656281	  1.49789e-05	  3.84457e-07	  744	  3.33178e-08
355	  1.68148	  0.718743	  1.49789e-05	  4.74054e-07	  744	  4.10824e-08
356	  1.68148	  0.781255	  1.49789e-05	  5.18589e-07	  696	  4.55865e-08
357	  1.68148	  0.843774	  1.49789e-05	  5.15969e-07	  708	  4.51898e-08
358	  1.68148	  0.90628	  1.49789e-05	  5.53861e-07	  696	  4.86871e-08
359	  1.68148	  0.968758	  1.49789e-05	  6.6275e-07	  741	  5.74842e-08
360	  1.94819	  0.030936	  1.04928e-05	  1.74737e-07	  1368	  1.34612e-08
361	  1.94819	  0.0938307	  1.04928e-05	  1.76897e-07	  924	  1.46644e-08
362	  1.94819	  0.156319	  1.04928e-05	  1.84211e-07	  972	  1.51192e-08
363	  1.94819	  0.218712	  1.04928e-05	  2.02113e-07	  972	  1.65884e-08
364	  1.94819	  0.281224	  1.04928e-05	  1.84105e-07	  1200	  1.45199e-08
365	  1.94819	  0.343807	  1.04928e-05	  2.00793e-07	  1140	  1.59866e-08
366	  1.94819	  0.406302	  1.04928e-05	  2.15147e-07	  1080	  1.7304e-08
367	  1.94819	  0.468745	  1.04928e-05	  2.37117e-07	  1068	  1.91115e-08
368	  1.94819	  0.531226	  1.04928e-05	  2.26297e-07	  1164	  1.79477e-08
369	  1.94819	  0.593785	  1.04928e-05	  2.71171e-07	  1188	  2.1426e-08
370	  1.94819	  0.656281	  1.04928e-05	  2.74138e-07	  1068	  2.20954e-08
371	  1.94819	  0.718743	  1.04928e-05	  2.99842e-07	  1008	  2.44362e-08
372	  1.94819	  0.781255	  1.04928e-05	  3.24029e-07	  1164	  2.56989e-08
373	  1.94819	  0.843774	  1.04928e-05	  3.36878e-07	  1176	  2.66675e-08
374	  1.94819	  0.90628	  1.04928e-05	  3.57565e-07	  1080	  2.87586e-08
375	  1.94819	  0.968758	  1.04928e-05	  3.87232e-07	  1038	  3.13807e-08
376	  2.25604	  0.030936	  7.34078e-06	  1.33459e-07	  1896	  9.73795e-09
377	  2.25604	  0.0938307	  7.34078e-06	  1.35183e-07	  1272	  1.05495e-08
378	  2.25604	  0.156319	  7.34078e-06	  1.30492e-07	  2040	  9.41377e-09
379	  2.25604	  0.218712	  7.34078e-06	  1.40981e-07	  1740	  1.04288e-08
380	  2.25604	  0.281224	  7.34078e-06	  1.44834e-07	  1584	  1.08808e-08
381	  2.25604	  0.343807	  7.34078e-06	  1.45805e-07	  1764	  1.07618e-08
382	  2.25604	  0.406302	  7.34078e-06	  1.52115e-07	  1632	  1.13711e-08
383	  2.25604	  0.468745	  7.34078e-06	  1.61344e-07	  1860	  1.18083e-08
384	  2.25604	  0.531226	  7.34078e-06	  1.72666e-07	  1560	  1.30049e-08
385	  2.25604	  0.593785	  7.34078e-06	  1.82118e-07	  1692	  1.35333e-08
386	  2.25604	  0.656281	  7.34078e-06	  1.93962e-07	  1704	  1.43969e-08
387	  2.25604	  0.718743	  7.34078e-06	  2.03032e-07	  1824	  1.49055e-08
388	  2.25604	  0.781255	  7.34078e-06	  2.07705e-07	  1668	  1.54709e-08
389	  2.25604	  0.843774	  7.34078e-06	  2.17465e-07	  1680	  1.61789e-08
390	  2.25604	  0.90628	  7.34078e-06	  2.33384e-07	  1776	  1.72071e-08
391	  2.25604	  0.968758	  7.34078e-06	  2.39198e-07	  1656	  1.78379e-08
392	  2.61216	  0.030936	  5.1197e-06	  9.88696e-08	  2586	  6.88771e-09
393	  2.61216	  0.0938307	  5.1197e-06	  9.61084e-08	  3036	  6.54968e-09
394	  2.61216	  0.156319	  5.1197e-06	  1.03253e-07	  2124	  7.40306e-09
395	  2.61216	  0.218712	  5.1197e-06	  9.74683e-08	  2940	  6.671e-09
396	  2.61216	  0.281224	  5.1197e-06	  1.0152e-07	  2616	  7.06086e-09
397	  2.61216	  0.343807	  5.1197e-06	  1.08223e-07	  2448	  7.59847e-09
398	  2.61216	  0.406302	  5.1197e-06	  1.13325e-07	  2916	  7.76485e-09
399	  2.61216	  0.468745	  5.1197e-06	  1.13215e-07	  2544	  7.90536e-09
400	  2.61216	  0.531226	  5.1197e-06	  1.21073e-07	  2652	  8.40472e-09
401	  2.61216	  0.593785	  5.1197e-06	  1.24545e-07	  2748	  8.60307e-09
402	  2.61216	  0.656281	  5.1197e-06	  1.27977e-07	  2676	  8.8728e-09
403	  2.61216	  0.718743	  5.1197e-06	  1.33125e-07	  2472	  9.33378e-09
404	  2.61216	  0.781255	  5.1197e-06	  1.36733e-07	  2616	  9.51001e-09
405	  2.61216	  0.843774	  5.1197e-06	  1.39849e-07	  2736	  9.66611e-09
406	  2.61216	  0.90628	  5.1197e-06	  1.44339e-07	  2568	  1.00652e-08
407	  2.61216	  0.968758	  5.1197e-06	  1.47273e-07	  2745	  1.01746e-08
408	  3.02645	  0.030936	  3.55078e-06	  7.75676e-08	  3414	  5.20592e-09
409	  3.02645	  0.0938307	  3.55078e-06	  7.35207e-08	  4512	  4.77056e-09
410	  3.02645	  0.156319	  3.55078e-06	  7.429e-08	  4632	  4.80606e-09
411	  3.02645	  0.218712	  3.55078e-06	  6.99431e-08	  3972	  4.60694e-09
412	  3.02645	  0.281224	  3.55078e-06	  7.33532e-08	  4176	  4.80277e-09
413	  3.02645	  0.343807	  3.55078e-06	  7.95239e-08	  4344	  5.18277e-09
414	  3.02645	  0.406302	  3.55078e-06	  8.03501e-08	  4044	  5.28102e-09
415	  3.02645	  0.468745	  3.55078e-06	  8.10862e-08	  4092	  5.3219e-09
416	  3.02645	  0.531226	  3.55078e-06	  8.53051e-08	  4296	  5.56675e-09
417	  3.02645	  0.593785	  3.55078e-06	  8.75314e-08	  3996	  5.76125e-09
418	  3.02645	  0.656281	  3.55078e-06	  8.58046e-08	  4188	  5.61612e-09
419	  3.02645	  0.718743	  3.55078e-06	  9.23231e-08	  4212	  6.0387e-09
420	  3.02645	  0.781255	  3.55078e-06	  8.88805e-08	  4140	  5.82538e-09
421	  3.02645	  0.843774	  3.55078e-06	  8.94415e-08	  4128	  5.86417e-09
422	  3.02645	  0.90628	  3.55078e-06	  8.99991e-08	  4188	  5.89066e-09
423	  3.02645	  0.968758	  3.55078e-06	  8.53735e-08	  4128	  5.59746e-09
424	  3.50419	  0.030936	  2.46365e-06	  5.38253e-08	  7002	  3.33451e-09
425	  3.50419	  0.0938307	  2.46365e-06	  5.41711e-08	  6240	  3.39432e-09
426	  3.50419	  0.156319	  2.46365e-06	  5.25617e-08	  5964	  3.3087e-09
427	  3.50419	  0.218712	  2.46365e-06	  5.4492e-08	  6180	  3.41777e-09
428	  3.50419	  0.281224	  2.46365e-06	  5.34696e-08	  6420	  3.34081e-09
429	  3.50419	  0.343807	  2.46365e-06	  5.48282e-08	  6516	  3.42063e-09
430	  3.50419	  0.406302	  2.46365e-06	  5.80704e-08	  6312	  3.63444e-09
431	  3.50419	  0.468745	  2.46365e-06	  5.73337e-08	  6276	  3.5904e-09
432	  3.50419	  0.531226	  2.46365e-06	  5.80109e-08	  6360	  3.62796e-09
433	  3.50419	  0.593785	  2.46365e-06	  5.88617e-08	  6408	  3.6784e-09
434	  3.50419	  0.656281	  2.46365e-06	  6.0401e-08	  6360	  3.77743e-09
435	  3.50419	  0.718743	  2.46365e-06	  5.77327e-08	  6336	  3.61193e-09
436	  3.50419	  0.781255	  2.46365e-06	  5.53529e-08	  6372	  3.46107e-09
437	  3.50419	  0.843774	  2.46365e-06	  5.67639e-08	  6456	  3.54466e-09
438	  3.50419	  0.90628	  2.46365e-06	  5.39522e-08	  6360	  3.37413e-09
439	  3.50419	  0.968758	  2.46365e-06	  5.203e-08	  6327	  3.25562e-09
440	  4.05763	  0.030936	  1.70175e-06	  4.0107e-08	  10392	  2.39878e-09
441	  4.05763	  0.0938307	  1.70175e-06	  3.93576e-08	  9420	  2.37339e-09
442	  4.05763	  0.156319	  1.70175e-06	  3.98552e-08	  10176	  2.38785e-09
443	  4.05763	  0.218712	  1.70175e-06	  3.88022e-08	  10260	  2.32319e-09
444	  4.05763	  0.281224	  1.70175e-06	  3.80278e-08	  9528	  2.29097e-09
445	  4.05763	  0.343807	  1.70175e-06	  3.87176e-08	  10140	  2.32037e-09
446	  4.05763	  0.406302	  1.70175e-06	  3.99729e-08	  9960	  2.39918e-09
447	  4.05763	  0.468745	  1.70175e-06	  3.98417e-08	  10068	  2.38915e-09
448	  4.05763	  0.531226	  1.70175e-06	  3.95795e-08	  9996	  2.37485e-09
449	  4.05763	  0.593785	  1.70175e-06	  3.80792e-08	  9828	  2.28807e-09
450	  4.05763	  0.656281	  1.70175e-06	  3.70208e-08	  10032	  2.22065e-09
451	  4.05763	  0.718743	  1.70175e-06	  3.7079e-08	  9924	  2.22616e-09
452	  4.05763	  0.781255	  1.70175e-06	  3.42621e-08	  10116	  2.05375e-09
453	  4.05763	  0.843774	  1.70175e-06	  3.37754e-08	  9888	  2.02843e-09
454	  4.05763	  0.90628	  1.70175e-06	  3.28976e-08	  10008	  1.97373e-09
455	  4.05763	  0.968758	  1.70175e-06	  2.87628e-08	  9978	  1.72608e-09
456	  4.69917	  0.030936	  1.17327e-06	  2.96101e-08	  13626	  1.73417e-09
457	  4.69917	  0.0938307	  1.17327e-06	  2.96072e-08	  16392	  1.71161e-09
458	  4.69917	  0.156319	  1.17327e-06	  2.88438e-08	  15708	  1.67233e-09
459	  4.69917	  0.218712	  1.17327e-06	  2.80253e-08	  15432	  1.62687e-09
460	  4.69917	  0.281224	  1.17327e-06	  2.73996e-08	  15780	  1.5881e-09
461	  4.69917	  0.343807	  1.17327e-06	  2.72426e-08	  15300	  1.58237e-09
462	  4.69917	  0.406302	  1.17327e-06	  2.64652e-08	  15588	  1.53523e-09
463	  4.69917	  0.468745	  1.17327e-06	  2.63628e-08	  15396	  1.53061e-09
464	  4.69917	  0.531226	  1.17327e-06	  2.58582e-08	  15504	  1.50058e-09
465	  4.69917	  0.593785	  1.17327e-06	  2.48329e-08	  15660	  1.44009e-09
466	  4.69917	  0.656281	  1.17327e-06	  2.36552e-08	  15192	  1.37468e-09
467	  4.69917	  0.718743	  1.17327e-06	  2.25614e-08	  15600	  1.3087e-09
468	  4.69917	  0.781255	  1.17327e-06	  2.10988e-08	  15216	  1.22598e-09
469	  4.69917	  0.843774	  1.17327e-06	  1.98831e-08	  15516	  1.15378e-09
470	  4.69917	  0.90628	  1.17327e-06	  1.84091e-08	  15540	  1.06813e-09
471	  4.69917	  0.968758	  1.17327e-06	  1.66799e-08	  15405	  9.68381e-10
472	  5.4432	  0.030936	  8.06344e-07	  2.19495e-08	  26250	  1.23295e-09
473	  5.4432	  0.0938307	  8.06344e-07	  2.15496e-08	  22392	  1.22149e-09
474	  5.4432	  0.156319	  8.06344e-07	  2.06182e-08	  24516	  1.16259e-09
475	  5.4432	  0.218712	  8.06344e-07	  2.01261e-08	  23592	  1.13734e-09
476	  5.4432	  0.281224	  8.06344e-07	  1.91292e-08	  24264	  1.07927e-09
477	  5.4432	  0.343807	  8.06344e-07	  1.88023e-08	  23928	  1.06167e-09
478	  5.4432	  0.406302	  8.06344e-07	  1.82365e-08	  24120	  1.02925e-09
479	  5.4432	  0.468745	  8.06344e-07	  1.72366e-08	  23964	  9.73178e-10
480	  5.4432	  0.531226	  8.06344e-07	  1.65352e-08	  24060	  9.33363e-10
481	  5.4432	  0.593785	  8.06344e-07	  1.56718e-08	  24108	  8.84524e-10
482	  5.4432	  0.656281	  8.06344e-07	  1.467e-08	  24228	  8.27748e-10
483	  5.4432	  0.718743	  8.06344e-07	  1.34743e-08	  24144	  7.60432e-10
484	  5.4432	  0.781255	  8.06344e-07	  1.23413e-08	  23940	  6.96828e-10
485	  5.4432	  0.843774	  8.06344e-07	  1.11988e-08	  24192	  6.3194e-10
486	  5.4432	  0.90628	  8.06344e-07	  1.014e-08	  23988	  5.72472e-10
487	  5.4432	  0.968758	  8.06344e-07	  8.94332e-09	  24141	  5.04726e-10
488	  6.30378	  0.030936	  5.52764e-07	  1.59727e-08	  35082	  8.83914e-10
489	  6.30378	  0.0938307	  5.52764e-07	  1.54793e-08	  39108	  8.52239e-10
490	  6.30378	  0.156319	  5.52764e-07	  1.49e-08	  36924	  8.22539e-10
491	  6.30378	  0.218712	  5.52764e-07	  1.42893e-08	  37692	  7.88066e-10
492	  6.30378	  0.281224	  5.52764e-07	  1.33811e-08	  37092	  7.38536e-10
493	  6.30378	  0.343807	  5.52764e-07	  1.28284e-08	  37536	  7.07634e-10
494	  6.30378	  0.406302	  5.52764e-07	  1.1925e-08	  36984	  6.58257e-10
495	  6.30378	  0.468745	  5.52764e-07	  1.11925e-08	  37428	  6.17477e-10
496	  6.30378	  0.531226	  5.52764e-07	  1.02882e-08	  37392	  5.67615e-10
497	  6.30378	  0.593785	  5.52764e-07	  9.42259e-09	  37200	  5.19983e-10
498	  6.30378	  0.656281	  5.52764e-07	  8.58087e-09	  36924	  4.73699e-10
499	  6.30378	  0.718743	  5.52764e-07	  7.64969e-09	  37272	  4.22108e-10
500	  6.30378	  0.781255	  5.52764e-07	  6.76831e-09	  37284	  3.73468e-10
501	  6.30378	  0.843774	  5.52764e-07	  5.86083e-09	  37188	  3.23434e-10
502	  6.30378	  0.90628	  5.52764e-07	  5.22895e-09	  37320	  2.88515e-10
503	  6.30378	  0.968758	  5.52764e-07	  4.42677e-09	  37119	  2.44315e-10
504	  7.30029	  0.030936	  3.78715e-07	  1.15267e-08	  60258	  6.23291e-10
505	  7.30029	  0.0938307	  3.78715e-07	  1.09883e-08	  56916	  5.95472e-10
506	  7.30029	  0.156319	  3.78715e-07	  1.03566e-08	  56820	  5.61279e-10
507	  7.30029	  0.218712	  3.78715e-07	  9.74014e-09	  58716	  5.27203e-10
508	  7.30029	  0.281224	  3.78715e-07	  9.01261e-09	  57840	  4.88105e-10
509	  7.30029	  0.343807	  3.78715e-07	  8.34866e-09	  57612	  4.52215e-10
510	  7.30029	  0.406302	  3.78715e-07	  7.65857e-09	  58464	  4.14602e-10
511	  7.30029	  0.468745	  3.78715e-07	  6.89214e-09	  57948	  3.73238e-10
512	  7.30029	  0.531226	  3.78715e-07	  6.19219e-09	  57708	  3.35386e-10
513	  7.30029	  0.593785	  3.78715e-07	  5.4207e-09	  58236	  2.93498e-10
514	  7.30029	  0.656281	  3.78715e-07	  4.74991e-09	  58008	  2.57217e-10
515	  7.30029	  0.718743	  3.78715e-07	  4.08661e-09	  58200	  2.2127e-10
516	  7.30029	  0.781255	  3.78715e-07	  3.44259e-09	  58128	  1.86409e-10
517	  7.30029	  0.843774	  3.78715e-07	  2.9403e-09	  57972	  1.59227e-10
518	  7.30029	  0.90628	  3.78715e-07	  2.46347e-09	  57960	  1.33406e-10
519	  7.30029	  0.968758	  3.78715e-07	  2.05397e-09	  58122	  1.11218e-10
520	  8.455	  0.030936	  2.5846e-07	  8.08615e-09	  90198	  4.31231e-10
521	  8.455	  0.0938307	  2.5846e-07	  7.79253e-09	  89292	  4.15704e-10
522	  8.455	  0.156319	  2.5846e-07	  7.22867e-09	  90804	  3.85422e-10
523	  8.455	  0.218712	  2.5846e-07	  6.54894e-09	  89628	  3.49322e-10
524	  8.455	  0.281224	  2.5846e-07	  5.94217e-09	  89844	  3.16933e-10
525	  8.455	  0.343807	  2.5846e-07	  5.27647e-09	  90636	  2.8135e-10
526	  8.455	  0.406302	  2.5846e-07	  4.66305e-09	  89628	  2.48728e-10
527	  8.455	  0.468745	  2.5846e-07	  4.05551e-09	  89772	  2.16311e-10
528	  8.455	  0.531226	  2.5846e-07	  3.45525e-09	  90324	  1.8426e-10
529	  8.455	  0.593785	  2.5846e-07	  2.88145e-09	  89784	  1.53689e-10
530	  8.455	  0.656281	  2.5846e-07	  2.41898e-09	  90216	  1.29003e-10
531	  8.455	  0.718743	  2.5846e-07	  2.00643e-09	  89796	  1.07017e-10
532	  8.455	  0.781255	  2.5846e-07	  1.64201e-09	  90120	  8.75702e-11
533	  8.455	  0.843774	  2.5846e-07	  1.32966e-09	  90132	  7.09118e-11
534	  8.455	  0.90628	  2.5846e-07	  1.07387e-09	  89916	  5.72749e-11
535	  8.455	  0.968758	  2.5846e-07	  8.63134e-10	  89964	  4.60344e-11
536	  9.79129	  0.030936	  1.76351e-07	  5.62087e-09	  139068	  2.96116e-10
537	  9.79129	  0.0938307	  1.76351e-07	  5.29449e-09	  141180	  2.78815e-10
538	  9.79129	  0.156319	  1.76351e-07	  4.86202e-09	  139380	  2.56124e-10
539	  9.79129	  0.218712	  1.76351e-07	  4.31902e-09	  138804	  2.27544e-10
540	  9.79129	  0.281224	  1.76351e-07	  3.71865e-09	  140952	  1.95837e-10
541	  9.79129	  0.343807	  1.76351e-07	  3.19789e-09	  139668	  1.68451e-10
542	  9.79129	  0.406302	  1.76351e-07	  2.67715e-09	  139464	  1.41026e-10
543	  9.79129	  0.468745	  1.76351e-07	  2.20901e-09	  139812	  1.16359e-10
544	  9.79129	  0.531226	  1.76351e-07	  1.79239e-09	  139884	  9.44121e-11
545	  9.79129	  0.593785	  1.76351e-07	  1.4359e-09	  140184	  7.56303e-11
546	  9.79129	  0.656281	  1.76351e-07	  1.14388e-09	  139404	  6.02576e-11
547	  9.79129	  0.718743	  1.76351e-07	  9.11669e-10	  139932	  4.80206e-11
548	  9.79129	  0.781255	  1.76351e-07	  7.10034e-10	  139980	  3.73995e-11
549	  9.79129	  0.843774	  1.76351e-07	  5.5119e-10	  139632	  2.90346e-11
550	  9.79129	  0.90628	  1.76351e-07	  4.31237e-10	  140088	  2.2714e-11
551	  9.79129	  0.968758	  1.76351e-07	  3.2764e-10	  139623	  1.72588e-11
