#n	   k	      mu	    PL	    Pf	     w	     err  
0	  0.10472	  1	  0.00340069	  0.000473533	  3	  0.000297071
1	  0.20944	  1	  0.00120796	  0.000135717	  3	  8.51423e-05
2	  0.314159	  1	  0.00056581	  0.000126165	  3	  7.91498e-05
3	  0.418879	  1	  0.000317111	  2.28731e-05	  3	  1.43494e-05
4	  0.523599	  1	  0.000200477	  7.35783e-06	  3	  4.61594e-06
5	  0.628319	  1	  0.000135839	  3.81439e-05	  3	  2.39296e-05
6	  0.733038	  1	  9.71158e-05	  1.65338e-05	  3	  1.03725e-05
7	  0.837758	  1	  7.2289e-05	  1.35133e-05	  3	  8.47755e-06
8	  0.942478	  1	  5.55114e-05	  2.09213e-06	  3	  1.3125e-06
9	  0.10472	  0	  0.00340069	  8.07048e-05	  6	  3.69829e-05
10	  0.148096	  0.707107	  0.00216258	  0.000115068	  12	  3.89706e-05
11	  0.23416	  0.894427	  0.000956871	  0.000138478	  12	  4.68992e-05
12	  0.331153	  0.948683	  0.000512389	  5.6787e-05	  12	  1.92323e-05
13	  0.431771	  0.970143	  0.000298428	  3.00589e-05	  12	  1.01802e-05
14	  0.533968	  0.980581	  0.000192286	  1.96018e-05	  12	  6.63863e-06
15	  0.636985	  0.986394	  0.000131856	  1.26348e-05	  12	  4.27909e-06
16	  0.74048	  0.989949	  9.50147e-05	  1.56051e-05	  12	  5.28507e-06
17	  0.844278	  0.992278	  7.10317e-05	  8.1072e-06	  12	  2.74571e-06
18	  0.948278	  0.993884	  5.47385e-05	  7.75719e-06	  12	  2.62717e-06
19	  0.148096	  0	  0.00216258	  4.38392e-05	  6	  2.00893e-05
20	  0.18138	  0.57735	  0.00153421	  6.05888e-05	  12	  2.05199e-05
21	  0.25651	  0.816497	  0.000842148	  6.78549e-05	  12	  2.29808e-05
22	  0.347316	  0.904534	  0.000461525	  3.87112e-05	  12	  1.31105e-05
23	  0.444288	  0.942809	  0.000282116	  2.44015e-05	  12	  8.2642e-06
24	  0.54414	  0.96225	  0.000184652	  2.28582e-05	  12	  7.7415e-06
25	  0.645536	  0.973329	  0.000128147	  1.34177e-05	  12	  4.54425e-06
26	  0.747849	  0.980196	  9.29373e-05	  9.38113e-06	  12	  3.17716e-06
27	  0.850747	  0.984732	  6.98511e-05	  1.01325e-05	  12	  3.43164e-06
28	  0.954042	  0.987878	  5.39956e-05	  7.2401e-06	  12	  2.45204e-06
29	  0.20944	  0	  0.00120796	  2.70155e-05	  6	  1.23798e-05
30	  0.23416	  0.447214	  0.000956871	  4.38823e-05	  12	  1.48619e-05
31	  0.296192	  0.707107	  0.000623093	  5.20889e-05	  12	  1.76412e-05
32	  0.377572	  0.83205	  0.000392702	  3.57997e-05	  12	  1.21245e-05
33	  0.468321	  0.894427	  0.000253118	  2.87052e-05	  12	  9.72174e-06
34	  0.563933	  0.928477	  0.000171157	  1.07131e-05	  12	  3.62826e-06
35	  0.662306	  0.948683	  0.000121199	  1.12952e-05	  12	  3.82542e-06
36	  0.762371	  0.961524	  8.90872e-05	  1.05836e-05	  12	  3.5844e-06
37	  0.863541	  0.970143	  6.75513e-05	  3.44868e-06	  12	  1.16798e-06
38	  0.965468	  0.976187	  5.25652e-05	  5.21334e-06	  12	  1.76563e-06
39	  0.23416	  0	  0.000956871	  2.75308e-05	  12	  9.32401e-06
40	  0.25651	  0.408248	  0.000842148	  2.70276e-05	  24	  6.86836e-06
41	  0.314159	  0.666667	  0.00056581	  3.70417e-05	  24	  9.41318e-06
42	  0.391825	  0.801784	  0.000365623	  2.66608e-05	  24	  6.77514e-06
43	  0.479886	  0.872872	  0.000240238	  3.16535e-05	  24	  8.04392e-06
44	  0.573574	  0.912871	  0.000165194	  1.39801e-05	  24	  3.55268e-06
45	  0.670534	  0.937043	  0.000118025	  9.5282e-06	  24	  2.42135e-06
46	  0.76953	  0.952579	  8.72914e-05	  9.19401e-06	  24	  2.33642e-06
47	  0.869868	  0.963087	  6.64672e-05	  7.59217e-06	  24	  1.92935e-06
48	  0.971131	  0.970495	  5.18642e-05	  5.99982e-06	  24	  1.5247e-06
49	  0.296192	  0	  0.000623093	  1.56564e-05	  6	  7.1745e-06
50	  0.314159	  0.333333	  0.00056581	  2.02423e-05	  12	  6.85555e-06
51	  0.36276	  0.57735	  0.000422434	  1.73482e-05	  12	  5.87541e-06
52	  0.431771	  0.727607	  0.000298428	  2.20225e-05	  12	  7.45846e-06
53	  0.51302	  0.816497	  0.000209203	  1.96325e-05	  12	  6.64905e-06
54	  0.601569	  0.870388	  0.000149161	  1.47279e-05	  12	  4.98796e-06
55	  0.694632	  0.904534	  0.000109288	  1.45359e-05	  12	  4.92296e-06
56	  0.790617	  0.927173	  8.22162e-05	  7.63088e-06	  12	  2.58439e-06
57	  0.888577	  0.942809	  6.33722e-05	  6.29577e-06	  12	  2.13222e-06
58	  0.987924	  0.953998	  4.9893e-05	  3.09562e-06	  12	  1.04841e-06
59	  0.314159	  0	  0.00056581	  2.01855e-05	  6	  9.24999e-06
60	  0.331153	  0.316228	  0.000512389	  1.68302e-05	  12	  5.69998e-06
61	  0.377572	  0.5547	  0.000392702	  2.31365e-05	  12	  7.83575e-06
62	  0.444288	  0.707107	  0.000282116	  1.25718e-05	  12	  4.25776e-06
63	  0.523599	  0.8	  0.000200477	  1.89051e-05	  12	  6.40269e-06
64	  0.610616	  0.857493	  0.00014445	  7.47442e-06	  12	  2.5314e-06
65	  0.702481	  0.894427	  0.000106629	  8.93402e-06	  12	  3.02573e-06
66	  0.797522	  0.919145	  8.0644e-05	  8.12176e-06	  12	  2.75064e-06
67	  0.894726	  0.936329	  6.23818e-05	  3.87752e-06	  12	  1.31322e-06
68	  0.993459	  0.948683	  4.92701e-05	  5.10953e-06	  12	  1.73047e-06
69	  0.331153	  0	  0.000512389	  1.27276e-05	  12	  4.31052e-06
70	  0.347316	  0.301511	  0.000461525	  1.19644e-05	  24	  3.04045e-06
71	  0.391825	  0.534522	  0.000365623	  1.2396e-05	  24	  3.15012e-06
72	  0.456463	  0.688247	  0.00026716	  2.23803e-05	  24	  5.68738e-06
73	  0.533968	  0.784465	  0.000192286	  1.17206e-05	  24	  2.97848e-06
74	  0.61953	  0.845154	  0.000140033	  8.9193e-06	  24	  2.26661e-06
75	  0.710244	  0.884652	  0.000104113	  1.3183e-05	  24	  3.35011e-06
76	  0.804368	  0.911322	  7.91357e-05	  7.64809e-06	  24	  1.94356e-06
77	  0.900833	  0.929981	  6.14503e-05	  5.70574e-06	  24	  1.44997e-06
78	  0.998963	  0.943456	  4.86634e-05	  3.86873e-06	  24	  9.83137e-07
79	  0.377572	  0	  0.000392702	  1.06908e-05	  12	  3.62071e-06
80	  0.391825	  0.267261	  0.000365623	  8.0795e-06	  24	  2.0532e-06
81	  0.431771	  0.485071	  0.000298428	  1.43381e-05	  24	  3.64366e-06
82	  0.491179	  0.639602	  0.000228743	  9.90063e-06	  24	  2.51599e-06
83	  0.563933	  0.742781	  0.000171157	  1.3239e-05	  24	  3.36434e-06
84	  0.645536	  0.811107	  0.000128147	  1.08505e-05	  24	  2.75738e-06
85	  0.733038	  0.857143	  9.71158e-05	  9.43009e-06	  24	  2.39641e-06
86	  0.824564	  0.889001	  7.48811e-05	  4.32115e-06	  24	  1.09811e-06
87	  0.918912	  0.911685	  5.87657e-05	  6.18472e-06	  24	  1.57169e-06
88	  0.418879	  0	  0.000317111	  2.5174e-06	  6	  1.1536e-06
89	  0.431771	  0.242536	  0.000298428	  6.07498e-06	  12	  2.05744e-06
90	  0.468321	  0.447214	  0.000253118	  1.08403e-05	  12	  3.67134e-06
91	  0.523599	  0.6	  0.000200477	  1.02434e-05	  12	  3.46917e-06
92	  0.592384	  0.707107	  0.000154211	  4.63175e-06	  12	  1.56866e-06
93	  0.670534	  0.780869	  0.000118025	  1.06215e-05	  12	  3.59725e-06
94	  0.755145	  0.83205	  9.10016e-05	  6.30924e-06	  12	  2.13678e-06
95	  0.844278	  0.868243	  7.10317e-05	  6.04603e-06	  12	  2.04764e-06
96	  0.936642	  0.894427	  5.6289e-05	  3.29791e-06	  12	  1.11692e-06
97	  0.431771	  0	  0.000298428	  5.91672e-06	  12	  2.00385e-06
98	  0.444288	  0.235702	  0.000282116	  3.61212e-06	  24	  9.17926e-07
99	  0.479886	  0.436436	  0.000240238	  1.24714e-05	  24	  3.16927e-06
100	  0.533968	  0.588348	  0.000192286	  6.72802e-06	  24	  1.70975e-06
101	  0.601569	  0.696311	  0.000149161	  6.13323e-06	  24	  1.5586e-06
102	  0.678662	  0.771517	  0.000114957	  5.7599e-06	  24	  1.46373e-06
103	  0.762371	  0.824163	  8.90872e-05	  8.74061e-06	  24	  2.2212e-06
104	  0.850747	  0.86164	  6.98511e-05	  7.24223e-06	  24	  1.84043e-06
105	  0.942478	  0.888889	  5.55114e-05	  6.02338e-06	  24	  1.53069e-06
106	  0.444288	  0	  0.000282116	  5.41596e-06	  6	  2.48186e-06
107	  0.456463	  0.229416	  0.00026716	  9.58436e-06	  12	  3.24598e-06
108	  0.491179	  0.426401	  0.000228743	  8.22071e-06	  12	  2.78415e-06
109	  0.54414	  0.57735	  0.000184652	  3.0336e-06	  12	  1.0274e-06
110	  0.610616	  0.685994	  0.00014445	  1.06995e-05	  12	  3.62366e-06
111	  0.686693	  0.762493	  0.00011206	  6.75388e-06	  12	  2.28737e-06
112	  0.76953	  0.816497	  8.72914e-05	  5.9689e-06	  12	  2.02152e-06
113	  0.857168	  0.855186	  6.86794e-05	  3.44306e-06	  12	  1.16608e-06
114	  0.948278	  0.883452	  5.47385e-05	  2.75962e-06	  12	  9.34616e-07
115	  0.468321	  0	  0.000253118	  6.80769e-06	  12	  2.30559e-06
116	  0.479886	  0.218218	  0.000240238	  9.48469e-06	  24	  2.41029e-06
117	  0.51302	  0.408248	  0.000209203	  9.749e-06	  24	  2.47746e-06
118	  0.563933	  0.557086	  0.000171157	  9.01003e-06	  24	  2.28967e-06
119	  0.628319	  0.666667	  0.000135839	  6.74412e-06	  24	  1.71384e-06
120	  0.702481	  0.745356	  0.000106629	  7.81394e-06	  24	  1.98571e-06
121	  0.783651	  0.801784	  8.38484e-05	  6.51631e-06	  24	  1.65595e-06
122	  0.869868	  0.842701	  6.64672e-05	  4.33133e-06	  24	  1.10069e-06
123	  0.959772	  0.872872	  5.32783e-05	  4.16188e-06	  24	  1.05763e-06
124	  0.523599	  0	  0.000200477	  4.77932e-06	  18	  1.36546e-06
125	  0.533968	  0.196116	  0.000192286	  4.56289e-06	  36	  9.88626e-07
126	  0.563933	  0.371391	  0.000171157	  4.43837e-06	  36	  9.61648e-07
127	  0.610616	  0.514496	  0.00014445	  5.25489e-06	  36	  1.13856e-06
128	  0.670534	  0.624695	  0.000118025	  5.54864e-06	  36	  1.20221e-06
129	  0.74048	  0.707107	  9.50147e-05	  5.90695e-06	  36	  1.27984e-06
130	  0.817887	  0.768221	  7.62607e-05	  5.10701e-06	  36	  1.10652e-06
131	  0.900833	  0.813733	  6.14503e-05	  4.64396e-06	  36	  1.00619e-06
132	  0.987924	  0.847998	  4.9893e-05	  3.92088e-06	  36	  8.49524e-07
133	  0.533968	  0	  0.000192286	  4.49065e-06	  12	  1.52087e-06
134	  0.54414	  0.19245	  0.000184652	  6.53871e-06	  24	  1.66165e-06
135	  0.573574	  0.365148	  0.000165194	  4.69725e-06	  24	  1.19369e-06
136	  0.61953	  0.507093	  0.000140033	  5.85153e-06	  24	  1.48702e-06
137	  0.678662	  0.617213	  0.000114957	  5.47101e-06	  24	  1.39032e-06
138	  0.747849	  0.70014	  9.29373e-05	  5.28538e-06	  24	  1.34314e-06
139	  0.824564	  0.762001	  7.48811e-05	  2.22421e-06	  24	  5.65226e-07
140	  0.9069	  0.80829	  6.0533e-05	  4.76649e-06	  24	  1.21128e-06
141	  0.993459	  0.843274	  4.92701e-05	  3.48808e-06	  24	  8.86407e-07
142	  0.563933	  0	  0.000171157	  1.92333e-06	  12	  6.51384e-07
143	  0.573574	  0.182574	  0.000165194	  3.80049e-06	  24	  9.65797e-07
144	  0.601569	  0.348155	  0.000149161	  4.74288e-06	  24	  1.20528e-06
145	  0.645536	  0.486664	  0.000128147	  5.49178e-06	  24	  1.39559e-06
146	  0.702481	  0.596285	  0.000106629	  5.60479e-06	  24	  1.42431e-06
147	  0.76953	  0.680414	  8.72914e-05	  3.26454e-06	  24	  8.29599e-07
148	  0.844278	  0.744208	  7.10317e-05	  5.33542e-06	  24	  1.35586e-06
149	  0.92486	  0.792594	  5.79216e-05	  4.17108e-06	  24	  1.05997e-06
150	  0.592384	  0	  0.000154211	  1.28585e-06	  6	  5.8924e-07
151	  0.601569	  0.174078	  0.000149161	  2.76275e-06	  12	  9.35676e-07
152	  0.628319	  0.333333	  0.000135839	  3.8403e-06	  12	  1.30061e-06
153	  0.670534	  0.468521	  0.000118025	  3.28902e-06	  12	  1.11391e-06
154	  0.72552	  0.57735	  9.93707e-05	  6.20705e-06	  12	  2.10217e-06
155	  0.790617	  0.662266	  8.22162e-05	  4.60611e-06	  12	  1.55998e-06
156	  0.863541	  0.727607	  6.75513e-05	  3.70826e-06	  12	  1.2559e-06
157	  0.942478	  0.777778	  5.55114e-05	  2.97516e-06	  12	  1.00761e-06
158	  0.610616	  0	  0.00014445	  2.95898e-06	  12	  1.00213e-06
159	  0.61953	  0.169031	  0.000140033	  3.32665e-06	  24	  8.45382e-07
160	  0.645536	  0.324443	  0.000128147	  4.06604e-06	  24	  1.03328e-06
161	  0.686693	  0.457496	  0.00011206	  4.32069e-06	  24	  1.09799e-06
162	  0.74048	  0.565685	  9.50147e-05	  3.87468e-06	  24	  9.84651e-07
163	  0.804368	  0.650945	  7.91357e-05	  5.05134e-06	  24	  1.28367e-06
164	  0.876148	  0.717137	  6.5391e-05	  4.49443e-06	  24	  1.14214e-06
165	  0.954042	  0.76835	  5.39956e-05	  3.57069e-06	  24	  9.07399e-07
166	  0.628319	  0	  0.000135839	  9.30192e-06	  6	  4.26259e-06
167	  0.636985	  0.164399	  0.000131856	  4.78461e-06	  12	  1.62043e-06
168	  0.662306	  0.316228	  0.000121199	  3.07644e-06	  12	  1.04191e-06
169	  0.702481	  0.447214	  0.000106629	  1.78118e-06	  12	  6.03242e-07
170	  0.755145	  0.5547	  9.10016e-05	  2.47056e-06	  12	  8.36716e-07
171	  0.817887	  0.640184	  7.62607e-05	  2.95303e-06	  12	  1.00012e-06
172	  0.888577	  0.707107	  6.33722e-05	  3.11396e-06	  12	  1.05462e-06
173	  0.965468	  0.759257	  5.25652e-05	  3.76657e-06	  12	  1.27564e-06
174	  0.636985	  0	  0.000131856	  4.71731e-06	  12	  1.59764e-06
175	  0.645536	  0.162221	  0.000128147	  2.50711e-06	  24	  6.37116e-07
176	  0.670534	  0.312348	  0.000118025	  2.78003e-06	  24	  7.06472e-07
177	  0.710244	  0.442326	  0.000104113	  3.77616e-06	  24	  9.59613e-07
178	  0.762371	  0.549442	  8.90872e-05	  4.87969e-06	  24	  1.24005e-06
179	  0.824564	  0.635001	  7.48811e-05	  2.43109e-06	  24	  6.17799e-07
180	  0.894726	  0.702247	  6.23818e-05	  2.53117e-06	  24	  6.4323e-07
181	  0.971131	  0.754829	  5.18642e-05	  3.24695e-06	  24	  8.25129e-07
182	  0.662306	  0	  0.000121199	  2.74918e-06	  12	  9.31077e-07
183	  0.670534	  0.156174	  0.000118025	  2.60651e-06	  24	  6.62377e-07
184	  0.694632	  0.301511	  0.000109288	  2.69925e-06	  24	  6.85944e-07
185	  0.733038	  0.428571	  9.71158e-05	  3.92164e-06	  24	  9.96584e-07
186	  0.783651	  0.534522	  8.38484e-05	  3.00579e-06	  24	  7.63844e-07
187	  0.844278	  0.620174	  7.10317e-05	  3.04193e-06	  24	  7.73029e-07
188	  0.912926	  0.688247	  5.96217e-05	  2.34822e-06	  24	  5.9674e-07
189	  0.987924	  0.741999	  4.9893e-05	  2.70148e-06	  24	  6.86511e-07
190	  0.670534	  0	  0.000118025	  3.1781e-06	  12	  1.07634e-06
191	  0.678662	  0.154303	  0.000114957	  2.28789e-06	  24	  5.81407e-07
192	  0.702481	  0.298142	  0.000106629	  3.57109e-06	  24	  9.075e-07
193	  0.74048	  0.424264	  9.50147e-05	  2.91576e-06	  24	  7.40966e-07
194	  0.790617	  0.529813	  8.22162e-05	  3.06316e-06	  24	  7.78424e-07
195	  0.850747	  0.615457	  6.98511e-05	  2.24242e-06	  24	  5.69854e-07
196	  0.918912	  0.683763	  5.87657e-05	  3.48084e-06	  24	  8.84567e-07
197	  0.993459	  0.737865	  4.92701e-05	  2.90757e-06	  24	  7.38883e-07
198	  0.702481	  0	  0.000106629	  1.47868e-06	  12	  5.00793e-07
199	  0.710244	  0.147442	  0.000104113	  2.87546e-06	  24	  7.30723e-07
200	  0.733038	  0.285714	  9.71158e-05	  3.66667e-06	  24	  9.3179e-07
201	  0.76953	  0.408248	  8.72914e-05	  3.06149e-06	  24	  7.77998e-07
202	  0.817887	  0.512148	  7.62607e-05	  4.30275e-06	  24	  1.09343e-06
203	  0.876148	  0.597614	  6.5391e-05	  3.48303e-06	  24	  8.85121e-07
204	  0.942478	  0.666667	  5.55114e-05	  2.98122e-06	  24	  7.576e-07
205	  0.733038	  0	  9.71158e-05	  2.16997e-06	  6	  9.94386e-07
206	  0.74048	  0.141421	  9.50147e-05	  2.22826e-06	  12	  7.54658e-07
207	  0.762371	  0.274721	  8.90872e-05	  2.02692e-06	  12	  6.86468e-07
208	  0.797522	  0.393919	  8.0644e-05	  2.71229e-06	  12	  9.18587e-07
209	  0.844278	  0.496139	  7.10317e-05	  3.26268e-06	  12	  1.10499e-06
210	  0.900833	  0.581238	  6.14503e-05	  3.4337e-06	  12	  1.16291e-06
211	  0.965468	  0.650791	  5.25652e-05	  2.80232e-06	  12	  9.49078e-07
212	  0.74048	  0	  9.50147e-05	  2.28973e-06	  18	  6.54181e-07
213	  0.747849	  0.140028	  9.29373e-05	  3.18872e-06	  36	  6.90889e-07
214	  0.76953	  0.272166	  8.72914e-05	  2.46449e-06	  36	  5.33974e-07
215	  0.804368	  0.390567	  7.91357e-05	  3.53895e-06	  36	  7.66773e-07
216	  0.850747	  0.492366	  6.98511e-05	  2.15691e-06	  36	  4.6733e-07
217	  0.9069	  0.57735	  6.0533e-05	  2.1727e-06	  36	  4.70753e-07
218	  0.971131	  0.646997	  5.18642e-05	  3.64646e-06	  36	  7.90067e-07
219	  0.755145	  0	  9.10016e-05	  1.50286e-06	  12	  5.0898e-07
220	  0.762371	  0.137361	  8.90872e-05	  2.96584e-06	  24	  7.53691e-07
221	  0.783651	  0.267261	  8.38484e-05	  2.59404e-06	  24	  6.59209e-07
222	  0.817887	  0.384111	  7.62607e-05	  2.84785e-06	  24	  7.23708e-07
223	  0.863541	  0.485071	  6.75513e-05	  1.6019e-06	  24	  4.07081e-07
224	  0.918912	  0.569803	  5.87657e-05	  2.48146e-06	  24	  6.30598e-07
225	  0.982358	  0.639602	  5.05463e-05	  2.00982e-06	  24	  5.10743e-07
226	  0.762371	  0	  8.90872e-05	  1.29384e-06	  12	  4.38193e-07
227	  0.76953	  0.136083	  8.72914e-05	  3.01773e-06	  24	  7.66879e-07
228	  0.790617	  0.264906	  8.22162e-05	  2.09731e-06	  24	  5.32976e-07
229	  0.824564	  0.381	  7.48811e-05	  2.01319e-06	  24	  5.11599e-07
230	  0.869868	  0.481543	  6.64672e-05	  1.48709e-06	  24	  3.77906e-07
231	  0.92486	  0.566139	  5.79216e-05	  2.85172e-06	  24	  7.2469e-07
232	  0.987924	  0.635999	  4.9893e-05	  2.20639e-06	  24	  5.60697e-07
233	  0.797522	  0	  8.0644e-05	  2.33833e-06	  12	  7.91936e-07
234	  0.804368	  0.130189	  7.91357e-05	  2.79995e-06	  24	  7.11534e-07
235	  0.824564	  0.254	  7.48811e-05	  1.76072e-06	  24	  4.47442e-07
236	  0.857168	  0.366508	  6.86794e-05	  2.23502e-06	  24	  5.67972e-07
237	  0.900833	  0.464991	  6.14503e-05	  2.11656e-06	  24	  5.37869e-07
238	  0.954042	  0.548821	  5.39956e-05	  2.41706e-06	  24	  6.14234e-07
239	  0.817887	  0	  7.62607e-05	  1.75774e-06	  12	  5.95302e-07
240	  0.824564	  0.127	  7.48811e-05	  1.69799e-06	  24	  4.315e-07
241	  0.844278	  0.248069	  7.10317e-05	  1.89392e-06	  24	  4.81291e-07
242	  0.876148	  0.358569	  6.5391e-05	  2.45887e-06	  24	  6.24859e-07
243	  0.918912	  0.455842	  5.87657e-05	  2.18255e-06	  24	  5.54638e-07
244	  0.971131	  0.539164	  5.18642e-05	  2.66454e-06	  24	  6.77123e-07
245	  0.837758	  0	  7.2289e-05	  2.15189e-06	  6	  9.861e-07
246	  0.844278	  0.124035	  7.10317e-05	  2.83819e-06	  12	  9.61224e-07
247	  0.863541	  0.242536	  6.75513e-05	  9.41414e-07	  12	  3.18834e-07
248	  0.894726	  0.351123	  6.23818e-05	  1.75763e-06	  12	  5.95265e-07
249	  0.936642	  0.447214	  5.6289e-05	  1.71585e-06	  12	  5.81116e-07
250	  0.987924	  0.529999	  4.9893e-05	  2.95594e-06	  12	  1.0011e-06
251	  0.844278	  0	  7.10317e-05	  2.44679e-06	  24	  6.21789e-07
252	  0.850747	  0.123091	  6.98511e-05	  2.03456e-06	  48	  3.95391e-07
253	  0.869868	  0.240772	  6.64672e-05	  1.73823e-06	  48	  3.37804e-07
254	  0.900833	  0.348743	  6.14503e-05	  2.04812e-06	  48	  3.98027e-07
255	  0.942478	  0.444444	  5.55114e-05	  1.9867e-06	  48	  3.8609e-07
256	  0.993459	  0.527046	  4.92701e-05	  2.18881e-06	  48	  4.25368e-07
257	  0.863541	  0	  6.75513e-05	  1.05475e-06	  12	  3.57217e-07
258	  0.869868	  0.120386	  6.64672e-05	  1.74618e-06	  24	  4.43746e-07
259	  0.888577	  0.235702	  6.33722e-05	  1.74084e-06	  24	  4.4239e-07
260	  0.918912	  0.341882	  5.87657e-05	  1.93035e-06	  24	  4.90549e-07
261	  0.959772	  0.436436	  5.32783e-05	  1.87404e-06	  24	  4.76238e-07
262	  0.888577	  0	  6.33722e-05	  1.70806e-06	  6	  7.82713e-07
263	  0.894726	  0.117041	  6.23818e-05	  1.23432e-06	  12	  4.18035e-07
264	  0.912926	  0.229416	  5.96217e-05	  1.75684e-06	  12	  5.94997e-07
265	  0.942478	  0.333333	  5.55114e-05	  1.91555e-06	  12	  6.48749e-07
266	  0.982358	  0.426401	  5.05463e-05	  1.85713e-06	  12	  6.28963e-07
267	  0.894726	  0	  6.23818e-05	  1.29134e-06	  12	  4.37344e-07
268	  0.900833	  0.116248	  6.14503e-05	  1.60317e-06	  24	  4.07405e-07
269	  0.918912	  0.227921	  5.87657e-05	  1.89671e-06	  24	  4.82e-07
270	  0.948278	  0.331295	  5.47385e-05	  1.89285e-06	  24	  4.8102e-07
271	  0.987924	  0.423999	  4.9893e-05	  1.61494e-06	  24	  4.10394e-07
272	  0.900833	  0	  6.14503e-05	  2.13118e-06	  12	  7.21777e-07
273	  0.9069	  0.11547	  6.0533e-05	  1.55475e-06	  24	  3.951e-07
274	  0.92486	  0.226455	  5.79216e-05	  1.24798e-06	  24	  3.17143e-07
275	  0.954042	  0.329293	  5.39956e-05	  1.90597e-06	  24	  4.84353e-07
276	  0.993459	  0.421637	  4.92701e-05	  1.72081e-06	  24	  4.37298e-07
277	  0.936642	  0	  5.6289e-05	  1.1194e-06	  12	  3.79112e-07
278	  0.942478	  0.111111	  5.55114e-05	  1.62499e-06	  24	  4.1295e-07
279	  0.959772	  0.218218	  5.32783e-05	  1.36145e-06	  24	  3.45978e-07
280	  0.987924	  0.317999	  4.9893e-05	  1.33158e-06	  24	  3.38387e-07
281	  0.942478	  0	  5.55114e-05	  2.94768e-06	  6	  1.35077e-06
282	  0.948278	  0.110432	  5.47385e-05	  1.99957e-06	  12	  6.77203e-07
283	  0.965468	  0.21693	  5.25652e-05	  1.70274e-06	  12	  5.76676e-07
284	  0.993459	  0.316228	  4.92701e-05	  1.83101e-06	  12	  6.20117e-07
285	  0.948278	  0	  5.47385e-05	  1.82496e-06	  12	  6.18069e-07
286	  0.954042	  0.109764	  5.39956e-05	  1.33572e-06	  24	  3.39437e-07
287	  0.971131	  0.215666	  5.18642e-05	  1.06479e-06	  24	  2.70589e-07
288	  0.998963	  0.314485	  4.86634e-05	  1.46758e-06	  24	  3.72948e-07
289	  0.965468	  0	  5.25652e-05	  1.25877e-06	  24	  3.19884e-07
290	  0.971131	  0.107833	  5.18642e-05	  1.50051e-06	  48	  2.91605e-07
291	  0.987924	  0.212	  4.9893e-05	  1.59651e-06	  48	  3.10263e-07
292	  0.987924	  0	  4.9893e-05	  1.416e-06	  12	  4.79563e-07
293	  0.993459	  0.105409	  4.92701e-05	  1.47288e-06	  24	  3.74293e-07
294	  0.993459	  0	  4.92701e-05	  1.20931e-06	  12	  4.09565e-07
295	  0.998963	  0.104828	  4.86634e-05	  1.21643e-06	  24	  3.09125e-07
296	  1.08818	  0.030936	  4.0048e-05	  1.15443e-06	  138	  1.55993e-07
297	  1.08818	  0.0938307	  4.0048e-05	  1.06042e-06	  252	  1.19822e-07
298	  1.08818	  0.156319	  4.0048e-05	  9.55744e-07	  72	  1.60423e-07
299	  1.08818	  0.218712	  4.0048e-05	  1.07809e-06	  216	  1.27259e-07
300	  1.08818	  0.281224	  4.0048e-05	  1.27578e-06	  288	  1.38965e-07
301	  1.08818	  0.343807	  4.0048e-05	  1.20562e-06	  120	  1.70339e-07
302	  1.08818	  0.406302	  4.0048e-05	  1.67936e-06	  180	  2.0914e-07
303	  1.08818	  0.468745	  4.0048e-05	  1.62498e-06	  180	  2.02368e-07
304	  1.08818	  0.531226	  4.0048e-05	  1.81375e-06	  192	  2.21584e-07
305	  1.08818	  0.593785	  4.0048e-05	  2.35439e-06	  192	  2.87633e-07
306	  1.08818	  0.656281	  4.0048e-05	  1.97597e-06	  168	  2.51248e-07
307	  1.08818	  0.718743	  4.0048e-05	  2.49405e-06	  228	  2.89875e-07
308	  1.08818	  0.781255	  4.0048e-05	  3.36475e-06	  144	  4.48633e-07
309	  1.08818	  0.843774	  4.0048e-05	  2.90341e-06	  240	  3.32585e-07
310	  1.08818	  0.90628	  4.0048e-05	  3.87203e-06	  168	  4.92335e-07
311	  1.08818	  0.968758	  4.0048e-05	  3.8203e-06	  150	  5.02941e-07
312	  1.25577	  0.030936	  2.88042e-05	  8.84662e-07	  198	  1.07103e-07
313	  1.25577	  0.0938307	  2.88042e-05	  9.07256e-07	  396	  9.09542e-08
314	  1.25577	  0.156319	  2.88042e-05	  8.70684e-07	  396	  8.72878e-08
315	  1.25577	  0.218712	  2.88042e-05	  8.26495e-07	  204	  9.91909e-08
316	  1.25577	  0.281224	  2.88042e-05	  9.79139e-07	  216	  1.15579e-07
317	  1.25577	  0.343807	  2.88042e-05	  9.73903e-07	  372	  9.91897e-08
318	  1.25577	  0.406302	  2.88042e-05	  1.10025e-06	  312	  1.17301e-07
319	  1.25577	  0.468745	  2.88042e-05	  1.10583e-06	  288	  1.20453e-07
320	  1.25577	  0.531226	  2.88042e-05	  1.46389e-06	  264	  1.63291e-07
321	  1.25577	  0.593785	  2.88042e-05	  1.35512e-06	  312	  1.44475e-07
322	  1.25577	  0.656281	  2.88042e-05	  1.51325e-06	  276	  1.66749e-07
323	  1.25577	  0.718743	  2.88042e-05	  1.6912e-06	  312	  1.80305e-07
324	  1.25577	  0.781255	  2.88042e-05	  1.94787e-06	  276	  2.14642e-07
325	  1.25577	  0.843774	  2.88042e-05	  2.06585e-06	  240	  2.36642e-07
326	  1.25577	  0.90628	  2.88042e-05	  2.36436e-06	  324	  2.49571e-07
327	  1.25577	  0.968758	  2.88042e-05	  2.68222e-06	  315	  2.85237e-07
328	  1.45182	  0.030936	  2.05474e-05	  6.15644e-07	  246	  7.00342e-08
329	  1.45182	  0.0938307	  2.05474e-05	  5.64788e-07	  516	  5.31028e-08
330	  1.45182	  0.156319	  2.05474e-05	  6.27883e-07	  504	  5.93622e-08
331	  1.45182	  0.218712	  2.05474e-05	  5.97406e-07	  528	  5.5869e-08
332	  1.45182	  0.281224	  2.05474e-05	  6.34521e-07	  504	  5.99898e-08
333	  1.45182	  0.343807	  2.05474e-05	  7.33805e-07	  384	  7.4137e-08
334	  1.45182	  0.406302	  2.05474e-05	  8.78081e-07	  420	  8.675e-08
335	  1.45182	  0.468745	  2.05474e-05	  7.7093e-07	  468	  7.41828e-08
336	  1.45182	  0.531226	  2.05474e-05	  8.66146e-07	  480	  8.28412e-08
337	  1.45182	  0.593785	  2.05474e-05	  9.20748e-07	  468	  8.8599e-08
338	  1.45182	  0.656281	  2.05474e-05	  1.00386e-06	  396	  1.00639e-07
339	  1.45182	  0.718743	  2.05474e-05	  1.10478e-06	  456	  1.06975e-07
340	  1.45182	  0.781255	  2.05474e-05	  1.3761e-06	  432	  1.35012e-07
341	  1.45182	  0.843774	  2.05474e-05	  1.40336e-06	  480	  1.34222e-07
342	  1.45182	  0.90628	  2.05474e-05	  1.69608e-06	  480	  1.62219e-07
343	  1.45182	  0.968758	  2.05474e-05	  1.81564e-06	  414	  1.80016e-07
344	  1.68148	  0.030936	  1.45436e-05	  4.20761e-07	  798	  3.59328e-08
345	  1.68148	  0.0938307	  1.45436e-05	  4.76525e-07	  708	  4.17351e-08
346	  1.68148	  0.156319	  1.45436e-05	  4.33607e-07	  684	  3.82598e-08
347	  1.68148	  0.218712	  1.45436e-05	  4.77425e-07	  720	  4.16639e-08
348	  1.68148	  0.281224	  1.45436e-05	  4.84502e-07	  708	  4.24338e-08
349	  1.68148	  0.343807	  1.45436e-05	  5.09666e-07	  720	  4.44774e-08
350	  1.68148	  0.406302	  1.45436e-05	  5.52736e-07	  672	  4.89591e-08
351	  1.68148	  0.468745	  1.45436e-05	  6.29847e-07	  732	  5.47722e-08
352	  1.68148	  0.531226	  1.45436e-05	  6.4997e-07	  672	  5.75716e-08
353	  1.68148	  0.593785	  1.45436e-05	  6.66224e-07	  708	  5.83495e-08
354	  1.68148	  0.656281	  1.45436e-05	  6.99143e-07	  744	  6.0589e-08
355	  1.68148	  0.718743	  1.45436e-05	  8.77346e-07	  744	  7.60324e-08
356	  1.68148	  0.781255	  1.45436e-05	  9.39723e-07	  696	  8.26063e-08
357	  1.68148	  0.843774	  1.45436e-05	  9.92553e-07	  708	  8.69301e-08
358	  1.68148	  0.90628	  1.45436e-05	  1.10494e-06	  696	  9.71298e-08
359	  1.68148	  0.968758	  1.45436e-05	  1.19781e-06	  741	  1.03893e-07
360	  1.94819	  0.030936	  1.02432e-05	  3.12522e-07	  1368	  2.40757e-08
361	  1.94819	  0.0938307	  1.02432e-05	  3.11514e-07	  924	  2.58237e-08
362	  1.94819	  0.156319	  1.02432e-05	  3.33094e-07	  972	  2.73387e-08
363	  1.94819	  0.218712	  1.02432e-05	  3.52494e-07	  972	  2.8931e-08
364	  1.94819	  0.281224	  1.02432e-05	  3.23706e-07	  1200	  2.55299e-08
365	  1.94819	  0.343807	  1.02432e-05	  3.46702e-07	  1140	  2.76035e-08
366	  1.94819	  0.406302	  1.02432e-05	  3.80398e-07	  1080	  3.0595e-08
367	  1.94819	  0.468745	  1.02432e-05	  4.25646e-07	  1068	  3.43069e-08
368	  1.94819	  0.531226	  1.02432e-05	  4.07361e-07	  1164	  3.2308e-08
369	  1.94819	  0.593785	  1.02432e-05	  4.9062e-07	  1188	  3.87653e-08
370	  1.94819	  0.656281	  1.02432e-05	  4.96509e-07	  1068	  4.00184e-08
371	  1.94819	  0.718743	  1.02432e-05	  5.25925e-07	  1008	  4.28613e-08
372	  1.94819	  0.781255	  1.02432e-05	  5.97405e-07	  1164	  4.73805e-08
373	  1.94819	  0.843774	  1.02432e-05	  6.32462e-07	  1176	  5.0066e-08
374	  1.94819	  0.90628	  1.02432e-05	  6.84467e-07	  1080	  5.5051e-08
375	  1.94819	  0.968758	  1.02432e-05	  7.28693e-07	  1038	  5.90522e-08
376	  2.25604	  0.030936	  7.19976e-06	  2.30423e-07	  1896	  1.6813e-08
377	  2.25604	  0.0938307	  7.19976e-06	  2.33892e-07	  1272	  1.82526e-08
378	  2.25604	  0.156319	  7.19976e-06	  2.28138e-07	  2040	  1.6458e-08
379	  2.25604	  0.218712	  7.19976e-06	  2.43076e-07	  1740	  1.79811e-08
380	  2.25604	  0.281224	  7.19976e-06	  2.46574e-07	  1584	  1.85241e-08
381	  2.25604	  0.343807	  7.19976e-06	  2.53525e-07	  1764	  1.87126e-08
382	  2.25604	  0.406302	  7.19976e-06	  2.65064e-07	  1632	  1.98145e-08
383	  2.25604	  0.468745	  7.19976e-06	  2.84286e-07	  1860	  2.0806e-08
384	  2.25604	  0.531226	  7.19976e-06	  3.0494e-07	  1560	  2.29676e-08
385	  2.25604	  0.593785	  7.19976e-06	  3.18313e-07	  1692	  2.36541e-08
386	  2.25604	  0.656281	  7.19976e-06	  3.51218e-07	  1704	  2.60692e-08
387	  2.25604	  0.718743	  7.19976e-06	  3.66727e-07	  1824	  2.69231e-08
388	  2.25604	  0.781255	  7.19976e-06	  3.90669e-07	  1668	  2.90991e-08
389	  2.25604	  0.843774	  7.19976e-06	  4.16839e-07	  1680	  3.10117e-08
390	  2.25604	  0.90628	  7.19976e-06	  4.49723e-07	  1776	  3.31576e-08
391	  2.25604	  0.968758	  7.19976e-06	  4.64848e-07	  1656	  3.46654e-08
392	  2.61216	  0.030936	  5.04692e-06	  1.73019e-07	  2586	  1.20533e-08
393	  2.61216	  0.0938307	  5.04692e-06	  1.67003e-07	  3036	  1.1381e-08
394	  2.61216	  0.156319	  5.04692e-06	  1.77284e-07	  2124	  1.27109e-08
395	  2.61216	  0.218712	  5.04692e-06	  1.69872e-07	  2940	  1.16265e-08
396	  2.61216	  0.281224	  5.04692e-06	  1.7703e-07	  2616	  1.23127e-08
397	  2.61216	  0.343807	  5.04692e-06	  1.85654e-07	  2448	  1.3035e-08
398	  2.61216	  0.406302	  5.04692e-06	  1.93933e-07	  2916	  1.3288e-08
399	  2.61216	  0.468745	  5.04692e-06	  1.99254e-07	  2544	  1.39132e-08
400	  2.61216	  0.531226	  5.04692e-06	  2.09229e-07	  2652	  1.45243e-08
401	  2.61216	  0.593785	  5.04692e-06	  2.17114e-07	  2748	  1.49974e-08
402	  2.61216	  0.656281	  5.04692e-06	  2.37451e-07	  2676	  1.64627e-08
403	  2.61216	  0.718743	  5.04692e-06	  2.33927e-07	  2472	  1.64013e-08
404	  2.61216	  0.781255	  5.04692e-06	  2.52027e-07	  2616	  1.75288e-08
405	  2.61216	  0.843774	  5.04692e-06	  2.58721e-07	  2736	  1.78823e-08
406	  2.61216	  0.90628	  5.04692e-06	  2.7213e-07	  2568	  1.89765e-08
407	  2.61216	  0.968758	  5.04692e-06	  2.75503e-07	  2745	  1.90336e-08
408	  3.02645	  0.030936	  3.52029e-06	  1.28281e-07	  3414	  8.60957e-09
409	  3.02645	  0.0938307	  3.52029e-06	  1.23972e-07	  4512	  8.04419e-09
410	  3.02645	  0.156319	  3.52029e-06	  1.22432e-07	  4632	  7.92054e-09
411	  3.02645	  0.218712	  3.52029e-06	  1.19983e-07	  3972	  7.90294e-09
412	  3.02645	  0.281224	  3.52029e-06	  1.25261e-07	  4176	  8.20142e-09
413	  3.02645	  0.343807	  3.52029e-06	  1.3191e-07	  4344	  8.59693e-09
414	  3.02645	  0.406302	  3.52029e-06	  1.36952e-07	  4044	  9.00121e-09
415	  3.02645	  0.468745	  3.52029e-06	  1.3993e-07	  4092	  9.18399e-09
416	  3.02645	  0.531226	  3.52029e-06	  1.505e-07	  4296	  9.82118e-09
417	  3.02645	  0.593785	  3.52029e-06	  1.51465e-07	  3996	  9.96933e-09
418	  3.02645	  0.656281	  3.52029e-06	  1.55069e-07	  4188	  1.01496e-08
419	  3.02645	  0.718743	  3.52029e-06	  1.66276e-07	  4212	  1.08758e-08
420	  3.02645	  0.781255	  3.52029e-06	  1.60739e-07	  4140	  1.05351e-08
421	  3.02645	  0.843774	  3.52029e-06	  1.63515e-07	  4128	  1.07207e-08
422	  3.02645	  0.90628	  3.52029e-06	  1.67942e-07	  4188	  1.09922e-08
423	  3.02645	  0.968758	  3.52029e-06	  1.6355e-07	  4128	  1.0723e-08
424	  3.50419	  0.030936	  2.45325e-06	  9.02607e-08	  7002	  5.5917e-09
425	  3.50419	  0.0938307	  2.45325e-06	  9.06472e-08	  6240	  5.67988e-09
426	  3.50419	  0.156319	  2.45325e-06	  8.66323e-08	  5964	  5.4534e-09
427	  3.50419	  0.218712	  2.45325e-06	  8.96153e-08	  6180	  5.62072e-09
428	  3.50419	  0.281224	  2.45325e-06	  9.04599e-08	  6420	  5.65198e-09
429	  3.50419	  0.343807	  2.45325e-06	  9.24877e-08	  6516	  5.77014e-09
430	  3.50419	  0.406302	  2.45325e-06	  9.54199e-08	  6312	  5.97203e-09
431	  3.50419	  0.468745	  2.45325e-06	  1.00353e-07	  6276	  6.28438e-09
432	  3.50419	  0.531226	  2.45325e-06	  9.9e-08	  6360	  6.19139e-09
433	  3.50419	  0.593785	  2.45325e-06	  1.00241e-07	  6408	  6.26426e-09
434	  3.50419	  0.656281	  2.45325e-06	  1.06908e-07	  6360	  6.68592e-09
435	  3.50419	  0.718743	  2.45325e-06	  1.03775e-07	  6336	  6.4925e-09
436	  3.50419	  0.781255	  2.45325e-06	  1.00101e-07	  6372	  6.25905e-09
437	  3.50419	  0.843774	  2.45325e-06	  1.05087e-07	  6456	  6.56222e-09
438	  3.50419	  0.90628	  2.45325e-06	  9.95975e-08	  6360	  6.22875e-09
439	  3.50419	  0.968758	  2.45325e-06	  9.43791e-08	  6327	  5.90548e-09
440	  4.05763	  0.030936	  1.70477e-06	  6.52514e-08	  10392	  3.90266e-09
441	  4.05763	  0.0938307	  1.70477e-06	  6.27856e-08	  9420	  3.78618e-09
442	  4.05763	  0.156319	  1.70477e-06	  6.41956e-08	  10176	  3.84616e-09
443	  4.05763	  0.218712	  1.70477e-06	  6.3964e-08	  10260	  3.82969e-09
444	  4.05763	  0.281224	  1.70477e-06	  6.15695e-08	  9528	  3.70924e-09
445	  4.05763	  0.343807	  1.70477e-06	  6.30959e-08	  10140	  3.78139e-09
446	  4.05763	  0.406302	  1.70477e-06	  6.61935e-08	  9960	  3.97294e-09
447	  4.05763	  0.468745	  1.70477e-06	  6.55752e-08	  10068	  3.93229e-09
448	  4.05763	  0.531226	  1.70477e-06	  6.75205e-08	  9996	  4.05137e-09
449	  4.05763	  0.593785	  1.70477e-06	  6.48599e-08	  9828	  3.89724e-09
450	  4.05763	  0.656281	  1.70477e-06	  6.43222e-08	  10032	  3.8583e-09
451	  4.05763	  0.718743	  1.70477e-06	  6.3455e-08	  9924	  3.80972e-09
452	  4.05763	  0.781255	  1.70477e-06	  6.08046e-08	  10116	  3.64478e-09
453	  4.05763	  0.843774	  1.70477e-06	  5.96944e-08	  9888	  3.58503e-09
454	  4.05763	  0.90628	  1.70477e-06	  5.73949e-08	  10008	  3.44346e-09
455	  4.05763	  0.968758	  1.70477e-06	  5.21455e-08	  9978	  3.1293e-09
456	  4.69917	  0.030936	  1.18077e-06	  4.64459e-08	  13626	  2.72018e-09
457	  4.69917	  0.0938307	  1.18077e-06	  4.6277e-08	  16392	  2.6753e-09
458	  4.69917	  0.156319	  1.18077e-06	  4.52306e-08	  15708	  2.62242e-09
459	  4.69917	  0.218712	  1.18077e-06	  4.42615e-08	  15432	  2.56938e-09
460	  4.69917	  0.281224	  1.18077e-06	  4.33373e-08	  15780	  2.51185e-09
461	  4.69917	  0.343807	  1.18077e-06	  4.363e-08	  15300	  2.53423e-09
462	  4.69917	  0.406302	  1.18077e-06	  4.26688e-08	  15588	  2.4752e-09
463	  4.69917	  0.468745	  1.18077e-06	  4.3161e-08	  15396	  2.5059e-09
464	  4.69917	  0.531226	  1.18077e-06	  4.25991e-08	  15504	  2.47207e-09
465	  4.69917	  0.593785	  1.18077e-06	  4.10322e-08	  15660	  2.3795e-09
466	  4.69917	  0.656281	  1.18077e-06	  3.91983e-08	  15192	  2.27794e-09
467	  4.69917	  0.718743	  1.18077e-06	  3.81715e-08	  15600	  2.21419e-09
468	  4.69917	  0.781255	  1.18077e-06	  3.63409e-08	  15216	  2.11166e-09
469	  4.69917	  0.843774	  1.18077e-06	  3.39272e-08	  15516	  1.96873e-09
470	  4.69917	  0.90628	  1.18077e-06	  3.10271e-08	  15540	  1.80025e-09
471	  4.69917	  0.968758	  1.18077e-06	  2.84629e-08	  15405	  1.65247e-09
472	  5.4432	  0.030936	  8.15755e-07	  3.32316e-08	  26250	  1.86669e-09
473	  5.4432	  0.0938307	  8.15755e-07	  3.24324e-08	  22392	  1.83836e-09
474	  5.4432	  0.156319	  8.15755e-07	  3.16581e-08	  24516	  1.78509e-09
475	  5.4432	  0.218712	  8.15755e-07	  3.04743e-08	  23592	  1.72212e-09
476	  5.4432	  0.281224	  8.15755e-07	  2.99945e-08	  24264	  1.69228e-09
477	  5.4432	  0.343807	  8.15755e-07	  2.9294e-08	  23928	  1.65408e-09
478	  5.4432	  0.406302	  8.15755e-07	  2.81222e-08	  24120	  1.58719e-09
479	  5.4432	  0.468745	  8.15755e-07	  2.69314e-08	  23964	  1.52054e-09
480	  5.4432	  0.531226	  8.15755e-07	  2.62133e-08	  24060	  1.47966e-09
481	  5.4432	  0.593785	  8.15755e-07	  2.48328e-08	  24108	  1.40158e-09
482	  5.4432	  0.656281	  8.15755e-07	  2.32149e-08	  24228	  1.30989e-09
483	  5.4432	  0.718743	  8.15755e-07	  2.18296e-08	  24144	  1.23197e-09
484	  5.4432	  0.781255	  8.15755e-07	  1.98507e-08	  23940	  1.12083e-09
485	  5.4432	  0.843774	  8.15755e-07	  1.7754e-08	  24192	  1.00184e-09
486	  5.4432	  0.90628	  8.15755e-07	  1.62878e-08	  23988	  9.19555e-10
487	  5.4432	  0.968758	  8.15755e-07	  1.43132e-08	  24141	  8.0778e-10
488	  6.30378	  0.030936	  5.62645e-07	  2.33943e-08	  35082	  1.29462e-09
489	  6.30378	  0.0938307	  5.62645e-07	  2.24983e-08	  39108	  1.23868e-09
490	  6.30378	  0.156319	  5.62645e-07	  2.17044e-08	  36924	  1.19817e-09
491	  6.30378	  0.218712	  5.62645e-07	  2.08489e-08	  37692	  1.14984e-09
492	  6.30378	  0.281224	  5.62645e-07	  1.95397e-08	  37092	  1.07844e-09
493	  6.30378	  0.343807	  5.62645e-07	  1.90519e-08	  37536	  1.05093e-09
494	  6.30378	  0.406302	  5.62645e-07	  1.78344e-08	  36984	  9.84454e-10
495	  6.30378	  0.468745	  5.62645e-07	  1.67376e-08	  37428	  9.23396e-10
496	  6.30378	  0.531226	  5.62645e-07	  1.54204e-08	  37392	  8.50763e-10
497	  6.30378	  0.593785	  5.62645e-07	  1.41792e-08	  37200	  7.82476e-10
498	  6.30378	  0.656281	  5.62645e-07	  1.28908e-08	  36924	  7.11626e-10
499	  6.30378	  0.718743	  5.62645e-07	  1.16122e-08	  37272	  6.40757e-10
500	  6.30378	  0.781255	  5.62645e-07	  1.01399e-08	  37284	  5.59508e-10
501	  6.30378	  0.843774	  5.62645e-07	  8.96879e-09	  37188	  4.94948e-10
502	  6.30378	  0.90628	  5.62645e-07	  7.80989e-09	  37320	  4.30921e-10
503	  6.30378	  0.968758	  5.62645e-07	  6.60516e-09	  37119	  3.64542e-10
504	  7.30029	  0.030936	  3.87106e-07	  1.60148e-08	  60258	  8.65981e-10
505	  7.30029	  0.0938307	  3.87106e-07	  1.5339e-08	  56916	  8.31248e-10
506	  7.30029	  0.156319	  3.87106e-07	  1.45749e-08	  56820	  7.89889e-10
507	  7.30029	  0.218712	  3.87106e-07	  1.37018e-08	  58716	  7.41635e-10
508	  7.30029	  0.281224	  3.87106e-07	  1.27177e-08	  57840	  6.88765e-10
509	  7.30029	  0.343807	  3.87106e-07	  1.16642e-08	  57612	  6.31806e-10
510	  7.30029	  0.406302	  3.87106e-07	  1.07552e-08	  58464	  5.8224e-10
511	  7.30029	  0.468745	  3.87106e-07	  9.71614e-09	  57948	  5.26169e-10
512	  7.30029	  0.531226	  3.87106e-07	  8.73446e-09	  57708	  4.73082e-10
513	  7.30029	  0.593785	  3.87106e-07	  7.59627e-09	  58236	  4.11292e-10
514	  7.30029	  0.656281	  3.87106e-07	  6.63146e-09	  58008	  3.59107e-10
515	  7.30029	  0.718743	  3.87106e-07	  5.73906e-09	  58200	  3.10742e-10
516	  7.30029	  0.781255	  3.87106e-07	  4.82064e-09	  58128	  2.61027e-10
517	  7.30029	  0.843774	  3.87106e-07	  4.09377e-09	  57972	  2.21691e-10
518	  7.30029	  0.90628	  3.87106e-07	  3.39402e-09	  57960	  1.83799e-10
519	  7.30029	  0.968758	  3.87106e-07	  2.7894e-09	  58122	  1.5104e-10
520	  8.455	  0.030936	  2.65864e-07	  1.0673e-08	  90198	  5.6919e-10
521	  8.455	  0.0938307	  2.65864e-07	  1.01985e-08	  89292	  5.44054e-10
522	  8.455	  0.156319	  2.65864e-07	  9.56007e-09	  90804	  5.09729e-10
523	  8.455	  0.218712	  2.65864e-07	  8.62543e-09	  89628	  4.60083e-10
524	  8.455	  0.281224	  2.65864e-07	  7.82045e-09	  89844	  4.17113e-10
525	  8.455	  0.343807	  2.65864e-07	  6.9712e-09	  90636	  3.71716e-10
526	  8.455	  0.406302	  2.65864e-07	  6.10729e-09	  89628	  3.25765e-10
527	  8.455	  0.468745	  2.65864e-07	  5.24708e-09	  89772	  2.79866e-10
528	  8.455	  0.531226	  2.65864e-07	  4.52141e-09	  90324	  2.41115e-10
529	  8.455	  0.593785	  2.65864e-07	  3.77014e-09	  89784	  2.01089e-10
530	  8.455	  0.656281	  2.65864e-07	  3.10689e-09	  90216	  1.65688e-10
531	  8.455	  0.718743	  2.65864e-07	  2.58335e-09	  89796	  1.37788e-10
532	  8.455	  0.781255	  2.65864e-07	  2.10507e-09	  90120	  1.12266e-10
533	  8.455	  0.843774	  2.65864e-07	  1.70153e-09	  90132	  9.0744e-11
534	  8.455	  0.90628	  2.65864e-07	  1.37851e-09	  89916	  7.35226e-11
535	  8.455	  0.968758	  2.65864e-07	  1.07673e-09	  89964	  5.74264e-11
536	  9.79129	  0.030936	  1.82229e-07	  6.94871e-09	  139068	  3.66069e-10
537	  9.79129	  0.0938307	  1.82229e-07	  6.51872e-09	  141180	  3.43285e-10
538	  9.79129	  0.156319	  1.82229e-07	  5.95893e-09	  139380	  3.13908e-10
539	  9.79129	  0.218712	  1.82229e-07	  5.25515e-09	  138804	  2.76863e-10
540	  9.79129	  0.281224	  1.82229e-07	  4.56161e-09	  140952	  2.40231e-10
541	  9.79129	  0.343807	  1.82229e-07	  3.84392e-09	  139668	  2.02482e-10
542	  9.79129	  0.406302	  1.82229e-07	  3.2045e-09	  139464	  1.68806e-10
543	  9.79129	  0.468745	  1.82229e-07	  2.61969e-09	  139812	  1.3799e-10
544	  9.79129	  0.531226	  1.82229e-07	  2.11754e-09	  139884	  1.11539e-10
545	  9.79129	  0.593785	  1.82229e-07	  1.69859e-09	  140184	  8.94661e-11
546	  9.79129	  0.656281	  1.82229e-07	  1.34935e-09	  139404	  7.10815e-11
547	  9.79129	  0.718743	  1.82229e-07	  1.07444e-09	  139932	  5.65942e-11
548	  9.79129	  0.781255	  1.82229e-07	  8.46623e-10	  139980	  4.4594e-11
549	  9.79129	  0.843774	  1.82229e-07	  6.6064e-10	  139632	  3.48e-11
550	  9.79129	  0.90628	  1.82229e-07	  5.11903e-10	  140088	  2.69629e-11
551	  9.79129	  0.968758	  1.82229e-07	  3.80884e-10	  139623	  2.00635e-11
