#n	   k	      mu	    PL	    Pf	     w	     err  
0	  0.10472	  1	  0.0037933	  0.000575217	  3	  0.000360862
1	  0.20944	  1	  0.00133278	  0.000156359	  3	  9.80917e-05
2	  0.314159	  1	  0.00060896	  0.000151998	  3	  9.53562e-05
3	  0.418879	  1	  0.00034182	  2.95785e-05	  3	  1.85561e-05
4	  0.523599	  1	  0.000214165	  8.6927e-06	  3	  5.45337e-06
5	  0.628319	  1	  0.000144299	  3.64638e-05	  3	  2.28756e-05
6	  0.733038	  1	  0.000102766	  1.8563e-05	  3	  1.16455e-05
7	  0.837758	  1	  7.61654e-05	  1.62485e-05	  3	  1.01935e-05
8	  0.942478	  1	  5.82302e-05	  2.68838e-06	  3	  1.68655e-06
9	  0.10472	  0	  0.0037933	  9.14667e-05	  6	  4.19145e-05
10	  0.148096	  0.707107	  0.00241055	  0.000133192	  12	  4.5109e-05
11	  0.23416	  0.894427	  0.00104482	  0.000166797	  12	  5.649e-05
12	  0.331153	  0.948683	  0.000554061	  6.55747e-05	  12	  2.22085e-05
13	  0.431771	  0.970143	  0.000320665	  3.33046e-05	  12	  1.12794e-05
14	  0.533968	  0.980581	  0.000205289	  2.42872e-05	  12	  8.22546e-06
15	  0.636985	  0.986394	  0.000140111	  1.29463e-05	  12	  4.38459e-06
16	  0.74048	  0.989949	  0.000100435	  1.77809e-05	  12	  6.02195e-06
17	  0.844278	  0.992278	  7.48203e-05	  8.33712e-06	  12	  2.82358e-06
18	  0.948278	  0.993884	  5.74466e-05	  7.97167e-06	  12	  2.69981e-06
19	  0.148096	  0	  0.00241055	  4.91987e-05	  6	  2.25452e-05
20	  0.18138	  0.57735	  0.0016626	  6.87927e-05	  12	  2.32984e-05
21	  0.25651	  0.816497	  0.000909659	  7.62629e-05	  12	  2.58284e-05
22	  0.347316	  0.904534	  0.000501017	  4.48072e-05	  12	  1.51751e-05
23	  0.444288	  0.942809	  0.000302482	  3.26934e-05	  12	  1.10724e-05
24	  0.54414	  0.96225	  0.000197236	  2.31754e-05	  12	  7.84893e-06
25	  0.645536	  0.973329	  0.000136072	  1.54482e-05	  12	  5.23192e-06
26	  0.747849	  0.980196	  9.82357e-05	  8.96281e-06	  12	  3.03548e-06
27	  0.850747	  0.984732	  7.34906e-05	  1.05001e-05	  12	  3.55613e-06
28	  0.954042	  0.987878	  5.66677e-05	  8.18061e-06	  12	  2.77057e-06
29	  0.20944	  0	  0.00133278	  2.91454e-05	  6	  1.33558e-05
30	  0.23416	  0.447214	  0.00104482	  4.99014e-05	  12	  1.69004e-05
31	  0.296192	  0.707107	  0.000677885	  6.08559e-05	  12	  2.06104e-05
32	  0.377572	  0.83205	  0.000422205	  4.03457e-05	  12	  1.36641e-05
33	  0.468321	  0.894427	  0.000271367	  3.37072e-05	  12	  1.14158e-05
34	  0.563933	  0.928477	  0.000182555	  1.20167e-05	  12	  4.06975e-06
35	  0.662306	  0.948683	  0.000128648	  1.15882e-05	  12	  3.92462e-06
36	  0.762371	  0.961524	  9.41368e-05	  1.37797e-05	  12	  4.66683e-06
37	  0.863541	  0.970143	  7.11145e-05	  3.1782e-06	  12	  1.07638e-06
38	  0.965468	  0.976187	  5.5124e-05	  4.89338e-06	  12	  1.65727e-06
39	  0.23416	  0	  0.00104482	  3.10988e-05	  12	  1.05324e-05
40	  0.25651	  0.408248	  0.000909659	  2.98692e-05	  24	  7.59048e-06
41	  0.314159	  0.666667	  0.00060896	  4.11453e-05	  24	  1.0456e-05
42	  0.391825	  0.801784	  0.000393178	  3.00036e-05	  24	  7.62463e-06
43	  0.479886	  0.872872	  0.000257585	  3.39708e-05	  24	  8.63281e-06
44	  0.573574	  0.912871	  0.000175943	  1.59108e-05	  24	  4.04331e-06
45	  0.670534	  0.937043	  0.000125138	  9.48601e-06	  24	  2.41062e-06
46	  0.76953	  0.952579	  9.21163e-05	  9.43786e-06	  24	  2.39839e-06
47	  0.869868	  0.963087	  6.99396e-05	  7.40435e-06	  24	  1.88162e-06
48	  0.971131	  0.970495	  5.43589e-05	  6.35494e-06	  24	  1.61494e-06
49	  0.296192	  0	  0.000677885	  1.76221e-05	  6	  8.07529e-06
50	  0.314159	  0.333333	  0.00060896	  2.26518e-05	  12	  7.67161e-06
51	  0.36276	  0.57735	  0.000456691	  1.89928e-05	  12	  6.43237e-06
52	  0.431771	  0.727607	  0.000320665	  2.59913e-05	  12	  8.80259e-06
53	  0.51302	  0.816497	  0.000223509	  2.03309e-05	  12	  6.88557e-06
54	  0.601569	  0.870388	  0.000158789	  1.60775e-05	  12	  5.44505e-06
55	  0.694632	  0.904534	  0.000115719	  1.70548e-05	  12	  5.77605e-06
56	  0.790617	  0.927173	  8.67475e-05	  9.3736e-06	  12	  3.1746e-06
57	  0.888577	  0.942809	  6.66369e-05	  7.18549e-06	  12	  2.43355e-06
58	  0.987924	  0.953998	  5.2307e-05	  3.30681e-06	  12	  1.11993e-06
59	  0.314159	  0	  0.00060896	  2.28852e-05	  6	  1.04871e-05
60	  0.331153	  0.316228	  0.000554061	  1.85699e-05	  12	  6.28917e-06
61	  0.377572	  0.5547	  0.000422205	  2.65051e-05	  12	  8.97662e-06
62	  0.444288	  0.707107	  0.000302482	  1.41736e-05	  12	  4.80024e-06
63	  0.523599	  0.8	  0.000214165	  2.07353e-05	  12	  7.02254e-06
64	  0.610616	  0.857493	  0.000153609	  8.69067e-06	  12	  2.94331e-06
65	  0.702481	  0.894427	  0.000112929	  1.03538e-05	  12	  3.50657e-06
66	  0.797522	  0.919145	  8.50375e-05	  8.56189e-06	  12	  2.8997e-06
67	  0.894726	  0.936329	  6.56091e-05	  5.08955e-06	  12	  1.7237e-06
68	  0.993459	  0.948683	  5.16337e-05	  5.47266e-06	  12	  1.85345e-06
69	  0.331153	  0	  0.000554061	  1.41872e-05	  12	  4.80486e-06
70	  0.347316	  0.301511	  0.000501017	  1.28778e-05	  24	  3.27257e-06
71	  0.391825	  0.534522	  0.000393178	  1.31541e-05	  24	  3.34277e-06
72	  0.456463	  0.688247	  0.000286294	  2.57074e-05	  24	  6.53286e-06
73	  0.533968	  0.784465	  0.000205289	  1.41496e-05	  24	  3.59576e-06
74	  0.61953	  0.845154	  0.000148921	  9.16974e-06	  24	  2.33025e-06
75	  0.710244	  0.884652	  0.000110234	  1.59416e-05	  24	  4.05114e-06
76	  0.804368	  0.911322	  8.34695e-05	  7.72524e-06	  24	  1.96317e-06
77	  0.900833	  0.929981	  6.45884e-05	  6.23255e-06	  24	  1.58384e-06
78	  0.998963	  0.943456	  5.09642e-05	  4.15657e-06	  24	  1.05628e-06
79	  0.377572	  0	  0.000422205	  1.1949e-05	  12	  4.04683e-06
80	  0.391825	  0.267261	  0.000393178	  8.73691e-06	  24	  2.22026e-06
81	  0.431771	  0.485071	  0.000320665	  1.63539e-05	  24	  4.15593e-06
82	  0.491179	  0.639602	  0.000245153	  1.10584e-05	  24	  2.8102e-06
83	  0.563933	  0.742781	  0.000182555	  1.49332e-05	  24	  3.79487e-06
84	  0.645536	  0.811107	  0.000136072	  1.2404e-05	  24	  3.15215e-06
85	  0.733038	  0.857143	  0.000102766	  1.04168e-05	  24	  2.64717e-06
86	  0.824564	  0.889001	  7.88875e-05	  5.21621e-06	  24	  1.32556e-06
87	  0.918912	  0.911685	  6.17322e-05	  7.37873e-06	  24	  1.87511e-06
88	  0.418879	  0	  0.00034182	  2.63281e-06	  6	  1.20648e-06
89	  0.431771	  0.242536	  0.000320665	  6.34469e-06	  12	  2.14879e-06
90	  0.468321	  0.447214	  0.000271367	  1.26769e-05	  12	  4.29335e-06
91	  0.523599	  0.6	  0.000214165	  1.11496e-05	  12	  3.7761e-06
92	  0.592384	  0.707107	  0.000164113	  5.0634e-06	  12	  1.71485e-06
93	  0.670534	  0.780869	  0.000125138	  1.15715e-05	  12	  3.91898e-06
94	  0.755145	  0.83205	  9.61764e-05	  6.91873e-06	  12	  2.3432e-06
95	  0.844278	  0.868243	  7.48203e-05	  6.78165e-06	  12	  2.29678e-06
96	  0.936642	  0.894427	  5.90687e-05	  3.38125e-06	  12	  1.14515e-06
97	  0.431771	  0	  0.000320665	  6.06668e-06	  12	  2.05463e-06
98	  0.444288	  0.235702	  0.000302482	  4.39541e-06	  24	  1.11698e-06
99	  0.479886	  0.436436	  0.000257585	  1.36793e-05	  24	  3.47624e-06
100	  0.533968	  0.588348	  0.000205289	  7.63568e-06	  24	  1.94041e-06
101	  0.601569	  0.696311	  0.000158789	  7.37613e-06	  24	  1.87445e-06
102	  0.678662	  0.771517	  0.000121881	  6.04847e-06	  24	  1.53706e-06
103	  0.762371	  0.824163	  9.41368e-05	  9.19574e-06	  24	  2.33686e-06
104	  0.850747	  0.86164	  7.34906e-05	  7.78336e-06	  24	  1.97794e-06
105	  0.942478	  0.888889	  5.82302e-05	  6.16952e-06	  24	  1.56782e-06
106	  0.444288	  0	  0.000302482	  6.11445e-06	  6	  2.80193e-06
107	  0.456463	  0.229416	  0.000286294	  1.12436e-05	  12	  3.80793e-06
108	  0.491179	  0.426401	  0.000245153	  9.09573e-06	  12	  3.0805e-06
109	  0.54414	  0.57735	  0.000197236	  3.16658e-06	  12	  1.07244e-06
110	  0.610616	  0.685994	  0.000153609	  1.07542e-05	  12	  3.64217e-06
111	  0.686693	  0.762493	  0.000118782	  7.2798e-06	  12	  2.46549e-06
112	  0.76953	  0.816497	  9.21163e-05	  6.82898e-06	  12	  2.3128e-06
113	  0.857168	  0.855186	  7.22981e-05	  4.18261e-06	  12	  1.41655e-06
114	  0.948278	  0.883452	  5.74466e-05	  2.95842e-06	  12	  1.00194e-06
115	  0.468321	  0	  0.000271367	  7.77505e-06	  12	  2.63322e-06
116	  0.479886	  0.218218	  0.000257585	  1.05509e-05	  24	  2.68123e-06
117	  0.51302	  0.408248	  0.000223509	  1.02582e-05	  24	  2.60685e-06
118	  0.563933	  0.557086	  0.000182555	  1.01158e-05	  24	  2.57066e-06
119	  0.628319	  0.666667	  0.000144299	  8.20695e-06	  24	  2.08559e-06
120	  0.702481	  0.745356	  0.000112929	  8.33767e-06	  24	  2.1188e-06
121	  0.783651	  0.801784	  8.85207e-05	  7.18344e-06	  24	  1.82549e-06
122	  0.869868	  0.842701	  6.99396e-05	  5.05288e-06	  24	  1.28406e-06
123	  0.959772	  0.872872	  5.58936e-05	  4.29994e-06	  24	  1.09272e-06
124	  0.523599	  0	  0.000214165	  5.28368e-06	  18	  1.50956e-06
125	  0.533968	  0.196116	  0.000205289	  5.13621e-06	  36	  1.11284e-06
126	  0.563933	  0.371391	  0.000182555	  4.71841e-06	  36	  1.02232e-06
127	  0.610616	  0.514496	  0.000153609	  5.74722e-06	  36	  1.24523e-06
128	  0.670534	  0.624695	  0.000125138	  5.98106e-06	  36	  1.2959e-06
129	  0.74048	  0.707107	  0.000100435	  6.65504e-06	  36	  1.44193e-06
130	  0.817887	  0.768221	  8.03727e-05	  5.44167e-06	  36	  1.17903e-06
131	  0.900833	  0.813733	  6.45884e-05	  4.52671e-06	  36	  9.80788e-07
132	  0.987924	  0.847998	  5.2307e-05	  4.16464e-06	  36	  9.02338e-07
133	  0.533968	  0	  0.000205289	  4.96624e-06	  12	  1.68194e-06
134	  0.54414	  0.19245	  0.000197236	  7.00041e-06	  24	  1.77897e-06
135	  0.573574	  0.365148	  0.000175943	  4.81493e-06	  24	  1.22359e-06
136	  0.61953	  0.507093	  0.000148921	  6.28137e-06	  24	  1.59625e-06
137	  0.678662	  0.617213	  0.000121881	  6.18266e-06	  24	  1.57116e-06
138	  0.747849	  0.70014	  9.82357e-05	  5.57578e-06	  24	  1.41694e-06
139	  0.824564	  0.762001	  7.88875e-05	  2.3902e-06	  24	  6.07407e-07
140	  0.9069	  0.80829	  6.35745e-05	  5.21804e-06	  24	  1.32603e-06
141	  0.993459	  0.843274	  5.16337e-05	  3.94239e-06	  24	  1.00186e-06
142	  0.563933	  0	  0.000182555	  1.98718e-06	  12	  6.73007e-07
143	  0.573574	  0.182574	  0.000175943	  3.97752e-06	  24	  1.01078e-06
144	  0.601569	  0.348155	  0.000158789	  5.5271e-06	  24	  1.40457e-06
145	  0.645536	  0.486664	  0.000136072	  6.01428e-06	  24	  1.52837e-06
146	  0.702481	  0.596285	  0.000112929	  6.61018e-06	  24	  1.67981e-06
147	  0.76953	  0.680414	  9.21163e-05	  3.6352e-06	  24	  9.23793e-07
148	  0.844278	  0.744208	  7.48203e-05	  6.0336e-06	  24	  1.53328e-06
149	  0.92486	  0.792594	  6.08387e-05	  4.26656e-06	  24	  1.08424e-06
150	  0.592384	  0	  0.000164113	  1.38003e-06	  6	  6.32395e-07
151	  0.601569	  0.174078	  0.000158789	  3.07484e-06	  12	  1.04137e-06
152	  0.628319	  0.333333	  0.000144299	  4.37289e-06	  12	  1.48099e-06
153	  0.670534	  0.468521	  0.000125138	  3.67406e-06	  12	  1.24431e-06
154	  0.72552	  0.57735	  0.000105121	  6.83492e-06	  12	  2.31482e-06
155	  0.790617	  0.662266	  8.67475e-05	  4.81216e-06	  12	  1.62976e-06
156	  0.863541	  0.727607	  7.11145e-05	  4.25745e-06	  12	  1.44189e-06
157	  0.942478	  0.777778	  5.82302e-05	  3.20396e-06	  12	  1.0851e-06
158	  0.610616	  0	  0.000153609	  3.44937e-06	  12	  1.16821e-06
159	  0.61953	  0.169031	  0.000148921	  3.72367e-06	  24	  9.46274e-07
160	  0.645536	  0.324443	  0.000136072	  4.38285e-06	  24	  1.11379e-06
161	  0.686693	  0.457496	  0.000118782	  4.70754e-06	  24	  1.1963e-06
162	  0.74048	  0.565685	  0.000100435	  4.13983e-06	  24	  1.05203e-06
163	  0.804368	  0.650945	  8.34695e-05	  5.41536e-06	  24	  1.37617e-06
164	  0.876148	  0.717137	  6.87731e-05	  4.4232e-06	  24	  1.12404e-06
165	  0.954042	  0.76835	  5.66677e-05	  3.66863e-06	  24	  9.32287e-07
166	  0.628319	  0	  0.000144299	  1.01476e-05	  6	  4.65011e-06
167	  0.636985	  0.164399	  0.000140111	  5.53709e-06	  12	  1.87527e-06
168	  0.662306	  0.316228	  0.000128648	  3.14373e-06	  12	  1.0647e-06
169	  0.702481	  0.447214	  0.000112929	  1.77526e-06	  12	  6.01236e-07
170	  0.755145	  0.5547	  9.61764e-05	  2.48058e-06	  12	  8.40112e-07
171	  0.817887	  0.640184	  8.03727e-05	  3.05287e-06	  12	  1.03393e-06
172	  0.888577	  0.707107	  6.66369e-05	  3.622e-06	  12	  1.22668e-06
173	  0.965468	  0.759257	  5.5124e-05	  4.40301e-06	  12	  1.49119e-06
174	  0.636985	  0	  0.000140111	  5.30912e-06	  12	  1.79807e-06
175	  0.645536	  0.162221	  0.000136072	  2.87104e-06	  24	  7.29599e-07
176	  0.670534	  0.312348	  0.000125138	  2.97938e-06	  24	  7.57132e-07
177	  0.710244	  0.442326	  0.000110234	  4.0968e-06	  24	  1.0411e-06
178	  0.762371	  0.549442	  9.41368e-05	  5.13996e-06	  24	  1.30619e-06
179	  0.824564	  0.635001	  7.88875e-05	  2.58916e-06	  24	  6.57969e-07
180	  0.894726	  0.702247	  6.56091e-05	  2.5732e-06	  24	  6.53913e-07
181	  0.971131	  0.754829	  5.43589e-05	  3.06124e-06	  24	  7.77935e-07
182	  0.662306	  0	  0.000128648	  3.05193e-06	  12	  1.03361e-06
183	  0.670534	  0.156174	  0.000125138	  2.77339e-06	  24	  7.04786e-07
184	  0.694632	  0.301511	  0.000115719	  3.32006e-06	  24	  8.43708e-07
185	  0.733038	  0.428571	  0.000102766	  4.01537e-06	  24	  1.0204e-06
186	  0.783651	  0.534522	  8.85207e-05	  3.52626e-06	  24	  8.96108e-07
187	  0.844278	  0.620174	  7.48203e-05	  3.57741e-06	  24	  9.09106e-07
188	  0.912926	  0.688247	  6.26316e-05	  2.43094e-06	  24	  6.17761e-07
189	  0.987924	  0.741999	  5.2307e-05	  2.57977e-06	  24	  6.55581e-07
190	  0.670534	  0	  0.000125138	  3.4694e-06	  12	  1.175e-06
191	  0.678662	  0.154303	  0.000121881	  2.40448e-06	  24	  6.11035e-07
192	  0.702481	  0.298142	  0.000112929	  4.00369e-06	  24	  1.01743e-06
193	  0.74048	  0.424264	  0.000100435	  3.05778e-06	  24	  7.77055e-07
194	  0.790617	  0.529813	  8.67475e-05	  3.30158e-06	  24	  8.3901e-07
195	  0.850747	  0.615457	  7.34906e-05	  2.44525e-06	  24	  6.21396e-07
196	  0.918912	  0.683763	  6.17322e-05	  3.55172e-06	  24	  9.02578e-07
197	  0.993459	  0.737865	  5.16337e-05	  3.04596e-06	  24	  7.74052e-07
198	  0.702481	  0	  0.000112929	  1.44032e-06	  12	  4.878e-07
199	  0.710244	  0.147442	  0.000110234	  3.08981e-06	  24	  7.85195e-07
200	  0.733038	  0.285714	  0.000102766	  4.03955e-06	  24	  1.02655e-06
201	  0.76953	  0.408248	  9.21163e-05	  3.53488e-06	  24	  8.98297e-07
202	  0.817887	  0.512148	  8.03727e-05	  4.58182e-06	  24	  1.16435e-06
203	  0.876148	  0.597614	  6.87731e-05	  4.00474e-06	  24	  1.0177e-06
204	  0.942478	  0.666667	  5.82302e-05	  3.13752e-06	  24	  7.97318e-07
205	  0.733038	  0	  0.000102766	  2.9579e-06	  6	  1.35545e-06
206	  0.74048	  0.141421	  0.000100435	  2.62363e-06	  12	  8.88559e-07
207	  0.762371	  0.274721	  9.41368e-05	  2.30047e-06	  12	  7.79113e-07
208	  0.797522	  0.393919	  8.50375e-05	  2.74588e-06	  12	  9.29962e-07
209	  0.844278	  0.496139	  7.48203e-05	  3.49159e-06	  12	  1.18251e-06
210	  0.900833	  0.581238	  6.45884e-05	  3.41342e-06	  12	  1.15604e-06
211	  0.965468	  0.650791	  5.5124e-05	  3.1478e-06	  12	  1.06608e-06
212	  0.74048	  0	  0.000100435	  2.74336e-06	  18	  7.83785e-07
213	  0.747849	  0.140028	  9.82357e-05	  3.50091e-06	  36	  7.58531e-07
214	  0.76953	  0.272166	  9.21163e-05	  2.6606e-06	  36	  5.76464e-07
215	  0.804368	  0.390567	  8.34695e-05	  3.80651e-06	  36	  8.24744e-07
216	  0.850747	  0.492366	  7.34906e-05	  2.38056e-06	  36	  5.15789e-07
217	  0.9069	  0.57735	  6.35745e-05	  2.3474e-06	  36	  5.08604e-07
218	  0.971131	  0.646997	  5.43589e-05	  3.74777e-06	  36	  8.12017e-07
219	  0.755145	  0	  9.61764e-05	  1.6272e-06	  12	  5.51092e-07
220	  0.762371	  0.137361	  9.41368e-05	  3.4519e-06	  24	  8.77212e-07
221	  0.783651	  0.267261	  8.85207e-05	  2.96269e-06	  24	  7.52891e-07
222	  0.817887	  0.384111	  8.03727e-05	  2.89558e-06	  24	  7.35837e-07
223	  0.863541	  0.485071	  7.11145e-05	  1.72888e-06	  24	  4.39351e-07
224	  0.918912	  0.569803	  6.17322e-05	  2.83224e-06	  24	  7.19741e-07
225	  0.982358	  0.639602	  5.2984e-05	  1.87601e-06	  24	  4.7674e-07
226	  0.762371	  0	  9.41368e-05	  1.44957e-06	  12	  4.90932e-07
227	  0.76953	  0.136083	  9.21163e-05	  3.18239e-06	  24	  8.08722e-07
228	  0.790617	  0.264906	  8.67475e-05	  2.21999e-06	  24	  5.64154e-07
229	  0.824564	  0.381	  7.88875e-05	  2.3545e-06	  24	  5.98336e-07
230	  0.869868	  0.481543	  6.99396e-05	  1.64384e-06	  24	  4.1774e-07
231	  0.92486	  0.566139	  6.08387e-05	  2.9856e-06	  24	  7.58713e-07
232	  0.987924	  0.635999	  5.2307e-05	  2.18053e-06	  24	  5.54126e-07
233	  0.797522	  0	  8.50375e-05	  2.34691e-06	  12	  7.9484e-07
234	  0.804368	  0.130189	  8.34695e-05	  3.27395e-06	  24	  8.3199e-07
235	  0.824564	  0.254	  7.88875e-05	  2.1199e-06	  24	  5.38718e-07
236	  0.857168	  0.366508	  7.22981e-05	  2.24031e-06	  24	  5.69318e-07
237	  0.900833	  0.464991	  6.45884e-05	  2.16105e-06	  24	  5.49174e-07
238	  0.954042	  0.548821	  5.66677e-05	  2.64801e-06	  24	  6.72924e-07
239	  0.817887	  0	  8.03727e-05	  1.68173e-06	  12	  5.69559e-07
240	  0.824564	  0.127	  7.88875e-05	  1.72375e-06	  24	  4.38046e-07
241	  0.844278	  0.248069	  7.48203e-05	  2.16036e-06	  24	  5.48999e-07
242	  0.876148	  0.358569	  6.87731e-05	  2.67651e-06	  24	  6.80166e-07
243	  0.918912	  0.455842	  6.17322e-05	  2.52393e-06	  24	  6.41392e-07
244	  0.971131	  0.539164	  5.43589e-05	  2.98338e-06	  24	  7.58149e-07
245	  0.837758	  0	  7.61654e-05	  2.42929e-06	  6	  1.11322e-06
246	  0.844278	  0.124035	  7.48203e-05	  3.08703e-06	  12	  1.0455e-06
247	  0.863541	  0.242536	  7.11145e-05	  1.06176e-06	  12	  3.59592e-07
248	  0.894726	  0.351123	  6.56091e-05	  1.97334e-06	  12	  6.6832e-07
249	  0.936642	  0.447214	  5.90687e-05	  2.01456e-06	  12	  6.82282e-07
250	  0.987924	  0.529999	  5.2307e-05	  3.23615e-06	  12	  1.096e-06
251	  0.844278	  0	  7.48203e-05	  2.68239e-06	  24	  6.81661e-07
252	  0.850747	  0.123091	  7.34906e-05	  2.41709e-06	  48	  4.69731e-07
253	  0.869868	  0.240772	  6.99396e-05	  1.88192e-06	  48	  3.65729e-07
254	  0.900833	  0.348743	  6.45884e-05	  2.31517e-06	  48	  4.49925e-07
255	  0.942478	  0.444444	  5.82302e-05	  2.06018e-06	  48	  4.0037e-07
256	  0.993459	  0.527046	  5.16337e-05	  2.29655e-06	  48	  4.46306e-07
257	  0.863541	  0	  7.11145e-05	  1.31993e-06	  12	  4.47027e-07
258	  0.869868	  0.120386	  6.99396e-05	  2.03877e-06	  24	  5.181e-07
259	  0.888577	  0.235702	  6.66369e-05	  1.90802e-06	  24	  4.84875e-07
260	  0.918912	  0.341882	  6.17322e-05	  2.23274e-06	  24	  5.67392e-07
261	  0.959772	  0.436436	  5.58936e-05	  1.94081e-06	  24	  4.93206e-07
262	  0.888577	  0	  6.66369e-05	  1.7289e-06	  6	  7.92264e-07
263	  0.894726	  0.117041	  6.56091e-05	  1.28782e-06	  12	  4.36152e-07
264	  0.912926	  0.229416	  6.26316e-05	  1.97721e-06	  12	  6.69632e-07
265	  0.942478	  0.333333	  5.82302e-05	  2.10539e-06	  12	  7.13042e-07
266	  0.982358	  0.426401	  5.2984e-05	  1.9437e-06	  12	  6.58281e-07
267	  0.894726	  0	  6.56091e-05	  1.36851e-06	  12	  4.63481e-07
268	  0.900833	  0.116248	  6.45884e-05	  1.63029e-06	  24	  4.14297e-07
269	  0.918912	  0.227921	  6.17322e-05	  2.25784e-06	  24	  5.73772e-07
270	  0.948278	  0.331295	  5.74466e-05	  2.03117e-06	  24	  5.1617e-07
271	  0.987924	  0.423999	  5.2307e-05	  1.89497e-06	  24	  4.81558e-07
272	  0.900833	  0	  6.45884e-05	  2.27853e-06	  12	  7.71683e-07
273	  0.9069	  0.11547	  6.35745e-05	  1.78594e-06	  24	  4.53851e-07
274	  0.92486	  0.226455	  6.08387e-05	  1.38362e-06	  24	  3.51611e-07
275	  0.954042	  0.329293	  5.66677e-05	  2.0553e-06	  24	  5.22301e-07
276	  0.993459	  0.421637	  5.16337e-05	  1.73712e-06	  24	  4.41444e-07
277	  0.936642	  0	  5.90687e-05	  1.39595e-06	  12	  4.72774e-07
278	  0.942478	  0.111111	  5.82302e-05	  1.72794e-06	  24	  4.39111e-07
279	  0.959772	  0.218218	  5.58936e-05	  1.61255e-06	  24	  4.09788e-07
280	  0.987924	  0.317999	  5.2307e-05	  1.56321e-06	  24	  3.97251e-07
281	  0.942478	  0	  5.82302e-05	  2.78626e-06	  6	  1.2768e-06
282	  0.948278	  0.110432	  5.74466e-05	  2.17066e-06	  12	  7.35148e-07
283	  0.965468	  0.21693	  5.5124e-05	  1.74893e-06	  12	  5.9232e-07
284	  0.993459	  0.316228	  5.16337e-05	  2.10749e-06	  12	  7.13755e-07
285	  0.948278	  0	  5.74466e-05	  1.91039e-06	  12	  6.47e-07
286	  0.954042	  0.109764	  5.66677e-05	  1.67147e-06	  24	  4.24761e-07
287	  0.971131	  0.215666	  5.43589e-05	  1.34334e-06	  24	  3.41375e-07
288	  0.998963	  0.314485	  5.09642e-05	  1.45562e-06	  24	  3.69909e-07
289	  0.965468	  0	  5.5124e-05	  1.43558e-06	  24	  3.64816e-07
290	  0.971131	  0.107833	  5.43589e-05	  1.63233e-06	  48	  3.17224e-07
291	  0.987924	  0.212	  5.2307e-05	  1.76623e-06	  48	  3.43246e-07
292	  0.987924	  0	  5.2307e-05	  1.61334e-06	  12	  5.46399e-07
293	  0.993459	  0.105409	  5.16337e-05	  1.61245e-06	  24	  4.09762e-07
294	  0.993459	  0	  5.16337e-05	  1.44283e-06	  12	  4.8865e-07
295	  0.998963	  0.104828	  5.09642e-05	  1.34266e-06	  24	  3.41202e-07
296	  1.08818	  0.030936	  4.18473e-05	  1.26696e-06	  138	  1.71199e-07
297	  1.08818	  0.0938307	  4.18473e-05	  1.17048e-06	  252	  1.32257e-07
298	  1.08818	  0.156319	  4.18473e-05	  1.05118e-06	  72	  1.76441e-07
299	  1.08818	  0.218712	  4.18473e-05	  1.20539e-06	  216	  1.42285e-07
300	  1.08818	  0.281224	  4.18473e-05	  1.38034e-06	  288	  1.50355e-07
301	  1.08818	  0.343807	  4.18473e-05	  1.35967e-06	  120	  1.92103e-07
302	  1.08818	  0.406302	  4.18473e-05	  1.84471e-06	  180	  2.29732e-07
303	  1.08818	  0.468745	  4.18473e-05	  1.69496e-06	  180	  2.11083e-07
304	  1.08818	  0.531226	  4.18473e-05	  1.9782e-06	  192	  2.41674e-07
305	  1.08818	  0.593785	  4.18473e-05	  2.49426e-06	  192	  3.04721e-07
306	  1.08818	  0.656281	  4.18473e-05	  1.9713e-06	  168	  2.50654e-07
307	  1.08818	  0.718743	  4.18473e-05	  2.61473e-06	  228	  3.03901e-07
308	  1.08818	  0.781255	  4.18473e-05	  3.62146e-06	  144	  4.82861e-07
309	  1.08818	  0.843774	  4.18473e-05	  3.1774e-06	  240	  3.6397e-07
310	  1.08818	  0.90628	  4.18473e-05	  3.948e-06	  168	  5.01995e-07
311	  1.08818	  0.968758	  4.18473e-05	  4.12133e-06	  150	  5.42572e-07
312	  1.25577	  0.030936	  2.99574e-05	  9.7688e-07	  198	  1.18268e-07
313	  1.25577	  0.0938307	  2.99574e-05	  1.02025e-06	  396	  1.02282e-07
314	  1.25577	  0.156319	  2.99574e-05	  9.63108e-07	  396	  9.65534e-08
315	  1.25577	  0.218712	  2.99574e-05	  8.90528e-07	  204	  1.06876e-07
316	  1.25577	  0.281224	  2.99574e-05	  1.08675e-06	  216	  1.28282e-07
317	  1.25577	  0.343807	  2.99574e-05	  1.0595e-06	  372	  1.07908e-07
318	  1.25577	  0.406302	  2.99574e-05	  1.21033e-06	  312	  1.29038e-07
319	  1.25577	  0.468745	  2.99574e-05	  1.18438e-06	  288	  1.29009e-07
320	  1.25577	  0.531226	  2.99574e-05	  1.54349e-06	  264	  1.7217e-07
321	  1.25577	  0.593785	  2.99574e-05	  1.50382e-06	  312	  1.60328e-07
322	  1.25577	  0.656281	  2.99574e-05	  1.54891e-06	  276	  1.70679e-07
323	  1.25577	  0.718743	  2.99574e-05	  1.80567e-06	  312	  1.92509e-07
324	  1.25577	  0.781255	  2.99574e-05	  2.14834e-06	  276	  2.36732e-07
325	  1.25577	  0.843774	  2.99574e-05	  2.10931e-06	  240	  2.41621e-07
326	  1.25577	  0.90628	  2.99574e-05	  2.39208e-06	  324	  2.52497e-07
327	  1.25577	  0.968758	  2.99574e-05	  2.7531e-06	  315	  2.92774e-07
328	  1.45182	  0.030936	  2.12529e-05	  6.79897e-07	  246	  7.73435e-08
329	  1.45182	  0.0938307	  2.12529e-05	  6.31644e-07	  516	  5.93888e-08
330	  1.45182	  0.156319	  2.12529e-05	  6.86553e-07	  504	  6.49092e-08
331	  1.45182	  0.218712	  2.12529e-05	  6.40213e-07	  528	  5.98723e-08
332	  1.45182	  0.281224	  2.12529e-05	  6.94892e-07	  504	  6.56976e-08
333	  1.45182	  0.343807	  2.12529e-05	  7.8797e-07	  384	  7.96094e-08
334	  1.45182	  0.406302	  2.12529e-05	  9.44414e-07	  420	  9.33034e-08
335	  1.45182	  0.468745	  2.12529e-05	  8.3652e-07	  468	  8.04941e-08
336	  1.45182	  0.531226	  2.12529e-05	  9.59159e-07	  480	  9.17374e-08
337	  1.45182	  0.593785	  2.12529e-05	  9.56201e-07	  468	  9.20104e-08
338	  1.45182	  0.656281	  2.12529e-05	  1.02877e-06	  396	  1.03137e-07
339	  1.45182	  0.718743	  2.12529e-05	  1.18253e-06	  456	  1.14504e-07
340	  1.45182	  0.781255	  2.12529e-05	  1.39286e-06	  432	  1.36657e-07
341	  1.45182	  0.843774	  2.12529e-05	  1.44425e-06	  480	  1.38133e-07
342	  1.45182	  0.90628	  2.12529e-05	  1.64374e-06	  480	  1.57213e-07
343	  1.45182	  0.968758	  2.12529e-05	  1.93913e-06	  414	  1.9226e-07
344	  1.68148	  0.030936	  1.49789e-05	  4.73271e-07	  798	  4.04172e-08
345	  1.68148	  0.0938307	  1.49789e-05	  5.24022e-07	  708	  4.58951e-08
346	  1.68148	  0.156319	  1.49789e-05	  4.88731e-07	  684	  4.31236e-08
347	  1.68148	  0.218712	  1.49789e-05	  5.23079e-07	  720	  4.5648e-08
348	  1.68148	  0.281224	  1.49789e-05	  5.32297e-07	  708	  4.66198e-08
349	  1.68148	  0.343807	  1.49789e-05	  5.70287e-07	  720	  4.97677e-08
350	  1.68148	  0.406302	  1.49789e-05	  6.03575e-07	  672	  5.34622e-08
351	  1.68148	  0.468745	  1.49789e-05	  6.87101e-07	  732	  5.9751e-08
352	  1.68148	  0.531226	  1.49789e-05	  6.90387e-07	  672	  6.11516e-08
353	  1.68148	  0.593785	  1.49789e-05	  7.27799e-07	  708	  6.37423e-08
354	  1.68148	  0.656281	  1.49789e-05	  7.42371e-07	  744	  6.43352e-08
355	  1.68148	  0.718743	  1.49789e-05	  9.16478e-07	  744	  7.94236e-08
356	  1.68148	  0.781255	  1.49789e-05	  1.00499e-06	  696	  8.83439e-08
357	  1.68148	  0.843774	  1.49789e-05	  1.00655e-06	  708	  8.81556e-08
358	  1.68148	  0.90628	  1.49789e-05	  1.08011e-06	  696	  9.49473e-08
359	  1.68148	  0.968758	  1.49789e-05	  1.28608e-06	  741	  1.11549e-07
360	  1.94819	  0.030936	  1.04928e-05	  3.43014e-07	  1368	  2.64247e-08
361	  1.94819	  0.0938307	  1.04928e-05	  3.41156e-07	  924	  2.8281e-08
362	  1.94819	  0.156319	  1.04928e-05	  3.58007e-07	  972	  2.93834e-08
363	  1.94819	  0.218712	  1.04928e-05	  3.92807e-07	  972	  3.22396e-08
364	  1.94819	  0.281224	  1.04928e-05	  3.54682e-07	  1200	  2.79729e-08
365	  1.94819	  0.343807	  1.04928e-05	  3.89765e-07	  1140	  3.10321e-08
366	  1.94819	  0.406302	  1.04928e-05	  4.13889e-07	  1080	  3.32887e-08
367	  1.94819	  0.468745	  1.04928e-05	  4.58296e-07	  1068	  3.69384e-08
368	  1.94819	  0.531226	  1.04928e-05	  4.30202e-07	  1164	  3.41195e-08
369	  1.94819	  0.593785	  1.04928e-05	  5.17577e-07	  1188	  4.08953e-08
370	  1.94819	  0.656281	  1.04928e-05	  5.27583e-07	  1068	  4.2523e-08
371	  1.94819	  0.718743	  1.04928e-05	  5.75616e-07	  1008	  4.6911e-08
372	  1.94819	  0.781255	  1.04928e-05	  6.32817e-07	  1164	  5.0189e-08
373	  1.94819	  0.843774	  1.04928e-05	  6.53044e-07	  1176	  5.16953e-08
374	  1.94819	  0.90628	  1.04928e-05	  6.95141e-07	  1080	  5.59095e-08
375	  1.94819	  0.968758	  1.04928e-05	  7.5272e-07	  1038	  6.09993e-08
376	  2.25604	  0.030936	  7.34078e-06	  2.55745e-07	  1896	  1.86606e-08
377	  2.25604	  0.0938307	  7.34078e-06	  2.58579e-07	  1272	  2.01791e-08
378	  2.25604	  0.156319	  7.34078e-06	  2.53051e-07	  2040	  1.82552e-08
379	  2.25604	  0.218712	  7.34078e-06	  2.67823e-07	  1740	  1.98117e-08
380	  2.25604	  0.281224	  7.34078e-06	  2.74607e-07	  1584	  2.06301e-08
381	  2.25604	  0.343807	  7.34078e-06	  2.77483e-07	  1764	  2.04809e-08
382	  2.25604	  0.406302	  7.34078e-06	  2.88512e-07	  1632	  2.15674e-08
383	  2.25604	  0.468745	  7.34078e-06	  3.08925e-07	  1860	  2.26092e-08
384	  2.25604	  0.531226	  7.34078e-06	  3.28339e-07	  1560	  2.473e-08
385	  2.25604	  0.593785	  7.34078e-06	  3.45398e-07	  1692	  2.56668e-08
386	  2.25604	  0.656281	  7.34078e-06	  3.70781e-07	  1704	  2.75213e-08
387	  2.25604	  0.718743	  7.34078e-06	  3.86259e-07	  1824	  2.83571e-08
388	  2.25604	  0.781255	  7.34078e-06	  4.01219e-07	  1668	  2.98848e-08
389	  2.25604	  0.843774	  7.34078e-06	  4.21235e-07	  1680	  3.13388e-08
390	  2.25604	  0.90628	  7.34078e-06	  4.50936e-07	  1776	  3.3247e-08
391	  2.25604	  0.968758	  7.34078e-06	  4.68615e-07	  1656	  3.49464e-08
392	  2.61216	  0.030936	  5.1197e-06	  1.89231e-07	  2586	  1.31827e-08
393	  2.61216	  0.0938307	  5.1197e-06	  1.83153e-07	  3036	  1.24817e-08
394	  2.61216	  0.156319	  5.1197e-06	  1.95659e-07	  2124	  1.40284e-08
395	  2.61216	  0.218712	  5.1197e-06	  1.85876e-07	  2940	  1.27219e-08
396	  2.61216	  0.281224	  5.1197e-06	  1.92554e-07	  2616	  1.33924e-08
397	  2.61216	  0.343807	  5.1197e-06	  2.06677e-07	  2448	  1.45111e-08
398	  2.61216	  0.406302	  5.1197e-06	  2.12074e-07	  2916	  1.4531e-08
399	  2.61216	  0.468745	  5.1197e-06	  2.12678e-07	  2544	  1.48505e-08
400	  2.61216	  0.531226	  5.1197e-06	  2.29403e-07	  2652	  1.59248e-08
401	  2.61216	  0.593785	  5.1197e-06	  2.36622e-07	  2748	  1.63449e-08
402	  2.61216	  0.656281	  5.1197e-06	  2.43959e-07	  2676	  1.69139e-08
403	  2.61216	  0.718743	  5.1197e-06	  2.52348e-07	  2472	  1.76929e-08
404	  2.61216	  0.781255	  5.1197e-06	  2.62203e-07	  2616	  1.82366e-08
405	  2.61216	  0.843774	  5.1197e-06	  2.69283e-07	  2736	  1.86123e-08
406	  2.61216	  0.90628	  5.1197e-06	  2.79002e-07	  2568	  1.94557e-08
407	  2.61216	  0.968758	  5.1197e-06	  2.86394e-07	  2745	  1.9786e-08
408	  3.02645	  0.030936	  3.55078e-06	  1.44485e-07	  3414	  9.69705e-09
409	  3.02645	  0.0938307	  3.55078e-06	  1.37593e-07	  4512	  8.92804e-09
410	  3.02645	  0.156319	  3.55078e-06	  1.38544e-07	  4632	  8.96286e-09
411	  3.02645	  0.218712	  3.55078e-06	  1.30777e-07	  3972	  8.61389e-09
412	  3.02645	  0.281224	  3.55078e-06	  1.37301e-07	  4176	  8.98971e-09
413	  3.02645	  0.343807	  3.55078e-06	  1.47786e-07	  4344	  9.63159e-09
414	  3.02645	  0.406302	  3.55078e-06	  1.49404e-07	  4044	  9.81959e-09
415	  3.02645	  0.468745	  3.55078e-06	  1.50803e-07	  4092	  9.89763e-09
416	  3.02645	  0.531226	  3.55078e-06	  1.59676e-07	  4296	  1.042e-08
417	  3.02645	  0.593785	  3.55078e-06	  1.64211e-07	  3996	  1.08082e-08
418	  3.02645	  0.656281	  3.55078e-06	  1.62178e-07	  4188	  1.0615e-08
419	  3.02645	  0.718743	  3.55078e-06	  1.75313e-07	  4212	  1.14669e-08
420	  3.02645	  0.781255	  3.55078e-06	  1.69718e-07	  4140	  1.11236e-08
421	  3.02645	  0.843774	  3.55078e-06	  1.71474e-07	  4128	  1.12426e-08
422	  3.02645	  0.90628	  3.55078e-06	  1.72988e-07	  4188	  1.13225e-08
423	  3.02645	  0.968758	  3.55078e-06	  1.65485e-07	  4128	  1.08499e-08
424	  3.50419	  0.030936	  2.46365e-06	  9.85887e-08	  7002	  6.10762e-09
425	  3.50419	  0.0938307	  2.46365e-06	  9.96692e-08	  6240	  6.2452e-09
426	  3.50419	  0.156319	  2.46365e-06	  9.64061e-08	  5964	  6.06865e-09
427	  3.50419	  0.218712	  2.46365e-06	  1.0033e-07	  6180	  6.29273e-09
428	  3.50419	  0.281224	  2.46365e-06	  9.8259e-08	  6420	  6.13927e-09
429	  3.50419	  0.343807	  2.46365e-06	  1.0057e-07	  6516	  6.2744e-09
430	  3.50419	  0.406302	  2.46365e-06	  1.05817e-07	  6312	  6.62275e-09
431	  3.50419	  0.468745	  2.46365e-06	  1.0627e-07	  6276	  6.65492e-09
432	  3.50419	  0.531226	  2.46365e-06	  1.07919e-07	  6360	  6.74917e-09
433	  3.50419	  0.593785	  2.46365e-06	  1.09277e-07	  6408	  6.82899e-09
434	  3.50419	  0.656281	  2.46365e-06	  1.12862e-07	  6360	  7.05833e-09
435	  3.50419	  0.718743	  2.46365e-06	  1.08943e-07	  6336	  6.81582e-09
436	  3.50419	  0.781255	  2.46365e-06	  1.05582e-07	  6372	  6.60175e-09
437	  3.50419	  0.843774	  2.46365e-06	  1.08566e-07	  6456	  6.7795e-09
438	  3.50419	  0.90628	  2.46365e-06	  1.03605e-07	  6360	  6.47941e-09
439	  3.50419	  0.968758	  2.46365e-06	  1.01249e-07	  6327	  6.33534e-09
440	  4.05763	  0.030936	  1.70175e-06	  7.24561e-08	  10392	  4.33357e-09
441	  4.05763	  0.0938307	  1.70175e-06	  7.09124e-08	  9420	  4.27625e-09
442	  4.05763	  0.156319	  1.70175e-06	  7.18643e-08	  10176	  4.30562e-09
443	  4.05763	  0.218712	  1.70175e-06	  7.01154e-08	  10260	  4.19798e-09
444	  4.05763	  0.281224	  1.70175e-06	  6.90722e-08	  9528	  4.16123e-09
445	  4.05763	  0.343807	  1.70175e-06	  7.00217e-08	  10140	  4.19645e-09
446	  4.05763	  0.406302	  1.70175e-06	  7.25125e-08	  9960	  4.35221e-09
447	  4.05763	  0.468745	  1.70175e-06	  7.26632e-08	  10068	  4.35734e-09
448	  4.05763	  0.531226	  1.70175e-06	  7.2933e-08	  9996	  4.37613e-09
449	  4.05763	  0.593785	  1.70175e-06	  7.03202e-08	  9828	  4.22534e-09
450	  4.05763	  0.656281	  1.70175e-06	  6.90155e-08	  10032	  4.13983e-09
451	  4.05763	  0.718743	  1.70175e-06	  6.95719e-08	  9924	  4.17697e-09
452	  4.05763	  0.781255	  1.70175e-06	  6.52305e-08	  10116	  3.91008e-09
453	  4.05763	  0.843774	  1.70175e-06	  6.46747e-08	  9888	  3.88414e-09
454	  4.05763	  0.90628	  1.70175e-06	  6.31196e-08	  10008	  3.78692e-09
455	  4.05763	  0.968758	  1.70175e-06	  5.59737e-08	  9978	  3.35904e-09
456	  4.69917	  0.030936	  1.17327e-06	  5.23261e-08	  13626	  3.06457e-09
457	  4.69917	  0.0938307	  1.17327e-06	  5.22226e-08	  16392	  3.01902e-09
458	  4.69917	  0.156319	  1.17327e-06	  5.07778e-08	  15708	  2.94404e-09
459	  4.69917	  0.218712	  1.17327e-06	  4.94657e-08	  15432	  2.87148e-09
460	  4.69917	  0.281224	  1.17327e-06	  4.83358e-08	  15780	  2.80157e-09
461	  4.69917	  0.343807	  1.17327e-06	  4.86177e-08	  15300	  2.82393e-09
462	  4.69917	  0.406302	  1.17327e-06	  4.75754e-08	  15588	  2.75982e-09
463	  4.69917	  0.468745	  1.17327e-06	  4.75282e-08	  15396	  2.75946e-09
464	  4.69917	  0.531226	  1.17327e-06	  4.71038e-08	  15504	  2.73349e-09
465	  4.69917	  0.593785	  1.17327e-06	  4.56006e-08	  15660	  2.64443e-09
466	  4.69917	  0.656281	  1.17327e-06	  4.3757e-08	  15192	  2.54286e-09
467	  4.69917	  0.718743	  1.17327e-06	  4.23221e-08	  15600	  2.45495e-09
468	  4.69917	  0.781255	  1.17327e-06	  4.00372e-08	  15216	  2.32643e-09
469	  4.69917	  0.843774	  1.17327e-06	  3.78911e-08	  15516	  2.19875e-09
470	  4.69917	  0.90628	  1.17327e-06	  3.56394e-08	  15540	  2.06786e-09
471	  4.69917	  0.968758	  1.17327e-06	  3.26457e-08	  15405	  1.89531e-09
472	  5.4432	  0.030936	  8.06344e-07	  3.76636e-08	  26250	  2.11564e-09
473	  5.4432	  0.0938307	  8.06344e-07	  3.70655e-08	  22392	  2.10097e-09
474	  5.4432	  0.156319	  8.06344e-07	  3.54098e-08	  24516	  1.99664e-09
475	  5.4432	  0.218712	  8.06344e-07	  3.46725e-08	  23592	  1.95936e-09
476	  5.4432	  0.281224	  8.06344e-07	  3.34089e-08	  24264	  1.88492e-09
477	  5.4432	  0.343807	  8.06344e-07	  3.29658e-08	  23928	  1.8614e-09
478	  5.4432	  0.406302	  8.06344e-07	  3.21626e-08	  24120	  1.81522e-09
479	  5.4432	  0.468745	  8.06344e-07	  3.05759e-08	  23964	  1.72631e-09
480	  5.4432	  0.531226	  8.06344e-07	  2.97399e-08	  24060	  1.67873e-09
481	  5.4432	  0.593785	  8.06344e-07	  2.85139e-08	  24108	  1.60934e-09
482	  5.4432	  0.656281	  8.06344e-07	  2.71733e-08	  24228	  1.53324e-09
483	  5.4432	  0.718743	  8.06344e-07	  2.50839e-08	  24144	  1.41562e-09
484	  5.4432	  0.781255	  8.06344e-07	  2.33933e-08	  23940	  1.32086e-09
485	  5.4432	  0.843774	  8.06344e-07	  2.13895e-08	  24192	  1.207e-09
486	  5.4432	  0.90628	  8.06344e-07	  1.96466e-08	  23988	  1.10918e-09
487	  5.4432	  0.968758	  8.06344e-07	  1.75434e-08	  24141	  9.90078e-10
488	  6.30378	  0.030936	  5.52764e-07	  2.66793e-08	  35082	  1.4764e-09
489	  6.30378	  0.0938307	  5.52764e-07	  2.57236e-08	  39108	  1.41625e-09
490	  6.30378	  0.156319	  5.52764e-07	  2.49309e-08	  36924	  1.37629e-09
491	  6.30378	  0.218712	  5.52764e-07	  2.40075e-08	  37692	  1.32403e-09
492	  6.30378	  0.281224	  5.52764e-07	  2.26137e-08	  37092	  1.2481e-09
493	  6.30378	  0.343807	  5.52764e-07	  2.20507e-08	  37536	  1.21635e-09
494	  6.30378	  0.406302	  5.52764e-07	  2.06894e-08	  36984	  1.14205e-09
495	  6.30378	  0.468745	  5.52764e-07	  1.96108e-08	  37428	  1.08191e-09
496	  6.30378	  0.531226	  5.52764e-07	  1.82406e-08	  37392	  1.00636e-09
497	  6.30378	  0.593785	  5.52764e-07	  1.69395e-08	  37200	  9.348e-10
498	  6.30378	  0.656281	  5.52764e-07	  1.56725e-08	  36924	  8.65187e-10
499	  6.30378	  0.718743	  5.52764e-07	  1.41414e-08	  37272	  7.80319e-10
500	  6.30378	  0.781255	  5.52764e-07	  1.27588e-08	  37284	  7.04019e-10
501	  6.30378	  0.843774	  5.52764e-07	  1.12598e-08	  37188	  6.21381e-10
502	  6.30378	  0.90628	  5.52764e-07	  1.0195e-08	  37320	  5.62526e-10
503	  6.30378	  0.968758	  5.52764e-07	  8.76238e-09	  37119	  4.83599e-10
504	  7.30029	  0.030936	  3.78715e-07	  1.86037e-08	  60258	  1.00597e-09
505	  7.30029	  0.0938307	  3.78715e-07	  1.76802e-08	  56916	  9.58118e-10
506	  7.30029	  0.156319	  3.78715e-07	  1.67669e-08	  56820	  9.08687e-10
507	  7.30029	  0.218712	  3.78715e-07	  1.59167e-08	  58716	  8.61523e-10
508	  7.30029	  0.281224	  3.78715e-07	  1.48677e-08	  57840	  8.05207e-10
509	  7.30029	  0.343807	  3.78715e-07	  1.39603e-08	  57612	  7.56179e-10
510	  7.30029	  0.406302	  3.78715e-07	  1.29929e-08	  58464	  7.03379e-10
511	  7.30029	  0.468745	  3.78715e-07	  1.18555e-08	  57948	  6.42026e-10
512	  7.30029	  0.531226	  3.78715e-07	  1.08461e-08	  57708	  5.87457e-10
513	  7.30029	  0.593785	  3.78715e-07	  9.6472e-09	  58236	  5.22337e-10
514	  7.30029	  0.656281	  3.78715e-07	  8.6236e-09	  58008	  4.66985e-10
515	  7.30029	  0.718743	  3.78715e-07	  7.55915e-09	  58200	  4.09291e-10
516	  7.30029	  0.781255	  3.78715e-07	  6.49611e-09	  58128	  3.51749e-10
517	  7.30029	  0.843774	  3.78715e-07	  5.68017e-09	  57972	  3.076e-10
518	  7.30029	  0.90628	  3.78715e-07	  4.87204e-09	  57960	  2.63839e-10
519	  7.30029	  0.968758	  3.78715e-07	  4.13043e-09	  58122	  2.23654e-10
520	  8.455	  0.030936	  2.5846e-07	  1.25511e-08	  90198	  6.69345e-10
521	  8.455	  0.0938307	  2.5846e-07	  1.2041e-08	  89292	  6.42343e-10
522	  8.455	  0.156319	  2.5846e-07	  1.12694e-08	  90804	  6.00869e-10
523	  8.455	  0.218712	  2.5846e-07	  1.03217e-08	  89628	  5.5056e-10
524	  8.455	  0.281224	  2.5846e-07	  9.50664e-09	  89844	  5.07048e-10
525	  8.455	  0.343807	  2.5846e-07	  8.58869e-09	  90636	  4.57963e-10
526	  8.455	  0.406302	  2.5846e-07	  7.72656e-09	  89628	  4.12136e-10
527	  8.455	  0.468745	  2.5846e-07	  6.84196e-09	  89772	  3.64934e-10
528	  8.455	  0.531226	  2.5846e-07	  5.94638e-09	  90324	  3.17104e-10
529	  8.455	  0.593785	  2.5846e-07	  5.09676e-09	  89784	  2.71848e-10
530	  8.455	  0.656281	  2.5846e-07	  4.37657e-09	  90216	  2.33399e-10
531	  8.455	  0.718743	  2.5846e-07	  3.72686e-09	  89796	  1.9878e-10
532	  8.455	  0.781255	  2.5846e-07	  3.13658e-09	  90120	  1.67278e-10
533	  8.455	  0.843774	  2.5846e-07	  2.6089e-09	  90132	  1.39135e-10
534	  8.455	  0.90628	  2.5846e-07	  2.1586e-09	  89916	  1.15129e-10
535	  8.455	  0.968758	  2.5846e-07	  1.77215e-09	  89964	  9.45157e-11
536	  9.79129	  0.030936	  1.76351e-07	  8.32414e-09	  139068	  4.38529e-10
537	  9.79129	  0.0938307	  1.76351e-07	  7.82535e-09	  141180	  4.12094e-10
538	  9.79129	  0.156319	  1.76351e-07	  7.26994e-09	  139380	  3.8297e-10
539	  9.79129	  0.218712	  1.76351e-07	  6.54792e-09	  138804	  3.44971e-10
540	  9.79129	  0.281224	  1.76351e-07	  5.75372e-09	  140952	  3.03011e-10
541	  9.79129	  0.343807	  1.76351e-07	  5.04577e-09	  139668	  2.6579e-10
542	  9.79129	  0.406302	  1.76351e-07	  4.3405e-09	  139464	  2.28648e-10
543	  9.79129	  0.468745	  1.76351e-07	  3.67882e-09	  139812	  1.9378e-10
544	  9.79129	  0.531226	  1.76351e-07	  3.06652e-09	  139884	  1.61525e-10
545	  9.79129	  0.593785	  1.76351e-07	  2.53821e-09	  140184	  1.3369e-10
546	  9.79129	  0.656281	  1.76351e-07	  2.08103e-09	  139404	  1.09625e-10
547	  9.79129	  0.718743	  1.76351e-07	  1.71161e-09	  139932	  9.01561e-11
548	  9.79129	  0.781255	  1.76351e-07	  1.38311e-09	  139980	  7.28523e-11
549	  9.79129	  0.843774	  1.76351e-07	  1.1098e-09	  139632	  5.84601e-11
550	  9.79129	  0.90628	  1.76351e-07	  8.98793e-10	  140088	  4.7341e-11
551	  9.79129	  0.968758	  1.76351e-07	  7.0639e-10	  139623	  3.72099e-11
