#n	   k	      mu	    PL	    Pf	     w	     err  
0	  0.10472	  1	  0.00206411	  0.000574457	  3	  0.000360386
1	  0.20944	  1	  0.000733195	  0.000174382	  3	  0.000109399
2	  0.314159	  1	  0.000343428	  0.000145613	  3	  9.13506e-05
3	  0.418879	  1	  0.000192476	  2.46721e-05	  3	  1.5478e-05
4	  0.523599	  1	  0.000121683	  1.22891e-05	  3	  7.70959e-06
5	  0.628319	  1	  8.245e-05	  6.19596e-05	  3	  3.88704e-05
6	  0.733038	  1	  5.89461e-05	  1.84977e-05	  3	  1.16045e-05
7	  0.837758	  1	  4.38771e-05	  1.30644e-05	  3	  8.19592e-06
8	  0.942478	  1	  3.36936e-05	  4.98116e-06	  3	  3.12493e-06
9	  0.10472	  0	  0.00206411	  0.000115357	  6	  5.2862e-05
10	  0.148096	  0.707107	  0.00131262	  0.00015393	  12	  5.21321e-05
11	  0.23416	  0.894427	  0.00058079	  0.000165758	  12	  5.61381e-05
12	  0.331153	  0.948683	  0.000311004	  7.46519e-05	  12	  2.52827e-05
13	  0.431771	  0.970143	  0.000181136	  3.57977e-05	  12	  1.21238e-05
14	  0.533968	  0.980581	  0.000116712	  2.31998e-05	  12	  7.85718e-06
15	  0.636985	  0.986394	  8.00325e-05	  1.99376e-05	  12	  6.75239e-06
16	  0.74048	  0.989949	  5.76708e-05	  1.7531e-05	  12	  5.9373e-06
17	  0.844278	  0.992278	  4.31139e-05	  1.23258e-05	  12	  4.17444e-06
18	  0.948278	  0.993884	  3.32245e-05	  1.08875e-05	  12	  3.68733e-06
19	  0.148096	  0	  0.00131262	  6.71109e-05	  6	  3.07534e-05
20	  0.18138	  0.57735	  0.000931218	  8.61259e-05	  12	  2.91687e-05
21	  0.25651	  0.816497	  0.000511156	  9.05763e-05	  12	  3.06759e-05
22	  0.347316	  0.904534	  0.00028013	  4.96475e-05	  12	  1.68144e-05
23	  0.444288	  0.942809	  0.000171235	  2.49278e-05	  12	  8.44243e-06
24	  0.54414	  0.96225	  0.000112078	  3.43042e-05	  12	  1.1618e-05
25	  0.645536	  0.973329	  7.77813e-05	  1.54694e-05	  12	  5.23909e-06
26	  0.747849	  0.980196	  5.64099e-05	  1.63194e-05	  12	  5.52697e-06
27	  0.850747	  0.984732	  4.23973e-05	  1.37833e-05	  12	  4.66805e-06
28	  0.954042	  0.987878	  3.27736e-05	  7.47416e-06	  12	  2.53131e-06
29	  0.20944	  0	  0.000733195	  4.17986e-05	  6	  1.91541e-05
30	  0.23416	  0.447214	  0.00058079	  5.80648e-05	  12	  1.96651e-05
31	  0.296192	  0.707107	  0.000378197	  6.47468e-05	  12	  2.19281e-05
32	  0.377572	  0.83205	  0.000238358	  4.69608e-05	  12	  1.59044e-05
33	  0.468321	  0.894427	  0.000153635	  3.54148e-05	  12	  1.19941e-05
34	  0.563933	  0.928477	  0.000103887	  1.2416e-05	  12	  4.20499e-06
35	  0.662306	  0.948683	  7.35641e-05	  1.59528e-05	  12	  5.40283e-06
36	  0.762371	  0.961524	  5.4073e-05	  1.00319e-05	  12	  3.39755e-06
37	  0.863541	  0.970143	  4.10014e-05	  6.01319e-06	  12	  2.03652e-06
38	  0.965468	  0.976187	  3.19053e-05	  7.00191e-06	  12	  2.37137e-06
39	  0.23416	  0	  0.00058079	  4.10795e-05	  12	  1.39126e-05
40	  0.25651	  0.408248	  0.000511156	  3.98571e-05	  24	  1.01287e-05
41	  0.314159	  0.666667	  0.000343428	  4.90121e-05	  24	  1.24552e-05
42	  0.391825	  0.801784	  0.000221921	  3.42163e-05	  24	  8.6952e-06
43	  0.479886	  0.872872	  0.000145817	  4.30133e-05	  24	  1.09307e-05
44	  0.573574	  0.912871	  0.000100267	  1.84098e-05	  24	  4.67839e-06
45	  0.670534	  0.937043	  7.16376e-05	  1.35581e-05	  24	  3.44544e-06
46	  0.76953	  0.952579	  5.2983e-05	  1.33107e-05	  24	  3.38258e-06
47	  0.869868	  0.963087	  4.03434e-05	  1.10041e-05	  24	  2.7964e-06
48	  0.971131	  0.970495	  3.14799e-05	  7.06343e-06	  24	  1.79499e-06
49	  0.296192	  0	  0.000378197	  2.23682e-05	  6	  1.02502e-05
50	  0.314159	  0.333333	  0.000343428	  2.89522e-05	  12	  9.80538e-06
51	  0.36276	  0.57735	  0.000256404	  2.52852e-05	  12	  8.56346e-06
52	  0.431771	  0.727607	  0.000181136	  2.81526e-05	  12	  9.53459e-06
53	  0.51302	  0.816497	  0.000126979	  2.91385e-05	  12	  9.86848e-06
54	  0.601569	  0.870388	  9.05362e-05	  1.78565e-05	  12	  6.04754e-06
55	  0.694632	  0.904534	  6.63341e-05	  1.54221e-05	  12	  5.2231e-06
56	  0.790617	  0.927173	  4.99026e-05	  8.73172e-06	  12	  2.95722e-06
57	  0.888577	  0.942809	  3.84649e-05	  9.10812e-06	  12	  3.08469e-06
58	  0.987924	  0.953998	  3.02834e-05	  6.09777e-06	  12	  2.06516e-06
59	  0.314159	  0	  0.000343428	  2.6679e-05	  6	  1.22256e-05
60	  0.331153	  0.316228	  0.000311004	  2.50265e-05	  12	  8.47587e-06
61	  0.377572	  0.5547	  0.000238358	  3.0791e-05	  12	  1.04282e-05
62	  0.444288	  0.707107	  0.000171235	  1.80079e-05	  12	  6.09884e-06
63	  0.523599	  0.8	  0.000121683	  2.49883e-05	  12	  8.46291e-06
64	  0.610616	  0.857493	  8.76763e-05	  8.78627e-06	  12	  2.97569e-06
65	  0.702481	  0.894427	  6.47202e-05	  1.02067e-05	  12	  3.45676e-06
66	  0.797522	  0.919145	  4.89483e-05	  1.12827e-05	  12	  3.82118e-06
67	  0.894726	  0.936329	  3.78637e-05	  5.55411e-06	  12	  1.88104e-06
68	  0.993459	  0.948683	  2.99054e-05	  6.1779e-06	  12	  2.0923e-06
69	  0.331153	  0	  0.000311004	  1.846e-05	  12	  6.25194e-06
70	  0.347316	  0.301511	  0.00028013	  1.77612e-05	  24	  4.51355e-06
71	  0.391825	  0.534522	  0.000221921	  1.7814e-05	  24	  4.52697e-06
72	  0.456463	  0.688247	  0.000162157	  2.80104e-05	  24	  7.11812e-06
73	  0.533968	  0.784465	  0.000116712	  1.42822e-05	  24	  3.62944e-06
74	  0.61953	  0.845154	  8.49954e-05	  1.30159e-05	  24	  3.30765e-06
75	  0.710244	  0.884652	  6.31935e-05	  1.43242e-05	  24	  3.64011e-06
76	  0.804368	  0.911322	  4.80328e-05	  1.2446e-05	  24	  3.16283e-06
77	  0.900833	  0.929981	  3.72983e-05	  7.66823e-06	  24	  1.94868e-06
78	  0.998963	  0.943456	  2.95371e-05	  6.31318e-06	  24	  1.60433e-06
79	  0.377572	  0	  0.000238358	  1.60467e-05	  12	  5.43462e-06
80	  0.391825	  0.267261	  0.000221921	  1.15205e-05	  24	  2.92764e-06
81	  0.431771	  0.485071	  0.000181136	  2.02412e-05	  24	  5.14377e-06
82	  0.491179	  0.639602	  0.000138839	  1.34408e-05	  24	  3.41563e-06
83	  0.563933	  0.742781	  0.000103887	  1.72738e-05	  24	  4.38969e-06
84	  0.645536	  0.811107	  7.77813e-05	  1.37378e-05	  24	  3.4911e-06
85	  0.733038	  0.857143	  5.89461e-05	  1.25397e-05	  24	  3.18663e-06
86	  0.824564	  0.889001	  4.54504e-05	  5.69192e-06	  24	  1.44645e-06
87	  0.918912	  0.911685	  3.56689e-05	  7.47598e-06	  24	  1.89983e-06
88	  0.418879	  0	  0.000192476	  4.30902e-06	  6	  1.9746e-06
89	  0.431771	  0.242536	  0.000181136	  8.9462e-06	  12	  3.02985e-06
90	  0.468321	  0.447214	  0.000153635	  1.44325e-05	  12	  4.88793e-06
91	  0.523599	  0.6	  0.000121683	  1.48553e-05	  12	  5.03113e-06
92	  0.592384	  0.707107	  9.36011e-05	  6.00351e-06	  12	  2.03324e-06
93	  0.670534	  0.780869	  7.16376e-05	  1.37016e-05	  12	  4.64038e-06
94	  0.755145	  0.83205	  5.5235e-05	  8.11616e-06	  12	  2.74874e-06
95	  0.844278	  0.868243	  4.31139e-05	  7.9899e-06	  12	  2.70598e-06
96	  0.936642	  0.894427	  3.41656e-05	  5.72e-06	  12	  1.93722e-06
97	  0.431771	  0	  0.000181136	  9.19292e-06	  12	  3.11341e-06
98	  0.444288	  0.235702	  0.000171235	  5.03024e-06	  24	  1.2783e-06
99	  0.479886	  0.436436	  0.000145817	  1.78909e-05	  24	  4.54652e-06
100	  0.533968	  0.588348	  0.000116712	  1.01797e-05	  24	  2.5869e-06
101	  0.601569	  0.696311	  9.05362e-05	  7.62658e-06	  24	  1.9381e-06
102	  0.678662	  0.771517	  6.97751e-05	  8.62108e-06	  24	  2.19083e-06
103	  0.762371	  0.824163	  5.4073e-05	  1.25755e-05	  24	  3.19573e-06
104	  0.850747	  0.86164	  4.23973e-05	  9.40661e-06	  24	  2.39045e-06
105	  0.942478	  0.888889	  3.36936e-05	  8.35544e-06	  24	  2.12332e-06
106	  0.444288	  0	  0.000171235	  8.45435e-06	  6	  3.87419e-06
107	  0.456463	  0.229416	  0.000162157	  1.29361e-05	  12	  4.38114e-06
108	  0.491179	  0.426401	  0.000138839	  1.15839e-05	  12	  3.92317e-06
109	  0.54414	  0.57735	  0.000112078	  5.24967e-06	  12	  1.77793e-06
110	  0.610616	  0.685994	  8.76763e-05	  1.56234e-05	  12	  5.29126e-06
111	  0.686693	  0.762493	  6.8017e-05	  9.24826e-06	  12	  3.13216e-06
112	  0.76953	  0.816497	  5.2983e-05	  7.67922e-06	  12	  2.60076e-06
113	  0.857168	  0.855186	  4.16862e-05	  5.34096e-06	  12	  1.80885e-06
114	  0.948278	  0.883452	  3.32245e-05	  4.83832e-06	  12	  1.63862e-06
115	  0.468321	  0	  0.000153635	  9.59726e-06	  12	  3.25035e-06
116	  0.479886	  0.218218	  0.000145817	  1.36357e-05	  24	  3.46515e-06
117	  0.51302	  0.408248	  0.000126979	  1.4208e-05	  24	  3.61059e-06
118	  0.563933	  0.557086	  0.000103887	  1.20821e-05	  24	  3.07034e-06
119	  0.628319	  0.666667	  8.245e-05	  8.74102e-06	  24	  2.22131e-06
120	  0.702481	  0.745356	  6.47202e-05	  1.09717e-05	  24	  2.78818e-06
121	  0.783651	  0.801784	  5.08932e-05	  7.73144e-06	  24	  1.96475e-06
122	  0.869868	  0.842701	  4.03434e-05	  5.38943e-06	  24	  1.36958e-06
123	  0.959772	  0.872872	  3.23382e-05	  5.54303e-06	  24	  1.40862e-06
124	  0.523599	  0	  0.000121683	  7.39525e-06	  18	  2.11284e-06
125	  0.533968	  0.196116	  0.000116712	  7.56023e-06	  36	  1.63805e-06
126	  0.563933	  0.371391	  0.000103887	  6.59012e-06	  36	  1.42786e-06
127	  0.610616	  0.514496	  8.76763e-05	  7.68046e-06	  36	  1.6641e-06
128	  0.670534	  0.624695	  7.16376e-05	  8.26677e-06	  36	  1.79113e-06
129	  0.74048	  0.707107	  5.76708e-05	  7.63848e-06	  36	  1.655e-06
130	  0.817887	  0.768221	  4.62878e-05	  7.09028e-06	  36	  1.53623e-06
131	  0.900833	  0.813733	  3.72983e-05	  7.55034e-06	  36	  1.63591e-06
132	  0.987924	  0.847998	  3.02834e-05	  5.45294e-06	  36	  1.18147e-06
133	  0.533968	  0	  0.000116712	  7.03219e-06	  12	  2.38163e-06
134	  0.54414	  0.19245	  0.000112078	  9.57842e-06	  24	  2.43411e-06
135	  0.573574	  0.365148	  0.000100267	  7.67427e-06	  24	  1.95022e-06
136	  0.61953	  0.507093	  8.49954e-05	  8.39338e-06	  24	  2.13296e-06
137	  0.678662	  0.617213	  6.97751e-05	  6.89913e-06	  24	  1.75324e-06
138	  0.747849	  0.70014	  5.64099e-05	  7.40995e-06	  24	  1.88305e-06
139	  0.824564	  0.762001	  4.54504e-05	  4.00104e-06	  24	  1.01676e-06
140	  0.9069	  0.80829	  3.67415e-05	  5.83825e-06	  24	  1.48364e-06
141	  0.993459	  0.843274	  2.99054e-05	  4.52472e-06	  24	  1.14984e-06
142	  0.563933	  0	  0.000103887	  3.32935e-06	  12	  1.12757e-06
143	  0.573574	  0.182574	  0.000100267	  6.18676e-06	  24	  1.5722e-06
144	  0.601569	  0.348155	  9.05362e-05	  6.28744e-06	  24	  1.59779e-06
145	  0.645536	  0.486664	  7.77813e-05	  7.6303e-06	  24	  1.93904e-06
146	  0.702481	  0.596285	  6.47202e-05	  7.29456e-06	  24	  1.85372e-06
147	  0.76953	  0.680414	  5.2983e-05	  4.67041e-06	  24	  1.18686e-06
148	  0.844278	  0.744208	  4.31139e-05	  6.75517e-06	  24	  1.71665e-06
149	  0.92486	  0.792594	  3.51565e-05	  5.15601e-06	  24	  1.31027e-06
150	  0.592384	  0	  9.36011e-05	  2.37808e-06	  6	  1.08975e-06
151	  0.601569	  0.174078	  9.05362e-05	  4.28546e-06	  12	  1.45138e-06
152	  0.628319	  0.333333	  8.245e-05	  5.34478e-06	  12	  1.81014e-06
153	  0.670534	  0.468521	  7.16376e-05	  5.21693e-06	  12	  1.76684e-06
154	  0.72552	  0.57735	  6.03148e-05	  7.70415e-06	  12	  2.6092e-06
155	  0.790617	  0.662266	  4.99026e-05	  6.328e-06	  12	  2.14314e-06
156	  0.863541	  0.727607	  4.10014e-05	  4.71642e-06	  12	  1.59733e-06
157	  0.942478	  0.777778	  3.36936e-05	  4.87168e-06	  12	  1.64992e-06
158	  0.610616	  0	  8.76763e-05	  5.0889e-06	  12	  1.72348e-06
159	  0.61953	  0.169031	  8.49954e-05	  5.09684e-06	  24	  1.29523e-06
160	  0.645536	  0.324443	  7.77813e-05	  6.38652e-06	  24	  1.62297e-06
161	  0.686693	  0.457496	  6.8017e-05	  6.04607e-06	  24	  1.53645e-06
162	  0.74048	  0.565685	  5.76708e-05	  5.76365e-06	  24	  1.46468e-06
163	  0.804368	  0.650945	  4.80328e-05	  7.55336e-06	  24	  1.91949e-06
164	  0.876148	  0.717137	  3.96902e-05	  6.91007e-06	  24	  1.75602e-06
165	  0.954042	  0.76835	  3.27736e-05	  5.4209e-06	  24	  1.37758e-06
166	  0.628319	  0	  8.245e-05	  1.19213e-05	  6	  5.4629e-06
167	  0.636985	  0.164399	  8.00325e-05	  6.97845e-06	  12	  2.36343e-06
168	  0.662306	  0.316228	  7.35641e-05	  4.9443e-06	  12	  1.67451e-06
169	  0.702481	  0.447214	  6.47202e-05	  3.10803e-06	  12	  1.05261e-06
170	  0.755145	  0.5547	  5.5235e-05	  3.93993e-06	  12	  1.33436e-06
171	  0.817887	  0.640184	  4.62878e-05	  5.04652e-06	  12	  1.70913e-06
172	  0.888577	  0.707107	  3.84649e-05	  4.18618e-06	  12	  1.41776e-06
173	  0.965468	  0.759257	  3.19053e-05	  5.37225e-06	  12	  1.81945e-06
174	  0.636985	  0	  8.00325e-05	  7.24143e-06	  12	  2.45249e-06
175	  0.645536	  0.162221	  7.77813e-05	  4.04529e-06	  24	  1.02801e-06
176	  0.670534	  0.312348	  7.16376e-05	  4.19057e-06	  24	  1.06492e-06
177	  0.710244	  0.442326	  6.31935e-05	  5.66688e-06	  24	  1.44009e-06
178	  0.762371	  0.549442	  5.4073e-05	  7.09671e-06	  24	  1.80344e-06
179	  0.824564	  0.635001	  4.54504e-05	  3.88327e-06	  24	  9.86833e-07
180	  0.894726	  0.702247	  3.78637e-05	  4.00036e-06	  24	  1.01659e-06
181	  0.971131	  0.754829	  3.14799e-05	  5.35978e-06	  24	  1.36205e-06
182	  0.662306	  0	  7.35641e-05	  4.14532e-06	  12	  1.40392e-06
183	  0.670534	  0.156174	  7.16376e-05	  4.095e-06	  24	  1.04064e-06
184	  0.694632	  0.301511	  6.63341e-05	  3.51506e-06	  24	  8.93262e-07
185	  0.733038	  0.428571	  5.89461e-05	  6.41769e-06	  24	  1.63089e-06
186	  0.783651	  0.534522	  5.08932e-05	  4.25624e-06	  24	  1.08161e-06
187	  0.844278	  0.620174	  4.31139e-05	  4.23012e-06	  24	  1.07498e-06
188	  0.912926	  0.688247	  3.61884e-05	  3.94918e-06	  24	  1.00358e-06
189	  0.987924	  0.741999	  3.02834e-05	  4.15462e-06	  24	  1.05579e-06
190	  0.670534	  0	  7.16376e-05	  4.49145e-06	  12	  1.52114e-06
191	  0.678662	  0.154303	  6.97751e-05	  3.47514e-06	  24	  8.83117e-07
192	  0.702481	  0.298142	  6.47202e-05	  4.87577e-06	  24	  1.23905e-06
193	  0.74048	  0.424264	  5.76708e-05	  4.54075e-06	  24	  1.15391e-06
194	  0.790617	  0.529813	  4.99026e-05	  4.17541e-06	  24	  1.06107e-06
195	  0.850747	  0.615457	  4.23973e-05	  3.63643e-06	  24	  9.24104e-07
196	  0.918912	  0.683763	  3.56689e-05	  4.81879e-06	  24	  1.22457e-06
197	  0.993459	  0.737865	  2.99054e-05	  4.36191e-06	  24	  1.10847e-06
198	  0.702481	  0	  6.47202e-05	  2.53363e-06	  12	  8.58079e-07
199	  0.710244	  0.147442	  6.31935e-05	  4.1951e-06	  24	  1.06607e-06
200	  0.733038	  0.285714	  5.89461e-05	  5.47943e-06	  24	  1.39246e-06
201	  0.76953	  0.408248	  5.2983e-05	  4.47535e-06	  24	  1.1373e-06
202	  0.817887	  0.512148	  4.62878e-05	  5.9967e-06	  24	  1.52391e-06
203	  0.876148	  0.597614	  3.96902e-05	  4.60374e-06	  24	  1.16992e-06
204	  0.942478	  0.666667	  3.36936e-05	  4.57632e-06	  24	  1.16295e-06
205	  0.733038	  0	  5.89461e-05	  2.86043e-06	  6	  1.31079e-06
206	  0.74048	  0.141421	  5.76708e-05	  3.3295e-06	  12	  1.12762e-06
207	  0.762371	  0.274721	  5.4073e-05	  2.89995e-06	  12	  9.82141e-07
208	  0.797522	  0.393919	  4.89483e-05	  4.52794e-06	  12	  1.5335e-06
209	  0.844278	  0.496139	  4.31139e-05	  5.10088e-06	  12	  1.72754e-06
210	  0.900833	  0.581238	  3.72983e-05	  4.92578e-06	  12	  1.66824e-06
211	  0.965468	  0.650791	  3.19053e-05	  3.87878e-06	  12	  1.31365e-06
212	  0.74048	  0	  5.76708e-05	  3.54581e-06	  18	  1.01305e-06
213	  0.747849	  0.140028	  5.64099e-05	  4.80808e-06	  36	  1.04175e-06
214	  0.76953	  0.272166	  5.2983e-05	  3.96349e-06	  36	  8.58757e-07
215	  0.804368	  0.390567	  4.80328e-05	  5.3628e-06	  36	  1.16194e-06
216	  0.850747	  0.492366	  4.23973e-05	  3.28463e-06	  36	  7.11669e-07
217	  0.9069	  0.57735	  3.67415e-05	  3.1352e-06	  36	  6.79293e-07
218	  0.971131	  0.646997	  3.14799e-05	  5.23397e-06	  36	  1.13403e-06
219	  0.755145	  0	  5.5235e-05	  2.51308e-06	  12	  8.51119e-07
220	  0.762371	  0.137361	  5.4073e-05	  4.44974e-06	  24	  1.13079e-06
221	  0.783651	  0.267261	  5.08932e-05	  4.09532e-06	  24	  1.04072e-06
222	  0.817887	  0.384111	  4.62878e-05	  4.23954e-06	  24	  1.07737e-06
223	  0.863541	  0.485071	  4.10014e-05	  2.98074e-06	  24	  7.57478e-07
224	  0.918912	  0.569803	  3.56689e-05	  3.47126e-06	  24	  8.82131e-07
225	  0.982358	  0.639602	  3.068e-05	  2.87336e-06	  24	  7.3019e-07
226	  0.762371	  0	  5.4073e-05	  2.02647e-06	  12	  6.86314e-07
227	  0.76953	  0.136083	  5.2983e-05	  4.7143e-06	  24	  1.19802e-06
228	  0.790617	  0.264906	  4.99026e-05	  3.34166e-06	  24	  8.49196e-07
229	  0.824564	  0.381	  4.54504e-05	  2.71616e-06	  24	  6.90242e-07
230	  0.869868	  0.481543	  4.03434e-05	  2.5428e-06	  24	  6.46186e-07
231	  0.92486	  0.566139	  3.51565e-05	  4.0263e-06	  24	  1.02318e-06
232	  0.987924	  0.635999	  3.02834e-05	  3.42807e-06	  24	  8.71156e-07
233	  0.797522	  0	  4.89483e-05	  4.07865e-06	  12	  1.38134e-06
234	  0.804368	  0.130189	  4.80328e-05	  3.97725e-06	  24	  1.01071e-06
235	  0.824564	  0.254	  4.54504e-05	  2.41221e-06	  24	  6.13e-07
236	  0.857168	  0.366508	  4.16862e-05	  3.61156e-06	  24	  9.17784e-07
237	  0.900833	  0.464991	  3.72983e-05	  3.5153e-06	  24	  8.93323e-07
238	  0.954042	  0.548821	  3.27736e-05	  3.49149e-06	  24	  8.87273e-07
239	  0.817887	  0	  4.62878e-05	  3.1117e-06	  12	  1.05385e-06
240	  0.824564	  0.127	  4.54504e-05	  2.95431e-06	  24	  7.5076e-07
241	  0.844278	  0.248069	  4.31139e-05	  2.70168e-06	  24	  6.86561e-07
242	  0.876148	  0.358569	  3.96902e-05	  3.71219e-06	  24	  9.43356e-07
243	  0.918912	  0.455842	  3.56689e-05	  2.61423e-06	  24	  6.64339e-07
244	  0.971131	  0.539164	  3.14799e-05	  4.19572e-06	  24	  1.06623e-06
245	  0.837758	  0	  4.38771e-05	  3.34441e-06	  6	  1.53257e-06
246	  0.844278	  0.124035	  4.31139e-05	  4.61991e-06	  12	  1.56465e-06
247	  0.863541	  0.242536	  4.10014e-05	  1.71627e-06	  12	  5.81257e-07
248	  0.894726	  0.351123	  3.78637e-05	  2.61937e-06	  12	  8.87114e-07
249	  0.936642	  0.447214	  3.41656e-05	  2.18756e-06	  12	  7.40874e-07
250	  0.987924	  0.529999	  3.02834e-05	  3.94462e-06	  12	  1.33595e-06
251	  0.844278	  0	  4.31139e-05	  3.691e-06	  24	  9.37971e-07
252	  0.850747	  0.123091	  4.23973e-05	  2.83864e-06	  48	  5.51653e-07
253	  0.869868	  0.240772	  4.03434e-05	  2.78461e-06	  48	  5.41155e-07
254	  0.900833	  0.348743	  3.72983e-05	  3.16982e-06	  48	  6.16015e-07
255	  0.942478	  0.444444	  3.36936e-05	  3.17117e-06	  48	  6.16278e-07
256	  0.993459	  0.527046	  2.99054e-05	  3.32099e-06	  48	  6.45393e-07
257	  0.863541	  0	  4.10014e-05	  1.75812e-06	  12	  5.95431e-07
258	  0.869868	  0.120386	  4.03434e-05	  2.30773e-06	  24	  5.86451e-07
259	  0.888577	  0.235702	  3.84649e-05	  2.31983e-06	  24	  5.89525e-07
260	  0.918912	  0.341882	  3.56689e-05	  2.89542e-06	  24	  7.35797e-07
261	  0.959772	  0.436436	  3.23382e-05	  2.675e-06	  24	  6.79781e-07
262	  0.888577	  0	  3.84649e-05	  2.94405e-06	  6	  1.3491e-06
263	  0.894726	  0.117041	  3.78637e-05	  2.27348e-06	  12	  7.6997e-07
264	  0.912926	  0.229416	  3.61884e-05	  2.66986e-06	  12	  9.04214e-07
265	  0.942478	  0.333333	  3.36936e-05	  2.45518e-06	  12	  8.3151e-07
266	  0.982358	  0.426401	  3.068e-05	  2.34282e-06	  12	  7.93455e-07
267	  0.894726	  0	  3.78637e-05	  2.25139e-06	  12	  7.62488e-07
268	  0.900833	  0.116248	  3.72983e-05	  2.71635e-06	  24	  6.90291e-07
269	  0.918912	  0.227921	  3.56689e-05	  2.62877e-06	  24	  6.68033e-07
270	  0.948278	  0.331295	  3.32245e-05	  2.95893e-06	  24	  7.51936e-07
271	  0.987924	  0.423999	  3.02834e-05	  2.21055e-06	  24	  5.61754e-07
272	  0.900833	  0	  3.72983e-05	  2.68992e-06	  12	  9.11008e-07
273	  0.9069	  0.11547	  3.67415e-05	  1.99547e-06	  24	  5.07097e-07
274	  0.92486	  0.226455	  3.51565e-05	  2.03276e-06	  24	  5.16574e-07
275	  0.954042	  0.329293	  3.27736e-05	  2.66317e-06	  24	  6.76775e-07
276	  0.993459	  0.421637	  2.99054e-05	  2.78445e-06	  24	  7.07597e-07
277	  0.936642	  0	  3.41656e-05	  1.68536e-06	  12	  5.7079e-07
278	  0.942478	  0.111111	  3.36936e-05	  2.28233e-06	  24	  5.79995e-07
279	  0.959772	  0.218218	  3.23382e-05	  1.69372e-06	  24	  4.30416e-07
280	  0.987924	  0.317999	  3.02834e-05	  1.84968e-06	  24	  4.70049e-07
281	  0.942478	  0	  3.36936e-05	  5.25639e-06	  6	  2.40873e-06
282	  0.948278	  0.110432	  3.32245e-05	  3.20077e-06	  12	  1.08402e-06
283	  0.965468	  0.21693	  3.19053e-05	  2.39641e-06	  12	  8.11604e-07
284	  0.993459	  0.316228	  2.99054e-05	  2.53699e-06	  12	  8.59214e-07
285	  0.948278	  0	  3.32245e-05	  3.12009e-06	  12	  1.0567e-06
286	  0.954042	  0.109764	  3.27736e-05	  1.90687e-06	  24	  4.84582e-07
287	  0.971131	  0.215666	  3.14799e-05	  1.59484e-06	  24	  4.05288e-07
288	  0.998963	  0.314485	  2.95371e-05	  2.25383e-06	  24	  5.72752e-07
289	  0.965468	  0	  3.19053e-05	  1.72202e-06	  24	  4.37607e-07
290	  0.971131	  0.107833	  3.14799e-05	  2.31669e-06	  48	  4.50219e-07
291	  0.987924	  0.212	  3.02834e-05	  2.2798e-06	  48	  4.43051e-07
292	  0.987924	  0	  3.02834e-05	  2.21064e-06	  12	  7.48687e-07
293	  0.993459	  0.105409	  2.99054e-05	  2.41278e-06	  24	  6.13145e-07
294	  0.993459	  0	  2.99054e-05	  1.73286e-06	  12	  5.86877e-07
295	  0.998963	  0.104828	  2.95371e-05	  1.77757e-06	  24	  4.51724e-07
296	  1.08818	  0.030936	  2.43078e-05	  1.76162e-06	  138	  2.3804e-07
297	  1.08818	  0.0938307	  2.43078e-05	  1.60571e-06	  252	  1.81436e-07
298	  1.08818	  0.156319	  2.43078e-05	  1.50658e-06	  72	  2.52882e-07
299	  1.08818	  0.218712	  2.43078e-05	  1.63163e-06	  216	  1.92599e-07
300	  1.08818	  0.281224	  2.43078e-05	  1.9534e-06	  288	  2.12775e-07
301	  1.08818	  0.343807	  2.43078e-05	  1.67967e-06	  120	  2.37316e-07
302	  1.08818	  0.406302	  2.43078e-05	  2.43139e-06	  180	  3.02794e-07
303	  1.08818	  0.468745	  2.43078e-05	  2.57008e-06	  180	  3.20067e-07
304	  1.08818	  0.531226	  2.43078e-05	  2.64248e-06	  192	  3.22829e-07
305	  1.08818	  0.593785	  2.43078e-05	  3.39395e-06	  192	  4.14635e-07
306	  1.08818	  0.656281	  2.43078e-05	  3.03894e-06	  168	  3.86406e-07
307	  1.08818	  0.718743	  2.43078e-05	  3.55694e-06	  228	  4.13412e-07
308	  1.08818	  0.781255	  2.43078e-05	  4.31158e-06	  144	  5.74877e-07
309	  1.08818	  0.843774	  2.43078e-05	  4.04271e-06	  240	  4.63091e-07
310	  1.08818	  0.90628	  2.43078e-05	  5.83076e-06	  168	  7.41391e-07
311	  1.08818	  0.968758	  2.43078e-05	  5.4481e-06	  150	  7.1724e-07
312	  1.25577	  0.030936	  1.74832e-05	  1.27096e-06	  198	  1.53872e-07
313	  1.25577	  0.0938307	  1.74832e-05	  1.29916e-06	  396	  1.30243e-07
314	  1.25577	  0.156319	  1.74832e-05	  1.30218e-06	  396	  1.30546e-07
315	  1.25577	  0.218712	  1.74832e-05	  1.22514e-06	  204	  1.47034e-07
316	  1.25577	  0.281224	  1.74832e-05	  1.41879e-06	  216	  1.67475e-07
317	  1.25577	  0.343807	  1.74832e-05	  1.4648e-06	  372	  1.49186e-07
318	  1.25577	  0.406302	  1.74832e-05	  1.58668e-06	  312	  1.69162e-07
319	  1.25577	  0.468745	  1.74832e-05	  1.68671e-06	  288	  1.83726e-07
320	  1.25577	  0.531226	  1.74832e-05	  2.08389e-06	  264	  2.3245e-07
321	  1.25577	  0.593785	  1.74832e-05	  1.88655e-06	  312	  2.01132e-07
322	  1.25577	  0.656281	  1.74832e-05	  2.26694e-06	  276	  2.49801e-07
323	  1.25577	  0.718743	  1.74832e-05	  2.40364e-06	  312	  2.56261e-07
324	  1.25577	  0.781255	  1.74832e-05	  2.74223e-06	  276	  3.02175e-07
325	  1.25577	  0.843774	  1.74832e-05	  3.35066e-06	  240	  3.83817e-07
326	  1.25577	  0.90628	  1.74832e-05	  3.92082e-06	  324	  4.13864e-07
327	  1.25577	  0.968758	  1.74832e-05	  4.25015e-06	  315	  4.51976e-07
328	  1.45182	  0.030936	  1.24716e-05	  9.0415e-07	  246	  1.02854e-07
329	  1.45182	  0.0938307	  1.24716e-05	  8.56349e-07	  516	  8.05162e-08
330	  1.45182	  0.156319	  1.24716e-05	  9.54382e-07	  504	  9.02306e-08
331	  1.45182	  0.218712	  1.24716e-05	  9.43101e-07	  528	  8.81982e-08
332	  1.45182	  0.281224	  1.24716e-05	  9.26651e-07	  504	  8.76089e-08
333	  1.45182	  0.343807	  1.24716e-05	  1.11082e-06	  384	  1.12227e-07
334	  1.45182	  0.406302	  1.24716e-05	  1.26321e-06	  420	  1.24798e-07
335	  1.45182	  0.468745	  1.24716e-05	  1.11801e-06	  468	  1.07581e-07
336	  1.45182	  0.531226	  1.24716e-05	  1.25325e-06	  480	  1.19865e-07
337	  1.45182	  0.593785	  1.24716e-05	  1.38138e-06	  468	  1.32923e-07
338	  1.45182	  0.656281	  1.24716e-05	  1.56415e-06	  396	  1.56809e-07
339	  1.45182	  0.718743	  1.24716e-05	  1.57512e-06	  456	  1.52518e-07
340	  1.45182	  0.781255	  1.24716e-05	  1.97333e-06	  432	  1.93608e-07
341	  1.45182	  0.843774	  1.24716e-05	  2.31212e-06	  480	  2.21139e-07
342	  1.45182	  0.90628	  1.24716e-05	  2.59757e-06	  480	  2.48441e-07
343	  1.45182	  0.968758	  1.24716e-05	  2.73125e-06	  414	  2.70796e-07
344	  1.68148	  0.030936	  8.82746e-06	  6.09357e-07	  798	  5.20388e-08
345	  1.68148	  0.0938307	  8.82746e-06	  6.83345e-07	  708	  5.98489e-08
346	  1.68148	  0.156319	  8.82746e-06	  6.46067e-07	  684	  5.70063e-08
347	  1.68148	  0.218712	  8.82746e-06	  7.18143e-07	  720	  6.26708e-08
348	  1.68148	  0.281224	  8.82746e-06	  6.99772e-07	  708	  6.12877e-08
349	  1.68148	  0.343807	  8.82746e-06	  7.43866e-07	  720	  6.49155e-08
350	  1.68148	  0.406302	  8.82746e-06	  8.21142e-07	  672	  7.27334e-08
351	  1.68148	  0.468745	  8.82746e-06	  8.78059e-07	  732	  7.63569e-08
352	  1.68148	  0.531226	  8.82746e-06	  9.47694e-07	  672	  8.39428e-08
353	  1.68148	  0.593785	  8.82746e-06	  9.97495e-07	  708	  8.73629e-08
354	  1.68148	  0.656281	  8.82746e-06	  1.01653e-06	  744	  8.8094e-08
355	  1.68148	  0.718743	  8.82746e-06	  1.29614e-06	  744	  1.12326e-07
356	  1.68148	  0.781255	  8.82746e-06	  1.33382e-06	  696	  1.1725e-07
357	  1.68148	  0.843774	  8.82746e-06	  1.50496e-06	  708	  1.31808e-07
358	  1.68148	  0.90628	  8.82746e-06	  1.75993e-06	  696	  1.54706e-07
359	  1.68148	  0.968758	  8.82746e-06	  1.92012e-06	  741	  1.66544e-07
360	  1.94819	  0.030936	  6.21726e-06	  4.74112e-07	  1368	  3.65241e-08
361	  1.94819	  0.0938307	  6.21726e-06	  4.74182e-07	  924	  3.93086e-08
362	  1.94819	  0.156319	  6.21726e-06	  5.13798e-07	  972	  4.217e-08
363	  1.94819	  0.218712	  6.21726e-06	  4.99655e-07	  972	  4.10092e-08
364	  1.94819	  0.281224	  6.21726e-06	  4.82411e-07	  1200	  3.80466e-08
365	  1.94819	  0.343807	  6.21726e-06	  5.16237e-07	  1140	  4.11015e-08
366	  1.94819	  0.406302	  6.21726e-06	  5.62319e-07	  1080	  4.52268e-08
367	  1.94819	  0.468745	  6.21726e-06	  6.19314e-07	  1068	  4.99164e-08
368	  1.94819	  0.531226	  6.21726e-06	  6.39094e-07	  1164	  5.06869e-08
369	  1.94819	  0.593785	  6.21726e-06	  6.94623e-07	  1188	  5.48842e-08
370	  1.94819	  0.656281	  6.21726e-06	  7.61043e-07	  1068	  6.13397e-08
371	  1.94819	  0.718743	  6.21726e-06	  7.71093e-07	  1008	  6.28418e-08
372	  1.94819	  0.781255	  6.21726e-06	  9.71992e-07	  1164	  7.70892e-08
373	  1.94819	  0.843774	  6.21726e-06	  9.39892e-07	  1176	  7.44024e-08
374	  1.94819	  0.90628	  6.21726e-06	  1.15403e-06	  1080	  9.28179e-08
375	  1.94819	  0.968758	  6.21726e-06	  1.2776e-06	  1038	  1.03535e-07
376	  2.25604	  0.030936	  4.37002e-06	  3.35988e-07	  1896	  2.45156e-08
377	  2.25604	  0.0938307	  4.37002e-06	  3.41046e-07	  1272	  2.66148e-08
378	  2.25604	  0.156319	  4.37002e-06	  3.31218e-07	  2040	  2.38942e-08
379	  2.25604	  0.218712	  4.37002e-06	  3.58588e-07	  1740	  2.65259e-08
380	  2.25604	  0.281224	  4.37002e-06	  3.70363e-07	  1584	  2.78238e-08
381	  2.25604	  0.343807	  4.37002e-06	  3.72239e-07	  1764	  2.74748e-08
382	  2.25604	  0.406302	  4.37002e-06	  3.86963e-07	  1632	  2.89269e-08
383	  2.25604	  0.468745	  4.37002e-06	  4.13515e-07	  1860	  3.02639e-08
384	  2.25604	  0.531226	  4.37002e-06	  4.39821e-07	  1560	  3.31267e-08
385	  2.25604	  0.593785	  4.37002e-06	  4.80942e-07	  1692	  3.57392e-08
386	  2.25604	  0.656281	  4.37002e-06	  5.48031e-07	  1704	  4.06777e-08
387	  2.25604	  0.718743	  4.37002e-06	  5.62485e-07	  1824	  4.12947e-08
388	  2.25604	  0.781255	  4.37002e-06	  6.15885e-07	  1668	  4.58742e-08
389	  2.25604	  0.843774	  4.37002e-06	  6.57014e-07	  1680	  4.88802e-08
390	  2.25604	  0.90628	  4.37002e-06	  7.41496e-07	  1776	  5.46697e-08
391	  2.25604	  0.968758	  4.37002e-06	  8.02857e-07	  1656	  5.9872e-08
392	  2.61216	  0.030936	  3.06332e-06	  2.45264e-07	  2586	  1.70862e-08
393	  2.61216	  0.0938307	  3.06332e-06	  2.40314e-07	  3036	  1.63771e-08
394	  2.61216	  0.156319	  3.06332e-06	  2.4664e-07	  2124	  1.76836e-08
395	  2.61216	  0.218712	  3.06332e-06	  2.47736e-07	  2940	  1.69558e-08
396	  2.61216	  0.281224	  3.06332e-06	  2.6914e-07	  2616	  1.87191e-08
397	  2.61216	  0.343807	  3.06332e-06	  2.67946e-07	  2448	  1.88128e-08
398	  2.61216	  0.406302	  3.06332e-06	  2.79363e-07	  2916	  1.91415e-08
399	  2.61216	  0.468745	  3.06332e-06	  2.9886e-07	  2544	  2.08683e-08
400	  2.61216	  0.531226	  3.06332e-06	  3.20546e-07	  2652	  2.22518e-08
401	  2.61216	  0.593785	  3.06332e-06	  3.29558e-07	  2748	  2.27646e-08
402	  2.61216	  0.656281	  3.06332e-06	  3.80015e-07	  2676	  2.63469e-08
403	  2.61216	  0.718743	  3.06332e-06	  3.72639e-07	  2472	  2.61269e-08
404	  2.61216	  0.781255	  3.06332e-06	  4.20669e-07	  2616	  2.92581e-08
405	  2.61216	  0.843774	  3.06332e-06	  4.46121e-07	  2736	  3.0835e-08
406	  2.61216	  0.90628	  3.06332e-06	  4.61452e-07	  2568	  3.21786e-08
407	  2.61216	  0.968758	  3.06332e-06	  4.95332e-07	  2745	  3.42208e-08
408	  3.02645	  0.030936	  2.1367e-06	  1.77755e-07	  3414	  1.19299e-08
409	  3.02645	  0.0938307	  2.1367e-06	  1.77492e-07	  4512	  1.1517e-08
410	  3.02645	  0.156319	  2.1367e-06	  1.70939e-07	  4632	  1.10586e-08
411	  3.02645	  0.218712	  2.1367e-06	  1.73758e-07	  3972	  1.14449e-08
412	  3.02645	  0.281224	  2.1367e-06	  1.82975e-07	  4176	  1.19802e-08
413	  3.02645	  0.343807	  2.1367e-06	  1.88251e-07	  4344	  1.22688e-08
414	  3.02645	  0.406302	  2.1367e-06	  1.88886e-07	  4044	  1.24145e-08
415	  3.02645	  0.468745	  2.1367e-06	  2.10283e-07	  4092	  1.38014e-08
416	  3.02645	  0.531226	  2.1367e-06	  2.23139e-07	  4296	  1.45614e-08
417	  3.02645	  0.593785	  2.1367e-06	  2.27967e-07	  3996	  1.50047e-08
418	  3.02645	  0.656281	  2.1367e-06	  2.42586e-07	  4188	  1.58778e-08
419	  3.02645	  0.718743	  2.1367e-06	  2.6448e-07	  4212	  1.72992e-08
420	  3.02645	  0.781255	  2.1367e-06	  2.71117e-07	  4140	  1.77695e-08
421	  3.02645	  0.843774	  2.1367e-06	  2.85955e-07	  4128	  1.87485e-08
422	  3.02645	  0.90628	  2.1367e-06	  3.0891e-07	  4188	  2.02189e-08
423	  3.02645	  0.968758	  2.1367e-06	  3.10457e-07	  4128	  2.03549e-08
424	  3.50419	  0.030936	  1.48904e-06	  1.25808e-07	  7002	  7.79391e-09
425	  3.50419	  0.0938307	  1.48904e-06	  1.25539e-07	  6240	  7.8662e-09
426	  3.50419	  0.156319	  1.48904e-06	  1.23739e-07	  5964	  7.78921e-09
427	  3.50419	  0.218712	  1.48904e-06	  1.27586e-07	  6180	  8.00225e-09
428	  3.50419	  0.281224	  1.48904e-06	  1.27301e-07	  6420	  7.95382e-09
429	  3.50419	  0.343807	  1.48904e-06	  1.3053e-07	  6516	  8.14354e-09
430	  3.50419	  0.406302	  1.48904e-06	  1.3809e-07	  6312	  8.64265e-09
431	  3.50419	  0.468745	  1.48904e-06	  1.46557e-07	  6276	  9.17781e-09
432	  3.50419	  0.531226	  1.48904e-06	  1.47231e-07	  6360	  9.2077e-09
433	  3.50419	  0.593785	  1.48904e-06	  1.55067e-07	  6408	  9.69046e-09
434	  3.50419	  0.656281	  1.48904e-06	  1.65205e-07	  6360	  1.03318e-08
435	  3.50419	  0.718743	  1.48904e-06	  1.66044e-07	  6336	  1.03882e-08
436	  3.50419	  0.781255	  1.48904e-06	  1.72777e-07	  6372	  1.08033e-08
437	  3.50419	  0.843774	  1.48904e-06	  1.80459e-07	  6456	  1.12689e-08
438	  3.50419	  0.90628	  1.48904e-06	  1.79202e-07	  6360	  1.12071e-08
439	  3.50419	  0.968758	  1.48904e-06	  1.83249e-07	  6327	  1.14663e-08
440	  4.05763	  0.030936	  1.03474e-06	  9.02377e-08	  10392	  5.39708e-09
441	  4.05763	  0.0938307	  1.03474e-06	  8.58029e-08	  9420	  5.17419e-09
442	  4.05763	  0.156319	  1.03474e-06	  8.92028e-08	  10176	  5.34442e-09
443	  4.05763	  0.218712	  1.03474e-06	  8.87621e-08	  10260	  5.31441e-09
444	  4.05763	  0.281224	  1.03474e-06	  8.77055e-08	  9528	  5.28379e-09
445	  4.05763	  0.343807	  1.03474e-06	  9.15833e-08	  10140	  5.48865e-09
446	  4.05763	  0.406302	  1.03474e-06	  9.36891e-08	  9960	  5.62323e-09
447	  4.05763	  0.468745	  1.03474e-06	  9.53332e-08	  10068	  5.71677e-09
448	  4.05763	  0.531226	  1.03474e-06	  9.99113e-08	  9996	  5.99488e-09
449	  4.05763	  0.593785	  1.03474e-06	  1.01423e-07	  9828	  6.09419e-09
450	  4.05763	  0.656281	  1.03474e-06	  1.04896e-07	  10032	  6.29207e-09
451	  4.05763	  0.718743	  1.03474e-06	  1.05934e-07	  9924	  6.36007e-09
452	  4.05763	  0.781255	  1.03474e-06	  1.05666e-07	  10116	  6.33389e-09
453	  4.05763	  0.843774	  1.03474e-06	  1.08105e-07	  9888	  6.49238e-09
454	  4.05763	  0.90628	  1.03474e-06	  1.08025e-07	  10008	  6.48106e-09
455	  4.05763	  0.968758	  1.03474e-06	  1.04546e-07	  9978	  6.27391e-09
456	  4.69917	  0.030936	  7.16687e-07	  6.24415e-08	  13626	  3.65699e-09
457	  4.69917	  0.0938307	  7.16687e-07	  6.05659e-08	  16392	  3.50135e-09
458	  4.69917	  0.156319	  7.16687e-07	  6.10806e-08	  15708	  3.54138e-09
459	  4.69917	  0.218712	  7.16687e-07	  6.0608e-08	  15432	  3.51829e-09
460	  4.69917	  0.281224	  7.16687e-07	  6.04101e-08	  15780	  3.50141e-09
461	  4.69917	  0.343807	  7.16687e-07	  6.00069e-08	  15300	  3.48547e-09
462	  4.69917	  0.406302	  7.16687e-07	  6.24897e-08	  15588	  3.62499e-09
463	  4.69917	  0.468745	  7.16687e-07	  6.21761e-08	  15396	  3.6099e-09
464	  4.69917	  0.531226	  7.16687e-07	  6.38693e-08	  15504	  3.70641e-09
465	  4.69917	  0.593785	  7.16687e-07	  6.50973e-08	  15660	  3.77506e-09
466	  4.69917	  0.656281	  7.16687e-07	  6.49112e-08	  15192	  3.7722e-09
467	  4.69917	  0.718743	  7.16687e-07	  6.35935e-08	  15600	  3.68883e-09
468	  4.69917	  0.781255	  7.16687e-07	  6.37019e-08	  15216	  3.70151e-09
469	  4.69917	  0.843774	  7.16687e-07	  6.27597e-08	  15516	  3.64182e-09
470	  4.69917	  0.90628	  7.16687e-07	  6.01542e-08	  15540	  3.49026e-09
471	  4.69917	  0.968758	  7.16687e-07	  6.00343e-08	  15405	  3.48541e-09
472	  5.4432	  0.030936	  4.95137e-07	  4.32584e-08	  26250	  2.42991e-09
473	  5.4432	  0.0938307	  4.95137e-07	  4.20315e-08	  22392	  2.38246e-09
474	  5.4432	  0.156319	  4.95137e-07	  4.18863e-08	  24516	  2.36183e-09
475	  5.4432	  0.218712	  4.95137e-07	  4.17539e-08	  23592	  2.35953e-09
476	  5.4432	  0.281224	  4.95137e-07	  4.07455e-08	  24264	  2.29885e-09
477	  5.4432	  0.343807	  4.95137e-07	  4.10944e-08	  23928	  2.32038e-09
478	  5.4432	  0.406302	  4.95137e-07	  4.07488e-08	  24120	  2.29982e-09
479	  5.4432	  0.468745	  4.95137e-07	  4.02796e-08	  23964	  2.27418e-09
480	  5.4432	  0.531226	  4.95137e-07	  3.98874e-08	  24060	  2.25152e-09
481	  5.4432	  0.593785	  4.95137e-07	  3.97175e-08	  24108	  2.24167e-09
482	  5.4432	  0.656281	  4.95137e-07	  3.85551e-08	  24228	  2.17545e-09
483	  5.4432	  0.718743	  4.95137e-07	  3.82342e-08	  24144	  2.15777e-09
484	  5.4432	  0.781255	  4.95137e-07	  3.66319e-08	  23940	  2.06835e-09
485	  5.4432	  0.843774	  4.95137e-07	  3.43201e-08	  24192	  1.93666e-09
486	  5.4432	  0.90628	  4.95137e-07	  3.25729e-08	  23988	  1.83895e-09
487	  5.4432	  0.968758	  4.95137e-07	  3.09733e-08	  24141	  1.74801e-09
488	  6.30378	  0.030936	  3.41507e-07	  3.00406e-08	  35082	  1.66241e-09
489	  6.30378	  0.0938307	  3.41507e-07	  2.86064e-08	  39108	  1.57497e-09
490	  6.30378	  0.156319	  3.41507e-07	  2.82571e-08	  36924	  1.55991e-09
491	  6.30378	  0.218712	  3.41507e-07	  2.73277e-08	  37692	  1.50714e-09
492	  6.30378	  0.281224	  3.41507e-07	  2.66386e-08	  37092	  1.47025e-09
493	  6.30378	  0.343807	  3.41507e-07	  2.62077e-08	  37536	  1.44566e-09
494	  6.30378	  0.406302	  3.41507e-07	  2.55882e-08	  36984	  1.41246e-09
495	  6.30378	  0.468745	  3.41507e-07	  2.49789e-08	  37428	  1.37806e-09
496	  6.30378	  0.531226	  3.41507e-07	  2.43256e-08	  37392	  1.34208e-09
497	  6.30378	  0.593785	  3.41507e-07	  2.3306e-08	  37200	  1.28614e-09
498	  6.30378	  0.656281	  3.41507e-07	  2.20328e-08	  36924	  1.2163e-09
499	  6.30378	  0.718743	  3.41507e-07	  2.08323e-08	  37272	  1.14952e-09
500	  6.30378	  0.781255	  3.41507e-07	  1.94958e-08	  37284	  1.07576e-09
501	  6.30378	  0.843774	  3.41507e-07	  1.77371e-08	  37188	  9.78832e-10
502	  6.30378	  0.90628	  3.41507e-07	  1.62991e-08	  37320	  8.99324e-10
503	  6.30378	  0.968758	  3.41507e-07	  1.46785e-08	  37119	  8.10114e-10
504	  7.30029	  0.030936	  2.34961e-07	  2.00781e-08	  60258	  1.0857e-09
505	  7.30029	  0.0938307	  2.34961e-07	  1.90223e-08	  56916	  1.03085e-09
506	  7.30029	  0.156319	  2.34961e-07	  1.85983e-08	  56820	  1.00794e-09
507	  7.30029	  0.218712	  2.34961e-07	  1.79156e-08	  58716	  9.69718e-10
508	  7.30029	  0.281224	  2.34961e-07	  1.70217e-08	  57840	  9.21862e-10
509	  7.30029	  0.343807	  2.34961e-07	  1.64378e-08	  57612	  8.90376e-10
510	  7.30029	  0.406302	  2.34961e-07	  1.56438e-08	  58464	  8.46889e-10
511	  7.30029	  0.468745	  2.34961e-07	  1.47032e-08	  57948	  7.96239e-10
512	  7.30029	  0.531226	  2.34961e-07	  1.37993e-08	  57708	  7.47409e-10
513	  7.30029	  0.593785	  2.34961e-07	  1.28428e-08	  58236	  6.95356e-10
514	  7.30029	  0.656281	  2.34961e-07	  1.1738e-08	  58008	  6.35636e-10
515	  7.30029	  0.718743	  2.34961e-07	  1.06381e-08	  58200	  5.76001e-10
516	  7.30029	  0.781255	  2.34961e-07	  9.50066e-09	  58128	  5.14439e-10
517	  7.30029	  0.843774	  2.34961e-07	  8.46801e-09	  57972	  4.5857e-10
518	  7.30029	  0.90628	  2.34961e-07	  7.55117e-09	  57960	  4.08924e-10
519	  7.30029	  0.968758	  2.34961e-07	  6.46222e-09	  58122	  3.49916e-10
520	  8.455	  0.030936	  1.61371e-07	  1.31955e-08	  90198	  7.03713e-10
521	  8.455	  0.0938307	  1.61371e-07	  1.24092e-08	  89292	  6.61985e-10
522	  8.455	  0.156319	  1.61371e-07	  1.1872e-08	  90804	  6.32998e-10
523	  8.455	  0.218712	  1.61371e-07	  1.11799e-08	  89628	  5.9634e-10
524	  8.455	  0.281224	  1.61371e-07	  1.05305e-08	  89844	  5.61657e-10
525	  8.455	  0.343807	  1.61371e-07	  9.68728e-09	  90636	  5.16541e-10
526	  8.455	  0.406302	  1.61371e-07	  8.97848e-09	  89628	  4.78914e-10
527	  8.455	  0.468745	  1.61371e-07	  8.1691e-09	  89772	  4.3572e-10
528	  8.455	  0.531226	  1.61371e-07	  7.34962e-09	  90324	  3.91936e-10
529	  8.455	  0.593785	  1.61371e-07	  6.52855e-09	  89784	  3.48216e-10
530	  8.455	  0.656281	  1.61371e-07	  5.74981e-09	  90216	  3.06633e-10
531	  8.455	  0.718743	  1.61371e-07	  5.02966e-09	  89796	  2.68268e-10
532	  8.455	  0.781255	  1.61371e-07	  4.34066e-09	  90120	  2.31492e-10
533	  8.455	  0.843774	  1.61371e-07	  3.70321e-09	  90132	  1.97496e-10
534	  8.455	  0.90628	  1.61371e-07	  3.16788e-09	  89916	  1.68958e-10
535	  8.455	  0.968758	  1.61371e-07	  2.63016e-09	  89964	  1.40277e-10
536	  9.79129	  0.030936	  1.10607e-07	  8.40203e-09	  139068	  4.42632e-10
537	  9.79129	  0.0938307	  1.10607e-07	  7.75738e-09	  141180	  4.08514e-10
538	  9.79129	  0.156319	  1.10607e-07	  7.31049e-09	  139380	  3.85106e-10
539	  9.79129	  0.218712	  1.10607e-07	  6.72267e-09	  138804	  3.54178e-10
540	  9.79129	  0.281224	  1.10607e-07	  6.09361e-09	  140952	  3.20911e-10
541	  9.79129	  0.343807	  1.10607e-07	  5.44115e-09	  139668	  2.86617e-10
542	  9.79129	  0.406302	  1.10607e-07	  4.78663e-09	  139464	  2.52149e-10
543	  9.79129	  0.468745	  1.10607e-07	  4.18916e-09	  139812	  2.20662e-10
544	  9.79129	  0.531226	  1.10607e-07	  3.56994e-09	  139884	  1.88042e-10
545	  9.79129	  0.593785	  1.10607e-07	  3.07087e-09	  140184	  1.61746e-10
546	  9.79129	  0.656281	  1.10607e-07	  2.61078e-09	  139404	  1.37531e-10
547	  9.79129	  0.718743	  1.10607e-07	  2.184e-09	  139932	  1.15038e-10
548	  9.79129	  0.781255	  1.10607e-07	  1.82371e-09	  139980	  9.606e-11
549	  9.79129	  0.843774	  1.10607e-07	  1.49886e-09	  139632	  7.89544e-11
550	  9.79129	  0.90628	  1.10607e-07	  1.22761e-09	  140088	  6.46603e-11
551	  9.79129	  0.968758	  1.10607e-07	  9.71021e-10	  139623	  5.11497e-11
