#n	   k	      mu	    PL	    Pf	     w	     err  
0	  0.10472	  1	  0.00306127	  0.000533455	  3	  0.000334663
1	  0.20944	  1	  0.0010874	  0.000155463	  3	  9.75294e-05
2	  0.314159	  1	  0.000509336	  0.000142848	  3	  8.96157e-05
3	  0.418879	  1	  0.00028546	  2.49652e-05	  3	  1.56619e-05
4	  0.523599	  1	  0.000180467	  9.15437e-06	  3	  5.743e-06
5	  0.628319	  1	  0.000122281	  4.72687e-05	  3	  2.9654e-05
6	  0.733038	  1	  8.74227e-05	  1.98306e-05	  3	  1.24408e-05
7	  0.837758	  1	  6.50738e-05	  1.56019e-05	  3	  9.78785e-06
8	  0.942478	  1	  4.99708e-05	  2.38655e-06	  3	  1.4972e-06
9	  0.10472	  0	  0.00306127	  0.000100701	  6	  4.61463e-05
10	  0.148096	  0.707107	  0.00194673	  0.000135363	  12	  4.5844e-05
11	  0.23416	  0.894427	  0.000861366	  0.000159864	  12	  5.41418e-05
12	  0.331153	  0.948683	  0.000461248	  6.62084e-05	  12	  2.24231e-05
13	  0.431771	  0.970143	  0.000268642	  3.29246e-05	  12	  1.11508e-05
14	  0.533968	  0.980581	  0.000173094	  2.20804e-05	  12	  7.4781e-06
15	  0.636985	  0.986394	  0.000118696	  1.50525e-05	  12	  5.0979e-06
16	  0.74048	  0.989949	  8.55312e-05	  1.76454e-05	  12	  5.97606e-06
17	  0.844278	  0.992278	  6.3942e-05	  9.95275e-06	  12	  3.37075e-06
18	  0.948278	  0.993884	  4.92751e-05	  9.45529e-06	  12	  3.20227e-06
19	  0.148096	  0	  0.00194673	  5.65841e-05	  6	  2.59296e-05
20	  0.18138	  0.57735	  0.00138108	  7.68243e-05	  12	  2.60185e-05
21	  0.25651	  0.816497	  0.000758093	  8.10105e-05	  12	  2.74362e-05
22	  0.347316	  0.904534	  0.00041546	  4.41545e-05	  12	  1.4954e-05
23	  0.444288	  0.942809	  0.000253958	  2.70471e-05	  12	  9.16018e-06
24	  0.54414	  0.96225	  0.000166222	  2.71285e-05	  12	  9.18775e-06
25	  0.645536	  0.973329	  0.000115357	  1.54749e-05	  12	  5.24097e-06
26	  0.747849	  0.980196	  8.36612e-05	  1.16862e-05	  12	  3.95783e-06
27	  0.850747	  0.984732	  6.28792e-05	  1.21763e-05	  12	  4.1238e-06
28	  0.954042	  0.987878	  4.86063e-05	  8.56458e-06	  12	  2.90061e-06
29	  0.20944	  0	  0.0010874	  3.31019e-05	  6	  1.51689e-05
30	  0.23416	  0.447214	  0.000861366	  5.33524e-05	  12	  1.80691e-05
31	  0.296192	  0.707107	  0.000560902	  6.10027e-05	  12	  2.06601e-05
32	  0.377572	  0.83205	  0.000353507	  4.2157e-05	  12	  1.42775e-05
33	  0.468321	  0.894427	  0.000227855	  3.41538e-05	  12	  1.1567e-05
34	  0.563933	  0.928477	  0.000154074	  1.20098e-05	  12	  4.06743e-06
35	  0.662306	  0.948683	  0.000109103	  1.33183e-05	  12	  4.51056e-06
36	  0.762371	  0.961524	  8.01954e-05	  1.14712e-05	  12	  3.88502e-06
37	  0.863541	  0.970143	  6.0809e-05	  4.50817e-06	  12	  1.5268e-06
38	  0.965468	  0.976187	  4.73186e-05	  6.19448e-06	  12	  2.09792e-06
39	  0.23416	  0	  0.000861366	  3.53993e-05	  12	  1.19889e-05
40	  0.25651	  0.408248	  0.000758093	  3.40734e-05	  24	  8.65888e-06
41	  0.314159	  0.666667	  0.000509336	  4.4206e-05	  24	  1.12338e-05
42	  0.391825	  0.801784	  0.00032913	  3.09108e-05	  24	  7.85519e-06
43	  0.479886	  0.872872	  0.00021626	  3.78924e-05	  24	  9.62936e-06
44	  0.573574	  0.912871	  0.000148705	  1.6429e-05	  24	  4.17501e-06
45	  0.670534	  0.937043	  0.000106245	  1.12945e-05	  24	  2.87021e-06
46	  0.76953	  0.952579	  7.85788e-05	  1.11297e-05	  24	  2.82833e-06
47	  0.869868	  0.963087	  5.98331e-05	  9.37271e-06	  24	  2.38183e-06
48	  0.971131	  0.970495	  4.66877e-05	  6.98225e-06	  24	  1.77436e-06
49	  0.296192	  0	  0.000560902	  1.98872e-05	  6	  9.11325e-06
50	  0.314159	  0.333333	  0.000509336	  2.54924e-05	  12	  8.63363e-06
51	  0.36276	  0.57735	  0.000380271	  2.12559e-05	  12	  7.19883e-06
52	  0.431771	  0.727607	  0.000268642	  2.61423e-05	  12	  8.85374e-06
53	  0.51302	  0.816497	  0.000188322	  2.36525e-05	  12	  8.01052e-06
54	  0.601569	  0.870388	  0.000134274	  1.68764e-05	  12	  5.7156e-06
55	  0.694632	  0.904534	  9.83796e-05	  1.64621e-05	  12	  5.5753e-06
56	  0.790617	  0.927173	  7.40102e-05	  8.34981e-06	  12	  2.82787e-06
57	  0.888577	  0.942809	  5.7047e-05	  7.59449e-06	  12	  2.57206e-06
58	  0.987924	  0.953998	  4.49132e-05	  4.10364e-06	  12	  1.3898e-06
59	  0.314159	  0	  0.000509336	  2.49978e-05	  6	  1.14552e-05
60	  0.331153	  0.316228	  0.000461248	  2.17538e-05	  12	  7.36747e-06
61	  0.377572	  0.5547	  0.000353507	  2.75652e-05	  12	  9.33563e-06
62	  0.444288	  0.707107	  0.000253958	  1.50986e-05	  12	  5.11352e-06
63	  0.523599	  0.8	  0.000180467	  2.24091e-05	  12	  7.58942e-06
64	  0.610616	  0.857493	  0.000130032	  8.38199e-06	  12	  2.83877e-06
65	  0.702481	  0.894427	  9.59862e-05	  9.94686e-06	  12	  3.36875e-06
66	  0.797522	  0.919145	  7.25949e-05	  9.34774e-06	  12	  3.16585e-06
67	  0.894726	  0.936329	  5.61554e-05	  4.51875e-06	  12	  1.53039e-06
68	  0.993459	  0.948683	  4.43525e-05	  6.16588e-06	  12	  2.08823e-06
69	  0.331153	  0	  0.000461248	  1.59976e-05	  12	  5.41798e-06
70	  0.347316	  0.301511	  0.00041546	  1.48081e-05	  24	  3.76311e-06
71	  0.391825	  0.534522	  0.00032913	  1.4693e-05	  24	  3.73383e-06
72	  0.456463	  0.688247	  0.000240494	  2.66005e-05	  24	  6.75983e-06
73	  0.533968	  0.784465	  0.000173094	  1.35721e-05	  24	  3.449e-06
74	  0.61953	  0.845154	  0.000126056	  1.0633e-05	  24	  2.70211e-06
75	  0.710244	  0.884652	  9.37219e-05	  1.4881e-05	  24	  3.78163e-06
76	  0.804368	  0.911322	  7.12372e-05	  9.61912e-06	  24	  2.44445e-06
77	  0.900833	  0.929981	  5.53169e-05	  6.62591e-06	  24	  1.6838e-06
78	  0.998963	  0.943456	  4.38063e-05	  4.68014e-06	  24	  1.18934e-06
79	  0.377572	  0	  0.000353507	  1.37441e-05	  12	  4.6548e-06
80	  0.391825	  0.267261	  0.00032913	  9.87248e-06	  24	  2.50884e-06
81	  0.431771	  0.485071	  0.000268642	  1.80503e-05	  24	  4.58702e-06
82	  0.491179	  0.639602	  0.000205912	  1.15364e-05	  24	  2.93169e-06
83	  0.563933	  0.742781	  0.000154074	  1.56011e-05	  24	  3.96462e-06
84	  0.645536	  0.811107	  0.000115357	  1.27359e-05	  24	  3.23651e-06
85	  0.733038	  0.857143	  8.74227e-05	  1.12246e-05	  24	  2.85245e-06
86	  0.824564	  0.889001	  6.74072e-05	  5.13205e-06	  24	  1.30418e-06
87	  0.918912	  0.911685	  5.29003e-05	  7.2585e-06	  24	  1.84456e-06
88	  0.418879	  0	  0.00028546	  3.604e-06	  6	  1.65152e-06
89	  0.431771	  0.242536	  0.000268642	  7.37518e-06	  12	  2.49779e-06
90	  0.468321	  0.447214	  0.000227855	  1.33506e-05	  12	  4.52152e-06
91	  0.523599	  0.6	  0.000180467	  1.24248e-05	  12	  4.20796e-06
92	  0.592384	  0.707107	  0.000138819	  5.1012e-06	  12	  1.72765e-06
93	  0.670534	  0.780869	  0.000106245	  1.23096e-05	  12	  4.16894e-06
94	  0.755145	  0.83205	  8.19187e-05	  7.60011e-06	  12	  2.57397e-06
95	  0.844278	  0.868243	  6.3942e-05	  7.07521e-06	  12	  2.3962e-06
96	  0.936642	  0.894427	  5.06708e-05	  4.18617e-06	  12	  1.41775e-06
97	  0.431771	  0	  0.000268642	  7.39057e-06	  12	  2.503e-06
98	  0.444288	  0.235702	  0.000253958	  4.55215e-06	  24	  1.15681e-06
99	  0.479886	  0.436436	  0.00021626	  1.5731e-05	  24	  3.99763e-06
100	  0.533968	  0.588348	  0.000173094	  8.41333e-06	  24	  2.13803e-06
101	  0.601569	  0.696311	  0.000134274	  7.18492e-06	  24	  1.82586e-06
102	  0.678662	  0.771517	  0.000103483	  6.81934e-06	  24	  1.73296e-06
103	  0.762371	  0.824163	  8.01954e-05	  1.0652e-05	  24	  2.70694e-06
104	  0.850747	  0.86164	  6.28792e-05	  8.64321e-06	  24	  2.19645e-06
105	  0.942478	  0.888889	  4.99708e-05	  7.12619e-06	  24	  1.81094e-06
106	  0.444288	  0	  0.000253958	  7.15393e-06	  6	  3.27827e-06
107	  0.456463	  0.229416	  0.000240494	  1.23684e-05	  12	  4.18888e-06
108	  0.491179	  0.426401	  0.000205912	  1.00652e-05	  12	  3.40884e-06
109	  0.54414	  0.57735	  0.000166222	  3.78906e-06	  12	  1.28326e-06
110	  0.610616	  0.685994	  0.000130032	  1.27245e-05	  12	  4.30947e-06
111	  0.686693	  0.762493	  0.000100876	  8.05666e-06	  12	  2.72859e-06
112	  0.76953	  0.816497	  7.85788e-05	  7.04913e-06	  12	  2.38736e-06
113	  0.857168	  0.855186	  6.18245e-05	  3.93603e-06	  12	  1.33303e-06
114	  0.948278	  0.883452	  4.92751e-05	  3.32522e-06	  12	  1.12617e-06
115	  0.468321	  0	  0.000227855	  8.98754e-06	  12	  3.04386e-06
116	  0.479886	  0.218218	  0.00021626	  1.22326e-05	  24	  3.1086e-06
117	  0.51302	  0.408248	  0.000188322	  1.21118e-05	  24	  3.07789e-06
118	  0.563933	  0.557086	  0.000154074	  1.07759e-05	  24	  2.73841e-06
119	  0.628319	  0.666667	  0.000122281	  8.27837e-06	  24	  2.10373e-06
120	  0.702481	  0.745356	  9.59862e-05	  9.29477e-06	  24	  2.36202e-06
121	  0.783651	  0.801784	  7.54794e-05	  7.72167e-06	  24	  1.96226e-06
122	  0.869868	  0.842701	  5.98331e-05	  5.11817e-06	  24	  1.30065e-06
123	  0.959772	  0.872872	  4.79605e-05	  4.8401e-06	  24	  1.22999e-06
124	  0.523599	  0	  0.000180467	  6.34024e-06	  18	  1.81142e-06
125	  0.533968	  0.196116	  0.000173094	  6.16004e-06	  36	  1.33468e-06
126	  0.563933	  0.371391	  0.000154074	  5.62762e-06	  36	  1.21932e-06
127	  0.610616	  0.514496	  0.000130032	  6.42716e-06	  36	  1.39255e-06
128	  0.670534	  0.624695	  0.000106245	  6.83138e-06	  36	  1.48013e-06
129	  0.74048	  0.707107	  8.55312e-05	  7.03685e-06	  36	  1.52465e-06
130	  0.817887	  0.768221	  6.86491e-05	  6.03295e-06	  36	  1.30714e-06
131	  0.900833	  0.813733	  5.53169e-05	  5.80244e-06	  36	  1.2572e-06
132	  0.987924	  0.847998	  4.49132e-05	  4.82515e-06	  36	  1.04545e-06
133	  0.533968	  0	  0.000173094	  6.03365e-06	  12	  2.04345e-06
134	  0.54414	  0.19245	  0.000166222	  8.23643e-06	  24	  2.09308e-06
135	  0.573574	  0.365148	  0.000148705	  6.05297e-06	  24	  1.53821e-06
136	  0.61953	  0.507093	  0.000126056	  7.12284e-06	  24	  1.81009e-06
137	  0.678662	  0.617213	  0.000103483	  6.36987e-06	  24	  1.61874e-06
138	  0.747849	  0.70014	  8.36612e-05	  6.3274e-06	  24	  1.60794e-06
139	  0.824564	  0.762001	  6.74072e-05	  2.73781e-06	  24	  6.95744e-07
140	  0.9069	  0.80829	  5.44911e-05	  5.47065e-06	  24	  1.39022e-06
141	  0.993459	  0.843274	  4.43525e-05	  3.97996e-06	  24	  1.0114e-06
142	  0.563933	  0	  0.000154074	  2.58573e-06	  12	  8.75723e-07
143	  0.573574	  0.182574	  0.000148705	  4.92287e-06	  24	  1.25102e-06
144	  0.601569	  0.348155	  0.000134274	  5.93572e-06	  24	  1.50841e-06
145	  0.645536	  0.486664	  0.000115357	  6.53244e-06	  24	  1.66005e-06
146	  0.702481	  0.596285	  9.59862e-05	  6.57146e-06	  24	  1.66997e-06
147	  0.76953	  0.680414	  7.85788e-05	  3.92642e-06	  24	  9.97797e-07
148	  0.844278	  0.744208	  6.3942e-05	  6.56618e-06	  24	  1.66862e-06
149	  0.92486	  0.792594	  5.21404e-05	  4.95079e-06	  24	  1.25811e-06
150	  0.592384	  0	  0.000138819	  1.70024e-06	  6	  7.79133e-07
151	  0.601569	  0.174078	  0.000134274	  3.60035e-06	  12	  1.21935e-06
152	  0.628319	  0.333333	  0.000122281	  4.9785e-06	  12	  1.68609e-06
153	  0.670534	  0.468521	  0.000106245	  4.05896e-06	  12	  1.37467e-06
154	  0.72552	  0.57735	  8.94525e-05	  7.12624e-06	  12	  2.41348e-06
155	  0.790617	  0.662266	  7.40102e-05	  5.43062e-06	  12	  1.83922e-06
156	  0.863541	  0.727607	  6.0809e-05	  4.22822e-06	  12	  1.43199e-06
157	  0.942478	  0.777778	  4.99708e-05	  3.66657e-06	  12	  1.24178e-06
158	  0.610616	  0	  0.000130032	  4.34197e-06	  12	  1.47052e-06
159	  0.61953	  0.169031	  0.000126056	  4.23933e-06	  24	  1.07732e-06
160	  0.645536	  0.324443	  0.000115357	  5.19045e-06	  24	  1.31902e-06
161	  0.686693	  0.457496	  0.000100876	  5.19135e-06	  24	  1.31925e-06
162	  0.74048	  0.565685	  8.55312e-05	  4.92732e-06	  24	  1.25215e-06
163	  0.804368	  0.650945	  7.12372e-05	  6.10991e-06	  24	  1.55267e-06
164	  0.876148	  0.717137	  5.88643e-05	  5.51579e-06	  24	  1.4017e-06
165	  0.954042	  0.76835	  4.86063e-05	  4.27899e-06	  24	  1.08739e-06
166	  0.628319	  0	  0.000122281	  1.12583e-05	  6	  5.15911e-06
167	  0.636985	  0.164399	  0.000118696	  6.31474e-06	  12	  2.13864e-06
168	  0.662306	  0.316228	  0.000109103	  3.92353e-06	  12	  1.3288e-06
169	  0.702481	  0.447214	  9.59862e-05	  2.29009e-06	  12	  7.75596e-07
170	  0.755145	  0.5547	  8.19187e-05	  3.13703e-06	  12	  1.06243e-06
171	  0.817887	  0.640184	  6.86491e-05	  3.63972e-06	  12	  1.23268e-06
172	  0.888577	  0.707107	  5.7047e-05	  3.50105e-06	  12	  1.18572e-06
173	  0.965468	  0.759257	  4.73186e-05	  4.49319e-06	  12	  1.52173e-06
174	  0.636985	  0	  0.000118696	  6.30205e-06	  12	  2.13435e-06
175	  0.645536	  0.162221	  0.000115357	  3.3482e-06	  24	  8.50859e-07
176	  0.670534	  0.312348	  0.000106245	  3.43399e-06	  24	  8.72659e-07
177	  0.710244	  0.442326	  9.37219e-05	  4.56396e-06	  24	  1.15981e-06
178	  0.762371	  0.549442	  8.01954e-05	  6.12992e-06	  24	  1.55776e-06
179	  0.824564	  0.635001	  6.74072e-05	  2.96333e-06	  24	  7.53053e-07
180	  0.894726	  0.702247	  5.61554e-05	  3.09161e-06	  24	  7.85653e-07
181	  0.971131	  0.754829	  4.66877e-05	  4.03395e-06	  24	  1.02513e-06
182	  0.662306	  0	  0.000109103	  3.42668e-06	  12	  1.16053e-06
183	  0.670534	  0.156174	  0.000106245	  3.33277e-06	  24	  8.46938e-07
184	  0.694632	  0.301511	  9.83796e-05	  3.18717e-06	  24	  8.09936e-07
185	  0.733038	  0.428571	  8.74227e-05	  5.17859e-06	  24	  1.316e-06
186	  0.783651	  0.534522	  7.54794e-05	  3.76361e-06	  24	  9.56425e-07
187	  0.844278	  0.620174	  6.3942e-05	  3.75929e-06	  24	  9.55327e-07
188	  0.912926	  0.688247	  5.36709e-05	  2.93257e-06	  24	  7.45238e-07
189	  0.987924	  0.741999	  4.49132e-05	  3.31801e-06	  24	  8.43185e-07
190	  0.670534	  0	  0.000106245	  3.79491e-06	  12	  1.28524e-06
191	  0.678662	  0.154303	  0.000103483	  2.91379e-06	  24	  7.40465e-07
192	  0.702481	  0.298142	  9.59862e-05	  4.39715e-06	  24	  1.11742e-06
193	  0.74048	  0.424264	  8.55312e-05	  3.69931e-06	  24	  9.40084e-07
194	  0.790617	  0.529813	  7.40102e-05	  3.68e-06	  24	  9.35177e-07
195	  0.850747	  0.615457	  6.28792e-05	  2.78268e-06	  24	  7.07146e-07
196	  0.918912	  0.683763	  5.29003e-05	  4.32444e-06	  24	  1.09895e-06
197	  0.993459	  0.737865	  4.43525e-05	  3.55894e-06	  24	  9.04413e-07
198	  0.702481	  0	  9.59862e-05	  1.92695e-06	  12	  6.5261e-07
199	  0.710244	  0.147442	  9.37219e-05	  3.65488e-06	  24	  9.28794e-07
200	  0.733038	  0.285714	  8.74227e-05	  4.68323e-06	  24	  1.19012e-06
201	  0.76953	  0.408248	  7.85788e-05	  3.88369e-06	  24	  9.8694e-07
202	  0.817887	  0.512148	  6.86491e-05	  5.26405e-06	  24	  1.33772e-06
203	  0.876148	  0.597614	  5.88643e-05	  4.17777e-06	  24	  1.06167e-06
204	  0.942478	  0.666667	  4.99708e-05	  3.60097e-06	  24	  9.15093e-07
205	  0.733038	  0	  8.74227e-05	  2.81004e-06	  6	  1.2877e-06
206	  0.74048	  0.141421	  8.55312e-05	  2.85393e-06	  12	  9.66555e-07
207	  0.762371	  0.274721	  8.01954e-05	  2.75313e-06	  12	  9.32416e-07
208	  0.797522	  0.393919	  7.25949e-05	  3.61314e-06	  12	  1.22368e-06
209	  0.844278	  0.496139	  6.3942e-05	  4.17632e-06	  12	  1.41442e-06
210	  0.900833	  0.581238	  5.53169e-05	  4.13689e-06	  12	  1.40106e-06
211	  0.965468	  0.650791	  4.73186e-05	  3.42868e-06	  12	  1.16121e-06
212	  0.74048	  0	  8.55312e-05	  2.96237e-06	  18	  8.46355e-07
213	  0.747849	  0.140028	  8.36612e-05	  4.28849e-06	  36	  9.29173e-07
214	  0.76953	  0.272166	  7.85788e-05	  3.32863e-06	  36	  7.21204e-07
215	  0.804368	  0.390567	  7.12372e-05	  4.60603e-06	  36	  9.97973e-07
216	  0.850747	  0.492366	  6.28792e-05	  2.63398e-06	  36	  5.70695e-07
217	  0.9069	  0.57735	  5.44911e-05	  2.62084e-06	  36	  5.6785e-07
218	  0.971131	  0.646997	  4.66877e-05	  4.36138e-06	  36	  9.44967e-07
219	  0.755145	  0	  8.19187e-05	  1.9257e-06	  12	  6.52187e-07
220	  0.762371	  0.137361	  8.01954e-05	  3.95337e-06	  24	  1.00465e-06
221	  0.783651	  0.267261	  7.54794e-05	  3.44314e-06	  24	  8.74984e-07
222	  0.817887	  0.384111	  6.86491e-05	  3.55852e-06	  24	  9.04305e-07
223	  0.863541	  0.485071	  6.0809e-05	  2.09443e-06	  24	  5.32245e-07
224	  0.918912	  0.569803	  5.29003e-05	  3.02138e-06	  24	  7.67806e-07
225	  0.982358	  0.639602	  4.55013e-05	  2.3887e-06	  24	  6.07026e-07
226	  0.762371	  0	  8.01954e-05	  1.75913e-06	  12	  5.95774e-07
227	  0.76953	  0.136083	  7.85788e-05	  4.05006e-06	  24	  1.02922e-06
228	  0.790617	  0.264906	  7.40102e-05	  2.77076e-06	  24	  7.04117e-07
229	  0.824564	  0.381	  6.74072e-05	  2.45639e-06	  24	  6.24229e-07
230	  0.869868	  0.481543	  5.98331e-05	  1.86803e-06	  24	  4.74712e-07
231	  0.92486	  0.566139	  5.21404e-05	  3.44669e-06	  24	  8.75888e-07
232	  0.987924	  0.635999	  4.49132e-05	  2.7051e-06	  24	  6.87431e-07
233	  0.797522	  0	  7.25949e-05	  3.16169e-06	  12	  1.07079e-06
234	  0.804368	  0.130189	  7.12372e-05	  3.65805e-06	  24	  9.29598e-07
235	  0.824564	  0.254	  6.74072e-05	  2.31849e-06	  24	  5.89184e-07
236	  0.857168	  0.366508	  6.18245e-05	  2.88534e-06	  24	  7.33234e-07
237	  0.900833	  0.464991	  5.53169e-05	  2.71596e-06	  24	  6.90192e-07
238	  0.954042	  0.548821	  4.86063e-05	  3.02039e-06	  24	  7.67555e-07
239	  0.817887	  0	  6.86491e-05	  2.34556e-06	  12	  7.94383e-07
240	  0.824564	  0.127	  6.74072e-05	  2.33396e-06	  24	  5.93115e-07
241	  0.844278	  0.248069	  6.3942e-05	  2.4485e-06	  24	  6.22224e-07
242	  0.876148	  0.358569	  5.88643e-05	  3.20638e-06	  24	  8.14819e-07
243	  0.918912	  0.455842	  5.29003e-05	  2.64178e-06	  24	  6.7134e-07
244	  0.971131	  0.539164	  4.66877e-05	  3.45846e-06	  24	  8.78878e-07
245	  0.837758	  0	  6.50738e-05	  2.75638e-06	  6	  1.2631e-06
246	  0.844278	  0.124035	  6.3942e-05	  3.72593e-06	  12	  1.26188e-06
247	  0.863541	  0.242536	  6.0809e-05	  1.34263e-06	  12	  4.54714e-07
248	  0.894726	  0.351123	  5.61554e-05	  2.18336e-06	  12	  7.3945e-07
249	  0.936642	  0.447214	  5.06708e-05	  2.06365e-06	  12	  6.98907e-07
250	  0.987924	  0.529999	  4.49132e-05	  3.71517e-06	  12	  1.25823e-06
251	  0.844278	  0	  6.3942e-05	  3.15498e-06	  24	  8.01756e-07
252	  0.850747	  0.123091	  6.28792e-05	  2.6665e-06	  48	  5.18202e-07
253	  0.869868	  0.240772	  5.98331e-05	  2.27306e-06	  48	  4.41742e-07
254	  0.900833	  0.348743	  5.53169e-05	  2.6472e-06	  48	  5.1445e-07
255	  0.942478	  0.444444	  4.99708e-05	  2.48929e-06	  48	  4.83763e-07
256	  0.993459	  0.527046	  4.43525e-05	  2.71805e-06	  48	  5.28219e-07
257	  0.863541	  0	  6.0809e-05	  1.43797e-06	  12	  4.87004e-07
258	  0.869868	  0.120386	  5.98331e-05	  2.16999e-06	  24	  5.51447e-07
259	  0.888577	  0.235702	  5.7047e-05	  2.14952e-06	  24	  5.46245e-07
260	  0.918912	  0.341882	  5.29003e-05	  2.5016e-06	  24	  6.35716e-07
261	  0.959772	  0.436436	  4.79605e-05	  2.28088e-06	  24	  5.79627e-07
262	  0.888577	  0	  5.7047e-05	  2.24132e-06	  6	  1.02708e-06
263	  0.894726	  0.117041	  5.61554e-05	  1.59244e-06	  12	  5.39321e-07
264	  0.912926	  0.229416	  5.36709e-05	  2.21e-06	  12	  7.48471e-07
265	  0.942478	  0.333333	  4.99708e-05	  2.31417e-06	  12	  7.83752e-07
266	  0.982358	  0.426401	  4.55013e-05	  2.33956e-06	  12	  7.9235e-07
267	  0.894726	  0	  5.61554e-05	  1.83338e-06	  12	  6.20921e-07
268	  0.900833	  0.116248	  5.53169e-05	  2.18067e-06	  24	  5.54161e-07
269	  0.918912	  0.227921	  5.29003e-05	  2.4016e-06	  24	  6.10305e-07
270	  0.948278	  0.331295	  4.92751e-05	  2.33422e-06	  24	  5.93182e-07
271	  0.987924	  0.423999	  4.49132e-05	  2.05364e-06	  24	  5.21879e-07
272	  0.900833	  0	  5.53169e-05	  2.57539e-06	  12	  8.7222e-07
273	  0.9069	  0.11547	  5.44911e-05	  2.02324e-06	  24	  5.14154e-07
274	  0.92486	  0.226455	  5.21404e-05	  1.64508e-06	  24	  4.18054e-07
275	  0.954042	  0.329293	  4.86063e-05	  2.3629e-06	  24	  6.0047e-07
276	  0.993459	  0.421637	  4.43525e-05	  2.13664e-06	  24	  5.42972e-07
277	  0.936642	  0	  5.06708e-05	  1.54781e-06	  12	  5.24204e-07
278	  0.942478	  0.111111	  4.99708e-05	  2.00607e-06	  24	  5.09791e-07
279	  0.959772	  0.218218	  4.79605e-05	  1.64612e-06	  24	  4.18319e-07
280	  0.987924	  0.317999	  4.49132e-05	  1.69291e-06	  24	  4.30209e-07
281	  0.942478	  0	  4.99708e-05	  3.91453e-06	  6	  1.79383e-06
282	  0.948278	  0.110432	  4.92751e-05	  2.75178e-06	  12	  9.31958e-07
283	  0.965468	  0.21693	  4.73186e-05	  2.17858e-06	  12	  7.3783e-07
284	  0.993459	  0.316228	  4.43525e-05	  2.43477e-06	  12	  8.24596e-07
285	  0.948278	  0	  4.92751e-05	  2.59171e-06	  12	  8.77747e-07
286	  0.954042	  0.109764	  4.86063e-05	  1.77408e-06	  24	  4.50836e-07
287	  0.971131	  0.215666	  4.66877e-05	  1.40514e-06	  24	  3.5708e-07
288	  0.998963	  0.314485	  4.38063e-05	  1.8744e-06	  24	  4.76331e-07
289	  0.965468	  0	  4.73186e-05	  1.54775e-06	  24	  3.93321e-07
290	  0.971131	  0.107833	  4.66877e-05	  1.95785e-06	  48	  3.80483e-07
291	  0.987924	  0.212	  4.49132e-05	  2.02041e-06	  48	  3.92642e-07
292	  0.987924	  0	  4.49132e-05	  1.99565e-06	  12	  6.75876e-07
293	  0.993459	  0.105409	  4.43525e-05	  1.99857e-06	  24	  5.07885e-07
294	  0.993459	  0	  4.43525e-05	  1.61305e-06	  12	  5.46301e-07
295	  0.998963	  0.104828	  4.38063e-05	  1.52117e-06	  24	  3.86567e-07
296	  1.08818	  0.030936	  3.60508e-05	  1.50195e-06	  138	  2.02952e-07
297	  1.08818	  0.0938307	  3.60508e-05	  1.37716e-06	  252	  1.55611e-07
298	  1.08818	  0.156319	  3.60508e-05	  1.23424e-06	  72	  2.07168e-07
299	  1.08818	  0.218712	  3.60508e-05	  1.4021e-06	  216	  1.65506e-07
300	  1.08818	  0.281224	  3.60508e-05	  1.62776e-06	  288	  1.77304e-07
301	  1.08818	  0.343807	  3.60508e-05	  1.51886e-06	  120	  2.14595e-07
302	  1.08818	  0.406302	  3.60508e-05	  2.07663e-06	  180	  2.58614e-07
303	  1.08818	  0.468745	  3.60508e-05	  2.06903e-06	  180	  2.57667e-07
304	  1.08818	  0.531226	  3.60508e-05	  2.23281e-06	  192	  2.7278e-07
305	  1.08818	  0.593785	  3.60508e-05	  2.88211e-06	  192	  3.52104e-07
306	  1.08818	  0.656281	  3.60508e-05	  2.42673e-06	  168	  3.08563e-07
307	  1.08818	  0.718743	  3.60508e-05	  3.0145e-06	  228	  3.50365e-07
308	  1.08818	  0.781255	  3.60508e-05	  3.925e-06	  144	  5.23334e-07
309	  1.08818	  0.843774	  3.60508e-05	  3.47675e-06	  240	  3.98261e-07
310	  1.08818	  0.90628	  3.60508e-05	  4.81931e-06	  168	  6.12783e-07
311	  1.08818	  0.968758	  3.60508e-05	  4.71852e-06	  150	  6.21192e-07
312	  1.25577	  0.030936	  2.59292e-05	  1.13767e-06	  198	  1.37734e-07
313	  1.25577	  0.0938307	  2.59292e-05	  1.18161e-06	  396	  1.18458e-07
314	  1.25577	  0.156319	  2.59292e-05	  1.12953e-06	  396	  1.13238e-07
315	  1.25577	  0.218712	  2.59292e-05	  1.05709e-06	  204	  1.26866e-07
316	  1.25577	  0.281224	  2.59292e-05	  1.25653e-06	  216	  1.48322e-07
317	  1.25577	  0.343807	  2.59292e-05	  1.23974e-06	  372	  1.26265e-07
318	  1.25577	  0.406302	  2.59292e-05	  1.36176e-06	  312	  1.45183e-07
319	  1.25577	  0.468745	  2.59292e-05	  1.37793e-06	  288	  1.50091e-07
320	  1.25577	  0.531226	  2.59292e-05	  1.78137e-06	  264	  1.98704e-07
321	  1.25577	  0.593785	  2.59292e-05	  1.6316e-06	  312	  1.73952e-07
322	  1.25577	  0.656281	  2.59292e-05	  1.85931e-06	  276	  2.04883e-07
323	  1.25577	  0.718743	  2.59292e-05	  2.02865e-06	  312	  2.16282e-07
324	  1.25577	  0.781255	  2.59292e-05	  2.32358e-06	  276	  2.56042e-07
325	  1.25577	  0.843774	  2.59292e-05	  2.5758e-06	  240	  2.95057e-07
326	  1.25577	  0.90628	  2.59292e-05	  2.97198e-06	  324	  3.13709e-07
327	  1.25577	  0.968758	  2.59292e-05	  3.31975e-06	  315	  3.53034e-07
328	  1.45182	  0.030936	  1.84965e-05	  8.0431e-07	  246	  9.14964e-08
329	  1.45182	  0.0938307	  1.84965e-05	  7.33502e-07	  516	  6.89657e-08
330	  1.45182	  0.156319	  1.84965e-05	  8.04938e-07	  504	  7.61017e-08
331	  1.45182	  0.218712	  1.84965e-05	  7.85657e-07	  528	  7.34742e-08
332	  1.45182	  0.281224	  1.84965e-05	  8.04477e-07	  504	  7.60581e-08
333	  1.45182	  0.343807	  1.84965e-05	  9.55466e-07	  384	  9.65317e-08
334	  1.45182	  0.406302	  1.84965e-05	  1.08116e-06	  420	  1.06813e-07
335	  1.45182	  0.468745	  1.84965e-05	  9.59219e-07	  468	  9.23009e-08
336	  1.45182	  0.531226	  1.84965e-05	  1.05996e-06	  480	  1.01378e-07
337	  1.45182	  0.593785	  1.84965e-05	  1.12647e-06	  468	  1.08395e-07
338	  1.45182	  0.656281	  1.84965e-05	  1.25347e-06	  396	  1.25663e-07
339	  1.45182	  0.718743	  1.84965e-05	  1.34111e-06	  456	  1.29858e-07
340	  1.45182	  0.781255	  1.84965e-05	  1.67135e-06	  432	  1.6398e-07
341	  1.45182	  0.843774	  1.84965e-05	  1.79446e-06	  480	  1.71629e-07
342	  1.45182	  0.90628	  1.84965e-05	  2.14108e-06	  480	  2.0478e-07
343	  1.45182	  0.968758	  1.84965e-05	  2.24103e-06	  414	  2.22192e-07
344	  1.68148	  0.030936	  1.3092e-05	  5.50197e-07	  798	  4.69866e-08
345	  1.68148	  0.0938307	  1.3092e-05	  6.21113e-07	  708	  5.43985e-08
346	  1.68148	  0.156319	  1.3092e-05	  5.61263e-07	  684	  4.95236e-08
347	  1.68148	  0.218712	  1.3092e-05	  6.18694e-07	  720	  5.3992e-08
348	  1.68148	  0.281224	  1.3092e-05	  6.12229e-07	  708	  5.36204e-08
349	  1.68148	  0.343807	  1.3092e-05	  6.44008e-07	  720	  5.62012e-08
350	  1.68148	  0.406302	  1.3092e-05	  6.98919e-07	  672	  6.19074e-08
351	  1.68148	  0.468745	  1.3092e-05	  7.73399e-07	  732	  6.72556e-08
352	  1.68148	  0.531226	  1.3092e-05	  7.88049e-07	  672	  6.98021e-08
353	  1.68148	  0.593785	  1.3092e-05	  8.21477e-07	  708	  7.19469e-08
354	  1.68148	  0.656281	  1.3092e-05	  8.52831e-07	  744	  7.39079e-08
355	  1.68148	  0.718743	  1.3092e-05	  1.07658e-06	  744	  9.3298e-08
356	  1.68148	  0.781255	  1.3092e-05	  1.13619e-06	  696	  9.9877e-08
357	  1.68148	  0.843774	  1.3092e-05	  1.26154e-06	  708	  1.10488e-07
358	  1.68148	  0.90628	  1.3092e-05	  1.41749e-06	  696	  1.24604e-07
359	  1.68148	  0.968758	  1.3092e-05	  1.51925e-06	  741	  1.31774e-07
360	  1.94819	  0.030936	  9.22078e-06	  4.08034e-07	  1368	  3.14337e-08
361	  1.94819	  0.0938307	  9.22078e-06	  4.00207e-07	  924	  3.31762e-08
362	  1.94819	  0.156319	  9.22078e-06	  4.34848e-07	  972	  3.56902e-08
363	  1.94819	  0.218712	  9.22078e-06	  4.4847e-07	  972	  3.68082e-08
364	  1.94819	  0.281224	  9.22078e-06	  4.05241e-07	  1200	  3.19604e-08
365	  1.94819	  0.343807	  9.22078e-06	  4.37424e-07	  1140	  3.48266e-08
366	  1.94819	  0.406302	  9.22078e-06	  4.68845e-07	  1080	  3.77088e-08
367	  1.94819	  0.468745	  9.22078e-06	  5.2495e-07	  1068	  4.23107e-08
368	  1.94819	  0.531226	  9.22078e-06	  5.09307e-07	  1164	  4.03934e-08
369	  1.94819	  0.593785	  9.22078e-06	  6.01619e-07	  1188	  4.75357e-08
370	  1.94819	  0.656281	  9.22078e-06	  6.20043e-07	  1068	  4.99752e-08
371	  1.94819	  0.718743	  9.22078e-06	  6.47326e-07	  1008	  5.27552e-08
372	  1.94819	  0.781255	  9.22078e-06	  7.6063e-07	  1164	  6.0326e-08
373	  1.94819	  0.843774	  9.22078e-06	  7.91299e-07	  1176	  6.26397e-08
374	  1.94819	  0.90628	  9.22078e-06	  8.91236e-07	  1080	  7.16812e-08
375	  1.94819	  0.968758	  9.22078e-06	  9.61566e-07	  1038	  7.79239e-08
376	  2.25604	  0.030936	  6.48115e-06	  2.97865e-07	  1896	  2.17339e-08
377	  2.25604	  0.0938307	  6.48115e-06	  2.99296e-07	  1272	  2.33566e-08
378	  2.25604	  0.156319	  6.48115e-06	  2.92869e-07	  2040	  2.11277e-08
379	  2.25604	  0.218712	  6.48115e-06	  3.08934e-07	  1740	  2.28528e-08
380	  2.25604	  0.281224	  6.48115e-06	  3.0985e-07	  1584	  2.32777e-08
381	  2.25604	  0.343807	  6.48115e-06	  3.15657e-07	  1764	  2.32985e-08
382	  2.25604	  0.406302	  6.48115e-06	  3.27178e-07	  1632	  2.44578e-08
383	  2.25604	  0.468745	  6.48115e-06	  3.53328e-07	  1860	  2.5859e-08
384	  2.25604	  0.531226	  6.48115e-06	  3.78528e-07	  1560	  2.85102e-08
385	  2.25604	  0.593785	  6.48115e-06	  3.94258e-07	  1692	  2.92976e-08
386	  2.25604	  0.656281	  6.48115e-06	  4.42792e-07	  1704	  3.28663e-08
387	  2.25604	  0.718743	  6.48115e-06	  4.60244e-07	  1824	  3.37886e-08
388	  2.25604	  0.781255	  6.48115e-06	  5.06178e-07	  1668	  3.77027e-08
389	  2.25604	  0.843774	  6.48115e-06	  5.44374e-07	  1680	  4.05001e-08
390	  2.25604	  0.90628	  6.48115e-06	  5.97497e-07	  1776	  4.40528e-08
391	  2.25604	  0.968758	  6.48115e-06	  6.25514e-07	  1656	  4.66468e-08
392	  2.61216	  0.030936	  4.54319e-06	  2.24257e-07	  2586	  1.56228e-08
393	  2.61216	  0.0938307	  4.54319e-06	  2.16183e-07	  3036	  1.47326e-08
394	  2.61216	  0.156319	  4.54319e-06	  2.25069e-07	  2124	  1.6137e-08
395	  2.61216	  0.218712	  4.54319e-06	  2.1757e-07	  2940	  1.48911e-08
396	  2.61216	  0.281224	  4.54319e-06	  2.28456e-07	  2616	  1.58895e-08
397	  2.61216	  0.343807	  4.54319e-06	  2.35472e-07	  2448	  1.65328e-08
398	  2.61216	  0.406302	  4.54319e-06	  2.41526e-07	  2916	  1.6549e-08
399	  2.61216	  0.468745	  4.54319e-06	  2.5082e-07	  2544	  1.75138e-08
400	  2.61216	  0.531226	  4.54319e-06	  2.63832e-07	  2652	  1.83148e-08
401	  2.61216	  0.593785	  4.54319e-06	  2.75624e-07	  2748	  1.90391e-08
402	  2.61216	  0.656281	  4.54319e-06	  3.07692e-07	  2676	  2.13327e-08
403	  2.61216	  0.718743	  4.54319e-06	  3.04376e-07	  2472	  2.13407e-08
404	  2.61216	  0.781255	  4.54319e-06	  3.31145e-07	  2616	  2.30316e-08
405	  2.61216	  0.843774	  4.54319e-06	  3.46791e-07	  2736	  2.39695e-08
406	  2.61216	  0.90628	  4.54319e-06	  3.72941e-07	  2568	  2.60065e-08
407	  2.61216	  0.968758	  4.54319e-06	  3.84799e-07	  2745	  2.65845e-08
408	  3.02645	  0.030936	  3.16893e-06	  1.60639e-07	  3414	  1.07812e-08
409	  3.02645	  0.0938307	  3.16893e-06	  1.59394e-07	  4512	  1.03426e-08
410	  3.02645	  0.156319	  3.16893e-06	  1.54377e-07	  4632	  9.98711e-09
411	  3.02645	  0.218712	  3.16893e-06	  1.54398e-07	  3972	  1.01697e-08
412	  3.02645	  0.281224	  3.16893e-06	  1.59505e-07	  4176	  1.04435e-08
413	  3.02645	  0.343807	  3.16893e-06	  1.63683e-07	  4344	  1.06676e-08
414	  3.02645	  0.406302	  3.16893e-06	  1.69742e-07	  4044	  1.11563e-08
415	  3.02645	  0.468745	  3.16893e-06	  1.77957e-07	  4092	  1.16798e-08
416	  3.02645	  0.531226	  3.16893e-06	  1.92352e-07	  4296	  1.25523e-08
417	  3.02645	  0.593785	  3.16893e-06	  1.95247e-07	  3996	  1.2851e-08
418	  3.02645	  0.656281	  3.16893e-06	  2.0463e-07	  4188	  1.33936e-08
419	  3.02645	  0.718743	  3.16893e-06	  2.20016e-07	  4212	  1.43909e-08
420	  3.02645	  0.781255	  3.16893e-06	  2.20616e-07	  4140	  1.44596e-08
421	  3.02645	  0.843774	  3.16893e-06	  2.28745e-07	  4128	  1.49975e-08
422	  3.02645	  0.90628	  3.16893e-06	  2.40964e-07	  4188	  1.57717e-08
423	  3.02645	  0.968758	  3.16893e-06	  2.43351e-07	  4128	  1.59551e-08
424	  3.50419	  0.030936	  2.20839e-06	  1.14872e-07	  7002	  7.11636e-09
425	  3.50419	  0.0938307	  2.20839e-06	  1.15287e-07	  6240	  7.22379e-09
426	  3.50419	  0.156319	  2.20839e-06	  1.08808e-07	  5964	  6.84935e-09
427	  3.50419	  0.218712	  2.20839e-06	  1.11979e-07	  6180	  7.02337e-09
428	  3.50419	  0.281224	  2.20839e-06	  1.14931e-07	  6420	  7.18094e-09
429	  3.50419	  0.343807	  2.20839e-06	  1.17757e-07	  6516	  7.34663e-09
430	  3.50419	  0.406302	  2.20839e-06	  1.19322e-07	  6312	  7.46801e-09
431	  3.50419	  0.468745	  2.20839e-06	  1.30352e-07	  6276	  8.16303e-09
432	  3.50419	  0.531226	  2.20839e-06	  1.28e-07	  6360	  8.005e-09
433	  3.50419	  0.593785	  2.20839e-06	  1.31411e-07	  6408	  8.21217e-09
434	  3.50419	  0.656281	  2.20839e-06	  1.44211e-07	  6360	  9.01883e-09
435	  3.50419	  0.718743	  2.20839e-06	  1.4432e-07	  6336	  9.0291e-09
436	  3.50419	  0.781255	  2.20839e-06	  1.44668e-07	  6372	  9.0457e-09
437	  3.50419	  0.843774	  2.20839e-06	  1.53451e-07	  6456	  9.58236e-09
438	  3.50419	  0.90628	  2.20839e-06	  1.51049e-07	  6360	  9.44649e-09
439	  3.50419	  0.968758	  2.20839e-06	  1.49797e-07	  6327	  9.37306e-09
440	  4.05763	  0.030936	  1.53462e-06	  8.1696e-08	  10392	  4.88621e-09
441	  4.05763	  0.0938307	  1.53462e-06	  7.86788e-08	  9420	  4.74459e-09
442	  4.05763	  0.156319	  1.53462e-06	  8.14992e-08	  10176	  4.88287e-09
443	  4.05763	  0.218712	  1.53462e-06	  8.11817e-08	  10260	  4.86055e-09
444	  4.05763	  0.281224	  1.53462e-06	  7.82354e-08	  9528	  4.71327e-09
445	  4.05763	  0.343807	  1.53462e-06	  8.07411e-08	  10140	  4.83887e-09
446	  4.05763	  0.406302	  1.53462e-06	  8.47914e-08	  9960	  5.08919e-09
447	  4.05763	  0.468745	  1.53462e-06	  8.54168e-08	  10068	  5.12212e-09
448	  4.05763	  0.531226	  1.53462e-06	  8.98648e-08	  9996	  5.39207e-09
449	  4.05763	  0.593785	  1.53462e-06	  8.94814e-08	  9828	  5.37668e-09
450	  4.05763	  0.656281	  1.53462e-06	  9.19321e-08	  10032	  5.51446e-09
451	  4.05763	  0.718743	  1.53462e-06	  9.32972e-08	  9924	  5.6014e-09
452	  4.05763	  0.781255	  1.53462e-06	  9.23546e-08	  10116	  5.53596e-09
453	  4.05763	  0.843774	  1.53462e-06	  9.40066e-08	  9888	  5.64571e-09
454	  4.05763	  0.90628	  1.53462e-06	  9.53216e-08	  10008	  5.71892e-09
455	  4.05763	  0.968758	  1.53462e-06	  9.02835e-08	  9978	  5.41801e-09
456	  4.69917	  0.030936	  1.06291e-06	  5.7935e-08	  13626	  3.39307e-09
457	  4.69917	  0.0938307	  1.06291e-06	  5.73577e-08	  16392	  3.31588e-09
458	  4.69917	  0.156319	  1.06291e-06	  5.66156e-08	  15708	  3.28251e-09
459	  4.69917	  0.218712	  1.06291e-06	  5.57303e-08	  15432	  3.23514e-09
460	  4.69917	  0.281224	  1.06291e-06	  5.55058e-08	  15780	  3.21715e-09
461	  4.69917	  0.343807	  1.06291e-06	  5.66435e-08	  15300	  3.29011e-09
462	  4.69917	  0.406302	  1.06291e-06	  5.68725e-08	  15588	  3.29914e-09
463	  4.69917	  0.468745	  1.06291e-06	  5.82421e-08	  15396	  3.38149e-09
464	  4.69917	  0.531226	  1.06291e-06	  5.97707e-08	  15504	  3.46857e-09
465	  4.69917	  0.593785	  1.06291e-06	  5.93149e-08	  15660	  3.43973e-09
466	  4.69917	  0.656281	  1.06291e-06	  5.9532e-08	  15192	  3.4596e-09
467	  4.69917	  0.718743	  1.06291e-06	  5.99484e-08	  15600	  3.47739e-09
468	  4.69917	  0.781255	  1.06291e-06	  6.0519e-08	  15216	  3.51656e-09
469	  4.69917	  0.843774	  1.06291e-06	  5.95979e-08	  15516	  3.45835e-09
470	  4.69917	  0.90628	  1.06291e-06	  5.69665e-08	  15540	  3.3053e-09
471	  4.69917	  0.968758	  1.06291e-06	  5.59008e-08	  15405	  3.24543e-09
472	  5.4432	  0.030936	  7.34335e-07	  4.11389e-08	  26250	  2.31086e-09
473	  5.4432	  0.0938307	  7.34335e-07	  4.03775e-08	  22392	  2.2887e-09
474	  5.4432	  0.156319	  7.34335e-07	  3.97955e-08	  24516	  2.24394e-09
475	  5.4432	  0.218712	  7.34335e-07	  3.87378e-08	  23592	  2.18909e-09
476	  5.4432	  0.281224	  7.34335e-07	  3.89542e-08	  24264	  2.19779e-09
477	  5.4432	  0.343807	  7.34335e-07	  3.89548e-08	  23928	  2.19957e-09
478	  5.4432	  0.406302	  7.34335e-07	  3.84599e-08	  24120	  2.17063e-09
479	  5.4432	  0.468745	  7.34335e-07	  3.8278e-08	  23964	  2.16117e-09
480	  5.4432	  0.531226	  7.34335e-07	  3.86347e-08	  24060	  2.18081e-09
481	  5.4432	  0.593785	  7.34335e-07	  3.90282e-08	  24108	  2.20277e-09
482	  5.4432	  0.656281	  7.34335e-07	  3.83886e-08	  24228	  2.16606e-09
483	  5.4432	  0.718743	  7.34335e-07	  3.83108e-08	  24144	  2.16209e-09
484	  5.4432	  0.781255	  7.34335e-07	  3.66912e-08	  23940	  2.0717e-09
485	  5.4432	  0.843774	  7.34335e-07	  3.50521e-08	  24192	  1.97797e-09
486	  5.4432	  0.90628	  7.34335e-07	  3.44266e-08	  23988	  1.94361e-09
487	  5.4432	  0.968758	  7.34335e-07	  3.26889e-08	  24141	  1.84483e-09
488	  6.30378	  0.030936	  5.06487e-07	  2.88426e-08	  35082	  1.59612e-09
489	  6.30378	  0.0938307	  5.06487e-07	  2.78972e-08	  39108	  1.53593e-09
490	  6.30378	  0.156319	  5.06487e-07	  2.73425e-08	  36924	  1.50942e-09
491	  6.30378	  0.218712	  5.06487e-07	  2.68235e-08	  37692	  1.47934e-09
492	  6.30378	  0.281224	  5.06487e-07	  2.59525e-08	  37092	  1.43238e-09
493	  6.30378	  0.343807	  5.06487e-07	  2.60905e-08	  37536	  1.43919e-09
494	  6.30378	  0.406302	  5.06487e-07	  2.58706e-08	  36984	  1.42805e-09
495	  6.30378	  0.468745	  5.06487e-07	  2.52454e-08	  37428	  1.39276e-09
496	  6.30378	  0.531226	  5.06487e-07	  2.49471e-08	  37392	  1.37637e-09
497	  6.30378	  0.593785	  5.06487e-07	  2.4466e-08	  37200	  1.35015e-09
498	  6.30378	  0.656281	  5.06487e-07	  2.38072e-08	  36924	  1.31426e-09
499	  6.30378	  0.718743	  5.06487e-07	  2.31072e-08	  37272	  1.27505e-09
500	  6.30378	  0.781255	  5.06487e-07	  2.1888e-08	  37284	  1.20776e-09
501	  6.30378	  0.843774	  5.06487e-07	  2.08757e-08	  37188	  1.15204e-09
502	  6.30378	  0.90628	  5.06487e-07	  1.9785e-08	  37320	  1.09167e-09
503	  6.30378	  0.968758	  5.06487e-07	  1.8289e-08	  37119	  1.00938e-09
504	  7.30029	  0.030936	  3.48469e-07	  1.97838e-08	  60258	  1.06978e-09
505	  7.30029	  0.0938307	  3.48469e-07	  1.91315e-08	  56916	  1.03677e-09
506	  7.30029	  0.156319	  3.48469e-07	  1.85228e-08	  56820	  1.00385e-09
507	  7.30029	  0.218712	  3.48469e-07	  1.80558e-08	  58716	  9.77304e-10
508	  7.30029	  0.281224	  3.48469e-07	  1.75534e-08	  57840	  9.50658e-10
509	  7.30029	  0.343807	  3.48469e-07	  1.69113e-08	  57612	  9.16019e-10
510	  7.30029	  0.406302	  3.48469e-07	  1.66494e-08	  58464	  9.01329e-10
511	  7.30029	  0.468745	  3.48469e-07	  1.62185e-08	  57948	  8.78298e-10
512	  7.30029	  0.531226	  3.48469e-07	  1.57885e-08	  57708	  8.55149e-10
513	  7.30029	  0.593785	  3.48469e-07	  1.49406e-08	  58236	  8.08944e-10
514	  7.30029	  0.656281	  3.48469e-07	  1.42658e-08	  58008	  7.72521e-10
515	  7.30029	  0.718743	  3.48469e-07	  1.35078e-08	  58200	  7.3138e-10
516	  7.30029	  0.781255	  3.48469e-07	  1.25134e-08	  58128	  6.77569e-10
517	  7.30029	  0.843774	  3.48469e-07	  1.16287e-08	  57972	  6.29734e-10
518	  7.30029	  0.90628	  3.48469e-07	  1.07109e-08	  57960	  5.80035e-10
519	  7.30029	  0.968758	  3.48469e-07	  9.86418e-09	  58122	  5.34125e-10
520	  8.455	  0.030936	  2.39328e-07	  1.31379e-08	  90198	  7.00639e-10
521	  8.455	  0.0938307	  2.39328e-07	  1.27565e-08	  89292	  6.80512e-10
522	  8.455	  0.156319	  2.39328e-07	  1.24098e-08	  90804	  6.61674e-10
523	  8.455	  0.218712	  2.39328e-07	  1.17697e-08	  89628	  6.27797e-10
524	  8.455	  0.281224	  2.39328e-07	  1.13396e-08	  89844	  6.0481e-10
525	  8.455	  0.343807	  2.39328e-07	  1.08833e-08	  90636	  5.80316e-10
526	  8.455	  0.406302	  2.39328e-07	  1.04758e-08	  89628	  5.58783e-10
527	  8.455	  0.468745	  2.39328e-07	  9.9523e-09	  89772	  5.30832e-10
528	  8.455	  0.531226	  2.39328e-07	  9.46948e-09	  90324	  5.04982e-10
529	  8.455	  0.593785	  2.39328e-07	  8.76908e-09	  89784	  4.67719e-10
530	  8.455	  0.656281	  2.39328e-07	  8.11135e-09	  90216	  4.32573e-10
531	  8.455	  0.718743	  2.39328e-07	  7.5157e-09	  89796	  4.00866e-10
532	  8.455	  0.781255	  2.39328e-07	  6.82787e-09	  90120	  3.64138e-10
533	  8.455	  0.843774	  2.39328e-07	  6.18261e-09	  90132	  3.29724e-10
534	  8.455	  0.90628	  2.39328e-07	  5.59553e-09	  89916	  2.98437e-10
535	  8.455	  0.968758	  2.39328e-07	  5.0033e-09	  89964	  2.66846e-10
536	  9.79129	  0.030936	  1.64041e-07	  8.62827e-09	  139068	  4.5455e-10
537	  9.79129	  0.0938307	  1.64041e-07	  8.25857e-09	  141180	  4.34908e-10
538	  9.79129	  0.156319	  1.64041e-07	  7.92177e-09	  139380	  4.17307e-10
539	  9.79129	  0.218712	  1.64041e-07	  7.50557e-09	  138804	  3.95424e-10
540	  9.79129	  0.281224	  1.64041e-07	  7.13801e-09	  140952	  3.75913e-10
541	  9.79129	  0.343807	  1.64041e-07	  6.69267e-09	  139668	  3.52542e-10
542	  9.79129	  0.406302	  1.64041e-07	  6.28167e-09	  139464	  3.30904e-10
543	  9.79129	  0.468745	  1.64041e-07	  5.83076e-09	  139812	  3.07132e-10
544	  9.79129	  0.531226	  1.64041e-07	  5.33889e-09	  139884	  2.81219e-10
545	  9.79129	  0.593785	  1.64041e-07	  4.89114e-09	  140184	  2.57621e-10
546	  9.79129	  0.656281	  1.64041e-07	  4.39143e-09	  139404	  2.31333e-10
547	  9.79129	  0.718743	  1.64041e-07	  3.94933e-09	  139932	  2.08024e-10
548	  9.79129	  0.781255	  1.64041e-07	  3.52323e-09	  139980	  1.85578e-10
549	  9.79129	  0.843774	  1.64041e-07	  3.09023e-09	  139632	  1.62781e-10
550	  9.79129	  0.90628	  1.64041e-07	  2.73007e-09	  140088	  1.43798e-10
551	  9.79129	  0.968758	  1.64041e-07	  2.36277e-09	  139623	  1.24462e-10
