#n	   k	      mu	    PL	    Pf	     w	     err  
0	  0.10472	  1	  0.00379853	  0.000395304	  3	  0.000247994
1	  0.20944	  1	  0.00134928	  0.00011191	  3	  7.0207e-05
2	  0.314159	  1	  0.000632002	  0.000106194	  3	  6.66205e-05
3	  0.418879	  1	  0.000354209	  2.01412e-05	  3	  1.26356e-05
4	  0.523599	  1	  0.00022393	  6.05871e-06	  3	  3.80093e-06
5	  0.628319	  1	  0.000151731	  2.87605e-05	  3	  1.80429e-05
6	  0.733038	  1	  0.000108477	  1.3352e-05	  3	  8.3764e-06
7	  0.837758	  1	  8.07459e-05	  1.14484e-05	  3	  7.18215e-06
8	  0.942478	  1	  6.20055e-05	  1.79303e-06	  3	  1.12486e-06
9	  0.10472	  0	  0.00379853	  6.85382e-05	  6	  3.14075e-05
10	  0.148096	  0.707107	  0.00241558	  9.55486e-05	  12	  3.23599e-05
11	  0.23416	  0.894427	  0.00106881	  0.000115983	  12	  3.92805e-05
12	  0.331153	  0.948683	  0.000572332	  4.67721e-05	  12	  1.58406e-05
13	  0.431771	  0.970143	  0.00033334	  2.53543e-05	  12	  8.58686e-06
14	  0.533968	  0.980581	  0.000214781	  1.679e-05	  12	  5.68634e-06
15	  0.636985	  0.986394	  0.000147282	  1.02159e-05	  12	  3.45987e-06
16	  0.74048	  0.989949	  0.00010613	  1.3281e-05	  12	  4.49795e-06
17	  0.844278	  0.992278	  7.93415e-05	  6.46639e-06	  12	  2.19001e-06
18	  0.948278	  0.993884	  6.11422e-05	  6.17545e-06	  12	  2.09147e-06
19	  0.148096	  0	  0.00241558	  3.6214e-05	  6	  1.6595e-05
20	  0.18138	  0.57735	  0.0017137	  4.93869e-05	  12	  1.67261e-05
21	  0.25651	  0.816497	  0.000940668	  5.524e-05	  12	  1.87084e-05
22	  0.347316	  0.904534	  0.000515517	  3.22775e-05	  12	  1.09316e-05
23	  0.444288	  0.942809	  0.00031512	  2.15235e-05	  12	  7.28946e-06
24	  0.54414	  0.96225	  0.000206254	  1.82305e-05	  12	  6.17423e-06
25	  0.645536	  0.973329	  0.000143139	  1.13006e-05	  12	  3.82722e-06
26	  0.747849	  0.980196	  0.00010381	  7.23822e-06	  12	  2.4514e-06
27	  0.850747	  0.984732	  7.80228e-05	  8.24345e-06	  12	  2.79185e-06
28	  0.954042	  0.987878	  6.03124e-05	  6.02919e-06	  12	  2.04194e-06
29	  0.20944	  0	  0.00134928	  2.25284e-05	  6	  1.03236e-05
30	  0.23416	  0.447214	  0.00106881	  3.69941e-05	  12	  1.2529e-05
31	  0.296192	  0.707107	  0.000695986	  4.40269e-05	  12	  1.49108e-05
32	  0.377572	  0.83205	  0.000438644	  2.95888e-05	  12	  1.0021e-05
33	  0.468321	  0.894427	  0.00028273	  2.38188e-05	  12	  8.06684e-06
34	  0.563933	  0.928477	  0.000191181	  9.15651e-06	  12	  3.10108e-06
35	  0.662306	  0.948683	  0.000135378	  9.09221e-06	  12	  3.07931e-06
36	  0.762371	  0.961524	  9.95093e-05	  9.43815e-06	  12	  3.19647e-06
37	  0.863541	  0.970143	  7.54539e-05	  2.54074e-06	  12	  8.60487e-07
38	  0.965468	  0.976187	  5.87146e-05	  4.11391e-06	  12	  1.39328e-06
39	  0.23416	  0	  0.00106881	  2.30531e-05	  12	  7.8075e-06
40	  0.25651	  0.408248	  0.000940668	  2.22491e-05	  24	  5.65402e-06
41	  0.314159	  0.666667	  0.000632002	  3.05281e-05	  24	  7.75793e-06
42	  0.391825	  0.801784	  0.000408396	  2.21558e-05	  24	  5.63032e-06
43	  0.479886	  0.872872	  0.000268343	  2.56738e-05	  24	  6.52433e-06
44	  0.573574	  0.912871	  0.000184519	  1.1553e-05	  24	  2.93589e-06
45	  0.670534	  0.937043	  0.000131833	  7.60293e-06	  24	  1.93209e-06
46	  0.76953	  0.952579	  9.75033e-05	  7.40131e-06	  24	  1.88085e-06
47	  0.869868	  0.963087	  7.4243e-05	  5.9499e-06	  24	  1.51201e-06
48	  0.971131	  0.970495	  5.79317e-05	  4.89123e-06	  24	  1.24298e-06
49	  0.296192	  0	  0.000695986	  1.31577e-05	  6	  6.02951e-06
50	  0.314159	  0.333333	  0.000632002	  1.68256e-05	  12	  5.69841e-06
51	  0.36276	  0.57735	  0.000471853	  1.41998e-05	  12	  4.8091e-06
52	  0.431771	  0.727607	  0.00033334	  1.8332e-05	  12	  6.20861e-06
53	  0.51302	  0.816497	  0.000233677	  1.57758e-05	  12	  5.34287e-06
54	  0.601569	  0.870388	  0.000166611	  1.22302e-05	  12	  4.14205e-06
55	  0.694632	  0.904534	  0.000122073	  1.22458e-05	  12	  4.14734e-06
56	  0.790617	  0.927173	  9.18345e-05	  6.69362e-06	  12	  2.26696e-06
57	  0.888577	  0.942809	  7.0786e-05	  5.19888e-06	  12	  1.76073e-06
58	  0.987924	  0.953998	  5.57298e-05	  2.45984e-06	  12	  8.33086e-07
59	  0.314159	  0	  0.000632002	  1.74902e-05	  6	  8.01488e-06
60	  0.331153	  0.316228	  0.000572332	  1.36457e-05	  12	  4.62144e-06
61	  0.377572	  0.5547	  0.000438644	  1.92969e-05	  12	  6.53539e-06
62	  0.444288	  0.707107	  0.00031512	  1.01901e-05	  12	  3.45112e-06
63	  0.523599	  0.8	  0.00022393	  1.5493e-05	  12	  5.24709e-06
64	  0.610616	  0.857493	  0.000161348	  6.45845e-06	  12	  2.18732e-06
65	  0.702481	  0.894427	  0.000119103	  7.66954e-06	  12	  2.59748e-06
66	  0.797522	  0.919145	  9.00783e-05	  6.64506e-06	  12	  2.25052e-06
67	  0.894726	  0.936329	  6.96796e-05	  3.3968e-06	  12	  1.15041e-06
68	  0.993459	  0.948683	  5.50341e-05	  4.16985e-06	  12	  1.41222e-06
69	  0.331153	  0	  0.000572332	  1.07305e-05	  12	  3.63416e-06
70	  0.347316	  0.301511	  0.000515517	  9.87275e-06	  24	  2.5089e-06
71	  0.391825	  0.534522	  0.000408396	  1.03244e-05	  24	  2.62368e-06
72	  0.456463	  0.688247	  0.000298414	  1.87341e-05	  24	  4.76077e-06
73	  0.533968	  0.784465	  0.000214781	  1.00121e-05	  24	  2.54433e-06
74	  0.61953	  0.845154	  0.000156415	  7.14642e-06	  24	  1.81608e-06
75	  0.710244	  0.884652	  0.000116293	  1.13812e-05	  24	  2.89223e-06
76	  0.804368	  0.911322	  8.83936e-05	  5.96762e-06	  24	  1.51652e-06
77	  0.900833	  0.929981	  6.86392e-05	  4.74045e-06	  24	  1.20466e-06
78	  0.998963	  0.943456	  5.43564e-05	  3.11345e-06	  24	  7.91202e-07
79	  0.377572	  0	  0.000438644	  8.92891e-06	  12	  3.024e-06
80	  0.391825	  0.267261	  0.000408396	  6.81236e-06	  24	  1.73119e-06
81	  0.431771	  0.485071	  0.00033334	  1.17304e-05	  24	  2.98098e-06
82	  0.491179	  0.639602	  0.000255503	  8.32659e-06	  24	  2.11599e-06
83	  0.563933	  0.742781	  0.000191181	  1.09925e-05	  24	  2.79346e-06
84	  0.645536	  0.811107	  0.000143139	  9.01106e-06	  24	  2.28993e-06
85	  0.733038	  0.857143	  0.000108477	  7.76219e-06	  24	  1.97256e-06
86	  0.824564	  0.889001	  8.36412e-05	  3.634e-06	  24	  9.23487e-07
87	  0.918912	  0.911685	  6.56405e-05	  5.2551e-06	  24	  1.33545e-06
88	  0.418879	  0	  0.000354209	  2.08713e-06	  6	  9.56425e-07
89	  0.431771	  0.242536	  0.00033334	  5.09483e-06	  12	  1.72549e-06
90	  0.468321	  0.447214	  0.00028273	  9.1333e-06	  12	  3.09322e-06
91	  0.523599	  0.6	  0.00022393	  8.44396e-06	  12	  2.85976e-06
92	  0.592384	  0.707107	  0.000172252	  4.03896e-06	  12	  1.36789e-06
93	  0.670534	  0.780869	  0.000131833	  8.78213e-06	  12	  2.97429e-06
94	  0.755145	  0.83205	  0.000101648	  5.17306e-06	  12	  1.75199e-06
95	  0.844278	  0.868243	  7.93415e-05	  5.00091e-06	  12	  1.69368e-06
96	  0.936642	  0.894427	  6.28741e-05	  2.55549e-06	  12	  8.65481e-07
97	  0.431771	  0	  0.00033334	  4.8729e-06	  12	  1.65033e-06
98	  0.444288	  0.235702	  0.00031512	  3.10039e-06	  24	  7.87884e-07
99	  0.479886	  0.436436	  0.000268343	  1.02288e-05	  24	  2.59938e-06
100	  0.533968	  0.588348	  0.000214781	  5.46344e-06	  24	  1.38839e-06
101	  0.601569	  0.696311	  0.000166611	  5.217e-06	  24	  1.32577e-06
102	  0.678662	  0.771517	  0.000128405	  4.72548e-06	  24	  1.20086e-06
103	  0.762371	  0.824163	  9.95093e-05	  7.01544e-06	  24	  1.78279e-06
104	  0.850747	  0.86164	  7.80228e-05	  5.93054e-06	  24	  1.50709e-06
105	  0.942478	  0.888889	  6.20055e-05	  4.86128e-06	  24	  1.23537e-06
106	  0.444288	  0	  0.00031512	  4.38008e-06	  6	  2.00717e-06
107	  0.456463	  0.229416	  0.000298414	  8.02847e-06	  12	  2.71904e-06
108	  0.491179	  0.426401	  0.000255503	  6.81791e-06	  12	  2.30906e-06
109	  0.54414	  0.57735	  0.000206254	  2.42058e-06	  12	  8.19789e-07
110	  0.610616	  0.685994	  0.000161348	  8.60241e-06	  12	  2.91342e-06
111	  0.686693	  0.762493	  0.00012517	  5.53647e-06	  12	  1.87506e-06
112	  0.76953	  0.816497	  9.75033e-05	  5.03549e-06	  12	  1.7054e-06
113	  0.857168	  0.855186	  7.6714e-05	  2.96149e-06	  12	  1.00298e-06
114	  0.948278	  0.883452	  6.11422e-05	  2.24162e-06	  12	  7.5918e-07
115	  0.468321	  0	  0.00028273	  5.63983e-06	  12	  1.91007e-06
116	  0.479886	  0.218218	  0.000268343	  7.88236e-06	  24	  2.0031e-06
117	  0.51302	  0.408248	  0.000233677	  7.99359e-06	  24	  2.03136e-06
118	  0.563933	  0.557086	  0.000191181	  7.50765e-06	  24	  1.90788e-06
119	  0.628319	  0.666667	  0.000151731	  5.66007e-06	  24	  1.43836e-06
120	  0.702481	  0.745356	  0.000119103	  6.34675e-06	  24	  1.61286e-06
121	  0.783651	  0.801784	  9.36575e-05	  5.43011e-06	  24	  1.37992e-06
122	  0.869868	  0.842701	  7.4243e-05	  3.65547e-06	  24	  9.28944e-07
123	  0.959772	  0.872872	  5.95111e-05	  3.42723e-06	  24	  8.70941e-07
124	  0.523599	  0	  0.00022393	  3.93729e-06	  18	  1.12489e-06
125	  0.533968	  0.196116	  0.000214781	  3.66954e-06	  36	  7.95068e-07
126	  0.563933	  0.371391	  0.000191181	  3.62167e-06	  36	  7.84695e-07
127	  0.610616	  0.514496	  0.000161348	  4.32915e-06	  36	  9.37982e-07
128	  0.670534	  0.624695	  0.000131833	  4.5118e-06	  36	  9.77557e-07
129	  0.74048	  0.707107	  0.00010613	  4.90403e-06	  36	  1.06254e-06
130	  0.817887	  0.768221	  8.51823e-05	  4.15258e-06	  36	  8.99726e-07
131	  0.900833	  0.813733	  6.86392e-05	  3.58797e-06	  36	  7.77394e-07
132	  0.987924	  0.847998	  5.57298e-05	  3.16747e-06	  36	  6.86286e-07
133	  0.533968	  0	  0.000214781	  3.64046e-06	  12	  1.23293e-06
134	  0.54414	  0.19245	  0.000206254	  5.47732e-06	  24	  1.39192e-06
135	  0.573574	  0.365148	  0.000184519	  3.72763e-06	  24	  9.47281e-07
136	  0.61953	  0.507093	  0.000156415	  4.78095e-06	  24	  1.21495e-06
137	  0.678662	  0.617213	  0.000128405	  4.59242e-06	  24	  1.16704e-06
138	  0.747849	  0.70014	  0.00010381	  4.33446e-06	  24	  1.10149e-06
139	  0.824564	  0.762001	  8.36412e-05	  1.80081e-06	  24	  4.5763e-07
140	  0.9069	  0.80829	  6.76145e-05	  3.97709e-06	  24	  1.01067e-06
141	  0.993459	  0.843274	  5.50341e-05	  2.99605e-06	  24	  7.61369e-07
142	  0.563933	  0	  0.000191181	  1.52828e-06	  12	  5.17589e-07
143	  0.573574	  0.182574	  0.000184519	  3.08151e-06	  24	  7.83085e-07
144	  0.601569	  0.348155	  0.000166611	  3.95453e-06	  24	  1.00494e-06
145	  0.645536	  0.486664	  0.000143139	  4.6274e-06	  24	  1.17593e-06
146	  0.702481	  0.596285	  0.000119103	  4.79524e-06	  24	  1.21859e-06
147	  0.76953	  0.680414	  9.75033e-05	  2.76174e-06	  24	  7.01826e-07
148	  0.844278	  0.744208	  7.93415e-05	  4.37795e-06	  24	  1.11254e-06
149	  0.92486	  0.792594	  6.46977e-05	  3.42383e-06	  24	  8.70078e-07
150	  0.592384	  0	  0.000172252	  1.06275e-06	  6	  4.87003e-07
151	  0.601569	  0.174078	  0.000166611	  2.23074e-06	  12	  7.55495e-07
152	  0.628319	  0.333333	  0.000151731	  3.12825e-06	  12	  1.05946e-06
153	  0.670534	  0.468521	  0.000131833	  2.74346e-06	  12	  9.29143e-07
154	  0.72552	  0.57735	  0.000110996	  5.25334e-06	  12	  1.77918e-06
155	  0.790617	  0.662266	  9.18345e-05	  3.79154e-06	  12	  1.2841e-06
156	  0.863541	  0.727607	  7.54539e-05	  3.16904e-06	  12	  1.07328e-06
157	  0.942478	  0.777778	  6.20055e-05	  2.39598e-06	  12	  8.11458e-07
158	  0.610616	  0	  0.000161348	  2.32409e-06	  12	  7.87112e-07
159	  0.61953	  0.169031	  0.000156415	  2.79572e-06	  24	  7.1046e-07
160	  0.645536	  0.324443	  0.000143139	  3.29597e-06	  24	  8.37584e-07
161	  0.686693	  0.457496	  0.00012517	  3.63002e-06	  24	  9.22476e-07
162	  0.74048	  0.565685	  0.00010613	  3.13061e-06	  24	  7.95563e-07
163	  0.804368	  0.650945	  8.83936e-05	  4.17041e-06	  24	  1.0598e-06
164	  0.876148	  0.717137	  7.30409e-05	  3.55634e-06	  24	  9.03752e-07
165	  0.954042	  0.76835	  6.03124e-05	  2.8691e-06	  24	  7.29109e-07
166	  0.628319	  0	  0.000151731	  7.97472e-06	  6	  3.6544e-06
167	  0.636985	  0.164399	  0.000147282	  3.93781e-06	  12	  1.33364e-06
168	  0.662306	  0.316228	  0.000135378	  2.51311e-06	  12	  8.51128e-07
169	  0.702481	  0.447214	  0.000119103	  1.41047e-06	  12	  4.77692e-07
170	  0.755145	  0.5547	  0.000101648	  1.96463e-06	  12	  6.65371e-07
171	  0.817887	  0.640184	  8.51823e-05	  2.41008e-06	  12	  8.16235e-07
172	  0.888577	  0.707107	  7.0786e-05	  2.65839e-06	  12	  9.00329e-07
173	  0.965468	  0.759257	  5.87146e-05	  3.12958e-06	  12	  1.05991e-06
174	  0.636985	  0	  0.000147282	  3.83048e-06	  12	  1.29729e-06
175	  0.645536	  0.162221	  0.000143139	  2.08094e-06	  24	  5.28817e-07
176	  0.670534	  0.312348	  0.000131833	  2.31218e-06	  24	  5.87581e-07
177	  0.710244	  0.442326	  0.000116293	  3.1283e-06	  24	  7.94978e-07
178	  0.762371	  0.549442	  9.95093e-05	  3.94212e-06	  24	  1.00179e-06
179	  0.824564	  0.635001	  8.36412e-05	  1.98489e-06	  24	  5.04409e-07
180	  0.894726	  0.702247	  6.96796e-05	  2.06365e-06	  24	  5.24422e-07
181	  0.971131	  0.754829	  5.79317e-05	  2.5257e-06	  24	  6.4184e-07
182	  0.662306	  0	  0.000135378	  2.33682e-06	  12	  7.91423e-07
183	  0.670534	  0.156174	  0.000131833	  2.15832e-06	  24	  5.4848e-07
184	  0.694632	  0.301511	  0.000122073	  2.38294e-06	  24	  6.05563e-07
185	  0.733038	  0.428571	  0.000108477	  3.0877e-06	  24	  7.84658e-07
186	  0.783651	  0.534522	  9.36575e-05	  2.5219e-06	  24	  6.40877e-07
187	  0.844278	  0.620174	  7.93415e-05	  2.51451e-06	  24	  6.38998e-07
188	  0.912926	  0.688247	  6.65967e-05	  1.84337e-06	  24	  4.68444e-07
189	  0.987924	  0.741999	  5.57298e-05	  2.1007e-06	  24	  5.33839e-07
190	  0.670534	  0	  0.000131833	  2.74971e-06	  12	  9.31257e-07
191	  0.678662	  0.154303	  0.000128405	  1.85808e-06	  24	  4.72183e-07
192	  0.702481	  0.298142	  0.000119103	  2.99265e-06	  24	  7.60503e-07
193	  0.74048	  0.424264	  0.00010613	  2.35195e-06	  24	  5.97687e-07
194	  0.790617	  0.529813	  9.18345e-05	  2.5399e-06	  24	  6.45451e-07
195	  0.850747	  0.615457	  7.80228e-05	  1.84603e-06	  24	  4.69122e-07
196	  0.918912	  0.683763	  6.56405e-05	  2.74294e-06	  24	  6.97047e-07
197	  0.993459	  0.737865	  5.50341e-05	  2.33132e-06	  24	  5.92445e-07
198	  0.702481	  0	  0.000119103	  1.18965e-06	  12	  4.02905e-07
199	  0.710244	  0.147442	  0.000116293	  2.35693e-06	  24	  5.98953e-07
200	  0.733038	  0.285714	  0.000108477	  3.01894e-06	  24	  7.67185e-07
201	  0.76953	  0.408248	  9.75033e-05	  2.50465e-06	  24	  6.36492e-07
202	  0.817887	  0.512148	  8.51823e-05	  3.53194e-06	  24	  8.9755e-07
203	  0.876148	  0.597614	  7.30409e-05	  2.90103e-06	  24	  7.37222e-07
204	  0.942478	  0.666667	  6.20055e-05	  2.40738e-06	  24	  6.11774e-07
205	  0.733038	  0	  0.000108477	  1.87746e-06	  6	  8.60344e-07
206	  0.74048	  0.141421	  0.00010613	  1.91122e-06	  12	  6.47284e-07
207	  0.762371	  0.274721	  9.95093e-05	  1.62668e-06	  12	  5.50917e-07
208	  0.797522	  0.393919	  9.00783e-05	  2.18201e-06	  12	  7.38991e-07
209	  0.844278	  0.496139	  7.93415e-05	  2.64788e-06	  12	  8.96769e-07
210	  0.900833	  0.581238	  6.86392e-05	  2.81154e-06	  12	  9.52199e-07
211	  0.965468	  0.650791	  5.87146e-05	  2.28415e-06	  12	  7.73585e-07
212	  0.74048	  0	  0.00010613	  1.98363e-06	  18	  5.66729e-07
213	  0.747849	  0.140028	  0.00010381	  2.55754e-06	  36	  5.54134e-07
214	  0.76953	  0.272166	  9.75033e-05	  1.98152e-06	  36	  4.2933e-07
215	  0.804368	  0.390567	  8.83936e-05	  2.87526e-06	  36	  6.22973e-07
216	  0.850747	  0.492366	  7.80228e-05	  1.79508e-06	  36	  3.88935e-07
217	  0.9069	  0.57735	  6.76145e-05	  1.81834e-06	  36	  3.93973e-07
218	  0.971131	  0.646997	  5.79317e-05	  2.95441e-06	  36	  6.40122e-07
219	  0.755145	  0	  0.000101648	  1.25696e-06	  12	  4.25702e-07
220	  0.762371	  0.137361	  9.95093e-05	  2.45917e-06	  24	  6.24934e-07
221	  0.783651	  0.267261	  9.36575e-05	  2.11051e-06	  24	  5.36332e-07
222	  0.817887	  0.384111	  8.51823e-05	  2.33675e-06	  24	  5.93823e-07
223	  0.863541	  0.485071	  7.54539e-05	  1.26902e-06	  24	  3.22488e-07
224	  0.918912	  0.569803	  6.56405e-05	  2.07523e-06	  24	  5.27367e-07
225	  0.982358	  0.639602	  5.64596e-05	  1.61523e-06	  24	  4.1047e-07
226	  0.762371	  0	  9.95093e-05	  1.07623e-06	  12	  3.64493e-07
227	  0.76953	  0.136083	  9.75033e-05	  2.43301e-06	  24	  6.18287e-07
228	  0.790617	  0.264906	  9.18345e-05	  1.68924e-06	  24	  4.29276e-07
229	  0.824564	  0.381	  8.36412e-05	  1.69197e-06	  24	  4.2997e-07
230	  0.869868	  0.481543	  7.4243e-05	  1.22679e-06	  24	  3.11758e-07
231	  0.92486	  0.566139	  6.46977e-05	  2.34624e-06	  24	  5.96236e-07
232	  0.987924	  0.635999	  5.57298e-05	  1.72908e-06	  24	  4.394e-07
233	  0.797522	  0	  9.00783e-05	  1.89897e-06	  12	  6.43135e-07
234	  0.804368	  0.130189	  8.83936e-05	  2.34904e-06	  24	  5.96949e-07
235	  0.824564	  0.254	  8.36412e-05	  1.49848e-06	  24	  3.80801e-07
236	  0.857168	  0.366508	  7.6714e-05	  1.78448e-06	  24	  4.5348e-07
237	  0.900833	  0.464991	  6.86392e-05	  1.69039e-06	  24	  4.2957e-07
238	  0.954042	  0.548821	  6.03124e-05	  1.96599e-06	  24	  4.99605e-07
239	  0.817887	  0	  8.51823e-05	  1.38556e-06	  12	  4.69256e-07
240	  0.824564	  0.127	  8.36412e-05	  1.3324e-06	  24	  3.38596e-07
241	  0.844278	  0.248069	  7.93415e-05	  1.57193e-06	  24	  3.99466e-07
242	  0.876148	  0.358569	  7.30409e-05	  1.95733e-06	  24	  4.97405e-07
243	  0.918912	  0.455842	  6.56405e-05	  1.82371e-06	  24	  4.63449e-07
244	  0.971131	  0.539164	  5.79317e-05	  2.13191e-06	  24	  5.41769e-07
245	  0.837758	  0	  8.07459e-05	  1.73222e-06	  6	  7.93787e-07
246	  0.844278	  0.124035	  7.93415e-05	  2.3214e-06	  12	  7.86201e-07
247	  0.863541	  0.242536	  7.54539e-05	  7.49275e-07	  12	  2.53761e-07
248	  0.894726	  0.351123	  6.96796e-05	  1.45179e-06	  12	  4.91686e-07
249	  0.936642	  0.447214	  6.28741e-05	  1.48553e-06	  12	  5.03111e-07
250	  0.987924	  0.529999	  5.57298e-05	  2.4296e-06	  12	  8.22844e-07
251	  0.844278	  0	  7.93415e-05	  2.02753e-06	  24	  5.15244e-07
252	  0.850747	  0.123091	  7.80228e-05	  1.71538e-06	  48	  3.33364e-07
253	  0.869868	  0.240772	  7.4243e-05	  1.42781e-06	  48	  2.77478e-07
254	  0.900833	  0.348743	  6.86392e-05	  1.68925e-06	  48	  3.28285e-07
255	  0.942478	  0.444444	  6.20055e-05	  1.60105e-06	  48	  3.11145e-07
256	  0.993459	  0.527046	  5.50341e-05	  1.78156e-06	  48	  3.46225e-07
257	  0.863541	  0	  7.54539e-05	  8.89044e-07	  12	  3.01097e-07
258	  0.869868	  0.120386	  7.4243e-05	  1.51238e-06	  24	  3.84332e-07
259	  0.888577	  0.235702	  7.0786e-05	  1.46436e-06	  24	  3.72129e-07
260	  0.918912	  0.341882	  6.56405e-05	  1.57842e-06	  24	  4.01114e-07
261	  0.959772	  0.436436	  5.95111e-05	  1.53191e-06	  24	  3.89296e-07
262	  0.888577	  0	  7.0786e-05	  1.34959e-06	  6	  6.18449e-07
263	  0.894726	  0.117041	  6.96796e-05	  1.02641e-06	  12	  3.47619e-07
264	  0.912926	  0.229416	  6.65967e-05	  1.45785e-06	  12	  4.93736e-07
265	  0.942478	  0.333333	  6.20055e-05	  1.61289e-06	  12	  5.46246e-07
266	  0.982358	  0.426401	  5.64596e-05	  1.52647e-06	  12	  5.16976e-07
267	  0.894726	  0	  6.96796e-05	  1.02062e-06	  12	  3.45657e-07
268	  0.900833	  0.116248	  6.86392e-05	  1.27091e-06	  24	  3.2297e-07
269	  0.918912	  0.227921	  6.56405e-05	  1.59789e-06	  24	  4.06062e-07
270	  0.948278	  0.331295	  6.11422e-05	  1.56718e-06	  24	  3.98258e-07
271	  0.987924	  0.423999	  5.57298e-05	  1.35831e-06	  24	  3.45178e-07
272	  0.900833	  0	  6.86392e-05	  1.83609e-06	  12	  6.21839e-07
273	  0.9069	  0.11547	  6.76145e-05	  1.29925e-06	  24	  3.30171e-07
274	  0.92486	  0.226455	  6.46977e-05	  1.04255e-06	  24	  2.64938e-07
275	  0.954042	  0.329293	  6.03124e-05	  1.5664e-06	  24	  3.98059e-07
276	  0.993459	  0.421637	  5.50341e-05	  1.39487e-06	  24	  3.5447e-07
277	  0.936642	  0	  6.28741e-05	  9.56996e-07	  12	  3.24111e-07
278	  0.942478	  0.111111	  6.20055e-05	  1.35451e-06	  24	  3.44214e-07
279	  0.959772	  0.218218	  5.95111e-05	  1.17708e-06	  24	  2.99125e-07
280	  0.987924	  0.317999	  5.57298e-05	  1.10975e-06	  24	  2.82015e-07
281	  0.942478	  0	  6.20055e-05	  2.29815e-06	  6	  1.05312e-06
282	  0.948278	  0.110432	  6.11422e-05	  1.62247e-06	  12	  5.49489e-07
283	  0.965468	  0.21693	  5.87146e-05	  1.3813e-06	  12	  4.67812e-07
284	  0.993459	  0.316228	  5.50341e-05	  1.47653e-06	  12	  5.00063e-07
285	  0.948278	  0	  6.11422e-05	  1.45663e-06	  12	  4.93325e-07
286	  0.954042	  0.109764	  6.03124e-05	  1.11351e-06	  24	  2.8297e-07
287	  0.971131	  0.215666	  5.79317e-05	  9.13179e-07	  24	  2.32061e-07
288	  0.998963	  0.314485	  5.43564e-05	  1.1866e-06	  24	  3.01544e-07
289	  0.965468	  0	  5.87146e-05	  1.07758e-06	  24	  2.7384e-07
290	  0.971131	  0.107833	  5.79317e-05	  1.23689e-06	  48	  2.40375e-07
291	  0.987924	  0.212	  5.57298e-05	  1.33472e-06	  48	  2.59386e-07
292	  0.987924	  0	  5.57298e-05	  1.15001e-06	  12	  3.8948e-07
293	  0.993459	  0.105409	  5.50341e-05	  1.18744e-06	  24	  3.01757e-07
294	  0.993459	  0	  5.50341e-05	  9.85455e-07	  12	  3.33749e-07
295	  0.998963	  0.104828	  5.43564e-05	  1.02851e-06	  24	  2.61369e-07
296	  1.08818	  0.030936	  4.47331e-05	  9.62551e-07	  138	  1.30065e-07
297	  1.08818	  0.0938307	  4.47331e-05	  8.84446e-07	  252	  9.99372e-08
298	  1.08818	  0.156319	  4.47331e-05	  7.92822e-07	  72	  1.33076e-07
299	  1.08818	  0.218712	  4.47331e-05	  8.96101e-07	  216	  1.05777e-07
300	  1.08818	  0.281224	  4.47331e-05	  1.05211e-06	  288	  1.14602e-07
301	  1.08818	  0.343807	  4.47331e-05	  1.0074e-06	  120	  1.42333e-07
302	  1.08818	  0.406302	  4.47331e-05	  1.39857e-06	  180	  1.74171e-07
303	  1.08818	  0.468745	  4.47331e-05	  1.30816e-06	  180	  1.62913e-07
304	  1.08818	  0.531226	  4.47331e-05	  1.49706e-06	  192	  1.82895e-07
305	  1.08818	  0.593785	  4.47331e-05	  1.90825e-06	  192	  2.33128e-07
306	  1.08818	  0.656281	  4.47331e-05	  1.57716e-06	  168	  2.00538e-07
307	  1.08818	  0.718743	  4.47331e-05	  2.02608e-06	  228	  2.35485e-07
308	  1.08818	  0.781255	  4.47331e-05	  2.79464e-06	  144	  3.72618e-07
309	  1.08818	  0.843774	  4.47331e-05	  2.38831e-06	  240	  2.7358e-07
310	  1.08818	  0.90628	  4.47331e-05	  3.05158e-06	  168	  3.88013e-07
311	  1.08818	  0.968758	  4.47331e-05	  3.09329e-06	  150	  4.07231e-07
312	  1.25577	  0.030936	  3.21739e-05	  7.34871e-07	  198	  8.89686e-08
313	  1.25577	  0.0938307	  3.21739e-05	  7.57471e-07	  396	  7.59379e-08
314	  1.25577	  0.156319	  3.21739e-05	  7.25383e-07	  396	  7.2721e-08
315	  1.25577	  0.218712	  3.21739e-05	  6.83541e-07	  204	  8.20345e-08
316	  1.25577	  0.281224	  3.21739e-05	  8.13359e-07	  216	  9.601e-08
317	  1.25577	  0.343807	  3.21739e-05	  8.0491e-07	  372	  8.19781e-08
318	  1.25577	  0.406302	  3.21739e-05	  9.18129e-07	  312	  9.78853e-08
319	  1.25577	  0.468745	  3.21739e-05	  9.05974e-07	  288	  9.86837e-08
320	  1.25577	  0.531226	  3.21739e-05	  1.19683e-06	  264	  1.33501e-07
321	  1.25577	  0.593785	  3.21739e-05	  1.13455e-06	  312	  1.20958e-07
322	  1.25577	  0.656281	  3.21739e-05	  1.22129e-06	  276	  1.34577e-07
323	  1.25577	  0.718743	  3.21739e-05	  1.38908e-06	  312	  1.48096e-07
324	  1.25577	  0.781255	  3.21739e-05	  1.61597e-06	  276	  1.78069e-07
325	  1.25577	  0.843774	  3.21739e-05	  1.64649e-06	  240	  1.88605e-07
326	  1.25577	  0.90628	  3.21739e-05	  1.86328e-06	  324	  1.9668e-07
327	  1.25577	  0.968758	  3.21739e-05	  2.15082e-06	  315	  2.28726e-07
328	  1.45182	  0.030936	  2.29512e-05	  5.20398e-07	  246	  5.91993e-08
329	  1.45182	  0.0938307	  2.29512e-05	  4.76717e-07	  516	  4.48221e-08
330	  1.45182	  0.156319	  2.29512e-05	  5.26829e-07	  504	  4.98083e-08
331	  1.45182	  0.218712	  2.29512e-05	  4.9009e-07	  528	  4.58329e-08
332	  1.45182	  0.281224	  2.29512e-05	  5.29177e-07	  504	  5.00302e-08
333	  1.45182	  0.343807	  2.29512e-05	  5.99478e-07	  384	  6.05659e-08
334	  1.45182	  0.406302	  2.29512e-05	  7.2829e-07	  420	  7.19514e-08
335	  1.45182	  0.468745	  2.29512e-05	  6.35691e-07	  468	  6.11694e-08
336	  1.45182	  0.531226	  2.29512e-05	  7.21031e-07	  480	  6.89619e-08
337	  1.45182	  0.593785	  2.29512e-05	  7.5293e-07	  468	  7.24507e-08
338	  1.45182	  0.656281	  2.29512e-05	  8.10196e-07	  396	  8.12236e-08
339	  1.45182	  0.718743	  2.29512e-05	  9.01773e-07	  456	  8.7318e-08
340	  1.45182	  0.781255	  2.29512e-05	  1.11004e-06	  432	  1.08909e-07
341	  1.45182	  0.843774	  2.29512e-05	  1.1123e-06	  480	  1.06384e-07
342	  1.45182	  0.90628	  2.29512e-05	  1.3215e-06	  480	  1.26393e-07
343	  1.45182	  0.968758	  2.29512e-05	  1.47712e-06	  414	  1.46452e-07
344	  1.68148	  0.030936	  1.6245e-05	  3.55718e-07	  798	  3.03782e-08
345	  1.68148	  0.0938307	  1.6245e-05	  3.98068e-07	  708	  3.48637e-08
346	  1.68148	  0.156319	  1.6245e-05	  3.67453e-07	  684	  3.24226e-08
347	  1.68148	  0.218712	  1.6245e-05	  3.97171e-07	  720	  3.46603e-08
348	  1.68148	  0.281224	  1.6245e-05	  4.06873e-07	  708	  3.56349e-08
349	  1.68148	  0.343807	  1.6245e-05	  4.28497e-07	  720	  3.7394e-08
350	  1.68148	  0.406302	  1.6245e-05	  4.55956e-07	  672	  4.03867e-08
351	  1.68148	  0.468745	  1.6245e-05	  5.26271e-07	  732	  4.57651e-08
352	  1.68148	  0.531226	  1.6245e-05	  5.37864e-07	  672	  4.76418e-08
353	  1.68148	  0.593785	  1.6245e-05	  5.51736e-07	  708	  4.83223e-08
354	  1.68148	  0.656281	  1.6245e-05	  5.75096e-07	  744	  4.98388e-08
355	  1.68148	  0.718743	  1.6245e-05	  7.14657e-07	  744	  6.19335e-08
356	  1.68148	  0.781255	  1.6245e-05	  7.76587e-07	  696	  6.82658e-08
357	  1.68148	  0.843774	  1.6245e-05	  7.85021e-07	  708	  6.8754e-08
358	  1.68148	  0.90628	  1.6245e-05	  8.65127e-07	  696	  7.60489e-08
359	  1.68148	  0.968758	  1.6245e-05	  9.71493e-07	  741	  8.42633e-08
360	  1.94819	  0.030936	  1.14415e-05	  2.63084e-07	  1368	  2.02671e-08
361	  1.94819	  0.0938307	  1.14415e-05	  2.63746e-07	  924	  2.18639e-08
362	  1.94819	  0.156319	  1.14415e-05	  2.77664e-07	  972	  2.27893e-08
363	  1.94819	  0.218712	  1.14415e-05	  2.98289e-07	  972	  2.44821e-08
364	  1.94819	  0.281224	  1.14415e-05	  2.72245e-07	  1200	  2.14713e-08
365	  1.94819	  0.343807	  1.14415e-05	  2.93965e-07	  1140	  2.34048e-08
366	  1.94819	  0.406302	  1.14415e-05	  3.1781e-07	  1080	  2.55612e-08
367	  1.94819	  0.468745	  1.14415e-05	  3.54289e-07	  1068	  2.85555e-08
368	  1.94819	  0.531226	  1.14415e-05	  3.34947e-07	  1164	  2.65648e-08
369	  1.94819	  0.593785	  1.14415e-05	  4.05988e-07	  1188	  3.20783e-08
370	  1.94819	  0.656281	  1.14415e-05	  4.08542e-07	  1068	  3.29283e-08
371	  1.94819	  0.718743	  1.14415e-05	  4.37384e-07	  1008	  3.56455e-08
372	  1.94819	  0.781255	  1.14415e-05	  4.84902e-07	  1164	  3.84578e-08
373	  1.94819	  0.843774	  1.14415e-05	  5.14348e-07	  1176	  4.07161e-08
374	  1.94819	  0.90628	  1.14415e-05	  5.44316e-07	  1080	  4.37788e-08
375	  1.94819	  0.968758	  1.14415e-05	  5.83946e-07	  1038	  4.73222e-08
376	  2.25604	  0.030936	  8.04204e-06	  1.96713e-07	  1896	  1.43533e-08
377	  2.25604	  0.0938307	  8.04204e-06	  1.99461e-07	  1272	  1.55657e-08
378	  2.25604	  0.156319	  8.04204e-06	  1.93407e-07	  2040	  1.39525e-08
379	  2.25604	  0.218712	  8.04204e-06	  2.06258e-07	  1740	  1.52576e-08
380	  2.25604	  0.281224	  8.04204e-06	  2.10168e-07	  1584	  1.57891e-08
381	  2.25604	  0.343807	  8.04204e-06	  2.12904e-07	  1764	  1.57144e-08
382	  2.25604	  0.406302	  8.04204e-06	  2.22799e-07	  1632	  1.6655e-08
383	  2.25604	  0.468745	  8.04204e-06	  2.37908e-07	  1860	  1.74118e-08
384	  2.25604	  0.531226	  8.04204e-06	  2.54732e-07	  1560	  1.9186e-08
385	  2.25604	  0.593785	  8.04204e-06	  2.65018e-07	  1692	  1.96937e-08
386	  2.25604	  0.656281	  8.04204e-06	  2.8816e-07	  1704	  2.13887e-08
387	  2.25604	  0.718743	  8.04204e-06	  3.01662e-07	  1824	  2.21464e-08
388	  2.25604	  0.781255	  8.04204e-06	  3.14649e-07	  1668	  2.34367e-08
389	  2.25604	  0.843774	  8.04204e-06	  3.33075e-07	  1680	  2.478e-08
390	  2.25604	  0.90628	  8.04204e-06	  3.55523e-07	  1776	  2.62123e-08
391	  2.25604	  0.968758	  8.04204e-06	  3.67406e-07	  1656	  2.73988e-08
392	  2.61216	  0.030936	  5.63734e-06	  1.46901e-07	  2586	  1.02338e-08
393	  2.61216	  0.0938307	  5.63734e-06	  1.41676e-07	  3036	  9.65507e-09
394	  2.61216	  0.156319	  5.63734e-06	  1.5188e-07	  2124	  1.08895e-08
395	  2.61216	  0.218712	  5.63734e-06	  1.43528e-07	  2940	  9.82344e-09
396	  2.61216	  0.281224	  5.63734e-06	  1.49128e-07	  2616	  1.03721e-08
397	  2.61216	  0.343807	  5.63734e-06	  1.57617e-07	  2448	  1.10665e-08
398	  2.61216	  0.406302	  5.63734e-06	  1.64734e-07	  2916	  1.12873e-08
399	  2.61216	  0.468745	  5.63734e-06	  1.66433e-07	  2544	  1.16214e-08
400	  2.61216	  0.531226	  5.63734e-06	  1.75557e-07	  2652	  1.21869e-08
401	  2.61216	  0.593785	  5.63734e-06	  1.8146e-07	  2748	  1.25346e-08
402	  2.61216	  0.656281	  5.63734e-06	  1.93175e-07	  2676	  1.3393e-08
403	  2.61216	  0.718743	  5.63734e-06	  1.93785e-07	  2472	  1.35869e-08
404	  2.61216	  0.781255	  5.63734e-06	  2.05249e-07	  2616	  1.42754e-08
405	  2.61216	  0.843774	  5.63734e-06	  2.10345e-07	  2736	  1.45386e-08
406	  2.61216	  0.90628	  5.63734e-06	  2.18075e-07	  2568	  1.52071e-08
407	  2.61216	  0.968758	  5.63734e-06	  2.21898e-07	  2745	  1.53302e-08
408	  3.02645	  0.030936	  3.93212e-06	  1.11872e-07	  3414	  7.50823e-09
409	  3.02645	  0.0938307	  3.93212e-06	  1.06633e-07	  4512	  6.91915e-09
410	  3.02645	  0.156319	  3.93212e-06	  1.0649e-07	  4632	  6.88915e-09
411	  3.02645	  0.218712	  3.93212e-06	  1.01988e-07	  3972	  6.71765e-09
412	  3.02645	  0.281224	  3.93212e-06	  1.06871e-07	  4176	  6.99734e-09
413	  3.02645	  0.343807	  3.93212e-06	  1.13884e-07	  4344	  7.4221e-09
414	  3.02645	  0.406302	  3.93212e-06	  1.17405e-07	  4044	  7.71649e-09
415	  3.02645	  0.468745	  3.93212e-06	  1.1813e-07	  4092	  7.75315e-09
416	  3.02645	  0.531226	  3.93212e-06	  1.25703e-07	  4296	  8.203e-09
417	  3.02645	  0.593785	  3.93212e-06	  1.27613e-07	  3996	  8.39942e-09
418	  3.02645	  0.656281	  3.93212e-06	  1.2752e-07	  4188	  8.34647e-09
419	  3.02645	  0.718743	  3.93212e-06	  1.37649e-07	  4212	  9.00337e-09
420	  3.02645	  0.781255	  3.93212e-06	  1.31995e-07	  4140	  8.6512e-09
421	  3.02645	  0.843774	  3.93212e-06	  1.33114e-07	  4128	  8.7275e-09
422	  3.02645	  0.90628	  3.93212e-06	  1.36565e-07	  4188	  8.93854e-09
423	  3.02645	  0.968758	  3.93212e-06	  1.30649e-07	  4128	  8.56591e-09
424	  3.50419	  0.030936	  2.74025e-06	  7.81887e-08	  7002	  4.84383e-09
425	  3.50419	  0.0938307	  2.74025e-06	  7.85499e-08	  6240	  4.92187e-09
426	  3.50419	  0.156319	  2.74025e-06	  7.54555e-08	  5964	  4.74983e-09
427	  3.50419	  0.218712	  2.74025e-06	  7.80675e-08	  6180	  4.89644e-09
428	  3.50419	  0.281224	  2.74025e-06	  7.74471e-08	  6420	  4.83893e-09
429	  3.50419	  0.343807	  2.74025e-06	  7.93325e-08	  6516	  4.94941e-09
430	  3.50419	  0.406302	  2.74025e-06	  8.2923e-08	  6312	  5.18989e-09
431	  3.50419	  0.468745	  2.74025e-06	  8.45372e-08	  6276	  5.29396e-09
432	  3.50419	  0.531226	  2.74025e-06	  8.43795e-08	  6360	  5.27703e-09
433	  3.50419	  0.593785	  2.74025e-06	  8.59043e-08	  6408	  5.36835e-09
434	  3.50419	  0.656281	  2.74025e-06	  8.95764e-08	  6360	  5.60204e-09
435	  3.50419	  0.718743	  2.74025e-06	  8.65412e-08	  6336	  5.41427e-09
436	  3.50419	  0.781255	  2.74025e-06	  8.23164e-08	  6372	  5.14703e-09
437	  3.50419	  0.843774	  2.74025e-06	  8.65291e-08	  6456	  5.40337e-09
438	  3.50419	  0.90628	  2.74025e-06	  8.16846e-08	  6360	  5.10849e-09
439	  3.50419	  0.968758	  2.74025e-06	  7.77778e-08	  6327	  4.8667e-09
440	  4.05763	  0.030936	  1.90421e-06	  5.72141e-08	  10392	  3.42195e-09
441	  4.05763	  0.0938307	  1.90421e-06	  5.55579e-08	  9420	  3.35032e-09
442	  4.05763	  0.156319	  1.90421e-06	  5.62481e-08	  10176	  3.37e-09
443	  4.05763	  0.218712	  1.90421e-06	  5.5468e-08	  10260	  3.321e-09
444	  4.05763	  0.281224	  1.90421e-06	  5.36921e-08	  9528	  3.23467e-09
445	  4.05763	  0.343807	  1.90421e-06	  5.49451e-08	  10140	  3.2929e-09
446	  4.05763	  0.406302	  1.90421e-06	  5.73537e-08	  9960	  3.44237e-09
447	  4.05763	  0.468745	  1.90421e-06	  5.7061e-08	  10068	  3.42173e-09
448	  4.05763	  0.531226	  1.90421e-06	  5.78798e-08	  9996	  3.47291e-09
449	  4.05763	  0.593785	  1.90421e-06	  5.55184e-08	  9828	  3.33594e-09
450	  4.05763	  0.656281	  1.90421e-06	  5.43597e-08	  10032	  3.26071e-09
451	  4.05763	  0.718743	  1.90421e-06	  5.39886e-08	  9924	  3.24138e-09
452	  4.05763	  0.781255	  1.90421e-06	  5.14162e-08	  10116	  3.08202e-09
453	  4.05763	  0.843774	  1.90421e-06	  5.05476e-08	  9888	  3.03571e-09
454	  4.05763	  0.90628	  1.90421e-06	  4.81793e-08	  10008	  2.89056e-09
455	  4.05763	  0.968758	  1.90421e-06	  4.34934e-08	  9978	  2.61008e-09
456	  4.69917	  0.030936	  1.3189e-06	  4.1273e-08	  13626	  2.41722e-09
457	  4.69917	  0.0938307	  1.3189e-06	  4.12371e-08	  16392	  2.38394e-09
458	  4.69917	  0.156319	  1.3189e-06	  4.02057e-08	  15708	  2.33108e-09
459	  4.69917	  0.218712	  1.3189e-06	  3.92506e-08	  15432	  2.27849e-09
460	  4.69917	  0.281224	  1.3189e-06	  3.82608e-08	  15780	  2.21762e-09
461	  4.69917	  0.343807	  1.3189e-06	  3.83825e-08	  15300	  2.22943e-09
462	  4.69917	  0.406302	  1.3189e-06	  3.75449e-08	  15588	  2.17796e-09
463	  4.69917	  0.468745	  1.3189e-06	  3.7931e-08	  15396	  2.20225e-09
464	  4.69917	  0.531226	  1.3189e-06	  3.72599e-08	  15504	  2.16223e-09
465	  4.69917	  0.593785	  1.3189e-06	  3.59064e-08	  15660	  2.08225e-09
466	  4.69917	  0.656281	  1.3189e-06	  3.41347e-08	  15192	  1.98367e-09
467	  4.69917	  0.718743	  1.3189e-06	  3.31067e-08	  15600	  1.9204e-09
468	  4.69917	  0.781255	  1.3189e-06	  3.12274e-08	  15216	  1.81452e-09
469	  4.69917	  0.843774	  1.3189e-06	  2.92096e-08	  15516	  1.69497e-09
470	  4.69917	  0.90628	  1.3189e-06	  2.69867e-08	  15540	  1.56582e-09
471	  4.69917	  0.968758	  1.3189e-06	  2.44877e-08	  15405	  1.42168e-09
472	  5.4432	  0.030936	  9.11188e-07	  2.9908e-08	  26250	  1.68e-09
473	  5.4432	  0.0938307	  9.11188e-07	  2.92605e-08	  22392	  1.65856e-09
474	  5.4432	  0.156319	  9.11188e-07	  2.82025e-08	  24516	  1.59024e-09
475	  5.4432	  0.218712	  9.11188e-07	  2.74506e-08	  23592	  1.55125e-09
476	  5.4432	  0.281224	  9.11188e-07	  2.67704e-08	  24264	  1.51038e-09
477	  5.4432	  0.343807	  9.11188e-07	  2.61989e-08	  23928	  1.47931e-09
478	  5.4432	  0.406302	  9.11188e-07	  2.53443e-08	  24120	  1.4304e-09
479	  5.4432	  0.468745	  9.11188e-07	  2.42432e-08	  23964	  1.36877e-09
480	  5.4432	  0.531226	  9.11188e-07	  2.35426e-08	  24060	  1.32891e-09
481	  5.4432	  0.593785	  9.11188e-07	  2.22028e-08	  24108	  1.25314e-09
482	  5.4432	  0.656281	  9.11188e-07	  2.09479e-08	  24228	  1.18197e-09
483	  5.4432	  0.718743	  9.11188e-07	  1.93991e-08	  24144	  1.0948e-09
484	  5.4432	  0.781255	  9.11188e-07	  1.77186e-08	  23940	  1.00045e-09
485	  5.4432	  0.843774	  9.11188e-07	  1.59185e-08	  24192	  8.98268e-10
486	  5.4432	  0.90628	  9.11188e-07	  1.46263e-08	  23988	  8.25748e-10
487	  5.4432	  0.968758	  9.11188e-07	  1.29066e-08	  24141	  7.284e-10
488	  6.30378	  0.030936	  6.28467e-07	  2.12469e-08	  35082	  1.17578e-09
489	  6.30378	  0.0938307	  6.28467e-07	  2.0547e-08	  39108	  1.13125e-09
490	  6.30378	  0.156319	  6.28467e-07	  1.98085e-08	  36924	  1.09351e-09
491	  6.30378	  0.218712	  6.28467e-07	  1.90307e-08	  37692	  1.04956e-09
492	  6.30378	  0.281224	  6.28467e-07	  1.79609e-08	  37092	  9.91304e-10
493	  6.30378	  0.343807	  6.28467e-07	  1.75327e-08	  37536	  9.67128e-10
494	  6.30378	  0.406302	  6.28467e-07	  1.63291e-08	  36984	  9.01367e-10
495	  6.30378	  0.468745	  6.28467e-07	  1.55339e-08	  37428	  8.5699e-10
496	  6.30378	  0.531226	  6.28467e-07	  1.43285e-08	  37392	  7.90525e-10
497	  6.30378	  0.593785	  6.28467e-07	  1.31413e-08	  37200	  7.25201e-10
498	  6.30378	  0.656281	  6.28467e-07	  1.20189e-08	  36924	  6.63492e-10
499	  6.30378	  0.718743	  6.28467e-07	  1.07898e-08	  37272	  5.95381e-10
500	  6.30378	  0.781255	  6.28467e-07	  9.52514e-09	  37284	  5.25587e-10
501	  6.30378	  0.843774	  6.28467e-07	  8.32572e-09	  37188	  4.5946e-10
502	  6.30378	  0.90628	  6.28467e-07	  7.35593e-09	  37320	  4.05874e-10
503	  6.30378	  0.968758	  6.28467e-07	  6.24154e-09	  37119	  3.44473e-10
504	  7.30029	  0.030936	  4.32392e-07	  1.4789e-08	  60258	  7.99697e-10
505	  7.30029	  0.0938307	  4.32392e-07	  1.4177e-08	  56916	  7.68274e-10
506	  7.30029	  0.156319	  4.32392e-07	  1.34654e-08	  56820	  7.29761e-10
507	  7.30029	  0.218712	  4.32392e-07	  1.2745e-08	  58716	  6.89848e-10
508	  7.30029	  0.281224	  4.32392e-07	  1.18388e-08	  57840	  6.41164e-10
509	  7.30029	  0.343807	  4.32392e-07	  1.10312e-08	  57612	  5.97519e-10
510	  7.30029	  0.406302	  4.32392e-07	  1.02794e-08	  58464	  5.56481e-10
511	  7.30029	  0.468745	  4.32392e-07	  9.33142e-09	  57948	  5.05335e-10
512	  7.30029	  0.531226	  4.32392e-07	  8.39925e-09	  57708	  4.54926e-10
513	  7.30029	  0.593785	  4.32392e-07	  7.38405e-09	  58236	  3.99801e-10
514	  7.30029	  0.656281	  4.32392e-07	  6.49726e-09	  58008	  3.5184e-10
515	  7.30029	  0.718743	  4.32392e-07	  5.58831e-09	  58200	  3.0258e-10
516	  7.30029	  0.781255	  4.32392e-07	  4.72664e-09	  58128	  2.55937e-10
517	  7.30029	  0.843774	  4.32392e-07	  4.04362e-09	  57972	  2.18976e-10
518	  7.30029	  0.90628	  4.32392e-07	  3.3556e-09	  57960	  1.81718e-10
519	  7.30029	  0.968758	  4.32392e-07	  2.74434e-09	  58122	  1.486e-10
520	  8.455	  0.030936	  2.96967e-07	  1.00381e-08	  90198	  5.35329e-10
521	  8.455	  0.0938307	  2.96967e-07	  9.67644e-09	  89292	  5.16205e-10
522	  8.455	  0.156319	  2.96967e-07	  9.06188e-09	  90804	  4.83166e-10
523	  8.455	  0.218712	  2.96967e-07	  8.25153e-09	  89628	  4.40139e-10
524	  8.455	  0.281224	  2.96967e-07	  7.5253e-09	  89844	  4.01371e-10
525	  8.455	  0.343807	  2.96967e-07	  6.82438e-09	  90636	  3.63887e-10
526	  8.455	  0.406302	  2.96967e-07	  6.03267e-09	  89628	  3.21784e-10
527	  8.455	  0.468745	  2.96967e-07	  5.27712e-09	  89772	  2.81469e-10
528	  8.455	  0.531226	  2.96967e-07	  4.55941e-09	  90324	  2.43141e-10
529	  8.455	  0.593785	  2.96967e-07	  3.83629e-09	  89784	  2.04617e-10
530	  8.455	  0.656281	  2.96967e-07	  3.20133e-09	  90216	  1.70725e-10
531	  8.455	  0.718743	  2.96967e-07	  2.66181e-09	  89796	  1.41973e-10
532	  8.455	  0.781255	  2.96967e-07	  2.16762e-09	  90120	  1.15602e-10
533	  8.455	  0.843774	  2.96967e-07	  1.75145e-09	  90132	  9.34067e-11
534	  8.455	  0.90628	  2.96967e-07	  1.40866e-09	  89916	  7.51307e-11
535	  8.455	  0.968758	  2.96967e-07	  1.10126e-09	  89964	  5.87346e-11
536	  9.79129	  0.030936	  2.03548e-07	  6.65617e-09	  139068	  3.50657e-10
537	  9.79129	  0.0938307	  2.03548e-07	  6.29794e-09	  141180	  3.31658e-10
538	  9.79129	  0.156319	  2.03548e-07	  5.82641e-09	  139380	  3.06927e-10
539	  9.79129	  0.218712	  2.03548e-07	  5.20063e-09	  138804	  2.7399e-10
540	  9.79129	  0.281224	  2.03548e-07	  4.55304e-09	  140952	  2.3978e-10
541	  9.79129	  0.343807	  2.03548e-07	  3.95098e-09	  139668	  2.08121e-10
542	  9.79129	  0.406302	  2.03548e-07	  3.33712e-09	  139464	  1.75792e-10
543	  9.79129	  0.468745	  2.03548e-07	  2.7877e-09	  139812	  1.46841e-10
544	  9.79129	  0.531226	  2.03548e-07	  2.27267e-09	  139884	  1.1971e-10
545	  9.79129	  0.593785	  2.03548e-07	  1.83063e-09	  140184	  9.64208e-11
546	  9.79129	  0.656281	  2.03548e-07	  1.45065e-09	  139404	  7.64177e-11
547	  9.79129	  0.718743	  2.03548e-07	  1.15746e-09	  139932	  6.0967e-11
548	  9.79129	  0.781255	  2.03548e-07	  9.06066e-10	  139980	  4.7725e-11
549	  9.79129	  0.843774	  2.03548e-07	  6.97428e-10	  139632	  3.67378e-11
550	  9.79129	  0.90628	  2.03548e-07	  5.39274e-10	  140088	  2.84045e-11
551	  9.79129	  0.968758	  2.03548e-07	  4.00054e-10	  139623	  2.10733e-11
