#n	   k	      mu	    PL	    Pf	     w	     err  
0	  0.10472	  1	  0.00276739	  0.000410699	  3	  0.000257652
1	  0.20944	  1	  0.000983009	  0.000120993	  3	  7.59049e-05
2	  0.314159	  1	  0.000460441	  0.000107791	  3	  6.76227e-05
3	  0.418879	  1	  0.000258057	  1.9109e-05	  3	  1.1988e-05
4	  0.523599	  1	  0.000163143	  6.8683e-06	  3	  4.30883e-06
5	  0.628319	  1	  0.000110542	  3.83714e-05	  3	  2.40723e-05
6	  0.733038	  1	  7.90303e-05	  1.43422e-05	  3	  8.99761e-06
7	  0.837758	  1	  5.88269e-05	  1.10749e-05	  3	  6.94784e-06
8	  0.942478	  1	  4.51737e-05	  2.1682e-06	  3	  1.36022e-06
9	  0.10472	  0	  0.00276739	  7.31924e-05	  6	  3.35403e-05
10	  0.148096	  0.707107	  0.00175985	  0.000103305	  12	  3.49869e-05
11	  0.23416	  0.894427	  0.000778677	  0.000119244	  12	  4.03849e-05
12	  0.331153	  0.948683	  0.000416969	  5.06151e-05	  12	  1.71421e-05
13	  0.431771	  0.970143	  0.000242853	  2.67793e-05	  12	  9.06947e-06
14	  0.533968	  0.980581	  0.000156478	  1.67404e-05	  12	  5.66956e-06
15	  0.636985	  0.986394	  0.000107301	  1.23456e-05	  12	  4.18115e-06
16	  0.74048	  0.989949	  7.73204e-05	  1.37145e-05	  12	  4.64476e-06
17	  0.844278	  0.992278	  5.78037e-05	  7.89791e-06	  12	  2.67482e-06
18	  0.948278	  0.993884	  4.45448e-05	  7.33471e-06	  12	  2.48408e-06
19	  0.148096	  0	  0.00175985	  4.04451e-05	  6	  1.85339e-05
20	  0.18138	  0.57735	  0.0012485	  5.47581e-05	  12	  1.85452e-05
21	  0.25651	  0.816497	  0.000685318	  6.0979e-05	  12	  2.06521e-05
22	  0.347316	  0.904534	  0.000375577	  3.42883e-05	  12	  1.16126e-05
23	  0.444288	  0.942809	  0.000229579	  1.96537e-05	  12	  6.65623e-06
24	  0.54414	  0.96225	  0.000150265	  2.20981e-05	  12	  7.48407e-06
25	  0.645536	  0.973329	  0.000104283	  1.17415e-05	  12	  3.97654e-06
26	  0.747849	  0.980196	  7.56299e-05	  9.58421e-06	  12	  3.24593e-06
27	  0.850747	  0.984732	  5.6843e-05	  9.34356e-06	  12	  3.16443e-06
28	  0.954042	  0.987878	  4.39402e-05	  6.08303e-06	  12	  2.06017e-06
29	  0.20944	  0	  0.000983009	  2.53599e-05	  6	  1.16211e-05
30	  0.23416	  0.447214	  0.000778677	  3.91861e-05	  12	  1.32714e-05
31	  0.296192	  0.707107	  0.000507056	  4.57052e-05	  12	  1.54792e-05
32	  0.377572	  0.83205	  0.000319571	  3.22127e-05	  12	  1.09097e-05
33	  0.468321	  0.894427	  0.000205981	  2.50114e-05	  12	  8.47076e-06
34	  0.563933	  0.928477	  0.000139283	  9.50371e-06	  12	  3.21867e-06
35	  0.662306	  0.948683	  9.86289e-05	  1.08096e-05	  12	  3.66094e-06
36	  0.762371	  0.961524	  7.24968e-05	  8.35249e-06	  12	  2.82878e-06
37	  0.863541	  0.970143	  5.49714e-05	  3.60731e-06	  12	  1.22171e-06
38	  0.965468	  0.976187	  4.27761e-05	  5.05161e-06	  12	  1.71086e-06
39	  0.23416	  0	  0.000778677	  2.52222e-05	  12	  8.54212e-06
40	  0.25651	  0.408248	  0.000685318	  2.48569e-05	  24	  6.31673e-06
41	  0.314159	  0.666667	  0.000460441	  3.31909e-05	  24	  8.43462e-06
42	  0.391825	  0.801784	  0.000297534	  2.39248e-05	  24	  6.07986e-06
43	  0.479886	  0.872872	  0.000195499	  2.91496e-05	  24	  7.40762e-06
44	  0.573574	  0.912871	  0.00013443	  1.25797e-05	  24	  3.19681e-06
45	  0.670534	  0.937043	  9.6046e-05	  9.18021e-06	  24	  2.33291e-06
46	  0.76953	  0.952579	  7.10354e-05	  8.71177e-06	  24	  2.21387e-06
47	  0.869868	  0.963087	  5.40893e-05	  7.4785e-06	  24	  1.90047e-06
48	  0.971131	  0.970495	  4.22057e-05	  5.3655e-06	  24	  1.3635e-06
49	  0.296192	  0	  0.000507056	  1.41435e-05	  6	  6.48123e-06
50	  0.314159	  0.333333	  0.000460441	  1.82828e-05	  12	  6.19193e-06
51	  0.36276	  0.57735	  0.000343765	  1.59107e-05	  12	  5.38857e-06
52	  0.431771	  0.727607	  0.000242853	  1.92212e-05	  12	  6.50973e-06
53	  0.51302	  0.816497	  0.000170244	  1.85384e-05	  12	  6.27851e-06
54	  0.601569	  0.870388	  0.000121384	  1.31667e-05	  12	  4.45923e-06
55	  0.694632	  0.904534	  8.89354e-05	  1.22077e-05	  12	  4.13446e-06
56	  0.790617	  0.927173	  6.69054e-05	  6.43166e-06	  12	  2.17824e-06
57	  0.888577	  0.942809	  5.15706e-05	  5.93162e-06	  12	  2.00889e-06
58	  0.987924	  0.953998	  4.06016e-05	  3.22349e-06	  12	  1.09172e-06
59	  0.314159	  0	  0.000460441	  1.81244e-05	  6	  8.30548e-06
60	  0.331153	  0.316228	  0.000416969	  1.54656e-05	  12	  5.23782e-06
61	  0.377572	  0.5547	  0.000319571	  2.0584e-05	  12	  6.97127e-06
62	  0.444288	  0.707107	  0.000229579	  1.13997e-05	  12	  3.86079e-06
63	  0.523599	  0.8	  0.000163143	  1.70517e-05	  12	  5.77498e-06
64	  0.610616	  0.857493	  0.000117549	  6.40329e-06	  12	  2.16863e-06
65	  0.702481	  0.894427	  8.67717e-05	  7.7388e-06	  12	  2.62094e-06
66	  0.797522	  0.919145	  6.56259e-05	  7.65622e-06	  12	  2.59297e-06
67	  0.894726	  0.936329	  5.07646e-05	  3.45214e-06	  12	  1.16915e-06
68	  0.993459	  0.948683	  4.00947e-05	  4.59392e-06	  12	  1.55585e-06
69	  0.331153	  0	  0.000416969	  1.16358e-05	  12	  3.94077e-06
70	  0.347316	  0.301511	  0.000375577	  1.10576e-05	  24	  2.81001e-06
71	  0.391825	  0.534522	  0.000297534	  1.15948e-05	  24	  2.94652e-06
72	  0.456463	  0.688247	  0.000217407	  1.96883e-05	  24	  5.00327e-06
73	  0.533968	  0.784465	  0.000156478	  1.00905e-05	  24	  2.56425e-06
74	  0.61953	  0.845154	  0.000113955	  8.52262e-06	  24	  2.1658e-06
75	  0.710244	  0.884652	  8.47248e-05	  1.11101e-05	  24	  2.82333e-06
76	  0.804368	  0.911322	  6.43985e-05	  7.58693e-06	  24	  1.92802e-06
77	  0.900833	  0.929981	  5.00066e-05	  5.33057e-06	  24	  1.35463e-06
78	  0.998963	  0.943456	  3.9601e-05	  3.82929e-06	  24	  9.73115e-07
79	  0.377572	  0	  0.000319571	  9.78334e-06	  12	  3.31338e-06
80	  0.391825	  0.267261	  0.000297534	  7.38309e-06	  24	  1.87622e-06
81	  0.431771	  0.485071	  0.000242853	  1.29129e-05	  24	  3.28147e-06
82	  0.491179	  0.639602	  0.000186145	  8.93931e-06	  24	  2.27169e-06
83	  0.563933	  0.742781	  0.000139283	  1.18303e-05	  24	  3.00637e-06
84	  0.645536	  0.811107	  0.000104283	  9.59035e-06	  24	  2.43714e-06
85	  0.733038	  0.857143	  7.90303e-05	  8.65012e-06	  24	  2.1982e-06
86	  0.824564	  0.889001	  6.09362e-05	  3.86147e-06	  24	  9.81292e-07
87	  0.918912	  0.911685	  4.7822e-05	  5.39914e-06	  24	  1.37205e-06
88	  0.418879	  0	  0.000258057	  2.46745e-06	  6	  1.1307e-06
89	  0.431771	  0.242536	  0.000242853	  5.63109e-06	  12	  1.90711e-06
90	  0.468321	  0.447214	  0.000205981	  9.52954e-06	  12	  3.22742e-06
91	  0.523599	  0.6	  0.000163143	  9.50252e-06	  12	  3.21827e-06
92	  0.592384	  0.707107	  0.000125493	  4.2108e-06	  12	  1.42609e-06
93	  0.670534	  0.780869	  9.6046e-05	  9.61669e-06	  12	  3.25693e-06
94	  0.755145	  0.83205	  7.40547e-05	  5.66807e-06	  12	  1.91964e-06
95	  0.844278	  0.868243	  5.78037e-05	  5.40872e-06	  12	  1.8318e-06
96	  0.936642	  0.894427	  4.58065e-05	  3.39947e-06	  12	  1.15132e-06
97	  0.431771	  0	  0.000242853	  5.46748e-06	  12	  1.8517e-06
98	  0.444288	  0.235702	  0.000229579	  3.14635e-06	  24	  7.99565e-07
99	  0.479886	  0.436436	  0.000195499	  1.13812e-05	  24	  2.89223e-06
100	  0.533968	  0.588348	  0.000156478	  6.17775e-06	  24	  1.56991e-06
101	  0.601569	  0.696311	  0.000121384	  5.31472e-06	  24	  1.3506e-06
102	  0.678662	  0.771517	  9.3549e-05	  5.50358e-06	  24	  1.39859e-06
103	  0.762371	  0.824163	  7.24968e-05	  8.18298e-06	  24	  2.07949e-06
104	  0.850747	  0.86164	  5.6843e-05	  6.65745e-06	  24	  1.69182e-06
105	  0.942478	  0.888889	  4.51737e-05	  5.67083e-06	  24	  1.44109e-06
106	  0.444288	  0	  0.000229579	  4.9032e-06	  6	  2.24688e-06
107	  0.456463	  0.229416	  0.000217407	  8.4507e-06	  12	  2.86204e-06
108	  0.491179	  0.426401	  0.000186145	  7.50376e-06	  12	  2.54134e-06
109	  0.54414	  0.57735	  0.000150265	  2.92864e-06	  12	  9.91857e-07
110	  0.610616	  0.685994	  0.000117549	  1.02146e-05	  12	  3.45944e-06
111	  0.686693	  0.762493	  9.11917e-05	  6.21462e-06	  12	  2.10474e-06
112	  0.76953	  0.816497	  7.10354e-05	  5.27605e-06	  12	  1.78687e-06
113	  0.857168	  0.855186	  5.58895e-05	  3.15698e-06	  12	  1.06919e-06
114	  0.948278	  0.883452	  4.45448e-05	  2.78927e-06	  12	  9.44658e-07
115	  0.468321	  0	  0.000205981	  6.11499e-06	  12	  2.07099e-06
116	  0.479886	  0.218218	  0.000195499	  8.56578e-06	  24	  2.17677e-06
117	  0.51302	  0.408248	  0.000170244	  9.03348e-06	  24	  2.29563e-06
118	  0.563933	  0.557086	  0.000139283	  8.04421e-06	  24	  2.04423e-06
119	  0.628319	  0.666667	  0.000110542	  5.78941e-06	  24	  1.47123e-06
120	  0.702481	  0.745356	  8.67717e-05	  7.33624e-06	  24	  1.86432e-06
121	  0.783651	  0.801784	  6.82336e-05	  5.72756e-06	  24	  1.45551e-06
122	  0.869868	  0.842701	  5.40893e-05	  3.76493e-06	  24	  9.5676e-07
123	  0.959772	  0.872872	  4.33564e-05	  3.83753e-06	  24	  9.75209e-07
124	  0.523599	  0	  0.000163143	  4.43253e-06	  18	  1.26638e-06
125	  0.533968	  0.196116	  0.000156478	  4.24321e-06	  36	  9.19363e-07
126	  0.563933	  0.371391	  0.000139283	  4.10487e-06	  36	  8.89388e-07
127	  0.610616	  0.514496	  0.000117549	  4.84157e-06	  36	  1.04901e-06
128	  0.670534	  0.624695	  9.6046e-05	  5.19447e-06	  36	  1.12547e-06
129	  0.74048	  0.707107	  7.73204e-05	  5.27606e-06	  36	  1.14315e-06
130	  0.817887	  0.768221	  6.2059e-05	  4.74348e-06	  36	  1.02775e-06
131	  0.900833	  0.813733	  5.00066e-05	  4.64305e-06	  36	  1.00599e-06
132	  0.987924	  0.847998	  4.06016e-05	  3.66852e-06	  36	  7.94846e-07
133	  0.533968	  0	  0.000156478	  4.18116e-06	  12	  1.41605e-06
134	  0.54414	  0.19245	  0.000150265	  6.01857e-06	  24	  1.52946e-06
135	  0.573574	  0.365148	  0.00013443	  4.52293e-06	  24	  1.14939e-06
136	  0.61953	  0.507093	  0.000113955	  5.40688e-06	  24	  1.37402e-06
137	  0.678662	  0.617213	  9.3549e-05	  4.78814e-06	  24	  1.21678e-06
138	  0.747849	  0.70014	  7.56299e-05	  4.92866e-06	  24	  1.25249e-06
139	  0.824564	  0.762001	  6.09362e-05	  2.26007e-06	  24	  5.74339e-07
140	  0.9069	  0.80829	  4.92601e-05	  4.24476e-06	  24	  1.07869e-06
141	  0.993459	  0.843274	  4.00947e-05	  3.08792e-06	  24	  7.84714e-07
142	  0.563933	  0	  0.000139283	  1.85956e-06	  12	  6.29787e-07
143	  0.573574	  0.182574	  0.00013443	  3.62187e-06	  24	  9.20406e-07
144	  0.601569	  0.348155	  0.000121384	  4.12581e-06	  24	  1.04847e-06
145	  0.645536	  0.486664	  0.000104283	  4.99688e-06	  24	  1.26983e-06
146	  0.702481	  0.596285	  8.67717e-05	  4.9475e-06	  24	  1.25728e-06
147	  0.76953	  0.680414	  7.10354e-05	  2.98026e-06	  24	  7.57355e-07
148	  0.844278	  0.744208	  5.78037e-05	  4.77516e-06	  24	  1.21348e-06
149	  0.92486	  0.792594	  4.71351e-05	  3.77832e-06	  24	  9.60162e-07
150	  0.592384	  0	  0.000125493	  1.22615e-06	  6	  5.61881e-07
151	  0.601569	  0.174078	  0.000121384	  2.57803e-06	  12	  8.73114e-07
152	  0.628319	  0.333333	  0.000110542	  3.38973e-06	  12	  1.14802e-06
153	  0.670534	  0.468521	  9.6046e-05	  3.06609e-06	  12	  1.03841e-06
154	  0.72552	  0.57735	  8.08652e-05	  5.50517e-06	  12	  1.86446e-06
155	  0.790617	  0.662266	  6.69054e-05	  4.23822e-06	  12	  1.43538e-06
156	  0.863541	  0.727607	  5.49714e-05	  3.22949e-06	  12	  1.09375e-06
157	  0.942478	  0.777778	  4.51737e-05	  2.91516e-06	  12	  9.87293e-07
158	  0.610616	  0	  0.000117549	  2.75012e-06	  12	  9.31399e-07
159	  0.61953	  0.169031	  0.000113955	  3.0611e-06	  24	  7.77899e-07
160	  0.645536	  0.324443	  0.000104283	  3.78555e-06	  24	  9.61999e-07
161	  0.686693	  0.457496	  9.11917e-05	  3.9095e-06	  24	  9.93499e-07
162	  0.74048	  0.565685	  7.73204e-05	  3.61323e-06	  24	  9.18208e-07
163	  0.804368	  0.650945	  6.43985e-05	  4.77789e-06	  24	  1.21418e-06
164	  0.876148	  0.717137	  5.32135e-05	  4.39957e-06	  24	  1.11804e-06
165	  0.954042	  0.76835	  4.39402e-05	  3.44954e-06	  24	  8.7661e-07
166	  0.628319	  0	  0.000110542	  8.21557e-06	  6	  3.76477e-06
167	  0.636985	  0.164399	  0.000107301	  4.25609e-06	  12	  1.44143e-06
168	  0.662306	  0.316228	  9.86289e-05	  3.00526e-06	  12	  1.01781e-06
169	  0.702481	  0.447214	  8.67717e-05	  1.78168e-06	  12	  6.03411e-07
170	  0.755145	  0.5547	  7.40547e-05	  2.38173e-06	  12	  8.06633e-07
171	  0.817887	  0.640184	  6.2059e-05	  2.8944e-06	  12	  9.80261e-07
172	  0.888577	  0.707107	  5.15706e-05	  2.73185e-06	  12	  9.25211e-07
173	  0.965468	  0.759257	  4.27761e-05	  3.46501e-06	  12	  1.17351e-06
174	  0.636985	  0	  0.000107301	  4.24475e-06	  12	  1.43759e-06
175	  0.645536	  0.162221	  0.000104283	  2.29629e-06	  24	  5.83542e-07
176	  0.670534	  0.312348	  9.6046e-05	  2.57639e-06	  24	  6.54724e-07
177	  0.710244	  0.442326	  8.47248e-05	  3.51452e-06	  24	  8.93123e-07
178	  0.762371	  0.549442	  7.24968e-05	  4.58289e-06	  24	  1.16462e-06
179	  0.824564	  0.635001	  6.09362e-05	  2.35433e-06	  24	  5.98293e-07
180	  0.894726	  0.702247	  5.07646e-05	  2.50524e-06	  24	  6.36643e-07
181	  0.971131	  0.754829	  4.22057e-05	  3.29703e-06	  24	  8.37854e-07
182	  0.662306	  0	  9.86289e-05	  2.52294e-06	  12	  8.54457e-07
183	  0.670534	  0.156174	  9.6046e-05	  2.45691e-06	  24	  6.24361e-07
184	  0.694632	  0.301511	  8.89354e-05	  2.29354e-06	  24	  5.82843e-07
185	  0.733038	  0.428571	  7.90303e-05	  3.79075e-06	  24	  9.63322e-07
186	  0.783651	  0.534522	  6.82336e-05	  2.68224e-06	  24	  6.81621e-07
187	  0.844278	  0.620174	  5.78037e-05	  2.71916e-06	  24	  6.91004e-07
188	  0.912926	  0.688247	  4.85186e-05	  2.31137e-06	  24	  5.87376e-07
189	  0.987924	  0.741999	  4.06016e-05	  2.73635e-06	  24	  6.95371e-07
190	  0.670534	  0	  9.6046e-05	  2.91321e-06	  12	  9.86631e-07
191	  0.678662	  0.154303	  9.3549e-05	  2.13624e-06	  24	  5.42871e-07
192	  0.702481	  0.298142	  8.67717e-05	  3.21563e-06	  24	  8.17169e-07
193	  0.74048	  0.424264	  7.73204e-05	  2.77398e-06	  24	  7.04935e-07
194	  0.790617	  0.529813	  6.69054e-05	  2.76442e-06	  24	  7.02506e-07
195	  0.850747	  0.615457	  5.6843e-05	  2.14245e-06	  24	  5.44448e-07
196	  0.918912	  0.683763	  4.7822e-05	  3.28534e-06	  24	  8.34883e-07
197	  0.993459	  0.737865	  4.00947e-05	  2.77259e-06	  24	  7.04583e-07
198	  0.702481	  0	  8.67717e-05	  1.43582e-06	  12	  4.86277e-07
199	  0.710244	  0.147442	  8.47248e-05	  2.60979e-06	  24	  6.63211e-07
200	  0.733038	  0.285714	  7.90303e-05	  3.36783e-06	  24	  8.55846e-07
201	  0.76953	  0.408248	  7.10354e-05	  2.72203e-06	  24	  6.91733e-07
202	  0.817887	  0.512148	  6.2059e-05	  3.9691e-06	  24	  1.00864e-06
203	  0.876148	  0.597614	  5.32135e-05	  3.05886e-06	  24	  7.77329e-07
204	  0.942478	  0.666667	  4.51737e-05	  2.86408e-06	  24	  7.27831e-07
205	  0.733038	  0	  7.90303e-05	  1.75874e-06	  6	  8.0594e-07
206	  0.74048	  0.141421	  7.73204e-05	  1.99906e-06	  12	  6.77033e-07
207	  0.762371	  0.274721	  7.24968e-05	  1.7813e-06	  12	  6.03281e-07
208	  0.797522	  0.393919	  6.56259e-05	  2.62884e-06	  12	  8.90322e-07
209	  0.844278	  0.496139	  5.78037e-05	  3.08477e-06	  12	  1.04473e-06
210	  0.900833	  0.581238	  5.00066e-05	  3.2732e-06	  12	  1.10855e-06
211	  0.965468	  0.650791	  4.27761e-05	  2.53029e-06	  12	  8.56948e-07
212	  0.74048	  0	  7.73204e-05	  2.08708e-06	  18	  5.96284e-07
213	  0.747849	  0.140028	  7.56299e-05	  2.90768e-06	  36	  6.29997e-07
214	  0.76953	  0.272166	  7.10354e-05	  2.32577e-06	  36	  5.03916e-07
215	  0.804368	  0.390567	  6.43985e-05	  3.27251e-06	  36	  7.09044e-07
216	  0.850747	  0.492366	  5.6843e-05	  2.03345e-06	  36	  4.40581e-07
217	  0.9069	  0.57735	  4.92601e-05	  2.01613e-06	  36	  4.36829e-07
218	  0.971131	  0.646997	  4.22057e-05	  3.44879e-06	  36	  7.47238e-07
219	  0.755145	  0	  7.40547e-05	  1.44506e-06	  12	  4.89406e-07
220	  0.762371	  0.137361	  7.24968e-05	  2.64507e-06	  24	  6.72176e-07
221	  0.783651	  0.267261	  6.82336e-05	  2.37821e-06	  24	  6.04361e-07
222	  0.817887	  0.384111	  6.2059e-05	  2.68922e-06	  24	  6.83397e-07
223	  0.863541	  0.485071	  5.49714e-05	  1.5845e-06	  24	  4.02661e-07
224	  0.918912	  0.569803	  4.7822e-05	  2.20953e-06	  24	  5.61495e-07
225	  0.982358	  0.639602	  4.11333e-05	  1.96341e-06	  24	  4.98951e-07
226	  0.762371	  0	  7.24968e-05	  1.19339e-06	  12	  4.04171e-07
227	  0.76953	  0.136083	  7.10354e-05	  2.79613e-06	  24	  7.10564e-07
228	  0.790617	  0.264906	  6.69054e-05	  1.98247e-06	  24	  5.03793e-07
229	  0.824564	  0.381	  6.09362e-05	  1.75527e-06	  24	  4.46056e-07
230	  0.869868	  0.481543	  5.40893e-05	  1.38535e-06	  24	  3.5205e-07
231	  0.92486	  0.566139	  4.71351e-05	  2.64187e-06	  24	  6.71364e-07
232	  0.987924	  0.635999	  4.06016e-05	  2.14243e-06	  24	  5.44443e-07
233	  0.797522	  0	  6.56259e-05	  2.25124e-06	  12	  7.6244e-07
234	  0.804368	  0.130189	  6.43985e-05	  2.44408e-06	  24	  6.211e-07
235	  0.824564	  0.254	  6.09362e-05	  1.53188e-06	  24	  3.89288e-07
236	  0.857168	  0.366508	  5.58895e-05	  2.15881e-06	  24	  5.48606e-07
237	  0.900833	  0.464991	  5.00066e-05	  2.06392e-06	  24	  5.24493e-07
238	  0.954042	  0.548821	  4.39402e-05	  2.23441e-06	  24	  5.67817e-07
239	  0.817887	  0	  6.2059e-05	  1.73554e-06	  12	  5.87784e-07
240	  0.824564	  0.127	  6.09362e-05	  1.65886e-06	  24	  4.21555e-07
241	  0.844278	  0.248069	  5.78037e-05	  1.70653e-06	  24	  4.33669e-07
242	  0.876148	  0.358569	  5.32135e-05	  2.23928e-06	  24	  5.69054e-07
243	  0.918912	  0.455842	  4.7822e-05	  1.85546e-06	  24	  4.71517e-07
244	  0.971131	  0.539164	  4.22057e-05	  2.49237e-06	  24	  6.33371e-07
245	  0.837758	  0	  5.88269e-05	  1.93988e-06	  6	  8.88945e-07
246	  0.844278	  0.124035	  5.78037e-05	  2.65644e-06	  12	  8.9967e-07
247	  0.863541	  0.242536	  5.49714e-05	  8.78798e-07	  12	  2.97627e-07
248	  0.894726	  0.351123	  5.07646e-05	  1.60013e-06	  12	  5.41923e-07
249	  0.936642	  0.447214	  4.58065e-05	  1.49701e-06	  12	  5.06999e-07
250	  0.987924	  0.529999	  4.06016e-05	  2.69885e-06	  12	  9.14034e-07
251	  0.844278	  0	  5.78037e-05	  2.25207e-06	  24	  5.72305e-07
252	  0.850747	  0.123091	  5.6843e-05	  1.80449e-06	  48	  3.50679e-07
253	  0.869868	  0.240772	  5.40893e-05	  1.6411e-06	  48	  3.18928e-07
254	  0.900833	  0.348743	  5.00066e-05	  1.89501e-06	  48	  3.68272e-07
255	  0.942478	  0.444444	  4.51737e-05	  1.92288e-06	  48	  3.73688e-07
256	  0.993459	  0.527046	  4.00947e-05	  2.06249e-06	  48	  4.00818e-07
257	  0.863541	  0	  5.49714e-05	  9.48021e-07	  12	  3.21071e-07
258	  0.869868	  0.120386	  5.40893e-05	  1.52578e-06	  24	  3.87738e-07
259	  0.888577	  0.235702	  5.15706e-05	  1.5456e-06	  24	  3.92774e-07
260	  0.918912	  0.341882	  4.7822e-05	  1.73953e-06	  24	  4.42057e-07
261	  0.959772	  0.436436	  4.33564e-05	  1.76041e-06	  24	  4.47361e-07
262	  0.888577	  0	  5.15706e-05	  1.64906e-06	  6	  7.55679e-07
263	  0.894726	  0.117041	  5.07646e-05	  1.25897e-06	  12	  4.26383e-07
264	  0.912926	  0.229416	  4.85186e-05	  1.61424e-06	  12	  5.46704e-07
265	  0.942478	  0.333333	  4.51737e-05	  1.67677e-06	  12	  5.67879e-07
266	  0.982358	  0.426401	  4.11333e-05	  1.66737e-06	  12	  5.64695e-07
267	  0.894726	  0	  5.07646e-05	  1.25587e-06	  12	  4.2533e-07
268	  0.900833	  0.116248	  5.00066e-05	  1.56908e-06	  24	  3.98741e-07
269	  0.918912	  0.227921	  4.7822e-05	  1.64544e-06	  24	  4.18145e-07
270	  0.948278	  0.331295	  4.45448e-05	  1.77872e-06	  24	  4.52015e-07
271	  0.987924	  0.423999	  4.06016e-05	  1.42826e-06	  24	  3.62955e-07
272	  0.900833	  0	  5.00066e-05	  1.92359e-06	  12	  6.51471e-07
273	  0.9069	  0.11547	  4.92601e-05	  1.3375e-06	  24	  3.39892e-07
274	  0.92486	  0.226455	  4.71351e-05	  1.17272e-06	  24	  2.98017e-07
275	  0.954042	  0.329293	  4.39402e-05	  1.74037e-06	  24	  4.42269e-07
276	  0.993459	  0.421637	  4.00947e-05	  1.65652e-06	  24	  4.20962e-07
277	  0.936642	  0	  4.58065e-05	  1.00114e-06	  12	  3.39061e-07
278	  0.942478	  0.111111	  4.51737e-05	  1.46825e-06	  24	  3.73118e-07
279	  0.959772	  0.218218	  4.33564e-05	  1.16765e-06	  24	  2.96727e-07
280	  0.987924	  0.317999	  4.06016e-05	  1.15386e-06	  24	  2.93223e-07
281	  0.942478	  0	  4.51737e-05	  2.9783e-06	  6	  1.3648e-06
282	  0.948278	  0.110432	  4.45448e-05	  1.8987e-06	  12	  6.43041e-07
283	  0.965468	  0.21693	  4.27761e-05	  1.55302e-06	  12	  5.2597e-07
284	  0.993459	  0.316228	  4.00947e-05	  1.58601e-06	  12	  5.37143e-07
285	  0.948278	  0	  4.45448e-05	  1.74565e-06	  12	  5.91209e-07
286	  0.954042	  0.109764	  4.39402e-05	  1.15046e-06	  24	  2.9236e-07
287	  0.971131	  0.215666	  4.22057e-05	  9.40439e-07	  24	  2.38988e-07
288	  0.998963	  0.314485	  3.9601e-05	  1.41949e-06	  24	  3.60728e-07
289	  0.965468	  0	  4.27761e-05	  1.1167e-06	  24	  2.8378e-07
290	  0.971131	  0.107833	  4.22057e-05	  1.38926e-06	  48	  2.69986e-07
291	  0.987924	  0.212	  4.06016e-05	  1.43415e-06	  48	  2.78709e-07
292	  0.987924	  0	  4.06016e-05	  1.30539e-06	  12	  4.42103e-07
293	  0.993459	  0.105409	  4.00947e-05	  1.38572e-06	  24	  3.52145e-07
294	  0.993459	  0	  4.00947e-05	  1.06982e-06	  12	  3.62322e-07
295	  0.998963	  0.104828	  3.9601e-05	  1.09069e-06	  24	  2.77171e-07
296	  1.08818	  0.030936	  3.259e-05	  1.07118e-06	  138	  1.44743e-07
297	  1.08818	  0.0938307	  3.259e-05	  9.71078e-07	  252	  1.09726e-07
298	  1.08818	  0.156319	  3.259e-05	  8.84932e-07	  72	  1.48537e-07
299	  1.08818	  0.218712	  3.259e-05	  9.89335e-07	  216	  1.16782e-07
300	  1.08818	  0.281224	  3.259e-05	  1.18318e-06	  288	  1.28879e-07
301	  1.08818	  0.343807	  3.259e-05	  1.07388e-06	  120	  1.51725e-07
302	  1.08818	  0.406302	  3.259e-05	  1.52746e-06	  180	  1.90223e-07
303	  1.08818	  0.468745	  3.259e-05	  1.56195e-06	  180	  1.94519e-07
304	  1.08818	  0.531226	  3.259e-05	  1.68011e-06	  192	  2.05257e-07
305	  1.08818	  0.593785	  3.259e-05	  2.20444e-06	  192	  2.69314e-07
306	  1.08818	  0.656281	  3.259e-05	  1.92922e-06	  168	  2.45304e-07
307	  1.08818	  0.718743	  3.259e-05	  2.33166e-06	  228	  2.71001e-07
308	  1.08818	  0.781255	  3.259e-05	  3.04696e-06	  144	  4.06262e-07
309	  1.08818	  0.843774	  3.259e-05	  2.69557e-06	  240	  3.08777e-07
310	  1.08818	  0.90628	  3.259e-05	  3.84121e-06	  168	  4.88416e-07
311	  1.08818	  0.968758	  3.259e-05	  3.57606e-06	  150	  4.70787e-07
312	  1.25577	  0.030936	  2.34401e-05	  7.98078e-07	  198	  9.66208e-08
313	  1.25577	  0.0938307	  2.34401e-05	  8.13031e-07	  396	  8.15079e-08
314	  1.25577	  0.156319	  2.34401e-05	  7.97276e-07	  396	  7.99284e-08
315	  1.25577	  0.218712	  2.34401e-05	  7.56575e-07	  204	  9.07996e-08
316	  1.25577	  0.281224	  2.34401e-05	  8.81797e-07	  216	  1.04089e-07
317	  1.25577	  0.343807	  2.34401e-05	  8.99839e-07	  372	  9.16464e-08
318	  1.25577	  0.406302	  2.34401e-05	  1.01716e-06	  312	  1.08443e-07
319	  1.25577	  0.468745	  2.34401e-05	  1.03805e-06	  288	  1.1307e-07
320	  1.25577	  0.531226	  2.34401e-05	  1.37038e-06	  264	  1.5286e-07
321	  1.25577	  0.593785	  2.34401e-05	  1.23985e-06	  312	  1.32185e-07
322	  1.25577	  0.656281	  2.34401e-05	  1.46281e-06	  276	  1.61191e-07
323	  1.25577	  0.718743	  2.34401e-05	  1.57972e-06	  312	  1.6842e-07
324	  1.25577	  0.781255	  2.34401e-05	  1.81097e-06	  276	  1.99556e-07
325	  1.25577	  0.843774	  2.34401e-05	  2.05715e-06	  240	  2.35646e-07
326	  1.25577	  0.90628	  2.34401e-05	  2.42482e-06	  324	  2.55953e-07
327	  1.25577	  0.968758	  2.34401e-05	  2.65536e-06	  315	  2.82381e-07
328	  1.45182	  0.030936	  1.67209e-05	  5.5623e-07	  246	  6.32754e-08
329	  1.45182	  0.0938307	  1.67209e-05	  5.10726e-07	  516	  4.80197e-08
330	  1.45182	  0.156319	  1.67209e-05	  5.76316e-07	  504	  5.4487e-08
331	  1.45182	  0.218712	  1.67209e-05	  5.59993e-07	  528	  5.23702e-08
332	  1.45182	  0.281224	  1.67209e-05	  5.79136e-07	  504	  5.47536e-08
333	  1.45182	  0.343807	  1.67209e-05	  6.81128e-07	  384	  6.88151e-08
334	  1.45182	  0.406302	  1.67209e-05	  8.12542e-07	  420	  8.02751e-08
335	  1.45182	  0.468745	  1.67209e-05	  7.16431e-07	  468	  6.89386e-08
336	  1.45182	  0.531226	  1.67209e-05	  7.93013e-07	  480	  7.58466e-08
337	  1.45182	  0.593785	  1.67209e-05	  8.78565e-07	  468	  8.45399e-08
338	  1.45182	  0.656281	  1.67209e-05	  9.81729e-07	  396	  9.84202e-08
339	  1.45182	  0.718743	  1.67209e-05	  1.04125e-06	  456	  1.00824e-07
340	  1.45182	  0.781255	  1.67209e-05	  1.31147e-06	  432	  1.28672e-07
341	  1.45182	  0.843774	  1.67209e-05	  1.41482e-06	  480	  1.35318e-07
342	  1.45182	  0.90628	  1.67209e-05	  1.70165e-06	  480	  1.62751e-07
343	  1.45182	  0.968758	  1.67209e-05	  1.74072e-06	  414	  1.72588e-07
344	  1.68148	  0.030936	  1.18352e-05	  3.75983e-07	  798	  3.21088e-08
345	  1.68148	  0.0938307	  1.18352e-05	  4.30034e-07	  708	  3.76634e-08
346	  1.68148	  0.156319	  1.18352e-05	  3.94928e-07	  684	  3.48469e-08
347	  1.68148	  0.218712	  1.18352e-05	  4.41468e-07	  720	  3.8526e-08
348	  1.68148	  0.281224	  1.18352e-05	  4.42001e-07	  708	  3.87115e-08
349	  1.68148	  0.343807	  1.18352e-05	  4.61946e-07	  720	  4.0313e-08
350	  1.68148	  0.406302	  1.18352e-05	  5.11413e-07	  672	  4.52989e-08
351	  1.68148	  0.468745	  1.18352e-05	  5.74331e-07	  732	  4.99444e-08
352	  1.68148	  0.531226	  1.18352e-05	  6.14671e-07	  672	  5.4445e-08
353	  1.68148	  0.593785	  1.18352e-05	  6.27427e-07	  708	  5.49515e-08
354	  1.68148	  0.656281	  1.18352e-05	  6.5917e-07	  744	  5.71248e-08
355	  1.68148	  0.718743	  1.18352e-05	  8.33875e-07	  744	  7.22651e-08
356	  1.68148	  0.781255	  1.18352e-05	  8.86271e-07	  696	  7.79075e-08
357	  1.68148	  0.843774	  1.18352e-05	  9.89948e-07	  708	  8.67019e-08
358	  1.68148	  0.90628	  1.18352e-05	  1.12491e-06	  696	  9.88854e-08
359	  1.68148	  0.968758	  1.18352e-05	  1.20478e-06	  741	  1.04498e-07
360	  1.94819	  0.030936	  8.33561e-06	  2.87717e-07	  1368	  2.21648e-08
361	  1.94819	  0.0938307	  8.33561e-06	  2.86575e-07	  924	  2.37564e-08
362	  1.94819	  0.156319	  8.33561e-06	  3.11398e-07	  972	  2.5558e-08
363	  1.94819	  0.218712	  8.33561e-06	  3.16498e-07	  972	  2.59766e-08
364	  1.94819	  0.281224	  8.33561e-06	  2.98917e-07	  1200	  2.35748e-08
365	  1.94819	  0.343807	  8.33561e-06	  3.16667e-07	  1140	  2.52123e-08
366	  1.94819	  0.406302	  8.33561e-06	  3.53622e-07	  1080	  2.84415e-08
367	  1.94819	  0.468745	  8.33561e-06	  3.95734e-07	  1068	  3.1896e-08
368	  1.94819	  0.531226	  8.33561e-06	  3.94387e-07	  1164	  3.1279e-08
369	  1.94819	  0.593785	  8.33561e-06	  4.59055e-07	  1188	  3.62713e-08
370	  1.94819	  0.656281	  8.33561e-06	  4.77041e-07	  1068	  3.84493e-08
371	  1.94819	  0.718743	  8.33561e-06	  5.00191e-07	  1008	  4.07641e-08
372	  1.94819	  0.781255	  8.33561e-06	  5.98287e-07	  1164	  4.74505e-08
373	  1.94819	  0.843774	  8.33561e-06	  6.08604e-07	  1176	  4.81774e-08
374	  1.94819	  0.90628	  8.33561e-06	  7.08436e-07	  1080	  5.69788e-08
375	  1.94819	  0.968758	  8.33561e-06	  7.55639e-07	  1038	  6.12359e-08
376	  2.25604	  0.030936	  5.85898e-06	  2.09662e-07	  1896	  1.52982e-08
377	  2.25604	  0.0938307	  5.85898e-06	  2.12134e-07	  1272	  1.65547e-08
378	  2.25604	  0.156319	  5.85898e-06	  2.06904e-07	  2040	  1.49261e-08
379	  2.25604	  0.218712	  5.85898e-06	  2.21727e-07	  1740	  1.64019e-08
380	  2.25604	  0.281224	  5.85898e-06	  2.29038e-07	  1584	  1.72067e-08
381	  2.25604	  0.343807	  5.85898e-06	  2.3491e-07	  1764	  1.73386e-08
382	  2.25604	  0.406302	  5.85898e-06	  2.46728e-07	  1632	  1.84438e-08
383	  2.25604	  0.468745	  5.85898e-06	  2.63779e-07	  1860	  1.93052e-08
384	  2.25604	  0.531226	  5.85898e-06	  2.85369e-07	  1560	  2.14935e-08
385	  2.25604	  0.593785	  5.85898e-06	  3.05278e-07	  1692	  2.26854e-08
386	  2.25604	  0.656281	  5.85898e-06	  3.43176e-07	  1704	  2.54722e-08
387	  2.25604	  0.718743	  5.85898e-06	  3.57349e-07	  1824	  2.62346e-08
388	  2.25604	  0.781255	  5.85898e-06	  3.91655e-07	  1668	  2.91725e-08
389	  2.25604	  0.843774	  5.85898e-06	  4.16158e-07	  1680	  3.09611e-08
390	  2.25604	  0.90628	  5.85898e-06	  4.66378e-07	  1776	  3.43856e-08
391	  2.25604	  0.968758	  5.85898e-06	  4.84192e-07	  1656	  3.6108e-08
392	  2.61216	  0.030936	  4.10705e-06	  1.56102e-07	  2586	  1.08748e-08
393	  2.61216	  0.0938307	  4.10705e-06	  1.52795e-07	  3036	  1.04128e-08
394	  2.61216	  0.156319	  4.10705e-06	  1.5979e-07	  2124	  1.14566e-08
395	  2.61216	  0.218712	  4.10705e-06	  1.56589e-07	  2940	  1.07174e-08
396	  2.61216	  0.281224	  4.10705e-06	  1.67159e-07	  2616	  1.16262e-08
397	  2.61216	  0.343807	  4.10705e-06	  1.70404e-07	  2448	  1.19643e-08
398	  2.61216	  0.406302	  4.10705e-06	  1.79129e-07	  2916	  1.22736e-08
399	  2.61216	  0.468745	  4.10705e-06	  1.88811e-07	  2544	  1.3184e-08
400	  2.61216	  0.531226	  4.10705e-06	  2.01069e-07	  2652	  1.39579e-08
401	  2.61216	  0.593785	  4.10705e-06	  2.08213e-07	  2748	  1.43826e-08
402	  2.61216	  0.656281	  4.10705e-06	  2.36542e-07	  2676	  1.63997e-08
403	  2.61216	  0.718743	  4.10705e-06	  2.33629e-07	  2472	  1.63804e-08
404	  2.61216	  0.781255	  4.10705e-06	  2.54362e-07	  2616	  1.76913e-08
405	  2.61216	  0.843774	  4.10705e-06	  2.64893e-07	  2736	  1.83089e-08
406	  2.61216	  0.90628	  4.10705e-06	  2.84132e-07	  2568	  1.98135e-08
407	  2.61216	  0.968758	  4.10705e-06	  2.92065e-07	  2745	  2.01778e-08
408	  3.02645	  0.030936	  2.86472e-06	  1.14895e-07	  3414	  7.71113e-09
409	  3.02645	  0.0938307	  2.86472e-06	  1.12921e-07	  4512	  7.32716e-09
410	  3.02645	  0.156319	  2.86472e-06	  1.10021e-07	  4632	  7.11759e-09
411	  3.02645	  0.218712	  2.86472e-06	  1.11847e-07	  3972	  7.36702e-09
412	  3.02645	  0.281224	  2.86472e-06	  1.15751e-07	  4176	  7.57874e-09
413	  3.02645	  0.343807	  2.86472e-06	  1.20655e-07	  4344	  7.86337e-09
414	  3.02645	  0.406302	  2.86472e-06	  1.25507e-07	  4044	  8.24898e-09
415	  3.02645	  0.468745	  2.86472e-06	  1.33987e-07	  4092	  8.79392e-09
416	  3.02645	  0.531226	  2.86472e-06	  1.44576e-07	  4296	  9.4346e-09
417	  3.02645	  0.593785	  2.86472e-06	  1.4689e-07	  3996	  9.66822e-09
418	  3.02645	  0.656281	  2.86472e-06	  1.54445e-07	  4188	  1.01088e-08
419	  3.02645	  0.718743	  2.86472e-06	  1.64475e-07	  4212	  1.0758e-08
420	  3.02645	  0.781255	  2.86472e-06	  1.67427e-07	  4140	  1.09735e-08
421	  3.02645	  0.843774	  2.86472e-06	  1.71945e-07	  4128	  1.12735e-08
422	  3.02645	  0.90628	  2.86472e-06	  1.80618e-07	  4188	  1.18219e-08
423	  3.02645	  0.968758	  2.86472e-06	  1.76775e-07	  4128	  1.15901e-08
424	  3.50419	  0.030936	  1.99639e-06	  8.17794e-08	  7002	  5.06628e-09
425	  3.50419	  0.0938307	  1.99639e-06	  8.2164e-08	  6240	  5.14833e-09
426	  3.50419	  0.156319	  1.99639e-06	  7.92827e-08	  5964	  4.99076e-09
427	  3.50419	  0.218712	  1.99639e-06	  8.12597e-08	  6180	  5.09665e-09
428	  3.50419	  0.281224	  1.99639e-06	  8.42178e-08	  6420	  5.26197e-09
429	  3.50419	  0.343807	  1.99639e-06	  8.61729e-08	  6516	  5.37617e-09
430	  3.50419	  0.406302	  1.99639e-06	  8.86376e-08	  6312	  5.54755e-09
431	  3.50419	  0.468745	  1.99639e-06	  9.69176e-08	  6276	  6.06926e-09
432	  3.50419	  0.531226	  1.99639e-06	  9.47264e-08	  6360	  5.92412e-09
433	  3.50419	  0.593785	  1.99639e-06	  9.7403e-08	  6408	  6.08693e-09
434	  3.50419	  0.656281	  1.99639e-06	  1.05129e-07	  6360	  6.57466e-09
435	  3.50419	  0.718743	  1.99639e-06	  1.05214e-07	  6336	  6.58248e-09
436	  3.50419	  0.781255	  1.99639e-06	  1.0521e-07	  6372	  6.57849e-09
437	  3.50419	  0.843774	  1.99639e-06	  1.08332e-07	  6456	  6.76489e-09
438	  3.50419	  0.90628	  1.99639e-06	  1.04866e-07	  6360	  6.55826e-09
439	  3.50419	  0.968758	  1.99639e-06	  1.04054e-07	  6327	  6.51083e-09
440	  4.05763	  0.030936	  1.3873e-06	  5.92183e-08	  10392	  3.54182e-09
441	  4.05763	  0.0938307	  1.3873e-06	  5.6338e-08	  9420	  3.39736e-09
442	  4.05763	  0.156319	  1.3873e-06	  5.84425e-08	  10176	  3.50148e-09
443	  4.05763	  0.218712	  1.3873e-06	  5.92997e-08	  10260	  3.55042e-09
444	  4.05763	  0.281224	  1.3873e-06	  5.6839e-08	  9528	  3.42425e-09
445	  4.05763	  0.343807	  1.3873e-06	  5.92015e-08	  10140	  3.54799e-09
446	  4.05763	  0.406302	  1.3873e-06	  6.21487e-08	  9960	  3.73017e-09
447	  4.05763	  0.468745	  1.3873e-06	  6.1928e-08	  10068	  3.71359e-09
448	  4.05763	  0.531226	  1.3873e-06	  6.47215e-08	  9996	  3.88342e-09
449	  4.05763	  0.593785	  1.3873e-06	  6.45976e-08	  9828	  3.88148e-09
450	  4.05763	  0.656281	  1.3873e-06	  6.59196e-08	  10032	  3.95413e-09
451	  4.05763	  0.718743	  1.3873e-06	  6.55671e-08	  9924	  3.93653e-09
452	  4.05763	  0.781255	  1.3873e-06	  6.36399e-08	  10116	  3.81474e-09
453	  4.05763	  0.843774	  1.3873e-06	  6.3198e-08	  9888	  3.79545e-09
454	  4.05763	  0.90628	  1.3873e-06	  6.29226e-08	  10008	  3.77511e-09
455	  4.05763	  0.968758	  1.3873e-06	  5.82567e-08	  9978	  3.49604e-09
456	  4.69917	  0.030936	  9.60877e-07	  4.18771e-08	  13626	  2.4526e-09
457	  4.69917	  0.0938307	  9.60877e-07	  4.14396e-08	  16392	  2.39565e-09
458	  4.69917	  0.156319	  9.60877e-07	  4.10927e-08	  15708	  2.38251e-09
459	  4.69917	  0.218712	  9.60877e-07	  4.05047e-08	  15432	  2.35129e-09
460	  4.69917	  0.281224	  9.60877e-07	  4.04873e-08	  15780	  2.34667e-09
461	  4.69917	  0.343807	  9.60877e-07	  4.06582e-08	  15300	  2.36161e-09
462	  4.69917	  0.406302	  9.60877e-07	  4.13442e-08	  15588	  2.39836e-09
463	  4.69917	  0.468745	  9.60877e-07	  4.13219e-08	  15396	  2.39912e-09
464	  4.69917	  0.531226	  9.60877e-07	  4.20426e-08	  15504	  2.43978e-09
465	  4.69917	  0.593785	  9.60877e-07	  4.15441e-08	  15660	  2.40919e-09
466	  4.69917	  0.656281	  9.60877e-07	  4.04273e-08	  15192	  2.34936e-09
467	  4.69917	  0.718743	  9.60877e-07	  3.94413e-08	  15600	  2.28785e-09
468	  4.69917	  0.781255	  9.60877e-07	  3.89587e-08	  15216	  2.26377e-09
469	  4.69917	  0.843774	  9.60877e-07	  3.70793e-08	  15516	  2.15164e-09
470	  4.69917	  0.90628	  9.60877e-07	  3.40528e-08	  15540	  1.97581e-09
471	  4.69917	  0.968758	  9.60877e-07	  3.24132e-08	  15405	  1.88181e-09
472	  5.4432	  0.030936	  6.6384e-07	  3.017e-08	  26250	  1.69471e-09
473	  5.4432	  0.0938307	  6.6384e-07	  2.9369e-08	  22392	  1.66471e-09
474	  5.4432	  0.156319	  6.6384e-07	  2.9206e-08	  24516	  1.64683e-09
475	  5.4432	  0.218712	  6.6384e-07	  2.83342e-08	  23592	  1.60118e-09
476	  5.4432	  0.281224	  6.6384e-07	  2.80922e-08	  24264	  1.58496e-09
477	  5.4432	  0.343807	  6.6384e-07	  2.78078e-08	  23928	  1.57016e-09
478	  5.4432	  0.406302	  6.6384e-07	  2.71059e-08	  24120	  1.52983e-09
479	  5.4432	  0.468745	  6.6384e-07	  2.65887e-08	  23964	  1.50119e-09
480	  5.4432	  0.531226	  6.6384e-07	  2.62684e-08	  24060	  1.48277e-09
481	  5.4432	  0.593785	  6.6384e-07	  2.55776e-08	  24108	  1.44361e-09
482	  5.4432	  0.656281	  6.6384e-07	  2.44302e-08	  24228	  1.37846e-09
483	  5.4432	  0.718743	  6.6384e-07	  2.3251e-08	  24144	  1.31219e-09
484	  5.4432	  0.781255	  6.6384e-07	  2.16492e-08	  23940	  1.22238e-09
485	  5.4432	  0.843774	  6.6384e-07	  1.95947e-08	  24192	  1.10572e-09
486	  5.4432	  0.90628	  6.6384e-07	  1.82496e-08	  23988	  1.03031e-09
487	  5.4432	  0.968758	  6.6384e-07	  1.65949e-08	  24141	  9.3655e-10
488	  6.30378	  0.030936	  4.57865e-07	  2.13592e-08	  35082	  1.182e-09
489	  6.30378	  0.0938307	  4.57865e-07	  2.05223e-08	  39108	  1.12989e-09
490	  6.30378	  0.156319	  4.57865e-07	  2.00959e-08	  36924	  1.10938e-09
491	  6.30378	  0.218712	  4.57865e-07	  1.93989e-08	  37692	  1.06986e-09
492	  6.30378	  0.281224	  4.57865e-07	  1.85577e-08	  37092	  1.02424e-09
493	  6.30378	  0.343807	  4.57865e-07	  1.81478e-08	  37536	  1.00106e-09
494	  6.30378	  0.406302	  4.57865e-07	  1.76453e-08	  36984	  9.74019e-10
495	  6.30378	  0.468745	  4.57865e-07	  1.66732e-08	  37428	  9.19845e-10
496	  6.30378	  0.531226	  4.57865e-07	  1.58607e-08	  37392	  8.75057e-10
497	  6.30378	  0.593785	  4.57865e-07	  1.4957e-08	  37200	  8.25398e-10
498	  6.30378	  0.656281	  4.57865e-07	  1.37927e-08	  36924	  7.61415e-10
499	  6.30378	  0.718743	  4.57865e-07	  1.26135e-08	  37272	  6.9601e-10
500	  6.30378	  0.781255	  4.57865e-07	  1.13852e-08	  37284	  6.28221e-10
501	  6.30378	  0.843774	  4.57865e-07	  1.01699e-08	  37188	  5.61231e-10
502	  6.30378	  0.90628	  4.57865e-07	  8.97593e-09	  37320	  4.9526e-10
503	  6.30378	  0.968758	  4.57865e-07	  7.70008e-09	  37119	  4.2497e-10
504	  7.30029	  0.030936	  3.15016e-07	  1.46855e-08	  60258	  7.94102e-10
505	  7.30029	  0.0938307	  3.15016e-07	  1.42192e-08	  56916	  7.70564e-10
506	  7.30029	  0.156319	  3.15016e-07	  1.36913e-08	  56820	  7.42003e-10
507	  7.30029	  0.218712	  3.15016e-07	  1.30482e-08	  58716	  7.06257e-10
508	  7.30029	  0.281224	  3.15016e-07	  1.23803e-08	  57840	  6.70495e-10
509	  7.30029	  0.343807	  3.15016e-07	  1.14893e-08	  57612	  6.22335e-10
510	  7.30029	  0.406302	  3.15016e-07	  1.08009e-08	  58464	  5.84713e-10
511	  7.30029	  0.468745	  3.15016e-07	  9.96294e-09	  57948	  5.39534e-10
512	  7.30029	  0.531226	  3.15016e-07	  9.18935e-09	  57708	  4.97721e-10
513	  7.30029	  0.593785	  3.15016e-07	  8.12338e-09	  58236	  4.39831e-10
514	  7.30029	  0.656281	  3.15016e-07	  7.32204e-09	  58008	  3.96503e-10
515	  7.30029	  0.718743	  3.15016e-07	  6.40034e-09	  58200	  3.46547e-10
516	  7.30029	  0.781255	  3.15016e-07	  5.48656e-09	  58128	  2.97085e-10
517	  7.30029	  0.843774	  3.15016e-07	  4.7082e-09	  57972	  2.54965e-10
518	  7.30029	  0.90628	  3.15016e-07	  4.01407e-09	  57960	  2.17377e-10
519	  7.30029	  0.968758	  3.15016e-07	  3.35653e-09	  58122	  1.81749e-10
520	  8.455	  0.030936	  2.16353e-07	  1.00156e-08	  90198	  5.34131e-10
521	  8.455	  0.0938307	  2.16353e-07	  9.60593e-09	  89292	  5.12443e-10
522	  8.455	  0.156319	  2.16353e-07	  9.1266e-09	  90804	  4.86617e-10
523	  8.455	  0.218712	  2.16353e-07	  8.42039e-09	  89628	  4.49146e-10
524	  8.455	  0.281224	  2.16353e-07	  7.80575e-09	  89844	  4.16329e-10
525	  8.455	  0.343807	  2.16353e-07	  7.05723e-09	  90636	  3.76303e-10
526	  8.455	  0.406302	  2.16353e-07	  6.32879e-09	  89628	  3.37579e-10
527	  8.455	  0.468745	  2.16353e-07	  5.60385e-09	  89772	  2.98896e-10
528	  8.455	  0.531226	  2.16353e-07	  4.90237e-09	  90324	  2.61431e-10
529	  8.455	  0.593785	  2.16353e-07	  4.14079e-09	  89784	  2.20859e-10
530	  8.455	  0.656281	  2.16353e-07	  3.51467e-09	  90216	  1.87435e-10
531	  8.455	  0.718743	  2.16353e-07	  2.96473e-09	  89796	  1.5813e-10
532	  8.455	  0.781255	  2.16353e-07	  2.45714e-09	  90120	  1.31042e-10
533	  8.455	  0.843774	  2.16353e-07	  2.02406e-09	  90132	  1.07945e-10
534	  8.455	  0.90628	  2.16353e-07	  1.66584e-09	  89916	  8.88475e-11
535	  8.455	  0.968758	  2.16353e-07	  1.3224e-09	  89964	  7.05287e-11
536	  9.79129	  0.030936	  1.48293e-07	  6.63132e-09	  139068	  3.49348e-10
537	  9.79129	  0.0938307	  1.48293e-07	  6.27642e-09	  141180	  3.30525e-10
538	  9.79129	  0.156319	  1.48293e-07	  5.83747e-09	  139380	  3.07509e-10
539	  9.79129	  0.218712	  1.48293e-07	  5.28278e-09	  138804	  2.78318e-10
540	  9.79129	  0.281224	  1.48293e-07	  4.68436e-09	  140952	  2.46695e-10
541	  9.79129	  0.343807	  1.48293e-07	  4.03187e-09	  139668	  2.12382e-10
542	  9.79129	  0.406302	  1.48293e-07	  3.44656e-09	  139464	  1.81557e-10
543	  9.79129	  0.468745	  1.48293e-07	  2.88499e-09	  139812	  1.51965e-10
544	  9.79129	  0.531226	  1.48293e-07	  2.36424e-09	  139884	  1.24534e-10
545	  9.79129	  0.593785	  1.48293e-07	  1.94375e-09	  140184	  1.02379e-10
546	  9.79129	  0.656281	  1.48293e-07	  1.57213e-09	  139404	  8.28172e-11
547	  9.79129	  0.718743	  1.48293e-07	  1.26318e-09	  139932	  6.65359e-11
548	  9.79129	  0.781255	  1.48293e-07	  1.01036e-09	  139980	  5.32185e-11
549	  9.79129	  0.843774	  1.48293e-07	  7.91971e-10	  139632	  4.17179e-11
550	  9.79129	  0.90628	  1.48293e-07	  6.30665e-10	  140088	  3.32182e-11
551	  9.79129	  0.968758	  1.48293e-07	  4.78655e-10	  139623	  2.52138e-11
