#n	   k	      mu	    PL	    Pf	     w	     err  
0	  0.10472	  1	  0.00306127	  0.000549879	  3	  0.000344967
1	  0.20944	  1	  0.0010874	  0.000158651	  3	  9.953e-05
2	  0.314159	  1	  0.000509336	  0.000143781	  3	  9.02011e-05
3	  0.418879	  1	  0.00028546	  2.49431e-05	  3	  1.56481e-05
4	  0.523599	  1	  0.000180467	  8.97666e-06	  3	  5.63151e-06
5	  0.628319	  1	  0.000122281	  4.75077e-05	  3	  2.9804e-05
6	  0.733038	  1	  8.74227e-05	  2.00413e-05	  3	  1.25729e-05
7	  0.837758	  1	  6.50738e-05	  1.54642e-05	  3	  9.70148e-06
8	  0.942478	  1	  4.99708e-05	  2.42039e-06	  3	  1.51843e-06
9	  0.10472	  0	  0.00306127	  9.21323e-05	  6	  4.22195e-05
10	  0.148096	  0.707107	  0.00194673	  0.000133673	  12	  4.52716e-05
11	  0.23416	  0.894427	  0.000861366	  0.000159975	  12	  5.41794e-05
12	  0.331153	  0.948683	  0.000461248	  6.67671e-05	  12	  2.26124e-05
13	  0.431771	  0.970143	  0.000268642	  3.35616e-05	  12	  1.13665e-05
14	  0.533968	  0.980581	  0.000173094	  2.21601e-05	  12	  7.50507e-06
15	  0.636985	  0.986394	  0.000118696	  1.49894e-05	  12	  5.07653e-06
16	  0.74048	  0.989949	  8.55312e-05	  1.73038e-05	  12	  5.86037e-06
17	  0.844278	  0.992278	  6.3942e-05	  9.86452e-06	  12	  3.34087e-06
18	  0.948278	  0.993884	  4.92751e-05	  9.14608e-06	  12	  3.09755e-06
19	  0.148096	  0	  0.00194673	  5.1766e-05	  6	  2.37217e-05
20	  0.18138	  0.57735	  0.00138108	  7.35277e-05	  12	  2.4902e-05
21	  0.25651	  0.816497	  0.000758093	  8.02512e-05	  12	  2.71791e-05
22	  0.347316	  0.904534	  0.00041546	  4.49487e-05	  12	  1.5223e-05
23	  0.444288	  0.942809	  0.000253958	  2.68158e-05	  12	  9.08185e-06
24	  0.54414	  0.96225	  0.000166222	  2.72999e-05	  12	  9.24579e-06
25	  0.645536	  0.973329	  0.000115357	  1.53492e-05	  12	  5.1984e-06
26	  0.747849	  0.980196	  8.36612e-05	  1.16495e-05	  12	  3.94539e-06
27	  0.850747	  0.984732	  6.28792e-05	  1.2003e-05	  12	  4.06511e-06
28	  0.954042	  0.987878	  4.86063e-05	  8.28768e-06	  12	  2.80683e-06
29	  0.20944	  0	  0.0010874	  3.12287e-05	  6	  1.43105e-05
30	  0.23416	  0.447214	  0.000861366	  5.06528e-05	  12	  1.71549e-05
31	  0.296192	  0.707107	  0.000560902	  5.95171e-05	  12	  2.0157e-05
32	  0.377572	  0.83205	  0.000353507	  4.19229e-05	  12	  1.41982e-05
33	  0.468321	  0.894427	  0.000227855	  3.36974e-05	  12	  1.14125e-05
34	  0.563933	  0.928477	  0.000154074	  1.18549e-05	  12	  4.01495e-06
35	  0.662306	  0.948683	  0.000109103	  1.32703e-05	  12	  4.49431e-06
36	  0.762371	  0.961524	  8.01954e-05	  1.1192e-05	  12	  3.79046e-06
37	  0.863541	  0.970143	  6.0809e-05	  4.41569e-06	  12	  1.49548e-06
38	  0.965468	  0.976187	  4.73186e-05	  6.12065e-06	  12	  2.07291e-06
39	  0.23416	  0	  0.000861366	  3.24896e-05	  12	  1.10034e-05
40	  0.25651	  0.408248	  0.000758093	  3.21658e-05	  24	  8.17411e-06
41	  0.314159	  0.666667	  0.000509336	  4.36594e-05	  24	  1.10949e-05
42	  0.391825	  0.801784	  0.00032913	  3.08943e-05	  24	  7.85098e-06
43	  0.479886	  0.872872	  0.00021626	  3.74339e-05	  24	  9.51287e-06
44	  0.573574	  0.912871	  0.000148705	  1.62607e-05	  24	  4.13224e-06
45	  0.670534	  0.937043	  0.000106245	  1.12473e-05	  24	  2.85822e-06
46	  0.76953	  0.952579	  7.85788e-05	  1.09561e-05	  24	  2.78421e-06
47	  0.869868	  0.963087	  5.98331e-05	  9.25131e-06	  24	  2.35098e-06
48	  0.971131	  0.970495	  4.66877e-05	  6.87063e-06	  24	  1.74599e-06
49	  0.296192	  0	  0.000560902	  1.84267e-05	  6	  8.44398e-06
50	  0.314159	  0.333333	  0.000509336	  2.39862e-05	  12	  8.12354e-06
51	  0.36276	  0.57735	  0.000380271	  2.08199e-05	  12	  7.05119e-06
52	  0.431771	  0.727607	  0.000268642	  2.57111e-05	  12	  8.70771e-06
53	  0.51302	  0.816497	  0.000188322	  2.34333e-05	  12	  7.93629e-06
54	  0.601569	  0.870388	  0.000134274	  1.68513e-05	  12	  5.70713e-06
55	  0.694632	  0.904534	  9.83796e-05	  1.6362e-05	  12	  5.54139e-06
56	  0.790617	  0.927173	  7.40102e-05	  8.28912e-06	  12	  2.80732e-06
57	  0.888577	  0.942809	  5.7047e-05	  7.44254e-06	  12	  2.5206e-06
58	  0.987924	  0.953998	  4.49132e-05	  4.01603e-06	  12	  1.36013e-06
59	  0.314159	  0	  0.000509336	  2.30576e-05	  6	  1.05661e-05
60	  0.331153	  0.316228	  0.000461248	  2.04592e-05	  12	  6.92902e-06
61	  0.377572	  0.5547	  0.000353507	  2.69999e-05	  12	  9.14419e-06
62	  0.444288	  0.707107	  0.000253958	  1.50464e-05	  12	  5.09584e-06
63	  0.523599	  0.8	  0.000180467	  2.2232e-05	  12	  7.52944e-06
64	  0.610616	  0.857493	  0.000130032	  8.26652e-06	  12	  2.79966e-06
65	  0.702481	  0.894427	  9.59862e-05	  9.68723e-06	  12	  3.28082e-06
66	  0.797522	  0.919145	  7.25949e-05	  9.42156e-06	  12	  3.19085e-06
67	  0.894726	  0.936329	  5.61554e-05	  4.36812e-06	  12	  1.47937e-06
68	  0.993459	  0.948683	  4.43525e-05	  6.03832e-06	  12	  2.04503e-06
69	  0.331153	  0	  0.000461248	  1.48028e-05	  12	  5.01334e-06
70	  0.347316	  0.301511	  0.00041546	  1.41786e-05	  24	  3.60312e-06
71	  0.391825	  0.534522	  0.00032913	  1.43567e-05	  24	  3.64838e-06
72	  0.456463	  0.688247	  0.000240494	  2.5947e-05	  24	  6.59377e-06
73	  0.533968	  0.784465	  0.000173094	  1.34302e-05	  24	  3.41295e-06
74	  0.61953	  0.845154	  0.000126056	  1.06309e-05	  24	  2.70157e-06
75	  0.710244	  0.884652	  9.37219e-05	  1.47328e-05	  24	  3.74397e-06
76	  0.804368	  0.911322	  7.12372e-05	  9.56006e-06	  24	  2.42944e-06
77	  0.900833	  0.929981	  5.53169e-05	  6.56635e-06	  24	  1.66867e-06
78	  0.998963	  0.943456	  4.38063e-05	  4.63682e-06	  24	  1.17833e-06
79	  0.377572	  0	  0.000353507	  1.27762e-05	  12	  4.32699e-06
80	  0.391825	  0.267261	  0.00032913	  9.25606e-06	  24	  2.35219e-06
81	  0.431771	  0.485071	  0.000268642	  1.72541e-05	  24	  4.3847e-06
82	  0.491179	  0.639602	  0.000205912	  1.14128e-05	  24	  2.90027e-06
83	  0.563933	  0.742781	  0.000154074	  1.55168e-05	  24	  3.94318e-06
84	  0.645536	  0.811107	  0.000115357	  1.26101e-05	  24	  3.20454e-06
85	  0.733038	  0.857143	  8.74227e-05	  1.11015e-05	  24	  2.82117e-06
86	  0.824564	  0.889001	  6.74072e-05	  5.08286e-06	  24	  1.29168e-06
87	  0.918912	  0.911685	  5.29003e-05	  7.14817e-06	  24	  1.81652e-06
88	  0.418879	  0	  0.00028546	  3.38571e-06	  6	  1.5515e-06
89	  0.431771	  0.242536	  0.000268642	  7.03387e-06	  12	  2.3822e-06
90	  0.468321	  0.447214	  0.000227855	  1.26486e-05	  12	  4.28376e-06
91	  0.523599	  0.6	  0.000180467	  1.21204e-05	  12	  4.10486e-06
92	  0.592384	  0.707107	  0.000138819	  5.22047e-06	  12	  1.76804e-06
93	  0.670534	  0.780869	  0.000106245	  1.22433e-05	  12	  4.14651e-06
94	  0.755145	  0.83205	  8.19187e-05	  7.36148e-06	  12	  2.49315e-06
95	  0.844278	  0.868243	  6.3942e-05	  7.06156e-06	  12	  2.39157e-06
96	  0.936642	  0.894427	  5.06708e-05	  4.1153e-06	  12	  1.39375e-06
97	  0.431771	  0	  0.000268642	  7.03039e-06	  12	  2.38102e-06
98	  0.444288	  0.235702	  0.000253958	  4.14237e-06	  24	  1.05268e-06
99	  0.479886	  0.436436	  0.00021626	  1.49543e-05	  24	  3.80025e-06
100	  0.533968	  0.588348	  0.000173094	  8.19146e-06	  24	  2.08165e-06
101	  0.601569	  0.696311	  0.000134274	  7.07235e-06	  24	  1.79725e-06
102	  0.678662	  0.771517	  0.000103483	  6.71128e-06	  24	  1.7055e-06
103	  0.762371	  0.824163	  8.01954e-05	  1.04927e-05	  24	  2.66644e-06
104	  0.850747	  0.86164	  6.28792e-05	  8.45635e-06	  24	  2.14896e-06
105	  0.942478	  0.888889	  4.99708e-05	  7.06032e-06	  24	  1.7942e-06
106	  0.444288	  0	  0.000253958	  6.65804e-06	  6	  3.05103e-06
107	  0.456463	  0.229416	  0.000240494	  1.1297e-05	  12	  3.82601e-06
108	  0.491179	  0.426401	  0.000205912	  9.80308e-06	  12	  3.32006e-06
109	  0.54414	  0.57735	  0.000166222	  3.68337e-06	  12	  1.24747e-06
110	  0.610616	  0.685994	  0.000130032	  1.26406e-05	  12	  4.28105e-06
111	  0.686693	  0.762493	  0.000100876	  7.93008e-06	  12	  2.68572e-06
112	  0.76953	  0.816497	  7.85788e-05	  7.00653e-06	  12	  2.37294e-06
113	  0.857168	  0.855186	  6.18245e-05	  3.95814e-06	  12	  1.34052e-06
114	  0.948278	  0.883452	  4.92751e-05	  3.32031e-06	  12	  1.1245e-06
115	  0.468321	  0	  0.000227855	  8.09265e-06	  12	  2.74078e-06
116	  0.479886	  0.218218	  0.00021626	  1.13936e-05	  24	  2.8954e-06
117	  0.51302	  0.408248	  0.000188322	  1.15598e-05	  24	  2.93763e-06
118	  0.563933	  0.557086	  0.000154074	  1.0665e-05	  24	  2.71024e-06
119	  0.628319	  0.666667	  0.000122281	  8.08795e-06	  24	  2.05534e-06
120	  0.702481	  0.745356	  9.59862e-05	  9.25711e-06	  24	  2.35245e-06
121	  0.783651	  0.801784	  7.54794e-05	  7.49733e-06	  24	  1.90525e-06
122	  0.869868	  0.842701	  5.98331e-05	  4.95958e-06	  24	  1.26035e-06
123	  0.959772	  0.872872	  4.79605e-05	  4.82197e-06	  24	  1.22538e-06
124	  0.523599	  0	  0.000180467	  5.89878e-06	  18	  1.68529e-06
125	  0.533968	  0.196116	  0.000173094	  5.73392e-06	  36	  1.24235e-06
126	  0.563933	  0.371391	  0.000154074	  5.35265e-06	  36	  1.15974e-06
127	  0.610616	  0.514496	  0.000130032	  6.29947e-06	  36	  1.36488e-06
128	  0.670534	  0.624695	  0.000106245	  6.67338e-06	  36	  1.4459e-06
129	  0.74048	  0.707107	  8.55312e-05	  6.93564e-06	  36	  1.50272e-06
130	  0.817887	  0.768221	  6.86491e-05	  5.96968e-06	  36	  1.29343e-06
131	  0.900833	  0.813733	  5.53169e-05	  5.75561e-06	  36	  1.24705e-06
132	  0.987924	  0.847998	  4.49132e-05	  4.69712e-06	  36	  1.01771e-06
133	  0.533968	  0	  0.000173094	  5.52783e-06	  12	  1.87214e-06
134	  0.54414	  0.19245	  0.000166222	  7.60691e-06	  24	  1.9331e-06
135	  0.573574	  0.365148	  0.000148705	  5.83637e-06	  24	  1.48316e-06
136	  0.61953	  0.507093	  0.000126056	  6.91053e-06	  24	  1.75613e-06
137	  0.678662	  0.617213	  0.000103483	  6.32296e-06	  24	  1.60682e-06
138	  0.747849	  0.70014	  8.36612e-05	  6.21449e-06	  24	  1.57925e-06
139	  0.824564	  0.762001	  6.74072e-05	  2.70832e-06	  24	  6.88249e-07
140	  0.9069	  0.80829	  5.44911e-05	  5.48927e-06	  24	  1.39495e-06
141	  0.993459	  0.843274	  4.43525e-05	  3.98533e-06	  24	  1.01277e-06
142	  0.563933	  0	  0.000154074	  2.43165e-06	  12	  8.23539e-07
143	  0.573574	  0.182574	  0.000148705	  4.64468e-06	  24	  1.18032e-06
144	  0.601569	  0.348155	  0.000134274	  5.59573e-06	  24	  1.42201e-06
145	  0.645536	  0.486664	  0.000115357	  6.36955e-06	  24	  1.61866e-06
146	  0.702481	  0.596285	  9.59862e-05	  6.44736e-06	  24	  1.63843e-06
147	  0.76953	  0.680414	  7.85788e-05	  3.84241e-06	  24	  9.7645e-07
148	  0.844278	  0.744208	  6.3942e-05	  6.42811e-06	  24	  1.63354e-06
149	  0.92486	  0.792594	  5.21404e-05	  4.87052e-06	  24	  1.23772e-06
150	  0.592384	  0	  0.000138819	  1.58479e-06	  6	  7.26227e-07
151	  0.601569	  0.174078	  0.000134274	  3.37015e-06	  12	  1.14139e-06
152	  0.628319	  0.333333	  0.000122281	  4.64292e-06	  12	  1.57244e-06
153	  0.670534	  0.468521	  0.000106245	  3.9575e-06	  12	  1.34031e-06
154	  0.72552	  0.57735	  8.94525e-05	  7.02931e-06	  12	  2.38065e-06
155	  0.790617	  0.662266	  7.40102e-05	  5.435e-06	  12	  1.8407e-06
156	  0.863541	  0.727607	  6.0809e-05	  4.25347e-06	  12	  1.44054e-06
157	  0.942478	  0.777778	  4.99708e-05	  3.63012e-06	  12	  1.22943e-06
158	  0.610616	  0	  0.000130032	  3.90774e-06	  12	  1.32346e-06
159	  0.61953	  0.169031	  0.000126056	  3.9715e-06	  24	  1.00926e-06
160	  0.645536	  0.324443	  0.000115357	  4.90571e-06	  24	  1.24666e-06
161	  0.686693	  0.457496	  0.000100876	  5.00664e-06	  24	  1.27231e-06
162	  0.74048	  0.565685	  8.55312e-05	  4.72227e-06	  24	  1.20004e-06
163	  0.804368	  0.650945	  7.12372e-05	  6.02914e-06	  24	  1.53215e-06
164	  0.876148	  0.717137	  5.88643e-05	  5.47311e-06	  24	  1.39085e-06
165	  0.954042	  0.76835	  4.86063e-05	  4.32211e-06	  24	  1.09835e-06
166	  0.628319	  0	  0.000122281	  1.01992e-05	  6	  4.67378e-06
167	  0.636985	  0.164399	  0.000118696	  5.83084e-06	  12	  1.97476e-06
168	  0.662306	  0.316228	  0.000109103	  3.70799e-06	  12	  1.2558e-06
169	  0.702481	  0.447214	  9.59862e-05	  2.15262e-06	  12	  7.29038e-07
170	  0.755145	  0.5547	  8.19187e-05	  2.96301e-06	  12	  1.0035e-06
171	  0.817887	  0.640184	  6.86491e-05	  3.57783e-06	  12	  1.21172e-06
172	  0.888577	  0.707107	  5.7047e-05	  3.59842e-06	  12	  1.2187e-06
173	  0.965468	  0.759257	  4.73186e-05	  4.51204e-06	  12	  1.52812e-06
174	  0.636985	  0	  0.000118696	  5.81239e-06	  12	  1.96851e-06
175	  0.645536	  0.162221	  0.000115357	  3.0891e-06	  24	  7.85014e-07
176	  0.670534	  0.312348	  0.000106245	  3.23858e-06	  24	  8.23003e-07
177	  0.710244	  0.442326	  9.37219e-05	  4.462e-06	  24	  1.1339e-06
178	  0.762371	  0.549442	  8.01954e-05	  5.87897e-06	  24	  1.49399e-06
179	  0.824564	  0.635001	  6.74072e-05	  2.93623e-06	  24	  7.46168e-07
180	  0.894726	  0.702247	  5.61554e-05	  3.06261e-06	  24	  7.78283e-07
181	  0.971131	  0.754829	  4.66877e-05	  4.03823e-06	  24	  1.02621e-06
182	  0.662306	  0	  0.000109103	  3.21378e-06	  12	  1.08843e-06
183	  0.670534	  0.156174	  0.000106245	  3.10347e-06	  24	  7.88667e-07
184	  0.694632	  0.301511	  9.83796e-05	  3.02243e-06	  24	  7.68072e-07
185	  0.733038	  0.428571	  8.74227e-05	  4.89518e-06	  24	  1.24398e-06
186	  0.783651	  0.534522	  7.54794e-05	  3.58901e-06	  24	  9.12054e-07
187	  0.844278	  0.620174	  6.3942e-05	  3.63291e-06	  24	  9.2321e-07
188	  0.912926	  0.688247	  5.36709e-05	  2.91522e-06	  24	  7.40827e-07
189	  0.987924	  0.741999	  4.49132e-05	  3.27423e-06	  24	  8.3206e-07
190	  0.670534	  0	  0.000106245	  3.54868e-06	  12	  1.20185e-06
191	  0.678662	  0.154303	  0.000103483	  2.71895e-06	  24	  6.90952e-07
192	  0.702481	  0.298142	  9.59862e-05	  4.10691e-06	  24	  1.04366e-06
193	  0.74048	  0.424264	  8.55312e-05	  3.53076e-06	  24	  8.97252e-07
194	  0.790617	  0.529813	  7.40102e-05	  3.58388e-06	  24	  9.1075e-07
195	  0.850747	  0.615457	  6.28792e-05	  2.74431e-06	  24	  6.97396e-07
196	  0.918912	  0.683763	  5.29003e-05	  4.21545e-06	  24	  1.07125e-06
197	  0.993459	  0.737865	  4.43525e-05	  3.52949e-06	  24	  8.96928e-07
198	  0.702481	  0	  9.59862e-05	  1.78502e-06	  12	  6.04542e-07
199	  0.710244	  0.147442	  9.37219e-05	  3.41112e-06	  24	  8.66848e-07
200	  0.733038	  0.285714	  8.74227e-05	  4.39481e-06	  24	  1.11683e-06
201	  0.76953	  0.408248	  7.85788e-05	  3.75381e-06	  24	  9.53935e-07
202	  0.817887	  0.512148	  6.86491e-05	  5.08262e-06	  24	  1.29162e-06
203	  0.876148	  0.597614	  5.88643e-05	  4.05879e-06	  24	  1.03144e-06
204	  0.942478	  0.666667	  4.99708e-05	  3.5821e-06	  24	  9.10297e-07
205	  0.733038	  0	  8.74227e-05	  2.37939e-06	  6	  1.09035e-06
206	  0.74048	  0.141421	  8.55312e-05	  2.64592e-06	  12	  8.96107e-07
207	  0.762371	  0.274721	  8.01954e-05	  2.51391e-06	  12	  8.51399e-07
208	  0.797522	  0.393919	  7.25949e-05	  3.39737e-06	  12	  1.1506e-06
209	  0.844278	  0.496139	  6.3942e-05	  4.05237e-06	  12	  1.37244e-06
210	  0.900833	  0.581238	  5.53169e-05	  4.04645e-06	  12	  1.37043e-06
211	  0.965468	  0.650791	  4.73186e-05	  3.34136e-06	  12	  1.13164e-06
212	  0.74048	  0	  8.55312e-05	  2.70357e-06	  18	  7.72417e-07
213	  0.747849	  0.140028	  8.36612e-05	  3.93476e-06	  36	  8.52531e-07
214	  0.76953	  0.272166	  7.85788e-05	  3.08768e-06	  36	  6.68997e-07
215	  0.804368	  0.390567	  7.12372e-05	  4.40238e-06	  36	  9.53849e-07
216	  0.850747	  0.492366	  6.28792e-05	  2.56895e-06	  36	  5.56607e-07
217	  0.9069	  0.57735	  5.44911e-05	  2.56936e-06	  36	  5.56695e-07
218	  0.971131	  0.646997	  4.66877e-05	  4.32655e-06	  36	  9.37419e-07
219	  0.755145	  0	  8.19187e-05	  1.79466e-06	  12	  6.07808e-07
220	  0.762371	  0.137361	  8.01954e-05	  3.59803e-06	  24	  9.14347e-07
221	  0.783651	  0.267261	  7.54794e-05	  3.24091e-06	  24	  8.23594e-07
222	  0.817887	  0.384111	  6.86491e-05	  3.38921e-06	  24	  8.6128e-07
223	  0.863541	  0.485071	  6.0809e-05	  2.0299e-06	  24	  5.15848e-07
224	  0.918912	  0.569803	  5.29003e-05	  2.92909e-06	  24	  7.44352e-07
225	  0.982358	  0.639602	  4.55013e-05	  2.38757e-06	  24	  6.0674e-07
226	  0.762371	  0	  8.01954e-05	  1.62702e-06	  12	  5.5103e-07
227	  0.76953	  0.136083	  7.85788e-05	  3.66353e-06	  24	  9.30993e-07
228	  0.790617	  0.264906	  7.40102e-05	  2.58683e-06	  24	  6.57377e-07
229	  0.824564	  0.381	  6.74072e-05	  2.34251e-06	  24	  5.95288e-07
230	  0.869868	  0.481543	  5.98331e-05	  1.81295e-06	  24	  4.60713e-07
231	  0.92486	  0.566139	  5.21404e-05	  3.367e-06	  24	  8.55636e-07
232	  0.987924	  0.635999	  4.49132e-05	  2.71479e-06	  24	  6.89894e-07
233	  0.797522	  0	  7.25949e-05	  2.94773e-06	  12	  9.98323e-07
234	  0.804368	  0.130189	  7.12372e-05	  3.37474e-06	  24	  8.57602e-07
235	  0.824564	  0.254	  6.74072e-05	  2.0664e-06	  24	  5.25122e-07
236	  0.857168	  0.366508	  6.18245e-05	  2.73482e-06	  24	  6.94984e-07
237	  0.900833	  0.464991	  5.53169e-05	  2.61439e-06	  24	  6.64379e-07
238	  0.954042	  0.548821	  4.86063e-05	  2.96789e-06	  24	  7.54212e-07
239	  0.817887	  0	  6.86491e-05	  2.21987e-06	  12	  7.51816e-07
240	  0.824564	  0.127	  6.74072e-05	  2.18004e-06	  24	  5.54002e-07
241	  0.844278	  0.248069	  6.3942e-05	  2.28024e-06	  24	  5.79464e-07
242	  0.876148	  0.358569	  5.88643e-05	  3.02059e-06	  24	  7.67604e-07
243	  0.918912	  0.455842	  5.29003e-05	  2.57495e-06	  24	  6.54357e-07
244	  0.971131	  0.539164	  4.66877e-05	  3.33644e-06	  24	  8.4787e-07
245	  0.837758	  0	  6.50738e-05	  2.44138e-06	  6	  1.11876e-06
246	  0.844278	  0.124035	  6.3942e-05	  3.49968e-06	  12	  1.18526e-06
247	  0.863541	  0.242536	  6.0809e-05	  1.20902e-06	  12	  4.09464e-07
248	  0.894726	  0.351123	  5.61554e-05	  2.11623e-06	  12	  7.16713e-07
249	  0.936642	  0.447214	  5.06708e-05	  2.0121e-06	  12	  6.81448e-07
250	  0.987924	  0.529999	  4.49132e-05	  3.54883e-06	  12	  1.2019e-06
251	  0.844278	  0	  6.3942e-05	  2.94393e-06	  24	  7.48123e-07
252	  0.850747	  0.123091	  6.28792e-05	  2.43231e-06	  48	  4.72689e-07
253	  0.869868	  0.240772	  5.98331e-05	  2.10638e-06	  48	  4.0935e-07
254	  0.900833	  0.348743	  5.53169e-05	  2.49438e-06	  48	  4.84751e-07
255	  0.942478	  0.444444	  4.99708e-05	  2.42004e-06	  48	  4.70306e-07
256	  0.993459	  0.527046	  4.43525e-05	  2.63472e-06	  48	  5.12024e-07
257	  0.863541	  0	  6.0809e-05	  1.28198e-06	  12	  4.34174e-07
258	  0.869868	  0.120386	  5.98331e-05	  1.96482e-06	  24	  4.99308e-07
259	  0.888577	  0.235702	  5.7047e-05	  2.01658e-06	  24	  5.12461e-07
260	  0.918912	  0.341882	  5.29003e-05	  2.40124e-06	  24	  6.10213e-07
261	  0.959772	  0.436436	  4.79605e-05	  2.16636e-06	  24	  5.50523e-07
262	  0.888577	  0	  5.7047e-05	  2.15261e-06	  6	  9.86431e-07
263	  0.894726	  0.117041	  5.61554e-05	  1.52398e-06	  12	  5.16134e-07
264	  0.912926	  0.229416	  5.36709e-05	  2.10992e-06	  12	  7.14576e-07
265	  0.942478	  0.333333	  4.99708e-05	  2.23004e-06	  12	  7.55259e-07
266	  0.982358	  0.426401	  4.55013e-05	  2.18225e-06	  12	  7.39072e-07
267	  0.894726	  0	  5.61554e-05	  1.67044e-06	  12	  5.65737e-07
268	  0.900833	  0.116248	  5.53169e-05	  2.00962e-06	  24	  5.10692e-07
269	  0.918912	  0.227921	  5.29003e-05	  2.27784e-06	  24	  5.78853e-07
270	  0.948278	  0.331295	  4.92751e-05	  2.24017e-06	  24	  5.69281e-07
271	  0.987924	  0.423999	  4.49132e-05	  1.92142e-06	  24	  4.88279e-07
272	  0.900833	  0	  5.53169e-05	  2.37211e-06	  12	  8.03376e-07
273	  0.9069	  0.11547	  5.44911e-05	  1.86989e-06	  24	  4.75184e-07
274	  0.92486	  0.226455	  5.21404e-05	  1.55677e-06	  24	  3.95613e-07
275	  0.954042	  0.329293	  4.86063e-05	  2.26665e-06	  24	  5.7601e-07
276	  0.993459	  0.421637	  4.43525e-05	  2.08501e-06	  24	  5.2985e-07
277	  0.936642	  0	  5.06708e-05	  1.40699e-06	  12	  4.76513e-07
278	  0.942478	  0.111111	  4.99708e-05	  1.87677e-06	  24	  4.76933e-07
279	  0.959772	  0.218218	  4.79605e-05	  1.52286e-06	  24	  3.86996e-07
280	  0.987924	  0.317999	  4.49132e-05	  1.6157e-06	  24	  4.10587e-07
281	  0.942478	  0	  4.99708e-05	  3.58176e-06	  6	  1.64133e-06
282	  0.948278	  0.110432	  4.92751e-05	  2.48072e-06	  12	  8.40158e-07
283	  0.965468	  0.21693	  4.73186e-05	  2.01395e-06	  12	  6.82075e-07
284	  0.993459	  0.316228	  4.43525e-05	  2.27904e-06	  12	  7.71854e-07
285	  0.948278	  0	  4.92751e-05	  2.32635e-06	  12	  7.87876e-07
286	  0.954042	  0.109764	  4.86063e-05	  1.59803e-06	  24	  4.06099e-07
287	  0.971131	  0.215666	  4.66877e-05	  1.31298e-06	  24	  3.3366e-07
288	  0.998963	  0.314485	  4.38063e-05	  1.76632e-06	  24	  4.48864e-07
289	  0.965468	  0	  4.73186e-05	  1.46007e-06	  24	  3.7104e-07
290	  0.971131	  0.107833	  4.66877e-05	  1.83462e-06	  48	  3.56535e-07
291	  0.987924	  0.212	  4.49132e-05	  1.88678e-06	  48	  3.66671e-07
292	  0.987924	  0	  4.49132e-05	  1.78218e-06	  12	  6.03579e-07
293	  0.993459	  0.105409	  4.43525e-05	  1.83306e-06	  24	  4.65825e-07
294	  0.993459	  0	  4.43525e-05	  1.48989e-06	  12	  5.04589e-07
295	  0.998963	  0.104828	  4.38063e-05	  1.40021e-06	  24	  3.55828e-07
296	  1.08818	  0.030936	  3.60508e-05	  1.37163e-06	  138	  1.85343e-07
297	  1.08818	  0.0938307	  3.60508e-05	  1.27027e-06	  252	  1.43533e-07
298	  1.08818	  0.156319	  3.60508e-05	  1.14522e-06	  72	  1.92226e-07
299	  1.08818	  0.218712	  3.60508e-05	  1.30766e-06	  216	  1.54358e-07
300	  1.08818	  0.281224	  3.60508e-05	  1.53506e-06	  288	  1.67208e-07
301	  1.08818	  0.343807	  3.60508e-05	  1.44688e-06	  120	  2.04426e-07
302	  1.08818	  0.406302	  3.60508e-05	  1.99545e-06	  180	  2.48505e-07
303	  1.08818	  0.468745	  3.60508e-05	  1.99902e-06	  180	  2.48949e-07
304	  1.08818	  0.531226	  3.60508e-05	  2.17561e-06	  192	  2.65791e-07
305	  1.08818	  0.593785	  3.60508e-05	  2.82591e-06	  192	  3.45238e-07
306	  1.08818	  0.656281	  3.60508e-05	  2.39984e-06	  168	  3.05144e-07
307	  1.08818	  0.718743	  3.60508e-05	  2.97198e-06	  228	  3.45423e-07
308	  1.08818	  0.781255	  3.60508e-05	  3.88782e-06	  144	  5.18377e-07
309	  1.08818	  0.843774	  3.60508e-05	  3.42932e-06	  240	  3.92827e-07
310	  1.08818	  0.90628	  3.60508e-05	  4.70892e-06	  168	  5.98747e-07
311	  1.08818	  0.968758	  3.60508e-05	  4.59944e-06	  150	  6.05515e-07
312	  1.25577	  0.030936	  2.59292e-05	  1.03948e-06	  198	  1.25846e-07
313	  1.25577	  0.0938307	  2.59292e-05	  1.08748e-06	  396	  1.09022e-07
314	  1.25577	  0.156319	  2.59292e-05	  1.03938e-06	  396	  1.042e-07
315	  1.25577	  0.218712	  2.59292e-05	  1.00167e-06	  204	  1.20214e-07
316	  1.25577	  0.281224	  2.59292e-05	  1.172e-06	  216	  1.38344e-07
317	  1.25577	  0.343807	  2.59292e-05	  1.17924e-06	  372	  1.20103e-07
318	  1.25577	  0.406302	  2.59292e-05	  1.31675e-06	  312	  1.40384e-07
319	  1.25577	  0.468745	  2.59292e-05	  1.33535e-06	  288	  1.45454e-07
320	  1.25577	  0.531226	  2.59292e-05	  1.74632e-06	  264	  1.94795e-07
321	  1.25577	  0.593785	  2.59292e-05	  1.59979e-06	  312	  1.7056e-07
322	  1.25577	  0.656281	  2.59292e-05	  1.82693e-06	  276	  2.01315e-07
323	  1.25577	  0.718743	  2.59292e-05	  2.0102e-06	  312	  2.14315e-07
324	  1.25577	  0.781255	  2.59292e-05	  2.29321e-06	  276	  2.52696e-07
325	  1.25577	  0.843774	  2.59292e-05	  2.51911e-06	  240	  2.88563e-07
326	  1.25577	  0.90628	  2.59292e-05	  2.90116e-06	  324	  3.06234e-07
327	  1.25577	  0.968758	  2.59292e-05	  3.23379e-06	  315	  3.43893e-07
328	  1.45182	  0.030936	  1.84965e-05	  7.40344e-07	  246	  8.42198e-08
329	  1.45182	  0.0938307	  1.84965e-05	  6.7463e-07	  516	  6.34304e-08
330	  1.45182	  0.156319	  1.84965e-05	  7.47756e-07	  504	  7.06955e-08
331	  1.45182	  0.218712	  1.84965e-05	  7.30924e-07	  528	  6.83556e-08
332	  1.45182	  0.281224	  1.84965e-05	  7.57801e-07	  504	  7.16452e-08
333	  1.45182	  0.343807	  1.84965e-05	  9.1071e-07	  384	  9.201e-08
334	  1.45182	  0.406302	  1.84965e-05	  1.0448e-06	  420	  1.03221e-07
335	  1.45182	  0.468745	  1.84965e-05	  9.27035e-07	  468	  8.92039e-08
336	  1.45182	  0.531226	  1.84965e-05	  1.03671e-06	  480	  9.91549e-08
337	  1.45182	  0.593785	  1.84965e-05	  1.10395e-06	  468	  1.06228e-07
338	  1.45182	  0.656281	  1.84965e-05	  1.21897e-06	  396	  1.22204e-07
339	  1.45182	  0.718743	  1.84965e-05	  1.32267e-06	  456	  1.28073e-07
340	  1.45182	  0.781255	  1.84965e-05	  1.64887e-06	  432	  1.61774e-07
341	  1.45182	  0.843774	  1.84965e-05	  1.74688e-06	  480	  1.67078e-07
342	  1.45182	  0.90628	  1.84965e-05	  2.06949e-06	  480	  1.97934e-07
343	  1.45182	  0.968758	  1.84965e-05	  2.1617e-06	  414	  2.14327e-07
344	  1.68148	  0.030936	  1.3092e-05	  5.02451e-07	  798	  4.29091e-08
345	  1.68148	  0.0938307	  1.3092e-05	  5.70077e-07	  708	  4.99286e-08
346	  1.68148	  0.156319	  1.3092e-05	  5.15299e-07	  684	  4.54679e-08
347	  1.68148	  0.218712	  1.3092e-05	  5.77212e-07	  720	  5.0372e-08
348	  1.68148	  0.281224	  1.3092e-05	  5.76824e-07	  708	  5.05196e-08
349	  1.68148	  0.343807	  1.3092e-05	  6.10105e-07	  720	  5.32425e-08
350	  1.68148	  0.406302	  1.3092e-05	  6.69003e-07	  672	  5.92575e-08
351	  1.68148	  0.468745	  1.3092e-05	  7.52037e-07	  732	  6.53979e-08
352	  1.68148	  0.531226	  1.3092e-05	  7.76044e-07	  672	  6.87388e-08
353	  1.68148	  0.593785	  1.3092e-05	  8.04002e-07	  708	  7.04164e-08
354	  1.68148	  0.656281	  1.3092e-05	  8.40396e-07	  744	  7.28302e-08
355	  1.68148	  0.718743	  1.3092e-05	  1.0619e-06	  744	  9.20257e-08
356	  1.68148	  0.781255	  1.3092e-05	  1.11759e-06	  696	  9.82421e-08
357	  1.68148	  0.843774	  1.3092e-05	  1.22503e-06	  708	  1.07291e-07
358	  1.68148	  0.90628	  1.3092e-05	  1.36313e-06	  696	  1.19826e-07
359	  1.68148	  0.968758	  1.3092e-05	  1.45226e-06	  741	  1.25963e-07
360	  1.94819	  0.030936	  9.22078e-06	  3.71544e-07	  1368	  2.86226e-08
361	  1.94819	  0.0938307	  9.22078e-06	  3.6965e-07	  924	  3.06431e-08
362	  1.94819	  0.156319	  9.22078e-06	  4.04461e-07	  972	  3.31961e-08
363	  1.94819	  0.218712	  9.22078e-06	  4.18424e-07	  972	  3.43422e-08
364	  1.94819	  0.281224	  9.22078e-06	  3.8486e-07	  1200	  3.03529e-08
365	  1.94819	  0.343807	  9.22078e-06	  4.16679e-07	  1140	  3.3175e-08
366	  1.94819	  0.406302	  9.22078e-06	  4.53903e-07	  1080	  3.6507e-08
367	  1.94819	  0.468745	  9.22078e-06	  5.09882e-07	  1068	  4.10962e-08
368	  1.94819	  0.531226	  9.22078e-06	  4.97618e-07	  1164	  3.94663e-08
369	  1.94819	  0.593785	  9.22078e-06	  5.9076e-07	  1188	  4.66777e-08
370	  1.94819	  0.656281	  9.22078e-06	  6.09236e-07	  1068	  4.91041e-08
371	  1.94819	  0.718743	  9.22078e-06	  6.31939e-07	  1008	  5.15012e-08
372	  1.94819	  0.781255	  9.22078e-06	  7.34902e-07	  1164	  5.82854e-08
373	  1.94819	  0.843774	  9.22078e-06	  7.63921e-07	  1176	  6.04724e-08
374	  1.94819	  0.90628	  9.22078e-06	  8.48854e-07	  1080	  6.82725e-08
375	  1.94819	  0.968758	  9.22078e-06	  9.05503e-07	  1038	  7.33806e-08
376	  2.25604	  0.030936	  6.48115e-06	  2.75108e-07	  1896	  2.00734e-08
377	  2.25604	  0.0938307	  6.48115e-06	  2.76753e-07	  1272	  2.15974e-08
378	  2.25604	  0.156319	  6.48115e-06	  2.73375e-07	  2040	  1.97214e-08
379	  2.25604	  0.218712	  6.48115e-06	  2.89749e-07	  1740	  2.14337e-08
380	  2.25604	  0.281224	  6.48115e-06	  2.94896e-07	  1584	  2.21543e-08
381	  2.25604	  0.343807	  6.48115e-06	  3.02606e-07	  1764	  2.23352e-08
382	  2.25604	  0.406302	  6.48115e-06	  3.17147e-07	  1632	  2.37079e-08
383	  2.25604	  0.468745	  6.48115e-06	  3.42158e-07	  1860	  2.50415e-08
384	  2.25604	  0.531226	  6.48115e-06	  3.69033e-07	  1560	  2.7795e-08
385	  2.25604	  0.593785	  6.48115e-06	  3.86811e-07	  1692	  2.87443e-08
386	  2.25604	  0.656281	  6.48115e-06	  4.31294e-07	  1704	  3.20128e-08
387	  2.25604	  0.718743	  6.48115e-06	  4.47485e-07	  1824	  3.28519e-08
388	  2.25604	  0.781255	  6.48115e-06	  4.84443e-07	  1668	  3.60838e-08
389	  2.25604	  0.843774	  6.48115e-06	  5.16689e-07	  1680	  3.84403e-08
390	  2.25604	  0.90628	  6.48115e-06	  5.62345e-07	  1776	  4.14611e-08
391	  2.25604	  0.968758	  6.48115e-06	  5.80293e-07	  1656	  4.32746e-08
392	  2.61216	  0.030936	  4.54319e-06	  2.05234e-07	  2586	  1.42975e-08
393	  2.61216	  0.0938307	  4.54319e-06	  1.98893e-07	  3036	  1.35543e-08
394	  2.61216	  0.156319	  4.54319e-06	  2.08936e-07	  2124	  1.49803e-08
395	  2.61216	  0.218712	  4.54319e-06	  2.03864e-07	  2940	  1.3953e-08
396	  2.61216	  0.281224	  4.54319e-06	  2.16088e-07	  2616	  1.50293e-08
397	  2.61216	  0.343807	  4.54319e-06	  2.24737e-07	  2448	  1.57791e-08
398	  2.61216	  0.406302	  4.54319e-06	  2.32836e-07	  2916	  1.59536e-08
399	  2.61216	  0.468745	  4.54319e-06	  2.43062e-07	  2544	  1.69721e-08
400	  2.61216	  0.531226	  4.54319e-06	  2.56441e-07	  2652	  1.78017e-08
401	  2.61216	  0.593785	  4.54319e-06	  2.65826e-07	  2748	  1.83623e-08
402	  2.61216	  0.656281	  4.54319e-06	  2.96962e-07	  2676	  2.05887e-08
403	  2.61216	  0.718743	  4.54319e-06	  2.90806e-07	  2472	  2.03893e-08
404	  2.61216	  0.781255	  4.54319e-06	  3.14391e-07	  2616	  2.18664e-08
405	  2.61216	  0.843774	  4.54319e-06	  3.24318e-07	  2736	  2.24162e-08
406	  2.61216	  0.90628	  4.54319e-06	  3.41865e-07	  2568	  2.38394e-08
407	  2.61216	  0.968758	  4.54319e-06	  3.4719e-07	  2745	  2.39862e-08
408	  3.02645	  0.030936	  3.16893e-06	  1.48347e-07	  3414	  9.95623e-09
409	  3.02645	  0.0938307	  3.16893e-06	  1.46304e-07	  4512	  9.49329e-09
410	  3.02645	  0.156319	  3.16893e-06	  1.43841e-07	  4632	  9.30554e-09
411	  3.02645	  0.218712	  3.16893e-06	  1.44931e-07	  3972	  9.54618e-09
412	  3.02645	  0.281224	  3.16893e-06	  1.51159e-07	  4176	  9.89706e-09
413	  3.02645	  0.343807	  3.16893e-06	  1.56319e-07	  4344	  1.01877e-08
414	  3.02645	  0.406302	  3.16893e-06	  1.63767e-07	  4044	  1.07636e-08
415	  3.02645	  0.468745	  3.16893e-06	  1.71235e-07	  4092	  1.12386e-08
416	  3.02645	  0.531226	  3.16893e-06	  1.85689e-07	  4296	  1.21175e-08
417	  3.02645	  0.593785	  3.16893e-06	  1.86707e-07	  3996	  1.22889e-08
418	  3.02645	  0.656281	  3.16893e-06	  1.94666e-07	  4188	  1.27414e-08
419	  3.02645	  0.718743	  3.16893e-06	  2.06112e-07	  4212	  1.34814e-08
420	  3.02645	  0.781255	  3.16893e-06	  2.04567e-07	  4140	  1.34077e-08
421	  3.02645	  0.843774	  3.16893e-06	  2.08992e-07	  4128	  1.37024e-08
422	  3.02645	  0.90628	  3.16893e-06	  2.14857e-07	  4188	  1.40629e-08
423	  3.02645	  0.968758	  3.16893e-06	  2.11143e-07	  4128	  1.38434e-08
424	  3.50419	  0.030936	  2.20839e-06	  1.0586e-07	  7002	  6.55806e-09
425	  3.50419	  0.0938307	  2.20839e-06	  1.07065e-07	  6240	  6.70862e-09
426	  3.50419	  0.156319	  2.20839e-06	  1.01999e-07	  5964	  6.42074e-09
427	  3.50419	  0.218712	  2.20839e-06	  1.05778e-07	  6180	  6.63445e-09
428	  3.50419	  0.281224	  2.20839e-06	  1.09194e-07	  6420	  6.82249e-09
429	  3.50419	  0.343807	  2.20839e-06	  1.12274e-07	  6516	  7.00459e-09
430	  3.50419	  0.406302	  2.20839e-06	  1.15044e-07	  6312	  7.20021e-09
431	  3.50419	  0.468745	  2.20839e-06	  1.24535e-07	  6276	  7.79871e-09
432	  3.50419	  0.531226	  2.20839e-06	  1.22108e-07	  6360	  7.63655e-09
433	  3.50419	  0.593785	  2.20839e-06	  1.24417e-07	  6408	  7.77509e-09
434	  3.50419	  0.656281	  2.20839e-06	  1.34263e-07	  6360	  8.39673e-09
435	  3.50419	  0.718743	  2.20839e-06	  1.31889e-07	  6336	  8.25135e-09
436	  3.50419	  0.781255	  2.20839e-06	  1.29765e-07	  6372	  8.11387e-09
437	  3.50419	  0.843774	  2.20839e-06	  1.34235e-07	  6456	  8.38238e-09
438	  3.50419	  0.90628	  2.20839e-06	  1.28786e-07	  6360	  8.05419e-09
439	  3.50419	  0.968758	  2.20839e-06	  1.24037e-07	  6327	  7.76124e-09
440	  4.05763	  0.030936	  1.53462e-06	  7.55163e-08	  10392	  4.5166e-09
441	  4.05763	  0.0938307	  1.53462e-06	  7.34848e-08	  9420	  4.43138e-09
442	  4.05763	  0.156319	  1.53462e-06	  7.6023e-08	  10176	  4.55478e-09
443	  4.05763	  0.218712	  1.53462e-06	  7.67286e-08	  10260	  4.59393e-09
444	  4.05763	  0.281224	  1.53462e-06	  7.42782e-08	  9528	  4.47487e-09
445	  4.05763	  0.343807	  1.53462e-06	  7.67975e-08	  10140	  4.60253e-09
446	  4.05763	  0.406302	  1.53462e-06	  8.07089e-08	  9960	  4.84415e-09
447	  4.05763	  0.468745	  1.53462e-06	  8.08275e-08	  10068	  4.84691e-09
448	  4.05763	  0.531226	  1.53462e-06	  8.43721e-08	  9996	  5.06249e-09
449	  4.05763	  0.593785	  1.53462e-06	  8.22715e-08	  9828	  4.94346e-09
450	  4.05763	  0.656281	  1.53462e-06	  8.31601e-08	  10032	  4.98828e-09
451	  4.05763	  0.718743	  1.53462e-06	  8.23331e-08	  9924	  4.94313e-09
452	  4.05763	  0.781255	  1.53462e-06	  7.90313e-08	  10116	  4.73734e-09
453	  4.05763	  0.843774	  1.53462e-06	  7.81442e-08	  9888	  4.69306e-09
454	  4.05763	  0.90628	  1.53462e-06	  7.69173e-08	  10008	  4.61473e-09
455	  4.05763	  0.968758	  1.53462e-06	  6.98472e-08	  9978	  4.1916e-09
456	  4.69917	  0.030936	  1.06291e-06	  5.37174e-08	  13626	  3.14605e-09
457	  4.69917	  0.0938307	  1.06291e-06	  5.39828e-08	  16392	  3.12078e-09
458	  4.69917	  0.156319	  1.06291e-06	  5.35418e-08	  15708	  3.10429e-09
459	  4.69917	  0.218712	  1.06291e-06	  5.27641e-08	  15432	  3.06295e-09
460	  4.69917	  0.281224	  1.06291e-06	  5.28256e-08	  15780	  3.0618e-09
461	  4.69917	  0.343807	  1.06291e-06	  5.37503e-08	  15300	  3.12206e-09
462	  4.69917	  0.406302	  1.06291e-06	  5.3481e-08	  15588	  3.10241e-09
463	  4.69917	  0.468745	  1.06291e-06	  5.43644e-08	  15396	  3.15636e-09
464	  4.69917	  0.531226	  1.06291e-06	  5.42463e-08	  15504	  3.14798e-09
465	  4.69917	  0.593785	  1.06291e-06	  5.29122e-08	  15660	  3.06843e-09
466	  4.69917	  0.656281	  1.06291e-06	  5.14288e-08	  15192	  2.98869e-09
467	  4.69917	  0.718743	  1.06291e-06	  5.02475e-08	  15600	  2.91468e-09
468	  4.69917	  0.781255	  1.06291e-06	  4.87186e-08	  15216	  2.83088e-09
469	  4.69917	  0.843774	  1.06291e-06	  4.61826e-08	  15516	  2.67989e-09
470	  4.69917	  0.90628	  1.06291e-06	  4.22456e-08	  15540	  2.45117e-09
471	  4.69917	  0.968758	  1.06291e-06	  3.93911e-08	  15405	  2.28692e-09
472	  5.4432	  0.030936	  7.34335e-07	  3.88057e-08	  26250	  2.1798e-09
473	  5.4432	  0.0938307	  7.34335e-07	  3.84039e-08	  22392	  2.17683e-09
474	  5.4432	  0.156319	  7.34335e-07	  3.79357e-08	  24516	  2.13907e-09
475	  5.4432	  0.218712	  7.34335e-07	  3.70402e-08	  23592	  2.09316e-09
476	  5.4432	  0.281224	  7.34335e-07	  3.71647e-08	  24264	  2.09683e-09
477	  5.4432	  0.343807	  7.34335e-07	  3.67652e-08	  23928	  2.07594e-09
478	  5.4432	  0.406302	  7.34335e-07	  3.57217e-08	  24120	  2.01609e-09
479	  5.4432	  0.468745	  7.34335e-07	  3.46672e-08	  23964	  1.9573e-09
480	  5.4432	  0.531226	  7.34335e-07	  3.39173e-08	  24060	  1.91453e-09
481	  5.4432	  0.593785	  7.34335e-07	  3.30669e-08	  24108	  1.86631e-09
482	  5.4432	  0.656281	  7.34335e-07	  3.1391e-08	  24228	  1.77122e-09
483	  5.4432	  0.718743	  7.34335e-07	  2.9858e-08	  24144	  1.68505e-09
484	  5.4432	  0.781255	  7.34335e-07	  2.73932e-08	  23940	  1.54671e-09
485	  5.4432	  0.843774	  7.34335e-07	  2.47094e-08	  24192	  1.39433e-09
486	  5.4432	  0.90628	  7.34335e-07	  2.31314e-08	  23988	  1.30592e-09
487	  5.4432	  0.968758	  7.34335e-07	  2.07016e-08	  24141	  1.16832e-09
488	  6.30378	  0.030936	  5.06487e-07	  2.75365e-08	  35082	  1.52384e-09
489	  6.30378	  0.0938307	  5.06487e-07	  2.69541e-08	  39108	  1.484e-09
490	  6.30378	  0.156319	  5.06487e-07	  2.66072e-08	  36924	  1.46883e-09
491	  6.30378	  0.218712	  5.06487e-07	  2.579e-08	  37692	  1.42234e-09
492	  6.30378	  0.281224	  5.06487e-07	  2.4738e-08	  37092	  1.36535e-09
493	  6.30378	  0.343807	  5.06487e-07	  2.43712e-08	  37536	  1.34435e-09
494	  6.30378	  0.406302	  5.06487e-07	  2.34948e-08	  36984	  1.29691e-09
495	  6.30378	  0.468745	  5.06487e-07	  2.2188e-08	  37428	  1.22409e-09
496	  6.30378	  0.531226	  5.06487e-07	  2.09777e-08	  37392	  1.15737e-09
497	  6.30378	  0.593785	  5.06487e-07	  1.95683e-08	  37200	  1.07987e-09
498	  6.30378	  0.656281	  5.06487e-07	  1.79508e-08	  36924	  9.90959e-10
499	  6.30378	  0.718743	  5.06487e-07	  1.65565e-08	  37272	  9.13583e-10
500	  6.30378	  0.781255	  5.06487e-07	  1.47293e-08	  37284	  8.12749e-10
501	  6.30378	  0.843774	  5.06487e-07	  1.3205e-08	  37188	  7.28724e-10
502	  6.30378	  0.90628	  5.06487e-07	  1.17641e-08	  37320	  6.49099e-10
503	  6.30378	  0.968758	  5.06487e-07	  1.03317e-08	  37119	  5.70213e-10
504	  7.30029	  0.030936	  3.48469e-07	  1.92521e-08	  60258	  1.04103e-09
505	  7.30029	  0.0938307	  3.48469e-07	  1.89215e-08	  56916	  1.02539e-09
506	  7.30029	  0.156319	  3.48469e-07	  1.82647e-08	  56820	  9.89861e-10
507	  7.30029	  0.218712	  3.48469e-07	  1.75809e-08	  58716	  9.516e-10
508	  7.30029	  0.281224	  3.48469e-07	  1.67326e-08	  57840	  9.06202e-10
509	  7.30029	  0.343807	  3.48469e-07	  1.55897e-08	  57612	  8.44435e-10
510	  7.30029	  0.406302	  3.48469e-07	  1.46627e-08	  58464	  7.93774e-10
511	  7.30029	  0.468745	  3.48469e-07	  1.35473e-08	  57948	  7.33643e-10
512	  7.30029	  0.531226	  3.48469e-07	  1.24108e-08	  57708	  6.72201e-10
513	  7.30029	  0.593785	  3.48469e-07	  1.10066e-08	  58236	  5.95939e-10
514	  7.30029	  0.656281	  3.48469e-07	  9.84264e-09	  58008	  5.32998e-10
515	  7.30029	  0.718743	  3.48469e-07	  8.66626e-09	  58200	  4.69236e-10
516	  7.30029	  0.781255	  3.48469e-07	  7.50072e-09	  58128	  4.06146e-10
517	  7.30029	  0.843774	  3.48469e-07	  6.4862e-09	  57972	  3.51249e-10
518	  7.30029	  0.90628	  3.48469e-07	  5.67137e-09	  57960	  3.07125e-10
519	  7.30029	  0.968758	  3.48469e-07	  5.12616e-09	  58122	  2.77571e-10
520	  8.455	  0.030936	  2.39328e-07	  1.32772e-08	  90198	  7.0807e-10
521	  8.455	  0.0938307	  2.39328e-07	  1.30632e-08	  89292	  6.96878e-10
522	  8.455	  0.156319	  2.39328e-07	  1.262e-08	  90804	  6.72878e-10
523	  8.455	  0.218712	  2.39328e-07	  1.17425e-08	  89628	  6.2635e-10
524	  8.455	  0.281224	  2.39328e-07	  1.09058e-08	  89844	  5.81675e-10
525	  8.455	  0.343807	  2.39328e-07	  9.93914e-09	  90636	  5.29971e-10
526	  8.455	  0.406302	  2.39328e-07	  8.94594e-09	  89628	  4.77179e-10
527	  8.455	  0.468745	  2.39328e-07	  7.86295e-09	  89772	  4.19391e-10
528	  8.455	  0.531226	  2.39328e-07	  6.94414e-09	  90324	  3.70312e-10
529	  8.455	  0.593785	  2.39328e-07	  5.89745e-09	  89784	  3.14554e-10
530	  8.455	  0.656281	  2.39328e-07	  5.01789e-09	  90216	  2.67601e-10
531	  8.455	  0.718743	  2.39328e-07	  4.29868e-09	  89796	  2.29279e-10
532	  8.455	  0.781255	  2.39328e-07	  3.63348e-09	  90120	  1.93778e-10
533	  8.455	  0.843774	  2.39328e-07	  3.07538e-09	  90132	  1.64013e-10
534	  8.455	  0.90628	  2.39328e-07	  2.67296e-09	  89916	  1.42562e-10
535	  8.455	  0.968758	  2.39328e-07	  2.52222e-09	  89964	  1.3452e-10
536	  9.79129	  0.030936	  1.64041e-07	  9.27138e-09	  139068	  4.88431e-10
537	  9.79129	  0.0938307	  1.64041e-07	  9.03396e-09	  141180	  4.75741e-10
538	  9.79129	  0.156319	  1.64041e-07	  8.5338e-09	  139380	  4.49548e-10
539	  9.79129	  0.218712	  1.64041e-07	  7.82978e-09	  138804	  4.12505e-10
540	  9.79129	  0.281224	  1.64041e-07	  6.98569e-09	  140952	  3.67891e-10
541	  9.79129	  0.343807	  1.64041e-07	  6.07805e-09	  139668	  3.20166e-10
542	  9.79129	  0.406302	  1.64041e-07	  5.20947e-09	  139464	  2.74423e-10
543	  9.79129	  0.468745	  1.64041e-07	  4.39471e-09	  139812	  2.31489e-10
544	  9.79129	  0.531226	  1.64041e-07	  3.64622e-09	  139884	  1.9206e-10
545	  9.79129	  0.593785	  1.64041e-07	  3.0333e-09	  140184	  1.59766e-10
546	  9.79129	  0.656281	  1.64041e-07	  2.49461e-09	  139404	  1.31412e-10
547	  9.79129	  0.718743	  1.64041e-07	  2.06133e-09	  139932	  1.08577e-10
548	  9.79129	  0.781255	  1.64041e-07	  1.70362e-09	  139980	  8.97344e-11
549	  9.79129	  0.843774	  1.64041e-07	  1.41262e-09	  139632	  7.44115e-11
550	  9.79129	  0.90628	  1.64041e-07	  1.21791e-09	  140088	  6.41495e-11
551	  9.79129	  0.968758	  1.64041e-07	  1.12429e-09	  139623	  5.92233e-11
