#n	   k	      mu	    PL	    Pf	     w	     err  
0	  0.10472	  1	  0.00276739	  0.000616093	  3	  0.000386506
1	  0.20944	  1	  0.000983009	  0.000181157	  3	  0.000113649
2	  0.314159	  1	  0.000460441	  0.000163762	  3	  0.000102736
3	  0.418879	  1	  0.000258057	  2.7768e-05	  3	  1.74202e-05
4	  0.523599	  1	  0.000163143	  1.13869e-05	  3	  7.1436e-06
5	  0.628319	  1	  0.000110542	  5.84142e-05	  3	  3.66462e-05
6	  0.733038	  1	  7.90303e-05	  2.31722e-05	  3	  1.45371e-05
7	  0.837758	  1	  5.88269e-05	  1.75269e-05	  3	  1.09955e-05
8	  0.942478	  1	  4.51737e-05	  3.0009e-06	  3	  1.88262e-06
9	  0.10472	  0	  0.00276739	  0.000124873	  6	  5.72228e-05
10	  0.148096	  0.707107	  0.00175985	  0.000161392	  12	  5.46594e-05
11	  0.23416	  0.894427	  0.000778677	  0.000186447	  12	  6.31448e-05
12	  0.331153	  0.948683	  0.000416969	  7.82735e-05	  12	  2.65093e-05
13	  0.431771	  0.970143	  0.000242853	  3.69823e-05	  12	  1.2525e-05
14	  0.533968	  0.980581	  0.000156478	  2.53287e-05	  12	  8.5782e-06
15	  0.636985	  0.986394	  0.000107301	  1.82934e-05	  12	  6.19553e-06
16	  0.74048	  0.989949	  7.73204e-05	  1.98811e-05	  12	  6.73322e-06
17	  0.844278	  0.992278	  5.78037e-05	  1.21084e-05	  12	  4.10082e-06
18	  0.948278	  0.993884	  4.45448e-05	  1.14075e-05	  12	  3.86344e-06
19	  0.148096	  0	  0.00175985	  7.21274e-05	  6	  3.30523e-05
20	  0.18138	  0.57735	  0.0012485	  9.52934e-05	  12	  3.22735e-05
21	  0.25651	  0.816497	  0.000685318	  9.71115e-05	  12	  3.28892e-05
22	  0.347316	  0.904534	  0.000375577	  5.17294e-05	  12	  1.75195e-05
23	  0.444288	  0.942809	  0.000229579	  3.03314e-05	  12	  1.02725e-05
24	  0.54414	  0.96225	  0.000150265	  3.2629e-05	  12	  1.10506e-05
25	  0.645536	  0.973329	  0.000104283	  1.76939e-05	  12	  5.99248e-06
26	  0.747849	  0.980196	  7.56299e-05	  1.46047e-05	  12	  4.94625e-06
27	  0.850747	  0.984732	  5.6843e-05	  1.46535e-05	  12	  4.96279e-06
28	  0.954042	  0.987878	  4.39402e-05	  9.83521e-06	  12	  3.33094e-06
29	  0.20944	  0	  0.000983009	  4.14299e-05	  6	  1.89852e-05
30	  0.23416	  0.447214	  0.000778677	  6.46466e-05	  12	  2.18942e-05
31	  0.296192	  0.707107	  0.000507056	  7.18285e-05	  12	  2.43265e-05
32	  0.377572	  0.83205	  0.000319571	  4.99379e-05	  12	  1.69127e-05
33	  0.468321	  0.894427	  0.000205981	  4.04104e-05	  12	  1.3686e-05
34	  0.563933	  0.928477	  0.000139283	  1.3622e-05	  12	  4.61342e-06
35	  0.662306	  0.948683	  9.86289e-05	  1.58484e-05	  12	  5.36746e-06
36	  0.762371	  0.961524	  7.24968e-05	  1.24403e-05	  12	  4.21322e-06
37	  0.863541	  0.970143	  5.49714e-05	  5.73583e-06	  12	  1.94258e-06
38	  0.965468	  0.976187	  4.27761e-05	  7.29284e-06	  12	  2.4699e-06
39	  0.23416	  0	  0.000778677	  4.49265e-05	  12	  1.52155e-05
40	  0.25651	  0.408248	  0.000685318	  4.2643e-05	  24	  1.08366e-05
41	  0.314159	  0.666667	  0.000460441	  5.30617e-05	  24	  1.34842e-05
42	  0.391825	  0.801784	  0.000297534	  3.63929e-05	  24	  9.24832e-06
43	  0.479886	  0.872872	  0.000195499	  4.53576e-05	  24	  1.15265e-05
44	  0.573574	  0.912871	  0.00013443	  1.94845e-05	  24	  4.95147e-06
45	  0.670534	  0.937043	  9.6046e-05	  1.34594e-05	  24	  3.42035e-06
46	  0.76953	  0.952579	  7.10354e-05	  1.3382e-05	  24	  3.4007e-06
47	  0.869868	  0.963087	  5.40893e-05	  1.13052e-05	  24	  2.87291e-06
48	  0.971131	  0.970495	  4.22057e-05	  8.01136e-06	  24	  2.03588e-06
49	  0.296192	  0	  0.000507056	  2.50294e-05	  6	  1.14697e-05
50	  0.314159	  0.333333	  0.000460441	  3.18346e-05	  12	  1.07816e-05
51	  0.36276	  0.57735	  0.000343765	  2.63207e-05	  12	  8.91417e-06
52	  0.431771	  0.727607	  0.000242853	  3.12779e-05	  12	  1.0593e-05
53	  0.51302	  0.816497	  0.000170244	  2.89438e-05	  12	  9.80253e-06
54	  0.601569	  0.870388	  0.000121384	  1.94934e-05	  12	  6.60195e-06
55	  0.694632	  0.904534	  8.89354e-05	  1.87188e-05	  12	  6.3396e-06
56	  0.790617	  0.927173	  6.69054e-05	  9.25418e-06	  12	  3.13416e-06
57	  0.888577	  0.942809	  5.15706e-05	  9.13355e-06	  12	  3.09331e-06
58	  0.987924	  0.953998	  4.06016e-05	  5.32016e-06	  12	  1.80181e-06
59	  0.314159	  0	  0.000460441	  3.04363e-05	  6	  1.39474e-05
60	  0.331153	  0.316228	  0.000416969	  2.77152e-05	  12	  9.38645e-06
61	  0.377572	  0.5547	  0.000319571	  3.33349e-05	  12	  1.12897e-05
62	  0.444288	  0.707107	  0.000229579	  1.8511e-05	  12	  6.2692e-06
63	  0.523599	  0.8	  0.000163143	  2.67752e-05	  12	  9.06808e-06
64	  0.610616	  0.857493	  0.000117549	  9.53885e-06	  12	  3.23057e-06
65	  0.702481	  0.894427	  8.67717e-05	  1.12275e-05	  12	  3.80248e-06
66	  0.797522	  0.919145	  6.56259e-05	  1.09574e-05	  12	  3.71099e-06
67	  0.894726	  0.936329	  5.07646e-05	  5.42543e-06	  12	  1.83746e-06
68	  0.993459	  0.948683	  4.00947e-05	  7.28686e-06	  12	  2.46788e-06
69	  0.331153	  0	  0.000416969	  2.00366e-05	  12	  6.7859e-06
70	  0.347316	  0.301511	  0.000375577	  1.85629e-05	  24	  4.71729e-06
71	  0.391825	  0.534522	  0.000297534	  1.77998e-05	  24	  4.52336e-06
72	  0.456463	  0.688247	  0.000217407	  3.17067e-05	  24	  8.05743e-06
73	  0.533968	  0.784465	  0.000156478	  1.59191e-05	  24	  4.04544e-06
74	  0.61953	  0.845154	  0.000113955	  1.29057e-05	  24	  3.27966e-06
75	  0.710244	  0.884652	  8.47248e-05	  1.68042e-05	  24	  4.27035e-06
76	  0.804368	  0.911322	  6.43985e-05	  1.20733e-05	  24	  3.06813e-06
77	  0.900833	  0.929981	  5.00066e-05	  7.79184e-06	  24	  1.98009e-06
78	  0.998963	  0.943456	  3.9601e-05	  5.66559e-06	  24	  1.43976e-06
79	  0.377572	  0	  0.000319571	  1.75597e-05	  12	  5.94703e-06
80	  0.391825	  0.267261	  0.000297534	  1.21193e-05	  24	  3.0798e-06
81	  0.431771	  0.485071	  0.000242853	  2.24952e-05	  24	  5.71658e-06
82	  0.491179	  0.639602	  0.000186145	  1.38157e-05	  24	  3.5109e-06
83	  0.563933	  0.742781	  0.000139283	  1.86256e-05	  24	  4.73321e-06
84	  0.645536	  0.811107	  0.000104283	  1.51134e-05	  24	  3.84068e-06
85	  0.733038	  0.857143	  7.90303e-05	  1.33983e-05	  24	  3.40482e-06
86	  0.824564	  0.889001	  6.09362e-05	  6.12351e-06	  24	  1.55613e-06
87	  0.918912	  0.911685	  4.7822e-05	  8.47025e-06	  24	  2.1525e-06
88	  0.418879	  0	  0.000258057	  4.72221e-06	  6	  2.16395e-06
89	  0.431771	  0.242536	  0.000242853	  9.17199e-06	  12	  3.10632e-06
90	  0.468321	  0.447214	  0.000205981	  1.6351e-05	  12	  5.53767e-06
91	  0.523599	  0.6	  0.000163143	  1.52585e-05	  12	  5.16767e-06
92	  0.592384	  0.707107	  0.000125493	  5.90005e-06	  12	  1.9982e-06
93	  0.670534	  0.780869	  9.6046e-05	  1.44284e-05	  12	  4.88656e-06
94	  0.755145	  0.83205	  7.40547e-05	  9.06677e-06	  12	  3.07069e-06
95	  0.844278	  0.868243	  5.78037e-05	  8.40381e-06	  12	  2.84616e-06
96	  0.936642	  0.894427	  4.58065e-05	  5.30558e-06	  12	  1.79687e-06
97	  0.431771	  0	  0.000242853	  9.49535e-06	  12	  3.21584e-06
98	  0.444288	  0.235702	  0.000229579	  5.65389e-06	  24	  1.43679e-06
99	  0.479886	  0.436436	  0.000195499	  1.97563e-05	  24	  5.02057e-06
100	  0.533968	  0.588348	  0.000156478	  1.06408e-05	  24	  2.70408e-06
101	  0.601569	  0.696311	  0.000121384	  8.40966e-06	  24	  2.1371e-06
102	  0.678662	  0.771517	  9.3549e-05	  8.26921e-06	  24	  2.1014e-06
103	  0.762371	  0.824163	  7.24968e-05	  1.30243e-05	  24	  3.3098e-06
104	  0.850747	  0.86164	  5.6843e-05	  1.02225e-05	  24	  2.59777e-06
105	  0.942478	  0.888889	  4.51737e-05	  8.48571e-06	  24	  2.15642e-06
106	  0.444288	  0	  0.000229579	  9.35607e-06	  6	  4.2874e-06
107	  0.456463	  0.229416	  0.000217407	  1.55403e-05	  12	  5.2631e-06
108	  0.491179	  0.426401	  0.000186145	  1.23927e-05	  12	  4.19711e-06
109	  0.54414	  0.57735	  0.000150265	  4.84972e-06	  12	  1.64248e-06
110	  0.610616	  0.685994	  0.000117549	  1.55043e-05	  12	  5.25092e-06
111	  0.686693	  0.762493	  9.11917e-05	  9.69016e-06	  12	  3.28182e-06
112	  0.76953	  0.816497	  7.10354e-05	  8.36829e-06	  12	  2.83413e-06
113	  0.857168	  0.855186	  5.58895e-05	  4.72797e-06	  12	  1.60125e-06
114	  0.948278	  0.883452	  4.45448e-05	  4.16013e-06	  12	  1.40893e-06
115	  0.468321	  0	  0.000205981	  1.13853e-05	  12	  3.85592e-06
116	  0.479886	  0.218218	  0.000195499	  1.54965e-05	  24	  3.93804e-06
117	  0.51302	  0.408248	  0.000170244	  1.51046e-05	  24	  3.83843e-06
118	  0.563933	  0.557086	  0.000139283	  1.31204e-05	  24	  3.3342e-06
119	  0.628319	  0.666667	  0.000110542	  1.01128e-05	  24	  2.56989e-06
120	  0.702481	  0.745356	  8.67717e-05	  1.11557e-05	  24	  2.83494e-06
121	  0.783651	  0.801784	  6.82336e-05	  9.07396e-06	  24	  2.30591e-06
122	  0.869868	  0.842701	  5.40893e-05	  5.96356e-06	  24	  1.51549e-06
123	  0.959772	  0.872872	  4.33564e-05	  5.65377e-06	  24	  1.43676e-06
124	  0.523599	  0	  0.000163143	  8.24597e-06	  18	  2.35589e-06
125	  0.533968	  0.196116	  0.000156478	  8.15339e-06	  36	  1.76657e-06
126	  0.563933	  0.371391	  0.000139283	  7.12977e-06	  36	  1.54478e-06
127	  0.610616	  0.514496	  0.000117549	  7.97255e-06	  36	  1.72739e-06
128	  0.670534	  0.624695	  9.6046e-05	  8.44481e-06	  36	  1.82971e-06
129	  0.74048	  0.707107	  7.73204e-05	  8.38362e-06	  36	  1.81645e-06
130	  0.817887	  0.768221	  6.2059e-05	  7.22477e-06	  36	  1.56537e-06
131	  0.900833	  0.813733	  5.00066e-05	  7.22843e-06	  36	  1.56616e-06
132	  0.987924	  0.847998	  4.06016e-05	  5.87664e-06	  36	  1.27327e-06
133	  0.533968	  0	  0.000156478	  7.95497e-06	  12	  2.69415e-06
134	  0.54414	  0.19245	  0.000150265	  1.03211e-05	  24	  2.62285e-06
135	  0.573574	  0.365148	  0.00013443	  7.79886e-06	  24	  1.98188e-06
136	  0.61953	  0.507093	  0.000113955	  8.82777e-06	  24	  2.24335e-06
137	  0.678662	  0.617213	  9.3549e-05	  7.56156e-06	  24	  1.92158e-06
138	  0.747849	  0.70014	  7.56299e-05	  7.66364e-06	  24	  1.94752e-06
139	  0.824564	  0.762001	  6.09362e-05	  3.48519e-06	  24	  8.8567e-07
140	  0.9069	  0.80829	  4.92601e-05	  6.42487e-06	  24	  1.63272e-06
141	  0.993459	  0.843274	  4.00947e-05	  4.60209e-06	  24	  1.1695e-06
142	  0.563933	  0	  0.000139283	  3.43958e-06	  12	  1.1649e-06
143	  0.573574	  0.182574	  0.00013443	  6.34918e-06	  24	  1.61348e-06
144	  0.601569	  0.348155	  0.000121384	  7.43461e-06	  24	  1.88931e-06
145	  0.645536	  0.486664	  0.000104283	  7.95996e-06	  24	  2.02282e-06
146	  0.702481	  0.596285	  8.67717e-05	  7.82441e-06	  24	  1.98837e-06
147	  0.76953	  0.680414	  7.10354e-05	  4.7976e-06	  24	  1.21919e-06
148	  0.844278	  0.744208	  5.78037e-05	  7.9548e-06	  24	  2.02151e-06
149	  0.92486	  0.792594	  4.71351e-05	  5.82282e-06	  24	  1.47972e-06
150	  0.592384	  0	  0.000125493	  2.32872e-06	  6	  1.06713e-06
151	  0.601569	  0.174078	  0.000121384	  4.62728e-06	  12	  1.56715e-06
152	  0.628319	  0.333333	  0.000110542	  6.31137e-06	  12	  2.13751e-06
153	  0.670534	  0.468521	  9.6046e-05	  5.10946e-06	  12	  1.73045e-06
154	  0.72552	  0.57735	  8.08652e-05	  8.29459e-06	  12	  2.80917e-06
155	  0.790617	  0.662266	  6.69054e-05	  6.62218e-06	  12	  2.24277e-06
156	  0.863541	  0.727607	  5.49714e-05	  4.93053e-06	  12	  1.66985e-06
157	  0.942478	  0.777778	  4.51737e-05	  4.56228e-06	  12	  1.54513e-06
158	  0.610616	  0	  0.000117549	  5.94406e-06	  12	  2.0131e-06
159	  0.61953	  0.169031	  0.000113955	  5.44113e-06	  24	  1.38272e-06
160	  0.645536	  0.324443	  0.000104283	  6.68612e-06	  24	  1.6991e-06
161	  0.686693	  0.457496	  9.11917e-05	  6.37908e-06	  24	  1.62108e-06
162	  0.74048	  0.565685	  7.73204e-05	  6.2334e-06	  24	  1.58406e-06
163	  0.804368	  0.650945	  6.43985e-05	  7.43321e-06	  24	  1.88896e-06
164	  0.876148	  0.717137	  5.32135e-05	  6.76575e-06	  24	  1.71934e-06
165	  0.954042	  0.76835	  4.39402e-05	  5.23214e-06	  24	  1.32961e-06
166	  0.628319	  0	  0.000110542	  1.37651e-05	  6	  6.30785e-06
167	  0.636985	  0.164399	  0.000107301	  8.09639e-06	  12	  2.74205e-06
168	  0.662306	  0.316228	  9.86289e-05	  5.05938e-06	  12	  1.71349e-06
169	  0.702481	  0.447214	  8.67717e-05	  2.9866e-06	  12	  1.01149e-06
170	  0.755145	  0.5547	  7.40547e-05	  3.91269e-06	  12	  1.32513e-06
171	  0.817887	  0.640184	  6.2059e-05	  4.66797e-06	  12	  1.58092e-06
172	  0.888577	  0.707107	  5.15706e-05	  4.15644e-06	  12	  1.40768e-06
173	  0.965468	  0.759257	  4.27761e-05	  5.42441e-06	  12	  1.83711e-06
174	  0.636985	  0	  0.000107301	  8.18893e-06	  12	  2.77339e-06
175	  0.645536	  0.162221	  0.000104283	  4.35367e-06	  24	  1.10637e-06
176	  0.670534	  0.312348	  9.6046e-05	  4.33977e-06	  24	  1.10284e-06
177	  0.710244	  0.442326	  8.47248e-05	  5.69181e-06	  24	  1.44643e-06
178	  0.762371	  0.549442	  7.24968e-05	  7.65568e-06	  24	  1.94549e-06
179	  0.824564	  0.635001	  6.09362e-05	  3.74618e-06	  24	  9.51996e-07
180	  0.894726	  0.702247	  5.07646e-05	  3.7459e-06	  24	  9.51925e-07
181	  0.971131	  0.754829	  4.22057e-05	  5.04112e-06	  24	  1.28107e-06
182	  0.662306	  0	  9.86289e-05	  4.38787e-06	  12	  1.48606e-06
183	  0.670534	  0.156174	  9.6046e-05	  4.28222e-06	  24	  1.08822e-06
184	  0.694632	  0.301511	  8.89354e-05	  3.8364e-06	  24	  9.74921e-07
185	  0.733038	  0.428571	  7.90303e-05	  6.69825e-06	  24	  1.70219e-06
186	  0.783651	  0.534522	  6.82336e-05	  4.7149e-06	  24	  1.19817e-06
187	  0.844278	  0.620174	  5.78037e-05	  4.67586e-06	  24	  1.18825e-06
188	  0.912926	  0.688247	  4.85186e-05	  3.70369e-06	  24	  9.41196e-07
189	  0.987924	  0.741999	  4.06016e-05	  4.05881e-06	  24	  1.03144e-06
190	  0.670534	  0	  9.6046e-05	  4.64112e-06	  12	  1.57183e-06
191	  0.678662	  0.154303	  9.3549e-05	  3.71936e-06	  24	  9.45179e-07
192	  0.702481	  0.298142	  8.67717e-05	  5.44862e-06	  24	  1.38463e-06
193	  0.74048	  0.424264	  7.73204e-05	  4.65417e-06	  24	  1.18274e-06
194	  0.790617	  0.529813	  6.69054e-05	  4.49939e-06	  24	  1.1434e-06
195	  0.850747	  0.615457	  5.6843e-05	  3.48059e-06	  24	  8.84502e-07
196	  0.918912	  0.683763	  4.7822e-05	  5.29106e-06	  24	  1.34459e-06
197	  0.993459	  0.737865	  4.00947e-05	  4.3882e-06	  24	  1.11515e-06
198	  0.702481	  0	  8.67717e-05	  2.56405e-06	  12	  8.68381e-07
199	  0.710244	  0.147442	  8.47248e-05	  4.62245e-06	  24	  1.17468e-06
200	  0.733038	  0.285714	  7.90303e-05	  5.95037e-06	  24	  1.51213e-06
201	  0.76953	  0.408248	  7.10354e-05	  4.97317e-06	  24	  1.2638e-06
202	  0.817887	  0.512148	  6.2059e-05	  6.43436e-06	  24	  1.63513e-06
203	  0.876148	  0.597614	  5.32135e-05	  5.08665e-06	  24	  1.29264e-06
204	  0.942478	  0.666667	  4.51737e-05	  4.44438e-06	  24	  1.12942e-06
205	  0.733038	  0	  7.90303e-05	  3.61492e-06	  6	  1.65653e-06
206	  0.74048	  0.141421	  7.73204e-05	  3.55683e-06	  12	  1.20461e-06
207	  0.762371	  0.274721	  7.24968e-05	  3.57318e-06	  12	  1.21015e-06
208	  0.797522	  0.393919	  6.56259e-05	  4.66986e-06	  12	  1.58157e-06
209	  0.844278	  0.496139	  5.78037e-05	  5.30379e-06	  12	  1.79626e-06
210	  0.900833	  0.581238	  5.00066e-05	  4.96832e-06	  12	  1.68265e-06
211	  0.965468	  0.650791	  4.27761e-05	  4.16475e-06	  12	  1.4105e-06
212	  0.74048	  0	  7.73204e-05	  3.75348e-06	  18	  1.07238e-06
213	  0.747849	  0.140028	  7.56299e-05	  5.59033e-06	  36	  1.21124e-06
214	  0.76953	  0.272166	  7.10354e-05	  4.34837e-06	  36	  9.42147e-07
215	  0.804368	  0.390567	  6.43985e-05	  5.86804e-06	  36	  1.27141e-06
216	  0.850747	  0.492366	  5.6843e-05	  3.29103e-06	  36	  7.13057e-07
217	  0.9069	  0.57735	  4.92601e-05	  3.24769e-06	  36	  7.03667e-07
218	  0.971131	  0.646997	  4.22057e-05	  5.33296e-06	  36	  1.15548e-06
219	  0.755145	  0	  7.40547e-05	  2.48736e-06	  12	  8.42407e-07
220	  0.762371	  0.137361	  7.24968e-05	  5.13698e-06	  24	  1.30543e-06
221	  0.783651	  0.267261	  6.82336e-05	  4.51371e-06	  24	  1.14704e-06
222	  0.817887	  0.384111	  6.2059e-05	  4.4278e-06	  24	  1.12521e-06
223	  0.863541	  0.485071	  5.49714e-05	  2.76642e-06	  24	  7.03015e-07
224	  0.918912	  0.569803	  4.7822e-05	  3.76641e-06	  24	  9.57137e-07
225	  0.982358	  0.639602	  4.11333e-05	  2.87196e-06	  24	  7.29835e-07
226	  0.762371	  0	  7.24968e-05	  2.29759e-06	  12	  7.78137e-07
227	  0.76953	  0.136083	  7.10354e-05	  5.26758e-06	  24	  1.33862e-06
228	  0.790617	  0.264906	  6.69054e-05	  3.59462e-06	  24	  9.1348e-07
229	  0.824564	  0.381	  6.09362e-05	  3.02732e-06	  24	  7.69316e-07
230	  0.869868	  0.481543	  5.40893e-05	  2.40924e-06	  24	  6.12245e-07
231	  0.92486	  0.566139	  4.71351e-05	  4.2345e-06	  24	  1.07609e-06
232	  0.987924	  0.635999	  4.06016e-05	  3.38404e-06	  24	  8.59967e-07
233	  0.797522	  0	  6.56259e-05	  4.18319e-06	  12	  1.41674e-06
234	  0.804368	  0.130189	  6.43985e-05	  4.68289e-06	  24	  1.19004e-06
235	  0.824564	  0.254	  6.09362e-05	  2.95136e-06	  24	  7.50013e-07
236	  0.857168	  0.366508	  5.58895e-05	  3.71215e-06	  24	  9.43348e-07
237	  0.900833	  0.464991	  5.00066e-05	  3.48663e-06	  24	  8.86036e-07
238	  0.954042	  0.548821	  4.39402e-05	  3.74857e-06	  24	  9.52602e-07
239	  0.817887	  0	  6.2059e-05	  3.14178e-06	  12	  1.06404e-06
240	  0.824564	  0.127	  6.09362e-05	  3.14993e-06	  24	  8.00474e-07
241	  0.844278	  0.248069	  5.78037e-05	  3.10499e-06	  24	  7.89054e-07
242	  0.876148	  0.358569	  5.32135e-05	  4.13954e-06	  24	  1.05196e-06
243	  0.918912	  0.455842	  4.7822e-05	  3.19157e-06	  24	  8.11055e-07
244	  0.971131	  0.539164	  4.22057e-05	  4.45369e-06	  24	  1.13179e-06
245	  0.837758	  0	  5.88269e-05	  3.58996e-06	  6	  1.64509e-06
246	  0.844278	  0.124035	  5.78037e-05	  4.86465e-06	  12	  1.64754e-06
247	  0.863541	  0.242536	  5.49714e-05	  1.81526e-06	  12	  6.14784e-07
248	  0.894726	  0.351123	  5.07646e-05	  2.74481e-06	  12	  9.296e-07
249	  0.936642	  0.447214	  4.58065e-05	  2.51632e-06	  12	  8.52214e-07
250	  0.987924	  0.529999	  4.06016e-05	  4.53341e-06	  12	  1.53535e-06
251	  0.844278	  0	  5.78037e-05	  4.03422e-06	  24	  1.02519e-06
252	  0.850747	  0.123091	  5.6843e-05	  3.39928e-06	  48	  6.60608e-07
253	  0.869868	  0.240772	  5.40893e-05	  2.91823e-06	  48	  5.67121e-07
254	  0.900833	  0.348743	  5.00066e-05	  3.40734e-06	  48	  6.62173e-07
255	  0.942478	  0.444444	  4.51737e-05	  3.15395e-06	  48	  6.12931e-07
256	  0.993459	  0.527046	  4.00947e-05	  3.39503e-06	  48	  6.59783e-07
257	  0.863541	  0	  5.49714e-05	  1.91975e-06	  12	  6.50172e-07
258	  0.869868	  0.120386	  5.40893e-05	  2.67055e-06	  24	  6.78651e-07
259	  0.888577	  0.235702	  5.15706e-05	  2.67072e-06	  24	  6.78696e-07
260	  0.918912	  0.341882	  4.7822e-05	  3.19235e-06	  24	  8.11253e-07
261	  0.959772	  0.436436	  4.33564e-05	  2.84646e-06	  24	  7.23353e-07
262	  0.888577	  0	  5.15706e-05	  2.92789e-06	  6	  1.3417e-06
263	  0.894726	  0.117041	  5.07646e-05	  2.09076e-06	  12	  7.0809e-07
264	  0.912926	  0.229416	  4.85186e-05	  2.82491e-06	  12	  9.56727e-07
265	  0.942478	  0.333333	  4.51737e-05	  2.82405e-06	  12	  9.56435e-07
266	  0.982358	  0.426401	  4.11333e-05	  2.87407e-06	  12	  9.73375e-07
267	  0.894726	  0	  5.07646e-05	  2.5089e-06	  12	  8.49701e-07
268	  0.900833	  0.116248	  5.00066e-05	  2.90925e-06	  24	  7.3931e-07
269	  0.918912	  0.227921	  4.7822e-05	  3.03452e-06	  24	  7.71144e-07
270	  0.948278	  0.331295	  4.45448e-05	  2.95798e-06	  24	  7.51694e-07
271	  0.987924	  0.423999	  4.06016e-05	  2.57358e-06	  24	  6.54009e-07
272	  0.900833	  0	  5.00066e-05	  3.11546e-06	  12	  1.05513e-06
273	  0.9069	  0.11547	  4.92601e-05	  2.57652e-06	  24	  6.54756e-07
274	  0.92486	  0.226455	  4.71351e-05	  2.15028e-06	  24	  5.46439e-07
275	  0.954042	  0.329293	  4.39402e-05	  2.92098e-06	  24	  7.42292e-07
276	  0.993459	  0.421637	  4.00947e-05	  2.71908e-06	  24	  6.90984e-07
277	  0.936642	  0	  4.58065e-05	  2.08776e-06	  12	  7.07072e-07
278	  0.942478	  0.111111	  4.51737e-05	  2.52957e-06	  24	  6.42825e-07
279	  0.959772	  0.218218	  4.33564e-05	  2.0286e-06	  24	  5.15516e-07
280	  0.987924	  0.317999	  4.06016e-05	  2.15114e-06	  24	  5.46656e-07
281	  0.942478	  0	  4.51737e-05	  5.18273e-06	  6	  2.37498e-06
282	  0.948278	  0.110432	  4.45448e-05	  3.63716e-06	  12	  1.23182e-06
283	  0.965468	  0.21693	  4.27761e-05	  2.79727e-06	  12	  9.47365e-07
284	  0.993459	  0.316228	  4.00947e-05	  3.14404e-06	  12	  1.06481e-06
285	  0.948278	  0	  4.45448e-05	  3.47143e-06	  12	  1.17569e-06
286	  0.954042	  0.109764	  4.39402e-05	  2.28245e-06	  24	  5.80026e-07
287	  0.971131	  0.215666	  4.22057e-05	  1.83875e-06	  24	  4.6727e-07
288	  0.998963	  0.314485	  3.9601e-05	  2.36861e-06	  24	  6.0192e-07
289	  0.965468	  0	  4.27761e-05	  1.92549e-06	  24	  4.89314e-07
290	  0.971131	  0.107833	  4.22057e-05	  2.54837e-06	  48	  4.95243e-07
291	  0.987924	  0.212	  4.06016e-05	  2.544e-06	  48	  4.94396e-07
292	  0.987924	  0	  4.06016e-05	  2.64331e-06	  12	  8.95225e-07
293	  0.993459	  0.105409	  4.00947e-05	  2.67038e-06	  24	  6.78609e-07
294	  0.993459	  0	  4.00947e-05	  2.09171e-06	  12	  7.08411e-07
295	  0.998963	  0.104828	  3.9601e-05	  1.91777e-06	  24	  4.87352e-07
296	  1.08818	  0.030936	  3.259e-05	  1.93044e-06	  138	  2.60852e-07
297	  1.08818	  0.0938307	  3.259e-05	  1.78029e-06	  252	  2.01162e-07
298	  1.08818	  0.156319	  3.259e-05	  1.61066e-06	  72	  2.7035e-07
299	  1.08818	  0.218712	  3.259e-05	  1.80791e-06	  216	  2.13408e-07
300	  1.08818	  0.281224	  3.259e-05	  2.08788e-06	  288	  2.27424e-07
301	  1.08818	  0.343807	  3.259e-05	  1.90305e-06	  120	  2.68877e-07
302	  1.08818	  0.406302	  3.259e-05	  2.60811e-06	  180	  3.24803e-07
303	  1.08818	  0.468745	  3.259e-05	  2.64168e-06	  180	  3.28983e-07
304	  1.08818	  0.531226	  3.259e-05	  2.77543e-06	  192	  3.39071e-07
305	  1.08818	  0.593785	  3.259e-05	  3.54752e-06	  192	  4.33396e-07
306	  1.08818	  0.656281	  3.259e-05	  2.9987e-06	  168	  3.81289e-07
307	  1.08818	  0.718743	  3.259e-05	  3.67734e-06	  228	  4.27405e-07
308	  1.08818	  0.781255	  3.259e-05	  4.58853e-06	  144	  6.11805e-07
309	  1.08818	  0.843774	  3.259e-05	  4.15786e-06	  240	  4.76282e-07
310	  1.08818	  0.90628	  3.259e-05	  5.87833e-06	  168	  7.4744e-07
311	  1.08818	  0.968758	  3.259e-05	  5.68899e-06	  150	  7.48954e-07
312	  1.25577	  0.030936	  2.34401e-05	  1.45842e-06	  198	  1.76566e-07
313	  1.25577	  0.0938307	  2.34401e-05	  1.51445e-06	  396	  1.51826e-07
314	  1.25577	  0.156319	  2.34401e-05	  1.4507e-06	  396	  1.45436e-07
315	  1.25577	  0.218712	  2.34401e-05	  1.35583e-06	  204	  1.62719e-07
316	  1.25577	  0.281224	  2.34401e-05	  1.60424e-06	  216	  1.89367e-07
317	  1.25577	  0.343807	  2.34401e-05	  1.58081e-06	  372	  1.61002e-07
318	  1.25577	  0.406302	  2.34401e-05	  1.70424e-06	  312	  1.81696e-07
319	  1.25577	  0.468745	  2.34401e-05	  1.74643e-06	  288	  1.90231e-07
320	  1.25577	  0.531226	  2.34401e-05	  2.19878e-06	  264	  2.45265e-07
321	  1.25577	  0.593785	  2.34401e-05	  1.9927e-06	  312	  2.12449e-07
322	  1.25577	  0.656281	  2.34401e-05	  2.28688e-06	  276	  2.51998e-07
323	  1.25577	  0.718743	  2.34401e-05	  2.45335e-06	  312	  2.61561e-07
324	  1.25577	  0.781255	  2.34401e-05	  2.79146e-06	  276	  3.07599e-07
325	  1.25577	  0.843774	  2.34401e-05	  3.18799e-06	  240	  3.65183e-07
326	  1.25577	  0.90628	  2.34401e-05	  3.68742e-06	  324	  3.89228e-07
327	  1.25577	  0.968758	  2.34401e-05	  4.03955e-06	  315	  4.2958e-07
328	  1.45182	  0.030936	  1.67209e-05	  1.03349e-06	  246	  1.17568e-07
329	  1.45182	  0.0938307	  1.67209e-05	  9.51368e-07	  516	  8.94501e-08
330	  1.45182	  0.156319	  1.67209e-05	  1.03629e-06	  504	  9.79743e-08
331	  1.45182	  0.218712	  1.67209e-05	  1.02525e-06	  528	  9.5881e-08
332	  1.45182	  0.281224	  1.67209e-05	  1.02068e-06	  504	  9.64986e-08
333	  1.45182	  0.343807	  1.67209e-05	  1.23309e-06	  384	  1.24581e-07
334	  1.45182	  0.406302	  1.67209e-05	  1.34684e-06	  420	  1.33061e-07
335	  1.45182	  0.468745	  1.67209e-05	  1.2082e-06	  468	  1.16259e-07
336	  1.45182	  0.531226	  1.67209e-05	  1.31505e-06	  480	  1.25776e-07
337	  1.45182	  0.593785	  1.67209e-05	  1.38851e-06	  468	  1.33609e-07
338	  1.45182	  0.656281	  1.67209e-05	  1.55918e-06	  396	  1.56311e-07
339	  1.45182	  0.718743	  1.67209e-05	  1.62434e-06	  456	  1.57283e-07
340	  1.45182	  0.781255	  1.67209e-05	  2.01993e-06	  432	  1.98181e-07
341	  1.45182	  0.843774	  1.67209e-05	  2.24532e-06	  480	  2.14751e-07
342	  1.45182	  0.90628	  1.67209e-05	  2.60493e-06	  480	  2.49144e-07
343	  1.45182	  0.968758	  1.67209e-05	  2.70521e-06	  414	  2.68214e-07
344	  1.68148	  0.030936	  1.18352e-05	  7.1295e-07	  798	  6.08857e-08
345	  1.68148	  0.0938307	  1.18352e-05	  7.96136e-07	  708	  6.97275e-08
346	  1.68148	  0.156319	  1.18352e-05	  7.26873e-07	  684	  6.41363e-08
347	  1.68148	  0.218712	  1.18352e-05	  7.9509e-07	  720	  6.93857e-08
348	  1.68148	  0.281224	  1.18352e-05	  7.76079e-07	  708	  6.79708e-08
349	  1.68148	  0.343807	  1.18352e-05	  8.18626e-07	  720	  7.14397e-08
350	  1.68148	  0.406302	  1.18352e-05	  8.87038e-07	  672	  7.85702e-08
351	  1.68148	  0.468745	  1.18352e-05	  9.54218e-07	  732	  8.29798e-08
352	  1.68148	  0.531226	  1.18352e-05	  9.75501e-07	  672	  8.64058e-08
353	  1.68148	  0.593785	  1.18352e-05	  1.01511e-06	  708	  8.89056e-08
354	  1.68148	  0.656281	  1.18352e-05	  1.04203e-06	  744	  9.03045e-08
355	  1.68148	  0.718743	  1.18352e-05	  1.31861e-06	  744	  1.14273e-07
356	  1.68148	  0.781255	  1.18352e-05	  1.36378e-06	  696	  1.19883e-07
357	  1.68148	  0.843774	  1.18352e-05	  1.54284e-06	  708	  1.35126e-07
358	  1.68148	  0.90628	  1.18352e-05	  1.74655e-06	  696	  1.53531e-07
359	  1.68148	  0.968758	  1.18352e-05	  1.85626e-06	  741	  1.61004e-07
360	  1.94819	  0.030936	  8.33561e-06	  5.27654e-07	  1368	  4.06488e-08
361	  1.94819	  0.0938307	  8.33561e-06	  5.16321e-07	  924	  4.28017e-08
362	  1.94819	  0.156319	  8.33561e-06	  5.63573e-07	  972	  4.62553e-08
363	  1.94819	  0.218712	  8.33561e-06	  5.70078e-07	  972	  4.67892e-08
364	  1.94819	  0.281224	  8.33561e-06	  5.1624e-07	  1200	  4.07145e-08
365	  1.94819	  0.343807	  8.33561e-06	  5.5442e-07	  1140	  4.41415e-08
366	  1.94819	  0.406302	  8.33561e-06	  5.87906e-07	  1080	  4.72847e-08
367	  1.94819	  0.468745	  8.33561e-06	  6.52785e-07	  1068	  5.26141e-08
368	  1.94819	  0.531226	  8.33561e-06	  6.41104e-07	  1164	  5.08463e-08
369	  1.94819	  0.593785	  8.33561e-06	  7.36753e-07	  1188	  5.8213e-08
370	  1.94819	  0.656281	  8.33561e-06	  7.69336e-07	  1068	  6.20081e-08
371	  1.94819	  0.718743	  8.33561e-06	  7.88645e-07	  1008	  6.42722e-08
372	  1.94819	  0.781255	  8.33561e-06	  9.41121e-07	  1164	  7.46408e-08
373	  1.94819	  0.843774	  8.33561e-06	  9.52068e-07	  1176	  7.53663e-08
374	  1.94819	  0.90628	  8.33561e-06	  1.10369e-06	  1080	  8.87685e-08
375	  1.94819	  0.968758	  8.33561e-06	  1.20019e-06	  1038	  9.7262e-08
376	  2.25604	  0.030936	  5.85898e-06	  3.83465e-07	  1896	  2.79798e-08
377	  2.25604	  0.0938307	  5.85898e-06	  3.85044e-07	  1272	  3.00483e-08
378	  2.25604	  0.156319	  5.85898e-06	  3.75201e-07	  2040	  2.70671e-08
379	  2.25604	  0.218712	  5.85898e-06	  3.96291e-07	  1740	  2.93149e-08
380	  2.25604	  0.281224	  5.85898e-06	  3.95857e-07	  1584	  2.97392e-08
381	  2.25604	  0.343807	  5.85898e-06	  3.99616e-07	  1764	  2.94955e-08
382	  2.25604	  0.406302	  5.85898e-06	  4.09954e-07	  1632	  3.06456e-08
383	  2.25604	  0.468745	  5.85898e-06	  4.39779e-07	  1860	  3.21861e-08
384	  2.25604	  0.531226	  5.85898e-06	  4.66605e-07	  1560	  3.5144e-08
385	  2.25604	  0.593785	  5.85898e-06	  4.88536e-07	  1692	  3.63035e-08
386	  2.25604	  0.656281	  5.85898e-06	  5.52898e-07	  1704	  4.10389e-08
387	  2.25604	  0.718743	  5.85898e-06	  5.64977e-07	  1824	  4.14776e-08
388	  2.25604	  0.781255	  5.85898e-06	  6.25835e-07	  1668	  4.66154e-08
389	  2.25604	  0.843774	  5.85898e-06	  6.64356e-07	  1680	  4.94265e-08
390	  2.25604	  0.90628	  5.85898e-06	  7.36207e-07	  1776	  5.42797e-08
391	  2.25604	  0.968758	  5.85898e-06	  7.74042e-07	  1656	  5.77231e-08
392	  2.61216	  0.030936	  4.10705e-06	  2.8692e-07	  2586	  1.99882e-08
393	  2.61216	  0.0938307	  4.10705e-06	  2.77831e-07	  3036	  1.89339e-08
394	  2.61216	  0.156319	  4.10705e-06	  2.84484e-07	  2124	  2.0397e-08
395	  2.61216	  0.218712	  4.10705e-06	  2.77616e-07	  2940	  1.90008e-08
396	  2.61216	  0.281224	  4.10705e-06	  2.9354e-07	  2616	  2.04162e-08
397	  2.61216	  0.343807	  4.10705e-06	  2.98127e-07	  2448	  2.09319e-08
398	  2.61216	  0.406302	  4.10705e-06	  3.03255e-07	  2916	  2.07786e-08
399	  2.61216	  0.468745	  4.10705e-06	  3.1315e-07	  2544	  2.18661e-08
400	  2.61216	  0.531226	  4.10705e-06	  3.32553e-07	  2652	  2.30853e-08
401	  2.61216	  0.593785	  4.10705e-06	  3.43549e-07	  2748	  2.37311e-08
402	  2.61216	  0.656281	  4.10705e-06	  3.8531e-07	  2676	  2.6714e-08
403	  2.61216	  0.718743	  4.10705e-06	  3.78771e-07	  2472	  2.65567e-08
404	  2.61216	  0.781255	  4.10705e-06	  4.11736e-07	  2616	  2.86369e-08
405	  2.61216	  0.843774	  4.10705e-06	  4.31472e-07	  2736	  2.98224e-08
406	  2.61216	  0.90628	  4.10705e-06	  4.63329e-07	  2568	  3.23095e-08
407	  2.61216	  0.968758	  4.10705e-06	  4.80606e-07	  2745	  3.32034e-08
408	  3.02645	  0.030936	  2.86472e-06	  2.03341e-07	  3414	  1.36472e-08
409	  3.02645	  0.0938307	  2.86472e-06	  2.04262e-07	  4512	  1.3254e-08
410	  3.02645	  0.156319	  2.86472e-06	  1.9486e-07	  4632	  1.26061e-08
411	  3.02645	  0.218712	  2.86472e-06	  1.96991e-07	  3972	  1.29752e-08
412	  3.02645	  0.281224	  2.86472e-06	  2.03076e-07	  4176	  1.32963e-08
413	  3.02645	  0.343807	  2.86472e-06	  2.04554e-07	  4344	  1.33313e-08
414	  3.02645	  0.406302	  2.86472e-06	  2.09762e-07	  4044	  1.37866e-08
415	  3.02645	  0.468745	  2.86472e-06	  2.23258e-07	  4092	  1.4653e-08
416	  3.02645	  0.531226	  2.86472e-06	  2.3938e-07	  4296	  1.56212e-08
417	  3.02645	  0.593785	  2.86472e-06	  2.42947e-07	  3996	  1.59906e-08
418	  3.02645	  0.656281	  2.86472e-06	  2.54492e-07	  4188	  1.66571e-08
419	  3.02645	  0.718743	  2.86472e-06	  2.71425e-07	  4212	  1.77535e-08
420	  3.02645	  0.781255	  2.86472e-06	  2.76705e-07	  4140	  1.81357e-08
421	  3.02645	  0.843774	  2.86472e-06	  2.86985e-07	  4128	  1.88159e-08
422	  3.02645	  0.90628	  2.86472e-06	  3.04216e-07	  4188	  1.99117e-08
423	  3.02645	  0.968758	  2.86472e-06	  3.06964e-07	  4128	  2.01259e-08
424	  3.50419	  0.030936	  1.99639e-06	  1.45535e-07	  7002	  9.016e-09
425	  3.50419	  0.0938307	  1.99639e-06	  1.46335e-07	  6240	  9.16921e-09
426	  3.50419	  0.156319	  1.99639e-06	  1.37894e-07	  5964	  8.68028e-09
427	  3.50419	  0.218712	  1.99639e-06	  1.4134e-07	  6180	  8.86493e-09
428	  3.50419	  0.281224	  1.99639e-06	  1.44757e-07	  6420	  9.04446e-09
429	  3.50419	  0.343807	  1.99639e-06	  1.47248e-07	  6516	  9.18652e-09
430	  3.50419	  0.406302	  1.99639e-06	  1.48716e-07	  6312	  9.30764e-09
431	  3.50419	  0.468745	  1.99639e-06	  1.6315e-07	  6276	  1.02169e-08
432	  3.50419	  0.531226	  1.99639e-06	  1.5831e-07	  6360	  9.90057e-09
433	  3.50419	  0.593785	  1.99639e-06	  1.63495e-07	  6408	  1.02171e-08
434	  3.50419	  0.656281	  1.99639e-06	  1.77868e-07	  6360	  1.11238e-08
435	  3.50419	  0.718743	  1.99639e-06	  1.79837e-07	  6336	  1.12511e-08
436	  3.50419	  0.781255	  1.99639e-06	  1.8199e-07	  6372	  1.13794e-08
437	  3.50419	  0.843774	  1.99639e-06	  1.91415e-07	  6456	  1.1953e-08
438	  3.50419	  0.90628	  1.99639e-06	  1.88363e-07	  6360	  1.17801e-08
439	  3.50419	  0.968758	  1.99639e-06	  1.90305e-07	  6327	  1.19077e-08
440	  4.05763	  0.030936	  1.3873e-06	  1.03024e-07	  10392	  6.16183e-09
441	  4.05763	  0.0938307	  1.3873e-06	  9.86651e-08	  9420	  5.94982e-09
442	  4.05763	  0.156319	  1.3873e-06	  1.02794e-07	  10176	  6.15872e-09
443	  4.05763	  0.218712	  1.3873e-06	  1.02222e-07	  10260	  6.12029e-09
444	  4.05763	  0.281224	  1.3873e-06	  9.79505e-08	  9528	  5.901e-09
445	  4.05763	  0.343807	  1.3873e-06	  1.01701e-07	  10140	  6.09499e-09
446	  4.05763	  0.406302	  1.3873e-06	  1.0503e-07	  9960	  6.3039e-09
447	  4.05763	  0.468745	  1.3873e-06	  1.05833e-07	  10068	  6.34643e-09
448	  4.05763	  0.531226	  1.3873e-06	  1.10756e-07	  9996	  6.64556e-09
449	  4.05763	  0.593785	  1.3873e-06	  1.10959e-07	  9828	  6.66722e-09
450	  4.05763	  0.656281	  1.3873e-06	  1.15055e-07	  10032	  6.90148e-09
451	  4.05763	  0.718743	  1.3873e-06	  1.16834e-07	  9924	  7.01451e-09
452	  4.05763	  0.781255	  1.3873e-06	  1.16247e-07	  10116	  6.96811e-09
453	  4.05763	  0.843774	  1.3873e-06	  1.18866e-07	  9888	  7.13866e-09
454	  4.05763	  0.90628	  1.3873e-06	  1.21248e-07	  10008	  7.2744e-09
455	  4.05763	  0.968758	  1.3873e-06	  1.15639e-07	  9978	  6.93964e-09
456	  4.69917	  0.030936	  9.60877e-07	  7.25329e-08	  13626	  4.24802e-09
457	  4.69917	  0.0938307	  9.60877e-07	  7.10012e-08	  16392	  4.10462e-09
458	  4.69917	  0.156319	  9.60877e-07	  7.05145e-08	  15708	  4.08835e-09
459	  4.69917	  0.218712	  9.60877e-07	  6.96979e-08	  15432	  4.04595e-09
460	  4.69917	  0.281224	  9.60877e-07	  6.91828e-08	  15780	  4.00988e-09
461	  4.69917	  0.343807	  9.60877e-07	  7.0133e-08	  15300	  4.07364e-09
462	  4.69917	  0.406302	  9.60877e-07	  7.12364e-08	  15588	  4.13239e-09
463	  4.69917	  0.468745	  9.60877e-07	  7.18664e-08	  15396	  4.17251e-09
464	  4.69917	  0.531226	  9.60877e-07	  7.39767e-08	  15504	  4.29295e-09
465	  4.69917	  0.593785	  9.60877e-07	  7.42257e-08	  15660	  4.30442e-09
466	  4.69917	  0.656281	  9.60877e-07	  7.45198e-08	  15192	  4.33059e-09
467	  4.69917	  0.718743	  9.60877e-07	  7.44992e-08	  15600	  4.32143e-09
468	  4.69917	  0.781255	  9.60877e-07	  7.60869e-08	  15216	  4.42117e-09
469	  4.69917	  0.843774	  9.60877e-07	  7.56648e-08	  15516	  4.39068e-09
470	  4.69917	  0.90628	  9.60877e-07	  7.2832e-08	  15540	  4.22585e-09
471	  4.69917	  0.968758	  9.60877e-07	  7.24806e-08	  15405	  4.208e-09
472	  5.4432	  0.030936	  6.6384e-07	  5.09957e-08	  26250	  2.86454e-09
473	  5.4432	  0.0938307	  6.6384e-07	  4.97334e-08	  22392	  2.81903e-09
474	  5.4432	  0.156319	  6.6384e-07	  4.90347e-08	  24516	  2.7649e-09
475	  5.4432	  0.218712	  6.6384e-07	  4.8259e-08	  23592	  2.72714e-09
476	  5.4432	  0.281224	  6.6384e-07	  4.80709e-08	  24264	  2.71215e-09
477	  5.4432	  0.343807	  6.6384e-07	  4.83457e-08	  23928	  2.72982e-09
478	  5.4432	  0.406302	  6.6384e-07	  4.75537e-08	  24120	  2.68388e-09
479	  5.4432	  0.468745	  6.6384e-07	  4.751e-08	  23964	  2.6824e-09
480	  5.4432	  0.531226	  6.6384e-07	  4.77395e-08	  24060	  2.69475e-09
481	  5.4432	  0.593785	  6.6384e-07	  4.86729e-08	  24108	  2.74712e-09
482	  5.4432	  0.656281	  6.6384e-07	  4.80575e-08	  24228	  2.71162e-09
483	  5.4432	  0.718743	  6.6384e-07	  4.80573e-08	  24144	  2.71215e-09
484	  5.4432	  0.781255	  6.6384e-07	  4.67735e-08	  23940	  2.64097e-09
485	  5.4432	  0.843774	  6.6384e-07	  4.45449e-08	  24192	  2.51364e-09
486	  5.4432	  0.90628	  6.6384e-07	  4.41861e-08	  23988	  2.4946e-09
487	  5.4432	  0.968758	  6.6384e-07	  4.26477e-08	  24141	  2.40687e-09
488	  6.30378	  0.030936	  4.57865e-07	  3.54056e-08	  35082	  1.95931e-09
489	  6.30378	  0.0938307	  4.57865e-07	  3.40549e-08	  39108	  1.87495e-09
490	  6.30378	  0.156319	  4.57865e-07	  3.34251e-08	  36924	  1.8452e-09
491	  6.30378	  0.218712	  4.57865e-07	  3.27898e-08	  37692	  1.80838e-09
492	  6.30378	  0.281224	  4.57865e-07	  3.19196e-08	  37092	  1.76171e-09
493	  6.30378	  0.343807	  4.57865e-07	  3.18814e-08	  37536	  1.75863e-09
494	  6.30378	  0.406302	  4.57865e-07	  3.17944e-08	  36984	  1.75505e-09
495	  6.30378	  0.468745	  4.57865e-07	  3.13441e-08	  37428	  1.72922e-09
496	  6.30378	  0.531226	  4.57865e-07	  3.1123e-08	  37392	  1.7171e-09
497	  6.30378	  0.593785	  4.57865e-07	  3.04904e-08	  37200	  1.6826e-09
498	  6.30378	  0.656281	  4.57865e-07	  2.98583e-08	  36924	  1.6483e-09
499	  6.30378	  0.718743	  4.57865e-07	  2.91076e-08	  37272	  1.60615e-09
500	  6.30378	  0.781255	  4.57865e-07	  2.80378e-08	  37284	  1.54709e-09
501	  6.30378	  0.843774	  4.57865e-07	  2.6766e-08	  37188	  1.4771e-09
502	  6.30378	  0.90628	  4.57865e-07	  2.56727e-08	  37320	  1.41653e-09
503	  6.30378	  0.968758	  4.57865e-07	  2.3853e-08	  37119	  1.31646e-09
504	  7.30029	  0.030936	  3.15016e-07	  2.38862e-08	  60258	  1.29161e-09
505	  7.30029	  0.0938307	  3.15016e-07	  2.29846e-08	  56916	  1.24557e-09
506	  7.30029	  0.156319	  3.15016e-07	  2.24507e-08	  56820	  1.21672e-09
507	  7.30029	  0.218712	  3.15016e-07	  2.19464e-08	  58716	  1.18789e-09
508	  7.30029	  0.281224	  3.15016e-07	  2.14089e-08	  57840	  1.15946e-09
509	  7.30029	  0.343807	  3.15016e-07	  2.0624e-08	  57612	  1.11712e-09
510	  7.30029	  0.406302	  3.15016e-07	  2.03834e-08	  58464	  1.10347e-09
511	  7.30029	  0.468745	  3.15016e-07	  1.9854e-08	  57948	  1.07518e-09
512	  7.30029	  0.531226	  3.15016e-07	  1.94859e-08	  57708	  1.05541e-09
513	  7.30029	  0.593785	  3.15016e-07	  1.86231e-08	  58236	  1.00833e-09
514	  7.30029	  0.656281	  3.15016e-07	  1.79759e-08	  58008	  9.73428e-10
515	  7.30029	  0.718743	  3.15016e-07	  1.71485e-08	  58200	  9.28509e-10
516	  7.30029	  0.781255	  3.15016e-07	  1.60242e-08	  58128	  8.67671e-10
517	  7.30029	  0.843774	  3.15016e-07	  1.5028e-08	  57972	  8.13816e-10
518	  7.30029	  0.90628	  3.15016e-07	  1.40826e-08	  57960	  7.62623e-10
519	  7.30029	  0.968758	  3.15016e-07	  1.30074e-08	  58122	  7.04326e-10
520	  8.455	  0.030936	  2.16353e-07	  1.56893e-08	  90198	  8.36708e-10
521	  8.455	  0.0938307	  2.16353e-07	  1.51723e-08	  89292	  8.09389e-10
522	  8.455	  0.156319	  2.16353e-07	  1.47634e-08	  90804	  7.87164e-10
523	  8.455	  0.218712	  2.16353e-07	  1.41149e-08	  89628	  7.5289e-10
524	  8.455	  0.281224	  2.16353e-07	  1.36231e-08	  89844	  7.26607e-10
525	  8.455	  0.343807	  2.16353e-07	  1.31305e-08	  90636	  7.00137e-10
526	  8.455	  0.406302	  2.16353e-07	  1.27017e-08	  89628	  6.77511e-10
527	  8.455	  0.468745	  2.16353e-07	  1.22192e-08	  89772	  6.5174e-10
528	  8.455	  0.531226	  2.16353e-07	  1.1687e-08	  90324	  6.23237e-10
529	  8.455	  0.593785	  2.16353e-07	  1.09236e-08	  89784	  5.82636e-10
530	  8.455	  0.656281	  2.16353e-07	  1.01922e-08	  90216	  5.43546e-10
531	  8.455	  0.718743	  2.16353e-07	  9.55306e-09	  89796	  5.09532e-10
532	  8.455	  0.781255	  2.16353e-07	  8.78935e-09	  90120	  4.68746e-10
533	  8.455	  0.843774	  2.16353e-07	  8.07045e-09	  90132	  4.30404e-10
534	  8.455	  0.90628	  2.16353e-07	  7.4026e-09	  89916	  3.94817e-10
535	  8.455	  0.968758	  2.16353e-07	  6.67107e-09	  89964	  3.55795e-10
536	  9.79129	  0.030936	  1.48293e-07	  1.01288e-08	  139068	  5.33602e-10
537	  9.79129	  0.0938307	  1.48293e-07	  9.6291e-09	  141180	  5.07082e-10
538	  9.79129	  0.156319	  1.48293e-07	  9.28718e-09	  139380	  4.89235e-10
539	  9.79129	  0.218712	  1.48293e-07	  8.86655e-09	  138804	  4.67126e-10
540	  9.79129	  0.281224	  1.48293e-07	  8.46452e-09	  140952	  4.45772e-10
541	  9.79129	  0.343807	  1.48293e-07	  7.99593e-09	  139668	  4.21192e-10
542	  9.79129	  0.406302	  1.48293e-07	  7.54941e-09	  139464	  3.97686e-10
543	  9.79129	  0.468745	  1.48293e-07	  7.09994e-09	  139812	  3.73985e-10
544	  9.79129	  0.531226	  1.48293e-07	  6.55351e-09	  139884	  3.45198e-10
545	  9.79129	  0.593785	  1.48293e-07	  6.08065e-09	  140184	  3.20273e-10
546	  9.79129	  0.656281	  1.48293e-07	  5.55404e-09	  139404	  2.92578e-10
547	  9.79129	  0.718743	  1.48293e-07	  5.03481e-09	  139932	  2.652e-10
548	  9.79129	  0.781255	  1.48293e-07	  4.53582e-09	  139980	  2.38914e-10
549	  9.79129	  0.843774	  1.48293e-07	  4.03076e-09	  139632	  2.12325e-10
550	  9.79129	  0.90628	  1.48293e-07	  3.61872e-09	  140088	  1.90605e-10
551	  9.79129	  0.968758	  1.48293e-07	  3.17682e-09	  139623	  1.67343e-10
