#n	   k	      mu	    PL	    Pf	     w	     err  
0	  0.0785398	  1	  0.00263836	  0.000262197	  3	  0.000164489
1	  0.15708	  1	  0.000890211	  7.40109e-05	  3	  4.64307e-05
2	  0.235619	  1	  0.000446932	  6.7372e-05	  3	  4.22658e-05
3	  0.314159	  1	  0.000266626	  1.28901e-05	  3	  8.0866e-06
4	  0.392699	  1	  0.000171507	  5.19774e-06	  3	  3.26081e-06
5	  0.471239	  1	  0.00011768	  2.64622e-05	  3	  1.6601e-05
6	  0.549779	  1	  8.51392e-05	  9.27977e-06	  3	  5.82166e-06
7	  0.628319	  1	  6.40114e-05	  7.46704e-06	  3	  4.68445e-06
8	  0.706858	  1	  4.95703e-05	  1.5943e-06	  3	  1.00018e-06
9	  0.0785398	  0	  0.00263836	  4.58367e-05	  6	  2.10046e-05
10	  0.111072	  0.707107	  0.00150067	  5.78034e-05	  12	  1.95766e-05
11	  0.17562	  0.894427	  0.000747036	  7.32317e-05	  12	  2.48017e-05
12	  0.248365	  0.948683	  0.000416717	  3.27269e-05	  12	  1.10838e-05
13	  0.323828	  0.970143	  0.000252655	  1.77082e-05	  12	  5.99732e-06
14	  0.400476	  0.980581	  0.00016457	  1.08957e-05	  12	  3.69009e-06
15	  0.477739	  0.986394	  0.00011431	  8.83537e-06	  12	  2.99232e-06
16	  0.55536	  0.989949	  8.33114e-05	  9.32115e-06	  12	  3.15684e-06
17	  0.633208	  0.992278	  6.29525e-05	  5.61662e-06	  12	  1.90221e-06
18	  0.711208	  0.993884	  4.89163e-05	  4.85137e-06	  12	  1.64304e-06
19	  0.111072	  0	  0.00150067	  2.16578e-05	  6	  9.92464e-06
20	  0.136035	  0.57735	  0.00121509	  3.50883e-05	  12	  1.18835e-05
21	  0.192382	  0.816497	  0.000674317	  3.91007e-05	  12	  1.32424e-05
22	  0.260487	  0.904534	  0.000386107	  2.28751e-05	  12	  7.74723e-06
23	  0.333216	  0.942809	  0.00023825	  1.26719e-05	  12	  4.29166e-06
24	  0.408105	  0.96225	  0.000158013	  1.55622e-05	  12	  5.27051e-06
25	  0.484152	  0.973329	  0.000111114	  7.80233e-06	  12	  2.64246e-06
26	  0.560886	  0.980196	  8.15986e-05	  6.56602e-06	  12	  2.22375e-06
27	  0.63806	  0.984732	  6.191e-05	  6.22486e-06	  12	  2.1082e-06
28	  0.715532	  0.987878	  4.82663e-05	  3.89524e-06	  12	  1.31922e-06
29	  0.15708	  0	  0.000890211	  1.48871e-05	  6	  6.82197e-06
30	  0.17562	  0.447214	  0.000747036	  2.42794e-05	  12	  8.22282e-06
31	  0.222144	  0.707107	  0.000496265	  2.88459e-05	  12	  9.76938e-06
32	  0.283179	  0.83205	  0.00032133	  2.08797e-05	  12	  7.07142e-06
33	  0.351241	  0.894427	  0.000212286	  1.63503e-05	  12	  5.53745e-06
34	  0.42295	  0.928477	  0.00014656	  6.06568e-06	  12	  2.0543e-06
35	  0.496729	  0.948683	  0.000105356	  7.44725e-06	  12	  2.5222e-06
36	  0.571778	  0.961524	  7.83617e-05	  5.18939e-06	  12	  1.75752e-06
37	  0.647656	  0.970143	  5.99548e-05	  2.54694e-06	  12	  8.62585e-07
38	  0.724101	  0.976187	  4.70268e-05	  3.63126e-06	  12	  1.22982e-06
39	  0.17562	  0	  0.000747036	  1.52238e-05	  12	  5.15593e-06
40	  0.192382	  0.408248	  0.000674317	  1.5845e-05	  24	  4.0266e-06
41	  0.235619	  0.666667	  0.000446932	  2.09081e-05	  24	  5.31326e-06
42	  0.293869	  0.801784	  0.000297803	  1.55178e-05	  24	  3.94346e-06
43	  0.359915	  0.872872	  0.000202117	  1.94889e-05	  24	  4.9526e-06
44	  0.43018	  0.912871	  0.000141647	  8.7924e-06	  24	  2.23436e-06
45	  0.5029	  0.937043	  0.000102701	  6.34284e-06	  24	  1.61187e-06
46	  0.577147	  0.952579	  7.68181e-05	  6.14546e-06	  24	  1.56171e-06
47	  0.652401	  0.963087	  5.90131e-05	  5.14445e-06	  24	  1.30733e-06
48	  0.728348	  0.970495	  4.64266e-05	  3.58569e-06	  24	  9.11209e-07
49	  0.222144	  0	  0.000496265	  8.7695e-06	  6	  4.01861e-06
50	  0.235619	  0.333333	  0.000446932	  1.1226e-05	  12	  3.80198e-06
51	  0.27207	  0.57735	  0.000352196	  1.04023e-05	  12	  3.523e-06
52	  0.323828	  0.727607	  0.000252655	  1.24803e-05	  12	  4.22676e-06
53	  0.384765	  0.816497	  0.000178622	  1.25362e-05	  12	  4.2457e-06
54	  0.451177	  0.870388	  0.000128927	  8.94693e-06	  12	  3.0301e-06
55	  0.520974	  0.904534	  9.54694e-05	  8.04394e-06	  12	  2.72428e-06
56	  0.592963	  0.927173	  7.25177e-05	  4.333e-06	  12	  1.46748e-06
57	  0.666432	  0.942809	  5.63561e-05	  4.09526e-06	  12	  1.38696e-06
58	  0.740943	  0.953998	  4.47122e-05	  2.4849e-06	  12	  8.41574e-07
59	  0.235619	  0	  0.000446932	  1.12413e-05	  6	  5.15129e-06
60	  0.248365	  0.316228	  0.000416717	  9.64065e-06	  12	  3.26505e-06
61	  0.283179	  0.5547	  0.00032133	  1.30191e-05	  12	  4.40926e-06
62	  0.333216	  0.707107	  0.00023825	  7.4921e-06	  12	  2.53739e-06
63	  0.392699	  0.8	  0.000171507	  1.16033e-05	  12	  3.92973e-06
64	  0.457962	  0.857493	  0.000125043	  4.35754e-06	  12	  1.47579e-06
65	  0.526861	  0.894427	  9.32468e-05	  5.29026e-06	  12	  1.79168e-06
66	  0.598141	  0.919145	  7.11645e-05	  5.52315e-06	  12	  1.87055e-06
67	  0.671044	  0.936329	  5.55249e-05	  2.48937e-06	  12	  8.43087e-07
68	  0.745094	  0.948683	  4.41607e-05	  3.1512e-06	  12	  1.06723e-06
69	  0.248365	  0	  0.000416717	  7.382e-06	  12	  2.5001e-06
70	  0.260487	  0.301511	  0.000386107	  7.38601e-06	  24	  1.87696e-06
71	  0.293869	  0.534522	  0.000297803	  7.53672e-06	  24	  1.91526e-06
72	  0.342347	  0.688247	  0.000224408	  1.28494e-05	  24	  3.26534e-06
73	  0.400476	  0.784465	  0.00016457	  6.62201e-06	  24	  1.68281e-06
74	  0.464648	  0.845154	  0.000121287	  5.82184e-06	  24	  1.47947e-06
75	  0.532683	  0.884652	  9.10683e-05	  7.32465e-06	  24	  1.86137e-06
76	  0.603276	  0.911322	  6.98703e-05	  5.22689e-06	  24	  1.32828e-06
77	  0.675625	  0.929981	  5.46995e-05	  3.74712e-06	  24	  9.52234e-07
78	  0.749222	  0.943456	  4.3622e-05	  2.80753e-06	  24	  7.1346e-07
79	  0.283179	  0	  0.00032133	  6.12337e-06	  12	  2.07383e-06
80	  0.293869	  0.267261	  0.000297803	  4.73415e-06	  24	  1.20306e-06
81	  0.323828	  0.485071	  0.000252655	  8.39085e-06	  24	  2.13232e-06
82	  0.368384	  0.639602	  0.000193523	  5.84733e-06	  24	  1.48595e-06
83	  0.42295	  0.742781	  0.00014656	  7.98162e-06	  24	  2.02832e-06
84	  0.484152	  0.811107	  0.000111114	  6.40466e-06	  24	  1.62758e-06
85	  0.549779	  0.857143	  8.51392e-05	  5.86757e-06	  24	  1.49109e-06
86	  0.618423	  0.889001	  6.62427e-05	  2.58646e-06	  24	  6.57283e-07
87	  0.689184	  0.911685	  5.23828e-05	  3.62275e-06	  24	  9.20628e-07
88	  0.314159	  0	  0.000266626	  1.65454e-06	  6	  7.58188e-07
89	  0.323828	  0.242536	  0.000252655	  3.7365e-06	  12	  1.26546e-06
90	  0.351241	  0.447214	  0.000212286	  6.14261e-06	  12	  2.08035e-06
91	  0.392699	  0.6	  0.000171507	  6.55776e-06	  12	  2.22095e-06
92	  0.444288	  0.707107	  0.000132941	  2.96822e-06	  12	  1.00526e-06
93	  0.5029	  0.780869	  0.000102701	  6.52938e-06	  12	  2.21134e-06
94	  0.566359	  0.83205	  7.99247e-05	  3.93626e-06	  12	  1.33312e-06
95	  0.633208	  0.868243	  6.29525e-05	  3.60284e-06	  12	  1.22019e-06
96	  0.702481	  0.894427	  5.02466e-05	  2.49444e-06	  12	  8.44804e-07
97	  0.323828	  0	  0.000252655	  3.52542e-06	  12	  1.19397e-06
98	  0.333216	  0.235702	  0.00023825	  2.09536e-06	  24	  5.32483e-07
99	  0.359915	  0.436436	  0.000202117	  7.31369e-06	  24	  1.85859e-06
100	  0.400476	  0.588348	  0.00016457	  4.10858e-06	  24	  1.04409e-06
101	  0.451177	  0.696311	  0.000128927	  3.52528e-06	  24	  8.9586e-07
102	  0.508996	  0.771517	  0.000100204	  3.82663e-06	  24	  9.72439e-07
103	  0.571778	  0.824163	  7.83617e-05	  5.59782e-06	  24	  1.42254e-06
104	  0.63806	  0.86164	  6.191e-05	  4.63824e-06	  24	  1.17869e-06
105	  0.706858	  0.888889	  4.95703e-05	  3.91076e-06	  24	  9.93819e-07
106	  0.333216	  0	  0.00023825	  3.104e-06	  6	  1.4224e-06
107	  0.342347	  0.229416	  0.000224408	  5.34494e-06	  12	  1.8102e-06
108	  0.368384	  0.426401	  0.000193523	  4.74548e-06	  12	  1.60717e-06
109	  0.408105	  0.57735	  0.000158013	  1.99244e-06	  12	  6.74791e-07
110	  0.457962	  0.685994	  0.000125043	  7.0372e-06	  12	  2.38332e-06
111	  0.51502	  0.762493	  9.77997e-05	  4.20751e-06	  12	  1.42498e-06
112	  0.577147	  0.816497	  7.68181e-05	  3.45833e-06	  12	  1.17125e-06
113	  0.642876	  0.855186	  6.09287e-05	  2.22257e-06	  12	  7.52728e-07
114	  0.711208	  0.883452	  4.89163e-05	  2.10301e-06	  12	  7.12237e-07
115	  0.351241	  0	  0.000212286	  3.858e-06	  12	  1.30661e-06
116	  0.359915	  0.218218	  0.000202117	  5.52238e-06	  24	  1.40337e-06
117	  0.384765	  0.408248	  0.000178622	  5.91568e-06	  24	  1.50332e-06
118	  0.42295	  0.557086	  0.00014656	  5.36325e-06	  24	  1.36293e-06
119	  0.471239	  0.666667	  0.00011768	  3.79216e-06	  24	  9.6368e-07
120	  0.526861	  0.745356	  9.32468e-05	  5.05348e-06	  24	  1.28421e-06
121	  0.587738	  0.801784	  7.38926e-05	  3.88476e-06	  24	  9.8721e-07
122	  0.652401	  0.842701	  5.90131e-05	  2.57903e-06	  24	  6.55393e-07
123	  0.719829	  0.872872	  4.76305e-05	  2.69405e-06	  24	  6.84624e-07
124	  0.392699	  0	  0.000171507	  2.9348e-06	  18	  8.38479e-07
125	  0.400476	  0.196116	  0.00016457	  2.73076e-06	  36	  5.91664e-07
126	  0.42295	  0.371391	  0.00014656	  2.76286e-06	  36	  5.9862e-07
127	  0.457962	  0.514496	  0.000125043	  3.29096e-06	  36	  7.1304e-07
128	  0.5029	  0.624695	  0.000102701	  3.57834e-06	  36	  7.75307e-07
129	  0.55536	  0.707107	  8.33114e-05	  3.61879e-06	  36	  7.84072e-07
130	  0.613416	  0.768221	  6.73966e-05	  3.25742e-06	  36	  7.05774e-07
131	  0.675625	  0.813733	  5.46995e-05	  3.33838e-06	  36	  7.23315e-07
132	  0.740943	  0.847998	  4.47122e-05	  2.56185e-06	  36	  5.55068e-07
133	  0.400476	  0	  0.00016457	  2.69121e-06	  12	  9.11444e-07
134	  0.408105	  0.19245	  0.000158013	  3.98115e-06	  24	  1.01171e-06
135	  0.43018	  0.365148	  0.000141647	  3.08064e-06	  24	  7.82866e-07
136	  0.464648	  0.507093	  0.000121287	  3.58076e-06	  24	  9.09957e-07
137	  0.508996	  0.617213	  0.000100204	  3.20744e-06	  24	  8.15088e-07
138	  0.560886	  0.70014	  8.15986e-05	  3.46156e-06	  24	  8.79666e-07
139	  0.618423	  0.762001	  6.62427e-05	  1.58856e-06	  24	  4.03691e-07
140	  0.680175	  0.80829	  5.39139e-05	  2.94543e-06	  24	  7.48504e-07
141	  0.745094	  0.843274	  4.41607e-05	  2.19847e-06	  24	  5.58685e-07
142	  0.42295	  0	  0.00014656	  1.26269e-06	  12	  4.27641e-07
143	  0.43018	  0.182574	  0.000141647	  2.48e-06	  24	  6.30228e-07
144	  0.451177	  0.348155	  0.000128927	  2.69659e-06	  24	  6.85268e-07
145	  0.484152	  0.486664	  0.000111114	  3.38674e-06	  24	  8.60652e-07
146	  0.526861	  0.596285	  9.32468e-05	  3.31127e-06	  24	  8.41473e-07
147	  0.577147	  0.680414	  7.68181e-05	  2.09477e-06	  24	  5.3233e-07
148	  0.633208	  0.744208	  6.29525e-05	  3.197e-06	  24	  8.12434e-07
149	  0.693645	  0.792594	  5.16571e-05	  2.50186e-06	  24	  6.35783e-07
150	  0.444288	  0	  0.000132941	  8.46726e-07	  6	  3.88011e-07
151	  0.451177	  0.174078	  0.000128927	  1.67276e-06	  12	  5.66522e-07
152	  0.471239	  0.333333	  0.00011768	  2.2445e-06	  12	  7.60156e-07
153	  0.5029	  0.468521	  0.000102701	  2.11386e-06	  12	  7.15912e-07
154	  0.54414	  0.57735	  8.70133e-05	  3.73011e-06	  12	  1.2633e-06
155	  0.592963	  0.662266	  7.25177e-05	  2.95276e-06	  12	  1.00003e-06
156	  0.647656	  0.727607	  5.99548e-05	  2.26844e-06	  12	  7.68264e-07
157	  0.706858	  0.777778	  4.95703e-05	  2.00796e-06	  12	  6.80047e-07
158	  0.457962	  0	  0.000125043	  1.80277e-06	  12	  6.10552e-07
159	  0.464648	  0.169031	  0.000121287	  2.02042e-06	  24	  5.13437e-07
160	  0.484152	  0.324443	  0.000111114	  2.54595e-06	  24	  6.46989e-07
161	  0.51502	  0.457496	  9.77997e-05	  2.56246e-06	  24	  6.51182e-07
162	  0.55536	  0.565685	  8.33114e-05	  2.4524e-06	  24	  6.23213e-07
163	  0.603276	  0.650945	  6.98703e-05	  3.33852e-06	  24	  8.484e-07
164	  0.657111	  0.717137	  5.81093e-05	  3.13924e-06	  24	  7.97757e-07
165	  0.715532	  0.76835	  4.82663e-05	  2.37503e-06	  24	  6.03553e-07
166	  0.471239	  0	  0.00011768	  5.23514e-06	  6	  2.399e-06
167	  0.477739	  0.164399	  0.00011431	  2.84772e-06	  12	  9.64452e-07
168	  0.496729	  0.316228	  0.000105356	  2.02263e-06	  12	  6.85014e-07
169	  0.526861	  0.447214	  9.32468e-05	  1.25196e-06	  12	  4.24006e-07
170	  0.566359	  0.5547	  7.99247e-05	  1.6237e-06	  12	  5.49908e-07
171	  0.613416	  0.640184	  6.73966e-05	  2.01109e-06	  12	  6.81108e-07
172	  0.666432	  0.707107	  5.63561e-05	  1.9095e-06	  12	  6.46701e-07
173	  0.724101	  0.759257	  4.70268e-05	  2.32399e-06	  12	  7.87076e-07
174	  0.477739	  0	  0.00011431	  2.82388e-06	  12	  9.56376e-07
175	  0.484152	  0.162221	  0.000111114	  1.52442e-06	  24	  3.87392e-07
176	  0.5029	  0.312348	  0.000102701	  1.73844e-06	  24	  4.4178e-07
177	  0.532683	  0.442326	  9.10683e-05	  2.36687e-06	  24	  6.01479e-07
178	  0.571778	  0.549442	  7.83617e-05	  3.10866e-06	  24	  7.89986e-07
179	  0.618423	  0.635001	  6.62427e-05	  1.60931e-06	  24	  4.08964e-07
180	  0.671044	  0.702247	  5.55249e-05	  1.75653e-06	  24	  4.46377e-07
181	  0.728348	  0.754829	  4.64266e-05	  2.3079e-06	  24	  5.86493e-07
182	  0.496729	  0	  0.000105356	  1.69542e-06	  12	  5.74195e-07
183	  0.5029	  0.156174	  0.000102701	  1.65793e-06	  24	  4.2132e-07
184	  0.520974	  0.301511	  9.54694e-05	  1.5457e-06	  24	  3.928e-07
185	  0.549779	  0.428571	  8.51392e-05	  2.55896e-06	  24	  6.50294e-07
186	  0.587738	  0.534522	  7.38926e-05	  1.76394e-06	  24	  4.48259e-07
187	  0.633208	  0.620174	  6.29525e-05	  1.82122e-06	  24	  4.62817e-07
188	  0.684694	  0.688247	  5.31458e-05	  1.59087e-06	  24	  4.04278e-07
189	  0.740943	  0.741999	  4.47122e-05	  1.92451e-06	  24	  4.89065e-07
190	  0.5029	  0	  0.000102701	  1.98516e-06	  12	  6.72323e-07
191	  0.508996	  0.154303	  0.000100204	  1.42924e-06	  24	  3.63204e-07
192	  0.526861	  0.298142	  9.32468e-05	  2.14741e-06	  24	  5.45708e-07
193	  0.55536	  0.424264	  8.33114e-05	  1.88819e-06	  24	  4.79835e-07
194	  0.592963	  0.529813	  7.25177e-05	  1.91487e-06	  24	  4.86614e-07
195	  0.63806	  0.615457	  6.191e-05	  1.56687e-06	  24	  3.98179e-07
196	  0.689184	  0.683763	  5.23828e-05	  2.22043e-06	  24	  5.64266e-07
197	  0.745094	  0.737865	  4.41607e-05	  1.89564e-06	  24	  4.81729e-07
198	  0.526861	  0	  9.32468e-05	  9.82683e-07	  12	  3.3281e-07
199	  0.532683	  0.147442	  9.10683e-05	  1.72285e-06	  24	  4.37818e-07
200	  0.549779	  0.285714	  8.51392e-05	  2.25203e-06	  24	  5.72295e-07
201	  0.577147	  0.408248	  7.68181e-05	  1.8085e-06	  24	  4.59584e-07
202	  0.613416	  0.512148	  6.73966e-05	  2.705e-06	  24	  6.87405e-07
203	  0.657111	  0.597614	  5.81093e-05	  2.10476e-06	  24	  5.34871e-07
204	  0.706858	  0.666667	  4.95703e-05	  2.00987e-06	  24	  5.10756e-07
205	  0.549779	  0	  8.51392e-05	  1.07487e-06	  6	  4.92559e-07
206	  0.55536	  0.141421	  8.33114e-05	  1.35745e-06	  12	  4.59736e-07
207	  0.571778	  0.274721	  7.83617e-05	  1.15214e-06	  12	  3.902e-07
208	  0.598141	  0.393919	  7.11645e-05	  1.90334e-06	  12	  6.44613e-07
209	  0.633208	  0.496139	  6.29525e-05	  2.15315e-06	  12	  7.29218e-07
210	  0.675625	  0.581238	  5.46995e-05	  2.40865e-06	  12	  8.1575e-07
211	  0.724101	  0.650791	  4.70268e-05	  1.75173e-06	  12	  5.93267e-07
212	  0.55536	  0	  8.33114e-05	  1.42877e-06	  18	  4.08204e-07
213	  0.560886	  0.140028	  8.15986e-05	  1.85819e-06	  36	  4.02609e-07
214	  0.577147	  0.272166	  7.68181e-05	  1.58518e-06	  36	  3.43456e-07
215	  0.603276	  0.390567	  6.98703e-05	  2.23834e-06	  36	  4.84973e-07
216	  0.63806	  0.492366	  6.191e-05	  1.42771e-06	  36	  3.09337e-07
217	  0.680175	  0.57735	  5.39139e-05	  1.40193e-06	  36	  3.03752e-07
218	  0.728348	  0.646997	  4.64266e-05	  2.31402e-06	  36	  5.01372e-07
219	  0.566359	  0	  7.99247e-05	  9.75871e-07	  12	  3.30503e-07
220	  0.571778	  0.137361	  7.83617e-05	  1.74944e-06	  24	  4.44574e-07
221	  0.587738	  0.267261	  7.38926e-05	  1.56794e-06	  24	  3.98451e-07
222	  0.613416	  0.384111	  6.73966e-05	  1.88583e-06	  24	  4.79236e-07
223	  0.647656	  0.485071	  5.99548e-05	  1.11433e-06	  24	  2.83179e-07
224	  0.689184	  0.569803	  5.23828e-05	  1.48327e-06	  24	  3.76936e-07
225	  0.736769	  0.639602	  4.52668e-05	  1.40102e-06	  24	  3.56032e-07
226	  0.571778	  0	  7.83617e-05	  8.37856e-07	  12	  2.83761e-07
227	  0.577147	  0.136083	  7.68181e-05	  1.88323e-06	  24	  4.78573e-07
228	  0.592963	  0.264906	  7.25177e-05	  1.34472e-06	  24	  3.41725e-07
229	  0.618423	  0.381	  6.62427e-05	  1.17218e-06	  24	  2.97878e-07
230	  0.652401	  0.481543	  5.90131e-05	  1.00485e-06	  24	  2.55358e-07
231	  0.693645	  0.566139	  5.16571e-05	  1.8084e-06	  24	  4.59558e-07
232	  0.740943	  0.635999	  4.47122e-05	  1.50203e-06	  24	  3.81702e-07
233	  0.598141	  0	  7.11645e-05	  1.56364e-06	  12	  5.29567e-07
234	  0.603276	  0.130189	  6.98703e-05	  1.62039e-06	  24	  4.1178e-07
235	  0.618423	  0.254	  6.62427e-05	  1.00744e-06	  24	  2.56014e-07
236	  0.642876	  0.366508	  6.09287e-05	  1.50952e-06	  24	  3.83605e-07
237	  0.675625	  0.464991	  5.46995e-05	  1.45977e-06	  24	  3.70962e-07
238	  0.715532	  0.548821	  4.82663e-05	  1.54173e-06	  24	  3.9179e-07
239	  0.613416	  0	  6.73966e-05	  1.16634e-06	  12	  3.95011e-07
240	  0.618423	  0.127	  6.62427e-05	  1.11647e-06	  24	  2.83722e-07
241	  0.633208	  0.248069	  6.29525e-05	  1.12461e-06	  24	  2.85791e-07
242	  0.657111	  0.358569	  5.81093e-05	  1.50233e-06	  24	  3.81779e-07
243	  0.689184	  0.455842	  5.23828e-05	  1.19956e-06	  24	  3.04837e-07
244	  0.728348	  0.539164	  4.64266e-05	  1.71529e-06	  24	  4.35897e-07
245	  0.628319	  0	  6.40114e-05	  1.30995e-06	  6	  6.00284e-07
246	  0.633208	  0.124035	  6.29525e-05	  1.74311e-06	  12	  5.90349e-07
247	  0.647656	  0.242536	  5.99548e-05	  5.8934e-07	  12	  1.99595e-07
248	  0.671044	  0.351123	  5.55249e-05	  1.10852e-06	  12	  3.75428e-07
249	  0.702481	  0.447214	  5.02466e-05	  1.01579e-06	  12	  3.44023e-07
250	  0.740943	  0.529999	  4.47122e-05	  1.83574e-06	  12	  6.21718e-07
251	  0.633208	  0	  6.29525e-05	  1.48992e-06	  24	  3.78625e-07
252	  0.63806	  0.123091	  6.191e-05	  1.18801e-06	  48	  2.30875e-07
253	  0.652401	  0.240772	  5.90131e-05	  1.11464e-06	  48	  2.16616e-07
254	  0.675625	  0.348743	  5.46995e-05	  1.28605e-06	  48	  2.49927e-07
255	  0.706858	  0.444444	  4.95703e-05	  1.32752e-06	  48	  2.57986e-07
256	  0.745094	  0.527046	  4.41607e-05	  1.43273e-06	  48	  2.78433e-07
257	  0.647656	  0	  5.99548e-05	  6.18621e-07	  12	  2.09511e-07
258	  0.652401	  0.120386	  5.90131e-05	  9.91604e-07	  24	  2.5199e-07
259	  0.666432	  0.235702	  5.63561e-05	  1.07337e-06	  24	  2.7277e-07
260	  0.689184	  0.341882	  5.23828e-05	  1.14977e-06	  24	  2.92183e-07
261	  0.719829	  0.436436	  4.76305e-05	  1.17623e-06	  24	  2.98907e-07
262	  0.666432	  0	  5.63561e-05	  1.10999e-06	  6	  5.08651e-07
263	  0.671044	  0.117041	  5.55249e-05	  8.96032e-07	  12	  3.03464e-07
264	  0.684694	  0.229416	  5.31458e-05	  1.10605e-06	  12	  3.7459e-07
265	  0.706858	  0.333333	  4.95703e-05	  1.13594e-06	  12	  3.84715e-07
266	  0.736769	  0.426401	  4.52668e-05	  1.14491e-06	  12	  3.87751e-07
267	  0.671044	  0	  5.55249e-05	  8.60149e-07	  12	  2.91311e-07
268	  0.675625	  0.116248	  5.46995e-05	  1.05763e-06	  24	  2.68768e-07
269	  0.689184	  0.227921	  5.23828e-05	  1.09987e-06	  24	  2.79503e-07
270	  0.711208	  0.331295	  4.89163e-05	  1.22956e-06	  24	  3.12462e-07
271	  0.740943	  0.423999	  4.47122e-05	  9.64636e-07	  24	  2.45137e-07
272	  0.675625	  0	  5.46995e-05	  1.33836e-06	  12	  4.53269e-07
273	  0.680175	  0.11547	  5.39139e-05	  8.83432e-07	  24	  2.24501e-07
274	  0.693645	  0.226455	  5.16571e-05	  8.10764e-07	  24	  2.06035e-07
275	  0.715532	  0.329293	  4.82663e-05	  1.16705e-06	  24	  2.96575e-07
276	  0.745094	  0.421637	  4.41607e-05	  1.16937e-06	  24	  2.97165e-07
277	  0.702481	  0	  5.02466e-05	  6.65801e-07	  12	  2.2549e-07
278	  0.706858	  0.111111	  4.95703e-05	  9.85238e-07	  24	  2.50373e-07
279	  0.719829	  0.218218	  4.76305e-05	  7.48255e-07	  24	  1.9015e-07
280	  0.740943	  0.317999	  4.47122e-05	  7.63937e-07	  24	  1.94135e-07
281	  0.706858	  0	  4.95703e-05	  2.02128e-06	  6	  9.2625e-07
282	  0.711208	  0.110432	  4.89163e-05	  1.26548e-06	  12	  4.28587e-07
283	  0.724101	  0.21693	  4.70268e-05	  1.05258e-06	  12	  3.56483e-07
284	  0.745094	  0.316228	  4.41607e-05	  1.0608e-06	  12	  3.59267e-07
285	  0.711208	  0	  4.89163e-05	  1.17108e-06	  12	  3.96615e-07
286	  0.715532	  0.109764	  4.82663e-05	  7.68317e-07	  24	  1.95248e-07
287	  0.728348	  0.215666	  4.64266e-05	  6.25736e-07	  24	  1.59015e-07
288	  0.749222	  0.314485	  4.3622e-05	  1.00458e-06	  24	  2.55287e-07
289	  0.724101	  0	  4.70268e-05	  7.78278e-07	  24	  1.97779e-07
290	  0.728348	  0.107833	  4.64266e-05	  9.32636e-07	  48	  1.81246e-07
291	  0.740943	  0.212	  4.47122e-05	  9.79336e-07	  48	  1.90322e-07
292	  0.740943	  0	  4.47122e-05	  8.76307e-07	  12	  2.96784e-07
293	  0.745094	  0.105409	  4.41607e-05	  9.40287e-07	  24	  2.3895e-07
294	  0.745094	  0	  4.41607e-05	  7.1051e-07	  12	  2.40632e-07
295	  0.749222	  0.104828	  4.3622e-05	  7.49903e-07	  24	  1.90568e-07
296	  0.825306	  0.0310881	  3.52139e-05	  7.25914e-07	  162	  9.33289e-08
297	  0.825306	  0.0938297	  3.52139e-05	  6.73761e-07	  324	  7.11192e-08
298	  0.825306	  0.156272	  3.52139e-05	  5.88175e-07	  108	  8.60059e-08
299	  0.825306	  0.218736	  3.52139e-05	  6.79712e-07	  216	  8.02342e-08
300	  0.825306	  0.281273	  3.52139e-05	  7.6671e-07	  336	  8.0163e-08
301	  0.825306	  0.343755	  3.52139e-05	  7.06929e-07	  144	  9.42573e-08
302	  0.825306	  0.406262	  3.52139e-05	  1.05833e-06	  180	  1.31799e-07
303	  0.825306	  0.468768	  3.52139e-05	  1.02518e-06	  252	  1.15839e-07
304	  0.825306	  0.531237	  3.52139e-05	  1.17921e-06	  240	  1.35078e-07
305	  0.825306	  0.593753	  3.52139e-05	  1.51782e-06	  192	  1.8543e-07
306	  0.825306	  0.656275	  3.52139e-05	  1.31733e-06	  192	  1.60936e-07
307	  0.825306	  0.718761	  3.52139e-05	  1.63458e-06	  252	  1.84698e-07
308	  0.825306	  0.781244	  3.52139e-05	  1.95983e-06	  168	  2.49196e-07
309	  0.825306	  0.843748	  3.52139e-05	  1.86864e-06	  240	  2.14053e-07
310	  0.825306	  0.906262	  3.52139e-05	  2.59678e-06	  228	  3.01815e-07
311	  0.825306	  0.968494	  3.52139e-05	  2.50168e-06	  198	  3.02871e-07
312	  0.968767	  0.0310881	  2.45756e-05	  5.4089e-07	  228	  6.28658e-08
313	  0.968767	  0.0938297	  2.45756e-05	  5.02581e-07	  456	  4.86646e-08
314	  0.968767	  0.156272	  2.45756e-05	  5.41312e-07	  480	  5.1773e-08
315	  0.968767	  0.218736	  2.45756e-05	  4.53959e-07	  288	  4.94477e-08
316	  0.968767	  0.281273	  2.45756e-05	  5.38974e-07	  264	  6.01202e-08
317	  0.968767	  0.343755	  2.45756e-05	  6.29671e-07	  348	  6.52374e-08
318	  0.968767	  0.406262	  2.45756e-05	  6.95559e-07	  444	  6.77877e-08
319	  0.968767	  0.468768	  2.45756e-05	  6.30292e-07	  312	  6.71979e-08
320	  0.968767	  0.531237	  2.45756e-05	  7.81002e-07	  348	  8.09162e-08
321	  0.968767	  0.593753	  2.45756e-05	  8.12309e-07	  408	  8.08307e-08
322	  0.968767	  0.656275	  2.45756e-05	  1.03259e-06	  252	  1.16677e-07
323	  0.968767	  0.718761	  2.45756e-05	  9.91417e-07	  384	  1.00164e-07
324	  0.968767	  0.781244	  2.45756e-05	  1.23746e-06	  384	  1.25022e-07
325	  0.968767	  0.843748	  2.45756e-05	  1.35106e-06	  360	  1.3876e-07
326	  0.968767	  0.906262	  2.45756e-05	  1.63383e-06	  360	  1.67802e-07
327	  0.968767	  0.968494	  2.45756e-05	  1.69958e-06	  330	  1.78537e-07
328	  1.14208	  0.0310881	  1.6891e-05	  3.39418e-07	  336	  3.54877e-08
329	  1.14208	  0.0938297	  1.6891e-05	  3.45886e-07	  648	  3.0882e-08
330	  1.14208	  0.156272	  1.6891e-05	  3.56352e-07	  636	  3.19479e-08
331	  1.14208	  0.218736	  1.6891e-05	  3.87557e-07	  696	  3.40682e-08
332	  1.14208	  0.281273	  1.6891e-05	  3.91669e-07	  660	  3.48291e-08
333	  1.14208	  0.343755	  1.6891e-05	  4.32067e-07	  600	  3.92424e-08
334	  1.14208	  0.406262	  1.6891e-05	  4.71054e-07	  552	  4.36021e-08
335	  1.14208	  0.468768	  1.6891e-05	  4.83524e-07	  576	  4.43231e-08
336	  1.14208	  0.531237	  1.6891e-05	  5.25699e-07	  612	  4.7535e-08
337	  1.14208	  0.593753	  1.6891e-05	  5.60447e-07	  612	  5.06771e-08
338	  1.14208	  0.656275	  1.6891e-05	  6.27411e-07	  648	  5.60176e-08
339	  1.14208	  0.718761	  1.6891e-05	  6.91951e-07	  600	  6.28464e-08
340	  1.14208	  0.781244	  1.6891e-05	  7.92482e-07	  552	  7.33544e-08
341	  1.14208	  0.843748	  1.6891e-05	  9.11071e-07	  600	  8.27478e-08
342	  1.14208	  0.906262	  1.6891e-05	  1.07588e-06	  564	  9.90963e-08
343	  1.14208	  0.968494	  1.6891e-05	  1.12804e-06	  618	  1.01778e-07
344	  1.3449	  0.0310881	  1.15786e-05	  2.31673e-07	  1290	  1.8034e-08
345	  1.3449	  0.0938297	  1.15786e-05	  2.40565e-07	  840	  2.03285e-08
346	  1.3449	  0.156272	  1.15786e-05	  2.4882e-07	  900	  2.0735e-08
347	  1.3449	  0.218736	  1.15786e-05	  2.70592e-07	  864	  2.27353e-08
348	  1.3449	  0.281273	  1.15786e-05	  2.60809e-07	  864	  2.19134e-08
349	  1.3449	  0.343755	  1.15786e-05	  2.71254e-07	  936	  2.24289e-08
350	  1.3449	  0.406262	  1.15786e-05	  3.04225e-07	  876	  2.54901e-08
351	  1.3449	  0.468768	  1.15786e-05	  3.41308e-07	  1044	  2.76286e-08
352	  1.3449	  0.531237	  1.15786e-05	  3.39267e-07	  900	  2.82723e-08
353	  1.3449	  0.593753	  1.15786e-05	  3.80657e-07	  924	  3.15555e-08
354	  1.3449	  0.656275	  1.15786e-05	  4.18797e-07	  936	  3.46286e-08
355	  1.3449	  0.718761	  1.15786e-05	  4.69857e-07	  948	  3.87531e-08
356	  1.3449	  0.781244	  1.15786e-05	  5.33191e-07	  876	  4.46744e-08
357	  1.3449	  0.843748	  1.15786e-05	  5.80963e-07	  972	  4.76825e-08
358	  1.3449	  0.906262	  1.15786e-05	  6.61905e-07	  996	  5.40685e-08
359	  1.3449	  0.968494	  1.15786e-05	  6.76855e-07	  921	  5.61458e-08
360	  1.58505	  0.0310881	  7.8792e-06	  1.76355e-07	  1830	  1.29403e-08
361	  1.58505	  0.0938297	  7.8792e-06	  1.76432e-07	  1296	  1.37225e-08
362	  1.58505	  0.156272	  7.8792e-06	  1.75692e-07	  1488	  1.33392e-08
363	  1.58505	  0.218736	  7.8792e-06	  1.80641e-07	  1740	  1.33626e-08
364	  1.58505	  0.281273	  7.8792e-06	  1.87925e-07	  1572	  1.4136e-08
365	  1.58505	  0.343755	  7.8792e-06	  1.97922e-07	  1608	  1.48319e-08
366	  1.58505	  0.406262	  7.8792e-06	  2.07169e-07	  1596	  1.55442e-08
367	  1.58505	  0.468768	  7.8792e-06	  2.20425e-07	  1548	  1.66237e-08
368	  1.58505	  0.531237	  7.8792e-06	  2.37231e-07	  1620	  1.77556e-08
369	  1.58505	  0.593753	  7.8792e-06	  2.70616e-07	  1632	  2.02296e-08
370	  1.58505	  0.656275	  7.8792e-06	  2.87057e-07	  1548	  2.16488e-08
371	  1.58505	  0.718761	  7.8792e-06	  3.03123e-07	  1572	  2.28014e-08
372	  1.58505	  0.781244	  7.8792e-06	  3.44264e-07	  1620	  2.57665e-08
373	  1.58505	  0.843748	  7.8792e-06	  3.46669e-07	  1596	  2.6011e-08
374	  1.58505	  0.906262	  7.8792e-06	  4.04023e-07	  1620	  3.02391e-08
375	  1.58505	  0.968494	  7.8792e-06	  4.33985e-07	  1545	  3.27403e-08
376	  1.87042	  0.0310881	  5.32027e-06	  1.21186e-07	  2682	  8.39934e-09
377	  1.87042	  0.0938297	  5.32027e-06	  1.17826e-07	  2484	  8.25542e-09
378	  1.87042	  0.156272	  5.32027e-06	  1.23695e-07	  2700	  8.56523e-09
379	  1.87042	  0.218736	  5.32027e-06	  1.23078e-07	  2508	  8.61156e-09
380	  1.87042	  0.281273	  5.32027e-06	  1.36116e-07	  2424	  9.57045e-09
381	  1.87042	  0.343755	  5.32027e-06	  1.34664e-07	  2736	  9.30769e-09
382	  1.87042	  0.406262	  5.32027e-06	  1.39934e-07	  2556	  9.76452e-09
383	  1.87042	  0.468768	  5.32027e-06	  1.55816e-07	  2604	  1.08442e-08
384	  1.87042	  0.531237	  5.32027e-06	  1.57443e-07	  2616	  1.09504e-08
385	  1.87042	  0.593753	  5.32027e-06	  1.72846e-07	  2520	  1.20855e-08
386	  1.87042	  0.656275	  5.32027e-06	  1.93816e-07	  2736	  1.33962e-08
387	  1.87042	  0.718761	  5.32027e-06	  1.93635e-07	  2568	  1.35028e-08
388	  1.87042	  0.781244	  5.32027e-06	  2.17967e-07	  2484	  1.52717e-08
389	  1.87042	  0.843748	  5.32027e-06	  2.23352e-07	  2652	  1.55047e-08
390	  1.87042	  0.906262	  5.32027e-06	  2.42384e-07	  2544	  1.69248e-08
391	  1.87042	  0.968494	  5.32027e-06	  2.52968e-07	  2592	  1.76172e-08
392	  2.20602	  0.0310881	  3.58087e-06	  8.73656e-08	  3600	  5.82437e-09
393	  2.20602	  0.0938297	  3.58087e-06	  8.79154e-08	  4920	  5.64915e-09
394	  2.20602	  0.156272	  3.58087e-06	  8.50874e-08	  4272	  5.55619e-09
395	  2.20602	  0.218736	  3.58087e-06	  8.79393e-08	  4212	  5.75196e-09
396	  2.20602	  0.281273	  3.58087e-06	  9.28431e-08	  4452	  6.03362e-09
397	  2.20602	  0.343755	  3.58087e-06	  9.26068e-08	  4152	  6.06753e-09
398	  2.20602	  0.406262	  3.58087e-06	  1.0011e-07	  4296	  6.53289e-09
399	  2.20602	  0.468768	  3.58087e-06	  1.05942e-07	  4128	  6.94601e-09
400	  2.20602	  0.531237	  3.58087e-06	  1.13002e-07	  4200	  7.39376e-09
401	  2.20602	  0.593753	  3.58087e-06	  1.16666e-07	  4284	  7.61577e-09
402	  2.20602	  0.656275	  3.58087e-06	  1.206e-07	  4284	  7.87259e-09
403	  2.20602	  0.718761	  3.58087e-06	  1.3211e-07	  4200	  8.64403e-09
404	  2.20602	  0.781244	  3.58087e-06	  1.38688e-07	  4260	  9.05926e-09
405	  2.20602	  0.843748	  3.58087e-06	  1.41302e-07	  4284	  9.22395e-09
406	  2.20602	  0.906262	  3.58087e-06	  1.49391e-07	  4284	  9.75199e-09
407	  2.20602	  0.968494	  3.58087e-06	  1.50198e-07	  4239	  9.81684e-09
408	  2.60077	  0.0310881	  2.40356e-06	  6.18078e-08	  7410	  3.80841e-09
409	  2.60077	  0.0938297	  2.40356e-06	  6.16579e-08	  6768	  3.83238e-09
410	  2.60077	  0.156272	  2.40356e-06	  6.04658e-08	  6624	  3.76623e-09
411	  2.60077	  0.218736	  2.40356e-06	  6.19664e-08	  6792	  3.85022e-09
412	  2.60077	  0.281273	  2.40356e-06	  6.29671e-08	  6948	  3.90377e-09
413	  2.60077	  0.343755	  2.40356e-06	  6.54539e-08	  7068	  4.05125e-09
414	  2.60077	  0.406262	  2.40356e-06	  6.76991e-08	  6996	  4.19435e-09
415	  2.60077	  0.468768	  2.40356e-06	  7.37529e-08	  6864	  4.57785e-09
416	  2.60077	  0.531237	  2.40356e-06	  7.26399e-08	  6912	  4.50572e-09
417	  2.60077	  0.593753	  2.40356e-06	  7.62811e-08	  7020	  4.72449e-09
418	  2.60077	  0.656275	  2.40356e-06	  8.15775e-08	  6816	  5.06698e-09
419	  2.60077	  0.718761	  2.40356e-06	  8.24314e-08	  6936	  5.11135e-09
420	  2.60077	  0.781244	  2.40356e-06	  8.49485e-08	  6924	  5.26831e-09
421	  2.60077	  0.843748	  2.40356e-06	  8.63979e-08	  6996	  5.35285e-09
422	  2.60077	  0.906262	  2.40356e-06	  8.50884e-08	  6936	  5.2761e-09
423	  2.60077	  0.968494	  2.40356e-06	  8.56728e-08	  6915	  5.3139e-09
424	  3.06654	  0.0310881	  1.6065e-06	  4.32777e-08	  11706	  2.56389e-09
425	  3.06654	  0.0938297	  1.6065e-06	  4.16001e-08	  10812	  2.48008e-09
426	  3.06654	  0.156272	  1.6065e-06	  4.26541e-08	  11424	  2.53178e-09
427	  3.06654	  0.218736	  1.6065e-06	  4.32698e-08	  11928	  2.55968e-09
428	  3.06654	  0.281273	  1.6065e-06	  4.17378e-08	  11136	  2.48241e-09
429	  3.06654	  0.343755	  1.6065e-06	  4.36052e-08	  11460	  2.58759e-09
430	  3.06654	  0.406262	  1.6065e-06	  4.5536e-08	  11484	  2.70172e-09
431	  3.06654	  0.468768	  1.6065e-06	  4.59976e-08	  11244	  2.73366e-09
432	  3.06654	  0.531237	  1.6065e-06	  4.81782e-08	  11664	  2.855e-09
433	  3.06654	  0.593753	  1.6065e-06	  4.87777e-08	  11316	  2.89742e-09
434	  3.06654	  0.656275	  1.6065e-06	  5.02884e-08	  11268	  2.98816e-09
435	  3.06654	  0.718761	  1.6065e-06	  4.98402e-08	  11604	  2.95468e-09
436	  3.06654	  0.781244	  1.6065e-06	  4.9772e-08	  11532	  2.95208e-09
437	  3.06654	  0.843748	  1.6065e-06	  4.99038e-08	  11352	  2.96357e-09
438	  3.06654	  0.906262	  1.6065e-06	  4.98841e-08	  11460	  2.96019e-09
439	  3.06654	  0.968494	  1.6065e-06	  4.70281e-08	  11313	  2.79355e-09
440	  3.61603	  0.0310881	  1.06951e-06	  2.93148e-08	  17742	  1.68582e-09
441	  3.61603	  0.0938297	  1.06951e-06	  2.9559e-08	  19596	  1.6891e-09
442	  3.61603	  0.156272	  1.06951e-06	  2.97159e-08	  19044	  1.70113e-09
443	  3.61603	  0.218736	  1.06951e-06	  2.87089e-08	  18456	  1.64677e-09
444	  3.61603	  0.281273	  1.06951e-06	  2.91282e-08	  18828	  1.66869e-09
445	  3.61603	  0.343755	  1.06951e-06	  2.90828e-08	  18612	  1.66732e-09
446	  3.61603	  0.406262	  1.06951e-06	  2.97963e-08	  18528	  1.70872e-09
447	  3.61603	  0.468768	  1.06951e-06	  2.98659e-08	  18852	  1.71082e-09
448	  3.61603	  0.531237	  1.06951e-06	  3.03696e-08	  18492	  1.74181e-09
449	  3.61603	  0.593753	  1.06951e-06	  3.05069e-08	  18696	  1.74846e-09
450	  3.61603	  0.656275	  1.06951e-06	  3.01434e-08	  18720	  1.72748e-09
451	  3.61603	  0.718761	  1.06951e-06	  2.95799e-08	  18684	  1.6954e-09
452	  3.61603	  0.781244	  1.06951e-06	  2.94721e-08	  18528	  1.69013e-09
453	  3.61603	  0.843748	  1.06951e-06	  2.81065e-08	  18732	  1.61068e-09
454	  3.61603	  0.906262	  1.06951e-06	  2.70415e-08	  18684	  1.54991e-09
455	  3.61603	  0.968494	  1.06951e-06	  2.58942e-08	  18717	  1.48398e-09
456	  4.26398	  0.0310881	  7.09572e-07	  2.10271e-08	  31710	  1.16944e-09
457	  4.26398	  0.0938297	  7.09572e-07	  2.00242e-08	  29988	  1.11684e-09
458	  4.26398	  0.156272	  7.09572e-07	  2.03491e-08	  29868	  1.1352e-09
459	  4.26398	  0.218736	  7.09572e-07	  1.95141e-08	  31044	  1.08646e-09
460	  4.26398	  0.281273	  7.09572e-07	  1.94332e-08	  30504	  1.08293e-09
461	  4.26398	  0.343755	  7.09572e-07	  1.92987e-08	  30612	  1.07524e-09
462	  4.26398	  0.406262	  7.09572e-07	  1.91118e-08	  30984	  1.06417e-09
463	  4.26398	  0.468768	  7.09572e-07	  1.87936e-08	  30564	  1.04718e-09
464	  4.26398	  0.531237	  7.09572e-07	  1.87105e-08	  30540	  1.04259e-09
465	  4.26398	  0.593753	  7.09572e-07	  1.82614e-08	  31092	  1.01664e-09
466	  4.26398	  0.656275	  7.09572e-07	  1.77892e-08	  30624	  9.91112e-10
467	  4.26398	  0.718761	  7.09572e-07	  1.70811e-08	  30612	  9.51684e-10
468	  4.26398	  0.781244	  7.09572e-07	  1.63597e-08	  30720	  9.11325e-10
469	  4.26398	  0.843748	  7.09572e-07	  1.52082e-08	  30600	  8.47352e-10
470	  4.26398	  0.906262	  7.09572e-07	  1.42007e-08	  30672	  7.91122e-10
471	  4.26398	  0.968494	  7.09572e-07	  1.32105e-08	  30651	  7.35981e-10
472	  5.02761	  0.0310881	  4.696e-07	  1.40854e-08	  50190	  7.67141e-10
473	  5.02761	  0.0938297	  4.696e-07	  1.39828e-08	  50196	  7.6155e-10
474	  5.02761	  0.156272	  4.696e-07	  1.35222e-08	  50184	  7.36473e-10
475	  5.02761	  0.218736	  4.696e-07	  1.28879e-08	  50076	  7.0199e-10
476	  5.02761	  0.281273	  4.696e-07	  1.26552e-08	  50484	  6.89086e-10
477	  5.02761	  0.343755	  4.696e-07	  1.21796e-08	  50208	  6.63336e-10
478	  5.02761	  0.406262	  4.696e-07	  1.18891e-08	  49692	  6.47787e-10
479	  5.02761	  0.468768	  4.696e-07	  1.15042e-08	  50604	  6.26349e-10
480	  5.02761	  0.531237	  4.696e-07	  1.1054e-08	  50400	  6.01939e-10
481	  5.02761	  0.593753	  4.696e-07	  1.04717e-08	  49788	  5.70514e-10
482	  5.02761	  0.656275	  4.696e-07	  9.85427e-09	  50304	  5.3665e-10
483	  5.02761	  0.718761	  4.696e-07	  9.16274e-09	  50352	  4.98971e-10
484	  5.02761	  0.781244	  4.696e-07	  8.43115e-09	  49980	  4.59271e-10
485	  5.02761	  0.843748	  4.696e-07	  7.63007e-09	  50340	  4.15511e-10
486	  5.02761	  0.906262	  4.696e-07	  6.90246e-09	  50244	  3.75917e-10
487	  5.02761	  0.968494	  4.696e-07	  6.17031e-09	  50046	  3.36097e-10
488	  5.92776	  0.0310881	  3.09888e-07	  9.60672e-09	  80868	  5.14118e-10
489	  5.92776	  0.0938297	  3.09888e-07	  9.23055e-09	  83352	  4.935e-10
490	  5.92776	  0.156272	  3.09888e-07	  8.8744e-09	  83316	  4.74465e-10
491	  5.92776	  0.218736	  3.09888e-07	  8.45882e-09	  82056	  4.5247e-10
492	  5.92776	  0.281273	  3.09888e-07	  7.99611e-09	  82464	  4.27651e-10
493	  5.92776	  0.343755	  3.09888e-07	  7.53137e-09	  82380	  4.02809e-10
494	  5.92776	  0.406262	  3.09888e-07	  7.11934e-09	  82560	  3.80744e-10
495	  5.92776	  0.468768	  3.09888e-07	  6.64285e-09	  81852	  3.55361e-10
496	  5.92776	  0.531237	  3.09888e-07	  6.21288e-09	  82212	  3.32312e-10
497	  5.92776	  0.593753	  3.09888e-07	  5.60931e-09	  82428	  3.00003e-10
498	  5.92776	  0.656275	  3.09888e-07	  5.09652e-09	  82032	  2.7262e-10
499	  5.92776	  0.718761	  3.09888e-07	  4.56889e-09	  82020	  2.44398e-10
500	  5.92776	  0.781244	  3.09888e-07	  4.04708e-09	  82716	  2.16426e-10
501	  5.92776	  0.843748	  3.09888e-07	  3.52785e-09	  82248	  1.88694e-10
502	  5.92776	  0.906262	  3.09888e-07	  3.12376e-09	  82356	  1.67073e-10
503	  5.92776	  0.968494	  3.09888e-07	  2.66188e-09	  82491	  1.42362e-10
504	  6.98944	  0.0310881	  2.03871e-07	  6.30202e-09	  133704	  3.32336e-10
505	  6.98944	  0.0938297	  2.03871e-07	  5.94583e-09	  135348	  3.13453e-10
506	  6.98944	  0.156272	  2.03871e-07	  5.64869e-09	  134928	  2.97812e-10
507	  6.98944	  0.218736	  2.03871e-07	  5.24232e-09	  135072	  2.7638e-10
508	  6.98944	  0.281273	  2.03871e-07	  4.84825e-09	  135012	  2.55607e-10
509	  6.98944	  0.343755	  2.03871e-07	  4.41986e-09	  135168	  2.33015e-10
510	  6.98944	  0.406262	  2.03871e-07	  4.01624e-09	  134808	  2.11751e-10
511	  6.98944	  0.468768	  2.03871e-07	  3.60022e-09	  135264	  1.898e-10
512	  6.98944	  0.531237	  2.03871e-07	  3.19178e-09	  135084	  1.68273e-10
513	  6.98944	  0.593753	  2.03871e-07	  2.78165e-09	  134976	  1.46654e-10
514	  6.98944	  0.656275	  2.03871e-07	  2.39702e-09	  135072	  1.26373e-10
515	  6.98944	  0.718761	  2.03871e-07	  2.07699e-09	  135360	  1.09495e-10
516	  6.98944	  0.781244	  2.03871e-07	  1.76207e-09	  134988	  9.28994e-11
517	  6.98944	  0.843748	  2.03871e-07	  1.48967e-09	  134820	  7.85404e-11
518	  6.98944	  0.906262	  2.03871e-07	  1.2552e-09	  134964	  6.61765e-11
519	  6.98944	  0.968494	  2.03871e-07	  1.03521e-09	  134910	  5.4579e-11
520	  8.24181	  0.0310881	  1.33728e-07	  4.01609e-09	  221856	  2.09331e-10
521	  8.24181	  0.0938297	  1.33728e-07	  3.71672e-09	  221460	  1.93734e-10
522	  8.24181	  0.156272	  1.33728e-07	  3.44983e-09	  221772	  1.79817e-10
523	  8.24181	  0.218736	  1.33728e-07	  3.10634e-09	  221376	  1.61919e-10
524	  8.24181	  0.281273	  1.33728e-07	  2.76578e-09	  221184	  1.4417e-10
525	  8.24181	  0.343755	  1.33728e-07	  2.40803e-09	  221616	  1.25517e-10
526	  8.24181	  0.406262	  1.33728e-07	  2.06359e-09	  221088	  1.07568e-10
527	  8.24181	  0.468768	  1.33728e-07	  1.76753e-09	  221484	  9.21323e-11
528	  8.24181	  0.531237	  1.33728e-07	  1.47754e-09	  221388	  7.70172e-11
529	  8.24181	  0.593753	  1.33728e-07	  1.23988e-09	  221568	  6.46279e-11
530	  8.24181	  0.656275	  1.33728e-07	  1.03566e-09	  221472	  5.39834e-11
531	  8.24181	  0.718761	  1.33728e-07	  8.49247e-10	  221172	  4.42682e-11
532	  8.24181	  0.781244	  1.33728e-07	  6.96487e-10	  221088	  3.63056e-11
533	  8.24181	  0.843748	  1.33728e-07	  5.65225e-10	  221580	  2.9462e-11
534	  8.24181	  0.906262	  1.33728e-07	  4.55715e-10	  221304	  2.37544e-11
535	  8.24181	  0.968494	  1.33728e-07	  3.57927e-10	  221598	  1.86567e-11
536	  9.71482	  0.0310881	  8.76136e-08	  2.40431e-09	  356232	  1.24244e-10
537	  9.71482	  0.0938297	  8.76136e-08	  2.22793e-09	  353940	  1.15141e-10
538	  9.71482	  0.156272	  8.76136e-08	  1.99477e-09	  357672	  1.03074e-10
539	  9.71482	  0.218736	  8.76136e-08	  1.72229e-09	  364152	  8.89685e-11
540	  9.71482	  0.281273	  8.76136e-08	  1.44709e-09	  362544	  7.47579e-11
541	  9.71482	  0.343755	  8.76136e-08	  1.18742e-09	  361908	  6.13446e-11
542	  9.71482	  0.406262	  8.76136e-08	  9.67058e-10	  363768	  4.99563e-11
543	  9.71482	  0.468768	  8.76136e-08	  7.78996e-10	  362412	  4.02438e-11
544	  9.71482	  0.531237	  8.76136e-08	  6.21881e-10	  362208	  3.21274e-11
545	  9.71482	  0.593753	  8.76136e-08	  4.98019e-10	  363300	  2.57272e-11
546	  9.71482	  0.656275	  8.76136e-08	  3.98848e-10	  362820	  2.06045e-11
547	  9.71482	  0.718761	  8.76136e-08	  3.16895e-10	  362364	  1.63712e-11
548	  9.71482	  0.781244	  8.76136e-08	  2.48946e-10	  363060	  1.28605e-11
549	  9.71482	  0.843748	  8.76136e-08	  1.9324e-10	  363000	  9.98275e-12
550	  9.71482	  0.906262	  8.76136e-08	  1.49319e-10	  362388	  7.714e-12
551	  9.71482	  0.968494	  8.76136e-08	  1.14325e-10	  353154	  5.90864e-12
