#n	   k	      mu	    PL	    Pf	     w	     err  
0	  0.10472	  1	  0.00340069	  0.000473615	  3	  0.000297123
1	  0.20944	  1	  0.00120796	  0.000135737	  3	  8.51543e-05
2	  0.314159	  1	  0.00056581	  0.000126183	  3	  7.91608e-05
3	  0.418879	  1	  0.000317111	  2.28748e-05	  3	  1.43505e-05
4	  0.523599	  1	  0.000200477	  7.3597e-06	  3	  4.61711e-06
5	  0.628319	  1	  0.000135839	  3.81511e-05	  3	  2.39341e-05
6	  0.733038	  1	  9.71158e-05	  1.65381e-05	  3	  1.03752e-05
7	  0.837758	  1	  7.2289e-05	  1.35156e-05	  3	  8.47905e-06
8	  0.942478	  1	  5.55114e-05	  2.09248e-06	  3	  1.31272e-06
9	  0.10472	  0	  0.00340069	  8.07115e-05	  6	  3.69859e-05
10	  0.148096	  0.707107	  0.00216258	  0.000115082	  12	  3.89753e-05
11	  0.23416	  0.894427	  0.000956871	  0.000138505	  12	  4.69081e-05
12	  0.331153	  0.948683	  0.000512389	  5.67971e-05	  12	  1.92358e-05
13	  0.431771	  0.970143	  0.000298428	  3.00582e-05	  12	  1.018e-05
14	  0.533968	  0.980581	  0.000192286	  1.9604e-05	  12	  6.6394e-06
15	  0.636985	  0.986394	  0.000131856	  1.26352e-05	  12	  4.27924e-06
16	  0.74048	  0.989949	  9.50147e-05	  1.5605e-05	  12	  5.28502e-06
17	  0.844278	  0.992278	  7.10317e-05	  8.10803e-06	  12	  2.74599e-06
18	  0.948278	  0.993884	  5.47385e-05	  7.75807e-06	  12	  2.62746e-06
19	  0.148096	  0	  0.00216258	  4.38462e-05	  6	  2.00924e-05
20	  0.18138	  0.57735	  0.00153421	  6.06057e-05	  12	  2.05256e-05
21	  0.25651	  0.816497	  0.000842148	  6.7868e-05	  12	  2.29852e-05
22	  0.347316	  0.904534	  0.000461525	  3.87154e-05	  12	  1.3112e-05
23	  0.444288	  0.942809	  0.000282116	  2.44046e-05	  12	  8.26524e-06
24	  0.54414	  0.96225	  0.000184652	  2.28596e-05	  12	  7.74199e-06
25	  0.645536	  0.973329	  0.000128147	  1.34188e-05	  12	  4.54461e-06
26	  0.747849	  0.980196	  9.29373e-05	  9.38197e-06	  12	  3.17744e-06
27	  0.850747	  0.984732	  6.98511e-05	  1.01335e-05	  12	  3.43197e-06
28	  0.954042	  0.987878	  5.39956e-05	  7.24132e-06	  12	  2.45246e-06
29	  0.20944	  0	  0.00120796	  2.70166e-05	  6	  1.23803e-05
30	  0.23416	  0.447214	  0.000956871	  4.38871e-05	  12	  1.48635e-05
31	  0.296192	  0.707107	  0.000623093	  5.20936e-05	  12	  1.76428e-05
32	  0.377572	  0.83205	  0.000392702	  3.58041e-05	  12	  1.2126e-05
33	  0.468321	  0.894427	  0.000253118	  2.87118e-05	  12	  9.72397e-06
34	  0.563933	  0.928477	  0.000171157	  1.07125e-05	  12	  3.62805e-06
35	  0.662306	  0.948683	  0.000121199	  1.12957e-05	  12	  3.82557e-06
36	  0.762371	  0.961524	  8.90872e-05	  1.05843e-05	  12	  3.58464e-06
37	  0.863541	  0.970143	  6.75513e-05	  3.44937e-06	  12	  1.16822e-06
38	  0.965468	  0.976187	  5.25652e-05	  5.21327e-06	  12	  1.76561e-06
39	  0.23416	  0	  0.000956871	  2.7535e-05	  12	  9.32541e-06
40	  0.25651	  0.408248	  0.000842148	  2.70321e-05	  24	  6.86952e-06
41	  0.314159	  0.666667	  0.00056581	  3.70482e-05	  24	  9.41485e-06
42	  0.391825	  0.801784	  0.000365623	  2.66634e-05	  24	  6.77581e-06
43	  0.479886	  0.872872	  0.000240238	  3.16581e-05	  24	  8.04508e-06
44	  0.573574	  0.912871	  0.000165194	  1.3982e-05	  24	  3.55317e-06
45	  0.670534	  0.937043	  0.000118025	  9.52843e-06	  24	  2.4214e-06
46	  0.76953	  0.952579	  8.72914e-05	  9.19479e-06	  24	  2.33662e-06
47	  0.869868	  0.963087	  6.64672e-05	  7.59272e-06	  24	  1.92949e-06
48	  0.971131	  0.970495	  5.18642e-05	  6.00023e-06	  24	  1.5248e-06
49	  0.296192	  0	  0.000623093	  1.56583e-05	  6	  7.17541e-06
50	  0.314159	  0.333333	  0.00056581	  2.02461e-05	  12	  6.85684e-06
51	  0.36276	  0.57735	  0.000422434	  1.73513e-05	  12	  5.87645e-06
52	  0.431771	  0.727607	  0.000298428	  2.20271e-05	  12	  7.46002e-06
53	  0.51302	  0.816497	  0.000209203	  1.96346e-05	  12	  6.64976e-06
54	  0.601569	  0.870388	  0.000149161	  1.47283e-05	  12	  4.98809e-06
55	  0.694632	  0.904534	  0.000109288	  1.45378e-05	  12	  4.92361e-06
56	  0.790617	  0.927173	  8.22162e-05	  7.63109e-06	  12	  2.58446e-06
57	  0.888577	  0.942809	  6.33722e-05	  6.2963e-06	  12	  2.1324e-06
58	  0.987924	  0.953998	  4.9893e-05	  3.09604e-06	  12	  1.04855e-06
59	  0.314159	  0	  0.00056581	  2.01855e-05	  6	  9.24998e-06
60	  0.331153	  0.316228	  0.000512389	  1.68347e-05	  12	  5.70148e-06
61	  0.377572	  0.5547	  0.000392702	  2.31401e-05	  12	  7.83698e-06
62	  0.444288	  0.707107	  0.000282116	  1.25746e-05	  12	  4.2587e-06
63	  0.523599	  0.8	  0.000200477	  1.8908e-05	  12	  6.40367e-06
64	  0.610616	  0.857493	  0.00014445	  7.47437e-06	  12	  2.53138e-06
65	  0.702481	  0.894427	  0.000106629	  8.93375e-06	  12	  3.02564e-06
66	  0.797522	  0.919145	  8.0644e-05	  8.12179e-06	  12	  2.75065e-06
67	  0.894726	  0.936329	  6.23818e-05	  3.87793e-06	  12	  1.31336e-06
68	  0.993459	  0.948683	  4.92701e-05	  5.11044e-06	  12	  1.73078e-06
69	  0.331153	  0	  0.000512389	  1.27288e-05	  12	  4.31093e-06
70	  0.347316	  0.301511	  0.000461525	  1.19657e-05	  24	  3.04078e-06
71	  0.391825	  0.534522	  0.000365623	  1.2396e-05	  24	  3.15013e-06
72	  0.456463	  0.688247	  0.00026716	  2.23838e-05	  24	  5.68827e-06
73	  0.533968	  0.784465	  0.000192286	  1.17223e-05	  24	  2.97891e-06
74	  0.61953	  0.845154	  0.000140033	  8.91995e-06	  24	  2.26677e-06
75	  0.710244	  0.884652	  0.000104113	  1.31841e-05	  24	  3.35041e-06
76	  0.804368	  0.911322	  7.91357e-05	  7.64937e-06	  24	  1.94389e-06
77	  0.900833	  0.929981	  6.14503e-05	  5.70554e-06	  24	  1.44992e-06
78	  0.998963	  0.943456	  4.86634e-05	  3.86899e-06	  24	  9.83205e-07
79	  0.377572	  0	  0.000392702	  1.06927e-05	  12	  3.62135e-06
80	  0.391825	  0.267261	  0.000365623	  8.07997e-06	  24	  2.05331e-06
81	  0.431771	  0.485071	  0.000298428	  1.43421e-05	  24	  3.64467e-06
82	  0.491179	  0.639602	  0.000228743	  9.90148e-06	  24	  2.51621e-06
83	  0.563933	  0.742781	  0.000171157	  1.32407e-05	  24	  3.36479e-06
84	  0.645536	  0.811107	  0.000128147	  1.08522e-05	  24	  2.7578e-06
85	  0.733038	  0.857143	  9.71158e-05	  9.43101e-06	  24	  2.39665e-06
86	  0.824564	  0.889001	  7.48811e-05	  4.32187e-06	  24	  1.09829e-06
87	  0.918912	  0.911685	  5.87657e-05	  6.18543e-06	  24	  1.57187e-06
88	  0.418879	  0	  0.000317111	  2.51784e-06	  6	  1.1538e-06
89	  0.431771	  0.242536	  0.000298428	  6.07509e-06	  12	  2.05748e-06
90	  0.468321	  0.447214	  0.000253118	  1.08426e-05	  12	  3.67211e-06
91	  0.523599	  0.6	  0.000200477	  1.02445e-05	  12	  3.46954e-06
92	  0.592384	  0.707107	  0.000154211	  4.63084e-06	  12	  1.56835e-06
93	  0.670534	  0.780869	  0.000118025	  1.06224e-05	  12	  3.59754e-06
94	  0.755145	  0.83205	  9.10016e-05	  6.31e-06	  12	  2.13704e-06
95	  0.844278	  0.868243	  7.10317e-05	  6.04682e-06	  12	  2.04791e-06
96	  0.936642	  0.894427	  5.6289e-05	  3.29847e-06	  12	  1.11711e-06
97	  0.431771	  0	  0.000298428	  5.9175e-06	  12	  2.00411e-06
98	  0.444288	  0.235702	  0.000282116	  3.61274e-06	  24	  9.18085e-07
99	  0.479886	  0.436436	  0.000240238	  1.2474e-05	  24	  3.16995e-06
100	  0.533968	  0.588348	  0.000192286	  6.72987e-06	  24	  1.71022e-06
101	  0.601569	  0.696311	  0.000149161	  6.13421e-06	  24	  1.55885e-06
102	  0.678662	  0.771517	  0.000114957	  5.76007e-06	  24	  1.46377e-06
103	  0.762371	  0.824163	  8.90872e-05	  8.74225e-06	  24	  2.22162e-06
104	  0.850747	  0.86164	  6.98511e-05	  7.24283e-06	  24	  1.84058e-06
105	  0.942478	  0.888889	  5.55114e-05	  6.02374e-06	  24	  1.53078e-06
106	  0.444288	  0	  0.000282116	  5.4177e-06	  6	  2.48265e-06
107	  0.456463	  0.229416	  0.00026716	  9.58684e-06	  12	  3.24683e-06
108	  0.491179	  0.426401	  0.000228743	  8.22207e-06	  12	  2.78461e-06
109	  0.54414	  0.57735	  0.000184652	  3.03412e-06	  12	  1.02758e-06
110	  0.610616	  0.685994	  0.00014445	  1.07e-05	  12	  3.62384e-06
111	  0.686693	  0.762493	  0.00011206	  6.75467e-06	  12	  2.28764e-06
112	  0.76953	  0.816497	  8.72914e-05	  5.96947e-06	  12	  2.02171e-06
113	  0.857168	  0.855186	  6.86794e-05	  3.44336e-06	  12	  1.16618e-06
114	  0.948278	  0.883452	  5.47385e-05	  2.7596e-06	  12	  9.34607e-07
115	  0.468321	  0	  0.000253118	  6.80944e-06	  12	  2.30619e-06
116	  0.479886	  0.218218	  0.000240238	  9.48672e-06	  24	  2.4108e-06
117	  0.51302	  0.408248	  0.000209203	  9.75037e-06	  24	  2.47781e-06
118	  0.563933	  0.557086	  0.000171157	  9.01138e-06	  24	  2.29001e-06
119	  0.628319	  0.666667	  0.000135839	  6.7461e-06	  24	  1.71435e-06
120	  0.702481	  0.745356	  0.000106629	  7.81475e-06	  24	  1.98592e-06
121	  0.783651	  0.801784	  8.38484e-05	  6.51696e-06	  24	  1.65612e-06
122	  0.869868	  0.842701	  6.64672e-05	  4.33201e-06	  24	  1.10087e-06
123	  0.959772	  0.872872	  5.32783e-05	  4.16191e-06	  24	  1.05764e-06
124	  0.523599	  0	  0.000200477	  4.78045e-06	  18	  1.36579e-06
125	  0.533968	  0.196116	  0.000192286	  4.56455e-06	  36	  9.88986e-07
126	  0.563933	  0.371391	  0.000171157	  4.43915e-06	  36	  9.61816e-07
127	  0.610616	  0.514496	  0.00014445	  5.25566e-06	  36	  1.13873e-06
128	  0.670534	  0.624695	  0.000118025	  5.54951e-06	  36	  1.20239e-06
129	  0.74048	  0.707107	  9.50147e-05	  5.90783e-06	  36	  1.28003e-06
130	  0.817887	  0.768221	  7.62607e-05	  5.10742e-06	  36	  1.10661e-06
131	  0.900833	  0.813733	  6.14503e-05	  4.64461e-06	  36	  1.00633e-06
132	  0.987924	  0.847998	  4.9893e-05	  3.92141e-06	  36	  8.4964e-07
133	  0.533968	  0	  0.000192286	  4.49205e-06	  12	  1.52135e-06
134	  0.54414	  0.19245	  0.000184652	  6.53925e-06	  24	  1.66178e-06
135	  0.573574	  0.365148	  0.000165194	  4.69828e-06	  24	  1.19395e-06
136	  0.61953	  0.507093	  0.000140033	  5.85232e-06	  24	  1.48721e-06
137	  0.678662	  0.617213	  0.000114957	  5.47165e-06	  24	  1.39048e-06
138	  0.747849	  0.70014	  9.29373e-05	  5.28585e-06	  24	  1.34326e-06
139	  0.824564	  0.762001	  7.48811e-05	  2.22433e-06	  24	  5.65256e-07
140	  0.9069	  0.80829	  6.0533e-05	  4.76675e-06	  24	  1.21135e-06
141	  0.993459	  0.843274	  4.92701e-05	  3.48801e-06	  24	  8.86387e-07
142	  0.563933	  0	  0.000171157	  1.92382e-06	  12	  6.51549e-07
143	  0.573574	  0.182574	  0.000165194	  3.80119e-06	  24	  9.65975e-07
144	  0.601569	  0.348155	  0.000149161	  4.74403e-06	  24	  1.20557e-06
145	  0.645536	  0.486664	  0.000128147	  5.49209e-06	  24	  1.39567e-06
146	  0.702481	  0.596285	  0.000106629	  5.60543e-06	  24	  1.42447e-06
147	  0.76953	  0.680414	  8.72914e-05	  3.2647e-06	  24	  8.29639e-07
148	  0.844278	  0.744208	  7.10317e-05	  5.33667e-06	  24	  1.35618e-06
149	  0.92486	  0.792594	  5.79216e-05	  4.17128e-06	  24	  1.06002e-06
150	  0.592384	  0	  0.000154211	  1.2861e-06	  6	  5.89355e-07
151	  0.601569	  0.174078	  0.000149161	  2.76351e-06	  12	  9.35933e-07
152	  0.628319	  0.333333	  0.000135839	  3.84155e-06	  12	  1.30104e-06
153	  0.670534	  0.468521	  0.000118025	  3.28956e-06	  12	  1.11409e-06
154	  0.72552	  0.57735	  9.93707e-05	  6.2073e-06	  12	  2.10226e-06
155	  0.790617	  0.662266	  8.22162e-05	  4.60643e-06	  12	  1.56008e-06
156	  0.863541	  0.727607	  6.75513e-05	  3.70837e-06	  12	  1.25593e-06
157	  0.942478	  0.777778	  5.55114e-05	  2.97555e-06	  12	  1.00774e-06
158	  0.610616	  0	  0.00014445	  2.96055e-06	  12	  1.00267e-06
159	  0.61953	  0.169031	  0.000140033	  3.3271e-06	  24	  8.45497e-07
160	  0.645536	  0.324443	  0.000128147	  4.06679e-06	  24	  1.03347e-06
161	  0.686693	  0.457496	  0.00011206	  4.32104e-06	  24	  1.09808e-06
162	  0.74048	  0.565685	  9.50147e-05	  3.87558e-06	  24	  9.84877e-07
163	  0.804368	  0.650945	  7.91357e-05	  5.05164e-06	  24	  1.28374e-06
164	  0.876148	  0.717137	  6.5391e-05	  4.49489e-06	  24	  1.14226e-06
165	  0.954042	  0.76835	  5.39956e-05	  3.57106e-06	  24	  9.07492e-07
166	  0.628319	  0	  0.000135839	  9.30242e-06	  6	  4.26282e-06
167	  0.636985	  0.164399	  0.000131856	  4.78627e-06	  12	  1.62099e-06
168	  0.662306	  0.316228	  0.000121199	  3.07663e-06	  12	  1.04198e-06
169	  0.702481	  0.447214	  0.000106629	  1.78131e-06	  12	  6.03285e-07
170	  0.755145	  0.5547	  9.10016e-05	  2.47099e-06	  12	  8.36864e-07
171	  0.817887	  0.640184	  7.62607e-05	  2.95315e-06	  12	  1.00016e-06
172	  0.888577	  0.707107	  6.33722e-05	  3.11409e-06	  12	  1.05467e-06
173	  0.965468	  0.759257	  5.25652e-05	  3.7673e-06	  12	  1.27589e-06
174	  0.636985	  0	  0.000131856	  4.71907e-06	  12	  1.59823e-06
175	  0.645536	  0.162221	  0.000128147	  2.50782e-06	  24	  6.37298e-07
176	  0.670534	  0.312348	  0.000118025	  2.7802e-06	  24	  7.06517e-07
177	  0.710244	  0.442326	  0.000104113	  3.77646e-06	  24	  9.5969e-07
178	  0.762371	  0.549442	  8.90872e-05	  4.8805e-06	  24	  1.24025e-06
179	  0.824564	  0.635001	  7.48811e-05	  2.43133e-06	  24	  6.17859e-07
180	  0.894726	  0.702247	  6.23818e-05	  2.53114e-06	  24	  6.43224e-07
181	  0.971131	  0.754829	  5.18642e-05	  3.24722e-06	  24	  8.25196e-07
182	  0.662306	  0	  0.000121199	  2.74949e-06	  12	  9.31184e-07
183	  0.670534	  0.156174	  0.000118025	  2.60679e-06	  24	  6.62449e-07
184	  0.694632	  0.301511	  0.000109288	  2.69954e-06	  24	  6.86019e-07
185	  0.733038	  0.428571	  9.71158e-05	  3.9227e-06	  24	  9.96852e-07
186	  0.783651	  0.534522	  8.38484e-05	  3.00636e-06	  24	  7.63988e-07
187	  0.844278	  0.620174	  7.10317e-05	  3.0428e-06	  24	  7.73249e-07
188	  0.912926	  0.688247	  5.96217e-05	  2.34867e-06	  24	  5.96855e-07
189	  0.987924	  0.741999	  4.9893e-05	  2.70155e-06	  24	  6.8653e-07
190	  0.670534	  0	  0.000118025	  3.17788e-06	  12	  1.07627e-06
191	  0.678662	  0.154303	  0.000114957	  2.28824e-06	  24	  5.81497e-07
192	  0.702481	  0.298142	  0.000106629	  3.57161e-06	  24	  9.07633e-07
193	  0.74048	  0.424264	  9.50147e-05	  2.91635e-06	  24	  7.41114e-07
194	  0.790617	  0.529813	  8.22162e-05	  3.06359e-06	  24	  7.78532e-07
195	  0.850747	  0.615457	  6.98511e-05	  2.24277e-06	  24	  5.69942e-07
196	  0.918912	  0.683763	  5.87657e-05	  3.48151e-06	  24	  8.84735e-07
197	  0.993459	  0.737865	  4.92701e-05	  2.90787e-06	  24	  7.38959e-07
198	  0.702481	  0	  0.000106629	  1.47887e-06	  12	  5.00855e-07
199	  0.710244	  0.147442	  0.000104113	  2.87602e-06	  24	  7.30866e-07
200	  0.733038	  0.285714	  9.71158e-05	  3.66744e-06	  24	  9.31984e-07
201	  0.76953	  0.408248	  8.72914e-05	  3.06246e-06	  24	  7.78244e-07
202	  0.817887	  0.512148	  7.62607e-05	  4.30321e-06	  24	  1.09355e-06
203	  0.876148	  0.597614	  6.5391e-05	  3.48374e-06	  24	  8.85302e-07
204	  0.942478	  0.666667	  5.55114e-05	  2.98158e-06	  24	  7.57692e-07
205	  0.733038	  0	  9.71158e-05	  2.17094e-06	  6	  9.94832e-07
206	  0.74048	  0.141421	  9.50147e-05	  2.22869e-06	  12	  7.54803e-07
207	  0.762371	  0.274721	  8.90872e-05	  2.02795e-06	  12	  6.86815e-07
208	  0.797522	  0.393919	  8.0644e-05	  2.71273e-06	  12	  9.18734e-07
209	  0.844278	  0.496139	  7.10317e-05	  3.26341e-06	  12	  1.10523e-06
210	  0.900833	  0.581238	  6.14503e-05	  3.43363e-06	  12	  1.16289e-06
211	  0.965468	  0.650791	  5.25652e-05	  2.8029e-06	  12	  9.49274e-07
212	  0.74048	  0	  9.50147e-05	  2.29009e-06	  18	  6.54285e-07
213	  0.747849	  0.140028	  9.29373e-05	  3.18985e-06	  36	  6.91135e-07
214	  0.76953	  0.272166	  8.72914e-05	  2.46521e-06	  36	  5.34129e-07
215	  0.804368	  0.390567	  7.91357e-05	  3.53984e-06	  36	  7.66965e-07
216	  0.850747	  0.492366	  6.98511e-05	  2.15706e-06	  36	  4.67363e-07
217	  0.9069	  0.57735	  6.0533e-05	  2.17279e-06	  36	  4.70772e-07
218	  0.971131	  0.646997	  5.18642e-05	  3.64671e-06	  36	  7.9012e-07
219	  0.755145	  0	  9.10016e-05	  1.50294e-06	  12	  5.09008e-07
220	  0.762371	  0.137361	  8.90872e-05	  2.96677e-06	  24	  7.53929e-07
221	  0.783651	  0.267261	  8.38484e-05	  2.59496e-06	  24	  6.59442e-07
222	  0.817887	  0.384111	  7.62607e-05	  2.84802e-06	  24	  7.23751e-07
223	  0.863541	  0.485071	  6.75513e-05	  1.60231e-06	  24	  4.07185e-07
224	  0.918912	  0.569803	  5.87657e-05	  2.48196e-06	  24	  6.30727e-07
225	  0.982358	  0.639602	  5.05463e-05	  2.00965e-06	  24	  5.107e-07
226	  0.762371	  0	  8.90872e-05	  1.2942e-06	  12	  4.38315e-07
227	  0.76953	  0.136083	  8.72914e-05	  3.01859e-06	  24	  7.67097e-07
228	  0.790617	  0.264906	  8.22162e-05	  2.09779e-06	  24	  5.33099e-07
229	  0.824564	  0.381	  7.48811e-05	  2.01358e-06	  24	  5.11699e-07
230	  0.869868	  0.481543	  6.64672e-05	  1.48736e-06	  24	  3.77975e-07
231	  0.92486	  0.566139	  5.79216e-05	  2.852e-06	  24	  7.24762e-07
232	  0.987924	  0.635999	  4.9893e-05	  2.20673e-06	  24	  5.60783e-07
233	  0.797522	  0	  8.0644e-05	  2.33876e-06	  12	  7.9208e-07
234	  0.804368	  0.130189	  7.91357e-05	  2.80085e-06	  24	  7.11763e-07
235	  0.824564	  0.254	  7.48811e-05	  1.76123e-06	  24	  4.4757e-07
236	  0.857168	  0.366508	  6.86794e-05	  2.23531e-06	  24	  5.68046e-07
237	  0.900833	  0.464991	  6.14503e-05	  2.11687e-06	  24	  5.37949e-07
238	  0.954042	  0.548821	  5.39956e-05	  2.41758e-06	  24	  6.14365e-07
239	  0.817887	  0	  7.62607e-05	  1.75797e-06	  12	  5.95382e-07
240	  0.824564	  0.127	  7.48811e-05	  1.69853e-06	  24	  4.31637e-07
241	  0.844278	  0.248069	  7.10317e-05	  1.89444e-06	  24	  4.81422e-07
242	  0.876148	  0.358569	  6.5391e-05	  2.4597e-06	  24	  6.25069e-07
243	  0.918912	  0.455842	  5.87657e-05	  2.18317e-06	  24	  5.54797e-07
244	  0.971131	  0.539164	  5.18642e-05	  2.66545e-06	  24	  6.77356e-07
245	  0.837758	  0	  7.2289e-05	  2.15266e-06	  6	  9.86451e-07
246	  0.844278	  0.124035	  7.10317e-05	  2.83896e-06	  12	  9.61486e-07
247	  0.863541	  0.242536	  6.75513e-05	  9.41897e-07	  12	  3.18997e-07
248	  0.894726	  0.351123	  6.23818e-05	  1.75805e-06	  12	  5.95408e-07
249	  0.936642	  0.447214	  5.6289e-05	  1.71603e-06	  12	  5.81178e-07
250	  0.987924	  0.529999	  4.9893e-05	  2.95647e-06	  12	  1.00128e-06
251	  0.844278	  0	  7.10317e-05	  2.44732e-06	  24	  6.21922e-07
252	  0.850747	  0.123091	  6.98511e-05	  2.03512e-06	  48	  3.955e-07
253	  0.869868	  0.240772	  6.64672e-05	  1.73858e-06	  48	  3.37872e-07
254	  0.900833	  0.348743	  6.14503e-05	  2.04866e-06	  48	  3.98131e-07
255	  0.942478	  0.444444	  5.55114e-05	  1.98692e-06	  48	  3.86134e-07
256	  0.993459	  0.527046	  4.92701e-05	  2.18912e-06	  48	  4.25428e-07
257	  0.863541	  0	  6.75513e-05	  1.05523e-06	  12	  3.57379e-07
258	  0.869868	  0.120386	  6.64672e-05	  1.74642e-06	  24	  4.43808e-07
259	  0.888577	  0.235702	  6.33722e-05	  1.74102e-06	  24	  4.42435e-07
260	  0.918912	  0.341882	  5.87657e-05	  1.93112e-06	  24	  4.90743e-07
261	  0.959772	  0.436436	  5.32783e-05	  1.87415e-06	  24	  4.76267e-07
262	  0.888577	  0	  6.33722e-05	  1.70835e-06	  6	  7.82847e-07
263	  0.894726	  0.117041	  6.23818e-05	  1.23442e-06	  12	  4.18067e-07
264	  0.912926	  0.229416	  5.96217e-05	  1.75725e-06	  12	  5.95137e-07
265	  0.942478	  0.333333	  5.55114e-05	  1.91571e-06	  12	  6.48804e-07
266	  0.982358	  0.426401	  5.05463e-05	  1.85741e-06	  12	  6.29059e-07
267	  0.894726	  0	  6.23818e-05	  1.29178e-06	  12	  4.37495e-07
268	  0.900833	  0.116248	  6.14503e-05	  1.60358e-06	  24	  4.07508e-07
269	  0.918912	  0.227921	  5.87657e-05	  1.89735e-06	  24	  4.82162e-07
270	  0.948278	  0.331295	  5.47385e-05	  1.89303e-06	  24	  4.81065e-07
271	  0.987924	  0.423999	  4.9893e-05	  1.61527e-06	  24	  4.1048e-07
272	  0.900833	  0	  6.14503e-05	  2.13108e-06	  12	  7.21743e-07
273	  0.9069	  0.11547	  6.0533e-05	  1.55521e-06	  24	  3.95215e-07
274	  0.92486	  0.226455	  5.79216e-05	  1.24819e-06	  24	  3.17195e-07
275	  0.954042	  0.329293	  5.39956e-05	  1.90631e-06	  24	  4.84441e-07
276	  0.993459	  0.421637	  4.92701e-05	  1.72091e-06	  24	  4.37325e-07
277	  0.936642	  0	  5.6289e-05	  1.11979e-06	  12	  3.79245e-07
278	  0.942478	  0.111111	  5.55114e-05	  1.62518e-06	  24	  4.12998e-07
279	  0.959772	  0.218218	  5.32783e-05	  1.36166e-06	  24	  3.4603e-07
280	  0.987924	  0.317999	  4.9893e-05	  1.33196e-06	  24	  3.38483e-07
281	  0.942478	  0	  5.55114e-05	  2.94831e-06	  6	  1.35106e-06
282	  0.948278	  0.110432	  5.47385e-05	  2.00017e-06	  12	  6.77408e-07
283	  0.965468	  0.21693	  5.25652e-05	  1.70307e-06	  12	  5.76786e-07
284	  0.993459	  0.316228	  4.92701e-05	  1.83178e-06	  12	  6.2038e-07
285	  0.948278	  0	  5.47385e-05	  1.82555e-06	  12	  6.1827e-07
286	  0.954042	  0.109764	  5.39956e-05	  1.33636e-06	  24	  3.396e-07
287	  0.971131	  0.215666	  5.18642e-05	  1.06511e-06	  24	  2.7067e-07
288	  0.998963	  0.314485	  4.86634e-05	  1.4677e-06	  24	  3.72978e-07
289	  0.965468	  0	  5.25652e-05	  1.25885e-06	  24	  3.19905e-07
290	  0.971131	  0.107833	  5.18642e-05	  1.50085e-06	  48	  2.91671e-07
291	  0.987924	  0.212	  4.9893e-05	  1.59678e-06	  48	  3.10313e-07
292	  0.987924	  0	  4.9893e-05	  1.41655e-06	  12	  4.7975e-07
293	  0.993459	  0.105409	  4.92701e-05	  1.47335e-06	  24	  3.74413e-07
294	  0.993459	  0	  4.92701e-05	  1.20974e-06	  12	  4.0971e-07
295	  0.998963	  0.104828	  4.86634e-05	  1.21658e-06	  24	  3.09162e-07
296	  1.08818	  0.030936	  4.0048e-05	  1.15462e-06	  138	  1.56018e-07
297	  1.08818	  0.0938307	  4.0048e-05	  1.06062e-06	  252	  1.19844e-07
298	  1.08818	  0.156319	  4.0048e-05	  9.5593e-07	  72	  1.60454e-07
299	  1.08818	  0.218712	  4.0048e-05	  1.07833e-06	  216	  1.27287e-07
300	  1.08818	  0.281224	  4.0048e-05	  1.27601e-06	  288	  1.3899e-07
301	  1.08818	  0.343807	  4.0048e-05	  1.20591e-06	  120	  1.7038e-07
302	  1.08818	  0.406302	  4.0048e-05	  1.67961e-06	  180	  2.09172e-07
303	  1.08818	  0.468745	  4.0048e-05	  1.62526e-06	  180	  2.02402e-07
304	  1.08818	  0.531226	  4.0048e-05	  1.814e-06	  192	  2.21615e-07
305	  1.08818	  0.593785	  4.0048e-05	  2.35472e-06	  192	  2.87674e-07
306	  1.08818	  0.656281	  4.0048e-05	  1.97614e-06	  168	  2.51269e-07
307	  1.08818	  0.718743	  4.0048e-05	  2.4943e-06	  228	  2.89904e-07
308	  1.08818	  0.781255	  4.0048e-05	  3.36485e-06	  144	  4.48646e-07
309	  1.08818	  0.843774	  4.0048e-05	  2.90365e-06	  240	  3.32613e-07
310	  1.08818	  0.90628	  4.0048e-05	  3.87246e-06	  168	  4.9239e-07
311	  1.08818	  0.968758	  4.0048e-05	  3.82088e-06	  150	  5.03017e-07
312	  1.25577	  0.030936	  2.88042e-05	  8.84836e-07	  198	  1.07124e-07
313	  1.25577	  0.0938307	  2.88042e-05	  9.07466e-07	  396	  9.09752e-08
314	  1.25577	  0.156319	  2.88042e-05	  8.70843e-07	  396	  8.73037e-08
315	  1.25577	  0.218712	  2.88042e-05	  8.26638e-07	  204	  9.92081e-08
316	  1.25577	  0.281224	  2.88042e-05	  9.79345e-07	  216	  1.15603e-07
317	  1.25577	  0.343807	  2.88042e-05	  9.74079e-07	  372	  9.92076e-08
318	  1.25577	  0.406302	  2.88042e-05	  1.1004e-06	  312	  1.17317e-07
319	  1.25577	  0.468745	  2.88042e-05	  1.10599e-06	  288	  1.20471e-07
320	  1.25577	  0.531226	  2.88042e-05	  1.46402e-06	  264	  1.63305e-07
321	  1.25577	  0.593785	  2.88042e-05	  1.35527e-06	  312	  1.4449e-07
322	  1.25577	  0.656281	  2.88042e-05	  1.51335e-06	  276	  1.66761e-07
323	  1.25577	  0.718743	  2.88042e-05	  1.69134e-06	  312	  1.8032e-07
324	  1.25577	  0.781255	  2.88042e-05	  1.948e-06	  276	  2.14656e-07
325	  1.25577	  0.843774	  2.88042e-05	  2.066e-06	  240	  2.3666e-07
326	  1.25577	  0.90628	  2.88042e-05	  2.36452e-06	  324	  2.49589e-07
327	  1.25577	  0.968758	  2.88042e-05	  2.68235e-06	  315	  2.85251e-07
328	  1.45182	  0.030936	  2.05474e-05	  6.15743e-07	  246	  7.00455e-08
329	  1.45182	  0.0938307	  2.05474e-05	  5.64891e-07	  516	  5.31125e-08
330	  1.45182	  0.156319	  2.05474e-05	  6.27966e-07	  504	  5.93701e-08
331	  1.45182	  0.218712	  2.05474e-05	  5.97526e-07	  528	  5.58803e-08
332	  1.45182	  0.281224	  2.05474e-05	  6.34622e-07	  504	  5.99994e-08
333	  1.45182	  0.343807	  2.05474e-05	  7.33971e-07	  384	  7.41538e-08
334	  1.45182	  0.406302	  2.05474e-05	  8.78177e-07	  420	  8.67595e-08
335	  1.45182	  0.468745	  2.05474e-05	  7.71028e-07	  468	  7.41922e-08
336	  1.45182	  0.531226	  2.05474e-05	  8.66263e-07	  480	  8.28524e-08
337	  1.45182	  0.593785	  2.05474e-05	  9.20809e-07	  468	  8.86048e-08
338	  1.45182	  0.656281	  2.05474e-05	  1.00395e-06	  396	  1.00648e-07
339	  1.45182	  0.718743	  2.05474e-05	  1.10488e-06	  456	  1.06985e-07
340	  1.45182	  0.781255	  2.05474e-05	  1.37617e-06	  432	  1.3502e-07
341	  1.45182	  0.843774	  2.05474e-05	  1.40353e-06	  480	  1.34239e-07
342	  1.45182	  0.90628	  2.05474e-05	  1.69619e-06	  480	  1.6223e-07
343	  1.45182	  0.968758	  2.05474e-05	  1.8158e-06	  414	  1.80031e-07
344	  1.68148	  0.030936	  1.45436e-05	  4.20849e-07	  798	  3.59403e-08
345	  1.68148	  0.0938307	  1.45436e-05	  4.76617e-07	  708	  4.17432e-08
346	  1.68148	  0.156319	  1.45436e-05	  4.33676e-07	  684	  3.82658e-08
347	  1.68148	  0.218712	  1.45436e-05	  4.77502e-07	  720	  4.16706e-08
348	  1.68148	  0.281224	  1.45436e-05	  4.84567e-07	  708	  4.24395e-08
349	  1.68148	  0.343807	  1.45436e-05	  5.09747e-07	  720	  4.44845e-08
350	  1.68148	  0.406302	  1.45436e-05	  5.52825e-07	  672	  4.89669e-08
351	  1.68148	  0.468745	  1.45436e-05	  6.29917e-07	  732	  5.47782e-08
352	  1.68148	  0.531226	  1.45436e-05	  6.50009e-07	  672	  5.75751e-08
353	  1.68148	  0.593785	  1.45436e-05	  6.66292e-07	  708	  5.83554e-08
354	  1.68148	  0.656281	  1.45436e-05	  6.99191e-07	  744	  6.05931e-08
355	  1.68148	  0.718743	  1.45436e-05	  8.77417e-07	  744	  7.60386e-08
356	  1.68148	  0.781255	  1.45436e-05	  9.39774e-07	  696	  8.26107e-08
357	  1.68148	  0.843774	  1.45436e-05	  9.92642e-07	  708	  8.69379e-08
358	  1.68148	  0.90628	  1.45436e-05	  1.10501e-06	  696	  9.71359e-08
359	  1.68148	  0.968758	  1.45436e-05	  1.19788e-06	  741	  1.039e-07
360	  1.94819	  0.030936	  1.02432e-05	  3.1257e-07	  1368	  2.40794e-08
361	  1.94819	  0.0938307	  1.02432e-05	  3.1155e-07	  924	  2.58267e-08
362	  1.94819	  0.156319	  1.02432e-05	  3.33139e-07	  972	  2.73424e-08
363	  1.94819	  0.218712	  1.02432e-05	  3.52545e-07	  972	  2.89351e-08
364	  1.94819	  0.281224	  1.02432e-05	  3.23738e-07	  1200	  2.55324e-08
365	  1.94819	  0.343807	  1.02432e-05	  3.46752e-07	  1140	  2.76075e-08
366	  1.94819	  0.406302	  1.02432e-05	  3.80433e-07	  1080	  3.05978e-08
367	  1.94819	  0.468745	  1.02432e-05	  4.25685e-07	  1068	  3.431e-08
368	  1.94819	  0.531226	  1.02432e-05	  4.07388e-07	  1164	  3.23102e-08
369	  1.94819	  0.593785	  1.02432e-05	  4.90651e-07	  1188	  3.87678e-08
370	  1.94819	  0.656281	  1.02432e-05	  4.96553e-07	  1068	  4.00219e-08
371	  1.94819	  0.718743	  1.02432e-05	  5.2596e-07	  1008	  4.28642e-08
372	  1.94819	  0.781255	  1.02432e-05	  5.9745e-07	  1164	  4.73841e-08
373	  1.94819	  0.843774	  1.02432e-05	  6.32504e-07	  1176	  5.00694e-08
374	  1.94819	  0.90628	  1.02432e-05	  6.84513e-07	  1080	  5.50547e-08
375	  1.94819	  0.968758	  1.02432e-05	  7.28754e-07	  1038	  5.90571e-08
376	  2.25604	  0.030936	  7.19976e-06	  2.30449e-07	  1896	  1.68149e-08
377	  2.25604	  0.0938307	  7.19976e-06	  2.33919e-07	  1272	  1.82547e-08
378	  2.25604	  0.156319	  7.19976e-06	  2.28172e-07	  2040	  1.64604e-08
379	  2.25604	  0.218712	  7.19976e-06	  2.431e-07	  1740	  1.79829e-08
380	  2.25604	  0.281224	  7.19976e-06	  2.46592e-07	  1584	  1.85254e-08
381	  2.25604	  0.343807	  7.19976e-06	  2.53546e-07	  1764	  1.87141e-08
382	  2.25604	  0.406302	  7.19976e-06	  2.65082e-07	  1632	  1.98158e-08
383	  2.25604	  0.468745	  7.19976e-06	  2.84313e-07	  1860	  2.0808e-08
384	  2.25604	  0.531226	  7.19976e-06	  3.04961e-07	  1560	  2.29692e-08
385	  2.25604	  0.593785	  7.19976e-06	  3.18328e-07	  1692	  2.36552e-08
386	  2.25604	  0.656281	  7.19976e-06	  3.5124e-07	  1704	  2.60708e-08
387	  2.25604	  0.718743	  7.19976e-06	  3.66746e-07	  1824	  2.69245e-08
388	  2.25604	  0.781255	  7.19976e-06	  3.90696e-07	  1668	  2.91011e-08
389	  2.25604	  0.843774	  7.19976e-06	  4.16869e-07	  1680	  3.1014e-08
390	  2.25604	  0.90628	  7.19976e-06	  4.49753e-07	  1776	  3.31598e-08
391	  2.25604	  0.968758	  7.19976e-06	  4.64887e-07	  1656	  3.46683e-08
392	  2.61216	  0.030936	  5.04692e-06	  1.7304e-07	  2586	  1.20548e-08
393	  2.61216	  0.0938307	  5.04692e-06	  1.6702e-07	  3036	  1.13822e-08
394	  2.61216	  0.156319	  5.04692e-06	  1.77299e-07	  2124	  1.2712e-08
395	  2.61216	  0.218712	  5.04692e-06	  1.69889e-07	  2940	  1.16277e-08
396	  2.61216	  0.281224	  5.04692e-06	  1.77048e-07	  2616	  1.23139e-08
397	  2.61216	  0.343807	  5.04692e-06	  1.85673e-07	  2448	  1.30364e-08
398	  2.61216	  0.406302	  5.04692e-06	  1.93944e-07	  2916	  1.32888e-08
399	  2.61216	  0.468745	  5.04692e-06	  1.99265e-07	  2544	  1.39139e-08
400	  2.61216	  0.531226	  5.04692e-06	  2.09242e-07	  2652	  1.45252e-08
401	  2.61216	  0.593785	  5.04692e-06	  2.1713e-07	  2748	  1.49985e-08
402	  2.61216	  0.656281	  5.04692e-06	  2.37467e-07	  2676	  1.64639e-08
403	  2.61216	  0.718743	  5.04692e-06	  2.33938e-07	  2472	  1.64021e-08
404	  2.61216	  0.781255	  5.04692e-06	  2.52042e-07	  2616	  1.75299e-08
405	  2.61216	  0.843774	  5.04692e-06	  2.58739e-07	  2736	  1.78835e-08
406	  2.61216	  0.90628	  5.04692e-06	  2.72144e-07	  2568	  1.89776e-08
407	  2.61216	  0.968758	  5.04692e-06	  2.75524e-07	  2745	  1.9035e-08
408	  3.02645	  0.030936	  3.52029e-06	  1.28286e-07	  3414	  8.6099e-09
409	  3.02645	  0.0938307	  3.52029e-06	  1.23981e-07	  4512	  8.04481e-09
410	  3.02645	  0.156319	  3.52029e-06	  1.22439e-07	  4632	  7.92098e-09
411	  3.02645	  0.218712	  3.52029e-06	  1.19992e-07	  3972	  7.90349e-09
412	  3.02645	  0.281224	  3.52029e-06	  1.2527e-07	  4176	  8.20201e-09
413	  3.02645	  0.343807	  3.52029e-06	  1.31916e-07	  4344	  8.59726e-09
414	  3.02645	  0.406302	  3.52029e-06	  1.36955e-07	  4044	  9.00142e-09
415	  3.02645	  0.468745	  3.52029e-06	  1.39934e-07	  4092	  9.18425e-09
416	  3.02645	  0.531226	  3.52029e-06	  1.50506e-07	  4296	  9.82154e-09
417	  3.02645	  0.593785	  3.52029e-06	  1.51471e-07	  3996	  9.96973e-09
418	  3.02645	  0.656281	  3.52029e-06	  1.55076e-07	  4188	  1.01501e-08
419	  3.02645	  0.718743	  3.52029e-06	  1.66285e-07	  4212	  1.08764e-08
420	  3.02645	  0.781255	  3.52029e-06	  1.6075e-07	  4140	  1.05359e-08
421	  3.02645	  0.843774	  3.52029e-06	  1.63525e-07	  4128	  1.07214e-08
422	  3.02645	  0.90628	  3.52029e-06	  1.6795e-07	  4188	  1.09928e-08
423	  3.02645	  0.968758	  3.52029e-06	  1.63565e-07	  4128	  1.0724e-08
424	  3.50419	  0.030936	  2.45325e-06	  9.02619e-08	  7002	  5.59178e-09
425	  3.50419	  0.0938307	  2.45325e-06	  9.06494e-08	  6240	  5.68002e-09
426	  3.50419	  0.156319	  2.45325e-06	  8.66326e-08	  5964	  5.45342e-09
427	  3.50419	  0.218712	  2.45325e-06	  8.96168e-08	  6180	  5.62081e-09
428	  3.50419	  0.281224	  2.45325e-06	  9.04614e-08	  6420	  5.65207e-09
429	  3.50419	  0.343807	  2.45325e-06	  9.24895e-08	  6516	  5.77026e-09
430	  3.50419	  0.406302	  2.45325e-06	  9.54195e-08	  6312	  5.97201e-09
431	  3.50419	  0.468745	  2.45325e-06	  1.00356e-07	  6276	  6.2846e-09
432	  3.50419	  0.531226	  2.45325e-06	  9.90025e-08	  6360	  6.19154e-09
433	  3.50419	  0.593785	  2.45325e-06	  1.00243e-07	  6408	  6.26443e-09
434	  3.50419	  0.656281	  2.45325e-06	  1.06911e-07	  6360	  6.68615e-09
435	  3.50419	  0.718743	  2.45325e-06	  1.0378e-07	  6336	  6.4928e-09
436	  3.50419	  0.781255	  2.45325e-06	  1.00108e-07	  6372	  6.25949e-09
437	  3.50419	  0.843774	  2.45325e-06	  1.05094e-07	  6456	  6.56266e-09
438	  3.50419	  0.90628	  2.45325e-06	  9.96063e-08	  6360	  6.2293e-09
439	  3.50419	  0.968758	  2.45325e-06	  9.43881e-08	  6327	  5.90604e-09
440	  4.05763	  0.030936	  1.70477e-06	  6.52496e-08	  10392	  3.90255e-09
441	  4.05763	  0.0938307	  1.70477e-06	  6.27837e-08	  9420	  3.78606e-09
442	  4.05763	  0.156319	  1.70477e-06	  6.41946e-08	  10176	  3.8461e-09
443	  4.05763	  0.218712	  1.70477e-06	  6.39628e-08	  10260	  3.82961e-09
444	  4.05763	  0.281224	  1.70477e-06	  6.15688e-08	  9528	  3.70919e-09
445	  4.05763	  0.343807	  1.70477e-06	  6.30951e-08	  10140	  3.78134e-09
446	  4.05763	  0.406302	  1.70477e-06	  6.61924e-08	  9960	  3.97287e-09
447	  4.05763	  0.468745	  1.70477e-06	  6.55745e-08	  10068	  3.93225e-09
448	  4.05763	  0.531226	  1.70477e-06	  6.75208e-08	  9996	  4.05138e-09
449	  4.05763	  0.593785	  1.70477e-06	  6.48609e-08	  9828	  3.89731e-09
450	  4.05763	  0.656281	  1.70477e-06	  6.43242e-08	  10032	  3.85843e-09
451	  4.05763	  0.718743	  1.70477e-06	  6.34582e-08	  9924	  3.80992e-09
452	  4.05763	  0.781255	  1.70477e-06	  6.08086e-08	  10116	  3.64502e-09
453	  4.05763	  0.843774	  1.70477e-06	  5.96991e-08	  9888	  3.58532e-09
454	  4.05763	  0.90628	  1.70477e-06	  5.74e-08	  10008	  3.44377e-09
455	  4.05763	  0.968758	  1.70477e-06	  5.21512e-08	  9978	  3.12965e-09
456	  4.69917	  0.030936	  1.18077e-06	  4.64426e-08	  13626	  2.71999e-09
457	  4.69917	  0.0938307	  1.18077e-06	  4.6273e-08	  16392	  2.67507e-09
458	  4.69917	  0.156319	  1.18077e-06	  4.5227e-08	  15708	  2.62221e-09
459	  4.69917	  0.218712	  1.18077e-06	  4.42583e-08	  15432	  2.56919e-09
460	  4.69917	  0.281224	  1.18077e-06	  4.33345e-08	  15780	  2.5117e-09
461	  4.69917	  0.343807	  1.18077e-06	  4.36283e-08	  15300	  2.53413e-09
462	  4.69917	  0.406302	  1.18077e-06	  4.26675e-08	  15588	  2.47512e-09
463	  4.69917	  0.468745	  1.18077e-06	  4.316e-08	  15396	  2.50584e-09
464	  4.69917	  0.531226	  1.18077e-06	  4.2599e-08	  15504	  2.47207e-09
465	  4.69917	  0.593785	  1.18077e-06	  4.10321e-08	  15660	  2.37949e-09
466	  4.69917	  0.656281	  1.18077e-06	  3.91996e-08	  15192	  2.27801e-09
467	  4.69917	  0.718743	  1.18077e-06	  3.81733e-08	  15600	  2.2143e-09
468	  4.69917	  0.781255	  1.18077e-06	  3.63432e-08	  15216	  2.11179e-09
469	  4.69917	  0.843774	  1.18077e-06	  3.39302e-08	  15516	  1.9689e-09
470	  4.69917	  0.90628	  1.18077e-06	  3.10306e-08	  15540	  1.80045e-09
471	  4.69917	  0.968758	  1.18077e-06	  2.84669e-08	  15405	  1.6527e-09
472	  5.4432	  0.030936	  8.15755e-07	  3.32266e-08	  26250	  1.86641e-09
473	  5.4432	  0.0938307	  8.15755e-07	  3.24278e-08	  22392	  1.83809e-09
474	  5.4432	  0.156319	  8.15755e-07	  3.16536e-08	  24516	  1.78484e-09
475	  5.4432	  0.218712	  8.15755e-07	  3.04704e-08	  23592	  1.7219e-09
476	  5.4432	  0.281224	  8.15755e-07	  2.99914e-08	  24264	  1.69211e-09
477	  5.4432	  0.343807	  8.15755e-07	  2.92916e-08	  23928	  1.65394e-09
478	  5.4432	  0.406302	  8.15755e-07	  2.812e-08	  24120	  1.58706e-09
479	  5.4432	  0.468745	  8.15755e-07	  2.69298e-08	  23964	  1.52045e-09
480	  5.4432	  0.531226	  8.15755e-07	  2.62121e-08	  24060	  1.47959e-09
481	  5.4432	  0.593785	  8.15755e-07	  2.48327e-08	  24108	  1.40157e-09
482	  5.4432	  0.656281	  8.15755e-07	  2.32153e-08	  24228	  1.30992e-09
483	  5.4432	  0.718743	  8.15755e-07	  2.18309e-08	  24144	  1.23204e-09
484	  5.4432	  0.781255	  8.15755e-07	  1.98522e-08	  23940	  1.12092e-09
485	  5.4432	  0.843774	  8.15755e-07	  1.77558e-08	  24192	  1.00195e-09
486	  5.4432	  0.90628	  8.15755e-07	  1.62902e-08	  23988	  9.19691e-10
487	  5.4432	  0.968758	  8.15755e-07	  1.43156e-08	  24141	  8.07916e-10
488	  6.30378	  0.030936	  5.62645e-07	  2.33894e-08	  35082	  1.29435e-09
489	  6.30378	  0.0938307	  5.62645e-07	  2.24931e-08	  39108	  1.2384e-09
490	  6.30378	  0.156319	  5.62645e-07	  2.16998e-08	  36924	  1.19792e-09
491	  6.30378	  0.218712	  5.62645e-07	  2.08452e-08	  37692	  1.14963e-09
492	  6.30378	  0.281224	  5.62645e-07	  1.95364e-08	  37092	  1.07826e-09
493	  6.30378	  0.343807	  5.62645e-07	  1.90493e-08	  37536	  1.05079e-09
494	  6.30378	  0.406302	  5.62645e-07	  1.78322e-08	  36984	  9.84336e-10
495	  6.30378	  0.468745	  5.62645e-07	  1.67361e-08	  37428	  9.23315e-10
496	  6.30378	  0.531226	  5.62645e-07	  1.54194e-08	  37392	  8.50712e-10
497	  6.30378	  0.593785	  5.62645e-07	  1.41789e-08	  37200	  7.82459e-10
498	  6.30378	  0.656281	  5.62645e-07	  1.28909e-08	  36924	  7.1163e-10
499	  6.30378	  0.718743	  5.62645e-07	  1.16128e-08	  37272	  6.40791e-10
500	  6.30378	  0.781255	  5.62645e-07	  1.01408e-08	  37284	  5.59557e-10
501	  6.30378	  0.843774	  5.62645e-07	  8.96993e-09	  37188	  4.95011e-10
502	  6.30378	  0.90628	  5.62645e-07	  7.81126e-09	  37320	  4.30997e-10
503	  6.30378	  0.968758	  5.62645e-07	  6.60659e-09	  37119	  3.6462e-10
504	  7.30029	  0.030936	  3.87106e-07	  1.60101e-08	  60258	  8.65724e-10
505	  7.30029	  0.0938307	  3.87106e-07	  1.53342e-08	  56916	  8.30987e-10
506	  7.30029	  0.156319	  3.87106e-07	  1.45705e-08	  56820	  7.89651e-10
507	  7.30029	  0.218712	  3.87106e-07	  1.36982e-08	  58716	  7.41441e-10
508	  7.30029	  0.281224	  3.87106e-07	  1.27147e-08	  57840	  6.88603e-10
509	  7.30029	  0.343807	  3.87106e-07	  1.1662e-08	  57612	  6.31685e-10
510	  7.30029	  0.406302	  3.87106e-07	  1.07535e-08	  58464	  5.82148e-10
511	  7.30029	  0.468745	  3.87106e-07	  9.71507e-09	  57948	  5.26111e-10
512	  7.30029	  0.531226	  3.87106e-07	  8.73376e-09	  57708	  4.73045e-10
513	  7.30029	  0.593785	  3.87106e-07	  7.59605e-09	  58236	  4.11279e-10
514	  7.30029	  0.656281	  3.87106e-07	  6.63155e-09	  58008	  3.59112e-10
515	  7.30029	  0.718743	  3.87106e-07	  5.73951e-09	  58200	  3.10766e-10
516	  7.30029	  0.781255	  3.87106e-07	  4.82124e-09	  58128	  2.61059e-10
517	  7.30029	  0.843774	  3.87106e-07	  4.09453e-09	  57972	  2.21732e-10
518	  7.30029	  0.90628	  3.87106e-07	  3.39485e-09	  57960	  1.83844e-10
519	  7.30029	  0.968758	  3.87106e-07	  2.79019e-09	  58122	  1.51083e-10
520	  8.455	  0.030936	  2.65864e-07	  1.06687e-08	  90198	  5.68956e-10
521	  8.455	  0.0938307	  2.65864e-07	  1.01942e-08	  89292	  5.43825e-10
522	  8.455	  0.156319	  2.65864e-07	  9.55639e-09	  90804	  5.09533e-10
523	  8.455	  0.218712	  2.65864e-07	  8.6224e-09	  89628	  4.59921e-10
524	  8.455	  0.281224	  2.65864e-07	  7.81799e-09	  89844	  4.16982e-10
525	  8.455	  0.343807	  2.65864e-07	  6.96936e-09	  90636	  3.71618e-10
526	  8.455	  0.406302	  2.65864e-07	  6.10602e-09	  89628	  3.25697e-10
527	  8.455	  0.468745	  2.65864e-07	  5.24632e-09	  89772	  2.79826e-10
528	  8.455	  0.531226	  2.65864e-07	  4.52096e-09	  90324	  2.41091e-10
529	  8.455	  0.593785	  2.65864e-07	  3.77008e-09	  89784	  2.01086e-10
530	  8.455	  0.656281	  2.65864e-07	  3.10702e-09	  90216	  1.65696e-10
531	  8.455	  0.718743	  2.65864e-07	  2.58366e-09	  89796	  1.37805e-10
532	  8.455	  0.781255	  2.65864e-07	  2.10547e-09	  90120	  1.12287e-10
533	  8.455	  0.843774	  2.65864e-07	  1.70199e-09	  90132	  9.07686e-11
534	  8.455	  0.90628	  2.65864e-07	  1.37895e-09	  89916	  7.35464e-11
535	  8.455	  0.968758	  2.65864e-07	  1.07716e-09	  89964	  5.74491e-11
536	  9.79129	  0.030936	  1.82229e-07	  6.94503e-09	  139068	  3.65875e-10
537	  9.79129	  0.0938307	  1.82229e-07	  6.51513e-09	  141180	  3.43096e-10
538	  9.79129	  0.156319	  1.82229e-07	  5.95586e-09	  139380	  3.13746e-10
539	  9.79129	  0.218712	  1.82229e-07	  5.25272e-09	  138804	  2.76735e-10
540	  9.79129	  0.281224	  1.82229e-07	  4.5598e-09	  140952	  2.40135e-10
541	  9.79129	  0.343807	  1.82229e-07	  3.84267e-09	  139668	  2.02416e-10
542	  9.79129	  0.406302	  1.82229e-07	  3.20369e-09	  139464	  1.68763e-10
543	  9.79129	  0.468745	  1.82229e-07	  2.61927e-09	  139812	  1.37968e-10
544	  9.79129	  0.531226	  1.82229e-07	  2.11739e-09	  139884	  1.11531e-10
545	  9.79129	  0.593785	  1.82229e-07	  1.69864e-09	  140184	  8.94686e-11
546	  9.79129	  0.656281	  1.82229e-07	  1.3495e-09	  139404	  7.10896e-11
547	  9.79129	  0.718743	  1.82229e-07	  1.07466e-09	  139932	  5.66059e-11
548	  9.79129	  0.781255	  1.82229e-07	  8.46875e-10	  139980	  4.46073e-11
549	  9.79129	  0.843774	  1.82229e-07	  6.60892e-10	  139632	  3.48132e-11
550	  9.79129	  0.90628	  1.82229e-07	  5.12137e-10	  140088	  2.69752e-11
551	  9.79129	  0.968758	  1.82229e-07	  3.81086e-10	  139623	  2.00742e-11
