#n	   k	      mu	    PL	    Pf	     w	     err  
0	  0.10472	  1	  0.00337336	  0.000537495	  3	  0.000337198
1	  0.20944	  1	  0.00118523	  0.000149014	  3	  9.34837e-05
2	  0.314159	  1	  0.000541544	  0.000141325	  3	  8.86603e-05
3	  0.418879	  1	  0.000303979	  2.63526e-05	  3	  1.65323e-05
4	  0.523599	  1	  0.000190456	  8.04345e-06	  3	  5.04606e-06
5	  0.628319	  1	  0.000128324	  3.80093e-05	  3	  2.38451e-05
6	  0.733038	  1	  9.13892e-05	  1.83479e-05	  3	  1.15106e-05
7	  0.837758	  1	  6.77334e-05	  1.52709e-05	  3	  9.58021e-06
8	  0.942478	  1	  5.17837e-05	  2.25164e-06	  3	  1.41257e-06
9	  0.10472	  0	  0.00337336	  8.78696e-05	  6	  4.02661e-05
10	  0.148096	  0.707107	  0.00214369	  0.000127189	  12	  4.30757e-05
11	  0.23416	  0.894427	  0.000929148	  0.000154989	  12	  5.24909e-05
12	  0.331153	  0.948683	  0.000492723	  6.20792e-05	  12	  2.10247e-05
13	  0.431771	  0.970143	  0.000285165	  3.20623e-05	  12	  1.08587e-05
14	  0.533968	  0.980581	  0.000182562	  2.22866e-05	  12	  7.54791e-06
15	  0.636985	  0.986394	  0.0001246	  1.29135e-05	  12	  4.37349e-06
16	  0.74048	  0.989949	  8.93161e-05	  1.69794e-05	  12	  5.75051e-06
17	  0.844278	  0.992278	  6.65372e-05	  8.30464e-06	  12	  2.81257e-06
18	  0.948278	  0.993884	  5.10869e-05	  8.06276e-06	  12	  2.73066e-06
19	  0.148096	  0	  0.00214369	  4.75587e-05	  6	  2.17937e-05
20	  0.18138	  0.57735	  0.00147854	  6.5782e-05	  12	  2.22787e-05
21	  0.25651	  0.816497	  0.000808954	  7.31179e-05	  12	  2.47632e-05
22	  0.347316	  0.904534	  0.000445552	  4.24284e-05	  12	  1.43695e-05
23	  0.444288	  0.942809	  0.000268995	  2.86691e-05	  12	  9.7095e-06
24	  0.54414	  0.96225	  0.000175401	  2.33299e-05	  12	  7.90126e-06
25	  0.645536	  0.973329	  0.000121008	  1.47005e-05	  12	  4.9787e-06
26	  0.747849	  0.980196	  8.73604e-05	  9.34619e-06	  12	  3.16532e-06
27	  0.850747	  0.984732	  6.53547e-05	  1.06429e-05	  12	  3.60447e-06
28	  0.954042	  0.987878	  5.03943e-05	  8.07334e-06	  12	  2.73424e-06
29	  0.20944	  0	  0.00118523	  2.8883e-05	  6	  1.32356e-05
30	  0.23416	  0.447214	  0.000929148	  4.75326e-05	  12	  1.60981e-05
31	  0.296192	  0.707107	  0.000602839	  5.7284e-05	  12	  1.94007e-05
32	  0.377572	  0.83205	  0.000375464	  3.86581e-05	  12	  1.30925e-05
33	  0.468321	  0.894427	  0.000241325	  3.15833e-05	  12	  1.06965e-05
34	  0.563933	  0.928477	  0.000162345	  1.15167e-05	  12	  3.90043e-06
35	  0.662306	  0.948683	  0.000114406	  1.16298e-05	  12	  3.93871e-06
36	  0.762371	  0.961524	  8.37153e-05	  1.23712e-05	  12	  4.18983e-06
37	  0.863541	  0.970143	  6.32417e-05	  3.33504e-06	  12	  1.12949e-06
38	  0.965468	  0.976187	  4.90214e-05	  5.16488e-06	  12	  1.74922e-06
39	  0.23416	  0	  0.000929148	  2.96689e-05	  12	  1.00481e-05
40	  0.25651	  0.408248	  0.000808954	  2.88081e-05	  24	  7.32083e-06
41	  0.314159	  0.666667	  0.000541544	  3.95767e-05	  24	  1.00574e-05
42	  0.391825	  0.801784	  0.000349651	  2.86576e-05	  24	  7.28259e-06
43	  0.479886	  0.872872	  0.000229069	  3.32674e-05	  24	  8.45406e-06
44	  0.573574	  0.912871	  0.000156465	  1.50875e-05	  24	  3.83411e-06
45	  0.670534	  0.937043	  0.000111285	  9.62671e-06	  24	  2.44638e-06
46	  0.76953	  0.952579	  8.19185e-05	  9.53749e-06	  24	  2.42371e-06
47	  0.869868	  0.963087	  6.21968e-05	  7.66891e-06	  24	  1.94885e-06
48	  0.971131	  0.970495	  4.83411e-05	  6.37082e-06	  24	  1.61898e-06
49	  0.296192	  0	  0.000602839	  1.69553e-05	  6	  7.76973e-06
50	  0.314159	  0.333333	  0.000541544	  2.15603e-05	  12	  7.30194e-06
51	  0.36276	  0.57735	  0.000406132	  1.84193e-05	  12	  6.23815e-06
52	  0.431771	  0.727607	  0.000285165	  2.43513e-05	  12	  8.24719e-06
53	  0.51302	  0.816497	  0.000198765	  2.01773e-05	  12	  6.83356e-06
54	  0.601569	  0.870388	  0.00014121	  1.55774e-05	  12	  5.27567e-06
55	  0.694632	  0.904534	  0.000102908	  1.61148e-05	  12	  5.45767e-06
56	  0.790617	  0.927173	  7.7144e-05	  8.63501e-06	  12	  2.92446e-06
57	  0.888577	  0.942809	  5.92597e-05	  6.77249e-06	  12	  2.29367e-06
58	  0.987924	  0.953998	  4.65162e-05	  3.25749e-06	  12	  1.10323e-06
59	  0.314159	  0	  0.000541544	  2.17356e-05	  6	  9.96029e-06
60	  0.331153	  0.316228	  0.000492723	  1.80516e-05	  12	  6.11361e-06
61	  0.377572	  0.5547	  0.000375464	  2.5089e-05	  12	  8.49702e-06
62	  0.444288	  0.707107	  0.000268995	  1.35999e-05	  12	  4.60596e-06
63	  0.523599	  0.8	  0.000190456	  2.01887e-05	  12	  6.83742e-06
64	  0.610616	  0.857493	  0.000136604	  8.09903e-06	  12	  2.74294e-06
65	  0.702481	  0.894427	  0.000100427	  9.65089e-06	  12	  3.26852e-06
66	  0.797522	  0.919145	  7.56233e-05	  8.39178e-06	  12	  2.84209e-06
67	  0.894726	  0.936329	  5.83458e-05	  4.47377e-06	  12	  1.51515e-06
68	  0.993459	  0.948683	  4.59175e-05	  5.46225e-06	  12	  1.84993e-06
69	  0.331153	  0	  0.000492723	  1.36733e-05	  12	  4.63081e-06
70	  0.347316	  0.301511	  0.000445552	  1.26621e-05	  24	  3.21773e-06
71	  0.391825	  0.534522	  0.000349651	  1.28305e-05	  24	  3.26055e-06
72	  0.456463	  0.688247	  0.0002546	  2.43094e-05	  24	  6.1776e-06
73	  0.533968	  0.784465	  0.000182562	  1.30532e-05	  24	  3.31713e-06
74	  0.61953	  0.845154	  0.000132434	  9.19562e-06	  24	  2.33683e-06
75	  0.710244	  0.884652	  9.80305e-05	  1.47722e-05	  24	  3.75398e-06
76	  0.804368	  0.911322	  7.42288e-05	  7.82322e-06	  24	  1.98807e-06
77	  0.900833	  0.929981	  5.74381e-05	  6.00618e-06	  24	  1.52632e-06
78	  0.998963	  0.943456	  4.53221e-05	  4.05621e-06	  24	  1.03078e-06
79	  0.377572	  0	  0.000375464	  1.15128e-05	  12	  3.8991e-06
80	  0.391825	  0.267261	  0.000349651	  8.45931e-06	  24	  2.14971e-06
81	  0.431771	  0.485071	  0.000285165	  1.56511e-05	  24	  3.97733e-06
82	  0.491179	  0.639602	  0.000218013	  1.05499e-05	  24	  2.68099e-06
83	  0.563933	  0.742781	  0.000162345	  1.42476e-05	  24	  3.62067e-06
84	  0.645536	  0.811107	  0.000121008	  1.17649e-05	  24	  2.98974e-06
85	  0.733038	  0.857143	  9.13892e-05	  1.00667e-05	  24	  2.55819e-06
86	  0.824564	  0.889001	  7.01542e-05	  4.85074e-06	  24	  1.23269e-06
87	  0.918912	  0.911685	  5.48981e-05	  6.85151e-06	  24	  1.74114e-06
88	  0.418879	  0	  0.000303979	  2.6136e-06	  6	  1.19768e-06
89	  0.431771	  0.242536	  0.000285165	  6.25149e-06	  12	  2.11723e-06
90	  0.468321	  0.447214	  0.000241325	  1.18929e-05	  12	  4.02782e-06
91	  0.523599	  0.6	  0.000190456	  1.07458e-05	  12	  3.63933e-06
92	  0.592384	  0.707107	  0.000145945	  4.86407e-06	  12	  1.64734e-06
93	  0.670534	  0.780869	  0.000111285	  1.12608e-05	  12	  3.81376e-06
94	  0.755145	  0.83205	  8.55291e-05	  6.68103e-06	  12	  2.2627e-06
95	  0.844278	  0.868243	  6.65372e-05	  6.53248e-06	  12	  2.21239e-06
96	  0.936642	  0.894427	  5.25294e-05	  3.33848e-06	  12	  1.13066e-06
97	  0.431771	  0	  0.000285165	  6.08726e-06	  12	  2.0616e-06
98	  0.444288	  0.235702	  0.000268995	  4.02651e-06	  24	  1.02323e-06
99	  0.479886	  0.436436	  0.000229069	  1.32499e-05	  24	  3.36711e-06
100	  0.533968	  0.588348	  0.000182562	  7.24997e-06	  24	  1.84239e-06
101	  0.601569	  0.696311	  0.00014121	  6.78903e-06	  24	  1.72526e-06
102	  0.678662	  0.771517	  0.000108388	  5.92541e-06	  24	  1.50579e-06
103	  0.762371	  0.824163	  8.37153e-05	  9.09963e-06	  24	  2.31244e-06
104	  0.850747	  0.86164	  6.53547e-05	  7.60383e-06	  24	  1.93232e-06
105	  0.942478	  0.888889	  5.17837e-05	  6.20482e-06	  24	  1.5768e-06
106	  0.444288	  0	  0.000268995	  5.80934e-06	  6	  2.66212e-06
107	  0.456463	  0.229416	  0.0002546	  1.05728e-05	  12	  3.58073e-06
108	  0.491179	  0.426401	  0.000218013	  8.76544e-06	  12	  2.96864e-06
109	  0.54414	  0.57735	  0.000175401	  3.09674e-06	  12	  1.04879e-06
110	  0.610616	  0.685994	  0.000136604	  1.08046e-05	  12	  3.65925e-06
111	  0.686693	  0.762493	  0.000105632	  7.09593e-06	  12	  2.40321e-06
112	  0.76953	  0.816497	  8.19185e-05	  6.57187e-06	  12	  2.22573e-06
113	  0.857168	  0.855186	  6.42942e-05	  3.85641e-06	  12	  1.30607e-06
114	  0.948278	  0.883452	  5.10869e-05	  2.84785e-06	  12	  9.64497e-07
115	  0.468321	  0	  0.000241325	  7.38318e-06	  12	  2.5005e-06
116	  0.479886	  0.218218	  0.000229069	  1.01801e-05	  24	  2.58702e-06
117	  0.51302	  0.408248	  0.000198765	  1.0181e-05	  24	  2.58723e-06
118	  0.563933	  0.557086	  0.000162345	  9.73769e-06	  24	  2.47458e-06
119	  0.628319	  0.666667	  0.000128324	  7.60449e-06	  24	  1.93248e-06
120	  0.702481	  0.745356	  0.000100427	  8.16528e-06	  24	  2.07499e-06
121	  0.783651	  0.801784	  7.87209e-05	  6.97746e-06	  24	  1.77314e-06
122	  0.869868	  0.842701	  6.21968e-05	  4.78011e-06	  24	  1.21474e-06
123	  0.959772	  0.872872	  4.97058e-05	  4.32282e-06	  24	  1.09853e-06
124	  0.523599	  0	  0.000190456	  5.1166e-06	  18	  1.46182e-06
125	  0.533968	  0.196116	  0.000182562	  4.94415e-06	  36	  1.07123e-06
126	  0.563933	  0.371391	  0.000162345	  4.635e-06	  36	  1.00425e-06
127	  0.610616	  0.514496	  0.000136604	  5.55007e-06	  36	  1.20252e-06
128	  0.670534	  0.624695	  0.000111285	  5.80317e-06	  36	  1.25735e-06
129	  0.74048	  0.707107	  8.93161e-05	  6.37003e-06	  36	  1.38017e-06
130	  0.817887	  0.768221	  7.14749e-05	  5.33066e-06	  36	  1.15498e-06
131	  0.900833	  0.813733	  5.74381e-05	  4.62212e-06	  36	  1.00146e-06
132	  0.987924	  0.847998	  4.65162e-05	  4.1112e-06	  36	  8.90759e-07
133	  0.533968	  0	  0.000182562	  4.83428e-06	  12	  1.63725e-06
134	  0.54414	  0.19245	  0.000175401	  6.8437e-06	  24	  1.73915e-06
135	  0.573574	  0.365148	  0.000156465	  4.82604e-06	  24	  1.22641e-06
136	  0.61953	  0.507093	  0.000132434	  6.11629e-06	  24	  1.5543e-06
137	  0.678662	  0.617213	  0.000108388	  5.89193e-06	  24	  1.49728e-06
138	  0.747849	  0.70014	  8.73604e-05	  5.51965e-06	  24	  1.40268e-06
139	  0.824564	  0.762001	  7.01542e-05	  2.29562e-06	  24	  5.83372e-07
140	  0.9069	  0.80829	  5.65364e-05	  5.0516e-06	  24	  1.28373e-06
141	  0.993459	  0.843274	  4.59175e-05	  3.75175e-06	  24	  9.53409e-07
142	  0.563933	  0	  0.000162345	  1.99789e-06	  12	  6.76634e-07
143	  0.573574	  0.182574	  0.000156465	  3.94642e-06	  24	  1.00288e-06
144	  0.601569	  0.348155	  0.00014121	  5.18963e-06	  24	  1.31881e-06
145	  0.645536	  0.486664	  0.000121008	  5.77952e-06	  24	  1.46871e-06
146	  0.702481	  0.596285	  0.000100427	  6.17098e-06	  24	  1.5682e-06
147	  0.76953	  0.680414	  8.19185e-05	  3.52929e-06	  24	  8.96878e-07
148	  0.844278	  0.744208	  6.65372e-05	  5.81243e-06	  24	  1.47708e-06
149	  0.92486	  0.792594	  5.41035e-05	  4.32711e-06	  24	  1.09962e-06
150	  0.592384	  0	  0.000145945	  1.33627e-06	  6	  6.12343e-07
151	  0.601569	  0.174078	  0.00014121	  2.92349e-06	  12	  9.90113e-07
152	  0.628319	  0.333333	  0.000128324	  4.16964e-06	  12	  1.41215e-06
153	  0.670534	  0.468521	  0.000111285	  3.50803e-06	  12	  1.18808e-06
154	  0.72552	  0.57735	  9.34835e-05	  6.61205e-06	  12	  2.23934e-06
155	  0.790617	  0.662266	  7.7144e-05	  4.78421e-06	  12	  1.62029e-06
156	  0.863541	  0.727607	  6.32417e-05	  4.00276e-06	  12	  1.35563e-06
157	  0.942478	  0.777778	  5.17837e-05	  3.11009e-06	  12	  1.05331e-06
158	  0.610616	  0	  0.000136604	  3.28631e-06	  12	  1.11299e-06
159	  0.61953	  0.169031	  0.000132434	  3.57692e-06	  24	  9.08982e-07
160	  0.645536	  0.324443	  0.000121008	  4.27822e-06	  24	  1.0872e-06
161	  0.686693	  0.457496	  0.000105632	  4.54855e-06	  24	  1.1559e-06
162	  0.74048	  0.565685	  8.93161e-05	  4.07835e-06	  24	  1.03641e-06
163	  0.804368	  0.650945	  7.42288e-05	  5.27505e-06	  24	  1.34052e-06
164	  0.876148	  0.717137	  6.11595e-05	  4.50076e-06	  24	  1.14375e-06
165	  0.954042	  0.76835	  5.03943e-05	  3.66235e-06	  24	  9.30693e-07
166	  0.628319	  0	  0.000128324	  9.81727e-06	  6	  4.49875e-06
167	  0.636985	  0.164399	  0.0001246	  5.23569e-06	  12	  1.7732e-06
168	  0.662306	  0.316228	  0.000114406	  3.13214e-06	  12	  1.06078e-06
169	  0.702481	  0.447214	  0.000100427	  1.75764e-06	  12	  5.9527e-07
170	  0.755145	  0.5547	  8.55291e-05	  2.48797e-06	  12	  8.42613e-07
171	  0.817887	  0.640184	  7.14749e-05	  3.0137e-06	  12	  1.02067e-06
172	  0.888577	  0.707107	  5.92597e-05	  3.37619e-06	  12	  1.14343e-06
173	  0.965468	  0.759257	  4.90214e-05	  4.1377e-06	  12	  1.40134e-06
174	  0.636985	  0	  0.0001246	  5.18118e-06	  12	  1.75474e-06
175	  0.645536	  0.162221	  0.000121008	  2.74072e-06	  24	  6.96483e-07
176	  0.670534	  0.312348	  0.000111285	  2.89458e-06	  24	  7.35582e-07
177	  0.710244	  0.442326	  9.80305e-05	  3.94997e-06	  24	  1.00378e-06
178	  0.762371	  0.549442	  8.37153e-05	  5.09055e-06	  24	  1.29363e-06
179	  0.824564	  0.635001	  7.01542e-05	  2.51316e-06	  24	  6.38655e-07
180	  0.894726	  0.702247	  5.83458e-05	  2.58378e-06	  24	  6.56601e-07
181	  0.971131	  0.754829	  4.83411e-05	  3.2162e-06	  24	  8.17314e-07
182	  0.662306	  0	  0.000114406	  2.91476e-06	  12	  9.87156e-07
183	  0.670534	  0.156174	  0.000111285	  2.7281e-06	  24	  6.93276e-07
184	  0.694632	  0.301511	  0.000102908	  3.02105e-06	  24	  7.67722e-07
185	  0.733038	  0.428571	  9.13892e-05	  4.01731e-06	  24	  1.0209e-06
186	  0.783651	  0.534522	  7.87209e-05	  3.3053e-06	  24	  8.39955e-07
187	  0.844278	  0.620174	  6.65372e-05	  3.33247e-06	  24	  8.4686e-07
188	  0.912926	  0.688247	  5.56979e-05	  2.40403e-06	  24	  6.10922e-07
189	  0.987924	  0.741999	  4.65162e-05	  2.66331e-06	  24	  6.7681e-07
190	  0.670534	  0	  0.000111285	  3.30434e-06	  12	  1.1191e-06
191	  0.678662	  0.154303	  0.000108388	  2.35675e-06	  24	  5.98908e-07
192	  0.702481	  0.298142	  0.000100427	  3.79946e-06	  24	  9.65535e-07
193	  0.74048	  0.424264	  8.93161e-05	  3.01038e-06	  24	  7.65011e-07
194	  0.790617	  0.529813	  7.7144e-05	  3.22304e-06	  24	  8.19052e-07
195	  0.850747	  0.615457	  6.53547e-05	  2.35916e-06	  24	  5.99518e-07
196	  0.918912	  0.683763	  5.48981e-05	  3.57064e-06	  24	  9.07386e-07
197	  0.993459	  0.737865	  4.59175e-05	  3.01748e-06	  24	  7.66814e-07
198	  0.702481	  0	  0.000100427	  1.46907e-06	  12	  4.97536e-07
199	  0.710244	  0.147442	  9.80305e-05	  3.02242e-06	  24	  7.6807e-07
200	  0.733038	  0.285714	  9.13892e-05	  3.88941e-06	  24	  9.88393e-07
201	  0.76953	  0.408248	  8.19185e-05	  3.34077e-06	  24	  8.48971e-07
202	  0.817887	  0.512148	  7.14749e-05	  4.50132e-06	  24	  1.1439e-06
203	  0.876148	  0.597614	  6.11595e-05	  3.76454e-06	  24	  9.5666e-07
204	  0.942478	  0.666667	  5.17837e-05	  3.05401e-06	  24	  7.76098e-07
205	  0.733038	  0	  9.13892e-05	  2.59193e-06	  6	  1.18775e-06
206	  0.74048	  0.141421	  8.93161e-05	  2.47438e-06	  12	  8.3801e-07
207	  0.762371	  0.274721	  8.37153e-05	  2.20102e-06	  12	  7.45429e-07
208	  0.797522	  0.393919	  7.56233e-05	  2.75904e-06	  12	  9.34418e-07
209	  0.844278	  0.496139	  6.65372e-05	  3.44835e-06	  12	  1.16787e-06
210	  0.900833	  0.581238	  5.74381e-05	  3.4682e-06	  12	  1.17459e-06
211	  0.965468	  0.650791	  4.90214e-05	  3.0378e-06	  12	  1.02883e-06
212	  0.74048	  0	  8.93161e-05	  2.54355e-06	  18	  7.26698e-07
213	  0.747849	  0.140028	  8.73604e-05	  3.41697e-06	  36	  7.40344e-07
214	  0.76953	  0.272166	  8.19185e-05	  2.60219e-06	  36	  5.63808e-07
215	  0.804368	  0.390567	  7.42288e-05	  3.76864e-06	  36	  8.16538e-07
216	  0.850747	  0.492366	  6.53547e-05	  2.26267e-06	  36	  4.90246e-07
217	  0.9069	  0.57735	  5.65364e-05	  2.29086e-06	  36	  4.96352e-07
218	  0.971131	  0.646997	  4.83411e-05	  3.76023e-06	  36	  8.14716e-07
219	  0.755145	  0	  8.55291e-05	  1.58091e-06	  12	  5.35414e-07
220	  0.762371	  0.137361	  8.37153e-05	  3.26199e-06	  24	  8.28951e-07
221	  0.783651	  0.267261	  7.87209e-05	  2.83002e-06	  24	  7.19175e-07
222	  0.817887	  0.384111	  7.14749e-05	  2.9005e-06	  24	  7.37086e-07
223	  0.863541	  0.485071	  6.32417e-05	  1.65078e-06	  24	  4.19504e-07
224	  0.918912	  0.569803	  5.48981e-05	  2.69476e-06	  24	  6.84804e-07
225	  0.982358	  0.639602	  4.71184e-05	  1.94216e-06	  24	  4.93551e-07
226	  0.762371	  0	  8.37153e-05	  1.38571e-06	  12	  4.69306e-07
227	  0.76953	  0.136083	  8.19185e-05	  3.17361e-06	  24	  8.06491e-07
228	  0.790617	  0.264906	  7.7144e-05	  2.19633e-06	  24	  5.5814e-07
229	  0.824564	  0.381	  7.01542e-05	  2.20433e-06	  24	  5.60173e-07
230	  0.869868	  0.481543	  6.21968e-05	  1.58327e-06	  24	  4.02347e-07
231	  0.92486	  0.566139	  5.41035e-05	  2.94183e-06	  24	  7.4759e-07
232	  0.987924	  0.635999	  4.65162e-05	  2.21948e-06	  24	  5.64024e-07
233	  0.797522	  0	  7.56233e-05	  2.38034e-06	  12	  8.06161e-07
234	  0.804368	  0.130189	  7.42288e-05	  3.10643e-06	  24	  7.89418e-07
235	  0.824564	  0.254	  7.01542e-05	  1.96952e-06	  24	  5.00504e-07
236	  0.857168	  0.366508	  6.42942e-05	  2.28047e-06	  24	  5.79523e-07
237	  0.900833	  0.464991	  5.74381e-05	  2.15988e-06	  24	  5.48879e-07
238	  0.954042	  0.548821	  5.03943e-05	  2.55795e-06	  24	  6.50038e-07
239	  0.817887	  0	  7.14749e-05	  1.75569e-06	  12	  5.94609e-07
240	  0.824564	  0.127	  7.01542e-05	  1.74635e-06	  24	  4.4379e-07
241	  0.844278	  0.248069	  6.65372e-05	  2.04028e-06	  24	  5.18485e-07
242	  0.876148	  0.358569	  6.11595e-05	  2.59219e-06	  24	  6.58738e-07
243	  0.918912	  0.455842	  5.48981e-05	  2.37562e-06	  24	  6.03702e-07
244	  0.971131	  0.539164	  4.83411e-05	  2.85684e-06	  24	  7.25992e-07
245	  0.837758	  0	  6.77334e-05	  2.30343e-06	  6	  1.05554e-06
246	  0.844278	  0.124035	  6.65372e-05	  3.01584e-06	  12	  1.02139e-06
247	  0.863541	  0.242536	  6.32417e-05	  1.03593e-06	  12	  3.50845e-07
248	  0.894726	  0.351123	  5.83458e-05	  1.87385e-06	  12	  6.34625e-07
249	  0.936642	  0.447214	  5.25294e-05	  1.90348e-06	  12	  6.44661e-07
250	  0.987924	  0.529999	  4.65162e-05	  3.13865e-06	  12	  1.06298e-06
251	  0.844278	  0	  6.65372e-05	  2.59793e-06	  24	  6.60197e-07
252	  0.850747	  0.123091	  6.53547e-05	  2.25132e-06	  48	  4.37517e-07
253	  0.869868	  0.240772	  6.21968e-05	  1.83555e-06	  48	  3.56717e-07
254	  0.900833	  0.348743	  5.74381e-05	  2.19445e-06	  48	  4.26464e-07
255	  0.942478	  0.444444	  5.17837e-05	  2.03131e-06	  48	  3.9476e-07
256	  0.993459	  0.527046	  4.59175e-05	  2.27698e-06	  48	  4.42502e-07
257	  0.863541	  0	  6.32417e-05	  1.22297e-06	  12	  4.1419e-07
258	  0.869868	  0.120386	  6.21968e-05	  1.90756e-06	  24	  4.84758e-07
259	  0.888577	  0.235702	  5.92597e-05	  1.8469e-06	  24	  4.69342e-07
260	  0.918912	  0.341882	  5.48981e-05	  2.11333e-06	  24	  5.37049e-07
261	  0.959772	  0.436436	  4.97058e-05	  1.91956e-06	  24	  4.87806e-07
262	  0.888577	  0	  5.92597e-05	  1.75091e-06	  6	  8.02353e-07
263	  0.894726	  0.117041	  5.83458e-05	  1.2538e-06	  12	  4.24632e-07
264	  0.912926	  0.229416	  5.56979e-05	  1.85637e-06	  12	  6.28708e-07
265	  0.942478	  0.333333	  5.17837e-05	  2.02323e-06	  12	  6.85218e-07
266	  0.982358	  0.426401	  4.71184e-05	  1.91875e-06	  12	  6.49834e-07
267	  0.894726	  0	  5.83458e-05	  1.34285e-06	  12	  4.54791e-07
268	  0.900833	  0.116248	  5.74381e-05	  1.63707e-06	  24	  4.16019e-07
269	  0.918912	  0.227921	  5.48981e-05	  2.09532e-06	  24	  5.32471e-07
270	  0.948278	  0.331295	  5.10869e-05	  1.98368e-06	  24	  5.04101e-07
271	  0.987924	  0.423999	  4.65162e-05	  1.78122e-06	  24	  4.52651e-07
272	  0.900833	  0	  5.74381e-05	  2.20143e-06	  12	  7.4557e-07
273	  0.9069	  0.11547	  5.65364e-05	  1.70587e-06	  24	  4.33503e-07
274	  0.92486	  0.226455	  5.41035e-05	  1.33186e-06	  24	  3.38457e-07
275	  0.954042	  0.329293	  5.03943e-05	  2.01071e-06	  24	  5.10969e-07
276	  0.993459	  0.421637	  4.59175e-05	  1.75424e-06	  24	  4.45795e-07
277	  0.936642	  0	  5.25294e-05	  1.27443e-06	  12	  4.31617e-07
278	  0.942478	  0.111111	  5.17837e-05	  1.69142e-06	  24	  4.2983e-07
279	  0.959772	  0.218218	  4.97058e-05	  1.48613e-06	  24	  3.77662e-07
280	  0.987924	  0.317999	  4.65162e-05	  1.45989e-06	  24	  3.70993e-07
281	  0.942478	  0	  5.17837e-05	  2.9387e-06	  6	  1.34665e-06
282	  0.948278	  0.110432	  5.10869e-05	  2.10746e-06	  12	  7.13744e-07
283	  0.965468	  0.21693	  4.90214e-05	  1.73434e-06	  12	  5.87378e-07
284	  0.993459	  0.316228	  4.59175e-05	  2.01557e-06	  12	  6.82622e-07
285	  0.948278	  0	  5.10869e-05	  1.90949e-06	  12	  6.46696e-07
286	  0.954042	  0.109764	  5.03943e-05	  1.50723e-06	  24	  3.83024e-07
287	  0.971131	  0.215666	  4.83411e-05	  1.2077e-06	  24	  3.06906e-07
288	  0.998963	  0.314485	  4.53221e-05	  1.47263e-06	  24	  3.7423e-07
289	  0.965468	  0	  4.90214e-05	  1.33332e-06	  24	  3.38828e-07
290	  0.971131	  0.107833	  4.83411e-05	  1.591e-06	  48	  3.09191e-07
291	  0.987924	  0.212	  4.65162e-05	  1.69655e-06	  48	  3.29703e-07
292	  0.987924	  0	  4.65162e-05	  1.54273e-06	  12	  5.22485e-07
293	  0.993459	  0.105409	  4.59175e-05	  1.55511e-06	  24	  3.95191e-07
294	  0.993459	  0	  4.59175e-05	  1.32454e-06	  12	  4.48588e-07
295	  0.998963	  0.104828	  4.53221e-05	  1.29651e-06	  24	  3.29474e-07
296	  1.08818	  0.030936	  3.72146e-05	  1.21671e-06	  138	  1.64409e-07
297	  1.08818	  0.0938307	  3.72146e-05	  1.12239e-06	  252	  1.26823e-07
298	  1.08818	  0.156319	  3.72146e-05	  1.00887e-06	  72	  1.6934e-07
299	  1.08818	  0.218712	  3.72146e-05	  1.15172e-06	  216	  1.35951e-07
300	  1.08818	  0.281224	  3.72146e-05	  1.33488e-06	  288	  1.45403e-07
301	  1.08818	  0.343807	  3.72146e-05	  1.29233e-06	  120	  1.82589e-07
302	  1.08818	  0.406302	  3.72146e-05	  1.77288e-06	  180	  2.20786e-07
303	  1.08818	  0.468745	  3.72146e-05	  1.66995e-06	  180	  2.07968e-07
304	  1.08818	  0.531226	  3.72146e-05	  1.91282e-06	  192	  2.33687e-07
305	  1.08818	  0.593785	  3.72146e-05	  2.45399e-06	  192	  2.99801e-07
306	  1.08818	  0.656281	  3.72146e-05	  1.99124e-06	  168	  2.5319e-07
307	  1.08818	  0.718743	  3.72146e-05	  2.59447e-06	  228	  3.01547e-07
308	  1.08818	  0.781255	  3.72146e-05	  3.56954e-06	  144	  4.75939e-07
309	  1.08818	  0.843774	  3.72146e-05	  3.08598e-06	  240	  3.53498e-07
310	  1.08818	  0.90628	  3.72146e-05	  3.98402e-06	  168	  5.06574e-07
311	  1.08818	  0.968758	  3.72146e-05	  4.07862e-06	  150	  5.36949e-07
312	  1.25577	  0.030936	  2.66409e-05	  9.36162e-07	  198	  1.13338e-07
313	  1.25577	  0.0938307	  2.66409e-05	  9.70854e-07	  396	  9.73299e-08
314	  1.25577	  0.156319	  2.66409e-05	  9.19779e-07	  396	  9.22096e-08
315	  1.25577	  0.218712	  2.66409e-05	  8.69512e-07	  204	  1.04354e-07
316	  1.25577	  0.281224	  2.66409e-05	  1.04528e-06	  216	  1.23386e-07
317	  1.25577	  0.343807	  2.66409e-05	  1.02512e-06	  372	  1.04406e-07
318	  1.25577	  0.406302	  2.66409e-05	  1.16514e-06	  312	  1.2422e-07
319	  1.25577	  0.468745	  2.66409e-05	  1.15222e-06	  288	  1.25507e-07
320	  1.25577	  0.531226	  2.66409e-05	  1.51563e-06	  264	  1.69063e-07
321	  1.25577	  0.593785	  2.66409e-05	  1.44304e-06	  312	  1.53848e-07
322	  1.25577	  0.656281	  2.66409e-05	  1.54687e-06	  276	  1.70454e-07
323	  1.25577	  0.718743	  2.66409e-05	  1.77765e-06	  312	  1.89522e-07
324	  1.25577	  0.781255	  2.66409e-05	  2.0725e-06	  276	  2.28375e-07
325	  1.25577	  0.843774	  2.66409e-05	  2.12274e-06	  240	  2.43159e-07
326	  1.25577	  0.90628	  2.66409e-05	  2.4007e-06	  324	  2.53407e-07
327	  1.25577	  0.968758	  2.66409e-05	  2.79109e-06	  315	  2.96815e-07
328	  1.45182	  0.030936	  1.89001e-05	  6.52072e-07	  246	  7.41782e-08
329	  1.45182	  0.0938307	  1.89001e-05	  6.03005e-07	  516	  5.66961e-08
330	  1.45182	  0.156319	  1.89001e-05	  6.59873e-07	  504	  6.23867e-08
331	  1.45182	  0.218712	  1.89001e-05	  6.23565e-07	  528	  5.83154e-08
332	  1.45182	  0.281224	  1.89001e-05	  6.68275e-07	  504	  6.31811e-08
333	  1.45182	  0.343807	  1.89001e-05	  7.71599e-07	  384	  7.79554e-08
334	  1.45182	  0.406302	  1.89001e-05	  9.18432e-07	  420	  9.07365e-08
335	  1.45182	  0.468745	  1.89001e-05	  8.09425e-07	  468	  7.78869e-08
336	  1.45182	  0.531226	  1.89001e-05	  9.21471e-07	  480	  8.81328e-08
337	  1.45182	  0.593785	  1.89001e-05	  9.46649e-07	  468	  9.10913e-08
338	  1.45182	  0.656281	  1.89001e-05	  1.02623e-06	  396	  1.02881e-07
339	  1.45182	  0.718743	  1.89001e-05	  1.15581e-06	  456	  1.11916e-07
340	  1.45182	  0.781255	  1.89001e-05	  1.41864e-06	  432	  1.39187e-07
341	  1.45182	  0.843774	  1.89001e-05	  1.4492e-06	  480	  1.38607e-07
342	  1.45182	  0.90628	  1.89001e-05	  1.7176e-06	  480	  1.64278e-07
343	  1.45182	  0.968758	  1.89001e-05	  1.93814e-06	  414	  1.92162e-07
344	  1.68148	  0.030936	  1.33206e-05	  4.5021e-07	  798	  3.84478e-08
345	  1.68148	  0.0938307	  1.33206e-05	  5.05363e-07	  708	  4.42608e-08
346	  1.68148	  0.156319	  1.33206e-05	  4.62003e-07	  684	  4.07653e-08
347	  1.68148	  0.218712	  1.33206e-05	  5.02657e-07	  720	  4.38657e-08
348	  1.68148	  0.281224	  1.33206e-05	  5.11483e-07	  708	  4.47969e-08
349	  1.68148	  0.343807	  1.33206e-05	  5.45877e-07	  720	  4.76375e-08
350	  1.68148	  0.406302	  1.33206e-05	  5.81654e-07	  672	  5.15204e-08
351	  1.68148	  0.468745	  1.33206e-05	  6.65289e-07	  732	  5.78542e-08
352	  1.68148	  0.531226	  1.33206e-05	  6.74657e-07	  672	  5.97583e-08
353	  1.68148	  0.593785	  1.33206e-05	  7.03302e-07	  708	  6.15968e-08
354	  1.68148	  0.656281	  1.33206e-05	  7.30473e-07	  744	  6.33041e-08
355	  1.68148	  0.718743	  1.33206e-05	  9.13124e-07	  744	  7.91329e-08
356	  1.68148	  0.781255	  1.33206e-05	  9.92895e-07	  696	  8.72804e-08
357	  1.68148	  0.843774	  1.33206e-05	  1.01987e-06	  708	  8.93229e-08
358	  1.68148	  0.90628	  1.33206e-05	  1.12264e-06	  696	  9.86857e-08
359	  1.68148	  0.968758	  1.33206e-05	  1.26735e-06	  741	  1.09925e-07
360	  1.94819	  0.030936	  9.33117e-06	  3.28754e-07	  1368	  2.53262e-08
361	  1.94819	  0.0938307	  9.33117e-06	  3.26598e-07	  924	  2.70742e-08
362	  1.94819	  0.156319	  9.33117e-06	  3.47402e-07	  972	  2.8513e-08
363	  1.94819	  0.218712	  9.33117e-06	  3.77275e-07	  972	  3.09648e-08
364	  1.94819	  0.281224	  9.33117e-06	  3.39078e-07	  1200	  2.67422e-08
365	  1.94819	  0.343807	  9.33117e-06	  3.70669e-07	  1140	  2.95117e-08
366	  1.94819	  0.406302	  9.33117e-06	  3.98568e-07	  1080	  3.20565e-08
367	  1.94819	  0.468745	  9.33117e-06	  4.46309e-07	  1068	  3.59723e-08
368	  1.94819	  0.531226	  9.33117e-06	  4.20311e-07	  1164	  3.33351e-08
369	  1.94819	  0.593785	  9.33117e-06	  5.11816e-07	  1188	  4.04401e-08
370	  1.94819	  0.656281	  9.33117e-06	  5.21086e-07	  1068	  4.19992e-08
371	  1.94819	  0.718743	  9.33117e-06	  5.60134e-07	  1008	  4.56493e-08
372	  1.94819	  0.781255	  9.33117e-06	  6.27327e-07	  1164	  4.97537e-08
373	  1.94819	  0.843774	  9.33117e-06	  6.6536e-07	  1176	  5.26703e-08
374	  1.94819	  0.90628	  9.33117e-06	  7.0978e-07	  1080	  5.70869e-08
375	  1.94819	  0.968758	  9.33117e-06	  7.70051e-07	  1038	  6.24038e-08
376	  2.25604	  0.030936	  6.52811e-06	  2.44689e-07	  1896	  1.78539e-08
377	  2.25604	  0.0938307	  6.52811e-06	  2.47557e-07	  1272	  1.9319e-08
378	  2.25604	  0.156319	  6.52811e-06	  2.42324e-07	  2040	  1.74813e-08
379	  2.25604	  0.218712	  6.52811e-06	  2.57007e-07	  1740	  1.90116e-08
380	  2.25604	  0.281224	  6.52811e-06	  2.61682e-07	  1584	  1.96591e-08
381	  2.25604	  0.343807	  6.52811e-06	  2.6597e-07	  1764	  1.96312e-08
382	  2.25604	  0.406302	  6.52811e-06	  2.78413e-07	  1632	  2.08124e-08
383	  2.25604	  0.468745	  6.52811e-06	  2.99866e-07	  1860	  2.19463e-08
384	  2.25604	  0.531226	  6.52811e-06	  3.21428e-07	  1560	  2.42094e-08
385	  2.25604	  0.593785	  6.52811e-06	  3.34396e-07	  1692	  2.48492e-08
386	  2.25604	  0.656281	  6.52811e-06	  3.66811e-07	  1704	  2.72266e-08
387	  2.25604	  0.718743	  6.52811e-06	  3.83715e-07	  1824	  2.81703e-08
388	  2.25604	  0.781255	  6.52811e-06	  4.05275e-07	  1668	  3.0187e-08
389	  2.25604	  0.843774	  6.52811e-06	  4.30752e-07	  1680	  3.20469e-08
390	  2.25604	  0.90628	  6.52811e-06	  4.64538e-07	  1776	  3.42499e-08
391	  2.25604	  0.968758	  6.52811e-06	  4.8461e-07	  1656	  3.61392e-08
392	  2.61216	  0.030936	  4.55291e-06	  1.81966e-07	  2586	  1.26766e-08
393	  2.61216	  0.0938307	  4.55291e-06	  1.75419e-07	  3036	  1.19546e-08
394	  2.61216	  0.156319	  4.55291e-06	  1.87418e-07	  2124	  1.34375e-08
395	  2.61216	  0.218712	  4.55291e-06	  1.78464e-07	  2940	  1.22146e-08
396	  2.61216	  0.281224	  4.55291e-06	  1.85513e-07	  2616	  1.29027e-08
397	  2.61216	  0.343807	  4.55291e-06	  1.97709e-07	  2448	  1.38814e-08
398	  2.61216	  0.406302	  4.55291e-06	  2.04726e-07	  2916	  1.40275e-08
399	  2.61216	  0.468745	  4.55291e-06	  2.08056e-07	  2544	  1.45278e-08
400	  2.61216	  0.531226	  4.55291e-06	  2.21414e-07	  2652	  1.53702e-08
401	  2.61216	  0.593785	  4.55291e-06	  2.304e-07	  2748	  1.59151e-08
402	  2.61216	  0.656281	  4.55291e-06	  2.45434e-07	  2676	  1.70162e-08
403	  2.61216	  0.718743	  4.55291e-06	  2.47954e-07	  2472	  1.73848e-08
404	  2.61216	  0.781255	  4.55291e-06	  2.65444e-07	  2616	  1.84621e-08
405	  2.61216	  0.843774	  4.55291e-06	  2.73717e-07	  2736	  1.89188e-08
406	  2.61216	  0.90628	  4.55291e-06	  2.8505e-07	  2568	  1.98775e-08
407	  2.61216	  0.968758	  4.55291e-06	  2.93524e-07	  2745	  2.02786e-08
408	  3.02645	  0.030936	  3.15769e-06	  1.35938e-07	  3414	  9.12342e-09
409	  3.02645	  0.0938307	  3.15769e-06	  1.311e-07	  4512	  8.50673e-09
410	  3.02645	  0.156319	  3.15769e-06	  1.30809e-07	  4632	  8.46247e-09
411	  3.02645	  0.218712	  3.15769e-06	  1.2613e-07	  3972	  8.30782e-09
412	  3.02645	  0.281224	  3.15769e-06	  1.32421e-07	  4176	  8.67024e-09
413	  3.02645	  0.343807	  3.15769e-06	  1.41088e-07	  4344	  9.19506e-09
414	  3.02645	  0.406302	  3.15769e-06	  1.45023e-07	  4044	  9.53166e-09
415	  3.02645	  0.468745	  3.15769e-06	  1.4703e-07	  4092	  9.64999e-09
416	  3.02645	  0.531226	  3.15769e-06	  1.57433e-07	  4296	  1.02736e-08
417	  3.02645	  0.593785	  3.15769e-06	  1.60897e-07	  3996	  1.05901e-08
418	  3.02645	  0.656281	  3.15769e-06	  1.62459e-07	  4188	  1.06333e-08
419	  3.02645	  0.718743	  3.15769e-06	  1.76695e-07	  4212	  1.15573e-08
420	  3.02645	  0.781255	  3.15769e-06	  1.70821e-07	  4140	  1.11959e-08
421	  3.02645	  0.843774	  3.15769e-06	  1.73456e-07	  4128	  1.13725e-08
422	  3.02645	  0.90628	  3.15769e-06	  1.79343e-07	  4188	  1.17385e-08
423	  3.02645	  0.968758	  3.15769e-06	  1.72885e-07	  4128	  1.13351e-08
424	  3.50419	  0.030936	  2.19091e-06	  9.4929e-08	  7002	  5.8809e-09
425	  3.50419	  0.0938307	  2.19091e-06	  9.5796e-08	  6240	  6.00251e-09
426	  3.50419	  0.156319	  2.19091e-06	  9.1996e-08	  5964	  5.79104e-09
427	  3.50419	  0.218712	  2.19091e-06	  9.57639e-08	  6180	  6.00636e-09
428	  3.50419	  0.281224	  2.19091e-06	  9.51249e-08	  6420	  5.94345e-09
429	  3.50419	  0.343807	  2.19091e-06	  9.75145e-08	  6516	  6.08376e-09
430	  3.50419	  0.406302	  2.19091e-06	  1.02191e-07	  6312	  6.39579e-09
431	  3.50419	  0.468745	  2.19091e-06	  1.05336e-07	  6276	  6.59647e-09
432	  3.50419	  0.531226	  2.19091e-06	  1.0564e-07	  6360	  6.60666e-09
433	  3.50419	  0.593785	  2.19091e-06	  1.08257e-07	  6408	  6.76522e-09
434	  3.50419	  0.656281	  2.19091e-06	  1.1354e-07	  6360	  7.10071e-09
435	  3.50419	  0.718743	  2.19091e-06	  1.1086e-07	  6336	  6.93571e-09
436	  3.50419	  0.781255	  2.19091e-06	  1.06821e-07	  6372	  6.67927e-09
437	  3.50419	  0.843774	  2.19091e-06	  1.13191e-07	  6456	  7.06828e-09
438	  3.50419	  0.90628	  2.19091e-06	  1.0811e-07	  6360	  6.76112e-09
439	  3.50419	  0.968758	  2.19091e-06	  1.04061e-07	  6327	  6.51129e-09
440	  4.05763	  0.030936	  1.51336e-06	  6.92893e-08	  10392	  4.14416e-09
441	  4.05763	  0.0938307	  1.51336e-06	  6.73735e-08	  9420	  4.06284e-09
442	  4.05763	  0.156319	  1.51336e-06	  6.85599e-08	  10176	  4.10764e-09
443	  4.05763	  0.218712	  1.51336e-06	  6.76992e-08	  10260	  4.05332e-09
444	  4.05763	  0.281224	  1.51336e-06	  6.6054e-08	  9528	  3.9794e-09
445	  4.05763	  0.343807	  1.51336e-06	  6.75252e-08	  10140	  4.04683e-09
446	  4.05763	  0.406302	  1.51336e-06	  7.07379e-08	  9960	  4.24569e-09
447	  4.05763	  0.468745	  1.51336e-06	  7.08184e-08	  10068	  4.24671e-09
448	  4.05763	  0.531226	  1.51336e-06	  7.24466e-08	  9996	  4.34694e-09
449	  4.05763	  0.593785	  1.51336e-06	  7.0173e-08	  9828	  4.21649e-09
450	  4.05763	  0.656281	  1.51336e-06	  6.93896e-08	  10032	  4.16227e-09
451	  4.05763	  0.718743	  1.51336e-06	  6.97097e-08	  9924	  4.18524e-09
452	  4.05763	  0.781255	  1.51336e-06	  6.73805e-08	  10116	  4.03895e-09
453	  4.05763	  0.843774	  1.51336e-06	  6.67423e-08	  9888	  4.00831e-09
454	  4.05763	  0.90628	  1.51336e-06	  6.4406e-08	  10008	  3.8641e-09
455	  4.05763	  0.968758	  1.51336e-06	  5.89499e-08	  9978	  3.53764e-09
456	  4.69917	  0.030936	  1.04338e-06	  4.96859e-08	  13626	  2.90994e-09
457	  4.69917	  0.0938307	  1.04338e-06	  4.96352e-08	  16392	  2.86944e-09
458	  4.69917	  0.156319	  1.04338e-06	  4.86684e-08	  15708	  2.82174e-09
459	  4.69917	  0.218712	  1.04338e-06	  4.76222e-08	  15432	  2.76446e-09
460	  4.69917	  0.281224	  1.04338e-06	  4.66022e-08	  15780	  2.70109e-09
461	  4.69917	  0.343807	  1.04338e-06	  4.71028e-08	  15300	  2.73594e-09
462	  4.69917	  0.406302	  1.04338e-06	  4.63325e-08	  15588	  2.68772e-09
463	  4.69917	  0.468745	  1.04338e-06	  4.69914e-08	  15396	  2.72829e-09
464	  4.69917	  0.531226	  1.04338e-06	  4.67572e-08	  15504	  2.71338e-09
465	  4.69917	  0.593785	  1.04338e-06	  4.56227e-08	  15660	  2.64571e-09
466	  4.69917	  0.656281	  1.04338e-06	  4.37954e-08	  15192	  2.54509e-09
467	  4.69917	  0.718743	  1.04338e-06	  4.29984e-08	  15600	  2.49418e-09
468	  4.69917	  0.781255	  1.04338e-06	  4.1192e-08	  15216	  2.39354e-09
469	  4.69917	  0.843774	  1.04338e-06	  3.89916e-08	  15516	  2.26261e-09
470	  4.69917	  0.90628	  1.04338e-06	  3.67365e-08	  15540	  2.13152e-09
471	  4.69917	  0.968758	  1.04338e-06	  3.38847e-08	  15405	  1.96724e-09
472	  5.4432	  0.030936	  7.17077e-07	  3.58293e-08	  26250	  2.01261e-09
473	  5.4432	  0.0938307	  7.17077e-07	  3.51879e-08	  22392	  1.99455e-09
474	  5.4432	  0.156319	  7.17077e-07	  3.40879e-08	  24516	  1.92211e-09
475	  5.4432	  0.218712	  7.17077e-07	  3.32048e-08	  23592	  1.87642e-09
476	  5.4432	  0.281224	  7.17077e-07	  3.25936e-08	  24264	  1.83892e-09
477	  5.4432	  0.343807	  7.17077e-07	  3.21305e-08	  23928	  1.81424e-09
478	  5.4432	  0.406302	  7.17077e-07	  3.1204e-08	  24120	  1.76112e-09
479	  5.4432	  0.468745	  7.17077e-07	  3.02319e-08	  23964	  1.70689e-09
480	  5.4432	  0.531226	  7.17077e-07	  2.95614e-08	  24060	  1.66865e-09
481	  5.4432	  0.593785	  7.17077e-07	  2.83663e-08	  24108	  1.60101e-09
482	  5.4432	  0.656281	  7.17077e-07	  2.71718e-08	  24228	  1.53316e-09
483	  5.4432	  0.718743	  7.17077e-07	  2.55394e-08	  24144	  1.44134e-09
484	  5.4432	  0.781255	  7.17077e-07	  2.37902e-08	  23940	  1.34327e-09
485	  5.4432	  0.843774	  7.17077e-07	  2.16822e-08	  24192	  1.22351e-09
486	  5.4432	  0.90628	  7.17077e-07	  2.03001e-08	  23988	  1.14607e-09
487	  5.4432	  0.968758	  7.17077e-07	  1.82935e-08	  24141	  1.03241e-09
488	  6.30378	  0.030936	  4.9157e-07	  2.54798e-08	  35082	  1.41002e-09
489	  6.30378	  0.0938307	  4.9157e-07	  2.46003e-08	  39108	  1.35441e-09
490	  6.30378	  0.156319	  4.9157e-07	  2.39254e-08	  36924	  1.32078e-09
491	  6.30378	  0.218712	  4.9157e-07	  2.31301e-08	  37692	  1.27564e-09
492	  6.30378	  0.281224	  4.9157e-07	  2.18888e-08	  37092	  1.20809e-09
493	  6.30378	  0.343807	  4.9157e-07	  2.15596e-08	  37536	  1.18926e-09
494	  6.30378	  0.406302	  4.9157e-07	  2.02117e-08	  36984	  1.11568e-09
495	  6.30378	  0.468745	  4.9157e-07	  1.94899e-08	  37428	  1.07524e-09
496	  6.30378	  0.531226	  4.9157e-07	  1.815e-08	  37392	  1.00136e-09
497	  6.30378	  0.593785	  4.9157e-07	  1.69949e-08	  37200	  9.37861e-10
498	  6.30378	  0.656281	  4.9157e-07	  1.57745e-08	  36924	  8.70817e-10
499	  6.30378	  0.718743	  4.9157e-07	  1.44491e-08	  37272	  7.97299e-10
500	  6.30378	  0.781255	  4.9157e-07	  1.30475e-08	  37284	  7.19945e-10
501	  6.30378	  0.843774	  4.9157e-07	  1.16642e-08	  37188	  6.43697e-10
502	  6.30378	  0.90628	  4.9157e-07	  1.05937e-08	  37320	  5.8452e-10
503	  6.30378	  0.968758	  4.9157e-07	  9.19602e-09	  37119	  5.07532e-10
504	  7.30029	  0.030936	  3.36789e-07	  1.77938e-08	  60258	  9.62175e-10
505	  7.30029	  0.0938307	  3.36789e-07	  1.70572e-08	  56916	  9.24357e-10
506	  7.30029	  0.156319	  3.36789e-07	  1.62755e-08	  56820	  8.82052e-10
507	  7.30029	  0.218712	  3.36789e-07	  1.55355e-08	  58716	  8.40888e-10
508	  7.30029	  0.281224	  3.36789e-07	  1.45177e-08	  57840	  7.86249e-10
509	  7.30029	  0.343807	  3.36789e-07	  1.36415e-08	  57612	  7.38911e-10
510	  7.30029	  0.406302	  3.36789e-07	  1.28636e-08	  58464	  6.96378e-10
511	  7.30029	  0.468745	  3.36789e-07	  1.18401e-08	  57948	  6.41191e-10
512	  7.30029	  0.531226	  3.36789e-07	  1.08709e-08	  57708	  5.888e-10
513	  7.30029	  0.593785	  3.36789e-07	  9.73856e-09	  58236	  5.27283e-10
514	  7.30029	  0.656281	  3.36789e-07	  8.74235e-09	  58008	  4.73416e-10
515	  7.30029	  0.718743	  3.36789e-07	  7.71358e-09	  58200	  4.17653e-10
516	  7.30029	  0.781255	  3.36789e-07	  6.70691e-09	  58128	  3.63164e-10
517	  7.30029	  0.843774	  3.36789e-07	  5.91185e-09	  57972	  3.20146e-10
518	  7.30029	  0.90628	  3.36789e-07	  5.07002e-09	  57960	  2.74561e-10
519	  7.30029	  0.968758	  3.36789e-07	  4.28874e-09	  58122	  2.32226e-10
520	  8.455	  0.030936	  2.29847e-07	  1.21526e-08	  90198	  6.48093e-10
521	  8.455	  0.0938307	  2.29847e-07	  1.1682e-08	  89292	  6.23196e-10
522	  8.455	  0.156319	  2.29847e-07	  1.10406e-08	  90804	  5.88668e-10
523	  8.455	  0.218712	  2.29847e-07	  1.01061e-08	  89628	  5.3906e-10
524	  8.455	  0.281224	  2.29847e-07	  9.32231e-09	  89844	  4.97217e-10
525	  8.455	  0.343807	  2.29847e-07	  8.53548e-09	  90636	  4.55126e-10
526	  8.455	  0.406302	  2.29847e-07	  7.6525e-09	  89628	  4.08186e-10
527	  8.455	  0.468745	  2.29847e-07	  6.83719e-09	  89772	  3.64679e-10
528	  8.455	  0.531226	  2.29847e-07	  6.0446e-09	  90324	  3.22342e-10
529	  8.455	  0.593785	  2.29847e-07	  5.208e-09	  89784	  2.77781e-10
530	  8.455	  0.656281	  2.29847e-07	  4.46799e-09	  90216	  2.38275e-10
531	  8.455	  0.718743	  2.29847e-07	  3.83911e-09	  89796	  2.04767e-10
532	  8.455	  0.781255	  2.29847e-07	  3.22415e-09	  90120	  1.71948e-10
533	  8.455	  0.843774	  2.29847e-07	  2.70953e-09	  90132	  1.44502e-10
534	  8.455	  0.90628	  2.29847e-07	  2.26136e-09	  89916	  1.20609e-10
535	  8.455	  0.968758	  2.29847e-07	  1.85492e-09	  89964	  9.89301e-11
536	  9.79129	  0.030936	  1.56828e-07	  8.12935e-09	  139068	  4.28267e-10
537	  9.79129	  0.0938307	  1.56828e-07	  7.69667e-09	  141180	  4.05318e-10
538	  9.79129	  0.156319	  1.56828e-07	  7.17057e-09	  139380	  3.77735e-10
539	  9.79129	  0.218712	  1.56828e-07	  6.47516e-09	  138804	  3.41138e-10
540	  9.79129	  0.281224	  1.56828e-07	  5.73785e-09	  140952	  3.02176e-10
541	  9.79129	  0.343807	  1.56828e-07	  5.05595e-09	  139668	  2.66326e-10
542	  9.79129	  0.406302	  1.56828e-07	  4.35693e-09	  139464	  2.29513e-10
543	  9.79129	  0.468745	  1.56828e-07	  3.72777e-09	  139812	  1.96358e-10
544	  9.79129	  0.531226	  1.56828e-07	  3.13262e-09	  139884	  1.65007e-10
545	  9.79129	  0.593785	  1.56828e-07	  2.60614e-09	  140184	  1.37267e-10
546	  9.79129	  0.656281	  1.56828e-07	  2.13316e-09	  139404	  1.12371e-10
547	  9.79129	  0.718743	  1.56828e-07	  1.7632e-09	  139932	  9.28734e-11
548	  9.79129	  0.781255	  1.56828e-07	  1.44069e-09	  139980	  7.58852e-11
549	  9.79129	  0.843774	  1.56828e-07	  1.1602e-09	  139632	  6.11147e-11
550	  9.79129	  0.90628	  1.56828e-07	  9.40686e-10	  140088	  4.95476e-11
551	  9.79129	  0.968758	  1.56828e-07	  7.386e-10	  139623	  3.89066e-11
