#n	   k	      mu	    PL	    Pf	     w	     err  
0	  0.10472	  1	  0.00276739	  0.000701391	  3	  0.000440018
1	  0.20944	  1	  0.000983009	  0.000204549	  3	  0.000128324
2	  0.314159	  1	  0.000460441	  0.000182953	  3	  0.000114775
3	  0.418879	  1	  0.000258057	  3.12628e-05	  3	  1.96127e-05
4	  0.523599	  1	  0.000163143	  1.24614e-05	  3	  7.81768e-06
5	  0.628319	  1	  0.000110542	  6.56859e-05	  3	  4.12081e-05
6	  0.733038	  1	  7.90303e-05	  2.57968e-05	  3	  1.61836e-05
7	  0.837758	  1	  5.88269e-05	  1.92176e-05	  3	  1.20562e-05
8	  0.942478	  1	  4.51737e-05	  3.56126e-06	  3	  2.23416e-06
9	  0.10472	  0	  0.00276739	  0.000128704	  6	  5.89782e-05
10	  0.148096	  0.707107	  0.00175985	  0.00017677	  12	  5.98677e-05
11	  0.23416	  0.894427	  0.000778677	  0.000206989	  12	  7.0102e-05
12	  0.331153	  0.948683	  0.000416969	  8.76903e-05	  12	  2.96985e-05
13	  0.431771	  0.970143	  0.000242853	  4.23447e-05	  12	  1.43411e-05
14	  0.533968	  0.980581	  0.000156478	  2.83025e-05	  12	  9.58537e-06
15	  0.636985	  0.986394	  0.000107301	  2.04571e-05	  12	  6.92831e-06
16	  0.74048	  0.989949	  7.73204e-05	  2.20596e-05	  12	  7.47103e-06
17	  0.844278	  0.992278	  5.78037e-05	  1.33469e-05	  12	  4.52027e-06
18	  0.948278	  0.993884	  4.45448e-05	  1.24542e-05	  12	  4.21794e-06
19	  0.148096	  0	  0.00175985	  7.37325e-05	  6	  3.37878e-05
20	  0.18138	  0.57735	  0.0012485	  0.000100976	  12	  3.41981e-05
21	  0.25651	  0.816497	  0.000685318	  0.00010672	  12	  3.61435e-05
22	  0.347316	  0.904534	  0.000375577	  5.79966e-05	  12	  1.9642e-05
23	  0.444288	  0.942809	  0.000229579	  3.32635e-05	  12	  1.12655e-05
24	  0.54414	  0.96225	  0.000150265	  3.64967e-05	  12	  1.23605e-05
25	  0.645536	  0.973329	  0.000104283	  1.9573e-05	  12	  6.62888e-06
26	  0.747849	  0.980196	  7.56299e-05	  1.62348e-05	  12	  5.49833e-06
27	  0.850747	  0.984732	  5.6843e-05	  1.6143e-05	  12	  5.46724e-06
28	  0.954042	  0.987878	  4.39402e-05	  1.07395e-05	  12	  3.6372e-06
29	  0.20944	  0	  0.000983009	  4.3882e-05	  6	  2.01089e-05
30	  0.23416	  0.447214	  0.000778677	  6.83627e-05	  12	  2.31528e-05
31	  0.296192	  0.707107	  0.000507056	  7.76121e-05	  12	  2.62853e-05
32	  0.377572	  0.83205	  0.000319571	  5.50249e-05	  12	  1.86356e-05
33	  0.468321	  0.894427	  0.000205981	  4.44546e-05	  12	  1.50557e-05
34	  0.563933	  0.928477	  0.000139283	  1.51264e-05	  12	  5.12293e-06
35	  0.662306	  0.948683	  9.86289e-05	  1.77063e-05	  12	  5.99669e-06
36	  0.762371	  0.961524	  7.24968e-05	  1.37139e-05	  12	  4.64454e-06
37	  0.863541	  0.970143	  5.49714e-05	  6.27604e-06	  12	  2.12554e-06
38	  0.965468	  0.976187	  4.27761e-05	  8.13004e-06	  12	  2.75344e-06
39	  0.23416	  0	  0.000778677	  4.58354e-05	  12	  1.55233e-05
40	  0.25651	  0.408248	  0.000685318	  4.47287e-05	  24	  1.13667e-05
41	  0.314159	  0.666667	  0.000460441	  5.80641e-05	  24	  1.47555e-05
42	  0.391825	  0.801784	  0.000297534	  4.02219e-05	  24	  1.02214e-05
43	  0.479886	  0.872872	  0.000195499	  5.00273e-05	  24	  1.27132e-05
44	  0.573574	  0.912871	  0.00013443	  2.14622e-05	  24	  5.45407e-06
45	  0.670534	  0.937043	  9.6046e-05	  1.49129e-05	  24	  3.78972e-06
46	  0.76953	  0.952579	  7.10354e-05	  1.46804e-05	  24	  3.73065e-06
47	  0.869868	  0.963087	  5.40893e-05	  1.24993e-05	  24	  3.17638e-06
48	  0.971131	  0.970495	  4.22057e-05	  8.86267e-06	  24	  2.25222e-06
49	  0.296192	  0	  0.000507056	  2.55454e-05	  6	  1.17061e-05
50	  0.314159	  0.333333	  0.000460441	  3.31987e-05	  12	  1.12436e-05
51	  0.36276	  0.57735	  0.000343765	  2.84037e-05	  12	  9.61964e-06
52	  0.431771	  0.727607	  0.000242853	  3.41547e-05	  12	  1.15673e-05
53	  0.51302	  0.816497	  0.000170244	  3.18149e-05	  12	  1.07749e-05
54	  0.601569	  0.870388	  0.000121384	  2.15163e-05	  12	  7.28703e-06
55	  0.694632	  0.904534	  8.89354e-05	  2.07314e-05	  12	  7.02122e-06
56	  0.790617	  0.927173	  6.69054e-05	  1.03701e-05	  12	  3.5121e-06
57	  0.888577	  0.942809	  5.15706e-05	  9.96123e-06	  12	  3.37362e-06
58	  0.987924	  0.953998	  4.06016e-05	  5.69522e-06	  12	  1.92883e-06
59	  0.314159	  0	  0.000460441	  3.10576e-05	  6	  1.42321e-05
60	  0.331153	  0.316228	  0.000416969	  2.8975e-05	  12	  9.81311e-06
61	  0.377572	  0.5547	  0.000319571	  3.60936e-05	  12	  1.2224e-05
62	  0.444288	  0.707107	  0.000229579	  2.0341e-05	  12	  6.889e-06
63	  0.523599	  0.8	  0.000163143	  2.95663e-05	  12	  1.00134e-05
64	  0.610616	  0.857493	  0.000117549	  1.04422e-05	  12	  3.53651e-06
65	  0.702481	  0.894427	  8.67717e-05	  1.22869e-05	  12	  4.16126e-06
66	  0.797522	  0.919145	  6.56259e-05	  1.22234e-05	  12	  4.13975e-06
67	  0.894726	  0.936329	  5.07646e-05	  5.90936e-06	  12	  2.00135e-06
68	  0.993459	  0.948683	  4.00947e-05	  8.03275e-06	  12	  2.72049e-06
69	  0.331153	  0	  0.000416969	  2.0666e-05	  12	  6.99905e-06
70	  0.347316	  0.301511	  0.000375577	  1.95727e-05	  24	  4.9739e-06
71	  0.391825	  0.534522	  0.000297534	  1.92567e-05	  24	  4.8936e-06
72	  0.456463	  0.688247	  0.000217407	  3.44198e-05	  24	  8.7469e-06
73	  0.533968	  0.784465	  0.000156478	  1.74977e-05	  24	  4.44659e-06
74	  0.61953	  0.845154	  0.000113955	  1.43072e-05	  24	  3.63581e-06
75	  0.710244	  0.884652	  8.47248e-05	  1.86302e-05	  24	  4.73437e-06
76	  0.804368	  0.911322	  6.43985e-05	  1.32582e-05	  24	  3.36923e-06
77	  0.900833	  0.929981	  5.00066e-05	  8.53789e-06	  24	  2.16969e-06
78	  0.998963	  0.943456	  3.9601e-05	  6.293e-06	  24	  1.5992e-06
79	  0.377572	  0	  0.000319571	  1.80325e-05	  12	  6.10715e-06
80	  0.391825	  0.267261	  0.000297534	  1.2729e-05	  24	  3.23474e-06
81	  0.431771	  0.485071	  0.000242853	  2.396e-05	  24	  6.08882e-06
82	  0.491179	  0.639602	  0.000186145	  1.52035e-05	  24	  3.86358e-06
83	  0.563933	  0.742781	  0.000139283	  2.03939e-05	  24	  5.18259e-06
84	  0.645536	  0.811107	  0.000104283	  1.66025e-05	  24	  4.2191e-06
85	  0.733038	  0.857143	  7.90303e-05	  1.47287e-05	  24	  3.74291e-06
86	  0.824564	  0.889001	  6.09362e-05	  6.69215e-06	  24	  1.70064e-06
87	  0.918912	  0.911685	  4.7822e-05	  9.26247e-06	  24	  2.35382e-06
88	  0.418879	  0	  0.000258057	  4.65367e-06	  6	  2.13254e-06
89	  0.431771	  0.242536	  0.000242853	  9.69536e-06	  12	  3.28358e-06
90	  0.468321	  0.447214	  0.000205981	  1.7211e-05	  12	  5.82895e-06
91	  0.523599	  0.6	  0.000163143	  1.63436e-05	  12	  5.53516e-06
92	  0.592384	  0.707107	  0.000125493	  6.50876e-06	  12	  2.20435e-06
93	  0.670534	  0.780869	  9.6046e-05	  1.59549e-05	  12	  5.40354e-06
94	  0.755145	  0.83205	  7.40547e-05	  9.75617e-06	  12	  3.30417e-06
95	  0.844278	  0.868243	  5.78037e-05	  9.32448e-06	  12	  3.15797e-06
96	  0.936642	  0.894427	  4.58065e-05	  5.86952e-06	  12	  1.98786e-06
97	  0.431771	  0	  0.000242853	  9.94516e-06	  12	  3.36818e-06
98	  0.444288	  0.235702	  0.000229579	  5.71781e-06	  24	  1.45303e-06
99	  0.479886	  0.436436	  0.000195499	  2.0797e-05	  24	  5.28502e-06
100	  0.533968	  0.588348	  0.000156478	  1.14435e-05	  24	  2.90806e-06
101	  0.601569	  0.696311	  0.000121384	  9.2083e-06	  24	  2.34005e-06
102	  0.678662	  0.771517	  9.3549e-05	  9.10243e-06	  24	  2.31315e-06
103	  0.762371	  0.824163	  7.24968e-05	  1.43484e-05	  24	  3.64627e-06
104	  0.850747	  0.86164	  5.6843e-05	  1.11523e-05	  24	  2.83407e-06
105	  0.942478	  0.888889	  4.51737e-05	  9.37372e-06	  24	  2.38209e-06
106	  0.444288	  0	  0.000229579	  9.5108e-06	  6	  4.35831e-06
107	  0.456463	  0.229416	  0.000217407	  1.58978e-05	  12	  5.38419e-06
108	  0.491179	  0.426401	  0.000186145	  1.33792e-05	  12	  4.53122e-06
109	  0.54414	  0.57735	  0.000150265	  5.22819e-06	  12	  1.77066e-06
110	  0.610616	  0.685994	  0.000117549	  1.70647e-05	  12	  5.7794e-06
111	  0.686693	  0.762493	  9.11917e-05	  1.05619e-05	  12	  3.57706e-06
112	  0.76953	  0.816497	  7.10354e-05	  9.23498e-06	  12	  3.12766e-06
113	  0.857168	  0.855186	  5.58895e-05	  5.28731e-06	  12	  1.79068e-06
114	  0.948278	  0.883452	  4.45448e-05	  4.60902e-06	  12	  1.56096e-06
115	  0.468321	  0	  0.000205981	  1.15503e-05	  12	  3.91181e-06
116	  0.479886	  0.218218	  0.000195499	  1.59501e-05	  24	  4.05331e-06
117	  0.51302	  0.408248	  0.000170244	  1.60871e-05	  24	  4.08813e-06
118	  0.563933	  0.557086	  0.000139283	  1.41414e-05	  24	  3.59368e-06
119	  0.628319	  0.666667	  0.000110542	  1.08536e-05	  24	  2.75816e-06
120	  0.702481	  0.745356	  8.67717e-05	  1.23747e-05	  24	  3.1447e-06
121	  0.783651	  0.801784	  6.82336e-05	  9.81292e-06	  24	  2.4937e-06
122	  0.869868	  0.842701	  5.40893e-05	  6.49586e-06	  24	  1.65075e-06
123	  0.959772	  0.872872	  4.33564e-05	  6.31007e-06	  24	  1.60354e-06
124	  0.523599	  0	  0.000163143	  8.38859e-06	  18	  2.39664e-06
125	  0.533968	  0.196116	  0.000156478	  8.41378e-06	  36	  1.82299e-06
126	  0.563933	  0.371391	  0.000139283	  7.45482e-06	  36	  1.61521e-06
127	  0.610616	  0.514496	  0.000117549	  8.57039e-06	  36	  1.85692e-06
128	  0.670534	  0.624695	  9.6046e-05	  9.13487e-06	  36	  1.97922e-06
129	  0.74048	  0.707107	  7.73204e-05	  9.17089e-06	  36	  1.98703e-06
130	  0.817887	  0.768221	  6.2059e-05	  7.96518e-06	  36	  1.72579e-06
131	  0.900833	  0.813733	  5.00066e-05	  7.96478e-06	  36	  1.7257e-06
132	  0.987924	  0.847998	  4.06016e-05	  6.35892e-06	  36	  1.37777e-06
133	  0.533968	  0	  0.000156478	  8.13148e-06	  12	  2.75393e-06
134	  0.54414	  0.19245	  0.000150265	  1.06098e-05	  24	  2.6962e-06
135	  0.573574	  0.365148	  0.00013443	  8.27479e-06	  24	  2.10282e-06
136	  0.61953	  0.507093	  0.000113955	  9.52405e-06	  24	  2.42029e-06
137	  0.678662	  0.617213	  9.3549e-05	  8.22716e-06	  24	  2.09072e-06
138	  0.747849	  0.70014	  7.56299e-05	  8.38234e-06	  24	  2.13016e-06
139	  0.824564	  0.762001	  6.09362e-05	  3.82568e-06	  24	  9.72199e-07
140	  0.9069	  0.80829	  4.92601e-05	  7.11831e-06	  24	  1.80893e-06
141	  0.993459	  0.843274	  4.00947e-05	  5.05868e-06	  24	  1.28553e-06
142	  0.563933	  0	  0.000139283	  3.54481e-06	  12	  1.20054e-06
143	  0.573574	  0.182574	  0.00013443	  6.61706e-06	  24	  1.68155e-06
144	  0.601569	  0.348155	  0.000121384	  7.68994e-06	  24	  1.9542e-06
145	  0.645536	  0.486664	  0.000104283	  8.52654e-06	  24	  2.1668e-06
146	  0.702481	  0.596285	  8.67717e-05	  8.5295e-06	  24	  2.16755e-06
147	  0.76953	  0.680414	  7.10354e-05	  5.14808e-06	  24	  1.30825e-06
148	  0.844278	  0.744208	  5.78037e-05	  8.58288e-06	  24	  2.18112e-06
149	  0.92486	  0.792594	  4.71351e-05	  6.35875e-06	  24	  1.61591e-06
150	  0.592384	  0	  0.000125493	  2.33985e-06	  6	  1.07223e-06
151	  0.601569	  0.174078	  0.000121384	  4.80307e-06	  12	  1.62668e-06
152	  0.628319	  0.333333	  0.000110542	  6.52734e-06	  12	  2.21065e-06
153	  0.670534	  0.468521	  9.6046e-05	  5.51088e-06	  12	  1.8664e-06
154	  0.72552	  0.57735	  8.08652e-05	  9.12775e-06	  12	  3.09134e-06
155	  0.790617	  0.662266	  6.69054e-05	  7.27558e-06	  12	  2.46406e-06
156	  0.863541	  0.727607	  5.49714e-05	  5.39585e-06	  12	  1.82744e-06
157	  0.942478	  0.777778	  4.51737e-05	  5.01188e-06	  12	  1.6974e-06
158	  0.610616	  0	  0.000117549	  5.85103e-06	  12	  1.9816e-06
159	  0.61953	  0.169031	  0.000113955	  5.60112e-06	  24	  1.42338e-06
160	  0.645536	  0.324443	  0.000104283	  6.94392e-06	  24	  1.76462e-06
161	  0.686693	  0.457496	  9.11917e-05	  6.82017e-06	  24	  1.73317e-06
162	  0.74048	  0.565685	  7.73204e-05	  6.61548e-06	  24	  1.68115e-06
163	  0.804368	  0.650945	  6.43985e-05	  8.04371e-06	  24	  2.0441e-06
164	  0.876148	  0.717137	  5.32135e-05	  7.47255e-06	  24	  1.89895e-06
165	  0.954042	  0.76835	  4.39402e-05	  5.84321e-06	  24	  1.4849e-06
166	  0.628319	  0	  0.000110542	  1.42281e-05	  6	  6.51999e-06
167	  0.636985	  0.164399	  0.000107301	  8.30101e-06	  12	  2.81134e-06
168	  0.662306	  0.316228	  9.86289e-05	  5.29884e-06	  12	  1.79459e-06
169	  0.702481	  0.447214	  8.67717e-05	  3.08432e-06	  12	  1.04458e-06
170	  0.755145	  0.5547	  7.40547e-05	  4.1645e-06	  12	  1.41041e-06
171	  0.817887	  0.640184	  6.2059e-05	  5.03941e-06	  12	  1.70672e-06
172	  0.888577	  0.707107	  5.15706e-05	  4.61615e-06	  12	  1.56338e-06
173	  0.965468	  0.759257	  4.27761e-05	  6.03815e-06	  12	  2.04497e-06
174	  0.636985	  0	  0.000107301	  8.41937e-06	  12	  2.85143e-06
175	  0.645536	  0.162221	  0.000104283	  4.45666e-06	  24	  1.13254e-06
176	  0.670534	  0.312348	  9.6046e-05	  4.53617e-06	  24	  1.15275e-06
177	  0.710244	  0.442326	  8.47248e-05	  6.09839e-06	  24	  1.54975e-06
178	  0.762371	  0.549442	  7.24968e-05	  8.18182e-06	  24	  2.0792e-06
179	  0.824564	  0.635001	  6.09362e-05	  4.09112e-06	  24	  1.03965e-06
180	  0.894726	  0.702247	  5.07646e-05	  4.07911e-06	  24	  1.0366e-06
181	  0.971131	  0.754829	  4.22057e-05	  5.57601e-06	  24	  1.417e-06
182	  0.662306	  0	  9.86289e-05	  4.55527e-06	  12	  1.54276e-06
183	  0.670534	  0.156174	  9.6046e-05	  4.43183e-06	  24	  1.12623e-06
184	  0.694632	  0.301511	  8.89354e-05	  4.0401e-06	  24	  1.02669e-06
185	  0.733038	  0.428571	  7.90303e-05	  7.04361e-06	  24	  1.78995e-06
186	  0.783651	  0.534522	  6.82336e-05	  4.9484e-06	  24	  1.25751e-06
187	  0.844278	  0.620174	  5.78037e-05	  5.03395e-06	  24	  1.27925e-06
188	  0.912926	  0.688247	  4.85186e-05	  4.0644e-06	  24	  1.03286e-06
189	  0.987924	  0.741999	  4.06016e-05	  4.47441e-06	  24	  1.13705e-06
190	  0.670534	  0	  9.6046e-05	  4.82394e-06	  12	  1.63375e-06
191	  0.678662	  0.154303	  9.3549e-05	  3.87734e-06	  24	  9.85325e-07
192	  0.702481	  0.298142	  8.67717e-05	  5.73599e-06	  24	  1.45765e-06
193	  0.74048	  0.424264	  7.73204e-05	  5.00126e-06	  24	  1.27094e-06
194	  0.790617	  0.529813	  6.69054e-05	  4.87228e-06	  24	  1.23816e-06
195	  0.850747	  0.615457	  5.6843e-05	  3.7563e-06	  24	  9.54567e-07
196	  0.918912	  0.683763	  4.7822e-05	  5.7251e-06	  24	  1.45489e-06
197	  0.993459	  0.737865	  4.00947e-05	  4.7528e-06	  24	  1.2078e-06
198	  0.702481	  0	  8.67717e-05	  2.62371e-06	  12	  8.88585e-07
199	  0.710244	  0.147442	  8.47248e-05	  4.80092e-06	  24	  1.22003e-06
200	  0.733038	  0.285714	  7.90303e-05	  6.19955e-06	  24	  1.57546e-06
201	  0.76953	  0.408248	  7.10354e-05	  5.22572e-06	  24	  1.32798e-06
202	  0.817887	  0.512148	  6.2059e-05	  6.90542e-06	  24	  1.75483e-06
203	  0.876148	  0.597614	  5.32135e-05	  5.49121e-06	  24	  1.39545e-06
204	  0.942478	  0.666667	  4.51737e-05	  4.9191e-06	  24	  1.25006e-06
205	  0.733038	  0	  7.90303e-05	  3.65542e-06	  6	  1.67509e-06
206	  0.74048	  0.141421	  7.73204e-05	  3.68128e-06	  12	  1.24676e-06
207	  0.762371	  0.274721	  7.24968e-05	  3.66888e-06	  12	  1.24256e-06
208	  0.797522	  0.393919	  6.56259e-05	  4.80794e-06	  12	  1.62833e-06
209	  0.844278	  0.496139	  5.78037e-05	  5.6499e-06	  12	  1.91348e-06
210	  0.900833	  0.581238	  5.00066e-05	  5.37109e-06	  12	  1.81905e-06
211	  0.965468	  0.650791	  4.27761e-05	  4.45942e-06	  12	  1.5103e-06
212	  0.74048	  0	  7.73204e-05	  3.84997e-06	  18	  1.09995e-06
213	  0.747849	  0.140028	  7.56299e-05	  5.72163e-06	  36	  1.23969e-06
214	  0.76953	  0.272166	  7.10354e-05	  4.44415e-06	  36	  9.62899e-07
215	  0.804368	  0.390567	  6.43985e-05	  6.14279e-06	  36	  1.33094e-06
216	  0.850747	  0.492366	  5.6843e-05	  3.5133e-06	  36	  7.61216e-07
217	  0.9069	  0.57735	  4.92601e-05	  3.48353e-06	  36	  7.54765e-07
218	  0.971131	  0.646997	  4.22057e-05	  5.86656e-06	  36	  1.27109e-06
219	  0.755145	  0	  7.40547e-05	  2.55343e-06	  12	  8.64784e-07
220	  0.762371	  0.137361	  7.24968e-05	  5.17437e-06	  24	  1.31493e-06
221	  0.783651	  0.267261	  6.82336e-05	  4.68752e-06	  24	  1.19121e-06
222	  0.817887	  0.384111	  6.2059e-05	  4.6853e-06	  24	  1.19065e-06
223	  0.863541	  0.485071	  5.49714e-05	  2.92575e-06	  24	  7.43503e-07
224	  0.918912	  0.569803	  4.7822e-05	  4.04529e-06	  24	  1.02801e-06
225	  0.982358	  0.639602	  4.11333e-05	  3.11086e-06	  24	  7.90546e-07
226	  0.762371	  0	  7.24968e-05	  2.29246e-06	  12	  7.764e-07
227	  0.76953	  0.136083	  7.10354e-05	  5.35752e-06	  24	  1.36147e-06
228	  0.790617	  0.264906	  6.69054e-05	  3.71818e-06	  24	  9.4488e-07
229	  0.824564	  0.381	  6.09362e-05	  3.20915e-06	  24	  8.15523e-07
230	  0.869868	  0.481543	  5.40893e-05	  2.5648e-06	  24	  6.51777e-07
231	  0.92486	  0.566139	  4.71351e-05	  4.57681e-06	  24	  1.16308e-06
232	  0.987924	  0.635999	  4.06016e-05	  3.72031e-06	  24	  9.4542e-07
233	  0.797522	  0	  6.56259e-05	  4.28376e-06	  12	  1.4508e-06
234	  0.804368	  0.130189	  6.43985e-05	  4.77759e-06	  24	  1.2141e-06
235	  0.824564	  0.254	  6.09362e-05	  2.98012e-06	  24	  7.57321e-07
236	  0.857168	  0.366508	  5.58895e-05	  3.91214e-06	  24	  9.94169e-07
237	  0.900833	  0.464991	  5.00066e-05	  3.70316e-06	  24	  9.41061e-07
238	  0.954042	  0.548821	  4.39402e-05	  4.02344e-06	  24	  1.02245e-06
239	  0.817887	  0	  6.2059e-05	  3.23522e-06	  12	  1.09569e-06
240	  0.824564	  0.127	  6.09362e-05	  3.24465e-06	  24	  8.24543e-07
241	  0.844278	  0.248069	  5.78037e-05	  3.2201e-06	  24	  8.18304e-07
242	  0.876148	  0.358569	  5.32135e-05	  4.33383e-06	  24	  1.10133e-06
243	  0.918912	  0.455842	  4.7822e-05	  3.44301e-06	  24	  8.74951e-07
244	  0.971131	  0.539164	  4.22057e-05	  4.74143e-06	  24	  1.20491e-06
245	  0.837758	  0	  5.88269e-05	  3.75313e-06	  6	  1.71987e-06
246	  0.844278	  0.124035	  5.78037e-05	  5.06182e-06	  12	  1.71431e-06
247	  0.863541	  0.242536	  5.49714e-05	  1.84396e-06	  12	  6.24504e-07
248	  0.894726	  0.351123	  5.07646e-05	  2.9447e-06	  12	  9.97298e-07
249	  0.936642	  0.447214	  4.58065e-05	  2.6774e-06	  12	  9.0677e-07
250	  0.987924	  0.529999	  4.06016e-05	  4.81264e-06	  12	  1.62992e-06
251	  0.844278	  0	  5.78037e-05	  4.21562e-06	  24	  1.07129e-06
252	  0.850747	  0.123091	  5.6843e-05	  3.45147e-06	  48	  6.7075e-07
253	  0.869868	  0.240772	  5.40893e-05	  3.04201e-06	  48	  5.91176e-07
254	  0.900833	  0.348743	  5.00066e-05	  3.56006e-06	  48	  6.91853e-07
255	  0.942478	  0.444444	  4.51737e-05	  3.37876e-06	  48	  6.5662e-07
256	  0.993459	  0.527046	  4.00947e-05	  3.64188e-06	  48	  7.07754e-07
257	  0.863541	  0	  5.49714e-05	  1.96168e-06	  12	  6.64371e-07
258	  0.869868	  0.120386	  5.40893e-05	  2.74453e-06	  24	  6.97451e-07
259	  0.888577	  0.235702	  5.15706e-05	  2.7585e-06	  24	  7.01002e-07
260	  0.918912	  0.341882	  4.7822e-05	  3.3904e-06	  24	  8.61582e-07
261	  0.959772	  0.436436	  4.33564e-05	  3.02512e-06	  24	  7.68756e-07
262	  0.888577	  0	  5.15706e-05	  3.07695e-06	  6	  1.41001e-06
263	  0.894726	  0.117041	  5.07646e-05	  2.21429e-06	  12	  7.49926e-07
264	  0.912926	  0.229416	  4.85186e-05	  2.99173e-06	  12	  1.01323e-06
265	  0.942478	  0.333333	  4.51737e-05	  2.95284e-06	  12	  1.00005e-06
266	  0.982358	  0.426401	  4.11333e-05	  2.99541e-06	  12	  1.01447e-06
267	  0.894726	  0	  5.07646e-05	  2.51435e-06	  12	  8.51546e-07
268	  0.900833	  0.116248	  5.00066e-05	  2.97769e-06	  24	  7.56703e-07
269	  0.918912	  0.227921	  4.7822e-05	  3.16161e-06	  24	  8.03441e-07
270	  0.948278	  0.331295	  4.45448e-05	  3.14062e-06	  24	  7.98108e-07
271	  0.987924	  0.423999	  4.06016e-05	  2.647e-06	  24	  6.72665e-07
272	  0.900833	  0	  5.00066e-05	  3.20461e-06	  12	  1.08532e-06
273	  0.9069	  0.11547	  4.92601e-05	  2.60797e-06	  24	  6.62748e-07
274	  0.92486	  0.226455	  4.71351e-05	  2.21614e-06	  24	  5.63174e-07
275	  0.954042	  0.329293	  4.39402e-05	  3.13284e-06	  24	  7.96131e-07
276	  0.993459	  0.421637	  4.00947e-05	  2.90262e-06	  24	  7.37626e-07
277	  0.936642	  0	  4.58065e-05	  2.06257e-06	  12	  6.98541e-07
278	  0.942478	  0.111111	  4.51737e-05	  2.63872e-06	  24	  6.70562e-07
279	  0.959772	  0.218218	  4.33564e-05	  2.12115e-06	  24	  5.39036e-07
280	  0.987924	  0.317999	  4.06016e-05	  2.2203e-06	  24	  5.64231e-07
281	  0.942478	  0	  4.51737e-05	  5.42331e-06	  6	  2.48522e-06
282	  0.948278	  0.110432	  4.45448e-05	  3.68669e-06	  12	  1.24859e-06
283	  0.965468	  0.21693	  4.27761e-05	  2.88102e-06	  12	  9.75731e-07
284	  0.993459	  0.316228	  4.00947e-05	  3.19638e-06	  12	  1.08253e-06
285	  0.948278	  0	  4.45448e-05	  3.45748e-06	  12	  1.17096e-06
286	  0.954042	  0.109764	  4.39402e-05	  2.34539e-06	  24	  5.9602e-07
287	  0.971131	  0.215666	  4.22057e-05	  1.86672e-06	  24	  4.74378e-07
288	  0.998963	  0.314485	  3.9601e-05	  2.4862e-06	  24	  6.31803e-07
289	  0.965468	  0	  4.27761e-05	  1.982e-06	  24	  5.03673e-07
290	  0.971131	  0.107833	  4.22057e-05	  2.63416e-06	  48	  5.11917e-07
291	  0.987924	  0.212	  4.06016e-05	  2.62604e-06	  48	  5.10339e-07
292	  0.987924	  0	  4.06016e-05	  2.65132e-06	  12	  8.97935e-07
293	  0.993459	  0.105409	  4.00947e-05	  2.70088e-06	  24	  6.8636e-07
294	  0.993459	  0	  4.00947e-05	  2.09986e-06	  12	  7.11171e-07
295	  0.998963	  0.104828	  3.9601e-05	  1.96455e-06	  24	  4.99239e-07
296	  1.08818	  0.030936	  3.259e-05	  1.97913e-06	  138	  2.67431e-07
297	  1.08818	  0.0938307	  3.259e-05	  1.82213e-06	  252	  2.05889e-07
298	  1.08818	  0.156319	  3.259e-05	  1.65854e-06	  72	  2.78388e-07
299	  1.08818	  0.218712	  3.259e-05	  1.85712e-06	  216	  2.19216e-07
300	  1.08818	  0.281224	  3.259e-05	  2.17663e-06	  288	  2.37091e-07
301	  1.08818	  0.343807	  3.259e-05	  2.0043e-06	  120	  2.83181e-07
302	  1.08818	  0.406302	  3.259e-05	  2.74802e-06	  180	  3.42226e-07
303	  1.08818	  0.468745	  3.259e-05	  2.80866e-06	  180	  3.49778e-07
304	  1.08818	  0.531226	  3.259e-05	  2.97454e-06	  192	  3.63396e-07
305	  1.08818	  0.593785	  3.259e-05	  3.84248e-06	  192	  4.69431e-07
306	  1.08818	  0.656281	  3.259e-05	  3.27626e-06	  168	  4.16582e-07
307	  1.08818	  0.718743	  3.259e-05	  4.00331e-06	  228	  4.65291e-07
308	  1.08818	  0.781255	  3.259e-05	  5.04773e-06	  144	  6.73031e-07
309	  1.08818	  0.843774	  3.259e-05	  4.55531e-06	  240	  5.21809e-07
310	  1.08818	  0.90628	  3.259e-05	  6.44648e-06	  168	  8.19681e-07
311	  1.08818	  0.968758	  3.259e-05	  6.21405e-06	  150	  8.18077e-07
312	  1.25577	  0.030936	  2.34401e-05	  1.48933e-06	  198	  1.80309e-07
313	  1.25577	  0.0938307	  2.34401e-05	  1.54325e-06	  396	  1.54714e-07
314	  1.25577	  0.156319	  2.34401e-05	  1.48254e-06	  396	  1.48628e-07
315	  1.25577	  0.218712	  2.34401e-05	  1.40501e-06	  204	  1.68621e-07
316	  1.25577	  0.281224	  2.34401e-05	  1.65297e-06	  216	  1.95119e-07
317	  1.25577	  0.343807	  2.34401e-05	  1.65308e-06	  372	  1.68362e-07
318	  1.25577	  0.406302	  2.34401e-05	  1.80833e-06	  312	  1.92793e-07
319	  1.25577	  0.468745	  2.34401e-05	  1.8673e-06	  288	  2.03396e-07
320	  1.25577	  0.531226	  2.34401e-05	  2.37095e-06	  264	  2.64469e-07
321	  1.25577	  0.593785	  2.34401e-05	  2.15509e-06	  312	  2.29763e-07
322	  1.25577	  0.656281	  2.34401e-05	  2.49411e-06	  276	  2.74833e-07
323	  1.25577	  0.718743	  2.34401e-05	  2.69339e-06	  312	  2.87152e-07
324	  1.25577	  0.781255	  2.34401e-05	  3.05345e-06	  276	  3.36468e-07
325	  1.25577	  0.843774	  2.34401e-05	  3.48011e-06	  240	  3.98646e-07
326	  1.25577	  0.90628	  2.34401e-05	  4.03807e-06	  324	  4.26241e-07
327	  1.25577	  0.968758	  2.34401e-05	  4.40301e-06	  315	  4.68232e-07
328	  1.45182	  0.030936	  1.67209e-05	  1.04023e-06	  246	  1.18334e-07
329	  1.45182	  0.0938307	  1.67209e-05	  9.67657e-07	  516	  9.09816e-08
330	  1.45182	  0.156319	  1.67209e-05	  1.06056e-06	  504	  1.00269e-07
331	  1.45182	  0.218712	  1.67209e-05	  1.05201e-06	  528	  9.83834e-08
332	  1.45182	  0.281224	  1.67209e-05	  1.05829e-06	  504	  1.00054e-07
333	  1.45182	  0.343807	  1.67209e-05	  1.28264e-06	  384	  1.29586e-07
334	  1.45182	  0.406302	  1.67209e-05	  1.43208e-06	  420	  1.41483e-07
335	  1.45182	  0.468745	  1.67209e-05	  1.27792e-06	  468	  1.22968e-07
336	  1.45182	  0.531226	  1.67209e-05	  1.41024e-06	  480	  1.34881e-07
337	  1.45182	  0.593785	  1.67209e-05	  1.50683e-06	  468	  1.44994e-07
338	  1.45182	  0.656281	  1.67209e-05	  1.68921e-06	  396	  1.69347e-07
339	  1.45182	  0.718743	  1.67209e-05	  1.7758e-06	  456	  1.71949e-07
340	  1.45182	  0.781255	  1.67209e-05	  2.21323e-06	  432	  2.17146e-07
341	  1.45182	  0.843774	  1.67209e-05	  2.43468e-06	  480	  2.32861e-07
342	  1.45182	  0.90628	  1.67209e-05	  2.83613e-06	  480	  2.71258e-07
343	  1.45182	  0.968758	  1.67209e-05	  2.93396e-06	  414	  2.90894e-07
344	  1.68148	  0.030936	  1.18352e-05	  7.19672e-07	  798	  6.14597e-08
345	  1.68148	  0.0938307	  1.18352e-05	  8.06347e-07	  708	  7.06218e-08
346	  1.68148	  0.156319	  1.18352e-05	  7.38186e-07	  684	  6.51345e-08
347	  1.68148	  0.218712	  1.18352e-05	  8.13949e-07	  720	  7.10315e-08
348	  1.68148	  0.281224	  1.18352e-05	  8.04108e-07	  708	  7.04256e-08
349	  1.68148	  0.343807	  1.18352e-05	  8.51896e-07	  720	  7.43431e-08
350	  1.68148	  0.406302	  1.18352e-05	  9.31335e-07	  672	  8.24938e-08
351	  1.68148	  0.468745	  1.18352e-05	  1.0189e-06	  732	  8.86048e-08
352	  1.68148	  0.531226	  1.18352e-05	  1.05465e-06	  672	  9.34168e-08
353	  1.68148	  0.593785	  1.18352e-05	  1.09296e-06	  708	  9.57236e-08
354	  1.68148	  0.656281	  1.18352e-05	  1.12894e-06	  744	  9.78358e-08
355	  1.68148	  0.718743	  1.18352e-05	  1.43213e-06	  744	  1.24111e-07
356	  1.68148	  0.781255	  1.18352e-05	  1.48928e-06	  696	  1.30915e-07
357	  1.68148	  0.843774	  1.18352e-05	  1.67519e-06	  708	  1.46717e-07
358	  1.68148	  0.90628	  1.18352e-05	  1.88853e-06	  696	  1.66011e-07
359	  1.68148	  0.968758	  1.18352e-05	  2.00377e-06	  741	  1.73799e-07
360	  1.94819	  0.030936	  8.33561e-06	  5.3596e-07	  1368	  4.12887e-08
361	  1.94819	  0.0938307	  8.33561e-06	  5.28376e-07	  924	  4.38011e-08
362	  1.94819	  0.156319	  8.33561e-06	  5.7585e-07	  972	  4.72629e-08
363	  1.94819	  0.218712	  8.33561e-06	  5.85314e-07	  972	  4.80397e-08
364	  1.94819	  0.281224	  8.33561e-06	  5.36968e-07	  1200	  4.23493e-08
365	  1.94819	  0.343807	  8.33561e-06	  5.78334e-07	  1140	  4.60455e-08
366	  1.94819	  0.406302	  8.33561e-06	  6.24153e-07	  1080	  5.02e-08
367	  1.94819	  0.468745	  8.33561e-06	  6.95156e-07	  1068	  5.60293e-08
368	  1.94819	  0.531226	  8.33561e-06	  6.87655e-07	  1164	  5.45383e-08
369	  1.94819	  0.593785	  8.33561e-06	  7.90757e-07	  1188	  6.248e-08
370	  1.94819	  0.656281	  8.33561e-06	  8.28542e-07	  1068	  6.678e-08
371	  1.94819	  0.718743	  8.33561e-06	  8.52024e-07	  1008	  6.94374e-08
372	  1.94819	  0.781255	  8.33561e-06	  1.01541e-06	  1164	  8.05325e-08
373	  1.94819	  0.843774	  8.33561e-06	  1.02644e-06	  1176	  8.12535e-08
374	  1.94819	  0.90628	  8.33561e-06	  1.18864e-06	  1080	  9.56009e-08
375	  1.94819	  0.968758	  8.33561e-06	  1.27942e-06	  1038	  1.03682e-07
376	  2.25604	  0.030936	  5.85898e-06	  3.87433e-07	  1896	  2.82694e-08
377	  2.25604	  0.0938307	  5.85898e-06	  3.92484e-07	  1272	  3.06289e-08
378	  2.25604	  0.156319	  5.85898e-06	  3.82707e-07	  2040	  2.76086e-08
379	  2.25604	  0.218712	  5.85898e-06	  4.06293e-07	  1740	  3.00548e-08
380	  2.25604	  0.281224	  5.85898e-06	  4.11054e-07	  1584	  3.08808e-08
381	  2.25604	  0.343807	  5.85898e-06	  4.18467e-07	  1764	  3.08868e-08
382	  2.25604	  0.406302	  5.85898e-06	  4.3278e-07	  1632	  3.23519e-08
383	  2.25604	  0.468745	  5.85898e-06	  4.66309e-07	  1860	  3.41277e-08
384	  2.25604	  0.531226	  5.85898e-06	  4.97904e-07	  1560	  3.75014e-08
385	  2.25604	  0.593785	  5.85898e-06	  5.23722e-07	  1692	  3.89182e-08
386	  2.25604	  0.656281	  5.85898e-06	  5.91368e-07	  1704	  4.38943e-08
387	  2.25604	  0.718743	  5.85898e-06	  6.07613e-07	  1824	  4.46077e-08
388	  2.25604	  0.781255	  5.85898e-06	  6.68873e-07	  1668	  4.98211e-08
389	  2.25604	  0.843774	  5.85898e-06	  7.08069e-07	  1680	  5.26786e-08
390	  2.25604	  0.90628	  5.85898e-06	  7.84671e-07	  1776	  5.7853e-08
391	  2.25604	  0.968758	  5.85898e-06	  8.18674e-07	  1656	  6.10515e-08
392	  2.61216	  0.030936	  4.10705e-06	  2.89861e-07	  2586	  2.01931e-08
393	  2.61216	  0.0938307	  4.10705e-06	  2.81003e-07	  3036	  1.91501e-08
394	  2.61216	  0.156319	  4.10705e-06	  2.90431e-07	  2124	  2.08233e-08
395	  2.61216	  0.218712	  4.10705e-06	  2.84805e-07	  2940	  1.94929e-08
396	  2.61216	  0.281224	  4.10705e-06	  3.03088e-07	  2616	  2.10803e-08
397	  2.61216	  0.343807	  4.10705e-06	  3.08593e-07	  2448	  2.16667e-08
398	  2.61216	  0.406302	  4.10705e-06	  3.17522e-07	  2916	  2.17562e-08
399	  2.61216	  0.468745	  4.10705e-06	  3.30452e-07	  2544	  2.30742e-08
400	  2.61216	  0.531226	  4.10705e-06	  3.51777e-07	  2652	  2.44198e-08
401	  2.61216	  0.593785	  4.10705e-06	  3.63841e-07	  2748	  2.51328e-08
402	  2.61216	  0.656281	  4.10705e-06	  4.09244e-07	  2676	  2.83734e-08
403	  2.61216	  0.718743	  4.10705e-06	  4.00379e-07	  2472	  2.80718e-08
404	  2.61216	  0.781255	  4.10705e-06	  4.34786e-07	  2616	  3.024e-08
405	  2.61216	  0.843774	  4.10705e-06	  4.53069e-07	  2736	  3.13152e-08
406	  2.61216	  0.90628	  4.10705e-06	  4.82433e-07	  2568	  3.36417e-08
407	  2.61216	  0.968758	  4.10705e-06	  4.96622e-07	  2745	  3.431e-08
408	  3.02645	  0.030936	  2.86472e-06	  2.06553e-07	  3414	  1.38628e-08
409	  3.02645	  0.0938307	  2.86472e-06	  2.06575e-07	  4512	  1.34041e-08
410	  3.02645	  0.156319	  2.86472e-06	  1.98378e-07	  4632	  1.28337e-08
411	  3.02645	  0.218712	  2.86472e-06	  2.02076e-07	  3972	  1.33101e-08
412	  3.02645	  0.281224	  2.86472e-06	  2.08583e-07	  4176	  1.36569e-08
413	  3.02645	  0.343807	  2.86472e-06	  2.12514e-07	  4344	  1.385e-08
414	  3.02645	  0.406302	  2.86472e-06	  2.18945e-07	  4044	  1.43902e-08
415	  3.02645	  0.468745	  2.86472e-06	  2.3373e-07	  4092	  1.53403e-08
416	  3.02645	  0.531226	  2.86472e-06	  2.51322e-07	  4296	  1.64005e-08
417	  3.02645	  0.593785	  2.86472e-06	  2.54447e-07	  3996	  1.67475e-08
418	  3.02645	  0.656281	  2.86472e-06	  2.66381e-07	  4188	  1.74353e-08
419	  3.02645	  0.718743	  2.86472e-06	  2.83602e-07	  4212	  1.855e-08
420	  3.02645	  0.781255	  2.86472e-06	  2.87908e-07	  4140	  1.887e-08
421	  3.02645	  0.843774	  2.86472e-06	  2.96024e-07	  4128	  1.94086e-08
422	  3.02645	  0.90628	  2.86472e-06	  3.09695e-07	  4188	  2.02703e-08
423	  3.02645	  0.968758	  2.86472e-06	  3.07832e-07	  4128	  2.01828e-08
424	  3.50419	  0.030936	  1.99639e-06	  1.46705e-07	  7002	  9.08846e-09
425	  3.50419	  0.0938307	  1.99639e-06	  1.47799e-07	  6240	  9.26097e-09
426	  3.50419	  0.156319	  1.99639e-06	  1.40519e-07	  5964	  8.84552e-09
427	  3.50419	  0.218712	  1.99639e-06	  1.44402e-07	  6180	  9.05699e-09
428	  3.50419	  0.281224	  1.99639e-06	  1.48678e-07	  6420	  9.2895e-09
429	  3.50419	  0.343807	  1.99639e-06	  1.51949e-07	  6516	  9.47981e-09
430	  3.50419	  0.406302	  1.99639e-06	  1.5432e-07	  6312	  9.65839e-09
431	  3.50419	  0.468745	  1.99639e-06	  1.69782e-07	  6276	  1.06323e-08
432	  3.50419	  0.531226	  1.99639e-06	  1.64563e-07	  6360	  1.02916e-08
433	  3.50419	  0.593785	  1.99639e-06	  1.69215e-07	  6408	  1.05746e-08
434	  3.50419	  0.656281	  1.99639e-06	  1.83093e-07	  6360	  1.14505e-08
435	  3.50419	  0.718743	  1.99639e-06	  1.83375e-07	  6336	  1.14725e-08
436	  3.50419	  0.781255	  1.99639e-06	  1.83708e-07	  6372	  1.14868e-08
437	  3.50419	  0.843774	  1.99639e-06	  1.90521e-07	  6456	  1.18972e-08
438	  3.50419	  0.90628	  1.99639e-06	  1.8464e-07	  6360	  1.15472e-08
439	  3.50419	  0.968758	  1.99639e-06	  1.83772e-07	  6327	  1.1499e-08
440	  4.05763	  0.030936	  1.3873e-06	  1.04336e-07	  10392	  6.24028e-09
441	  4.05763	  0.0938307	  1.3873e-06	  9.95523e-08	  9420	  6.00333e-09
442	  4.05763	  0.156319	  1.3873e-06	  1.03776e-07	  10176	  6.21755e-09
443	  4.05763	  0.218712	  1.3873e-06	  1.04018e-07	  10260	  6.22781e-09
444	  4.05763	  0.281224	  1.3873e-06	  9.98957e-08	  9528	  6.01819e-09
445	  4.05763	  0.343807	  1.3873e-06	  1.03888e-07	  10140	  6.22608e-09
446	  4.05763	  0.406302	  1.3873e-06	  1.07775e-07	  9960	  6.46866e-09
447	  4.05763	  0.468745	  1.3873e-06	  1.08104e-07	  10068	  6.48259e-09
448	  4.05763	  0.531226	  1.3873e-06	  1.12793e-07	  9996	  6.7678e-09
449	  4.05763	  0.593785	  1.3873e-06	  1.1241e-07	  9828	  6.75438e-09
450	  4.05763	  0.656281	  1.3873e-06	  1.15316e-07	  10032	  6.91714e-09
451	  4.05763	  0.718743	  1.3873e-06	  1.15478e-07	  9924	  6.93309e-09
452	  4.05763	  0.781255	  1.3873e-06	  1.12621e-07	  10116	  6.75081e-09
453	  4.05763	  0.843774	  1.3873e-06	  1.12911e-07	  9888	  6.78105e-09
454	  4.05763	  0.90628	  1.3873e-06	  1.13333e-07	  10008	  6.79952e-09
455	  4.05763	  0.968758	  1.3873e-06	  1.05261e-07	  9978	  6.31684e-09
456	  4.69917	  0.030936	  9.60877e-07	  7.30991e-08	  13626	  4.28118e-09
457	  4.69917	  0.0938307	  9.60877e-07	  7.16949e-08	  16392	  4.14473e-09
458	  4.69917	  0.156319	  9.60877e-07	  7.1211e-08	  15708	  4.12873e-09
459	  4.69917	  0.218712	  9.60877e-07	  7.04358e-08	  15432	  4.08879e-09
460	  4.69917	  0.281224	  9.60877e-07	  7.00451e-08	  15780	  4.05986e-09
461	  4.69917	  0.343807	  9.60877e-07	  7.0959e-08	  15300	  4.12162e-09
462	  4.69917	  0.406302	  9.60877e-07	  7.18424e-08	  15588	  4.16754e-09
463	  4.69917	  0.468745	  9.60877e-07	  7.21054e-08	  15396	  4.18639e-09
464	  4.69917	  0.531226	  9.60877e-07	  7.34532e-08	  15504	  4.26257e-09
465	  4.69917	  0.593785	  9.60877e-07	  7.28605e-08	  15660	  4.22526e-09
466	  4.69917	  0.656281	  9.60877e-07	  7.18296e-08	  15192	  4.17425e-09
467	  4.69917	  0.718743	  9.60877e-07	  7.04565e-08	  15600	  4.08693e-09
468	  4.69917	  0.781255	  9.60877e-07	  7.02648e-08	  15216	  4.08286e-09
469	  4.69917	  0.843774	  9.60877e-07	  6.78797e-08	  15516	  3.93893e-09
470	  4.69917	  0.90628	  9.60877e-07	  6.32753e-08	  15540	  3.67135e-09
471	  4.69917	  0.968758	  9.60877e-07	  6.09586e-08	  15405	  3.53907e-09
472	  5.4432	  0.030936	  6.6384e-07	  5.1194e-08	  26250	  2.87567e-09
473	  5.4432	  0.0938307	  6.6384e-07	  4.99072e-08	  22392	  2.82888e-09
474	  5.4432	  0.156319	  6.6384e-07	  4.93742e-08	  24516	  2.78405e-09
475	  5.4432	  0.218712	  6.6384e-07	  4.82847e-08	  23592	  2.7286e-09
476	  5.4432	  0.281224	  6.6384e-07	  4.80659e-08	  24264	  2.71187e-09
477	  5.4432	  0.343807	  6.6384e-07	  4.8096e-08	  23928	  2.71572e-09
478	  5.4432	  0.406302	  6.6384e-07	  4.69106e-08	  24120	  2.64758e-09
479	  5.4432	  0.468745	  6.6384e-07	  4.62445e-08	  23964	  2.61096e-09
480	  5.4432	  0.531226	  6.6384e-07	  4.57787e-08	  24060	  2.58407e-09
481	  5.4432	  0.593785	  6.6384e-07	  4.55419e-08	  24108	  2.5704e-09
482	  5.4432	  0.656281	  6.6384e-07	  4.39443e-08	  24228	  2.47954e-09
483	  5.4432	  0.718743	  6.6384e-07	  4.26338e-08	  24144	  2.40607e-09
484	  5.4432	  0.781255	  6.6384e-07	  4.00709e-08	  23940	  2.26253e-09
485	  5.4432	  0.843774	  6.6384e-07	  3.68398e-08	  24192	  2.07884e-09
486	  5.4432	  0.90628	  6.6384e-07	  3.50358e-08	  23988	  1.978e-09
487	  5.4432	  0.968758	  6.6384e-07	  3.23327e-08	  24141	  1.82473e-09
488	  6.30378	  0.030936	  4.57865e-07	  3.54889e-08	  35082	  1.96392e-09
489	  6.30378	  0.0938307	  4.57865e-07	  3.3977e-08	  39108	  1.87066e-09
490	  6.30378	  0.156319	  4.57865e-07	  3.33143e-08	  36924	  1.83909e-09
491	  6.30378	  0.218712	  4.57865e-07	  3.25123e-08	  37692	  1.79308e-09
492	  6.30378	  0.281224	  4.57865e-07	  3.13887e-08	  37092	  1.73242e-09
493	  6.30378	  0.343807	  4.57865e-07	  3.10121e-08	  37536	  1.71067e-09
494	  6.30378	  0.406302	  4.57865e-07	  3.04138e-08	  36984	  1.67884e-09
495	  6.30378	  0.468745	  4.57865e-07	  2.92901e-08	  37428	  1.6159e-09
496	  6.30378	  0.531226	  4.57865e-07	  2.82897e-08	  37392	  1.56078e-09
497	  6.30378	  0.593785	  4.57865e-07	  2.69045e-08	  37200	  1.48472e-09
498	  6.30378	  0.656281	  4.57865e-07	  2.5349e-08	  36924	  1.39937e-09
499	  6.30378	  0.718743	  4.57865e-07	  2.37109e-08	  37272	  1.30836e-09
500	  6.30378	  0.781255	  4.57865e-07	  2.18202e-08	  37284	  1.20401e-09
501	  6.30378	  0.843774	  4.57865e-07	  1.98215e-08	  37188	  1.09386e-09
502	  6.30378	  0.90628	  4.57865e-07	  1.80162e-08	  37320	  9.94067e-10
503	  6.30378	  0.968758	  4.57865e-07	  1.57716e-08	  37119	  8.70441e-10
504	  7.30029	  0.030936	  3.15016e-07	  2.37172e-08	  60258	  1.28248e-09
505	  7.30029	  0.0938307	  3.15016e-07	  2.27672e-08	  56916	  1.23379e-09
506	  7.30029	  0.156319	  3.15016e-07	  2.21193e-08	  56820	  1.19876e-09
507	  7.30029	  0.218712	  3.15016e-07	  2.14001e-08	  58716	  1.15832e-09
508	  7.30029	  0.281224	  3.15016e-07	  2.05838e-08	  57840	  1.11478e-09
509	  7.30029	  0.343807	  3.15016e-07	  1.94407e-08	  57612	  1.05303e-09
510	  7.30029	  0.406302	  3.15016e-07	  1.8641e-08	  58464	  1.00915e-09
511	  7.30029	  0.468745	  3.15016e-07	  1.7561e-08	  57948	  9.51002e-10
512	  7.30029	  0.531226	  3.15016e-07	  1.65529e-08	  57708	  8.96552e-10
513	  7.30029	  0.593785	  3.15016e-07	  1.50754e-08	  58236	  8.16239e-10
514	  7.30029	  0.656281	  3.15016e-07	  1.38604e-08	  58008	  7.5057e-10
515	  7.30029	  0.718743	  3.15016e-07	  1.24774e-08	  58200	  6.75591e-10
516	  7.30029	  0.781255	  3.15016e-07	  1.09814e-08	  58128	  5.94616e-10
517	  7.30029	  0.843774	  3.15016e-07	  9.66655e-09	  57972	  5.23475e-10
518	  7.30029	  0.90628	  3.15016e-07	  8.4595e-09	  57960	  4.58113e-10
519	  7.30029	  0.968758	  3.15016e-07	  7.25549e-09	  58122	  3.9287e-10
520	  8.455	  0.030936	  2.16353e-07	  1.55214e-08	  90198	  8.27752e-10
521	  8.455	  0.0938307	  2.16353e-07	  1.48701e-08	  89292	  7.93267e-10
522	  8.455	  0.156319	  2.16353e-07	  1.43403e-08	  90804	  7.64603e-10
523	  8.455	  0.218712	  2.16353e-07	  1.34679e-08	  89628	  7.18382e-10
524	  8.455	  0.281224	  2.16353e-07	  1.27103e-08	  89844	  6.77921e-10
525	  8.455	  0.343807	  2.16353e-07	  1.18351e-08	  90636	  6.31067e-10
526	  8.455	  0.406302	  2.16353e-07	  1.09438e-08	  89628	  5.83748e-10
527	  8.455	  0.468745	  2.16353e-07	  1.00264e-08	  89772	  5.34786e-10
528	  8.455	  0.531226	  2.16353e-07	  9.04833e-09	  90324	  4.82523e-10
529	  8.455	  0.593785	  2.16353e-07	  7.92378e-09	  89784	  4.22633e-10
530	  8.455	  0.656281	  2.16353e-07	  6.93403e-09	  90216	  3.69787e-10
531	  8.455	  0.718743	  2.16353e-07	  6.03405e-09	  89796	  3.21839e-10
532	  8.455	  0.781255	  2.16353e-07	  5.14627e-09	  90120	  2.74456e-10
533	  8.455	  0.843774	  2.16353e-07	  4.37695e-09	  90132	  2.33427e-10
534	  8.455	  0.90628	  2.16353e-07	  3.69865e-09	  89916	  1.97267e-10
535	  8.455	  0.968758	  2.16353e-07	  3.03703e-09	  89964	  1.61977e-10
536	  9.79129	  0.030936	  1.48293e-07	  9.87493e-09	  139068	  5.20226e-10
537	  9.79129	  0.0938307	  1.48293e-07	  9.30042e-09	  141180	  4.89773e-10
538	  9.79129	  0.156319	  1.48293e-07	  8.82847e-09	  139380	  4.65071e-10
539	  9.79129	  0.218712	  1.48293e-07	  8.2063e-09	  138804	  4.32342e-10
540	  9.79129	  0.281224	  1.48293e-07	  7.53429e-09	  140952	  3.96783e-10
541	  9.79129	  0.343807	  1.48293e-07	  6.75211e-09	  139668	  3.55673e-10
542	  9.79129	  0.406302	  1.48293e-07	  6.00429e-09	  139464	  3.16293e-10
543	  9.79129	  0.468745	  1.48293e-07	  5.26107e-09	  139812	  2.77124e-10
544	  9.79129	  0.531226	  1.48293e-07	  4.49606e-09	  139884	  2.36824e-10
545	  9.79129	  0.593785	  1.48293e-07	  3.85259e-09	  140184	  2.02919e-10
546	  9.79129	  0.656281	  1.48293e-07	  3.24176e-09	  139404	  1.7077e-10
547	  9.79129	  0.718743	  1.48293e-07	  2.70023e-09	  139932	  1.4223e-10
548	  9.79129	  0.781255	  1.48293e-07	  2.22774e-09	  139980	  1.17341e-10
549	  9.79129	  0.843774	  1.48293e-07	  1.80957e-09	  139632	  9.5321e-11
550	  9.79129	  0.90628	  1.48293e-07	  1.48315e-09	  140088	  7.81203e-11
551	  9.79129	  0.968758	  1.48293e-07	  1.17114e-09	  139623	  6.16915e-11
