#n	   k	      mu	    PL	    Pf	     w	     err  
0	  0.10472	  1	  0.00276739	  0.000670439	  3	  0.0004206
1	  0.20944	  1	  0.000983009	  0.000193782	  3	  0.000121569
2	  0.314159	  1	  0.000460441	  0.000179971	  3	  0.000112905
3	  0.418879	  1	  0.000258057	  2.92145e-05	  3	  1.83277e-05
4	  0.523599	  1	  0.000163143	  1.18919e-05	  3	  7.46038e-06
5	  0.628319	  1	  0.000110542	  6.03811e-05	  3	  3.78801e-05
6	  0.733038	  1	  7.90303e-05	  2.46414e-05	  3	  1.54588e-05
7	  0.837758	  1	  5.88269e-05	  1.82367e-05	  3	  1.14408e-05
8	  0.942478	  1	  4.51737e-05	  3.17917e-06	  3	  1.99445e-06
9	  0.10472	  0	  0.00276739	  0.00011163	  6	  5.11544e-05
10	  0.148096	  0.707107	  0.00175985	  0.000165733	  12	  5.61297e-05
11	  0.23416	  0.894427	  0.000778677	  0.00019091	  12	  6.46565e-05
12	  0.331153	  0.948683	  0.000416969	  8.23322e-05	  12	  2.78839e-05
13	  0.431771	  0.970143	  0.000242853	  3.96292e-05	  12	  1.34214e-05
14	  0.533968	  0.980581	  0.000156478	  2.67121e-05	  12	  9.04673e-06
15	  0.636985	  0.986394	  0.000107301	  1.90286e-05	  12	  6.44452e-06
16	  0.74048	  0.989949	  7.73204e-05	  2.03255e-05	  12	  6.88376e-06
17	  0.844278	  0.992278	  5.78037e-05	  1.25766e-05	  12	  4.25939e-06
18	  0.948278	  0.993884	  4.45448e-05	  1.14762e-05	  12	  3.8867e-06
19	  0.148096	  0	  0.00175985	  6.4208e-05	  6	  2.94232e-05
20	  0.18138	  0.57735	  0.0012485	  9.37512e-05	  12	  3.17512e-05
21	  0.25651	  0.816497	  0.000685318	  9.91485e-05	  12	  3.35791e-05
22	  0.347316	  0.904534	  0.000375577	  5.48148e-05	  12	  1.85644e-05
23	  0.444288	  0.942809	  0.000229579	  3.14904e-05	  12	  1.0665e-05
24	  0.54414	  0.96225	  0.000150265	  3.44932e-05	  12	  1.1682e-05
25	  0.645536	  0.973329	  0.000104283	  1.80854e-05	  12	  6.12506e-06
26	  0.747849	  0.980196	  7.56299e-05	  1.51675e-05	  12	  5.13685e-06
27	  0.850747	  0.984732	  5.6843e-05	  1.49184e-05	  12	  5.05249e-06
28	  0.954042	  0.987878	  4.39402e-05	  1.01647e-05	  12	  3.44254e-06
29	  0.20944	  0	  0.000983009	  3.8163e-05	  6	  1.74881e-05
30	  0.23416	  0.447214	  0.000778677	  6.33407e-05	  12	  2.14519e-05
31	  0.296192	  0.707107	  0.000507056	  7.20101e-05	  12	  2.4388e-05
32	  0.377572	  0.83205	  0.000319571	  5.1978e-05	  12	  1.76036e-05
33	  0.468321	  0.894427	  0.000205981	  4.18239e-05	  12	  1.41647e-05
34	  0.563933	  0.928477	  0.000139283	  1.41244e-05	  12	  4.78357e-06
35	  0.662306	  0.948683	  9.86289e-05	  1.64297e-05	  12	  5.56432e-06
36	  0.762371	  0.961524	  7.24968e-05	  1.24314e-05	  12	  4.2102e-06
37	  0.863541	  0.970143	  5.49714e-05	  5.90981e-06	  12	  2.00151e-06
38	  0.965468	  0.976187	  4.27761e-05	  7.51604e-06	  12	  2.54549e-06
39	  0.23416	  0	  0.000778677	  4.13077e-05	  12	  1.39899e-05
40	  0.25651	  0.408248	  0.000685318	  4.10298e-05	  24	  1.04267e-05
41	  0.314159	  0.666667	  0.000460441	  5.38888e-05	  24	  1.36945e-05
42	  0.391825	  0.801784	  0.000297534	  3.74551e-05	  24	  9.51825e-06
43	  0.479886	  0.872872	  0.000195499	  4.70458e-05	  24	  1.19555e-05
44	  0.573574	  0.912871	  0.00013443	  2.03483e-05	  24	  5.171e-06
45	  0.670534	  0.937043	  9.6046e-05	  1.38581e-05	  24	  3.52167e-06
46	  0.76953	  0.952579	  7.10354e-05	  1.37714e-05	  24	  3.49965e-06
47	  0.869868	  0.963087	  5.40893e-05	  1.16815e-05	  24	  2.96855e-06
48	  0.971131	  0.970495	  4.22057e-05	  8.18466e-06	  24	  2.07992e-06
49	  0.296192	  0	  0.000507056	  2.36593e-05	  6	  1.08418e-05
50	  0.314159	  0.333333	  0.000460441	  3.01897e-05	  12	  1.02245e-05
51	  0.36276	  0.57735	  0.000343765	  2.58282e-05	  12	  8.74737e-06
52	  0.431771	  0.727607	  0.000242853	  3.21869e-05	  12	  1.09009e-05
53	  0.51302	  0.816497	  0.000170244	  3.04903e-05	  12	  1.03263e-05
54	  0.601569	  0.870388	  0.000121384	  2.03318e-05	  12	  6.88589e-06
55	  0.694632	  0.904534	  8.89354e-05	  1.95378e-05	  12	  6.61697e-06
56	  0.790617	  0.927173	  6.69054e-05	  9.63091e-06	  12	  3.26175e-06
57	  0.888577	  0.942809	  5.15706e-05	  9.28046e-06	  12	  3.14306e-06
58	  0.987924	  0.953998	  4.06016e-05	  5.36875e-06	  12	  1.81826e-06
59	  0.314159	  0	  0.000460441	  2.7707e-05	  6	  1.26967e-05
60	  0.331153	  0.316228	  0.000416969	  2.64603e-05	  12	  8.96143e-06
61	  0.377572	  0.5547	  0.000319571	  3.32446e-05	  12	  1.12591e-05
62	  0.444288	  0.707107	  0.000229579	  1.92454e-05	  12	  6.51792e-06
63	  0.523599	  0.8	  0.000163143	  2.7715e-05	  12	  9.38638e-06
64	  0.610616	  0.857493	  0.000117549	  9.4716e-06	  12	  3.2078e-06
65	  0.702481	  0.894427	  8.67717e-05	  1.11818e-05	  12	  3.78699e-06
66	  0.797522	  0.919145	  6.56259e-05	  1.15466e-05	  12	  3.91055e-06
67	  0.894726	  0.936329	  5.07646e-05	  5.48136e-06	  12	  1.8564e-06
68	  0.993459	  0.948683	  4.00947e-05	  7.52756e-06	  12	  2.5494e-06
69	  0.331153	  0	  0.000416969	  1.88772e-05	  12	  6.39324e-06
70	  0.347316	  0.301511	  0.000375577	  1.79303e-05	  24	  4.55653e-06
71	  0.391825	  0.534522	  0.000297534	  1.75673e-05	  24	  4.46427e-06
72	  0.456463	  0.688247	  0.000217407	  3.16486e-05	  24	  8.04267e-06
73	  0.533968	  0.784465	  0.000156478	  1.62362e-05	  24	  4.126e-06
74	  0.61953	  0.845154	  0.000113955	  1.32924e-05	  24	  3.37793e-06
75	  0.710244	  0.884652	  8.47248e-05	  1.71207e-05	  24	  4.35077e-06
76	  0.804368	  0.911322	  6.43985e-05	  1.25808e-05	  24	  3.19708e-06
77	  0.900833	  0.929981	  5.00066e-05	  7.9052e-06	  24	  2.0089e-06
78	  0.998963	  0.943456	  3.9601e-05	  5.78864e-06	  24	  1.47103e-06
79	  0.377572	  0	  0.000319571	  1.65033e-05	  12	  5.58927e-06
80	  0.391825	  0.267261	  0.000297534	  1.14711e-05	  24	  2.91508e-06
81	  0.431771	  0.485071	  0.000242853	  2.23723e-05	  24	  5.68533e-06
82	  0.491179	  0.639602	  0.000186145	  1.41025e-05	  24	  3.58379e-06
83	  0.563933	  0.742781	  0.000139283	  1.88838e-05	  24	  4.79882e-06
84	  0.645536	  0.811107	  0.000104283	  1.56926e-05	  24	  3.98786e-06
85	  0.733038	  0.857143	  7.90303e-05	  1.37858e-05	  24	  3.5033e-06
86	  0.824564	  0.889001	  6.09362e-05	  6.24503e-06	  24	  1.58701e-06
87	  0.918912	  0.911685	  4.7822e-05	  8.69091e-06	  24	  2.20857e-06
88	  0.418879	  0	  0.000258057	  4.54386e-06	  6	  2.08222e-06
89	  0.431771	  0.242536	  0.000242853	  8.78216e-06	  12	  2.9743e-06
90	  0.468321	  0.447214	  0.000205981	  1.58864e-05	  12	  5.38032e-06
91	  0.523599	  0.6	  0.000163143	  1.52391e-05	  12	  5.16109e-06
92	  0.592384	  0.707107	  0.000125493	  6.16222e-06	  12	  2.08699e-06
93	  0.670534	  0.780869	  9.6046e-05	  1.48796e-05	  12	  5.03934e-06
94	  0.755145	  0.83205	  7.40547e-05	  8.99911e-06	  12	  3.04778e-06
95	  0.844278	  0.868243	  5.78037e-05	  8.82823e-06	  12	  2.9899e-06
96	  0.936642	  0.894427	  4.58065e-05	  5.38689e-06	  12	  1.82441e-06
97	  0.431771	  0	  0.000242853	  8.80818e-06	  12	  2.98311e-06
98	  0.444288	  0.235702	  0.000229579	  5.13092e-06	  24	  1.30389e-06
99	  0.479886	  0.436436	  0.000195499	  1.91317e-05	  24	  4.86182e-06
100	  0.533968	  0.588348	  0.000156478	  1.08172e-05	  24	  2.7489e-06
101	  0.601569	  0.696311	  0.000121384	  8.61703e-06	  24	  2.18979e-06
102	  0.678662	  0.771517	  9.3549e-05	  8.39107e-06	  24	  2.13237e-06
103	  0.762371	  0.824163	  7.24968e-05	  1.32716e-05	  24	  3.37265e-06
104	  0.850747	  0.86164	  5.6843e-05	  1.03635e-05	  24	  2.63361e-06
105	  0.942478	  0.888889	  4.51737e-05	  8.6561e-06	  24	  2.19973e-06
106	  0.444288	  0	  0.000229579	  8.7544e-06	  6	  4.01169e-06
107	  0.456463	  0.229416	  0.000217407	  1.44791e-05	  12	  4.90372e-06
108	  0.491179	  0.426401	  0.000186145	  1.24233e-05	  12	  4.20746e-06
109	  0.54414	  0.57735	  0.000150265	  4.79024e-06	  12	  1.62233e-06
110	  0.610616	  0.685994	  0.000117549	  1.56761e-05	  12	  5.30911e-06
111	  0.686693	  0.762493	  9.11917e-05	  9.83132e-06	  12	  3.32962e-06
112	  0.76953	  0.816497	  7.10354e-05	  8.64743e-06	  12	  2.92867e-06
113	  0.857168	  0.855186	  5.58895e-05	  4.93978e-06	  12	  1.67298e-06
114	  0.948278	  0.883452	  4.45448e-05	  4.35379e-06	  12	  1.47452e-06
115	  0.468321	  0	  0.000205981	  1.03291e-05	  12	  3.49822e-06
116	  0.479886	  0.218218	  0.000195499	  1.44954e-05	  24	  3.68362e-06
117	  0.51302	  0.408248	  0.000170244	  1.45785e-05	  24	  3.70474e-06
118	  0.563933	  0.557086	  0.000139283	  1.30889e-05	  24	  3.32622e-06
119	  0.628319	  0.666667	  0.000110542	  1.02808e-05	  24	  2.6126e-06
120	  0.702481	  0.745356	  8.67717e-05	  1.16354e-05	  24	  2.95683e-06
121	  0.783651	  0.801784	  6.82336e-05	  9.12492e-06	  24	  2.31886e-06
122	  0.869868	  0.842701	  5.40893e-05	  6.23897e-06	  24	  1.58547e-06
123	  0.959772	  0.872872	  4.33564e-05	  5.83986e-06	  24	  1.48405e-06
124	  0.523599	  0	  0.000163143	  7.79486e-06	  18	  2.22701e-06
125	  0.533968	  0.196116	  0.000156478	  7.7651e-06	  36	  1.68244e-06
126	  0.563933	  0.371391	  0.000139283	  6.98071e-06	  36	  1.51249e-06
127	  0.610616	  0.514496	  0.000117549	  8.02764e-06	  36	  1.73932e-06
128	  0.670534	  0.624695	  9.6046e-05	  8.43808e-06	  36	  1.82825e-06
129	  0.74048	  0.707107	  7.73204e-05	  8.58628e-06	  36	  1.86036e-06
130	  0.817887	  0.768221	  6.2059e-05	  7.46633e-06	  36	  1.6177e-06
131	  0.900833	  0.813733	  5.00066e-05	  7.43252e-06	  36	  1.61038e-06
132	  0.987924	  0.847998	  4.06016e-05	  5.90656e-06	  36	  1.27975e-06
133	  0.533968	  0	  0.000156478	  7.30228e-06	  12	  2.4731e-06
134	  0.54414	  0.19245	  0.000150265	  9.52905e-06	  24	  2.42156e-06
135	  0.573574	  0.365148	  0.00013443	  7.51577e-06	  24	  1.90994e-06
136	  0.61953	  0.507093	  0.000113955	  8.79266e-06	  24	  2.23443e-06
137	  0.678662	  0.617213	  9.3549e-05	  7.67601e-06	  24	  1.95066e-06
138	  0.747849	  0.70014	  7.56299e-05	  7.81594e-06	  24	  1.98622e-06
139	  0.824564	  0.762001	  6.09362e-05	  3.60243e-06	  24	  9.15465e-07
140	  0.9069	  0.80829	  4.92601e-05	  6.67699e-06	  24	  1.69678e-06
141	  0.993459	  0.843274	  4.00947e-05	  4.77435e-06	  24	  1.21328e-06
142	  0.563933	  0	  0.000139283	  3.3053e-06	  12	  1.11942e-06
143	  0.573574	  0.182574	  0.00013443	  6.04087e-06	  24	  1.53513e-06
144	  0.601569	  0.348155	  0.000121384	  7.13107e-06	  24	  1.81218e-06
145	  0.645536	  0.486664	  0.000104283	  7.81098e-06	  24	  1.98496e-06
146	  0.702481	  0.596285	  8.67717e-05	  7.96619e-06	  24	  2.0244e-06
147	  0.76953	  0.680414	  7.10354e-05	  4.87276e-06	  24	  1.23829e-06
148	  0.844278	  0.744208	  5.78037e-05	  8.01213e-06	  24	  2.03608e-06
149	  0.92486	  0.792594	  4.71351e-05	  5.94531e-06	  24	  1.51085e-06
150	  0.592384	  0	  0.000125493	  2.20022e-06	  6	  1.00825e-06
151	  0.601569	  0.174078	  0.000121384	  4.33532e-06	  12	  1.46827e-06
152	  0.628319	  0.333333	  0.000110542	  6.15832e-06	  12	  2.08567e-06
153	  0.670534	  0.468521	  9.6046e-05	  5.15684e-06	  12	  1.74649e-06
154	  0.72552	  0.57735	  8.08652e-05	  8.21459e-06	  12	  2.78208e-06
155	  0.790617	  0.662266	  6.69054e-05	  6.69355e-06	  12	  2.26694e-06
156	  0.863541	  0.727607	  5.49714e-05	  5.14408e-06	  12	  1.74217e-06
157	  0.942478	  0.777778	  4.51737e-05	  4.64403e-06	  12	  1.57282e-06
158	  0.610616	  0	  0.000117549	  5.42543e-06	  12	  1.83746e-06
159	  0.61953	  0.169031	  0.000113955	  5.13984e-06	  24	  1.30616e-06
160	  0.645536	  0.324443	  0.000104283	  6.5221e-06	  24	  1.65742e-06
161	  0.686693	  0.457496	  9.11917e-05	  6.2064e-06	  24	  1.57719e-06
162	  0.74048	  0.565685	  7.73204e-05	  6.12118e-06	  24	  1.55554e-06
163	  0.804368	  0.650945	  6.43985e-05	  7.37899e-06	  24	  1.87518e-06
164	  0.876148	  0.717137	  5.32135e-05	  6.97782e-06	  24	  1.77323e-06
165	  0.954042	  0.76835	  4.39402e-05	  5.41425e-06	  24	  1.37589e-06
166	  0.628319	  0	  0.000110542	  1.22605e-05	  6	  5.61835e-06
167	  0.636985	  0.164399	  0.000107301	  7.77315e-06	  12	  2.63257e-06
168	  0.662306	  0.316228	  9.86289e-05	  4.95675e-06	  12	  1.67873e-06
169	  0.702481	  0.447214	  8.67717e-05	  2.76294e-06	  12	  9.35738e-07
170	  0.755145	  0.5547	  7.40547e-05	  3.73657e-06	  12	  1.26548e-06
171	  0.817887	  0.640184	  6.2059e-05	  4.76068e-06	  12	  1.61232e-06
172	  0.888577	  0.707107	  5.15706e-05	  4.33077e-06	  12	  1.46672e-06
173	  0.965468	  0.759257	  4.27761e-05	  5.69286e-06	  12	  1.92803e-06
174	  0.636985	  0	  0.000107301	  7.5642e-06	  12	  2.56181e-06
175	  0.645536	  0.162221	  0.000104283	  4.03223e-06	  24	  1.02469e-06
176	  0.670534	  0.312348	  9.6046e-05	  4.12858e-06	  24	  1.04917e-06
177	  0.710244	  0.442326	  8.47248e-05	  5.73189e-06	  24	  1.45661e-06
178	  0.762371	  0.549442	  7.24968e-05	  7.50871e-06	  24	  1.90814e-06
179	  0.824564	  0.635001	  6.09362e-05	  3.79409e-06	  24	  9.64171e-07
180	  0.894726	  0.702247	  5.07646e-05	  3.87122e-06	  24	  9.83771e-07
181	  0.971131	  0.754829	  4.22057e-05	  5.29625e-06	  24	  1.3459e-06
182	  0.662306	  0	  9.86289e-05	  4.02947e-06	  12	  1.36468e-06
183	  0.670534	  0.156174	  9.6046e-05	  4.02737e-06	  24	  1.02345e-06
184	  0.694632	  0.301511	  8.89354e-05	  3.71141e-06	  24	  9.4316e-07
185	  0.733038	  0.428571	  7.90303e-05	  6.58069e-06	  24	  1.67231e-06
186	  0.783651	  0.534522	  6.82336e-05	  4.56493e-06	  24	  1.16006e-06
187	  0.844278	  0.620174	  5.78037e-05	  4.74722e-06	  24	  1.20638e-06
188	  0.912926	  0.688247	  4.85186e-05	  3.78385e-06	  24	  9.61567e-07
189	  0.987924	  0.741999	  4.06016e-05	  4.18678e-06	  24	  1.06396e-06
190	  0.670534	  0	  9.6046e-05	  4.35049e-06	  12	  1.4734e-06
191	  0.678662	  0.154303	  9.3549e-05	  3.39876e-06	  24	  8.63707e-07
192	  0.702481	  0.298142	  8.67717e-05	  5.11389e-06	  24	  1.29956e-06
193	  0.74048	  0.424264	  7.73204e-05	  4.51837e-06	  24	  1.14823e-06
194	  0.790617	  0.529813	  6.69054e-05	  4.57144e-06	  24	  1.16171e-06
195	  0.850747	  0.615457	  5.6843e-05	  3.49985e-06	  24	  8.89396e-07
196	  0.918912	  0.683763	  4.7822e-05	  5.39974e-06	  24	  1.37221e-06
197	  0.993459	  0.737865	  4.00947e-05	  4.53292e-06	  24	  1.15192e-06
198	  0.702481	  0	  8.67717e-05	  2.4244e-06	  12	  8.21084e-07
199	  0.710244	  0.147442	  8.47248e-05	  4.34363e-06	  24	  1.10382e-06
200	  0.733038	  0.285714	  7.90303e-05	  5.58513e-06	  24	  1.41932e-06
201	  0.76953	  0.408248	  7.10354e-05	  4.89382e-06	  24	  1.24364e-06
202	  0.817887	  0.512148	  6.2059e-05	  6.33232e-06	  24	  1.6092e-06
203	  0.876148	  0.597614	  5.32135e-05	  5.0336e-06	  24	  1.27916e-06
204	  0.942478	  0.666667	  4.51737e-05	  4.62602e-06	  24	  1.17558e-06
205	  0.733038	  0	  7.90303e-05	  3.01392e-06	  6	  1.38112e-06
206	  0.74048	  0.141421	  7.73204e-05	  3.40518e-06	  12	  1.15325e-06
207	  0.762371	  0.274721	  7.24968e-05	  3.44179e-06	  12	  1.16565e-06
208	  0.797522	  0.393919	  6.56259e-05	  4.4545e-06	  12	  1.50863e-06
209	  0.844278	  0.496139	  5.78037e-05	  5.17066e-06	  12	  1.75117e-06
210	  0.900833	  0.581238	  5.00066e-05	  4.99843e-06	  12	  1.69284e-06
211	  0.965468	  0.650791	  4.27761e-05	  4.1255e-06	  12	  1.3972e-06
212	  0.74048	  0	  7.73204e-05	  3.51404e-06	  18	  1.00397e-06
213	  0.747849	  0.140028	  7.56299e-05	  5.23554e-06	  36	  1.13437e-06
214	  0.76953	  0.272166	  7.10354e-05	  4.12426e-06	  36	  8.9359e-07
215	  0.804368	  0.390567	  6.43985e-05	  5.78457e-06	  36	  1.25332e-06
216	  0.850747	  0.492366	  5.6843e-05	  3.23027e-06	  36	  6.99891e-07
217	  0.9069	  0.57735	  4.92601e-05	  3.25884e-06	  36	  7.06081e-07
218	  0.971131	  0.646997	  4.22057e-05	  5.4943e-06	  36	  1.19043e-06
219	  0.755145	  0	  7.40547e-05	  2.33573e-06	  12	  7.91054e-07
220	  0.762371	  0.137361	  7.24968e-05	  4.86979e-06	  24	  1.23753e-06
221	  0.783651	  0.267261	  6.82336e-05	  4.32397e-06	  24	  1.09882e-06
222	  0.817887	  0.384111	  6.2059e-05	  4.33544e-06	  24	  1.10174e-06
223	  0.863541	  0.485071	  5.49714e-05	  2.79558e-06	  24	  7.10423e-07
224	  0.918912	  0.569803	  4.7822e-05	  3.78113e-06	  24	  9.60875e-07
225	  0.982358	  0.639602	  4.11333e-05	  2.91357e-06	  24	  7.40408e-07
226	  0.762371	  0	  7.24968e-05	  2.18126e-06	  12	  7.3874e-07
227	  0.76953	  0.136083	  7.10354e-05	  4.82605e-06	  24	  1.22642e-06
228	  0.790617	  0.264906	  6.69054e-05	  3.46362e-06	  24	  8.80189e-07
229	  0.824564	  0.381	  6.09362e-05	  2.94897e-06	  24	  7.49404e-07
230	  0.869868	  0.481543	  5.40893e-05	  2.45226e-06	  24	  6.23179e-07
231	  0.92486	  0.566139	  4.71351e-05	  4.15751e-06	  24	  1.05652e-06
232	  0.987924	  0.635999	  4.06016e-05	  3.59911e-06	  24	  9.14622e-07
233	  0.797522	  0	  6.56259e-05	  4.03223e-06	  12	  1.36562e-06
234	  0.804368	  0.130189	  6.43985e-05	  4.37415e-06	  24	  1.11158e-06
235	  0.824564	  0.254	  6.09362e-05	  2.67396e-06	  24	  6.79519e-07
236	  0.857168	  0.366508	  5.58895e-05	  3.62926e-06	  24	  9.22282e-07
237	  0.900833	  0.464991	  5.00066e-05	  3.4723e-06	  24	  8.82396e-07
238	  0.954042	  0.548821	  4.39402e-05	  3.77102e-06	  24	  9.58307e-07
239	  0.817887	  0	  6.2059e-05	  2.89979e-06	  12	  9.82088e-07
240	  0.824564	  0.127	  6.09362e-05	  2.98359e-06	  24	  7.58203e-07
241	  0.844278	  0.248069	  5.78037e-05	  2.97359e-06	  24	  7.5566e-07
242	  0.876148	  0.358569	  5.32135e-05	  4.00028e-06	  24	  1.01657e-06
243	  0.918912	  0.455842	  4.7822e-05	  3.14073e-06	  24	  7.98135e-07
244	  0.971131	  0.539164	  4.22057e-05	  4.52173e-06	  24	  1.14908e-06
245	  0.837758	  0	  5.88269e-05	  3.09068e-06	  6	  1.4163e-06
246	  0.844278	  0.124035	  5.78037e-05	  4.79841e-06	  12	  1.6251e-06
247	  0.863541	  0.242536	  5.49714e-05	  1.70562e-06	  12	  5.77651e-07
248	  0.894726	  0.351123	  5.07646e-05	  2.69058e-06	  12	  9.11234e-07
249	  0.936642	  0.447214	  4.58065e-05	  2.48491e-06	  12	  8.41578e-07
250	  0.987924	  0.529999	  4.06016e-05	  4.38781e-06	  12	  1.48604e-06
251	  0.844278	  0	  5.78037e-05	  3.8284e-06	  24	  9.72889e-07
252	  0.850747	  0.123091	  5.6843e-05	  3.123e-06	  48	  6.06917e-07
253	  0.869868	  0.240772	  5.40893e-05	  2.74212e-06	  48	  5.32898e-07
254	  0.900833	  0.348743	  5.00066e-05	  3.317e-06	  48	  6.44617e-07
255	  0.942478	  0.444444	  4.51737e-05	  3.11453e-06	  48	  6.05269e-07
256	  0.993459	  0.527046	  4.00947e-05	  3.4062e-06	  48	  6.61953e-07
257	  0.863541	  0	  5.49714e-05	  1.77239e-06	  12	  6.00263e-07
258	  0.869868	  0.120386	  5.40893e-05	  2.42926e-06	  24	  6.17334e-07
259	  0.888577	  0.235702	  5.15706e-05	  2.48924e-06	  24	  6.32575e-07
260	  0.918912	  0.341882	  4.7822e-05	  3.11333e-06	  24	  7.91172e-07
261	  0.959772	  0.436436	  4.33564e-05	  2.7628e-06	  24	  7.02093e-07
262	  0.888577	  0	  5.15706e-05	  2.72942e-06	  6	  1.25075e-06
263	  0.894726	  0.117041	  5.07646e-05	  2.03586e-06	  12	  6.89494e-07
264	  0.912926	  0.229416	  4.85186e-05	  2.69796e-06	  12	  9.1373e-07
265	  0.942478	  0.333333	  4.51737e-05	  2.71499e-06	  12	  9.19498e-07
266	  0.982358	  0.426401	  4.11333e-05	  2.66436e-06	  12	  9.02353e-07
267	  0.894726	  0	  5.07646e-05	  2.32447e-06	  12	  7.87242e-07
268	  0.900833	  0.116248	  5.00066e-05	  2.77318e-06	  24	  7.04731e-07
269	  0.918912	  0.227921	  4.7822e-05	  2.86193e-06	  24	  7.27286e-07
270	  0.948278	  0.331295	  4.45448e-05	  2.88154e-06	  24	  7.3227e-07
271	  0.987924	  0.423999	  4.06016e-05	  2.47265e-06	  24	  6.2836e-07
272	  0.900833	  0	  5.00066e-05	  2.9214e-06	  12	  9.89407e-07
273	  0.9069	  0.11547	  4.92601e-05	  2.43335e-06	  24	  6.18374e-07
274	  0.92486	  0.226455	  4.71351e-05	  2.08311e-06	  24	  5.2937e-07
275	  0.954042	  0.329293	  4.39402e-05	  2.82745e-06	  24	  7.18522e-07
276	  0.993459	  0.421637	  4.00947e-05	  2.70508e-06	  24	  6.87426e-07
277	  0.936642	  0	  4.58065e-05	  1.91513e-06	  12	  6.48605e-07
278	  0.942478	  0.111111	  4.51737e-05	  2.40203e-06	  24	  6.10414e-07
279	  0.959772	  0.218218	  4.33564e-05	  1.90581e-06	  24	  4.84312e-07
280	  0.987924	  0.317999	  4.06016e-05	  2.05744e-06	  24	  5.22846e-07
281	  0.942478	  0	  4.51737e-05	  4.75288e-06	  6	  2.178e-06
282	  0.948278	  0.110432	  4.45448e-05	  3.34519e-06	  12	  1.13293e-06
283	  0.965468	  0.21693	  4.27761e-05	  2.58386e-06	  12	  8.7509e-07
284	  0.993459	  0.316228	  4.00947e-05	  3.05682e-06	  12	  1.03527e-06
285	  0.948278	  0	  4.45448e-05	  3.15662e-06	  12	  1.06907e-06
286	  0.954042	  0.109764	  4.39402e-05	  2.14915e-06	  24	  5.46151e-07
287	  0.971131	  0.215666	  4.22057e-05	  1.77778e-06	  24	  4.51778e-07
288	  0.998963	  0.314485	  3.9601e-05	  2.28634e-06	  24	  5.81014e-07
289	  0.965468	  0	  4.27761e-05	  1.85054e-06	  24	  4.70266e-07
290	  0.971131	  0.107833	  4.22057e-05	  2.40676e-06	  48	  4.67724e-07
291	  0.987924	  0.212	  4.06016e-05	  2.39231e-06	  48	  4.64915e-07
292	  0.987924	  0	  4.06016e-05	  2.45569e-06	  12	  8.31681e-07
293	  0.993459	  0.105409	  4.00947e-05	  2.4864e-06	  24	  6.31855e-07
294	  0.993459	  0	  4.00947e-05	  1.91402e-06	  12	  6.4823e-07
295	  0.998963	  0.104828	  3.9601e-05	  1.79062e-06	  24	  4.55039e-07
296	  1.08818	  0.030936	  3.259e-05	  1.78974e-06	  138	  2.41839e-07
297	  1.08818	  0.0938307	  3.259e-05	  1.66551e-06	  252	  1.88193e-07
298	  1.08818	  0.156319	  3.259e-05	  1.49881e-06	  72	  2.51577e-07
299	  1.08818	  0.218712	  3.259e-05	  1.71035e-06	  216	  2.01892e-07
300	  1.08818	  0.281224	  3.259e-05	  1.98557e-06	  288	  2.16279e-07
301	  1.08818	  0.343807	  3.259e-05	  1.86689e-06	  120	  2.63767e-07
302	  1.08818	  0.406302	  3.259e-05	  2.55027e-06	  180	  3.176e-07
303	  1.08818	  0.468745	  3.259e-05	  2.61629e-06	  180	  3.25821e-07
304	  1.08818	  0.531226	  3.259e-05	  2.79888e-06	  192	  3.41936e-07
305	  1.08818	  0.593785	  3.259e-05	  3.61079e-06	  192	  4.41126e-07
306	  1.08818	  0.656281	  3.259e-05	  3.05108e-06	  168	  3.87949e-07
307	  1.08818	  0.718743	  3.259e-05	  3.75992e-06	  228	  4.37003e-07
308	  1.08818	  0.781255	  3.259e-05	  4.67741e-06	  144	  6.23654e-07
309	  1.08818	  0.843774	  3.259e-05	  4.27542e-06	  240	  4.89748e-07
310	  1.08818	  0.90628	  3.259e-05	  6.01049e-06	  168	  7.64243e-07
311	  1.08818	  0.968758	  3.259e-05	  5.77025e-06	  150	  7.59651e-07
312	  1.25577	  0.030936	  2.34401e-05	  1.35e-06	  198	  1.63441e-07
313	  1.25577	  0.0938307	  2.34401e-05	  1.39885e-06	  396	  1.40237e-07
314	  1.25577	  0.156319	  2.34401e-05	  1.3632e-06	  396	  1.36663e-07
315	  1.25577	  0.218712	  2.34401e-05	  1.29174e-06	  204	  1.55026e-07
316	  1.25577	  0.281224	  2.34401e-05	  1.52079e-06	  216	  1.79517e-07
317	  1.25577	  0.343807	  2.34401e-05	  1.53658e-06	  372	  1.56497e-07
318	  1.25577	  0.406302	  2.34401e-05	  1.68492e-06	  312	  1.79636e-07
319	  1.25577	  0.468745	  2.34401e-05	  1.73199e-06	  288	  1.88658e-07
320	  1.25577	  0.531226	  2.34401e-05	  2.20621e-06	  264	  2.46093e-07
321	  1.25577	  0.593785	  2.34401e-05	  2.00995e-06	  312	  2.14288e-07
322	  1.25577	  0.656281	  2.34401e-05	  2.30947e-06	  276	  2.54487e-07
323	  1.25577	  0.718743	  2.34401e-05	  2.53315e-06	  312	  2.70069e-07
324	  1.25577	  0.781255	  2.34401e-05	  2.85015e-06	  276	  3.14066e-07
325	  1.25577	  0.843774	  2.34401e-05	  3.2426e-06	  240	  3.71439e-07
326	  1.25577	  0.90628	  2.34401e-05	  3.75893e-06	  324	  3.96775e-07
327	  1.25577	  0.968758	  2.34401e-05	  4.08628e-06	  315	  4.3455e-07
328	  1.45182	  0.030936	  1.67209e-05	  9.6114e-07	  246	  1.09337e-07
329	  1.45182	  0.0938307	  1.67209e-05	  8.88392e-07	  516	  8.35289e-08
330	  1.45182	  0.156319	  1.67209e-05	  9.67521e-07	  504	  9.14728e-08
331	  1.45182	  0.218712	  1.67209e-05	  9.69836e-07	  528	  9.06985e-08
332	  1.45182	  0.281224	  1.67209e-05	  9.7376e-07	  504	  9.20627e-08
333	  1.45182	  0.343807	  1.67209e-05	  1.18797e-06	  384	  1.20022e-07
334	  1.45182	  0.406302	  1.67209e-05	  1.3265e-06	  420	  1.31051e-07
335	  1.45182	  0.468745	  1.67209e-05	  1.19887e-06	  468	  1.15362e-07
336	  1.45182	  0.531226	  1.67209e-05	  1.32709e-06	  480	  1.26927e-07
337	  1.45182	  0.593785	  1.67209e-05	  1.39852e-06	  468	  1.34572e-07
338	  1.45182	  0.656281	  1.67209e-05	  1.57247e-06	  396	  1.57644e-07
339	  1.45182	  0.718743	  1.67209e-05	  1.65809e-06	  456	  1.60551e-07
340	  1.45182	  0.781255	  1.67209e-05	  2.07734e-06	  432	  2.03813e-07
341	  1.45182	  0.843774	  1.67209e-05	  2.27134e-06	  480	  2.17239e-07
342	  1.45182	  0.90628	  1.67209e-05	  2.63635e-06	  480	  2.5215e-07
343	  1.45182	  0.968758	  1.67209e-05	  2.70933e-06	  414	  2.68623e-07
344	  1.68148	  0.030936	  1.18352e-05	  6.61492e-07	  798	  5.64912e-08
345	  1.68148	  0.0938307	  1.18352e-05	  7.34286e-07	  708	  6.43104e-08
346	  1.68148	  0.156319	  1.18352e-05	  6.75624e-07	  684	  5.96143e-08
347	  1.68148	  0.218712	  1.18352e-05	  7.50605e-07	  720	  6.55037e-08
348	  1.68148	  0.281224	  1.18352e-05	  7.43132e-07	  708	  6.50852e-08
349	  1.68148	  0.343807	  1.18352e-05	  7.92942e-07	  720	  6.91983e-08
350	  1.68148	  0.406302	  1.18352e-05	  8.71368e-07	  672	  7.71822e-08
351	  1.68148	  0.468745	  1.18352e-05	  9.50306e-07	  732	  8.26396e-08
352	  1.68148	  0.531226	  1.18352e-05	  9.85287e-07	  672	  8.72726e-08
353	  1.68148	  0.593785	  1.18352e-05	  1.02577e-06	  708	  8.98395e-08
354	  1.68148	  0.656281	  1.18352e-05	  1.06728e-06	  744	  9.2492e-08
355	  1.68148	  0.718743	  1.18352e-05	  1.34262e-06	  744	  1.16354e-07
356	  1.68148	  0.781255	  1.18352e-05	  1.39059e-06	  696	  1.22239e-07
357	  1.68148	  0.843774	  1.18352e-05	  1.55185e-06	  708	  1.35915e-07
358	  1.68148	  0.90628	  1.18352e-05	  1.74785e-06	  696	  1.53644e-07
359	  1.68148	  0.968758	  1.18352e-05	  1.85079e-06	  741	  1.6053e-07
360	  1.94819	  0.030936	  8.33561e-06	  4.85518e-07	  1368	  3.74028e-08
361	  1.94819	  0.0938307	  8.33561e-06	  4.83864e-07	  924	  4.01112e-08
362	  1.94819	  0.156319	  8.33561e-06	  5.29967e-07	  972	  4.3497e-08
363	  1.94819	  0.218712	  8.33561e-06	  5.39978e-07	  972	  4.43187e-08
364	  1.94819	  0.281224	  8.33561e-06	  4.97501e-07	  1200	  3.92366e-08
365	  1.94819	  0.343807	  8.33561e-06	  5.354e-07	  1140	  4.26271e-08
366	  1.94819	  0.406302	  8.33561e-06	  5.77996e-07	  1080	  4.64876e-08
367	  1.94819	  0.468745	  8.33561e-06	  6.50383e-07	  1068	  5.24205e-08
368	  1.94819	  0.531226	  8.33561e-06	  6.47143e-07	  1164	  5.13252e-08
369	  1.94819	  0.593785	  8.33561e-06	  7.41779e-07	  1188	  5.86101e-08
370	  1.94819	  0.656281	  8.33561e-06	  7.80952e-07	  1068	  6.29444e-08
371	  1.94819	  0.718743	  8.33561e-06	  8.00882e-07	  1008	  6.52695e-08
372	  1.94819	  0.781255	  8.33561e-06	  9.46381e-07	  1164	  7.5058e-08
373	  1.94819	  0.843774	  8.33561e-06	  9.54543e-07	  1176	  7.55622e-08
374	  1.94819	  0.90628	  8.33561e-06	  1.09975e-06	  1080	  8.8452e-08
375	  1.94819	  0.968758	  8.33561e-06	  1.18086e-06	  1038	  9.56954e-08
376	  2.25604	  0.030936	  5.85898e-06	  3.57511e-07	  1896	  2.6086e-08
377	  2.25604	  0.0938307	  5.85898e-06	  3.58791e-07	  1272	  2.79996e-08
378	  2.25604	  0.156319	  5.85898e-06	  3.5217e-07	  2040	  2.54056e-08
379	  2.25604	  0.218712	  5.85898e-06	  3.75913e-07	  1740	  2.78075e-08
380	  2.25604	  0.281224	  5.85898e-06	  3.82227e-07	  1584	  2.87152e-08
381	  2.25604	  0.343807	  5.85898e-06	  3.89063e-07	  1764	  2.87165e-08
382	  2.25604	  0.406302	  5.85898e-06	  4.04161e-07	  1632	  3.02125e-08
383	  2.25604	  0.468745	  5.85898e-06	  4.37963e-07	  1860	  3.20532e-08
384	  2.25604	  0.531226	  5.85898e-06	  4.67097e-07	  1560	  3.5181e-08
385	  2.25604	  0.593785	  5.85898e-06	  4.90486e-07	  1692	  3.64484e-08
386	  2.25604	  0.656281	  5.85898e-06	  5.56318e-07	  1704	  4.12927e-08
387	  2.25604	  0.718743	  5.85898e-06	  5.67032e-07	  1824	  4.16285e-08
388	  2.25604	  0.781255	  5.85898e-06	  6.23518e-07	  1668	  4.64428e-08
389	  2.25604	  0.843774	  5.85898e-06	  6.57767e-07	  1680	  4.89362e-08
390	  2.25604	  0.90628	  5.85898e-06	  7.24523e-07	  1776	  5.34183e-08
391	  2.25604	  0.968758	  5.85898e-06	  7.50527e-07	  1656	  5.59695e-08
392	  2.61216	  0.030936	  4.10705e-06	  2.64452e-07	  2586	  1.84229e-08
393	  2.61216	  0.0938307	  4.10705e-06	  2.58031e-07	  3036	  1.75845e-08
394	  2.61216	  0.156319	  4.10705e-06	  2.66938e-07	  2124	  1.9139e-08
395	  2.61216	  0.218712	  4.10705e-06	  2.63349e-07	  2940	  1.80244e-08
396	  2.61216	  0.281224	  4.10705e-06	  2.80183e-07	  2616	  1.94872e-08
397	  2.61216	  0.343807	  4.10705e-06	  2.8924e-07	  2448	  2.03079e-08
398	  2.61216	  0.406302	  4.10705e-06	  2.97369e-07	  2916	  2.03753e-08
399	  2.61216	  0.468745	  4.10705e-06	  3.11259e-07	  2544	  2.17341e-08
400	  2.61216	  0.531226	  4.10705e-06	  3.32985e-07	  2652	  2.31153e-08
401	  2.61216	  0.593785	  4.10705e-06	  3.4264e-07	  2748	  2.36683e-08
402	  2.61216	  0.656281	  4.10705e-06	  3.83985e-07	  2676	  2.66221e-08
403	  2.61216	  0.718743	  4.10705e-06	  3.75037e-07	  2472	  2.62949e-08
404	  2.61216	  0.781255	  4.10705e-06	  4.06067e-07	  2616	  2.82426e-08
405	  2.61216	  0.843774	  4.10705e-06	  4.21072e-07	  2736	  2.91036e-08
406	  2.61216	  0.90628	  4.10705e-06	  4.43368e-07	  2568	  3.09176e-08
407	  2.61216	  0.968758	  4.10705e-06	  4.5552e-07	  2745	  3.14704e-08
408	  3.02645	  0.030936	  2.86472e-06	  1.89484e-07	  3414	  1.27172e-08
409	  3.02645	  0.0938307	  2.86472e-06	  1.8986e-07	  4512	  1.23195e-08
410	  3.02645	  0.156319	  2.86472e-06	  1.82533e-07	  4632	  1.18086e-08
411	  3.02645	  0.218712	  2.86472e-06	  1.868e-07	  3972	  1.2304e-08
412	  3.02645	  0.281224	  2.86472e-06	  1.95207e-07	  4176	  1.27811e-08
413	  3.02645	  0.343807	  2.86472e-06	  1.98868e-07	  4344	  1.29607e-08
414	  3.02645	  0.406302	  2.86472e-06	  2.06382e-07	  4044	  1.35645e-08
415	  3.02645	  0.468745	  2.86472e-06	  2.19305e-07	  4092	  1.43936e-08
416	  3.02645	  0.531226	  2.86472e-06	  2.37452e-07	  4296	  1.54954e-08
417	  3.02645	  0.593785	  2.86472e-06	  2.39737e-07	  3996	  1.57793e-08
418	  3.02645	  0.656281	  2.86472e-06	  2.51054e-07	  4188	  1.64321e-08
419	  3.02645	  0.718743	  2.86472e-06	  2.65345e-07	  4212	  1.73557e-08
420	  3.02645	  0.781255	  2.86472e-06	  2.67695e-07	  4140	  1.75452e-08
421	  3.02645	  0.843774	  2.86472e-06	  2.73576e-07	  4128	  1.79368e-08
422	  3.02645	  0.90628	  2.86472e-06	  2.8408e-07	  4188	  1.85937e-08
423	  3.02645	  0.968758	  2.86472e-06	  2.80196e-07	  4128	  1.83708e-08
424	  3.50419	  0.030936	  1.99639e-06	  1.35214e-07	  7002	  8.37661e-09
425	  3.50419	  0.0938307	  1.99639e-06	  1.36425e-07	  6240	  8.54827e-09
426	  3.50419	  0.156319	  1.99639e-06	  1.30365e-07	  5964	  8.20632e-09
427	  3.50419	  0.218712	  1.99639e-06	  1.34261e-07	  6180	  8.4209e-09
428	  3.50419	  0.281224	  1.99639e-06	  1.39595e-07	  6420	  8.72194e-09
429	  3.50419	  0.343807	  1.99639e-06	  1.43046e-07	  6516	  8.92438e-09
430	  3.50419	  0.406302	  1.99639e-06	  1.45512e-07	  6312	  9.10714e-09
431	  3.50419	  0.468745	  1.99639e-06	  1.59739e-07	  6276	  1.00033e-08
432	  3.50419	  0.531226	  1.99639e-06	  1.55573e-07	  6360	  9.72944e-09
433	  3.50419	  0.593785	  1.99639e-06	  1.59416e-07	  6408	  9.96225e-09
434	  3.50419	  0.656281	  1.99639e-06	  1.71447e-07	  6360	  1.07221e-08
435	  3.50419	  0.718743	  1.99639e-06	  1.71463e-07	  6336	  1.07272e-08
436	  3.50419	  0.781255	  1.99639e-06	  1.70729e-07	  6372	  1.06752e-08
437	  3.50419	  0.843774	  1.99639e-06	  1.76061e-07	  6456	  1.09942e-08
438	  3.50419	  0.90628	  1.99639e-06	  1.68692e-07	  6360	  1.05498e-08
439	  3.50419	  0.968758	  1.99639e-06	  1.66194e-07	  6327	  1.0399e-08
440	  4.05763	  0.030936	  1.3873e-06	  9.56293e-08	  10392	  5.71955e-09
441	  4.05763	  0.0938307	  1.3873e-06	  9.28514e-08	  9420	  5.59924e-09
442	  4.05763	  0.156319	  1.3873e-06	  9.69831e-08	  10176	  5.81057e-09
443	  4.05763	  0.218712	  1.3873e-06	  9.73996e-08	  10260	  5.83156e-09
444	  4.05763	  0.281224	  1.3873e-06	  9.42875e-08	  9528	  5.68032e-09
445	  4.05763	  0.343807	  1.3873e-06	  9.86167e-08	  10140	  5.91017e-09
446	  4.05763	  0.406302	  1.3873e-06	  1.0174e-07	  9960	  6.10643e-09
447	  4.05763	  0.468745	  1.3873e-06	  1.02458e-07	  10068	  6.14404e-09
448	  4.05763	  0.531226	  1.3873e-06	  1.06737e-07	  9996	  6.40445e-09
449	  4.05763	  0.593785	  1.3873e-06	  1.05735e-07	  9828	  6.35333e-09
450	  4.05763	  0.656281	  1.3873e-06	  1.08413e-07	  10032	  6.50307e-09
451	  4.05763	  0.718743	  1.3873e-06	  1.07844e-07	  9924	  6.47475e-09
452	  4.05763	  0.781255	  1.3873e-06	  1.04471e-07	  10116	  6.26224e-09
453	  4.05763	  0.843774	  1.3873e-06	  1.03839e-07	  9888	  6.23622e-09
454	  4.05763	  0.90628	  1.3873e-06	  1.03326e-07	  10008	  6.19913e-09
455	  4.05763	  0.968758	  1.3873e-06	  9.4912e-08	  9978	  5.69576e-09
456	  4.69917	  0.030936	  9.60877e-07	  6.73616e-08	  13626	  3.94515e-09
457	  4.69917	  0.0938307	  9.60877e-07	  6.71607e-08	  16392	  3.8826e-09
458	  4.69917	  0.156319	  9.60877e-07	  6.70483e-08	  15708	  3.88738e-09
459	  4.69917	  0.218712	  9.60877e-07	  6.67375e-08	  15432	  3.8741e-09
460	  4.69917	  0.281224	  9.60877e-07	  6.67622e-08	  15780	  3.86958e-09
461	  4.69917	  0.343807	  9.60877e-07	  6.76238e-08	  15300	  3.9279e-09
462	  4.69917	  0.406302	  9.60877e-07	  6.84689e-08	  15588	  3.97185e-09
463	  4.69917	  0.468745	  9.60877e-07	  6.84985e-08	  15396	  3.97698e-09
464	  4.69917	  0.531226	  9.60877e-07	  6.94628e-08	  15504	  4.031e-09
465	  4.69917	  0.593785	  9.60877e-07	  6.87114e-08	  15660	  3.98465e-09
466	  4.69917	  0.656281	  9.60877e-07	  6.73489e-08	  15192	  3.91386e-09
467	  4.69917	  0.718743	  9.60877e-07	  6.53175e-08	  15600	  3.78883e-09
468	  4.69917	  0.781255	  9.60877e-07	  6.45683e-08	  15216	  3.75186e-09
469	  4.69917	  0.843774	  9.60877e-07	  6.21827e-08	  15516	  3.60834e-09
470	  4.69917	  0.90628	  9.60877e-07	  5.73652e-08	  15540	  3.32844e-09
471	  4.69917	  0.968758	  9.60877e-07	  5.506e-08	  15405	  3.19662e-09
472	  5.4432	  0.030936	  6.6384e-07	  4.81921e-08	  26250	  2.70705e-09
473	  5.4432	  0.0938307	  6.6384e-07	  4.75192e-08	  22392	  2.69352e-09
474	  5.4432	  0.156319	  6.6384e-07	  4.71608e-08	  24516	  2.65924e-09
475	  5.4432	  0.218712	  6.6384e-07	  4.64719e-08	  23592	  2.62615e-09
476	  5.4432	  0.281224	  6.6384e-07	  4.64263e-08	  24264	  2.61936e-09
477	  5.4432	  0.343807	  6.6384e-07	  4.63913e-08	  23928	  2.61947e-09
478	  5.4432	  0.406302	  6.6384e-07	  4.52713e-08	  24120	  2.55506e-09
479	  5.4432	  0.468745	  6.6384e-07	  4.44345e-08	  23964	  2.50876e-09
480	  5.4432	  0.531226	  6.6384e-07	  4.36304e-08	  24060	  2.4628e-09
481	  5.4432	  0.593785	  6.6384e-07	  4.30234e-08	  24108	  2.42826e-09
482	  5.4432	  0.656281	  6.6384e-07	  4.11592e-08	  24228	  2.32239e-09
483	  5.4432	  0.718743	  6.6384e-07	  3.95229e-08	  24144	  2.23051e-09
484	  5.4432	  0.781255	  6.6384e-07	  3.68456e-08	  23940	  2.08042e-09
485	  5.4432	  0.843774	  6.6384e-07	  3.36755e-08	  24192	  1.90029e-09
486	  5.4432	  0.90628	  6.6384e-07	  3.18952e-08	  23988	  1.80069e-09
487	  5.4432	  0.968758	  6.6384e-07	  2.94168e-08	  24141	  1.66017e-09
488	  6.30378	  0.030936	  4.57865e-07	  3.378e-08	  35082	  1.86935e-09
489	  6.30378	  0.0938307	  4.57865e-07	  3.29724e-08	  39108	  1.81535e-09
490	  6.30378	  0.156319	  4.57865e-07	  3.2616e-08	  36924	  1.80054e-09
491	  6.30378	  0.218712	  4.57865e-07	  3.18598e-08	  37692	  1.75709e-09
492	  6.30378	  0.281224	  4.57865e-07	  3.08825e-08	  37092	  1.70448e-09
493	  6.30378	  0.343807	  4.57865e-07	  3.04636e-08	  37536	  1.68042e-09
494	  6.30378	  0.406302	  4.57865e-07	  2.97608e-08	  36984	  1.64279e-09
495	  6.30378	  0.468745	  4.57865e-07	  2.84529e-08	  37428	  1.56972e-09
496	  6.30378	  0.531226	  4.57865e-07	  2.72455e-08	  37392	  1.50317e-09
497	  6.30378	  0.593785	  4.57865e-07	  2.56146e-08	  37200	  1.41353e-09
498	  6.30378	  0.656281	  4.57865e-07	  2.39121e-08	  36924	  1.32005e-09
499	  6.30378	  0.718743	  4.57865e-07	  2.21197e-08	  37272	  1.22056e-09
500	  6.30378	  0.781255	  4.57865e-07	  2.02658e-08	  37284	  1.11825e-09
501	  6.30378	  0.843774	  4.57865e-07	  1.83085e-08	  37188	  1.01037e-09
502	  6.30378	  0.90628	  4.57865e-07	  1.67274e-08	  37320	  9.22959e-10
503	  6.30378	  0.968758	  4.57865e-07	  1.50805e-08	  37119	  8.32301e-10
504	  7.30029	  0.030936	  3.15016e-07	  2.32068e-08	  60258	  1.25488e-09
505	  7.30029	  0.0938307	  3.15016e-07	  2.27968e-08	  56916	  1.23539e-09
506	  7.30029	  0.156319	  3.15016e-07	  2.23794e-08	  56820	  1.21286e-09
507	  7.30029	  0.218712	  3.15016e-07	  2.16833e-08	  58716	  1.17365e-09
508	  7.30029	  0.281224	  3.15016e-07	  2.08302e-08	  57840	  1.12812e-09
509	  7.30029	  0.343807	  3.15016e-07	  1.96386e-08	  57612	  1.06375e-09
510	  7.30029	  0.406302	  3.15016e-07	  1.86629e-08	  58464	  1.01033e-09
511	  7.30029	  0.468745	  3.15016e-07	  1.731e-08	  57948	  9.3741e-10
512	  7.30029	  0.531226	  3.15016e-07	  1.62127e-08	  57708	  8.78125e-10
513	  7.30029	  0.593785	  3.15016e-07	  1.46293e-08	  58236	  7.92085e-10
514	  7.30029	  0.656281	  3.15016e-07	  1.32642e-08	  58008	  7.18285e-10
515	  7.30029	  0.718743	  3.15016e-07	  1.18521e-08	  58200	  6.41731e-10
516	  7.30029	  0.781255	  3.15016e-07	  1.04288e-08	  58128	  5.64694e-10
517	  7.30029	  0.843774	  3.15016e-07	  9.27169e-09	  57972	  5.02092e-10
518	  7.30029	  0.90628	  3.15016e-07	  8.33085e-09	  57960	  4.51146e-10
519	  7.30029	  0.968758	  3.15016e-07	  8.01562e-09	  58122	  4.34029e-10
520	  8.455	  0.030936	  2.16353e-07	  1.59197e-08	  90198	  8.48991e-10
521	  8.455	  0.0938307	  2.16353e-07	  1.56866e-08	  89292	  8.36825e-10
522	  8.455	  0.156319	  2.16353e-07	  1.52459e-08	  90804	  8.1289e-10
523	  8.455	  0.218712	  2.16353e-07	  1.43305e-08	  89628	  7.64392e-10
524	  8.455	  0.281224	  2.16353e-07	  1.34588e-08	  89844	  7.1784e-10
525	  8.455	  0.343807	  2.16353e-07	  1.2416e-08	  90636	  6.62043e-10
526	  8.455	  0.406302	  2.16353e-07	  1.14006e-08	  89628	  6.08111e-10
527	  8.455	  0.468745	  2.16353e-07	  1.02267e-08	  89772	  5.45465e-10
528	  8.455	  0.531226	  2.16353e-07	  9.12725e-09	  90324	  4.86732e-10
529	  8.455	  0.593785	  2.16353e-07	  7.92766e-09	  89784	  4.2284e-10
530	  8.455	  0.656281	  2.16353e-07	  6.88588e-09	  90216	  3.6722e-10
531	  8.455	  0.718743	  2.16353e-07	  6.0174e-09	  89796	  3.20951e-10
532	  8.455	  0.781255	  2.16353e-07	  5.16492e-09	  90120	  2.75451e-10
533	  8.455	  0.843774	  2.16353e-07	  4.51182e-09	  90132	  2.4062e-10
534	  8.455	  0.90628	  2.16353e-07	  4.06947e-09	  89916	  2.17045e-10
535	  8.455	  0.968758	  2.16353e-07	  4.16674e-09	  89964	  2.22229e-10
536	  9.79129	  0.030936	  1.48293e-07	  1.09567e-08	  139068	  5.77214e-10
537	  9.79129	  0.0938307	  1.48293e-07	  1.06996e-08	  141180	  5.63454e-10
538	  9.79129	  0.156319	  1.48293e-07	  1.01985e-08	  139380	  5.37243e-10
539	  9.79129	  0.218712	  1.48293e-07	  9.47545e-09	  138804	  4.99205e-10
540	  9.79129	  0.281224	  1.48293e-07	  8.59296e-09	  140952	  4.52536e-10
541	  9.79129	  0.343807	  1.48293e-07	  7.64905e-09	  139668	  4.0292e-10
542	  9.79129	  0.406302	  1.48293e-07	  6.66414e-09	  139464	  3.51052e-10
543	  9.79129	  0.468745	  1.48293e-07	  5.7492e-09	  139812	  3.02836e-10
544	  9.79129	  0.531226	  1.48293e-07	  4.85622e-09	  139884	  2.55795e-10
545	  9.79129	  0.593785	  1.48293e-07	  4.12851e-09	  140184	  2.17452e-10
546	  9.79129	  0.656281	  1.48293e-07	  3.48663e-09	  139404	  1.8367e-10
547	  9.79129	  0.718743	  1.48293e-07	  2.93543e-09	  139932	  1.54619e-10
548	  9.79129	  0.781255	  1.48293e-07	  2.47553e-09	  139980	  1.30393e-10
549	  9.79129	  0.843774	  1.48293e-07	  2.1239e-09	  139632	  1.11879e-10
550	  9.79129	  0.90628	  1.48293e-07	  1.90225e-09	  140088	  1.00195e-10
551	  9.79129	  0.968758	  1.48293e-07	  1.85819e-09	  139623	  9.78822e-11
