#n	   k	      mu	    PL	    Pf	     w	     err  
0	  0.10472	  1	  0.00200914	  0.000249438	  3	  0.000156485
1	  0.20944	  1	  0.000713669	  7.73454e-05	  3	  4.85227e-05
2	  0.314159	  1	  0.000334282	  6.39696e-05	  3	  4.01314e-05
3	  0.418879	  1	  0.00018735	  1.21589e-05	  3	  7.62789e-06
4	  0.523599	  1	  0.000118442	  5.27221e-06	  3	  3.30752e-06
5	  0.628319	  1	  8.02543e-05	  2.75738e-05	  3	  1.72984e-05
6	  0.733038	  1	  5.73763e-05	  7.16082e-06	  3	  4.49234e-06
7	  0.837758	  1	  4.27086e-05	  5.27988e-06	  3	  3.31233e-06
8	  0.942478	  1	  3.27963e-05	  2.26749e-06	  3	  1.42251e-06
9	  0.10472	  0	  0.00200914	  5.55638e-05	  6	  2.5462e-05
10	  0.148096	  0.707107	  0.00127766	  7.03108e-05	  12	  2.38125e-05
11	  0.23416	  0.894427	  0.000565323	  7.18017e-05	  12	  2.43175e-05
12	  0.331153	  0.948683	  0.000302721	  3.22008e-05	  12	  1.09056e-05
13	  0.431771	  0.970143	  0.000176312	  1.74158e-05	  12	  5.8983e-06
14	  0.533968	  0.980581	  0.000113603	  1.0286e-05	  12	  3.48361e-06
15	  0.636985	  0.986394	  7.79011e-05	  9.08631e-06	  12	  3.07731e-06
16	  0.74048	  0.989949	  5.6135e-05	  8.35519e-06	  12	  2.8297e-06
17	  0.844278	  0.992278	  4.19657e-05	  5.53328e-06	  12	  1.87398e-06
18	  0.948278	  0.993884	  3.23397e-05	  4.91525e-06	  12	  1.66467e-06
19	  0.148096	  0	  0.00127766	  3.11754e-05	  6	  1.42861e-05
20	  0.18138	  0.57735	  0.000906418	  3.67725e-05	  12	  1.24539e-05
21	  0.25651	  0.816497	  0.000497544	  3.94237e-05	  12	  1.33518e-05
22	  0.347316	  0.904534	  0.00027267	  2.21376e-05	  12	  7.49744e-06
23	  0.444288	  0.942809	  0.000166675	  1.13168e-05	  12	  3.8327e-06
24	  0.54414	  0.96225	  0.000109093	  1.60183e-05	  12	  5.42499e-06
25	  0.645536	  0.973329	  7.57098e-05	  6.98696e-06	  12	  2.36631e-06
26	  0.747849	  0.980196	  5.49076e-05	  7.31441e-06	  12	  2.47721e-06
27	  0.850747	  0.984732	  4.12682e-05	  5.74259e-06	  12	  1.94487e-06
28	  0.954042	  0.987878	  3.19008e-05	  3.03649e-06	  12	  1.02838e-06
29	  0.20944	  0	  0.000713669	  2.00962e-05	  6	  9.20904e-06
30	  0.23416	  0.447214	  0.000565323	  2.68545e-05	  12	  9.09496e-06
31	  0.296192	  0.707107	  0.000368125	  3.00939e-05	  12	  1.0192e-05
32	  0.377572	  0.83205	  0.00023201	  2.10846e-05	  12	  7.14082e-06
33	  0.468321	  0.894427	  0.000149543	  1.5183e-05	  12	  5.14209e-06
34	  0.563933	  0.928477	  0.00010112	  6.19788e-06	  12	  2.09907e-06
35	  0.662306	  0.948683	  7.1605e-05	  7.52862e-06	  12	  2.54976e-06
36	  0.762371	  0.961524	  5.2633e-05	  4.89128e-06	  12	  1.65656e-06
37	  0.863541	  0.970143	  3.99095e-05	  2.66122e-06	  12	  9.01288e-07
38	  0.965468	  0.976187	  3.10557e-05	  3.25799e-06	  12	  1.1034e-06
39	  0.23416	  0	  0.000565323	  1.87313e-05	  12	  6.34384e-06
40	  0.25651	  0.408248	  0.000497544	  1.777e-05	  24	  4.51578e-06
41	  0.314159	  0.666667	  0.000334282	  2.20317e-05	  24	  5.59878e-06
42	  0.391825	  0.801784	  0.000216011	  1.61775e-05	  24	  4.11109e-06
43	  0.479886	  0.872872	  0.000141933	  1.93098e-05	  24	  4.9071e-06
44	  0.573574	  0.912871	  9.75968e-05	  8.34756e-06	  24	  2.12132e-06
45	  0.670534	  0.937043	  6.97298e-05	  6.59936e-06	  24	  1.67706e-06
46	  0.76953	  0.952579	  5.1572e-05	  6.08183e-06	  24	  1.54554e-06
47	  0.869868	  0.963087	  3.9269e-05	  5.03878e-06	  24	  1.28047e-06
48	  0.971131	  0.970495	  3.06415e-05	  3.26268e-06	  24	  8.29126e-07
49	  0.296192	  0	  0.000368125	  1.04975e-05	  6	  4.81045e-06
50	  0.314159	  0.333333	  0.000334282	  1.30569e-05	  12	  4.42205e-06
51	  0.36276	  0.57735	  0.000249575	  1.10158e-05	  12	  3.73077e-06
52	  0.431771	  0.727607	  0.000176312	  1.21607e-05	  12	  4.11853e-06
53	  0.51302	  0.816497	  0.000123598	  1.32519e-05	  12	  4.48808e-06
54	  0.601569	  0.870388	  8.81251e-05	  8.58987e-06	  12	  2.90918e-06
55	  0.694632	  0.904534	  6.45675e-05	  6.91008e-06	  12	  2.34027e-06
56	  0.790617	  0.927173	  4.85736e-05	  4.13615e-06	  12	  1.40081e-06
57	  0.888577	  0.942809	  3.74405e-05	  4.33398e-06	  12	  1.46781e-06
58	  0.987924	  0.953998	  2.94769e-05	  2.72543e-06	  12	  9.23037e-07
59	  0.314159	  0	  0.000334282	  1.31523e-05	  6	  6.02702e-06
60	  0.331153	  0.316228	  0.000302721	  1.09221e-05	  12	  3.69904e-06
61	  0.377572	  0.5547	  0.00023201	  1.38241e-05	  12	  4.68188e-06
62	  0.444288	  0.707107	  0.000166675	  7.79908e-06	  12	  2.64136e-06
63	  0.523599	  0.8	  0.000118442	  1.11315e-05	  12	  3.76996e-06
64	  0.610616	  0.857493	  8.53413e-05	  4.16205e-06	  12	  1.40958e-06
65	  0.702481	  0.894427	  6.29966e-05	  5.28344e-06	  12	  1.78937e-06
66	  0.797522	  0.919145	  4.76447e-05	  5.63585e-06	  12	  1.90872e-06
67	  0.894726	  0.936329	  3.68553e-05	  2.56325e-06	  12	  8.68109e-07
68	  0.993459	  0.948683	  2.9109e-05	  2.58851e-06	  12	  8.76664e-07
69	  0.331153	  0	  0.000302721	  8.766e-06	  12	  2.96883e-06
70	  0.347316	  0.301511	  0.00027267	  8.27524e-06	  24	  2.10294e-06
71	  0.391825	  0.534522	  0.000216011	  8.88864e-06	  24	  2.25882e-06
72	  0.456463	  0.688247	  0.000157839	  1.25214e-05	  24	  3.182e-06
73	  0.533968	  0.784465	  0.000113603	  6.19443e-06	  24	  1.57415e-06
74	  0.61953	  0.845154	  8.27319e-05	  6.03294e-06	  24	  1.53311e-06
75	  0.710244	  0.884652	  6.15105e-05	  6.47048e-06	  24	  1.64431e-06
76	  0.804368	  0.911322	  4.67536e-05	  5.40959e-06	  24	  1.37471e-06
77	  0.900833	  0.929981	  3.6305e-05	  3.73308e-06	  24	  9.48665e-07
78	  0.998963	  0.943456	  2.87505e-05	  3.1447e-06	  24	  7.99145e-07
79	  0.377572	  0	  0.00023201	  7.23475e-06	  12	  2.45023e-06
80	  0.391825	  0.267261	  0.000216011	  5.85315e-06	  24	  1.48743e-06
81	  0.431771	  0.485071	  0.000176312	  8.61265e-06	  24	  2.18868e-06
82	  0.491179	  0.639602	  0.000135142	  6.19248e-06	  24	  1.57366e-06
83	  0.563933	  0.742781	  0.00010112	  7.76894e-06	  24	  1.97428e-06
84	  0.645536	  0.811107	  7.57098e-05	  6.16754e-06	  24	  1.56732e-06
85	  0.733038	  0.857143	  5.73763e-05	  5.6877e-06	  24	  1.44538e-06
86	  0.824564	  0.889001	  4.424e-05	  2.58164e-06	  24	  6.56057e-07
87	  0.918912	  0.911685	  3.47189e-05	  3.27708e-06	  24	  8.32785e-07
88	  0.418879	  0	  0.00018735	  2.2953e-06	  6	  1.05182e-06
89	  0.431771	  0.242536	  0.000176312	  4.3646e-06	  12	  1.47818e-06
90	  0.468321	  0.447214	  0.000149543	  6.54837e-06	  12	  2.21777e-06
91	  0.523599	  0.6	  0.000118442	  6.96188e-06	  12	  2.35782e-06
92	  0.592384	  0.707107	  9.11084e-05	  3.06932e-06	  12	  1.0395e-06
93	  0.670534	  0.780869	  6.97298e-05	  6.57205e-06	  12	  2.22579e-06
94	  0.755145	  0.83205	  5.3764e-05	  3.69392e-06	  12	  1.25104e-06
95	  0.844278	  0.868243	  4.19657e-05	  3.48785e-06	  12	  1.18125e-06
96	  0.936642	  0.894427	  3.32557e-05	  2.59469e-06	  12	  8.78758e-07
97	  0.431771	  0	  0.000176312	  4.2354e-06	  12	  1.43443e-06
98	  0.444288	  0.235702	  0.000166675	  2.4817e-06	  24	  6.3066e-07
99	  0.479886	  0.436436	  0.000141933	  7.9182e-06	  24	  2.01221e-06
100	  0.533968	  0.588348	  0.000113603	  4.18235e-06	  24	  1.06284e-06
101	  0.601569	  0.696311	  8.81251e-05	  3.46588e-06	  24	  8.80763e-07
102	  0.678662	  0.771517	  6.79169e-05	  4.2341e-06	  24	  1.07599e-06
103	  0.762371	  0.824163	  5.2633e-05	  5.54072e-06	  24	  1.40803e-06
104	  0.850747	  0.86164	  4.12682e-05	  4.43671e-06	  24	  1.12747e-06
105	  0.942478	  0.888889	  3.27963e-05	  3.91548e-06	  24	  9.95017e-07
106	  0.444288	  0	  0.000166675	  3.56756e-06	  6	  1.63483e-06
107	  0.456463	  0.229416	  0.000157839	  5.66884e-06	  12	  1.9199e-06
108	  0.491179	  0.426401	  0.000135142	  5.17934e-06	  12	  1.75411e-06
109	  0.54414	  0.57735	  0.000109093	  2.41153e-06	  12	  8.16724e-07
110	  0.610616	  0.685994	  8.53413e-05	  7.36438e-06	  12	  2.49413e-06
111	  0.686693	  0.762493	  6.62056e-05	  4.34871e-06	  12	  1.4728e-06
112	  0.76953	  0.816497	  5.1572e-05	  3.22787e-06	  12	  1.0932e-06
113	  0.857168	  0.855186	  4.0576e-05	  2.54718e-06	  12	  8.62665e-07
114	  0.948278	  0.883452	  3.23397e-05	  2.27248e-06	  12	  7.69633e-07
115	  0.468321	  0	  0.000149543	  4.3274e-06	  12	  1.46558e-06
116	  0.479886	  0.218218	  0.000141933	  5.98144e-06	  24	  1.52003e-06
117	  0.51302	  0.408248	  0.000123598	  6.45293e-06	  24	  1.63985e-06
118	  0.563933	  0.557086	  0.00010112	  5.41133e-06	  24	  1.37515e-06
119	  0.628319	  0.666667	  8.02543e-05	  3.4356e-06	  24	  8.73068e-07
120	  0.702481	  0.745356	  6.29966e-05	  5.08951e-06	  24	  1.29337e-06
121	  0.783651	  0.801784	  4.95379e-05	  3.40402e-06	  24	  8.65044e-07
122	  0.869868	  0.842701	  3.9269e-05	  2.44752e-06	  24	  6.21974e-07
123	  0.959772	  0.872872	  3.1477e-05	  2.60029e-06	  24	  6.60796e-07
124	  0.523599	  0	  0.000118442	  3.29791e-06	  18	  9.42221e-07
125	  0.533968	  0.196116	  0.000113603	  2.98935e-06	  36	  6.47693e-07
126	  0.563933	  0.371391	  0.00010112	  3.00193e-06	  36	  6.50419e-07
127	  0.610616	  0.514496	  8.53413e-05	  3.44324e-06	  36	  7.46035e-07
128	  0.670534	  0.624695	  6.97298e-05	  3.76894e-06	  36	  8.16604e-07
129	  0.74048	  0.707107	  5.6135e-05	  3.4299e-06	  36	  7.43146e-07
130	  0.817887	  0.768221	  4.50551e-05	  3.33979e-06	  36	  7.23622e-07
131	  0.900833	  0.813733	  3.6305e-05	  3.50515e-06	  36	  7.59448e-07
132	  0.987924	  0.847998	  2.94769e-05	  2.39884e-06	  36	  5.19748e-07
133	  0.533968	  0	  0.000113603	  2.88271e-06	  12	  9.76303e-07
134	  0.54414	  0.19245	  0.000109093	  4.56519e-06	  24	  1.16013e-06
135	  0.573574	  0.365148	  9.75968e-05	  3.40695e-06	  24	  8.65789e-07
136	  0.61953	  0.507093	  8.27319e-05	  3.74644e-06	  24	  9.5206e-07
137	  0.678662	  0.617213	  6.79169e-05	  3.24673e-06	  24	  8.25072e-07
138	  0.747849	  0.70014	  5.49076e-05	  3.47471e-06	  24	  8.83007e-07
139	  0.824564	  0.762001	  4.424e-05	  1.95472e-06	  24	  4.96743e-07
140	  0.9069	  0.80829	  3.57631e-05	  2.66639e-06	  24	  6.77595e-07
141	  0.993459	  0.843274	  2.9109e-05	  2.15631e-06	  24	  5.47971e-07
142	  0.563933	  0	  0.00010112	  1.529e-06	  12	  5.17833e-07
143	  0.573574	  0.182574	  9.75968e-05	  2.8232e-06	  24	  7.17442e-07
144	  0.601569	  0.348155	  8.81251e-05	  2.83164e-06	  24	  7.19588e-07
145	  0.645536	  0.486664	  7.57098e-05	  3.62379e-06	  24	  9.20894e-07
146	  0.702481	  0.596285	  6.29966e-05	  3.37576e-06	  24	  8.57863e-07
147	  0.76953	  0.680414	  5.1572e-05	  2.0897e-06	  24	  5.31044e-07
148	  0.844278	  0.744208	  4.19657e-05	  2.94111e-06	  24	  7.47408e-07
149	  0.92486	  0.792594	  3.42203e-05	  2.39097e-06	  24	  6.07604e-07
150	  0.592384	  0	  9.11084e-05	  1.12405e-06	  6	  5.15093e-07
151	  0.601569	  0.174078	  8.81251e-05	  1.92598e-06	  12	  6.52281e-07
152	  0.628319	  0.333333	  8.02543e-05	  2.21034e-06	  12	  7.48586e-07
153	  0.670534	  0.468521	  6.97298e-05	  2.31057e-06	  12	  7.82533e-07
154	  0.72552	  0.57735	  5.87085e-05	  3.75645e-06	  12	  1.27221e-06
155	  0.790617	  0.662266	  4.85736e-05	  2.83361e-06	  12	  9.59672e-07
156	  0.863541	  0.727607	  3.99095e-05	  2.36172e-06	  12	  7.99857e-07
157	  0.942478	  0.777778	  3.27963e-05	  2.34856e-06	  12	  7.95398e-07
158	  0.610616	  0	  8.53413e-05	  1.86283e-06	  12	  6.30895e-07
159	  0.61953	  0.169031	  8.27319e-05	  2.27383e-06	  24	  5.77836e-07
160	  0.645536	  0.324443	  7.57098e-05	  2.83734e-06	  24	  7.21037e-07
161	  0.686693	  0.457496	  6.62056e-05	  2.80291e-06	  24	  7.12287e-07
162	  0.74048	  0.565685	  5.6135e-05	  2.55266e-06	  24	  6.48693e-07
163	  0.804368	  0.650945	  4.67536e-05	  3.56855e-06	  24	  9.06854e-07
164	  0.876148	  0.717137	  3.86332e-05	  3.2118e-06	  24	  8.16195e-07
165	  0.954042	  0.76835	  3.19008e-05	  2.50515e-06	  24	  6.36618e-07
166	  0.628319	  0	  8.02543e-05	  5.93143e-06	  6	  2.71807e-06
167	  0.636985	  0.164399	  7.79011e-05	  2.87156e-06	  12	  9.72525e-07
168	  0.662306	  0.316228	  7.1605e-05	  2.32669e-06	  12	  7.87991e-07
169	  0.702481	  0.447214	  6.29966e-05	  1.63073e-06	  12	  5.52289e-07
170	  0.755145	  0.5547	  5.3764e-05	  1.87035e-06	  12	  6.33441e-07
171	  0.817887	  0.640184	  4.50551e-05	  2.26656e-06	  12	  7.67628e-07
172	  0.888577	  0.707107	  3.74405e-05	  1.76317e-06	  12	  5.97143e-07
173	  0.965468	  0.759257	  3.10557e-05	  2.48249e-06	  12	  8.40759e-07
174	  0.636985	  0	  7.79011e-05	  2.80843e-06	  12	  9.51145e-07
175	  0.645536	  0.162221	  7.57098e-05	  1.64023e-06	  24	  4.16822e-07
176	  0.670534	  0.312348	  6.97298e-05	  1.99355e-06	  24	  5.0661e-07
177	  0.710244	  0.442326	  6.15105e-05	  2.61984e-06	  24	  6.65765e-07
178	  0.762371	  0.549442	  5.2633e-05	  3.1136e-06	  24	  7.9124e-07
179	  0.824564	  0.635001	  4.424e-05	  1.82149e-06	  24	  4.62886e-07
180	  0.894726	  0.702247	  3.68553e-05	  2.03839e-06	  24	  5.18004e-07
181	  0.971131	  0.754829	  3.06415e-05	  2.47032e-06	  24	  6.27767e-07
182	  0.662306	  0	  7.1605e-05	  1.90754e-06	  12	  6.46037e-07
183	  0.670534	  0.156174	  6.97298e-05	  1.88853e-06	  24	  4.79921e-07
184	  0.694632	  0.301511	  6.45675e-05	  1.64942e-06	  24	  4.19157e-07
185	  0.733038	  0.428571	  5.73763e-05	  2.80181e-06	  24	  7.12006e-07
186	  0.783651	  0.534522	  4.95379e-05	  1.74075e-06	  24	  4.42366e-07
187	  0.844278	  0.620174	  4.19657e-05	  1.81697e-06	  24	  4.61736e-07
188	  0.912926	  0.688247	  3.52247e-05	  1.79053e-06	  24	  4.55017e-07
189	  0.987924	  0.741999	  2.94769e-05	  2.08722e-06	  24	  5.30414e-07
190	  0.670534	  0	  6.97298e-05	  2.31902e-06	  12	  7.85394e-07
191	  0.678662	  0.154303	  6.79169e-05	  1.65779e-06	  24	  4.21285e-07
192	  0.702481	  0.298142	  6.29966e-05	  2.27081e-06	  24	  5.77067e-07
193	  0.74048	  0.424264	  5.6135e-05	  2.08544e-06	  24	  5.2996e-07
194	  0.790617	  0.529813	  4.85736e-05	  2.01276e-06	  24	  5.1149e-07
195	  0.850747	  0.615457	  4.12682e-05	  1.70566e-06	  24	  4.33449e-07
196	  0.918912	  0.683763	  3.47189e-05	  2.25805e-06	  24	  5.73825e-07
197	  0.993459	  0.737865	  2.9109e-05	  2.04905e-06	  24	  5.20714e-07
198	  0.702481	  0	  6.29966e-05	  1.21991e-06	  12	  4.13153e-07
199	  0.710244	  0.147442	  6.15105e-05	  1.91153e-06	  24	  4.85767e-07
200	  0.733038	  0.285714	  5.73763e-05	  2.44218e-06	  24	  6.20616e-07
201	  0.76953	  0.408248	  5.1572e-05	  1.84096e-06	  24	  4.67833e-07
202	  0.817887	  0.512148	  4.50551e-05	  2.72105e-06	  24	  6.91485e-07
203	  0.876148	  0.597614	  3.86332e-05	  2.05893e-06	  24	  5.23224e-07
204	  0.942478	  0.666667	  3.27963e-05	  2.12009e-06	  24	  5.38765e-07
205	  0.733038	  0	  5.73763e-05	  1.06638e-06	  6	  4.88665e-07
206	  0.74048	  0.141421	  5.6135e-05	  1.50699e-06	  12	  5.10381e-07
207	  0.762371	  0.274721	  5.2633e-05	  1.16857e-06	  12	  3.95765e-07
208	  0.797522	  0.393919	  4.76447e-05	  2.05593e-06	  12	  6.96291e-07
209	  0.844278	  0.496139	  4.19657e-05	  2.15828e-06	  12	  7.30954e-07
210	  0.900833	  0.581238	  3.6305e-05	  2.43009e-06	  12	  8.23011e-07
211	  0.965468	  0.650791	  3.10557e-05	  1.86632e-06	  12	  6.32075e-07
212	  0.74048	  0	  5.6135e-05	  1.5341e-06	  18	  4.38295e-07
213	  0.747849	  0.140028	  5.49076e-05	  1.96788e-06	  36	  4.26373e-07
214	  0.76953	  0.272166	  5.1572e-05	  1.71125e-06	  36	  3.70771e-07
215	  0.804368	  0.390567	  4.67536e-05	  2.22245e-06	  36	  4.81532e-07
216	  0.850747	  0.492366	  4.12682e-05	  1.55376e-06	  36	  3.36648e-07
217	  0.9069	  0.57735	  3.57631e-05	  1.42519e-06	  36	  3.08791e-07
218	  0.971131	  0.646997	  3.06415e-05	  2.35724e-06	  36	  5.10735e-07
219	  0.755145	  0	  5.3764e-05	  1.20564e-06	  12	  4.0832e-07
220	  0.762371	  0.137361	  5.2633e-05	  1.8403e-06	  24	  4.67665e-07
221	  0.783651	  0.267261	  4.95379e-05	  1.57919e-06	  24	  4.0131e-07
222	  0.817887	  0.384111	  4.50551e-05	  1.97396e-06	  24	  5.0163e-07
223	  0.863541	  0.485071	  3.99095e-05	  1.40054e-06	  24	  3.55912e-07
224	  0.918912	  0.569803	  3.47189e-05	  1.48808e-06	  24	  3.78158e-07
225	  0.982358	  0.639602	  2.98629e-05	  1.5369e-06	  24	  3.90562e-07
226	  0.762371	  0	  5.2633e-05	  9.32549e-07	  12	  3.15831e-07
227	  0.76953	  0.136083	  5.1572e-05	  2.05133e-06	  24	  5.21292e-07
228	  0.790617	  0.264906	  4.85736e-05	  1.43986e-06	  24	  3.65904e-07
229	  0.824564	  0.381	  4.424e-05	  1.25947e-06	  24	  3.2006e-07
230	  0.869868	  0.481543	  3.9269e-05	  1.09244e-06	  24	  2.77614e-07
231	  0.92486	  0.566139	  3.42203e-05	  1.83875e-06	  24	  4.67272e-07
232	  0.987924	  0.635999	  2.94769e-05	  1.58681e-06	  24	  4.03246e-07
233	  0.797522	  0	  4.76447e-05	  1.74636e-06	  12	  5.9145e-07
234	  0.804368	  0.130189	  4.67536e-05	  1.62167e-06	  24	  4.12105e-07
235	  0.824564	  0.254	  4.424e-05	  1.0634e-06	  24	  2.70236e-07
236	  0.857168	  0.366508	  4.0576e-05	  1.58029e-06	  24	  4.01589e-07
237	  0.900833	  0.464991	  3.6305e-05	  1.60866e-06	  24	  4.088e-07
238	  0.954042	  0.548821	  3.19008e-05	  1.54224e-06	  24	  3.91921e-07
239	  0.817887	  0	  4.50551e-05	  1.28771e-06	  12	  4.36114e-07
240	  0.824564	  0.127	  4.424e-05	  1.21409e-06	  24	  3.08531e-07
241	  0.844278	  0.248069	  4.19657e-05	  1.21152e-06	  24	  3.07877e-07
242	  0.876148	  0.358569	  3.86332e-05	  1.56323e-06	  24	  3.97255e-07
243	  0.918912	  0.455842	  3.47189e-05	  1.12328e-06	  24	  2.85453e-07
244	  0.971131	  0.539164	  3.06415e-05	  1.76548e-06	  24	  4.4865e-07
245	  0.837758	  0	  4.27086e-05	  1.31267e-06	  6	  6.01528e-07
246	  0.844278	  0.124035	  4.19657e-05	  1.88977e-06	  12	  6.40017e-07
247	  0.863541	  0.242536	  3.99095e-05	  6.38323e-07	  12	  2.16184e-07
248	  0.894726	  0.351123	  3.68553e-05	  1.11823e-06	  12	  3.78716e-07
249	  0.936642	  0.447214	  3.32557e-05	  9.62181e-07	  12	  3.25867e-07
250	  0.987924	  0.529999	  2.94769e-05	  1.82416e-06	  12	  6.17796e-07
251	  0.844278	  0	  4.19657e-05	  1.56046e-06	  24	  3.9655e-07
252	  0.850747	  0.123091	  4.12682e-05	  1.20701e-06	  48	  2.34568e-07
253	  0.869868	  0.240772	  3.9269e-05	  1.22743e-06	  48	  2.38537e-07
254	  0.900833	  0.348743	  3.6305e-05	  1.38197e-06	  48	  2.68568e-07
255	  0.942478	  0.444444	  3.27963e-05	  1.4718e-06	  48	  2.86026e-07
256	  0.993459	  0.527046	  2.9109e-05	  1.54676e-06	  48	  3.00593e-07
257	  0.863541	  0	  3.99095e-05	  6.59099e-07	  12	  2.2322e-07
258	  0.869868	  0.120386	  3.9269e-05	  1.10084e-06	  24	  2.7975e-07
259	  0.888577	  0.235702	  3.74405e-05	  1.13569e-06	  24	  2.88607e-07
260	  0.918912	  0.341882	  3.47189e-05	  1.17921e-06	  24	  2.99666e-07
261	  0.959772	  0.436436	  3.1477e-05	  1.31474e-06	  24	  3.34108e-07
262	  0.888577	  0	  3.74405e-05	  1.20365e-06	  6	  5.51571e-07
263	  0.894726	  0.117041	  3.68553e-05	  1.1034e-06	  12	  3.73693e-07
264	  0.912926	  0.229416	  3.52247e-05	  1.18288e-06	  12	  4.00612e-07
265	  0.942478	  0.333333	  3.27963e-05	  1.16016e-06	  12	  3.92918e-07
266	  0.982358	  0.426401	  2.98629e-05	  1.17313e-06	  12	  3.97309e-07
267	  0.894726	  0	  3.68553e-05	  9.19145e-07	  12	  3.11292e-07
268	  0.900833	  0.116248	  3.6305e-05	  1.18095e-06	  24	  3.00107e-07
269	  0.918912	  0.227921	  3.47189e-05	  1.09312e-06	  24	  2.77789e-07
270	  0.948278	  0.331295	  3.23397e-05	  1.32772e-06	  24	  3.37406e-07
271	  0.987924	  0.423999	  2.94769e-05	  9.61566e-07	  24	  2.44357e-07
272	  0.900833	  0	  3.6305e-05	  1.44222e-06	  12	  4.88444e-07
273	  0.9069	  0.11547	  3.57631e-05	  8.25851e-07	  24	  2.09869e-07
274	  0.92486	  0.226455	  3.42203e-05	  8.79959e-07	  24	  2.23619e-07
275	  0.954042	  0.329293	  3.19008e-05	  1.19172e-06	  24	  3.02845e-07
276	  0.993459	  0.421637	  2.9109e-05	  1.3125e-06	  24	  3.33538e-07
277	  0.936642	  0	  3.32557e-05	  6.66734e-07	  12	  2.25806e-07
278	  0.942478	  0.111111	  3.27963e-05	  1.07546e-06	  24	  2.733e-07
279	  0.959772	  0.218218	  3.1477e-05	  8.09194e-07	  24	  2.05636e-07
280	  0.987924	  0.317999	  2.94769e-05	  7.92356e-07	  24	  2.01357e-07
281	  0.942478	  0	  3.27963e-05	  2.2145e-06	  6	  1.01479e-06
282	  0.948278	  0.110432	  3.23397e-05	  1.40273e-06	  12	  4.7507e-07
283	  0.965468	  0.21693	  3.10557e-05	  1.06424e-06	  12	  3.60432e-07
284	  0.993459	  0.316228	  2.9109e-05	  9.90402e-07	  12	  3.35424e-07
285	  0.948278	  0	  3.23397e-05	  1.329e-06	  12	  4.50101e-07
286	  0.954042	  0.109764	  3.19008e-05	  7.94825e-07	  24	  2.01984e-07
287	  0.971131	  0.215666	  3.06415e-05	  6.27971e-07	  24	  1.59583e-07
288	  0.998963	  0.314485	  2.87505e-05	  1.09591e-06	  24	  2.78497e-07
289	  0.965468	  0	  3.10557e-05	  8.21501e-07	  24	  2.08763e-07
290	  0.971131	  0.107833	  3.06415e-05	  9.88801e-07	  48	  1.92161e-07
291	  0.987924	  0.212	  2.94769e-05	  1.04465e-06	  48	  2.03015e-07
292	  0.987924	  0	  2.94769e-05	  8.87464e-07	  12	  3.00562e-07
293	  0.993459	  0.105409	  2.9109e-05	  1.0684e-06	  24	  2.71506e-07
294	  0.993459	  0	  2.9109e-05	  7.35516e-07	  12	  2.49101e-07
295	  0.998963	  0.104828	  2.87505e-05	  8.67356e-07	  24	  2.20416e-07
296	  1.08818	  0.030936	  2.36605e-05	  7.9608e-07	  138	  1.07571e-07
297	  1.08818	  0.0938307	  2.36605e-05	  7.0805e-07	  252	  8.00055e-08
298	  1.08818	  0.156319	  2.36605e-05	  6.61911e-07	  72	  1.11103e-07
299	  1.08818	  0.218712	  2.36605e-05	  7.20548e-07	  216	  8.50545e-08
300	  1.08818	  0.281224	  2.36605e-05	  8.62518e-07	  288	  9.39503e-08
301	  1.08818	  0.343807	  2.36605e-05	  7.29386e-07	  120	  1.03053e-07
302	  1.08818	  0.406302	  2.36605e-05	  1.10675e-06	  180	  1.3783e-07
303	  1.08818	  0.468745	  2.36605e-05	  1.16231e-06	  180	  1.44749e-07
304	  1.08818	  0.531226	  2.36605e-05	  1.18032e-06	  192	  1.44198e-07
305	  1.08818	  0.593785	  2.36605e-05	  1.57094e-06	  192	  1.9192e-07
306	  1.08818	  0.656281	  2.36605e-05	  1.44421e-06	  168	  1.83633e-07
307	  1.08818	  0.718743	  2.36605e-05	  1.64224e-06	  228	  1.90872e-07
308	  1.08818	  0.781255	  2.36605e-05	  2.03034e-06	  144	  2.70712e-07
309	  1.08818	  0.843774	  2.36605e-05	  1.89208e-06	  240	  2.16737e-07
310	  1.08818	  0.90628	  2.36605e-05	  2.76464e-06	  168	  3.51528e-07
311	  1.08818	  0.968758	  2.36605e-05	  2.42094e-06	  150	  3.18716e-07
312	  1.25577	  0.030936	  1.70176e-05	  5.7508e-07	  198	  6.96231e-08
313	  1.25577	  0.0938307	  1.70176e-05	  5.66277e-07	  396	  5.67703e-08
314	  1.25577	  0.156319	  1.70176e-05	  5.94053e-07	  396	  5.95549e-08
315	  1.25577	  0.218712	  1.70176e-05	  5.39562e-07	  204	  6.4755e-08
316	  1.25577	  0.281224	  1.70176e-05	  6.19142e-07	  216	  7.30843e-08
317	  1.25577	  0.343807	  1.70176e-05	  6.46019e-07	  372	  6.57955e-08
318	  1.25577	  0.406302	  1.70176e-05	  7.32394e-07	  312	  7.80834e-08
319	  1.25577	  0.468745	  1.70176e-05	  7.48418e-07	  288	  8.15218e-08
320	  1.25577	  0.531226	  1.70176e-05	  9.72037e-07	  264	  1.08427e-07
321	  1.25577	  0.593785	  1.70176e-05	  8.84421e-07	  312	  9.42915e-08
322	  1.25577	  0.656281	  1.70176e-05	  1.0662e-06	  276	  1.17488e-07
323	  1.25577	  0.718743	  1.70176e-05	  1.11793e-06	  312	  1.19187e-07
324	  1.25577	  0.781255	  1.70176e-05	  1.28535e-06	  276	  1.41637e-07
325	  1.25577	  0.843774	  1.70176e-05	  1.55609e-06	  240	  1.78249e-07
326	  1.25577	  0.90628	  1.70176e-05	  1.86086e-06	  324	  1.96424e-07
327	  1.25577	  0.968758	  1.70176e-05	  2.02463e-06	  315	  2.15307e-07
328	  1.45182	  0.030936	  1.21395e-05	  4.08423e-07	  246	  4.64613e-08
329	  1.45182	  0.0938307	  1.21395e-05	  3.74384e-07	  516	  3.52005e-08
330	  1.45182	  0.156319	  1.21395e-05	  4.30394e-07	  504	  4.0691e-08
331	  1.45182	  0.218712	  1.21395e-05	  4.19898e-07	  528	  3.92686e-08
332	  1.45182	  0.281224	  1.21395e-05	  4.21854e-07	  504	  3.98836e-08
333	  1.45182	  0.343807	  1.21395e-05	  4.7723e-07	  384	  4.82151e-08
334	  1.45182	  0.406302	  1.21395e-05	  5.84749e-07	  420	  5.77702e-08
335	  1.45182	  0.468745	  1.21395e-05	  5.12435e-07	  468	  4.9309e-08
336	  1.45182	  0.531226	  1.21395e-05	  5.64963e-07	  480	  5.40351e-08
337	  1.45182	  0.593785	  1.21395e-05	  6.50702e-07	  468	  6.26138e-08
338	  1.45182	  0.656281	  1.21395e-05	  7.3265e-07	  396	  7.34495e-08
339	  1.45182	  0.718743	  1.21395e-05	  7.37435e-07	  456	  7.14053e-08
340	  1.45182	  0.781255	  1.21395e-05	  9.12843e-07	  432	  8.95613e-08
341	  1.45182	  0.843774	  1.21395e-05	  1.07631e-06	  480	  1.02942e-07
342	  1.45182	  0.90628	  1.21395e-05	  1.22374e-06	  480	  1.17043e-07
343	  1.45182	  0.968758	  1.21395e-05	  1.29122e-06	  414	  1.28021e-07
344	  1.68148	  0.030936	  8.59238e-06	  2.65335e-07	  798	  2.26595e-08
345	  1.68148	  0.0938307	  8.59238e-06	  3.05475e-07	  708	  2.67542e-08
346	  1.68148	  0.156319	  8.59238e-06	  2.90643e-07	  684	  2.56452e-08
347	  1.68148	  0.218712	  8.59238e-06	  3.25602e-07	  720	  2.84145e-08
348	  1.68148	  0.281224	  8.59238e-06	  3.19526e-07	  708	  2.79848e-08
349	  1.68148	  0.343807	  8.59238e-06	  3.28485e-07	  720	  2.86661e-08
350	  1.68148	  0.406302	  8.59238e-06	  3.62377e-07	  672	  3.20978e-08
351	  1.68148	  0.468745	  8.59238e-06	  3.95304e-07	  732	  3.4376e-08
352	  1.68148	  0.531226	  8.59238e-06	  4.45406e-07	  672	  3.94522e-08
353	  1.68148	  0.593785	  8.59238e-06	  4.6034e-07	  708	  4.03176e-08
354	  1.68148	  0.656281	  8.59238e-06	  4.74958e-07	  744	  4.11607e-08
355	  1.68148	  0.718743	  8.59238e-06	  5.97957e-07	  744	  5.18201e-08
356	  1.68148	  0.781255	  8.59238e-06	  6.27432e-07	  696	  5.51543e-08
357	  1.68148	  0.843774	  8.59238e-06	  6.99942e-07	  708	  6.13026e-08
358	  1.68148	  0.90628	  8.59238e-06	  8.25201e-07	  696	  7.25392e-08
359	  1.68148	  0.968758	  8.59238e-06	  9.16986e-07	  741	  7.95356e-08
360	  1.94819	  0.030936	  6.05169e-06	  2.1524e-07	  1368	  1.65815e-08
361	  1.94819	  0.0938307	  6.05169e-06	  2.13863e-07	  924	  1.77287e-08
362	  1.94819	  0.156319	  6.05169e-06	  2.32076e-07	  972	  1.90477e-08
363	  1.94819	  0.218712	  6.05169e-06	  2.23345e-07	  972	  1.8331e-08
364	  1.94819	  0.281224	  6.05169e-06	  2.23395e-07	  1200	  1.76186e-08
365	  1.94819	  0.343807	  6.05169e-06	  2.34396e-07	  1140	  1.8662e-08
366	  1.94819	  0.406302	  6.05169e-06	  2.60783e-07	  1080	  2.09745e-08
367	  1.94819	  0.468745	  6.05169e-06	  2.84665e-07	  1068	  2.29439e-08
368	  1.94819	  0.531226	  6.05169e-06	  2.96357e-07	  1164	  2.35042e-08
369	  1.94819	  0.593785	  6.05169e-06	  3.25287e-07	  1188	  2.57019e-08
370	  1.94819	  0.656281	  6.05169e-06	  3.45308e-07	  1068	  2.78317e-08
371	  1.94819	  0.718743	  6.05169e-06	  3.6407e-07	  1008	  2.96706e-08
372	  1.94819	  0.781255	  6.05169e-06	  4.58907e-07	  1164	  3.63961e-08
373	  1.94819	  0.843774	  6.05169e-06	  4.43634e-07	  1176	  3.51183e-08
374	  1.94819	  0.90628	  6.05169e-06	  5.51119e-07	  1080	  4.4326e-08
375	  1.94819	  0.968758	  6.05169e-06	  6.04008e-07	  1038	  4.89479e-08
376	  2.25604	  0.030936	  4.25364e-06	  1.55796e-07	  1896	  1.13677e-08
377	  2.25604	  0.0938307	  4.25364e-06	  1.54506e-07	  1272	  1.20574e-08
378	  2.25604	  0.156319	  4.25364e-06	  1.51284e-07	  2040	  1.09136e-08
379	  2.25604	  0.218712	  4.25364e-06	  1.62411e-07	  1740	  1.20141e-08
380	  2.25604	  0.281224	  4.25364e-06	  1.70361e-07	  1584	  1.27986e-08
381	  2.25604	  0.343807	  4.25364e-06	  1.72176e-07	  1764	  1.27082e-08
382	  2.25604	  0.406302	  4.25364e-06	  1.81122e-07	  1632	  1.35396e-08
383	  2.25604	  0.468745	  4.25364e-06	  1.913e-07	  1860	  1.40007e-08
384	  2.25604	  0.531226	  4.25364e-06	  2.02574e-07	  1560	  1.52576e-08
385	  2.25604	  0.593785	  4.25364e-06	  2.25401e-07	  1692	  1.67497e-08
386	  2.25604	  0.656281	  4.25364e-06	  2.53797e-07	  1704	  1.88381e-08
387	  2.25604	  0.718743	  4.25364e-06	  2.65959e-07	  1824	  1.95253e-08
388	  2.25604	  0.781255	  4.25364e-06	  2.8935e-07	  1668	  2.15523e-08
389	  2.25604	  0.843774	  4.25364e-06	  3.11033e-07	  1680	  2.31401e-08
390	  2.25604	  0.90628	  4.25364e-06	  3.51633e-07	  1776	  2.59255e-08
391	  2.25604	  0.968758	  4.25364e-06	  3.82334e-07	  1656	  2.85121e-08
392	  2.61216	  0.030936	  2.98174e-06	  1.11669e-07	  2586	  7.77936e-09
393	  2.61216	  0.0938307	  2.98174e-06	  1.1195e-07	  3036	  7.62927e-09
394	  2.61216	  0.156319	  2.98174e-06	  1.15886e-07	  2124	  8.30878e-09
395	  2.61216	  0.218712	  2.98174e-06	  1.14453e-07	  2940	  7.83345e-09
396	  2.61216	  0.281224	  2.98174e-06	  1.24376e-07	  2616	  8.65056e-09
397	  2.61216	  0.343807	  2.98174e-06	  1.2099e-07	  2448	  8.49486e-09
398	  2.61216	  0.406302	  2.98174e-06	  1.28009e-07	  2916	  8.77102e-09
399	  2.61216	  0.468745	  2.98174e-06	  1.39497e-07	  2544	  9.74054e-09
400	  2.61216	  0.531226	  2.98174e-06	  1.47347e-07	  2652	  1.02286e-08
401	  2.61216	  0.593785	  2.98174e-06	  1.50871e-07	  2748	  1.04216e-08
402	  2.61216	  0.656281	  2.98174e-06	  1.74986e-07	  2676	  1.2132e-08
403	  2.61216	  0.718743	  2.98174e-06	  1.72836e-07	  2472	  1.21181e-08
404	  2.61216	  0.781255	  2.98174e-06	  1.96419e-07	  2616	  1.36612e-08
405	  2.61216	  0.843774	  2.98174e-06	  2.09573e-07	  2736	  1.44852e-08
406	  2.61216	  0.90628	  2.98174e-06	  2.16982e-07	  2568	  1.51309e-08
407	  2.61216	  0.968758	  2.98174e-06	  2.38022e-07	  2745	  1.64441e-08
408	  3.02645	  0.030936	  2.0798e-06	  8.42739e-08	  3414	  5.65601e-09
409	  3.02645	  0.0938307	  2.0798e-06	  8.3273e-08	  4512	  5.40336e-09
410	  3.02645	  0.156319	  2.0798e-06	  8.06886e-08	  4632	  5.22e-09
411	  3.02645	  0.218712	  2.0798e-06	  8.13049e-08	  3972	  5.35531e-09
412	  3.02645	  0.281224	  2.0798e-06	  8.41116e-08	  4176	  5.50718e-09
413	  3.02645	  0.343807	  2.0798e-06	  8.86143e-08	  4344	  5.77521e-09
414	  3.02645	  0.406302	  2.0798e-06	  8.8686e-08	  4044	  5.8289e-09
415	  3.02645	  0.468745	  2.0798e-06	  9.73792e-08	  4092	  6.39125e-09
416	  3.02645	  0.531226	  2.0798e-06	  1.03179e-07	  4296	  6.73315e-09
417	  3.02645	  0.593785	  2.0798e-06	  1.05861e-07	  3996	  6.96771e-09
418	  3.02645	  0.656281	  2.0798e-06	  1.12208e-07	  4188	  7.34431e-09
419	  3.02645	  0.718743	  2.0798e-06	  1.22656e-07	  4212	  8.02269e-09
420	  3.02645	  0.781255	  2.0798e-06	  1.25173e-07	  4140	  8.20403e-09
421	  3.02645	  0.843774	  2.0798e-06	  1.33451e-07	  4128	  8.74961e-09
422	  3.02645	  0.90628	  2.0798e-06	  1.44605e-07	  4188	  9.46475e-09
423	  3.02645	  0.968758	  2.0798e-06	  1.45339e-07	  4128	  9.52906e-09
424	  3.50419	  0.030936	  1.44939e-06	  6.01234e-08	  7002	  3.72468e-09
425	  3.50419	  0.0938307	  1.44939e-06	  5.94261e-08	  6240	  3.7236e-09
426	  3.50419	  0.156319	  1.44939e-06	  5.92285e-08	  5964	  3.72837e-09
427	  3.50419	  0.218712	  1.44939e-06	  6.01471e-08	  6180	  3.77246e-09
428	  3.50419	  0.281224	  1.44939e-06	  6.03795e-08	  6420	  3.77254e-09
429	  3.50419	  0.343807	  1.44939e-06	  6.12949e-08	  6516	  3.82408e-09
430	  3.50419	  0.406302	  1.44939e-06	  6.4145e-08	  6312	  4.01463e-09
431	  3.50419	  0.468745	  1.44939e-06	  6.82994e-08	  6276	  4.27711e-09
432	  3.50419	  0.531226	  1.44939e-06	  6.85901e-08	  6360	  4.28957e-09
433	  3.50419	  0.593785	  1.44939e-06	  7.1213e-08	  6408	  4.45026e-09
434	  3.50419	  0.656281	  1.44939e-06	  7.60717e-08	  6360	  4.75747e-09
435	  3.50419	  0.718743	  1.44939e-06	  7.64246e-08	  6336	  4.78135e-09
436	  3.50419	  0.781255	  1.44939e-06	  7.96156e-08	  6372	  4.97816e-09
437	  3.50419	  0.843774	  1.44939e-06	  8.26757e-08	  6456	  5.16274e-09
438	  3.50419	  0.90628	  1.44939e-06	  8.2686e-08	  6360	  5.17112e-09
439	  3.50419	  0.968758	  1.44939e-06	  8.48605e-08	  6327	  5.30988e-09
440	  4.05763	  0.030936	  1.00718e-06	  4.37134e-08	  10392	  2.61448e-09
441	  4.05763	  0.0938307	  1.00718e-06	  4.14172e-08	  9420	  2.49759e-09
442	  4.05763	  0.156319	  1.00718e-06	  4.25096e-08	  10176	  2.54688e-09
443	  4.05763	  0.218712	  1.00718e-06	  4.26069e-08	  10260	  2.55098e-09
444	  4.05763	  0.281224	  1.00718e-06	  4.15653e-08	  9528	  2.50409e-09
445	  4.05763	  0.343807	  1.00718e-06	  4.30822e-08	  10140	  2.58195e-09
446	  4.05763	  0.406302	  1.00718e-06	  4.42534e-08	  9960	  2.65609e-09
447	  4.05763	  0.468745	  1.00718e-06	  4.3915e-08	  10068	  2.63341e-09
448	  4.05763	  0.531226	  1.00718e-06	  4.59073e-08	  9996	  2.75453e-09
449	  4.05763	  0.593785	  1.00718e-06	  4.69284e-08	  9828	  2.81979e-09
450	  4.05763	  0.656281	  1.00718e-06	  4.79161e-08	  10032	  2.8742e-09
451	  4.05763	  0.718743	  1.00718e-06	  4.85785e-08	  9924	  2.91656e-09
452	  4.05763	  0.781255	  1.00718e-06	  4.81583e-08	  10116	  2.88673e-09
453	  4.05763	  0.843774	  1.00718e-06	  4.88152e-08	  9888	  2.93167e-09
454	  4.05763	  0.90628	  1.00718e-06	  4.86338e-08	  10008	  2.91783e-09
455	  4.05763	  0.968758	  1.00718e-06	  4.77684e-08	  9978	  2.86663e-09
456	  4.69917	  0.030936	  6.97601e-07	  3.0742e-08	  13626	  1.80046e-09
457	  4.69917	  0.0938307	  6.97601e-07	  2.99737e-08	  16392	  1.7328e-09
458	  4.69917	  0.156319	  6.97601e-07	  2.98766e-08	  15708	  1.73221e-09
459	  4.69917	  0.218712	  6.97601e-07	  2.93818e-08	  15432	  1.70561e-09
460	  4.69917	  0.281224	  6.97601e-07	  2.90455e-08	  15780	  1.68349e-09
461	  4.69917	  0.343807	  6.97601e-07	  2.84403e-08	  15300	  1.65194e-09
462	  4.69917	  0.406302	  6.97601e-07	  2.94318e-08	  15588	  1.70732e-09
463	  4.69917	  0.468745	  6.97601e-07	  2.8816e-08	  15396	  1.67304e-09
464	  4.69917	  0.531226	  6.97601e-07	  2.97354e-08	  15504	  1.72558e-09
465	  4.69917	  0.593785	  6.97601e-07	  2.97861e-08	  15660	  1.72733e-09
466	  4.69917	  0.656281	  6.97601e-07	  2.94603e-08	  15192	  1.71203e-09
467	  4.69917	  0.718743	  6.97601e-07	  2.87512e-08	  15600	  1.66775e-09
468	  4.69917	  0.781255	  6.97601e-07	  2.85384e-08	  15216	  1.65828e-09
469	  4.69917	  0.843774	  6.97601e-07	  2.80297e-08	  15516	  1.62651e-09
470	  4.69917	  0.90628	  6.97601e-07	  2.65116e-08	  15540	  1.53825e-09
471	  4.69917	  0.968758	  6.97601e-07	  2.65225e-08	  15405	  1.53982e-09
472	  5.4432	  0.030936	  4.81951e-07	  2.17603e-08	  26250	  1.22232e-09
473	  5.4432	  0.0938307	  4.81951e-07	  2.12062e-08	  22392	  1.20202e-09
474	  5.4432	  0.156319	  4.81951e-07	  2.0911e-08	  24516	  1.1791e-09
475	  5.4432	  0.218712	  4.81951e-07	  2.05108e-08	  23592	  1.15908e-09
476	  5.4432	  0.281224	  4.81951e-07	  1.96889e-08	  24264	  1.11084e-09
477	  5.4432	  0.343807	  4.81951e-07	  1.95202e-08	  23928	  1.1022e-09
478	  5.4432	  0.406302	  4.81951e-07	  1.91011e-08	  24120	  1.07805e-09
479	  5.4432	  0.468745	  4.81951e-07	  1.86011e-08	  23964	  1.05022e-09
480	  5.4432	  0.531226	  4.81951e-07	  1.83615e-08	  24060	  1.03645e-09
481	  5.4432	  0.593785	  4.81951e-07	  1.79165e-08	  24108	  1.01122e-09
482	  5.4432	  0.656281	  4.81951e-07	  1.72382e-08	  24228	  9.72657e-10
483	  5.4432	  0.718743	  4.81951e-07	  1.67513e-08	  24144	  9.45374e-10
484	  5.4432	  0.781255	  4.81951e-07	  1.60972e-08	  23940	  9.08899e-10
485	  5.4432	  0.843774	  4.81951e-07	  1.49924e-08	  24192	  8.4601e-10
486	  5.4432	  0.90628	  4.81951e-07	  1.39428e-08	  23988	  7.87162e-10
487	  5.4432	  0.968758	  4.81951e-07	  1.33078e-08	  24141	  7.51042e-10
488	  6.30378	  0.030936	  3.32412e-07	  1.54131e-08	  35082	  8.52946e-10
489	  6.30378	  0.0938307	  3.32412e-07	  1.46123e-08	  39108	  8.04506e-10
490	  6.30378	  0.156319	  3.32412e-07	  1.43065e-08	  36924	  7.89779e-10
491	  6.30378	  0.218712	  3.32412e-07	  1.35873e-08	  37692	  7.49349e-10
492	  6.30378	  0.281224	  3.32412e-07	  1.30605e-08	  37092	  7.20838e-10
493	  6.30378	  0.343807	  3.32412e-07	  1.25642e-08	  37536	  6.93061e-10
494	  6.30378	  0.406302	  3.32412e-07	  1.19963e-08	  36984	  6.62195e-10
495	  6.30378	  0.468745	  3.32412e-07	  1.15004e-08	  37428	  6.34465e-10
496	  6.30378	  0.531226	  3.32412e-07	  1.09211e-08	  37392	  6.02535e-10
497	  6.30378	  0.593785	  3.32412e-07	  1.04258e-08	  37200	  5.75345e-10
498	  6.30378	  0.656281	  3.32412e-07	  9.6539e-09	  36924	  5.32935e-10
499	  6.30378	  0.718743	  3.32412e-07	  8.94532e-09	  37272	  4.93601e-10
500	  6.30378	  0.781255	  3.32412e-07	  8.29132e-09	  37284	  4.57506e-10
501	  6.30378	  0.843774	  3.32412e-07	  7.44722e-09	  37188	  4.10979e-10
502	  6.30378	  0.90628	  3.32412e-07	  6.74743e-09	  37320	  3.72299e-10
503	  6.30378	  0.968758	  3.32412e-07	  6.02353e-09	  37119	  3.32441e-10
504	  7.30029	  0.030936	  2.28703e-07	  1.04995e-08	  60258	  5.67746e-10
505	  7.30029	  0.0938307	  2.28703e-07	  9.98997e-09	  56916	  5.41373e-10
506	  7.30029	  0.156319	  2.28703e-07	  9.58878e-09	  56820	  5.19665e-10
507	  7.30029	  0.218712	  2.28703e-07	  8.96603e-09	  58716	  4.85303e-10
508	  7.30029	  0.281224	  2.28703e-07	  8.3529e-09	  57840	  4.52377e-10
509	  7.30029	  0.343807	  2.28703e-07	  7.84273e-09	  57612	  4.24811e-10
510	  7.30029	  0.406302	  2.28703e-07	  7.2905e-09	  58464	  3.94677e-10
511	  7.30029	  0.468745	  2.28703e-07	  6.6347e-09	  57948	  3.59297e-10
512	  7.30029	  0.531226	  2.28703e-07	  6.08944e-09	  57708	  3.29821e-10
513	  7.30029	  0.593785	  2.28703e-07	  5.53903e-09	  58236	  2.99904e-10
514	  7.30029	  0.656281	  2.28703e-07	  4.95738e-09	  58008	  2.68452e-10
515	  7.30029	  0.718743	  2.28703e-07	  4.4157e-09	  58200	  2.39089e-10
516	  7.30029	  0.781255	  2.28703e-07	  3.87753e-09	  58128	  2.09959e-10
517	  7.30029	  0.843774	  2.28703e-07	  3.37383e-09	  57972	  1.82704e-10
518	  7.30029	  0.90628	  2.28703e-07	  2.95168e-09	  57960	  1.59845e-10
519	  7.30029	  0.968758	  2.28703e-07	  2.49227e-09	  58122	  1.34951e-10
520	  8.455	  0.030936	  1.57073e-07	  7.02385e-09	  90198	  3.74579e-10
521	  8.455	  0.0938307	  1.57073e-07	  6.6355e-09	  89292	  3.53981e-10
522	  8.455	  0.156319	  1.57073e-07	  6.19188e-09	  90804	  3.30142e-10
523	  8.455	  0.218712	  1.57073e-07	  5.63928e-09	  89628	  3.008e-10
524	  8.455	  0.281224	  1.57073e-07	  5.13484e-09	  89844	  2.73873e-10
525	  8.455	  0.343807	  1.57073e-07	  4.5998e-09	  90636	  2.45269e-10
526	  8.455	  0.406302	  1.57073e-07	  4.10474e-09	  89628	  2.18948e-10
527	  8.455	  0.468745	  1.57073e-07	  3.60189e-09	  89772	  1.92116e-10
528	  8.455	  0.531226	  1.57073e-07	  3.13648e-09	  90324	  1.6726e-10
529	  8.455	  0.593785	  1.57073e-07	  2.71189e-09	  89784	  1.44645e-10
530	  8.455	  0.656281	  1.57073e-07	  2.32481e-09	  90216	  1.2398e-10
531	  8.455	  0.718743	  1.57073e-07	  1.97854e-09	  89796	  1.0553e-10
532	  8.455	  0.781255	  1.57073e-07	  1.66629e-09	  90120	  8.88651e-11
533	  8.455	  0.843774	  1.57073e-07	  1.38474e-09	  90132	  7.38495e-11
534	  8.455	  0.90628	  1.57073e-07	  1.15442e-09	  89916	  6.1571e-11
535	  8.455	  0.968758	  1.57073e-07	  9.28744e-10	  89964	  4.95336e-11
536	  9.79129	  0.030936	  1.07662e-07	  4.58356e-09	  139068	  2.41469e-10
537	  9.79129	  0.0938307	  1.07662e-07	  4.23267e-09	  141180	  2.22899e-10
538	  9.79129	  0.156319	  1.07662e-07	  3.85989e-09	  139380	  2.03334e-10
539	  9.79129	  0.218712	  1.07662e-07	  3.4067e-09	  138804	  1.79479e-10
540	  9.79129	  0.281224	  1.07662e-07	  2.96097e-09	  140952	  1.55935e-10
541	  9.79129	  0.343807	  1.07662e-07	  2.52028e-09	  139668	  1.32758e-10
542	  9.79129	  0.406302	  1.07662e-07	  2.12058e-09	  139464	  1.11707e-10
543	  9.79129	  0.468745	  1.07662e-07	  1.77404e-09	  139812	  9.34466e-11
544	  9.79129	  0.531226	  1.07662e-07	  1.45069e-09	  139884	  7.64133e-11
545	  9.79129	  0.593785	  1.07662e-07	  1.20509e-09	  140184	  6.34731e-11
546	  9.79129	  0.656281	  1.07662e-07	  9.91207e-10	  139404	  5.22151e-11
547	  9.79129	  0.718743	  1.07662e-07	  8.01753e-10	  139932	  4.22309e-11
548	  9.79129	  0.781255	  1.07662e-07	  6.45394e-10	  139980	  3.39947e-11
549	  9.79129	  0.843774	  1.07662e-07	  5.10119e-10	  139632	  2.68711e-11
550	  9.79129	  0.90628	  1.07662e-07	  4.00576e-10	  140088	  2.10991e-11
551	  9.79129	  0.968758	  1.07662e-07	  3.04877e-10	  139623	  1.60598e-11
