#n	   k	      mu	    PL	    Pf	     w	     err  
0	  0.10472	  1	  0.00340069	  0.000452296	  3	  0.000283748
1	  0.20944	  1	  0.00120796	  0.000129122	  3	  8.1005e-05
2	  0.314159	  1	  0.00056581	  0.00012091	  3	  7.5853e-05
3	  0.418879	  1	  0.000317111	  2.16857e-05	  3	  1.36045e-05
4	  0.523599	  1	  0.000200477	  7.08236e-06	  3	  4.44312e-06
5	  0.628319	  1	  0.000135839	  3.62219e-05	  3	  2.27238e-05
6	  0.733038	  1	  9.71158e-05	  1.60513e-05	  3	  1.00698e-05
7	  0.837758	  1	  7.2289e-05	  1.30365e-05	  3	  8.17842e-06
8	  0.942478	  1	  5.55114e-05	  1.90101e-06	  3	  1.1926e-06
9	  0.10472	  0	  0.00340069	  7.75807e-05	  6	  3.55512e-05
10	  0.148096	  0.707107	  0.00216258	  0.00011065	  12	  3.74743e-05
11	  0.23416	  0.894427	  0.000956871	  0.000132792	  12	  4.49733e-05
12	  0.331153	  0.948683	  0.000512389	  5.43291e-05	  12	  1.83999e-05
13	  0.431771	  0.970143	  0.000298428	  2.84593e-05	  12	  9.63846e-06
14	  0.533968	  0.980581	  0.000192286	  1.87164e-05	  12	  6.33878e-06
15	  0.636985	  0.986394	  0.000131856	  1.21258e-05	  12	  4.1067e-06
16	  0.74048	  0.989949	  9.50147e-05	  1.48446e-05	  12	  5.0275e-06
17	  0.844278	  0.992278	  7.10317e-05	  7.75312e-06	  12	  2.62579e-06
18	  0.948278	  0.993884	  5.47385e-05	  7.32438e-06	  12	  2.48059e-06
19	  0.148096	  0	  0.00216258	  4.28596e-05	  6	  1.96404e-05
20	  0.18138	  0.57735	  0.00153421	  5.86458e-05	  12	  1.98619e-05
21	  0.25651	  0.816497	  0.000842148	  6.52121e-05	  12	  2.20857e-05
22	  0.347316	  0.904534	  0.000461525	  3.69861e-05	  12	  1.25263e-05
23	  0.444288	  0.942809	  0.000282116	  2.33834e-05	  12	  7.91936e-06
24	  0.54414	  0.96225	  0.000184652	  2.18274e-05	  12	  7.39241e-06
25	  0.645536	  0.973329	  0.000128147	  1.27579e-05	  12	  4.32079e-06
26	  0.747849	  0.980196	  9.29373e-05	  8.95152e-06	  12	  3.03166e-06
27	  0.850747	  0.984732	  6.98511e-05	  9.74398e-06	  12	  3.30004e-06
28	  0.954042	  0.987878	  5.39956e-05	  6.88706e-06	  12	  2.33247e-06
29	  0.20944	  0	  0.00120796	  2.57717e-05	  6	  1.18098e-05
30	  0.23416	  0.447214	  0.000956871	  4.24764e-05	  12	  1.43857e-05
31	  0.296192	  0.707107	  0.000623093	  5.00646e-05	  12	  1.69556e-05
32	  0.377572	  0.83205	  0.000392702	  3.43694e-05	  12	  1.16401e-05
33	  0.468321	  0.894427	  0.000253118	  2.74723e-05	  12	  9.30417e-06
34	  0.563933	  0.928477	  0.000171157	  1.02278e-05	  12	  3.4639e-06
35	  0.662306	  0.948683	  0.000121199	  1.07672e-05	  12	  3.64659e-06
36	  0.762371	  0.961524	  8.90872e-05	  1.00741e-05	  12	  3.41183e-06
37	  0.863541	  0.970143	  6.75513e-05	  3.3317e-06	  12	  1.12836e-06
38	  0.965468	  0.976187	  5.25652e-05	  5.018e-06	  12	  1.69947e-06
39	  0.23416	  0	  0.000956871	  2.71415e-05	  12	  9.19214e-06
40	  0.25651	  0.408248	  0.000842148	  2.6346e-05	  24	  6.69516e-06
41	  0.314159	  0.666667	  0.00056581	  3.56937e-05	  24	  9.07063e-06
42	  0.391825	  0.801784	  0.000365623	  2.54885e-05	  24	  6.47724e-06
43	  0.479886	  0.872872	  0.000240238	  3.02336e-05	  24	  7.68308e-06
44	  0.573574	  0.912871	  0.000165194	  1.33591e-05	  24	  3.39487e-06
45	  0.670534	  0.937043	  0.000118025	  9.08352e-06	  24	  2.30834e-06
46	  0.76953	  0.952579	  8.72914e-05	  8.85778e-06	  24	  2.25098e-06
47	  0.869868	  0.963087	  6.64672e-05	  7.27433e-06	  24	  1.84858e-06
48	  0.971131	  0.970495	  5.18642e-05	  5.75103e-06	  24	  1.46148e-06
49	  0.296192	  0	  0.000623093	  1.54005e-05	  6	  7.05726e-06
50	  0.314159	  0.333333	  0.00056581	  1.97852e-05	  12	  6.70076e-06
51	  0.36276	  0.57735	  0.000422434	  1.66621e-05	  12	  5.64302e-06
52	  0.431771	  0.727607	  0.000298428	  2.12675e-05	  12	  7.20278e-06
53	  0.51302	  0.816497	  0.000209203	  1.8817e-05	  12	  6.37285e-06
54	  0.601569	  0.870388	  0.000149161	  1.40879e-05	  12	  4.77122e-06
55	  0.694632	  0.904534	  0.000109288	  1.39328e-05	  12	  4.71868e-06
56	  0.790617	  0.927173	  8.22162e-05	  7.24284e-06	  12	  2.45297e-06
57	  0.888577	  0.942809	  6.33722e-05	  6.00281e-06	  12	  2.033e-06
58	  0.987924	  0.953998	  4.9893e-05	  3.00779e-06	  12	  1.01866e-06
59	  0.314159	  0	  0.00056581	  2.01788e-05	  6	  9.2469e-06
60	  0.331153	  0.316228	  0.000512389	  1.64268e-05	  12	  5.56335e-06
61	  0.377572	  0.5547	  0.000392702	  2.22903e-05	  12	  7.54918e-06
62	  0.444288	  0.707107	  0.000282116	  1.20842e-05	  12	  4.09261e-06
63	  0.523599	  0.8	  0.000200477	  1.8168e-05	  12	  6.15303e-06
64	  0.610616	  0.857493	  0.00014445	  7.11419e-06	  12	  2.4094e-06
65	  0.702481	  0.894427	  0.000106629	  8.49089e-06	  12	  2.87565e-06
66	  0.797522	  0.919145	  8.0644e-05	  7.76012e-06	  12	  2.62816e-06
67	  0.894726	  0.936329	  6.23818e-05	  3.68913e-06	  12	  1.24942e-06
68	  0.993459	  0.948683	  4.92701e-05	  4.96167e-06	  12	  1.68039e-06
69	  0.331153	  0	  0.000512389	  1.24106e-05	  12	  4.20317e-06
70	  0.347316	  0.301511	  0.000461525	  1.15726e-05	  24	  2.94087e-06
71	  0.391825	  0.534522	  0.000365623	  1.1898e-05	  24	  3.02356e-06
72	  0.456463	  0.688247	  0.00026716	  2.15045e-05	  24	  5.4648e-06
73	  0.533968	  0.784465	  0.000192286	  1.13028e-05	  24	  2.87232e-06
74	  0.61953	  0.845154	  0.000140033	  8.51316e-06	  24	  2.1634e-06
75	  0.710244	  0.884652	  0.000104113	  1.2624e-05	  24	  3.20807e-06
76	  0.804368	  0.911322	  7.91357e-05	  7.33668e-06	  24	  1.86443e-06
77	  0.900833	  0.929981	  6.14503e-05	  5.46323e-06	  24	  1.38834e-06
78	  0.998963	  0.943456	  4.86634e-05	  3.72703e-06	  24	  9.47129e-07
79	  0.377572	  0	  0.000392702	  1.04633e-05	  12	  3.54366e-06
80	  0.391825	  0.267261	  0.000365623	  7.79519e-06	  24	  1.98095e-06
81	  0.431771	  0.485071	  0.000298428	  1.39375e-05	  24	  3.54186e-06
82	  0.491179	  0.639602	  0.000228743	  9.54852e-06	  24	  2.42651e-06
83	  0.563933	  0.742781	  0.000171157	  1.27173e-05	  24	  3.23177e-06
84	  0.645536	  0.811107	  0.000128147	  1.04954e-05	  24	  2.66714e-06
85	  0.733038	  0.857143	  9.71158e-05	  9.06736e-06	  24	  2.30424e-06
86	  0.824564	  0.889001	  7.48811e-05	  4.13748e-06	  24	  1.05143e-06
87	  0.918912	  0.911685	  5.87657e-05	  5.96438e-06	  24	  1.51569e-06
88	  0.418879	  0	  0.000317111	  2.67154e-06	  6	  1.22423e-06
89	  0.431771	  0.242536	  0.000298428	  5.83316e-06	  12	  1.97555e-06
90	  0.468321	  0.447214	  0.000253118	  1.05314e-05	  12	  3.56674e-06
91	  0.523599	  0.6	  0.000200477	  9.90217e-06	  12	  3.35362e-06
92	  0.592384	  0.707107	  0.000154211	  4.41415e-06	  12	  1.49496e-06
93	  0.670534	  0.780869	  0.000118025	  1.01469e-05	  12	  3.43651e-06
94	  0.755145	  0.83205	  9.10016e-05	  6.06444e-06	  12	  2.05387e-06
95	  0.844278	  0.868243	  7.10317e-05	  5.81335e-06	  12	  1.96884e-06
96	  0.936642	  0.894427	  5.6289e-05	  3.14065e-06	  12	  1.06366e-06
97	  0.431771	  0	  0.000298428	  5.76522e-06	  12	  1.95254e-06
98	  0.444288	  0.235702	  0.000282116	  3.52116e-06	  24	  8.94811e-07
99	  0.479886	  0.436436	  0.000240238	  1.20684e-05	  24	  3.06686e-06
100	  0.533968	  0.588348	  0.000192286	  6.54447e-06	  24	  1.66311e-06
101	  0.601569	  0.696311	  0.000149161	  5.93972e-06	  24	  1.50943e-06
102	  0.678662	  0.771517	  0.000114957	  5.50366e-06	  24	  1.39861e-06
103	  0.762371	  0.824163	  8.90872e-05	  8.36337e-06	  24	  2.12534e-06
104	  0.850747	  0.86164	  6.98511e-05	  6.90993e-06	  24	  1.75598e-06
105	  0.942478	  0.888889	  5.55114e-05	  5.72888e-06	  24	  1.45585e-06
106	  0.444288	  0	  0.000282116	  5.2951e-06	  6	  2.42647e-06
107	  0.456463	  0.229416	  0.00026716	  9.38398e-06	  12	  3.17812e-06
108	  0.491179	  0.426401	  0.000228743	  8.03964e-06	  12	  2.72283e-06
109	  0.54414	  0.57735	  0.000184652	  2.92423e-06	  12	  9.90365e-07
110	  0.610616	  0.685994	  0.00014445	  1.02244e-05	  12	  3.46274e-06
111	  0.686693	  0.762493	  0.00011206	  6.45933e-06	  12	  2.18761e-06
112	  0.76953	  0.816497	  8.72914e-05	  5.77259e-06	  12	  1.95503e-06
113	  0.857168	  0.855186	  6.86794e-05	  3.3151e-06	  12	  1.12274e-06
114	  0.948278	  0.883452	  5.47385e-05	  2.64685e-06	  12	  8.96422e-07
115	  0.468321	  0	  0.000253118	  6.69455e-06	  12	  2.26728e-06
116	  0.479886	  0.218218	  0.000240238	  9.25435e-06	  24	  2.35175e-06
117	  0.51302	  0.408248	  0.000209203	  9.43254e-06	  24	  2.39704e-06
118	  0.563933	  0.557086	  0.000171157	  8.75671e-06	  24	  2.22529e-06
119	  0.628319	  0.666667	  0.000135839	  6.56107e-06	  24	  1.66733e-06
120	  0.702481	  0.745356	  0.000106629	  7.53985e-06	  24	  1.91606e-06
121	  0.783651	  0.801784	  8.38484e-05	  6.22048e-06	  24	  1.58077e-06
122	  0.869868	  0.842701	  6.64672e-05	  4.18422e-06	  24	  1.06331e-06
123	  0.959772	  0.872872	  5.32783e-05	  3.96501e-06	  24	  1.00761e-06
124	  0.523599	  0	  0.000200477	  4.74941e-06	  18	  1.35692e-06
125	  0.533968	  0.196116	  0.000192286	  4.50831e-06	  36	  9.76801e-07
126	  0.563933	  0.371391	  0.000171157	  4.32007e-06	  36	  9.36015e-07
127	  0.610616	  0.514496	  0.00014445	  5.09641e-06	  36	  1.10422e-06
128	  0.670534	  0.624695	  0.000118025	  5.38015e-06	  36	  1.1657e-06
129	  0.74048	  0.707107	  9.50147e-05	  5.69462e-06	  36	  1.23383e-06
130	  0.817887	  0.768221	  7.62607e-05	  4.90722e-06	  36	  1.06323e-06
131	  0.900833	  0.813733	  6.14503e-05	  4.45873e-06	  36	  9.66059e-07
132	  0.987924	  0.847998	  4.9893e-05	  3.76651e-06	  36	  8.16078e-07
133	  0.533968	  0	  0.000192286	  4.40431e-06	  12	  1.49163e-06
134	  0.54414	  0.19245	  0.000184652	  6.37514e-06	  24	  1.62008e-06
135	  0.573574	  0.365148	  0.000165194	  4.58427e-06	  24	  1.16497e-06
136	  0.61953	  0.507093	  0.000140033	  5.66566e-06	  24	  1.43978e-06
137	  0.678662	  0.617213	  0.000114957	  5.29134e-06	  24	  1.34466e-06
138	  0.747849	  0.70014	  9.29373e-05	  5.09698e-06	  24	  1.29527e-06
139	  0.824564	  0.762001	  7.48811e-05	  2.14211e-06	  24	  5.44363e-07
140	  0.9069	  0.80829	  6.0533e-05	  4.5498e-06	  24	  1.15621e-06
141	  0.993459	  0.843274	  4.92701e-05	  3.37028e-06	  24	  8.5647e-07
142	  0.563933	  0	  0.000171157	  1.92205e-06	  12	  6.50951e-07
143	  0.573574	  0.182574	  0.000165194	  3.7111e-06	  24	  9.43081e-07
144	  0.601569	  0.348155	  0.000149161	  4.56818e-06	  24	  1.16089e-06
145	  0.645536	  0.486664	  0.000128147	  5.32404e-06	  24	  1.35297e-06
146	  0.702481	  0.596285	  0.000106629	  5.44871e-06	  24	  1.38465e-06
147	  0.76953	  0.680414	  8.72914e-05	  3.1625e-06	  24	  8.03669e-07
148	  0.844278	  0.744208	  7.10317e-05	  5.14957e-06	  24	  1.30863e-06
149	  0.92486	  0.792594	  5.79216e-05	  4.00539e-06	  24	  1.01787e-06
150	  0.592384	  0	  0.000154211	  1.25681e-06	  6	  5.7593e-07
151	  0.601569	  0.174078	  0.000149161	  2.7165e-06	  12	  9.20012e-07
152	  0.628319	  0.333333	  0.000135839	  3.74046e-06	  12	  1.2668e-06
153	  0.670534	  0.468521	  0.000118025	  3.24811e-06	  12	  1.10005e-06
154	  0.72552	  0.57735	  9.93707e-05	  5.92498e-06	  12	  2.00665e-06
155	  0.790617	  0.662266	  8.22162e-05	  4.46279e-06	  12	  1.51143e-06
156	  0.863541	  0.727607	  6.75513e-05	  3.54896e-06	  12	  1.20195e-06
157	  0.942478	  0.777778	  5.55114e-05	  2.89843e-06	  12	  9.81627e-07
158	  0.610616	  0	  0.00014445	  2.95669e-06	  12	  1.00136e-06
159	  0.61953	  0.169031	  0.000140033	  3.2689e-06	  24	  8.30706e-07
160	  0.645536	  0.324443	  0.000128147	  3.99572e-06	  24	  1.01541e-06
161	  0.686693	  0.457496	  0.00011206	  4.13076e-06	  24	  1.04973e-06
162	  0.74048	  0.565685	  9.50147e-05	  3.75887e-06	  24	  9.55219e-07
163	  0.804368	  0.650945	  7.91357e-05	  4.88001e-06	  24	  1.24013e-06
164	  0.876148	  0.717137	  6.5391e-05	  4.32948e-06	  24	  1.10022e-06
165	  0.954042	  0.76835	  5.39956e-05	  3.41962e-06	  24	  8.69008e-07
166	  0.628319	  0	  0.000135839	  8.91425e-06	  6	  4.08494e-06
167	  0.636985	  0.164399	  0.000131856	  4.70805e-06	  12	  1.5945e-06
168	  0.662306	  0.316228	  0.000121199	  3.01338e-06	  12	  1.02056e-06
169	  0.702481	  0.447214	  0.000106629	  1.69641e-06	  12	  5.74533e-07
170	  0.755145	  0.5547	  9.10016e-05	  2.37712e-06	  12	  8.05072e-07
171	  0.817887	  0.640184	  7.62607e-05	  2.8706e-06	  12	  9.722e-07
172	  0.888577	  0.707107	  6.33722e-05	  3.06169e-06	  12	  1.03692e-06
173	  0.965468	  0.759257	  5.25652e-05	  3.60729e-06	  12	  1.2217e-06
174	  0.636985	  0	  0.000131856	  4.69831e-06	  12	  1.5912e-06
175	  0.645536	  0.162221	  0.000128147	  2.49877e-06	  24	  6.34997e-07
176	  0.670534	  0.312348	  0.000118025	  2.69021e-06	  24	  6.83648e-07
177	  0.710244	  0.442326	  0.000104113	  3.69089e-06	  24	  9.37945e-07
178	  0.762371	  0.549442	  8.90872e-05	  4.71519e-06	  24	  1.19824e-06
179	  0.824564	  0.635001	  7.48811e-05	  2.32993e-06	  24	  5.92092e-07
180	  0.894726	  0.702247	  6.23818e-05	  2.43463e-06	  24	  6.18698e-07
181	  0.971131	  0.754829	  5.18642e-05	  3.12812e-06	  24	  7.94931e-07
182	  0.662306	  0	  0.000121199	  2.7019e-06	  12	  9.15065e-07
183	  0.670534	  0.156174	  0.000118025	  2.55312e-06	  24	  6.48808e-07
184	  0.694632	  0.301511	  0.000109288	  2.62806e-06	  24	  6.67855e-07
185	  0.733038	  0.428571	  9.71158e-05	  3.84115e-06	  24	  9.7613e-07
186	  0.783651	  0.534522	  8.38484e-05	  2.96394e-06	  24	  7.53208e-07
187	  0.844278	  0.620174	  7.10317e-05	  2.92988e-06	  24	  7.44554e-07
188	  0.912926	  0.688247	  5.96217e-05	  2.27153e-06	  24	  5.7725e-07
189	  0.987924	  0.741999	  4.9893e-05	  2.58757e-06	  24	  6.57565e-07
190	  0.670534	  0	  0.000118025	  3.12941e-06	  12	  1.05985e-06
191	  0.678662	  0.154303	  0.000114957	  2.2183e-06	  24	  5.63725e-07
192	  0.702481	  0.298142	  0.000106629	  3.46604e-06	  24	  8.80803e-07
193	  0.74048	  0.424264	  9.50147e-05	  2.82036e-06	  24	  7.16721e-07
194	  0.790617	  0.529813	  8.22162e-05	  2.95158e-06	  24	  7.50067e-07
195	  0.850747	  0.615457	  6.98511e-05	  2.16432e-06	  24	  5.50005e-07
196	  0.918912	  0.683763	  5.87657e-05	  3.33366e-06	  24	  8.47165e-07
197	  0.993459	  0.737865	  4.92701e-05	  2.79643e-06	  24	  7.10642e-07
198	  0.702481	  0	  0.000106629	  1.42368e-06	  12	  4.82165e-07
199	  0.710244	  0.147442	  0.000104113	  2.80463e-06	  24	  7.12724e-07
200	  0.733038	  0.285714	  9.71158e-05	  3.56898e-06	  24	  9.06963e-07
201	  0.76953	  0.408248	  8.72914e-05	  3.01258e-06	  24	  7.6557e-07
202	  0.817887	  0.512148	  7.62607e-05	  4.17112e-06	  24	  1.05998e-06
203	  0.876148	  0.597614	  6.5391e-05	  3.34219e-06	  24	  8.49331e-07
204	  0.942478	  0.666667	  5.55114e-05	  2.86037e-06	  24	  7.26888e-07
205	  0.733038	  0	  9.71158e-05	  1.97105e-06	  6	  9.03233e-07
206	  0.74048	  0.141421	  9.50147e-05	  2.19319e-06	  12	  7.4278e-07
207	  0.762371	  0.274721	  8.90872e-05	  1.96654e-06	  12	  6.66019e-07
208	  0.797522	  0.393919	  8.0644e-05	  2.66519e-06	  12	  9.02632e-07
209	  0.844278	  0.496139	  7.10317e-05	  3.19843e-06	  12	  1.08323e-06
210	  0.900833	  0.581238	  6.14503e-05	  3.33204e-06	  12	  1.12848e-06
211	  0.965468	  0.650791	  5.25652e-05	  2.67894e-06	  12	  9.07291e-07
212	  0.74048	  0	  9.50147e-05	  2.2438e-06	  18	  6.41059e-07
213	  0.747849	  0.140028	  9.29373e-05	  3.16002e-06	  36	  6.84671e-07
214	  0.76953	  0.272166	  8.72914e-05	  2.42345e-06	  36	  5.25081e-07
215	  0.804368	  0.390567	  7.91357e-05	  3.48223e-06	  36	  7.54483e-07
216	  0.850747	  0.492366	  6.98511e-05	  2.0943e-06	  36	  4.53764e-07
217	  0.9069	  0.57735	  6.0533e-05	  2.09731e-06	  36	  4.54418e-07
218	  0.971131	  0.646997	  5.18642e-05	  3.50355e-06	  36	  7.59102e-07
219	  0.755145	  0	  9.10016e-05	  1.48476e-06	  12	  5.02852e-07
220	  0.762371	  0.137361	  8.90872e-05	  2.93256e-06	  24	  7.45234e-07
221	  0.783651	  0.267261	  8.38484e-05	  2.57989e-06	  24	  6.55613e-07
222	  0.817887	  0.384111	  7.62607e-05	  2.77795e-06	  24	  7.05945e-07
223	  0.863541	  0.485071	  6.75513e-05	  1.55279e-06	  24	  3.946e-07
224	  0.918912	  0.569803	  5.87657e-05	  2.39912e-06	  24	  6.09674e-07
225	  0.982358	  0.639602	  5.05463e-05	  1.93304e-06	  24	  4.91233e-07
226	  0.762371	  0	  8.90872e-05	  1.27939e-06	  12	  4.33299e-07
227	  0.76953	  0.136083	  8.72914e-05	  2.95722e-06	  24	  7.51502e-07
228	  0.790617	  0.264906	  8.22162e-05	  2.04882e-06	  24	  5.20655e-07
229	  0.824564	  0.381	  7.48811e-05	  1.96167e-06	  24	  4.98508e-07
230	  0.869868	  0.481543	  6.64672e-05	  1.44709e-06	  24	  3.67739e-07
231	  0.92486	  0.566139	  5.79216e-05	  2.74113e-06	  24	  6.96586e-07
232	  0.987924	  0.635999	  4.9893e-05	  2.14686e-06	  24	  5.45568e-07
233	  0.797522	  0	  8.0644e-05	  2.33074e-06	  12	  7.89365e-07
234	  0.804368	  0.130189	  7.91357e-05	  2.74085e-06	  24	  6.96516e-07
235	  0.824564	  0.254	  7.48811e-05	  1.72426e-06	  24	  4.38177e-07
236	  0.857168	  0.366508	  6.86794e-05	  2.17939e-06	  24	  5.53835e-07
237	  0.900833	  0.464991	  6.14503e-05	  2.0587e-06	  24	  5.23166e-07
238	  0.954042	  0.548821	  5.39956e-05	  2.34686e-06	  24	  5.96394e-07
239	  0.817887	  0	  7.62607e-05	  1.75244e-06	  12	  5.93508e-07
240	  0.824564	  0.127	  7.48811e-05	  1.69355e-06	  24	  4.30372e-07
241	  0.844278	  0.248069	  7.10317e-05	  1.84929e-06	  24	  4.69948e-07
242	  0.876148	  0.358569	  6.5391e-05	  2.38227e-06	  24	  6.05391e-07
243	  0.918912	  0.455842	  5.87657e-05	  2.1247e-06	  24	  5.39939e-07
244	  0.971131	  0.539164	  5.18642e-05	  2.59727e-06	  24	  6.60028e-07
245	  0.837758	  0	  7.2289e-05	  1.97285e-06	  6	  9.04053e-07
246	  0.844278	  0.124035	  7.10317e-05	  2.78842e-06	  12	  9.44368e-07
247	  0.863541	  0.242536	  6.75513e-05	  9.36946e-07	  12	  3.1732e-07
248	  0.894726	  0.351123	  6.23818e-05	  1.7366e-06	  12	  5.88143e-07
249	  0.936642	  0.447214	  5.6289e-05	  1.69279e-06	  12	  5.73305e-07
250	  0.987924	  0.529999	  4.9893e-05	  2.87951e-06	  12	  9.75217e-07
251	  0.844278	  0	  7.10317e-05	  2.39634e-06	  24	  6.08967e-07
252	  0.850747	  0.123091	  6.98511e-05	  2.01446e-06	  48	  3.91485e-07
253	  0.869868	  0.240772	  6.64672e-05	  1.71515e-06	  48	  3.33318e-07
254	  0.900833	  0.348743	  6.14503e-05	  1.99799e-06	  48	  3.88285e-07
255	  0.942478	  0.444444	  5.55114e-05	  1.94606e-06	  48	  3.78193e-07
256	  0.993459	  0.527046	  4.92701e-05	  2.1304e-06	  48	  4.14016e-07
257	  0.863541	  0	  6.75513e-05	  1.03127e-06	  12	  3.49266e-07
258	  0.869868	  0.120386	  6.64672e-05	  1.71621e-06	  24	  4.3613e-07
259	  0.888577	  0.235702	  6.33722e-05	  1.66913e-06	  24	  4.24167e-07
260	  0.918912	  0.341882	  5.87657e-05	  1.92333e-06	  24	  4.88765e-07
261	  0.959772	  0.436436	  5.32783e-05	  1.81611e-06	  24	  4.61516e-07
262	  0.888577	  0	  6.33722e-05	  1.70734e-06	  6	  7.82387e-07
263	  0.894726	  0.117041	  6.23818e-05	  1.22644e-06	  12	  4.15364e-07
264	  0.912926	  0.229416	  5.96217e-05	  1.71783e-06	  12	  5.81785e-07
265	  0.942478	  0.333333	  5.55114e-05	  1.85947e-06	  12	  6.29755e-07
266	  0.982358	  0.426401	  5.05463e-05	  1.77861e-06	  12	  6.02371e-07
267	  0.894726	  0	  6.23818e-05	  1.29119e-06	  12	  4.37293e-07
268	  0.900833	  0.116248	  6.14503e-05	  1.55353e-06	  24	  3.9479e-07
269	  0.918912	  0.227921	  5.87657e-05	  1.87487e-06	  24	  4.7645e-07
270	  0.948278	  0.331295	  5.47385e-05	  1.84808e-06	  24	  4.69641e-07
271	  0.987924	  0.423999	  4.9893e-05	  1.58085e-06	  24	  4.01732e-07
272	  0.900833	  0	  6.14503e-05	  2.06422e-06	  12	  6.99101e-07
273	  0.9069	  0.11547	  6.0533e-05	  1.52383e-06	  24	  3.87242e-07
274	  0.92486	  0.226455	  5.79216e-05	  1.24364e-06	  24	  3.16039e-07
275	  0.954042	  0.329293	  5.39956e-05	  1.85616e-06	  24	  4.71695e-07
276	  0.993459	  0.421637	  4.92701e-05	  1.68037e-06	  24	  4.27021e-07
277	  0.936642	  0	  5.6289e-05	  1.11403e-06	  12	  3.77295e-07
278	  0.942478	  0.111111	  5.55114e-05	  1.56905e-06	  24	  3.98734e-07
279	  0.959772	  0.218218	  5.32783e-05	  1.32636e-06	  24	  3.37061e-07
280	  0.987924	  0.317999	  4.9893e-05	  1.308e-06	  24	  3.32395e-07
281	  0.942478	  0	  5.55114e-05	  2.79266e-06	  6	  1.27973e-06
282	  0.948278	  0.110432	  5.47385e-05	  1.98098e-06	  12	  6.7091e-07
283	  0.965468	  0.21693	  5.25652e-05	  1.64837e-06	  12	  5.58262e-07
284	  0.993459	  0.316228	  4.92701e-05	  1.83962e-06	  12	  6.23032e-07
285	  0.948278	  0	  5.47385e-05	  1.80836e-06	  12	  6.12448e-07
286	  0.954042	  0.109764	  5.39956e-05	  1.31801e-06	  24	  3.34939e-07
287	  0.971131	  0.215666	  5.18642e-05	  1.06675e-06	  24	  2.71086e-07
288	  0.998963	  0.314485	  4.86634e-05	  1.40787e-06	  24	  3.57773e-07
289	  0.965468	  0	  5.25652e-05	  1.22592e-06	  24	  3.11535e-07
290	  0.971131	  0.107833	  5.18642e-05	  1.46831e-06	  48	  2.85348e-07
291	  0.987924	  0.212	  4.9893e-05	  1.55561e-06	  48	  3.02314e-07
292	  0.987924	  0	  4.9893e-05	  1.39825e-06	  12	  4.73551e-07
293	  0.993459	  0.105409	  4.92701e-05	  1.42674e-06	  24	  3.62569e-07
294	  0.993459	  0	  4.92701e-05	  1.19901e-06	  12	  4.06074e-07
295	  0.998963	  0.104828	  4.86634e-05	  1.18741e-06	  24	  3.0175e-07
296	  1.08818	  0.030936	  4.0048e-05	  1.13077e-06	  138	  1.52797e-07
297	  1.08818	  0.0938307	  4.0048e-05	  1.03447e-06	  252	  1.16888e-07
298	  1.08818	  0.156319	  4.0048e-05	  9.35985e-07	  72	  1.57106e-07
299	  1.08818	  0.218712	  4.0048e-05	  1.05714e-06	  216	  1.24786e-07
300	  1.08818	  0.281224	  4.0048e-05	  1.25405e-06	  288	  1.36598e-07
301	  1.08818	  0.343807	  4.0048e-05	  1.18094e-06	  120	  1.66852e-07
302	  1.08818	  0.406302	  4.0048e-05	  1.64304e-06	  180	  2.04617e-07
303	  1.08818	  0.468745	  4.0048e-05	  1.58396e-06	  180	  1.97259e-07
304	  1.08818	  0.531226	  4.0048e-05	  1.76995e-06	  192	  2.16232e-07
305	  1.08818	  0.593785	  4.0048e-05	  2.29087e-06	  192	  2.79872e-07
306	  1.08818	  0.656281	  4.0048e-05	  1.90449e-06	  168	  2.42159e-07
307	  1.08818	  0.718743	  4.0048e-05	  2.41903e-06	  228	  2.81155e-07
308	  1.08818	  0.781255	  4.0048e-05	  3.24941e-06	  144	  4.33254e-07
309	  1.08818	  0.843774	  4.0048e-05	  2.79647e-06	  240	  3.20335e-07
310	  1.08818	  0.90628	  4.0048e-05	  3.71697e-06	  168	  4.72619e-07
311	  1.08818	  0.968758	  4.0048e-05	  3.68067e-06	  150	  4.84559e-07
312	  1.25577	  0.030936	  2.88042e-05	  8.63069e-07	  198	  1.04489e-07
313	  1.25577	  0.0938307	  2.88042e-05	  8.88759e-07	  396	  8.90998e-08
314	  1.25577	  0.156319	  2.88042e-05	  8.53186e-07	  396	  8.55335e-08
315	  1.25577	  0.218712	  2.88042e-05	  8.12773e-07	  204	  9.75441e-08
316	  1.25577	  0.281224	  2.88042e-05	  9.58644e-07	  216	  1.1316e-07
317	  1.25577	  0.343807	  2.88042e-05	  9.56649e-07	  372	  9.74324e-08
318	  1.25577	  0.406302	  2.88042e-05	  1.07577e-06	  312	  1.14692e-07
319	  1.25577	  0.468745	  2.88042e-05	  1.07814e-06	  288	  1.17437e-07
320	  1.25577	  0.531226	  2.88042e-05	  1.42081e-06	  264	  1.58485e-07
321	  1.25577	  0.593785	  2.88042e-05	  1.31748e-06	  312	  1.40461e-07
322	  1.25577	  0.656281	  2.88042e-05	  1.4651e-06	  276	  1.61444e-07
323	  1.25577	  0.718743	  2.88042e-05	  1.62911e-06	  312	  1.73685e-07
324	  1.25577	  0.781255	  2.88042e-05	  1.87996e-06	  276	  2.07159e-07
325	  1.25577	  0.843774	  2.88042e-05	  1.98786e-06	  240	  2.27709e-07
326	  1.25577	  0.90628	  2.88042e-05	  2.2701e-06	  324	  2.39621e-07
327	  1.25577	  0.968758	  2.88042e-05	  2.57924e-06	  315	  2.74286e-07
328	  1.45182	  0.030936	  2.05474e-05	  6.11649e-07	  246	  6.95798e-08
329	  1.45182	  0.0938307	  2.05474e-05	  5.55069e-07	  516	  5.2189e-08
330	  1.45182	  0.156319	  2.05474e-05	  6.18362e-07	  504	  5.84622e-08
331	  1.45182	  0.218712	  2.05474e-05	  5.86401e-07	  528	  5.48398e-08
332	  1.45182	  0.281224	  2.05474e-05	  6.22206e-07	  504	  5.88256e-08
333	  1.45182	  0.343807	  2.05474e-05	  7.2159e-07	  384	  7.2903e-08
334	  1.45182	  0.406302	  2.05474e-05	  8.59285e-07	  420	  8.48931e-08
335	  1.45182	  0.468745	  2.05474e-05	  7.523e-07	  468	  7.23901e-08
336	  1.45182	  0.531226	  2.05474e-05	  8.43038e-07	  480	  8.06311e-08
337	  1.45182	  0.593785	  2.05474e-05	  8.93777e-07	  468	  8.60037e-08
338	  1.45182	  0.656281	  2.05474e-05	  9.69874e-07	  396	  9.72317e-08
339	  1.45182	  0.718743	  2.05474e-05	  1.07222e-06	  456	  1.03822e-07
340	  1.45182	  0.781255	  2.05474e-05	  1.33218e-06	  432	  1.30703e-07
341	  1.45182	  0.843774	  2.05474e-05	  1.36339e-06	  480	  1.304e-07
342	  1.45182	  0.90628	  2.05474e-05	  1.63312e-06	  480	  1.56197e-07
343	  1.45182	  0.968758	  2.05474e-05	  1.749e-06	  414	  1.73409e-07
344	  1.68148	  0.030936	  1.45436e-05	  4.14531e-07	  798	  3.54008e-08
345	  1.68148	  0.0938307	  1.45436e-05	  4.68847e-07	  708	  4.10627e-08
346	  1.68148	  0.156319	  1.45436e-05	  4.25862e-07	  684	  3.75764e-08
347	  1.68148	  0.218712	  1.45436e-05	  4.68437e-07	  720	  4.08795e-08
348	  1.68148	  0.281224	  1.45436e-05	  4.76051e-07	  708	  4.16937e-08
349	  1.68148	  0.343807	  1.45436e-05	  5.00099e-07	  720	  4.36425e-08
350	  1.68148	  0.406302	  1.45436e-05	  5.41694e-07	  672	  4.7981e-08
351	  1.68148	  0.468745	  1.45436e-05	  6.14021e-07	  732	  5.33959e-08
352	  1.68148	  0.531226	  1.45436e-05	  6.3245e-07	  672	  5.60198e-08
353	  1.68148	  0.593785	  1.45436e-05	  6.50474e-07	  708	  5.697e-08
354	  1.68148	  0.656281	  1.45436e-05	  6.78857e-07	  744	  5.8831e-08
355	  1.68148	  0.718743	  1.45436e-05	  8.5129e-07	  744	  7.37743e-08
356	  1.68148	  0.781255	  1.45436e-05	  9.12957e-07	  696	  8.02534e-08
357	  1.68148	  0.843774	  1.45436e-05	  9.6309e-07	  708	  8.43497e-08
358	  1.68148	  0.90628	  1.45436e-05	  1.06876e-06	  696	  9.39495e-08
359	  1.68148	  0.968758	  1.45436e-05	  1.15307e-06	  741	  1.00013e-07
360	  1.94819	  0.030936	  1.02432e-05	  3.05101e-07	  1368	  2.35041e-08
361	  1.94819	  0.0938307	  1.02432e-05	  3.05699e-07	  924	  2.53417e-08
362	  1.94819	  0.156319	  1.02432e-05	  3.28159e-07	  972	  2.69337e-08
363	  1.94819	  0.218712	  1.02432e-05	  3.48125e-07	  972	  2.85723e-08
364	  1.94819	  0.281224	  1.02432e-05	  3.19322e-07	  1200	  2.51841e-08
365	  1.94819	  0.343807	  1.02432e-05	  3.39382e-07	  1140	  2.70207e-08
366	  1.94819	  0.406302	  1.02432e-05	  3.72342e-07	  1080	  2.99471e-08
367	  1.94819	  0.468745	  1.02432e-05	  4.17575e-07	  1068	  3.36563e-08
368	  1.94819	  0.531226	  1.02432e-05	  4.00108e-07	  1164	  3.17328e-08
369	  1.94819	  0.593785	  1.02432e-05	  4.80398e-07	  1188	  3.79576e-08
370	  1.94819	  0.656281	  1.02432e-05	  4.86275e-07	  1068	  3.91936e-08
371	  1.94819	  0.718743	  1.02432e-05	  5.12809e-07	  1008	  4.17924e-08
372	  1.94819	  0.781255	  1.02432e-05	  5.82651e-07	  1164	  4.62104e-08
373	  1.94819	  0.843774	  1.02432e-05	  6.1518e-07	  1176	  4.8698e-08
374	  1.94819	  0.90628	  1.02432e-05	  6.63379e-07	  1080	  5.33549e-08
375	  1.94819	  0.968758	  1.02432e-05	  7.05008e-07	  1038	  5.71328e-08
376	  2.25604	  0.030936	  7.19976e-06	  2.27939e-07	  1896	  1.66318e-08
377	  2.25604	  0.0938307	  7.19976e-06	  2.29106e-07	  1272	  1.78791e-08
378	  2.25604	  0.156319	  7.19976e-06	  2.24193e-07	  2040	  1.61734e-08
379	  2.25604	  0.218712	  7.19976e-06	  2.38199e-07	  1740	  1.76204e-08
380	  2.25604	  0.281224	  7.19976e-06	  2.42358e-07	  1584	  1.82074e-08
381	  2.25604	  0.343807	  7.19976e-06	  2.49653e-07	  1764	  1.84267e-08
382	  2.25604	  0.406302	  7.19976e-06	  2.60052e-07	  1632	  1.94399e-08
383	  2.25604	  0.468745	  7.19976e-06	  2.78727e-07	  1860	  2.03992e-08
384	  2.25604	  0.531226	  7.19976e-06	  2.99291e-07	  1560	  2.25422e-08
385	  2.25604	  0.593785	  7.19976e-06	  3.12422e-07	  1692	  2.32163e-08
386	  2.25604	  0.656281	  7.19976e-06	  3.43699e-07	  1704	  2.55111e-08
387	  2.25604	  0.718743	  7.19976e-06	  3.5827e-07	  1824	  2.63023e-08
388	  2.25604	  0.781255	  7.19976e-06	  3.8094e-07	  1668	  2.83744e-08
389	  2.25604	  0.843774	  7.19976e-06	  4.07894e-07	  1680	  3.03463e-08
390	  2.25604	  0.90628	  7.19976e-06	  4.37679e-07	  1776	  3.22696e-08
391	  2.25604	  0.968758	  7.19976e-06	  4.51463e-07	  1656	  3.36672e-08
392	  2.61216	  0.030936	  5.04692e-06	  1.69757e-07	  2586	  1.1826e-08
393	  2.61216	  0.0938307	  5.04692e-06	  1.64168e-07	  3036	  1.11878e-08
394	  2.61216	  0.156319	  5.04692e-06	  1.73672e-07	  2124	  1.2452e-08
395	  2.61216	  0.218712	  5.04692e-06	  1.6765e-07	  2940	  1.14744e-08
396	  2.61216	  0.281224	  5.04692e-06	  1.74921e-07	  2616	  1.2166e-08
397	  2.61216	  0.343807	  5.04692e-06	  1.83723e-07	  2448	  1.28994e-08
398	  2.61216	  0.406302	  5.04692e-06	  1.91388e-07	  2916	  1.31136e-08
399	  2.61216	  0.468745	  5.04692e-06	  1.9738e-07	  2544	  1.37823e-08
400	  2.61216	  0.531226	  5.04692e-06	  2.05536e-07	  2652	  1.4268e-08
401	  2.61216	  0.593785	  5.04692e-06	  2.14272e-07	  2748	  1.48011e-08
402	  2.61216	  0.656281	  5.04692e-06	  2.33304e-07	  2676	  1.61752e-08
403	  2.61216	  0.718743	  5.04692e-06	  2.29795e-07	  2472	  1.61116e-08
404	  2.61216	  0.781255	  5.04692e-06	  2.47504e-07	  2616	  1.72143e-08
405	  2.61216	  0.843774	  5.04692e-06	  2.53702e-07	  2736	  1.75354e-08
406	  2.61216	  0.90628	  5.04692e-06	  2.67388e-07	  2568	  1.86458e-08
407	  2.61216	  0.968758	  5.04692e-06	  2.70007e-07	  2745	  1.86538e-08
408	  3.02645	  0.030936	  3.52029e-06	  1.25634e-07	  3414	  8.43188e-09
409	  3.02645	  0.0938307	  3.52029e-06	  1.2203e-07	  4512	  7.9182e-09
410	  3.02645	  0.156319	  3.52029e-06	  1.20101e-07	  4632	  7.76969e-09
411	  3.02645	  0.218712	  3.52029e-06	  1.17594e-07	  3972	  7.7456e-09
412	  3.02645	  0.281224	  3.52029e-06	  1.23893e-07	  4176	  8.11186e-09
413	  3.02645	  0.343807	  3.52029e-06	  1.3012e-07	  4344	  8.48022e-09
414	  3.02645	  0.406302	  3.52029e-06	  1.35317e-07	  4044	  8.89373e-09
415	  3.02645	  0.468745	  3.52029e-06	  1.38097e-07	  4092	  9.06367e-09
416	  3.02645	  0.531226	  3.52029e-06	  1.48476e-07	  4296	  9.68911e-09
417	  3.02645	  0.593785	  3.52029e-06	  1.49734e-07	  3996	  9.85539e-09
418	  3.02645	  0.656281	  3.52029e-06	  1.52776e-07	  4188	  9.99958e-09
419	  3.02645	  0.718743	  3.52029e-06	  1.63473e-07	  4212	  1.06925e-08
420	  3.02645	  0.781255	  3.52029e-06	  1.58902e-07	  4140	  1.04147e-08
421	  3.02645	  0.843774	  3.52029e-06	  1.61504e-07	  4128	  1.05889e-08
422	  3.02645	  0.90628	  3.52029e-06	  1.65239e-07	  4188	  1.08153e-08
423	  3.02645	  0.968758	  3.52029e-06	  1.60942e-07	  4128	  1.0552e-08
424	  3.50419	  0.030936	  2.45325e-06	  8.83954e-08	  7002	  5.47615e-09
425	  3.50419	  0.0938307	  2.45325e-06	  8.94448e-08	  6240	  5.60455e-09
426	  3.50419	  0.156319	  2.45325e-06	  8.52039e-08	  5964	  5.36349e-09
427	  3.50419	  0.218712	  2.45325e-06	  8.83099e-08	  6180	  5.53885e-09
428	  3.50419	  0.281224	  2.45325e-06	  8.93527e-08	  6420	  5.5828e-09
429	  3.50419	  0.343807	  2.45325e-06	  9.15754e-08	  6516	  5.71323e-09
430	  3.50419	  0.406302	  2.45325e-06	  9.47235e-08	  6312	  5.92845e-09
431	  3.50419	  0.468745	  2.45325e-06	  9.98453e-08	  6276	  6.2526e-09
432	  3.50419	  0.531226	  2.45325e-06	  9.83505e-08	  6360	  6.15076e-09
433	  3.50419	  0.593785	  2.45325e-06	  9.94163e-08	  6408	  6.21274e-09
434	  3.50419	  0.656281	  2.45325e-06	  1.05921e-07	  6360	  6.62423e-09
435	  3.50419	  0.718743	  2.45325e-06	  1.0306e-07	  6336	  6.44774e-09
436	  3.50419	  0.781255	  2.45325e-06	  9.92853e-08	  6372	  6.20806e-09
437	  3.50419	  0.843774	  2.45325e-06	  1.04638e-07	  6456	  6.53421e-09
438	  3.50419	  0.90628	  2.45325e-06	  9.89225e-08	  6360	  6.18654e-09
439	  3.50419	  0.968758	  2.45325e-06	  9.36376e-08	  6327	  5.85908e-09
440	  4.05763	  0.030936	  1.70477e-06	  6.39491e-08	  10392	  3.82477e-09
441	  4.05763	  0.0938307	  1.70477e-06	  6.18614e-08	  9420	  3.73044e-09
442	  4.05763	  0.156319	  1.70477e-06	  6.34105e-08	  10176	  3.79912e-09
443	  4.05763	  0.218712	  1.70477e-06	  6.34288e-08	  10260	  3.79764e-09
444	  4.05763	  0.281224	  1.70477e-06	  6.09932e-08	  9528	  3.67452e-09
445	  4.05763	  0.343807	  1.70477e-06	  6.27088e-08	  10140	  3.75818e-09
446	  4.05763	  0.406302	  1.70477e-06	  6.60736e-08	  9960	  3.96574e-09
447	  4.05763	  0.468745	  1.70477e-06	  6.53982e-08	  10068	  3.92168e-09
448	  4.05763	  0.531226	  1.70477e-06	  6.73388e-08	  9996	  4.04046e-09
449	  4.05763	  0.593785	  1.70477e-06	  6.4901e-08	  9828	  3.89972e-09
450	  4.05763	  0.656281	  1.70477e-06	  6.42419e-08	  10032	  3.85349e-09
451	  4.05763	  0.718743	  1.70477e-06	  6.34909e-08	  9924	  3.81188e-09
452	  4.05763	  0.781255	  1.70477e-06	  6.08437e-08	  10116	  3.64712e-09
453	  4.05763	  0.843774	  1.70477e-06	  5.98756e-08	  9888	  3.59591e-09
454	  4.05763	  0.90628	  1.70477e-06	  5.76037e-08	  10008	  3.45599e-09
455	  4.05763	  0.968758	  1.70477e-06	  5.23116e-08	  9978	  3.13927e-09
456	  4.69917	  0.030936	  1.18077e-06	  4.5257e-08	  13626	  2.65056e-09
457	  4.69917	  0.0938307	  1.18077e-06	  4.56725e-08	  16392	  2.64035e-09
458	  4.69917	  0.156319	  1.18077e-06	  4.48229e-08	  15708	  2.59878e-09
459	  4.69917	  0.218712	  1.18077e-06	  4.39978e-08	  15432	  2.55406e-09
460	  4.69917	  0.281224	  1.18077e-06	  4.33056e-08	  15780	  2.51002e-09
461	  4.69917	  0.343807	  1.18077e-06	  4.37554e-08	  15300	  2.54151e-09
462	  4.69917	  0.406302	  1.18077e-06	  4.2932e-08	  15588	  2.49046e-09
463	  4.69917	  0.468745	  1.18077e-06	  4.33616e-08	  15396	  2.51754e-09
464	  4.69917	  0.531226	  1.18077e-06	  4.2924e-08	  15504	  2.49093e-09
465	  4.69917	  0.593785	  1.18077e-06	  4.13593e-08	  15660	  2.39847e-09
466	  4.69917	  0.656281	  1.18077e-06	  3.96522e-08	  15192	  2.30432e-09
467	  4.69917	  0.718743	  1.18077e-06	  3.86116e-08	  15600	  2.23972e-09
468	  4.69917	  0.781255	  1.18077e-06	  3.6716e-08	  15216	  2.13345e-09
469	  4.69917	  0.843774	  1.18077e-06	  3.43113e-08	  15516	  1.99102e-09
470	  4.69917	  0.90628	  1.18077e-06	  3.15414e-08	  15540	  1.83009e-09
471	  4.69917	  0.968758	  1.18077e-06	  2.89804e-08	  15405	  1.68251e-09
472	  5.4432	  0.030936	  8.15755e-07	  3.27379e-08	  26250	  1.83896e-09
473	  5.4432	  0.0938307	  8.15755e-07	  3.2161e-08	  22392	  1.82297e-09
474	  5.4432	  0.156319	  8.15755e-07	  3.15688e-08	  24516	  1.78006e-09
475	  5.4432	  0.218712	  8.15755e-07	  3.06068e-08	  23592	  1.72961e-09
476	  5.4432	  0.281224	  8.15755e-07	  3.02337e-08	  24264	  1.70578e-09
477	  5.4432	  0.343807	  8.15755e-07	  2.96064e-08	  23928	  1.67172e-09
478	  5.4432	  0.406302	  8.15755e-07	  2.86291e-08	  24120	  1.61579e-09
479	  5.4432	  0.468745	  8.15755e-07	  2.73356e-08	  23964	  1.54336e-09
480	  5.4432	  0.531226	  8.15755e-07	  2.66848e-08	  24060	  1.50627e-09
481	  5.4432	  0.593785	  8.15755e-07	  2.53459e-08	  24108	  1.43054e-09
482	  5.4432	  0.656281	  8.15755e-07	  2.37415e-08	  24228	  1.3396e-09
483	  5.4432	  0.718743	  8.15755e-07	  2.2349e-08	  24144	  1.26128e-09
484	  5.4432	  0.781255	  8.15755e-07	  2.04012e-08	  23940	  1.15192e-09
485	  5.4432	  0.843774	  8.15755e-07	  1.82685e-08	  24192	  1.03088e-09
486	  5.4432	  0.90628	  8.15755e-07	  1.68808e-08	  23988	  9.53032e-10
487	  5.4432	  0.968758	  8.15755e-07	  1.48912e-08	  24141	  8.40403e-10
488	  6.30378	  0.030936	  5.62645e-07	  2.304e-08	  35082	  1.27501e-09
489	  6.30378	  0.0938307	  5.62645e-07	  2.25275e-08	  39108	  1.24029e-09
490	  6.30378	  0.156319	  5.62645e-07	  2.19477e-08	  36924	  1.2116e-09
491	  6.30378	  0.218712	  5.62645e-07	  2.11566e-08	  37692	  1.1668e-09
492	  6.30378	  0.281224	  5.62645e-07	  1.99873e-08	  37092	  1.10314e-09
493	  6.30378	  0.343807	  5.62645e-07	  1.95759e-08	  37536	  1.07984e-09
494	  6.30378	  0.406302	  5.62645e-07	  1.84394e-08	  36984	  1.01785e-09
495	  6.30378	  0.468745	  5.62645e-07	  1.73288e-08	  37428	  9.56013e-10
496	  6.30378	  0.531226	  5.62645e-07	  1.59853e-08	  37392	  8.81931e-10
497	  6.30378	  0.593785	  5.62645e-07	  1.47331e-08	  37200	  8.13043e-10
498	  6.30378	  0.656281	  5.62645e-07	  1.3414e-08	  36924	  7.40506e-10
499	  6.30378	  0.718743	  5.62645e-07	  1.21347e-08	  37272	  6.69589e-10
500	  6.30378	  0.781255	  5.62645e-07	  1.0693e-08	  37284	  5.90026e-10
501	  6.30378	  0.843774	  5.62645e-07	  9.45431e-09	  37188	  5.21742e-10
502	  6.30378	  0.90628	  5.62645e-07	  8.34815e-09	  37320	  4.60621e-10
503	  6.30378	  0.968758	  5.62645e-07	  7.22054e-09	  37119	  3.98505e-10
504	  7.30029	  0.030936	  3.87106e-07	  1.60002e-08	  60258	  8.65188e-10
505	  7.30029	  0.0938307	  3.87106e-07	  1.56199e-08	  56916	  8.46466e-10
506	  7.30029	  0.156319	  3.87106e-07	  1.50045e-08	  56820	  8.13171e-10
507	  7.30029	  0.218712	  3.87106e-07	  1.42401e-08	  58716	  7.70775e-10
508	  7.30029	  0.281224	  3.87106e-07	  1.33256e-08	  57840	  7.21689e-10
509	  7.30029	  0.343807	  3.87106e-07	  1.22684e-08	  57612	  6.64531e-10
510	  7.30029	  0.406302	  3.87106e-07	  1.136e-08	  58464	  6.14982e-10
511	  7.30029	  0.468745	  3.87106e-07	  1.03021e-08	  57948	  5.57904e-10
512	  7.30029	  0.531226	  3.87106e-07	  9.26098e-09	  57708	  5.016e-10
513	  7.30029	  0.593785	  3.87106e-07	  8.11472e-09	  58236	  4.39362e-10
514	  7.30029	  0.656281	  3.87106e-07	  7.13132e-09	  58008	  3.86175e-10
515	  7.30029	  0.718743	  3.87106e-07	  6.21322e-09	  58200	  3.36416e-10
516	  7.30029	  0.781255	  3.87106e-07	  5.26443e-09	  58128	  2.85057e-10
517	  7.30029	  0.843774	  3.87106e-07	  4.5377e-09	  57972	  2.45731e-10
518	  7.30029	  0.90628	  3.87106e-07	  3.86861e-09	  57960	  2.095e-10
519	  7.30029	  0.968758	  3.87106e-07	  3.35661e-09	  58122	  1.81753e-10
520	  8.455	  0.030936	  2.65864e-07	  1.09136e-08	  90198	  5.82021e-10
521	  8.455	  0.0938307	  2.65864e-07	  1.06752e-08	  89292	  5.69485e-10
522	  8.455	  0.156319	  2.65864e-07	  1.01355e-08	  90804	  5.40412e-10
523	  8.455	  0.218712	  2.65864e-07	  9.27771e-09	  89628	  4.94875e-10
524	  8.455	  0.281224	  2.65864e-07	  8.50085e-09	  89844	  4.53403e-10
525	  8.455	  0.343807	  2.65864e-07	  7.58964e-09	  90636	  4.04692e-10
526	  8.455	  0.406302	  2.65864e-07	  6.68628e-09	  89628	  3.56648e-10
527	  8.455	  0.468745	  2.65864e-07	  5.7787e-09	  89772	  3.08222e-10
528	  8.455	  0.531226	  2.65864e-07	  5.01631e-09	  90324	  2.67507e-10
529	  8.455	  0.593785	  2.65864e-07	  4.2265e-09	  89784	  2.2543e-10
530	  8.455	  0.656281	  2.65864e-07	  3.51005e-09	  90216	  1.87189e-10
531	  8.455	  0.718743	  2.65864e-07	  2.95839e-09	  89796	  1.57792e-10
532	  8.455	  0.781255	  2.65864e-07	  2.45667e-09	  90120	  1.31017e-10
533	  8.455	  0.843774	  2.65864e-07	  2.04467e-09	  90132	  1.09044e-10
534	  8.455	  0.90628	  2.65864e-07	  1.73764e-09	  89916	  9.26768e-11
535	  8.455	  0.968758	  2.65864e-07	  1.5488e-09	  89964	  8.26038e-11
536	  9.79129	  0.030936	  1.82229e-07	  7.46063e-09	  139068	  3.93037e-10
537	  9.79129	  0.0938307	  1.82229e-07	  7.2248e-09	  141180	  3.80468e-10
538	  9.79129	  0.156319	  1.82229e-07	  6.74075e-09	  139380	  3.55093e-10
539	  9.79129	  0.218712	  1.82229e-07	  6.0567e-09	  138804	  3.19092e-10
540	  9.79129	  0.281224	  1.82229e-07	  5.27455e-09	  140952	  2.77777e-10
541	  9.79129	  0.343807	  1.82229e-07	  4.48144e-09	  139668	  2.36063e-10
542	  9.79129	  0.406302	  1.82229e-07	  3.75466e-09	  139464	  1.97787e-10
543	  9.79129	  0.468745	  1.82229e-07	  3.08952e-09	  139812	  1.62738e-10
544	  9.79129	  0.531226	  1.82229e-07	  2.54846e-09	  139884	  1.34237e-10
545	  9.79129	  0.593785	  1.82229e-07	  2.06583e-09	  140184	  1.08809e-10
546	  9.79129	  0.656281	  1.82229e-07	  1.67572e-09	  139404	  8.82741e-11
547	  9.79129	  0.718743	  1.82229e-07	  1.36178e-09	  139932	  7.17295e-11
548	  9.79129	  0.781255	  1.82229e-07	  1.10453e-09	  139980	  5.81789e-11
549	  9.79129	  0.843774	  1.82229e-07	  8.96784e-10	  139632	  4.72391e-11
550	  9.79129	  0.90628	  1.82229e-07	  7.49814e-10	  140088	  3.9494e-11
551	  9.79129	  0.968758	  1.82229e-07	  6.56342e-10	  139623	  3.45736e-11
