#n	   k	      mu	    PL	    Pf	     w	     err  
0	  0.10472	  1	  0.00340069	  0.000474246	  3	  0.000297519
1	  0.20944	  1	  0.00120796	  0.000135658	  3	  8.51049e-05
2	  0.314159	  1	  0.00056581	  0.000124937	  3	  7.83796e-05
3	  0.418879	  1	  0.000317111	  2.28367e-05	  3	  1.43266e-05
4	  0.523599	  1	  0.000200477	  7.30907e-06	  3	  4.58535e-06
5	  0.628319	  1	  0.000135839	  3.78148e-05	  3	  2.37231e-05
6	  0.733038	  1	  9.71158e-05	  1.64088e-05	  3	  1.02941e-05
7	  0.837758	  1	  7.2289e-05	  1.33093e-05	  3	  8.34958e-06
8	  0.942478	  1	  5.55114e-05	  2.06825e-06	  3	  1.29752e-06
9	  0.10472	  0	  0.00340069	  7.71151e-05	  6	  3.53378e-05
10	  0.148096	  0.707107	  0.00216258	  0.000113335	  12	  3.83837e-05
11	  0.23416	  0.894427	  0.000956871	  0.000137159	  12	  4.64522e-05
12	  0.331153	  0.948683	  0.000512389	  5.64081e-05	  12	  1.9104e-05
13	  0.431771	  0.970143	  0.000298428	  2.97669e-05	  12	  1.00813e-05
14	  0.533968	  0.980581	  0.000192286	  1.93843e-05	  12	  6.56499e-06
15	  0.636985	  0.986394	  0.000131856	  1.2526e-05	  12	  4.24226e-06
16	  0.74048	  0.989949	  9.50147e-05	  1.53837e-05	  12	  5.21007e-06
17	  0.844278	  0.992278	  7.10317e-05	  8.05803e-06	  12	  2.72905e-06
18	  0.948278	  0.993884	  5.47385e-05	  7.6488e-06	  12	  2.59046e-06
19	  0.148096	  0	  0.00216258	  4.1716e-05	  6	  1.91163e-05
20	  0.18138	  0.57735	  0.00153421	  5.96681e-05	  12	  2.02081e-05
21	  0.25651	  0.816497	  0.000842148	  6.7006e-05	  12	  2.26933e-05
22	  0.347316	  0.904534	  0.000461525	  3.85763e-05	  12	  1.30648e-05
23	  0.444288	  0.942809	  0.000282116	  2.42055e-05	  12	  8.19781e-06
24	  0.54414	  0.96225	  0.000184652	  2.26918e-05	  12	  7.68515e-06
25	  0.645536	  0.973329	  0.000128147	  1.33413e-05	  12	  4.51838e-06
26	  0.747849	  0.980196	  9.29373e-05	  9.31089e-06	  12	  3.15337e-06
27	  0.850747	  0.984732	  6.98511e-05	  1.00193e-05	  12	  3.39328e-06
28	  0.954042	  0.987878	  5.39956e-05	  7.15376e-06	  12	  2.4228e-06
29	  0.20944	  0	  0.00120796	  2.5841e-05	  6	  1.18416e-05
30	  0.23416	  0.447214	  0.000956871	  4.26298e-05	  12	  1.44376e-05
31	  0.296192	  0.707107	  0.000623093	  5.12077e-05	  12	  1.73428e-05
32	  0.377572	  0.83205	  0.000392702	  3.54175e-05	  12	  1.1995e-05
33	  0.468321	  0.894427	  0.000253118	  2.83833e-05	  12	  9.61272e-06
34	  0.563933	  0.928477	  0.000171157	  1.05956e-05	  12	  3.58845e-06
35	  0.662306	  0.948683	  0.000121199	  1.1148e-05	  12	  3.77557e-06
36	  0.762371	  0.961524	  8.90872e-05	  1.04529e-05	  12	  3.54015e-06
37	  0.863541	  0.970143	  6.75513e-05	  3.40405e-06	  12	  1.15287e-06
38	  0.965468	  0.976187	  5.25652e-05	  5.10578e-06	  12	  1.7292e-06
39	  0.23416	  0	  0.000956871	  2.62015e-05	  12	  8.87378e-06
40	  0.25651	  0.408248	  0.000842148	  2.61654e-05	  24	  6.64925e-06
41	  0.314159	  0.666667	  0.00056581	  3.64512e-05	  24	  9.26312e-06
42	  0.391825	  0.801784	  0.000365623	  2.63866e-05	  24	  6.70547e-06
43	  0.479886	  0.872872	  0.000240238	  3.13952e-05	  24	  7.97827e-06
44	  0.573574	  0.912871	  0.000165194	  1.37999e-05	  24	  3.5069e-06
45	  0.670534	  0.937043	  0.000118025	  9.41009e-06	  24	  2.39133e-06
46	  0.76953	  0.952579	  8.72914e-05	  9.11986e-06	  24	  2.31758e-06
47	  0.869868	  0.963087	  6.64672e-05	  7.5054e-06	  24	  1.9073e-06
48	  0.971131	  0.970495	  5.18642e-05	  5.92916e-06	  24	  1.50674e-06
49	  0.296192	  0	  0.000623093	  1.48686e-05	  6	  6.8135e-06
50	  0.314159	  0.333333	  0.00056581	  1.95351e-05	  12	  6.61607e-06
51	  0.36276	  0.57735	  0.000422434	  1.69893e-05	  12	  5.75384e-06
52	  0.431771	  0.727607	  0.000298428	  2.17517e-05	  12	  7.36674e-06
53	  0.51302	  0.816497	  0.000209203	  1.9364e-05	  12	  6.55812e-06
54	  0.601569	  0.870388	  0.000149161	  1.46119e-05	  12	  4.9487e-06
55	  0.694632	  0.904534	  0.000109288	  1.4321e-05	  12	  4.85016e-06
56	  0.790617	  0.927173	  8.22162e-05	  7.57743e-06	  12	  2.56629e-06
57	  0.888577	  0.942809	  6.33722e-05	  6.23811e-06	  12	  2.11269e-06
58	  0.987924	  0.953998	  4.9893e-05	  3.06282e-06	  12	  1.0373e-06
59	  0.314159	  0	  0.00056581	  1.91091e-05	  6	  8.7567e-06
60	  0.331153	  0.316228	  0.000512389	  1.61947e-05	  12	  5.48473e-06
61	  0.377572	  0.5547	  0.000392702	  2.26233e-05	  12	  7.66194e-06
62	  0.444288	  0.707107	  0.000282116	  1.24003e-05	  12	  4.19966e-06
63	  0.523599	  0.8	  0.000200477	  1.8681e-05	  12	  6.32678e-06
64	  0.610616	  0.857493	  0.00014445	  7.33843e-06	  12	  2.48534e-06
65	  0.702481	  0.894427	  0.000106629	  8.82611e-06	  12	  2.98918e-06
66	  0.797522	  0.919145	  8.0644e-05	  7.98289e-06	  12	  2.70361e-06
67	  0.894726	  0.936329	  6.23818e-05	  3.82724e-06	  12	  1.29619e-06
68	  0.993459	  0.948683	  4.92701e-05	  5.05819e-06	  12	  1.71308e-06
69	  0.331153	  0	  0.000512389	  1.21205e-05	  12	  4.10492e-06
70	  0.347316	  0.301511	  0.000461525	  1.15848e-05	  24	  2.94397e-06
71	  0.391825	  0.534522	  0.000365623	  1.2127e-05	  24	  3.08176e-06
72	  0.456463	  0.688247	  0.00026716	  2.20442e-05	  24	  5.60197e-06
73	  0.533968	  0.784465	  0.000192286	  1.15314e-05	  24	  2.93041e-06
74	  0.61953	  0.845154	  0.000140033	  8.82571e-06	  24	  2.24283e-06
75	  0.710244	  0.884652	  0.000104113	  1.30127e-05	  24	  3.30684e-06
76	  0.804368	  0.911322	  7.91357e-05	  7.59906e-06	  24	  1.9311e-06
77	  0.900833	  0.929981	  6.14503e-05	  5.62223e-06	  24	  1.42875e-06
78	  0.998963	  0.943456	  4.86634e-05	  3.81195e-06	  24	  9.68709e-07
79	  0.377572	  0	  0.000392702	  1.02448e-05	  12	  3.46965e-06
80	  0.391825	  0.267261	  0.000365623	  7.7739e-06	  24	  1.97554e-06
81	  0.431771	  0.485071	  0.000298428	  1.40141e-05	  24	  3.56131e-06
82	  0.491179	  0.639602	  0.000228743	  9.72053e-06	  24	  2.47022e-06
83	  0.563933	  0.742781	  0.000171157	  1.30781e-05	  24	  3.32347e-06
84	  0.645536	  0.811107	  0.000128147	  1.06865e-05	  24	  2.71569e-06
85	  0.733038	  0.857143	  9.71158e-05	  9.35836e-06	  24	  2.37819e-06
86	  0.824564	  0.889001	  7.48811e-05	  4.29205e-06	  24	  1.09071e-06
87	  0.918912	  0.911685	  5.87657e-05	  6.10483e-06	  24	  1.55138e-06
88	  0.418879	  0	  0.000317111	  2.48966e-06	  6	  1.14088e-06
89	  0.431771	  0.242536	  0.000298428	  5.81706e-06	  12	  1.97009e-06
90	  0.468321	  0.447214	  0.000253118	  1.05066e-05	  12	  3.55832e-06
91	  0.523599	  0.6	  0.000200477	  1.00377e-05	  12	  3.39952e-06
92	  0.592384	  0.707107	  0.000154211	  4.60084e-06	  12	  1.55819e-06
93	  0.670534	  0.780869	  0.000118025	  1.04821e-05	  12	  3.55001e-06
94	  0.755145	  0.83205	  9.10016e-05	  6.2074e-06	  12	  2.10229e-06
95	  0.844278	  0.868243	  7.10317e-05	  5.97059e-06	  12	  2.02209e-06
96	  0.936642	  0.894427	  5.6289e-05	  3.24964e-06	  12	  1.10057e-06
97	  0.431771	  0	  0.000298428	  5.64307e-06	  12	  1.91117e-06
98	  0.444288	  0.235702	  0.000282116	  3.4756e-06	  24	  8.83233e-07
99	  0.479886	  0.436436	  0.000240238	  1.21477e-05	  24	  3.08702e-06
100	  0.533968	  0.588348	  0.000192286	  6.58808e-06	  24	  1.67419e-06
101	  0.601569	  0.696311	  0.000149161	  6.04647e-06	  24	  1.53655e-06
102	  0.678662	  0.771517	  0.000114957	  5.66431e-06	  24	  1.43944e-06
103	  0.762371	  0.824163	  8.90872e-05	  8.6105e-06	  24	  2.18814e-06
104	  0.850747	  0.86164	  6.98511e-05	  7.14523e-06	  24	  1.81578e-06
105	  0.942478	  0.888889	  5.55114e-05	  5.94008e-06	  24	  1.50952e-06
106	  0.444288	  0	  0.000282116	  5.21953e-06	  6	  2.39184e-06
107	  0.456463	  0.229416	  0.00026716	  9.23256e-06	  12	  3.12684e-06
108	  0.491179	  0.426401	  0.000228743	  8.0024e-06	  12	  2.71021e-06
109	  0.54414	  0.57735	  0.000184652	  2.95488e-06	  12	  1.00074e-06
110	  0.610616	  0.685994	  0.00014445	  1.04986e-05	  12	  3.55563e-06
111	  0.686693	  0.762493	  0.00011206	  6.64818e-06	  12	  2.25157e-06
112	  0.76953	  0.816497	  8.72914e-05	  5.88763e-06	  12	  1.99399e-06
113	  0.857168	  0.855186	  6.86794e-05	  3.38324e-06	  12	  1.14582e-06
114	  0.948278	  0.883452	  5.47385e-05	  2.71685e-06	  12	  9.20131e-07
115	  0.468321	  0	  0.000253118	  6.4778e-06	  12	  2.19387e-06
116	  0.479886	  0.218218	  0.000240238	  9.15115e-06	  24	  2.32553e-06
117	  0.51302	  0.408248	  0.000209203	  9.4066e-06	  24	  2.39044e-06
118	  0.563933	  0.557086	  0.000171157	  8.81781e-06	  24	  2.24082e-06
119	  0.628319	  0.666667	  0.000135839	  6.64005e-06	  24	  1.6874e-06
120	  0.702481	  0.745356	  0.000106629	  7.68549e-06	  24	  1.95307e-06
121	  0.783651	  0.801784	  8.38484e-05	  6.43696e-06	  24	  1.63579e-06
122	  0.869868	  0.842701	  6.64672e-05	  4.27987e-06	  24	  1.08762e-06
123	  0.959772	  0.872872	  5.32783e-05	  4.10996e-06	  24	  1.04444e-06
124	  0.523599	  0	  0.000200477	  4.58791e-06	  18	  1.31078e-06
125	  0.533968	  0.196116	  0.000192286	  4.36847e-06	  36	  9.46501e-07
126	  0.563933	  0.371391	  0.000171157	  4.30386e-06	  36	  9.32504e-07
127	  0.610616	  0.514496	  0.00014445	  5.12174e-06	  36	  1.10971e-06
128	  0.670534	  0.624695	  0.000118025	  5.42105e-06	  36	  1.17456e-06
129	  0.74048	  0.707107	  9.50147e-05	  5.8168e-06	  36	  1.26031e-06
130	  0.817887	  0.768221	  7.62607e-05	  5.03392e-06	  36	  1.09068e-06
131	  0.900833	  0.813733	  6.14503e-05	  4.57153e-06	  36	  9.90497e-07
132	  0.987924	  0.847998	  4.9893e-05	  3.87153e-06	  36	  8.3883e-07
133	  0.533968	  0	  0.000192286	  4.2921e-06	  12	  1.45363e-06
134	  0.54414	  0.19245	  0.000184652	  6.22601e-06	  24	  1.58218e-06
135	  0.573574	  0.365148	  0.000165194	  4.52613e-06	  24	  1.1502e-06
136	  0.61953	  0.507093	  0.000140033	  5.67806e-06	  24	  1.44293e-06
137	  0.678662	  0.617213	  0.000114957	  5.36897e-06	  24	  1.36438e-06
138	  0.747849	  0.70014	  9.29373e-05	  5.18789e-06	  24	  1.31837e-06
139	  0.824564	  0.762001	  7.48811e-05	  2.18217e-06	  24	  5.54542e-07
140	  0.9069	  0.80829	  6.0533e-05	  4.69832e-06	  24	  1.19396e-06
141	  0.993459	  0.843274	  4.92701e-05	  3.43366e-06	  24	  8.72575e-07
142	  0.563933	  0	  0.000171157	  1.86966e-06	  12	  6.33206e-07
143	  0.573574	  0.182574	  0.000165194	  3.63745e-06	  24	  9.24363e-07
144	  0.601569	  0.348155	  0.000149161	  4.61617e-06	  24	  1.17308e-06
145	  0.645536	  0.486664	  0.000128147	  5.35434e-06	  24	  1.36067e-06
146	  0.702481	  0.596285	  0.000106629	  5.47101e-06	  24	  1.39032e-06
147	  0.76953	  0.680414	  8.72914e-05	  3.21042e-06	  24	  8.15845e-07
148	  0.844278	  0.744208	  7.10317e-05	  5.26775e-06	  24	  1.33866e-06
149	  0.92486	  0.792594	  5.79216e-05	  4.12947e-06	  24	  1.0494e-06
150	  0.592384	  0	  0.000154211	  1.23824e-06	  6	  5.6742e-07
151	  0.601569	  0.174078	  0.000149161	  2.64526e-06	  12	  8.95882e-07
152	  0.628319	  0.333333	  0.000135839	  3.71533e-06	  12	  1.25829e-06
153	  0.670534	  0.468521	  0.000118025	  3.17741e-06	  12	  1.07611e-06
154	  0.72552	  0.57735	  9.93707e-05	  6.07627e-06	  12	  2.05788e-06
155	  0.790617	  0.662266	  8.22162e-05	  4.5215e-06	  12	  1.53132e-06
156	  0.863541	  0.727607	  6.75513e-05	  3.65972e-06	  12	  1.23946e-06
157	  0.942478	  0.777778	  5.55114e-05	  2.94321e-06	  12	  9.96792e-07
158	  0.610616	  0	  0.00014445	  2.82369e-06	  12	  9.56312e-07
159	  0.61953	  0.169031	  0.000140033	  3.18927e-06	  24	  8.10471e-07
160	  0.645536	  0.324443	  0.000128147	  3.9111e-06	  24	  9.93904e-07
161	  0.686693	  0.457496	  0.00011206	  4.18724e-06	  24	  1.06408e-06
162	  0.74048	  0.565685	  9.50147e-05	  3.78693e-06	  24	  9.6235e-07
163	  0.804368	  0.650945	  7.91357e-05	  4.96249e-06	  24	  1.26109e-06
164	  0.876148	  0.717137	  6.5391e-05	  4.4276e-06	  24	  1.12516e-06
165	  0.954042	  0.76835	  5.39956e-05	  3.51014e-06	  24	  8.9201e-07
166	  0.628319	  0	  0.000135839	  8.71916e-06	  6	  3.99554e-06
167	  0.636985	  0.164399	  0.000131856	  4.59284e-06	  12	  1.55548e-06
168	  0.662306	  0.316228	  0.000121199	  2.94494e-06	  12	  9.97378e-07
169	  0.702481	  0.447214	  0.000106629	  1.72275e-06	  12	  5.83454e-07
170	  0.755145	  0.5547	  9.10016e-05	  2.38887e-06	  12	  8.0905e-07
171	  0.817887	  0.640184	  7.62607e-05	  2.89671e-06	  12	  9.81045e-07
172	  0.888577	  0.707107	  6.33722e-05	  3.02106e-06	  12	  1.02316e-06
173	  0.965468	  0.759257	  5.25652e-05	  3.70377e-06	  12	  1.25437e-06
174	  0.636985	  0	  0.000131856	  4.4903e-06	  12	  1.52075e-06
175	  0.645536	  0.162221	  0.000128147	  2.41838e-06	  24	  6.14568e-07
176	  0.670534	  0.312348	  0.000118025	  2.66631e-06	  24	  6.77573e-07
177	  0.710244	  0.442326	  0.000104113	  3.64721e-06	  24	  9.26845e-07
178	  0.762371	  0.549442	  8.90872e-05	  4.77884e-06	  24	  1.21442e-06
179	  0.824564	  0.635001	  7.48811e-05	  2.38123e-06	  24	  6.05129e-07
180	  0.894726	  0.702247	  6.23818e-05	  2.5034e-06	  24	  6.36174e-07
181	  0.971131	  0.754829	  5.18642e-05	  3.20288e-06	  24	  8.1393e-07
182	  0.662306	  0	  0.000121199	  2.62047e-06	  12	  8.87488e-07
183	  0.670534	  0.156174	  0.000118025	  2.47471e-06	  24	  6.28885e-07
184	  0.694632	  0.301511	  0.000109288	  2.58225e-06	  24	  6.56212e-07
185	  0.733038	  0.428571	  9.71158e-05	  3.79161e-06	  24	  9.6354e-07
186	  0.783651	  0.534522	  8.38484e-05	  2.94383e-06	  24	  7.48097e-07
187	  0.844278	  0.620174	  7.10317e-05	  2.98439e-06	  24	  7.58406e-07
188	  0.912926	  0.688247	  5.96217e-05	  2.30404e-06	  24	  5.85512e-07
189	  0.987924	  0.741999	  4.9893e-05	  2.65765e-06	  24	  6.75374e-07
190	  0.670534	  0	  0.000118025	  3.0103e-06	  12	  1.01951e-06
191	  0.678662	  0.154303	  0.000114957	  2.19175e-06	  24	  5.56975e-07
192	  0.702481	  0.298142	  0.000106629	  3.42209e-06	  24	  8.69636e-07
193	  0.74048	  0.424264	  9.50147e-05	  2.83278e-06	  24	  7.19877e-07
194	  0.790617	  0.529813	  8.22162e-05	  2.99666e-06	  24	  7.61524e-07
195	  0.850747	  0.615457	  6.98511e-05	  2.21938e-06	  24	  5.63998e-07
196	  0.918912	  0.683763	  5.87657e-05	  3.43596e-06	  24	  8.7316e-07
197	  0.993459	  0.737865	  4.92701e-05	  2.87853e-06	  24	  7.31504e-07
198	  0.702481	  0	  0.000106629	  1.41212e-06	  12	  4.7825e-07
199	  0.710244	  0.147442	  0.000104113	  2.73857e-06	  24	  6.95938e-07
200	  0.733038	  0.285714	  9.71158e-05	  3.51365e-06	  24	  8.92904e-07
201	  0.76953	  0.408248	  8.72914e-05	  2.96214e-06	  24	  7.52751e-07
202	  0.817887	  0.512148	  7.62607e-05	  4.17869e-06	  24	  1.06191e-06
203	  0.876148	  0.597614	  6.5391e-05	  3.40189e-06	  24	  8.64503e-07
204	  0.942478	  0.666667	  5.55114e-05	  2.93841e-06	  24	  7.46721e-07
205	  0.733038	  0	  9.71158e-05	  2.04578e-06	  6	  9.37476e-07
206	  0.74048	  0.141421	  9.50147e-05	  2.11218e-06	  12	  7.15343e-07
207	  0.762371	  0.274721	  8.90872e-05	  1.98033e-06	  12	  6.70689e-07
208	  0.797522	  0.393919	  8.0644e-05	  2.63597e-06	  12	  8.92737e-07
209	  0.844278	  0.496139	  7.10317e-05	  3.19157e-06	  12	  1.08091e-06
210	  0.900833	  0.581238	  6.14503e-05	  3.36175e-06	  12	  1.13854e-06
211	  0.965468	  0.650791	  5.25652e-05	  2.75305e-06	  12	  9.3239e-07
212	  0.74048	  0	  9.50147e-05	  2.17624e-06	  18	  6.21757e-07
213	  0.747849	  0.140028	  9.29373e-05	  3.05371e-06	  36	  6.61637e-07
214	  0.76953	  0.272166	  8.72914e-05	  2.37505e-06	  36	  5.14593e-07
215	  0.804368	  0.390567	  7.91357e-05	  3.42818e-06	  36	  7.42772e-07
216	  0.850747	  0.492366	  6.98511e-05	  2.10519e-06	  36	  4.56125e-07
217	  0.9069	  0.57735	  6.0533e-05	  2.13832e-06	  36	  4.63303e-07
218	  0.971131	  0.646997	  5.18642e-05	  3.56403e-06	  36	  7.72207e-07
219	  0.755145	  0	  9.10016e-05	  1.42192e-06	  12	  4.81569e-07
220	  0.762371	  0.137361	  8.90872e-05	  2.84748e-06	  24	  7.23613e-07
221	  0.783651	  0.267261	  8.38484e-05	  2.50147e-06	  24	  6.35683e-07
222	  0.817887	  0.384111	  7.62607e-05	  2.74588e-06	  24	  6.97793e-07
223	  0.863541	  0.485071	  6.75513e-05	  1.57091e-06	  24	  3.99207e-07
224	  0.918912	  0.569803	  5.87657e-05	  2.42815e-06	  24	  6.17053e-07
225	  0.982358	  0.639602	  5.05463e-05	  1.98327e-06	  24	  5.03996e-07
226	  0.762371	  0	  8.90872e-05	  1.26184e-06	  12	  4.27353e-07
227	  0.76953	  0.136083	  8.72914e-05	  2.88932e-06	  24	  7.34246e-07
228	  0.790617	  0.264906	  8.22162e-05	  2.01459e-06	  24	  5.11956e-07
229	  0.824564	  0.381	  7.48811e-05	  1.94799e-06	  24	  4.95032e-07
230	  0.869868	  0.481543	  6.64672e-05	  1.44874e-06	  24	  3.68159e-07
231	  0.92486	  0.566139	  5.79216e-05	  2.78371e-06	  24	  7.07407e-07
232	  0.987924	  0.635999	  4.9893e-05	  2.15976e-06	  24	  5.48846e-07
233	  0.797522	  0	  8.0644e-05	  2.232e-06	  12	  7.55924e-07
234	  0.804368	  0.130189	  7.91357e-05	  2.69986e-06	  24	  6.86099e-07
235	  0.824564	  0.254	  7.48811e-05	  1.6984e-06	  24	  4.31605e-07
236	  0.857168	  0.366508	  6.86794e-05	  2.15959e-06	  24	  5.48803e-07
237	  0.900833	  0.464991	  6.14503e-05	  2.06621e-06	  24	  5.25073e-07
238	  0.954042	  0.548821	  5.39956e-05	  2.37898e-06	  24	  6.04555e-07
239	  0.817887	  0	  7.62607e-05	  1.68406e-06	  12	  5.70351e-07
240	  0.824564	  0.127	  7.48811e-05	  1.625e-06	  24	  4.12951e-07
241	  0.844278	  0.248069	  7.10317e-05	  1.82879e-06	  24	  4.6474e-07
242	  0.876148	  0.358569	  6.5391e-05	  2.37426e-06	  24	  6.03357e-07
243	  0.918912	  0.455842	  5.87657e-05	  2.12634e-06	  24	  5.40354e-07
244	  0.971131	  0.539164	  5.18642e-05	  2.61278e-06	  24	  6.6397e-07
245	  0.837758	  0	  7.2289e-05	  2.05575e-06	  6	  9.42045e-07
246	  0.844278	  0.124035	  7.10317e-05	  2.70999e-06	  12	  9.17805e-07
247	  0.863541	  0.242536	  6.75513e-05	  8.86574e-07	  12	  3.00261e-07
248	  0.894726	  0.351123	  6.23818e-05	  1.69319e-06	  12	  5.73441e-07
249	  0.936642	  0.447214	  5.6289e-05	  1.67052e-06	  12	  5.65763e-07
250	  0.987924	  0.529999	  4.9893e-05	  2.90057e-06	  12	  9.82353e-07
251	  0.844278	  0	  7.10317e-05	  2.33767e-06	  24	  5.94059e-07
252	  0.850747	  0.123091	  6.98511e-05	  1.94582e-06	  48	  3.78146e-07
253	  0.869868	  0.240772	  6.64672e-05	  1.66614e-06	  48	  3.23793e-07
254	  0.900833	  0.348743	  6.14503e-05	  1.97985e-06	  48	  3.84759e-07
255	  0.942478	  0.444444	  5.55114e-05	  1.92359e-06	  48	  3.73825e-07
256	  0.993459	  0.527046	  4.92701e-05	  2.13673e-06	  48	  4.15247e-07
257	  0.863541	  0	  6.75513e-05	  1.00024e-06	  12	  3.38756e-07
258	  0.869868	  0.120386	  6.64672e-05	  1.65905e-06	  24	  4.21605e-07
259	  0.888577	  0.235702	  6.33722e-05	  1.67498e-06	  24	  4.25653e-07
260	  0.918912	  0.341882	  5.87657e-05	  1.86647e-06	  24	  4.74314e-07
261	  0.959772	  0.436436	  5.32783e-05	  1.80237e-06	  24	  4.58025e-07
262	  0.888577	  0	  6.33722e-05	  1.60889e-06	  6	  7.37272e-07
263	  0.894726	  0.117041	  6.23818e-05	  1.19556e-06	  12	  4.04908e-07
264	  0.912926	  0.229416	  5.96217e-05	  1.69787e-06	  12	  5.75026e-07
265	  0.942478	  0.333333	  5.55114e-05	  1.83663e-06	  12	  6.22021e-07
266	  0.982358	  0.426401	  5.05463e-05	  1.81092e-06	  12	  6.13314e-07
267	  0.894726	  0	  6.23818e-05	  1.23946e-06	  12	  4.19774e-07
268	  0.900833	  0.116248	  6.14503e-05	  1.54051e-06	  24	  3.91481e-07
269	  0.918912	  0.227921	  5.87657e-05	  1.82361e-06	  24	  4.63424e-07
270	  0.948278	  0.331295	  5.47385e-05	  1.81184e-06	  24	  4.60432e-07
271	  0.987924	  0.423999	  4.9893e-05	  1.56711e-06	  24	  3.98241e-07
272	  0.900833	  0	  6.14503e-05	  2.02941e-06	  12	  6.8731e-07
273	  0.9069	  0.11547	  6.0533e-05	  1.50681e-06	  24	  3.82918e-07
274	  0.92486	  0.226455	  5.79216e-05	  1.20424e-06	  24	  3.06028e-07
275	  0.954042	  0.329293	  5.39956e-05	  1.82909e-06	  24	  4.64816e-07
276	  0.993459	  0.421637	  4.92701e-05	  1.67024e-06	  24	  4.24448e-07
277	  0.936642	  0	  5.6289e-05	  1.07325e-06	  12	  3.63482e-07
278	  0.942478	  0.111111	  5.55114e-05	  1.55188e-06	  24	  3.9437e-07
279	  0.959772	  0.218218	  5.32783e-05	  1.29651e-06	  24	  3.29474e-07
280	  0.987924	  0.317999	  4.9893e-05	  1.29315e-06	  24	  3.28621e-07
281	  0.942478	  0	  5.55114e-05	  2.81093e-06	  6	  1.28811e-06
282	  0.948278	  0.110432	  5.47385e-05	  1.90626e-06	  12	  6.45603e-07
283	  0.965468	  0.21693	  5.25652e-05	  1.61691e-06	  12	  5.47607e-07
284	  0.993459	  0.316228	  4.92701e-05	  1.78005e-06	  12	  6.02859e-07
285	  0.948278	  0	  5.47385e-05	  1.74511e-06	  12	  5.91026e-07
286	  0.954042	  0.109764	  5.39956e-05	  1.27491e-06	  24	  3.23984e-07
287	  0.971131	  0.215666	  5.18642e-05	  1.02517e-06	  24	  2.6052e-07
288	  0.998963	  0.314485	  4.86634e-05	  1.41799e-06	  24	  3.60344e-07
289	  0.965468	  0	  5.25652e-05	  1.19494e-06	  24	  3.03663e-07
290	  0.971131	  0.107833	  5.18642e-05	  1.43202e-06	  48	  2.78295e-07
291	  0.987924	  0.212	  4.9893e-05	  1.52794e-06	  48	  2.96937e-07
292	  0.987924	  0	  4.9893e-05	  1.36574e-06	  12	  4.62541e-07
293	  0.993459	  0.105409	  4.92701e-05	  1.40554e-06	  24	  3.57181e-07
294	  0.993459	  0	  4.92701e-05	  1.16849e-06	  12	  3.95739e-07
295	  0.998963	  0.104828	  4.86634e-05	  1.1579e-06	  24	  2.9425e-07
296	  1.08818	  0.030936	  4.0048e-05	  1.09847e-06	  138	  1.48432e-07
297	  1.08818	  0.0938307	  4.0048e-05	  1.0119e-06	  252	  1.14339e-07
298	  1.08818	  0.156319	  4.0048e-05	  9.15645e-07	  72	  1.53692e-07
299	  1.08818	  0.218712	  4.0048e-05	  1.03574e-06	  216	  1.2226e-07
300	  1.08818	  0.281224	  4.0048e-05	  1.22496e-06	  288	  1.33429e-07
301	  1.08818	  0.343807	  4.0048e-05	  1.16693e-06	  120	  1.64872e-07
302	  1.08818	  0.406302	  4.0048e-05	  1.62273e-06	  180	  2.02087e-07
303	  1.08818	  0.468745	  4.0048e-05	  1.58016e-06	  180	  1.96786e-07
304	  1.08818	  0.531226	  4.0048e-05	  1.77042e-06	  192	  2.1629e-07
305	  1.08818	  0.593785	  4.0048e-05	  2.30178e-06	  192	  2.81206e-07
306	  1.08818	  0.656281	  4.0048e-05	  1.93488e-06	  168	  2.46024e-07
307	  1.08818	  0.718743	  4.0048e-05	  2.45141e-06	  228	  2.84919e-07
308	  1.08818	  0.781255	  4.0048e-05	  3.3108e-06	  144	  4.4144e-07
309	  1.08818	  0.843774	  4.0048e-05	  2.86508e-06	  240	  3.28194e-07
310	  1.08818	  0.90628	  4.0048e-05	  3.81945e-06	  168	  4.8565e-07
311	  1.08818	  0.968758	  4.0048e-05	  3.77491e-06	  150	  4.96966e-07
312	  1.25577	  0.030936	  2.88042e-05	  8.41909e-07	  198	  1.01927e-07
313	  1.25577	  0.0938307	  2.88042e-05	  8.65329e-07	  396	  8.67508e-08
314	  1.25577	  0.156319	  2.88042e-05	  8.32933e-07	  396	  8.35031e-08
315	  1.25577	  0.218712	  2.88042e-05	  7.94479e-07	  204	  9.53486e-08
316	  1.25577	  0.281224	  2.88042e-05	  9.43094e-07	  216	  1.11324e-07
317	  1.25577	  0.343807	  2.88042e-05	  9.38163e-07	  372	  9.55496e-08
318	  1.25577	  0.406302	  2.88042e-05	  1.06786e-06	  312	  1.13848e-07
319	  1.25577	  0.468745	  2.88042e-05	  1.07189e-06	  288	  1.16756e-07
320	  1.25577	  0.531226	  2.88042e-05	  1.42495e-06	  264	  1.58947e-07
321	  1.25577	  0.593785	  2.88042e-05	  1.32604e-06	  312	  1.41374e-07
322	  1.25577	  0.656281	  2.88042e-05	  1.48292e-06	  276	  1.63408e-07
323	  1.25577	  0.718743	  2.88042e-05	  1.66049e-06	  312	  1.77031e-07
324	  1.25577	  0.781255	  2.88042e-05	  1.91488e-06	  276	  2.11006e-07
325	  1.25577	  0.843774	  2.88042e-05	  2.03353e-06	  240	  2.3294e-07
326	  1.25577	  0.90628	  2.88042e-05	  2.32807e-06	  324	  2.45741e-07
327	  1.25577	  0.968758	  2.88042e-05	  2.64346e-06	  315	  2.81115e-07
328	  1.45182	  0.030936	  2.05474e-05	  5.9017e-07	  246	  6.71364e-08
329	  1.45182	  0.0938307	  2.05474e-05	  5.3874e-07	  516	  5.06537e-08
330	  1.45182	  0.156319	  2.05474e-05	  5.9794e-07	  504	  5.65314e-08
331	  1.45182	  0.218712	  2.05474e-05	  5.73894e-07	  528	  5.36702e-08
332	  1.45182	  0.281224	  2.05474e-05	  6.11362e-07	  504	  5.78003e-08
333	  1.45182	  0.343807	  2.05474e-05	  7.11026e-07	  384	  7.18357e-08
334	  1.45182	  0.406302	  2.05474e-05	  8.5138e-07	  420	  8.41121e-08
335	  1.45182	  0.468745	  2.05474e-05	  7.49897e-07	  468	  7.21589e-08
336	  1.45182	  0.531226	  2.05474e-05	  8.46083e-07	  480	  8.09223e-08
337	  1.45182	  0.593785	  2.05474e-05	  9.01494e-07	  468	  8.67463e-08
338	  1.45182	  0.656281	  2.05474e-05	  9.82228e-07	  396	  9.84702e-08
339	  1.45182	  0.718743	  2.05474e-05	  1.08482e-06	  456	  1.05042e-07
340	  1.45182	  0.781255	  2.05474e-05	  1.35275e-06	  432	  1.32722e-07
341	  1.45182	  0.843774	  2.05474e-05	  1.38254e-06	  480	  1.32231e-07
342	  1.45182	  0.90628	  2.05474e-05	  1.66847e-06	  480	  1.59579e-07
343	  1.45182	  0.968758	  2.05474e-05	  1.78432e-06	  414	  1.76911e-07
344	  1.68148	  0.030936	  1.45436e-05	  4.02309e-07	  798	  3.43571e-08
345	  1.68148	  0.0938307	  1.45436e-05	  4.55922e-07	  708	  3.99307e-08
346	  1.68148	  0.156319	  1.45436e-05	  4.1408e-07	  684	  3.65367e-08
347	  1.68148	  0.218712	  1.45436e-05	  4.58048e-07	  720	  3.99729e-08
348	  1.68148	  0.281224	  1.45436e-05	  4.65624e-07	  708	  4.07804e-08
349	  1.68148	  0.343807	  1.45436e-05	  4.93731e-07	  720	  4.30869e-08
350	  1.68148	  0.406302	  1.45436e-05	  5.36666e-07	  672	  4.75356e-08
351	  1.68148	  0.468745	  1.45436e-05	  6.11739e-07	  732	  5.31975e-08
352	  1.68148	  0.531226	  1.45436e-05	  6.33384e-07	  672	  5.61025e-08
353	  1.68148	  0.593785	  1.45436e-05	  6.53056e-07	  708	  5.71961e-08
354	  1.68148	  0.656281	  1.45436e-05	  6.86579e-07	  744	  5.95001e-08
355	  1.68148	  0.718743	  1.45436e-05	  8.61284e-07	  744	  7.46404e-08
356	  1.68148	  0.781255	  1.45436e-05	  9.22591e-07	  696	  8.11003e-08
357	  1.68148	  0.843774	  1.45436e-05	  9.75182e-07	  708	  8.54087e-08
358	  1.68148	  0.90628	  1.45436e-05	  1.08454e-06	  696	  9.53364e-08
359	  1.68148	  0.968758	  1.45436e-05	  1.1742e-06	  741	  1.01845e-07
360	  1.94819	  0.030936	  1.02432e-05	  2.97155e-07	  1368	  2.28919e-08
361	  1.94819	  0.0938307	  1.02432e-05	  2.97241e-07	  924	  2.46406e-08
362	  1.94819	  0.156319	  1.02432e-05	  3.19294e-07	  972	  2.6206e-08
363	  1.94819	  0.218712	  1.02432e-05	  3.38444e-07	  972	  2.77778e-08
364	  1.94819	  0.281224	  1.02432e-05	  3.10148e-07	  1200	  2.44606e-08
365	  1.94819	  0.343807	  1.02432e-05	  3.35118e-07	  1140	  2.66813e-08
366	  1.94819	  0.406302	  1.02432e-05	  3.68116e-07	  1080	  2.96072e-08
367	  1.94819	  0.468745	  1.02432e-05	  4.14359e-07	  1068	  3.33971e-08
368	  1.94819	  0.531226	  1.02432e-05	  3.98015e-07	  1164	  3.15668e-08
369	  1.94819	  0.593785	  1.02432e-05	  4.80542e-07	  1188	  3.7969e-08
370	  1.94819	  0.656281	  1.02432e-05	  4.88531e-07	  1068	  3.93753e-08
371	  1.94819	  0.718743	  1.02432e-05	  5.16031e-07	  1008	  4.2055e-08
372	  1.94819	  0.781255	  1.02432e-05	  5.86979e-07	  1164	  4.65536e-08
373	  1.94819	  0.843774	  1.02432e-05	  6.21288e-07	  1176	  4.91815e-08
374	  1.94819	  0.90628	  1.02432e-05	  6.72227e-07	  1080	  5.40666e-08
375	  1.94819	  0.968758	  1.02432e-05	  7.15146e-07	  1038	  5.79544e-08
376	  2.25604	  0.030936	  7.19976e-06	  2.2048e-07	  1896	  1.60875e-08
377	  2.25604	  0.0938307	  7.19976e-06	  2.23259e-07	  1272	  1.74228e-08
378	  2.25604	  0.156319	  7.19976e-06	  2.18926e-07	  2040	  1.57934e-08
379	  2.25604	  0.218712	  7.19976e-06	  2.33629e-07	  1740	  1.72823e-08
380	  2.25604	  0.281224	  7.19976e-06	  2.3733e-07	  1584	  1.78296e-08
381	  2.25604	  0.343807	  7.19976e-06	  2.44917e-07	  1764	  1.80772e-08
382	  2.25604	  0.406302	  7.19976e-06	  2.57383e-07	  1632	  1.92403e-08
383	  2.25604	  0.468745	  7.19976e-06	  2.76739e-07	  1860	  2.02537e-08
384	  2.25604	  0.531226	  7.19976e-06	  2.97963e-07	  1560	  2.24421e-08
385	  2.25604	  0.593785	  7.19976e-06	  3.11721e-07	  1692	  2.31643e-08
386	  2.25604	  0.656281	  7.19976e-06	  3.44427e-07	  1704	  2.55651e-08
387	  2.25604	  0.718743	  7.19976e-06	  3.59965e-07	  1824	  2.64267e-08
388	  2.25604	  0.781255	  7.19976e-06	  3.83835e-07	  1668	  2.859e-08
389	  2.25604	  0.843774	  7.19976e-06	  4.09146e-07	  1680	  3.04395e-08
390	  2.25604	  0.90628	  7.19976e-06	  4.4066e-07	  1776	  3.24894e-08
391	  2.25604	  0.968758	  7.19976e-06	  4.54181e-07	  1656	  3.38699e-08
392	  2.61216	  0.030936	  5.04692e-06	  1.65144e-07	  2586	  1.15047e-08
393	  2.61216	  0.0938307	  5.04692e-06	  1.597e-07	  3036	  1.08834e-08
394	  2.61216	  0.156319	  5.04692e-06	  1.70156e-07	  2124	  1.21999e-08
395	  2.61216	  0.218712	  5.04692e-06	  1.63341e-07	  2940	  1.11795e-08
396	  2.61216	  0.281224	  5.04692e-06	  1.70685e-07	  2616	  1.18714e-08
397	  2.61216	  0.343807	  5.04692e-06	  1.80146e-07	  2448	  1.26483e-08
398	  2.61216	  0.406302	  5.04692e-06	  1.88661e-07	  2916	  1.29268e-08
399	  2.61216	  0.468745	  5.04692e-06	  1.94306e-07	  2544	  1.35677e-08
400	  2.61216	  0.531226	  5.04692e-06	  2.04627e-07	  2652	  1.42049e-08
401	  2.61216	  0.593785	  5.04692e-06	  2.13199e-07	  2748	  1.4727e-08
402	  2.61216	  0.656281	  5.04692e-06	  2.33046e-07	  2676	  1.61574e-08
403	  2.61216	  0.718743	  5.04692e-06	  2.29738e-07	  2472	  1.61076e-08
404	  2.61216	  0.781255	  5.04692e-06	  2.47803e-07	  2616	  1.72351e-08
405	  2.61216	  0.843774	  5.04692e-06	  2.53902e-07	  2736	  1.75492e-08
406	  2.61216	  0.90628	  5.04692e-06	  2.66414e-07	  2568	  1.85779e-08
407	  2.61216	  0.968758	  5.04692e-06	  2.69387e-07	  2745	  1.8611e-08
408	  3.02645	  0.030936	  3.52029e-06	  1.2229e-07	  3414	  8.20746e-09
409	  3.02645	  0.0938307	  3.52029e-06	  1.188e-07	  4512	  7.70864e-09
410	  3.02645	  0.156319	  3.52029e-06	  1.17548e-07	  4632	  7.60458e-09
411	  3.02645	  0.218712	  3.52029e-06	  1.15784e-07	  3972	  7.62636e-09
412	  3.02645	  0.281224	  3.52029e-06	  1.21124e-07	  4176	  7.93055e-09
413	  3.02645	  0.343807	  3.52029e-06	  1.28051e-07	  4344	  8.34538e-09
414	  3.02645	  0.406302	  3.52029e-06	  1.33149e-07	  4044	  8.75123e-09
415	  3.02645	  0.468745	  3.52029e-06	  1.36649e-07	  4092	  8.96867e-09
416	  3.02645	  0.531226	  3.52029e-06	  1.47609e-07	  4296	  9.63249e-09
417	  3.02645	  0.593785	  3.52029e-06	  1.48871e-07	  3996	  9.79862e-09
418	  3.02645	  0.656281	  3.52029e-06	  1.52468e-07	  4188	  9.97943e-09
419	  3.02645	  0.718743	  3.52029e-06	  1.63581e-07	  4212	  1.06995e-08
420	  3.02645	  0.781255	  3.52029e-06	  1.57986e-07	  4140	  1.03547e-08
421	  3.02645	  0.843774	  3.52029e-06	  1.60565e-07	  4128	  1.05273e-08
422	  3.02645	  0.90628	  3.52029e-06	  1.64562e-07	  4188	  1.0771e-08
423	  3.02645	  0.968758	  3.52029e-06	  1.59758e-07	  4128	  1.04744e-08
424	  3.50419	  0.030936	  2.45325e-06	  8.66112e-08	  7002	  5.36561e-09
425	  3.50419	  0.0938307	  2.45325e-06	  8.7269e-08	  6240	  5.46821e-09
426	  3.50419	  0.156319	  2.45325e-06	  8.33668e-08	  5964	  5.24784e-09
427	  3.50419	  0.218712	  2.45325e-06	  8.66129e-08	  6180	  5.43241e-09
428	  3.50419	  0.281224	  2.45325e-06	  8.78673e-08	  6420	  5.48999e-09
429	  3.50419	  0.343807	  2.45325e-06	  9.0204e-08	  6516	  5.62767e-09
430	  3.50419	  0.406302	  2.45325e-06	  9.32359e-08	  6312	  5.83534e-09
431	  3.50419	  0.468745	  2.45325e-06	  9.83652e-08	  6276	  6.15991e-09
432	  3.50419	  0.531226	  2.45325e-06	  9.73596e-08	  6360	  6.0888e-09
433	  3.50419	  0.593785	  2.45325e-06	  9.86631e-08	  6408	  6.16567e-09
434	  3.50419	  0.656281	  2.45325e-06	  1.05288e-07	  6360	  6.58461e-09
435	  3.50419	  0.718743	  2.45325e-06	  1.02215e-07	  6336	  6.39486e-09
436	  3.50419	  0.781255	  2.45325e-06	  9.85505e-08	  6372	  6.16211e-09
437	  3.50419	  0.843774	  2.45325e-06	  1.03351e-07	  6456	  6.45383e-09
438	  3.50419	  0.90628	  2.45325e-06	  9.77692e-08	  6360	  6.11441e-09
439	  3.50419	  0.968758	  2.45325e-06	  9.23753e-08	  6327	  5.7801e-09
440	  4.05763	  0.030936	  1.70477e-06	  6.26799e-08	  10392	  3.74886e-09
441	  4.05763	  0.0938307	  1.70477e-06	  6.05128e-08	  9420	  3.64912e-09
442	  4.05763	  0.156319	  1.70477e-06	  6.20809e-08	  10176	  3.71946e-09
443	  4.05763	  0.218712	  1.70477e-06	  6.20133e-08	  10260	  3.71289e-09
444	  4.05763	  0.281224	  1.70477e-06	  6.00992e-08	  9528	  3.62066e-09
445	  4.05763	  0.343807	  1.70477e-06	  6.17129e-08	  10140	  3.6985e-09
446	  4.05763	  0.406302	  1.70477e-06	  6.48908e-08	  9960	  3.89475e-09
447	  4.05763	  0.468745	  1.70477e-06	  6.45993e-08	  10068	  3.87377e-09
448	  4.05763	  0.531226	  1.70477e-06	  6.66487e-08	  9996	  3.99906e-09
449	  4.05763	  0.593785	  1.70477e-06	  6.40897e-08	  9828	  3.85097e-09
450	  4.05763	  0.656281	  1.70477e-06	  6.35583e-08	  10032	  3.81249e-09
451	  4.05763	  0.718743	  1.70477e-06	  6.27619e-08	  9924	  3.76811e-09
452	  4.05763	  0.781255	  1.70477e-06	  6.00769e-08	  10116	  3.60116e-09
453	  4.05763	  0.843774	  1.70477e-06	  5.8863e-08	  9888	  3.53511e-09
454	  4.05763	  0.90628	  1.70477e-06	  5.65251e-08	  10008	  3.39128e-09
455	  4.05763	  0.968758	  1.70477e-06	  5.12194e-08	  9978	  3.07373e-09
456	  4.69917	  0.030936	  1.18077e-06	  4.4781e-08	  13626	  2.62268e-09
457	  4.69917	  0.0938307	  1.18077e-06	  4.48433e-08	  16392	  2.59242e-09
458	  4.69917	  0.156319	  1.18077e-06	  4.39827e-08	  15708	  2.55006e-09
459	  4.69917	  0.218712	  1.18077e-06	  4.31531e-08	  15432	  2.50503e-09
460	  4.69917	  0.281224	  1.18077e-06	  4.25137e-08	  15780	  2.46412e-09
461	  4.69917	  0.343807	  1.18077e-06	  4.29063e-08	  15300	  2.49219e-09
462	  4.69917	  0.406302	  1.18077e-06	  4.21043e-08	  15588	  2.44245e-09
463	  4.69917	  0.468745	  1.18077e-06	  4.27453e-08	  15396	  2.48176e-09
464	  4.69917	  0.531226	  1.18077e-06	  4.22473e-08	  15504	  2.45166e-09
465	  4.69917	  0.593785	  1.18077e-06	  4.076e-08	  15660	  2.36372e-09
466	  4.69917	  0.656281	  1.18077e-06	  3.89409e-08	  15192	  2.26298e-09
467	  4.69917	  0.718743	  1.18077e-06	  3.79053e-08	  15600	  2.19875e-09
468	  4.69917	  0.781255	  1.18077e-06	  3.60613e-08	  15216	  2.09541e-09
469	  4.69917	  0.843774	  1.18077e-06	  3.35583e-08	  15516	  1.94732e-09
470	  4.69917	  0.90628	  1.18077e-06	  3.07127e-08	  15540	  1.78201e-09
471	  4.69917	  0.968758	  1.18077e-06	  2.80533e-08	  15405	  1.62869e-09
472	  5.4432	  0.030936	  8.15755e-07	  3.23244e-08	  26250	  1.81573e-09
473	  5.4432	  0.0938307	  8.15755e-07	  3.16858e-08	  22392	  1.79604e-09
474	  5.4432	  0.156319	  8.15755e-07	  3.09941e-08	  24516	  1.74766e-09
475	  5.4432	  0.218712	  8.15755e-07	  2.9982e-08	  23592	  1.6943e-09
476	  5.4432	  0.281224	  8.15755e-07	  2.96221e-08	  24264	  1.67127e-09
477	  5.4432	  0.343807	  8.15755e-07	  2.90606e-08	  23928	  1.6409e-09
478	  5.4432	  0.406302	  8.15755e-07	  2.80089e-08	  24120	  1.58079e-09
479	  5.4432	  0.468745	  8.15755e-07	  2.6859e-08	  23964	  1.51645e-09
480	  5.4432	  0.531226	  8.15755e-07	  2.61761e-08	  24060	  1.47756e-09
481	  5.4432	  0.593785	  8.15755e-07	  2.48318e-08	  24108	  1.40152e-09
482	  5.4432	  0.656281	  8.15755e-07	  2.32161e-08	  24228	  1.30996e-09
483	  5.4432	  0.718743	  8.15755e-07	  2.18449e-08	  24144	  1.23283e-09
484	  5.4432	  0.781255	  8.15755e-07	  1.98343e-08	  23940	  1.11991e-09
485	  5.4432	  0.843774	  8.15755e-07	  1.76939e-08	  24192	  9.98456e-10
486	  5.4432	  0.90628	  8.15755e-07	  1.61987e-08	  23988	  9.14521e-10
487	  5.4432	  0.968758	  8.15755e-07	  1.41745e-08	  24141	  7.99955e-10
488	  6.30378	  0.030936	  5.62645e-07	  2.29271e-08	  35082	  1.26876e-09
489	  6.30378	  0.0938307	  5.62645e-07	  2.22323e-08	  39108	  1.22404e-09
490	  6.30378	  0.156319	  5.62645e-07	  2.14864e-08	  36924	  1.18614e-09
491	  6.30378	  0.218712	  5.62645e-07	  2.07206e-08	  37692	  1.14276e-09
492	  6.30378	  0.281224	  5.62645e-07	  1.95065e-08	  37092	  1.07661e-09
493	  6.30378	  0.343807	  5.62645e-07	  1.90999e-08	  37536	  1.05358e-09
494	  6.30378	  0.406302	  5.62645e-07	  1.79234e-08	  36984	  9.8937e-10
495	  6.30378	  0.468745	  5.62645e-07	  1.68915e-08	  37428	  9.31888e-10
496	  6.30378	  0.531226	  5.62645e-07	  1.55599e-08	  37392	  8.58464e-10
497	  6.30378	  0.593785	  5.62645e-07	  1.43326e-08	  37200	  7.90942e-10
498	  6.30378	  0.656281	  5.62645e-07	  1.30303e-08	  36924	  7.19327e-10
499	  6.30378	  0.718743	  5.62645e-07	  1.17101e-08	  37272	  6.46158e-10
500	  6.30378	  0.781255	  5.62645e-07	  1.02116e-08	  37284	  5.63466e-10
501	  6.30378	  0.843774	  5.62645e-07	  8.99682e-09	  37188	  4.96495e-10
502	  6.30378	  0.90628	  5.62645e-07	  7.80597e-09	  37320	  4.30706e-10
503	  6.30378	  0.968758	  5.62645e-07	  6.55653e-09	  37119	  3.61857e-10
504	  7.30029	  0.030936	  3.87106e-07	  1.58976e-08	  60258	  8.59641e-10
505	  7.30029	  0.0938307	  3.87106e-07	  1.53463e-08	  56916	  8.31638e-10
506	  7.30029	  0.156319	  3.87106e-07	  1.46198e-08	  56820	  7.92324e-10
507	  7.30029	  0.218712	  3.87106e-07	  1.38155e-08	  58716	  7.47788e-10
508	  7.30029	  0.281224	  3.87106e-07	  1.28742e-08	  57840	  6.97242e-10
509	  7.30029	  0.343807	  3.87106e-07	  1.18632e-08	  57612	  6.42583e-10
510	  7.30029	  0.406302	  3.87106e-07	  1.09888e-08	  58464	  5.94886e-10
511	  7.30029	  0.468745	  3.87106e-07	  9.94182e-09	  57948	  5.38391e-10
512	  7.30029	  0.531226	  3.87106e-07	  8.94812e-09	  57708	  4.84655e-10
513	  7.30029	  0.593785	  3.87106e-07	  7.77273e-09	  58236	  4.20845e-10
514	  7.30029	  0.656281	  3.87106e-07	  6.77168e-09	  58008	  3.667e-10
515	  7.30029	  0.718743	  3.87106e-07	  5.84145e-09	  58200	  3.16286e-10
516	  7.30029	  0.781255	  3.87106e-07	  4.88395e-09	  58128	  2.64455e-10
517	  7.30029	  0.843774	  3.87106e-07	  4.11372e-09	  57972	  2.22772e-10
518	  7.30029	  0.90628	  3.87106e-07	  3.39201e-09	  57960	  1.8369e-10
519	  7.30029	  0.968758	  3.87106e-07	  2.76618e-09	  58122	  1.49783e-10
520	  8.455	  0.030936	  2.65864e-07	  1.0762e-08	  90198	  5.73936e-10
521	  8.455	  0.0938307	  2.65864e-07	  1.03675e-08	  89292	  5.5307e-10
522	  8.455	  0.156319	  2.65864e-07	  9.77465e-09	  90804	  5.2117e-10
523	  8.455	  0.218712	  2.65864e-07	  8.8478e-09	  89628	  4.71944e-10
524	  8.455	  0.281224	  2.65864e-07	  8.06696e-09	  89844	  4.30261e-10
525	  8.455	  0.343807	  2.65864e-07	  7.22761e-09	  90636	  3.85388e-10
526	  8.455	  0.406302	  2.65864e-07	  6.33994e-09	  89628	  3.38174e-10
527	  8.455	  0.468745	  2.65864e-07	  5.46229e-09	  89772	  2.91345e-10
528	  8.455	  0.531226	  2.65864e-07	  4.70302e-09	  90324	  2.50799e-10
529	  8.455	  0.593785	  2.65864e-07	  3.90811e-09	  89784	  2.08448e-10
530	  8.455	  0.656281	  2.65864e-07	  3.20392e-09	  90216	  1.70863e-10
531	  8.455	  0.718743	  2.65864e-07	  2.64281e-09	  89796	  1.4096e-10
532	  8.455	  0.781255	  2.65864e-07	  2.13847e-09	  90120	  1.14047e-10
533	  8.455	  0.843774	  2.65864e-07	  1.71233e-09	  90132	  9.13198e-11
534	  8.455	  0.90628	  2.65864e-07	  1.37072e-09	  89916	  7.31073e-11
535	  8.455	  0.968758	  2.65864e-07	  1.05888e-09	  89964	  5.64743e-11
536	  9.79129	  0.030936	  1.82229e-07	  7.13672e-09	  139068	  3.75973e-10
537	  9.79129	  0.0938307	  1.82229e-07	  6.77679e-09	  141180	  3.56875e-10
538	  9.79129	  0.156319	  1.82229e-07	  6.22526e-09	  139380	  3.27938e-10
539	  9.79129	  0.218712	  1.82229e-07	  5.51545e-09	  138804	  2.90577e-10
540	  9.79129	  0.281224	  1.82229e-07	  4.81833e-09	  140952	  2.53751e-10
541	  9.79129	  0.343807	  1.82229e-07	  4.07889e-09	  139668	  2.14859e-10
542	  9.79129	  0.406302	  1.82229e-07	  3.40701e-09	  139464	  1.79474e-10
543	  9.79129	  0.468745	  1.82229e-07	  2.77975e-09	  139812	  1.46422e-10
544	  9.79129	  0.531226	  1.82229e-07	  2.23522e-09	  139884	  1.17737e-10
545	  9.79129	  0.593785	  1.82229e-07	  1.77929e-09	  140184	  9.37169e-11
546	  9.79129	  0.656281	  1.82229e-07	  1.39653e-09	  139404	  7.35669e-11
547	  9.79129	  0.718743	  1.82229e-07	  1.09683e-09	  139932	  5.77735e-11
548	  9.79129	  0.781255	  1.82229e-07	  8.52885e-10	  139980	  4.49239e-11
549	  9.79129	  0.843774	  1.82229e-07	  6.57967e-10	  139632	  3.46592e-11
550	  9.79129	  0.90628	  1.82229e-07	  5.01609e-10	  140088	  2.64206e-11
551	  9.79129	  0.968758	  1.82229e-07	  3.69668e-10	  139623	  1.94727e-11
