#n	   k	      mu	    PL	    Pf	     w	     err  
0	  0.10472	  1	  0.00340069	  0.000477526	  3	  0.000299576
1	  0.20944	  1	  0.00120796	  0.000136838	  3	  8.58453e-05
2	  0.314159	  1	  0.00056581	  0.000127356	  3	  7.98968e-05
3	  0.418879	  1	  0.000317111	  2.30529e-05	  3	  1.44622e-05
4	  0.523599	  1	  0.000200477	  7.40549e-06	  3	  4.64584e-06
5	  0.628319	  1	  0.000135839	  3.8635e-05	  3	  2.42377e-05
6	  0.733038	  1	  9.71158e-05	  1.66738e-05	  3	  1.04603e-05
7	  0.837758	  1	  7.2289e-05	  1.36241e-05	  3	  8.54711e-06
8	  0.942478	  1	  5.55114e-05	  2.13058e-06	  3	  1.33662e-06
9	  0.10472	  0	  0.00340069	  8.24577e-05	  6	  3.77861e-05
10	  0.148096	  0.707107	  0.00216258	  0.000116369	  12	  3.94112e-05
11	  0.23416	  0.894427	  0.000956871	  0.000139745	  12	  4.73283e-05
12	  0.331153	  0.948683	  0.000512389	  5.72145e-05	  12	  1.93771e-05
13	  0.431771	  0.970143	  0.000298428	  3.04362e-05	  12	  1.0308e-05
14	  0.533968	  0.980581	  0.000192286	  1.98021e-05	  12	  6.70648e-06
15	  0.636985	  0.986394	  0.000131856	  1.27899e-05	  12	  4.33163e-06
16	  0.74048	  0.989949	  9.50147e-05	  1.5787e-05	  12	  5.34667e-06
17	  0.844278	  0.992278	  7.10317e-05	  8.20296e-06	  12	  2.77814e-06
18	  0.948278	  0.993884	  5.47385e-05	  7.86697e-06	  12	  2.66435e-06
19	  0.148096	  0	  0.00216258	  4.46611e-05	  6	  2.04659e-05
20	  0.18138	  0.57735	  0.00153421	  6.13352e-05	  12	  2.07727e-05
21	  0.25651	  0.816497	  0.000842148	  6.85318e-05	  12	  2.321e-05
22	  0.347316	  0.904534	  0.000461525	  3.90492e-05	  12	  1.3225e-05
23	  0.444288	  0.942809	  0.000282116	  2.45703e-05	  12	  8.32134e-06
24	  0.54414	  0.96225	  0.000184652	  2.30754e-05	  12	  7.81506e-06
25	  0.645536	  0.973329	  0.000128147	  1.35865e-05	  12	  4.60141e-06
26	  0.747849	  0.980196	  9.29373e-05	  9.47193e-06	  12	  3.20791e-06
27	  0.850747	  0.984732	  6.98511e-05	  1.02245e-05	  12	  3.46279e-06
28	  0.954042	  0.987878	  5.39956e-05	  7.31121e-06	  12	  2.47612e-06
29	  0.20944	  0	  0.00120796	  2.7491e-05	  6	  1.25977e-05
30	  0.23416	  0.447214	  0.000956871	  4.46674e-05	  12	  1.51278e-05
31	  0.296192	  0.707107	  0.000623093	  5.26722e-05	  12	  1.78388e-05
32	  0.377572	  0.83205	  0.000392702	  3.61382e-05	  12	  1.22391e-05
33	  0.468321	  0.894427	  0.000253118	  2.89554e-05	  12	  9.80648e-06
34	  0.563933	  0.928477	  0.000171157	  1.08062e-05	  12	  3.6598e-06
35	  0.662306	  0.948683	  0.000121199	  1.14356e-05	  12	  3.87297e-06
36	  0.762371	  0.961524	  8.90872e-05	  1.07178e-05	  12	  3.62986e-06
37	  0.863541	  0.970143	  6.75513e-05	  3.46911e-06	  12	  1.1749e-06
38	  0.965468	  0.976187	  5.25652e-05	  5.26682e-06	  12	  1.78374e-06
39	  0.23416	  0	  0.000956871	  2.80952e-05	  12	  9.51515e-06
40	  0.25651	  0.408248	  0.000842148	  2.74571e-05	  24	  6.97751e-06
41	  0.314159	  0.666667	  0.00056581	  3.74931e-05	  24	  9.52789e-06
42	  0.391825	  0.801784	  0.000365623	  2.69229e-05	  24	  6.84176e-06
43	  0.479886	  0.872872	  0.000240238	  3.1971e-05	  24	  8.12459e-06
44	  0.573574	  0.912871	  0.000165194	  1.4113e-05	  24	  3.58645e-06
45	  0.670534	  0.937043	  0.000118025	  9.62678e-06	  24	  2.4464e-06
46	  0.76953	  0.952579	  8.72914e-05	  9.29229e-06	  24	  2.3614e-06
47	  0.869868	  0.963087	  6.64672e-05	  7.66611e-06	  24	  1.94814e-06
48	  0.971131	  0.970495	  5.18642e-05	  6.05758e-06	  24	  1.53938e-06
49	  0.296192	  0	  0.000623093	  1.59414e-05	  6	  7.30514e-06
50	  0.314159	  0.333333	  0.00056581	  2.05652e-05	  12	  6.96494e-06
51	  0.36276	  0.57735	  0.000422434	  1.75813e-05	  12	  5.95434e-06
52	  0.431771	  0.727607	  0.000298428	  2.22489e-05	  12	  7.53514e-06
53	  0.51302	  0.816497	  0.000209203	  1.98399e-05	  12	  6.71927e-06
54	  0.601569	  0.870388	  0.000149161	  1.48884e-05	  12	  5.04232e-06
55	  0.694632	  0.904534	  0.000109288	  1.46847e-05	  12	  4.97335e-06
56	  0.790617	  0.927173	  8.22162e-05	  7.72667e-06	  12	  2.61683e-06
57	  0.888577	  0.942809	  6.33722e-05	  6.34833e-06	  12	  2.15002e-06
58	  0.987924	  0.953998	  4.9893e-05	  3.11985e-06	  12	  1.05661e-06
59	  0.314159	  0	  0.00056581	  2.07262e-05	  6	  9.49773e-06
60	  0.331153	  0.316228	  0.000512389	  1.71199e-05	  12	  5.79808e-06
61	  0.377572	  0.5547	  0.000392702	  2.34726e-05	  12	  7.94958e-06
62	  0.444288	  0.707107	  0.000282116	  1.27208e-05	  12	  4.30821e-06
63	  0.523599	  0.8	  0.000200477	  1.91241e-05	  12	  6.47686e-06
64	  0.610616	  0.857493	  0.00014445	  7.55382e-06	  12	  2.55829e-06
65	  0.702481	  0.894427	  0.000106629	  9.01508e-06	  12	  3.05318e-06
66	  0.797522	  0.919145	  8.0644e-05	  8.21147e-06	  12	  2.78102e-06
67	  0.894726	  0.936329	  6.23818e-05	  3.898e-06	  12	  1.32015e-06
68	  0.993459	  0.948683	  4.92701e-05	  5.15377e-06	  12	  1.74545e-06
69	  0.331153	  0	  0.000512389	  1.2947e-05	  12	  4.38483e-06
70	  0.347316	  0.301511	  0.000461525	  1.21891e-05	  24	  3.09755e-06
71	  0.391825	  0.534522	  0.000365623	  1.25616e-05	  24	  3.1922e-06
72	  0.456463	  0.688247	  0.00026716	  2.26545e-05	  24	  5.75706e-06
73	  0.533968	  0.784465	  0.000192286	  1.18373e-05	  24	  3.00816e-06
74	  0.61953	  0.845154	  0.000140033	  9.03382e-06	  24	  2.29571e-06
75	  0.710244	  0.884652	  0.000104113	  1.33183e-05	  24	  3.38451e-06
76	  0.804368	  0.911322	  7.91357e-05	  7.72111e-06	  24	  1.96212e-06
77	  0.900833	  0.929981	  6.14503e-05	  5.77508e-06	  24	  1.46759e-06
78	  0.998963	  0.943456	  4.86634e-05	  3.90792e-06	  24	  9.93096e-07
79	  0.377572	  0	  0.000392702	  1.09212e-05	  12	  3.69875e-06
80	  0.391825	  0.267261	  0.000365623	  8.23113e-06	  24	  2.09173e-06
81	  0.431771	  0.485071	  0.000298428	  1.45449e-05	  24	  3.69621e-06
82	  0.491179	  0.639602	  0.000228743	  1.00343e-05	  24	  2.54996e-06
83	  0.563933	  0.742781	  0.000171157	  1.33906e-05	  24	  3.40287e-06
84	  0.645536	  0.811107	  0.000128147	  1.09612e-05	  24	  2.7855e-06
85	  0.733038	  0.857143	  9.71158e-05	  9.51842e-06	  24	  2.41886e-06
86	  0.824564	  0.889001	  7.48811e-05	  4.36377e-06	  24	  1.10894e-06
87	  0.918912	  0.911685	  5.87657e-05	  6.24309e-06	  24	  1.58652e-06
88	  0.418879	  0	  0.000317111	  2.55236e-06	  6	  1.16961e-06
89	  0.431771	  0.242536	  0.000298428	  6.2002e-06	  12	  2.09985e-06
90	  0.468321	  0.447214	  0.000253118	  1.10084e-05	  12	  3.72826e-06
91	  0.523599	  0.6	  0.000200477	  1.04107e-05	  12	  3.52584e-06
92	  0.592384	  0.707107	  0.000154211	  4.68526e-06	  12	  1.58678e-06
93	  0.670534	  0.780869	  0.000118025	  1.07358e-05	  12	  3.63595e-06
94	  0.755145	  0.83205	  9.10016e-05	  6.36008e-06	  12	  2.154e-06
95	  0.844278	  0.868243	  7.10317e-05	  6.1106e-06	  12	  2.06951e-06
96	  0.936642	  0.894427	  5.6289e-05	  3.33918e-06	  12	  1.1309e-06
97	  0.431771	  0	  0.000298428	  6.03684e-06	  12	  2.04453e-06
98	  0.444288	  0.235702	  0.000282116	  3.67498e-06	  24	  9.339e-07
99	  0.479886	  0.436436	  0.000240238	  1.2668e-05	  24	  3.21926e-06
100	  0.533968	  0.588348	  0.000192286	  6.81302e-06	  24	  1.73135e-06
101	  0.601569	  0.696311	  0.000149161	  6.21389e-06	  24	  1.5791e-06
102	  0.678662	  0.771517	  0.000114957	  5.82053e-06	  24	  1.47914e-06
103	  0.762371	  0.824163	  8.90872e-05	  8.8316e-06	  24	  2.24432e-06
104	  0.850747	  0.86164	  6.98511e-05	  7.34227e-06	  24	  1.86585e-06
105	  0.942478	  0.888889	  5.55114e-05	  6.09375e-06	  24	  1.54857e-06
106	  0.444288	  0	  0.000282116	  5.53976e-06	  6	  2.53859e-06
107	  0.456463	  0.229416	  0.00026716	  9.76737e-06	  12	  3.30797e-06
108	  0.491179	  0.426401	  0.000228743	  8.35071e-06	  12	  2.82818e-06
109	  0.54414	  0.57735	  0.000184652	  3.09616e-06	  12	  1.04859e-06
110	  0.610616	  0.685994	  0.00014445	  1.08124e-05	  12	  3.66189e-06
111	  0.686693	  0.762493	  0.00011206	  6.8293e-06	  12	  2.31291e-06
112	  0.76953	  0.816497	  8.72914e-05	  6.03693e-06	  12	  2.04456e-06
113	  0.857168	  0.855186	  6.86794e-05	  3.49997e-06	  12	  1.18535e-06
114	  0.948278	  0.883452	  5.47385e-05	  2.78782e-06	  12	  9.44166e-07
115	  0.468321	  0	  0.000253118	  6.94842e-06	  12	  2.35326e-06
116	  0.479886	  0.218218	  0.000240238	  9.64869e-06	  24	  2.45196e-06
117	  0.51302	  0.408248	  0.000209203	  9.90383e-06	  24	  2.5168e-06
118	  0.563933	  0.557086	  0.000171157	  9.11841e-06	  24	  2.31721e-06
119	  0.628319	  0.666667	  0.000135839	  6.81278e-06	  24	  1.73129e-06
120	  0.702481	  0.745356	  0.000106629	  7.91204e-06	  24	  2.01064e-06
121	  0.783651	  0.801784	  8.38484e-05	  6.59178e-06	  24	  1.67513e-06
122	  0.869868	  0.842701	  6.64672e-05	  4.36991e-06	  24	  1.1105e-06
123	  0.959772	  0.872872	  5.32783e-05	  4.20136e-06	  24	  1.06767e-06
124	  0.523599	  0	  0.000200477	  4.8734e-06	  18	  1.39234e-06
125	  0.533968	  0.196116	  0.000192286	  4.64106e-06	  36	  1.00556e-06
126	  0.563933	  0.371391	  0.000171157	  4.51685e-06	  36	  9.78652e-07
127	  0.610616	  0.514496	  0.00014445	  5.32515e-06	  36	  1.15378e-06
128	  0.670534	  0.624695	  0.000118025	  5.61954e-06	  36	  1.21757e-06
129	  0.74048	  0.707107	  9.50147e-05	  5.95503e-06	  36	  1.29026e-06
130	  0.817887	  0.768221	  7.62607e-05	  5.16876e-06	  36	  1.1199e-06
131	  0.900833	  0.813733	  6.14503e-05	  4.7036e-06	  36	  1.01911e-06
132	  0.987924	  0.847998	  4.9893e-05	  3.96109e-06	  36	  8.58237e-07
133	  0.533968	  0	  0.000192286	  4.57724e-06	  12	  1.5502e-06
134	  0.54414	  0.19245	  0.000184652	  6.65975e-06	  24	  1.6924e-06
135	  0.573574	  0.365148	  0.000165194	  4.77529e-06	  24	  1.21352e-06
136	  0.61953	  0.507093	  0.000140033	  5.92614e-06	  24	  1.50597e-06
137	  0.678662	  0.617213	  0.000114957	  5.53288e-06	  24	  1.40604e-06
138	  0.747849	  0.70014	  9.29373e-05	  5.35648e-06	  24	  1.36121e-06
139	  0.824564	  0.762001	  7.48811e-05	  2.24029e-06	  24	  5.69311e-07
140	  0.9069	  0.80829	  6.0533e-05	  4.81532e-06	  24	  1.22369e-06
141	  0.993459	  0.843274	  4.92701e-05	  3.52778e-06	  24	  8.96495e-07
142	  0.563933	  0	  0.000171157	  1.94909e-06	  12	  6.6011e-07
143	  0.573574	  0.182574	  0.000165194	  3.87047e-06	  24	  9.8358e-07
144	  0.601569	  0.348155	  0.000149161	  4.82011e-06	  24	  1.22491e-06
145	  0.645536	  0.486664	  0.000128147	  5.55558e-06	  24	  1.41181e-06
146	  0.702481	  0.596285	  0.000106629	  5.67315e-06	  24	  1.44169e-06
147	  0.76953	  0.680414	  8.72914e-05	  3.29437e-06	  24	  8.37178e-07
148	  0.844278	  0.744208	  7.10317e-05	  5.37726e-06	  24	  1.36649e-06
149	  0.92486	  0.792594	  5.79216e-05	  4.21414e-06	  24	  1.07091e-06
150	  0.592384	  0	  0.000154211	  1.30643e-06	  6	  5.98671e-07
151	  0.601569	  0.174078	  0.000149161	  2.8158e-06	  12	  9.53642e-07
152	  0.628319	  0.333333	  0.000135839	  3.90174e-06	  12	  1.32142e-06
153	  0.670534	  0.468521	  0.000118025	  3.34565e-06	  12	  1.13309e-06
154	  0.72552	  0.57735	  9.93707e-05	  6.28543e-06	  12	  2.12872e-06
155	  0.790617	  0.662266	  8.22162e-05	  4.66637e-06	  12	  1.58038e-06
156	  0.863541	  0.727607	  6.75513e-05	  3.73447e-06	  12	  1.26477e-06
157	  0.942478	  0.777778	  5.55114e-05	  3.00848e-06	  12	  1.0189e-06
158	  0.610616	  0	  0.00014445	  2.9964e-06	  12	  1.01481e-06
159	  0.61953	  0.169031	  0.000140033	  3.39744e-06	  24	  8.63371e-07
160	  0.645536	  0.324443	  0.000128147	  4.12188e-06	  24	  1.04747e-06
161	  0.686693	  0.457496	  0.00011206	  4.38536e-06	  24	  1.11443e-06
162	  0.74048	  0.565685	  9.50147e-05	  3.91364e-06	  24	  9.9455e-07
163	  0.804368	  0.650945	  7.91357e-05	  5.11216e-06	  24	  1.29912e-06
164	  0.876148	  0.717137	  6.5391e-05	  4.54208e-06	  24	  1.15425e-06
165	  0.954042	  0.76835	  5.39956e-05	  3.62202e-06	  24	  9.20442e-07
166	  0.628319	  0	  0.000135839	  9.53299e-06	  6	  4.36848e-06
167	  0.636985	  0.164399	  0.000131856	  4.89144e-06	  12	  1.65661e-06
168	  0.662306	  0.316228	  0.000121199	  3.12328e-06	  12	  1.05778e-06
169	  0.702481	  0.447214	  0.000106629	  1.81384e-06	  12	  6.14303e-07
170	  0.755145	  0.5547	  9.10016e-05	  2.51145e-06	  12	  8.50566e-07
171	  0.817887	  0.640184	  7.62607e-05	  2.98515e-06	  12	  1.011e-06
172	  0.888577	  0.707107	  6.33722e-05	  3.13891e-06	  12	  1.06307e-06
173	  0.965468	  0.759257	  5.25652e-05	  3.81396e-06	  12	  1.29169e-06
174	  0.636985	  0	  0.000131856	  4.82264e-06	  12	  1.63331e-06
175	  0.645536	  0.162221	  0.000128147	  2.54684e-06	  24	  6.47214e-07
176	  0.670534	  0.312348	  0.000118025	  2.82923e-06	  24	  7.18976e-07
177	  0.710244	  0.442326	  0.000104113	  3.8282e-06	  24	  9.72838e-07
178	  0.762371	  0.549442	  8.90872e-05	  4.94789e-06	  24	  1.25738e-06
179	  0.824564	  0.635001	  7.48811e-05	  2.45501e-06	  24	  6.23877e-07
180	  0.894726	  0.702247	  6.23818e-05	  2.55692e-06	  24	  6.49776e-07
181	  0.971131	  0.754829	  5.18642e-05	  3.29587e-06	  24	  8.3756e-07
182	  0.662306	  0	  0.000121199	  2.81094e-06	  12	  9.51995e-07
183	  0.670534	  0.156174	  0.000118025	  2.65787e-06	  24	  6.75429e-07
184	  0.694632	  0.301511	  0.000109288	  2.75118e-06	  24	  6.9914e-07
185	  0.733038	  0.428571	  9.71158e-05	  3.99432e-06	  24	  1.01505e-06
186	  0.783651	  0.534522	  8.38484e-05	  3.04866e-06	  24	  7.74738e-07
187	  0.844278	  0.620174	  7.10317e-05	  3.07562e-06	  24	  7.81589e-07
188	  0.912926	  0.688247	  5.96217e-05	  2.37955e-06	  24	  6.04701e-07
189	  0.987924	  0.741999	  4.9893e-05	  2.73509e-06	  24	  6.95052e-07
190	  0.670534	  0	  0.000118025	  3.24781e-06	  12	  1.09995e-06
191	  0.678662	  0.154303	  0.000114957	  2.33712e-06	  24	  5.93918e-07
192	  0.702481	  0.298142	  0.000106629	  3.64237e-06	  24	  9.25613e-07
193	  0.74048	  0.424264	  9.50147e-05	  2.95695e-06	  24	  7.51432e-07
194	  0.790617	  0.529813	  8.22162e-05	  3.11436e-06	  24	  7.91434e-07
195	  0.850747	  0.615457	  6.98511e-05	  2.26884e-06	  24	  5.76568e-07
196	  0.918912	  0.683763	  5.87657e-05	  3.50838e-06	  24	  8.91564e-07
197	  0.993459	  0.737865	  4.92701e-05	  2.93645e-06	  24	  7.46222e-07
198	  0.702481	  0	  0.000106629	  1.50614e-06	  12	  5.10093e-07
199	  0.710244	  0.147442	  0.000104113	  2.93019e-06	  24	  7.44631e-07
200	  0.733038	  0.285714	  9.71158e-05	  3.72502e-06	  24	  9.46618e-07
201	  0.76953	  0.408248	  8.72914e-05	  3.08199e-06	  24	  7.83209e-07
202	  0.817887	  0.512148	  7.62607e-05	  4.36241e-06	  24	  1.10859e-06
203	  0.876148	  0.597614	  6.5391e-05	  3.5192e-06	  24	  8.94313e-07
204	  0.942478	  0.666667	  5.55114e-05	  3.0127e-06	  24	  7.656e-07
205	  0.733038	  0	  9.71158e-05	  2.19465e-06	  6	  1.0057e-06
206	  0.74048	  0.141421	  9.50147e-05	  2.2869e-06	  12	  7.74518e-07
207	  0.762371	  0.274721	  8.90872e-05	  2.06274e-06	  12	  6.98598e-07
208	  0.797522	  0.393919	  8.0644e-05	  2.75613e-06	  12	  9.33434e-07
209	  0.844278	  0.496139	  7.10317e-05	  3.30313e-06	  12	  1.11869e-06
210	  0.900833	  0.581238	  6.14503e-05	  3.47933e-06	  12	  1.17836e-06
211	  0.965468	  0.650791	  5.25652e-05	  2.82431e-06	  12	  9.56524e-07
212	  0.74048	  0	  9.50147e-05	  2.33878e-06	  18	  6.68194e-07
213	  0.747849	  0.140028	  9.29373e-05	  3.25133e-06	  36	  7.04455e-07
214	  0.76953	  0.272166	  8.72914e-05	  2.49905e-06	  36	  5.41462e-07
215	  0.804368	  0.390567	  7.91357e-05	  3.58448e-06	  36	  7.76638e-07
216	  0.850747	  0.492366	  6.98511e-05	  2.18884e-06	  36	  4.74248e-07
217	  0.9069	  0.57735	  6.0533e-05	  2.19764e-06	  36	  4.76154e-07
218	  0.971131	  0.646997	  5.18642e-05	  3.68678e-06	  36	  7.98801e-07
219	  0.755145	  0	  9.10016e-05	  1.54064e-06	  12	  5.21778e-07
220	  0.762371	  0.137361	  8.90872e-05	  3.01967e-06	  24	  7.67372e-07
221	  0.783651	  0.267261	  8.38484e-05	  2.636e-06	  24	  6.6987e-07
222	  0.817887	  0.384111	  7.62607e-05	  2.89065e-06	  24	  7.34584e-07
223	  0.863541	  0.485071	  6.75513e-05	  1.62099e-06	  24	  4.11934e-07
224	  0.918912	  0.569803	  5.87657e-05	  2.51055e-06	  24	  6.37992e-07
225	  0.982358	  0.639602	  5.05463e-05	  2.02729e-06	  24	  5.15183e-07
226	  0.762371	  0	  8.90872e-05	  1.31673e-06	  12	  4.45942e-07
227	  0.76953	  0.136083	  8.72914e-05	  3.06397e-06	  24	  7.78628e-07
228	  0.790617	  0.264906	  8.22162e-05	  2.1237e-06	  24	  5.39684e-07
229	  0.824564	  0.381	  7.48811e-05	  2.03998e-06	  24	  5.18409e-07
230	  0.869868	  0.481543	  6.64672e-05	  1.50653e-06	  24	  3.82845e-07
231	  0.92486	  0.566139	  5.79216e-05	  2.88825e-06	  24	  7.33975e-07
232	  0.987924	  0.635999	  4.9893e-05	  2.22717e-06	  24	  5.65977e-07
233	  0.797522	  0	  8.0644e-05	  2.38015e-06	  12	  8.06097e-07
234	  0.804368	  0.130189	  7.91357e-05	  2.85265e-06	  24	  7.24927e-07
235	  0.824564	  0.254	  7.48811e-05	  1.79821e-06	  24	  4.56968e-07
236	  0.857168	  0.366508	  6.86794e-05	  2.26794e-06	  24	  5.76339e-07
237	  0.900833	  0.464991	  6.14503e-05	  2.14148e-06	  24	  5.44202e-07
238	  0.954042	  0.548821	  5.39956e-05	  2.43932e-06	  24	  6.19891e-07
239	  0.817887	  0	  7.62607e-05	  1.79118e-06	  12	  6.0663e-07
240	  0.824564	  0.127	  7.48811e-05	  1.73062e-06	  24	  4.39791e-07
241	  0.844278	  0.248069	  7.10317e-05	  1.92898e-06	  24	  4.90201e-07
242	  0.876148	  0.358569	  6.5391e-05	  2.49213e-06	  24	  6.33311e-07
243	  0.918912	  0.455842	  5.87657e-05	  2.2064e-06	  24	  5.60699e-07
244	  0.971131	  0.539164	  5.18642e-05	  2.69549e-06	  24	  6.84989e-07
245	  0.837758	  0	  7.2289e-05	  2.20019e-06	  6	  1.00823e-06
246	  0.844278	  0.124035	  7.10317e-05	  2.90833e-06	  12	  9.84979e-07
247	  0.863541	  0.242536	  6.75513e-05	  9.63434e-07	  12	  3.26291e-07
248	  0.894726	  0.351123	  6.23818e-05	  1.77846e-06	  12	  6.0232e-07
249	  0.936642	  0.447214	  5.6289e-05	  1.73559e-06	  12	  5.87802e-07
250	  0.987924	  0.529999	  4.9893e-05	  2.98875e-06	  12	  1.01221e-06
251	  0.844278	  0	  7.10317e-05	  2.49913e-06	  24	  6.3509e-07
252	  0.850747	  0.123091	  6.98511e-05	  2.07346e-06	  48	  4.02952e-07
253	  0.869868	  0.240772	  6.64672e-05	  1.76798e-06	  48	  3.43585e-07
254	  0.900833	  0.348743	  6.14503e-05	  2.07287e-06	  48	  4.02837e-07
255	  0.942478	  0.444444	  5.55114e-05	  2.01874e-06	  48	  3.92317e-07
256	  0.993459	  0.527046	  4.92701e-05	  2.2159e-06	  48	  4.30632e-07
257	  0.863541	  0	  6.75513e-05	  1.07442e-06	  12	  3.63879e-07
258	  0.869868	  0.120386	  6.64672e-05	  1.7883e-06	  24	  4.54451e-07
259	  0.888577	  0.235702	  6.33722e-05	  1.77214e-06	  24	  4.50345e-07
260	  0.918912	  0.341882	  5.87657e-05	  1.95407e-06	  24	  4.96575e-07
261	  0.959772	  0.436436	  5.32783e-05	  1.90111e-06	  24	  4.83117e-07
262	  0.888577	  0	  6.33722e-05	  1.73759e-06	  6	  7.96249e-07
263	  0.894726	  0.117041	  6.23818e-05	  1.24844e-06	  12	  4.22814e-07
264	  0.912926	  0.229416	  5.96217e-05	  1.78138e-06	  12	  6.0331e-07
265	  0.942478	  0.333333	  5.55114e-05	  1.93512e-06	  12	  6.55377e-07
266	  0.982358	  0.426401	  5.05463e-05	  1.87342e-06	  12	  6.3448e-07
267	  0.894726	  0	  6.23818e-05	  1.3101e-06	  12	  4.43699e-07
268	  0.900833	  0.116248	  6.14503e-05	  1.63056e-06	  24	  4.14364e-07
269	  0.918912	  0.227921	  5.87657e-05	  1.92142e-06	  24	  4.8828e-07
270	  0.948278	  0.331295	  5.47385e-05	  1.92583e-06	  24	  4.89399e-07
271	  0.987924	  0.423999	  4.9893e-05	  1.63135e-06	  24	  4.14565e-07
272	  0.900833	  0	  6.14503e-05	  2.16924e-06	  12	  7.34668e-07
273	  0.9069	  0.11547	  6.0533e-05	  1.57846e-06	  24	  4.01125e-07
274	  0.92486	  0.226455	  5.79216e-05	  1.265e-06	  24	  3.21467e-07
275	  0.954042	  0.329293	  5.39956e-05	  1.94018e-06	  24	  4.93046e-07
276	  0.993459	  0.421637	  4.92701e-05	  1.74128e-06	  24	  4.42501e-07
277	  0.936642	  0	  5.6289e-05	  1.13941e-06	  12	  3.85888e-07
278	  0.942478	  0.111111	  5.55114e-05	  1.66383e-06	  24	  4.22819e-07
279	  0.959772	  0.218218	  5.32783e-05	  1.3808e-06	  24	  3.50894e-07
280	  0.987924	  0.317999	  4.9893e-05	  1.34355e-06	  24	  3.4143e-07
281	  0.942478	  0	  5.55114e-05	  3.02005e-06	  6	  1.38393e-06
282	  0.948278	  0.110432	  5.47385e-05	  2.03999e-06	  12	  6.90895e-07
283	  0.965468	  0.21693	  5.25652e-05	  1.73765e-06	  12	  5.88499e-07
284	  0.993459	  0.316228	  4.92701e-05	  1.85029e-06	  12	  6.26648e-07
285	  0.948278	  0	  5.47385e-05	  1.85906e-06	  12	  6.29617e-07
286	  0.954042	  0.109764	  5.39956e-05	  1.35841e-06	  24	  3.45205e-07
287	  0.971131	  0.215666	  5.18642e-05	  1.08314e-06	  24	  2.75252e-07
288	  0.998963	  0.314485	  4.86634e-05	  1.49038e-06	  24	  3.78741e-07
289	  0.965468	  0	  5.25652e-05	  1.28012e-06	  24	  3.2531e-07
290	  0.971131	  0.107833	  5.18642e-05	  1.5261e-06	  48	  2.96578e-07
291	  0.987924	  0.212	  4.9893e-05	  1.61724e-06	  48	  3.14291e-07
292	  0.987924	  0	  4.9893e-05	  1.43438e-06	  12	  4.8579e-07
293	  0.993459	  0.105409	  4.92701e-05	  1.49615e-06	  24	  3.80209e-07
294	  0.993459	  0	  4.92701e-05	  1.2306e-06	  12	  4.16775e-07
295	  0.998963	  0.104828	  4.86634e-05	  1.23276e-06	  24	  3.13274e-07
296	  1.08818	  0.030936	  4.0048e-05	  1.17656e-06	  138	  1.58983e-07
297	  1.08818	  0.0938307	  4.0048e-05	  1.07998e-06	  252	  1.22031e-07
298	  1.08818	  0.156319	  4.0048e-05	  9.70991e-07	  72	  1.62982e-07
299	  1.08818	  0.218712	  4.0048e-05	  1.09616e-06	  216	  1.29392e-07
300	  1.08818	  0.281224	  4.0048e-05	  1.29547e-06	  288	  1.4111e-07
301	  1.08818	  0.343807	  4.0048e-05	  1.22147e-06	  120	  1.72577e-07
302	  1.08818	  0.406302	  4.0048e-05	  1.70515e-06	  180	  2.12351e-07
303	  1.08818	  0.468745	  4.0048e-05	  1.64209e-06	  180	  2.04498e-07
304	  1.08818	  0.531226	  4.0048e-05	  1.8365e-06	  192	  2.24363e-07
305	  1.08818	  0.593785	  4.0048e-05	  2.38412e-06	  192	  2.91265e-07
306	  1.08818	  0.656281	  4.0048e-05	  1.99727e-06	  168	  2.53956e-07
307	  1.08818	  0.718743	  4.0048e-05	  2.52052e-06	  228	  2.92951e-07
308	  1.08818	  0.781255	  4.0048e-05	  3.40365e-06	  144	  4.5382e-07
309	  1.08818	  0.843774	  4.0048e-05	  2.93466e-06	  240	  3.36165e-07
310	  1.08818	  0.90628	  4.0048e-05	  3.91254e-06	  168	  4.97486e-07
311	  1.08818	  0.968758	  4.0048e-05	  3.85534e-06	  150	  5.07554e-07
312	  1.25577	  0.030936	  2.88042e-05	  9.0043e-07	  198	  1.09012e-07
313	  1.25577	  0.0938307	  2.88042e-05	  9.2155e-07	  396	  9.23872e-08
314	  1.25577	  0.156319	  2.88042e-05	  8.85448e-07	  396	  8.87678e-08
315	  1.25577	  0.218712	  2.88042e-05	  8.39137e-07	  204	  1.00708e-07
316	  1.25577	  0.281224	  2.88042e-05	  9.92142e-07	  216	  1.17114e-07
317	  1.25577	  0.343807	  2.88042e-05	  9.88782e-07	  372	  1.00705e-07
318	  1.25577	  0.406302	  2.88042e-05	  1.11569e-06	  312	  1.18948e-07
319	  1.25577	  0.468745	  2.88042e-05	  1.11997e-06	  288	  1.21994e-07
320	  1.25577	  0.531226	  2.88042e-05	  1.48173e-06	  264	  1.65281e-07
321	  1.25577	  0.593785	  2.88042e-05	  1.37075e-06	  312	  1.46141e-07
322	  1.25577	  0.656281	  2.88042e-05	  1.52914e-06	  276	  1.68501e-07
323	  1.25577	  0.718743	  2.88042e-05	  1.70921e-06	  312	  1.82226e-07
324	  1.25577	  0.781255	  2.88042e-05	  1.96891e-06	  276	  2.1696e-07
325	  1.25577	  0.843774	  2.88042e-05	  2.0921e-06	  240	  2.39649e-07
326	  1.25577	  0.90628	  2.88042e-05	  2.39104e-06	  324	  2.52388e-07
327	  1.25577	  0.968758	  2.88042e-05	  2.71452e-06	  315	  2.88672e-07
328	  1.45182	  0.030936	  2.05474e-05	  6.24807e-07	  246	  7.10766e-08
329	  1.45182	  0.0938307	  2.05474e-05	  5.74347e-07	  516	  5.40016e-08
330	  1.45182	  0.156319	  2.05474e-05	  6.37881e-07	  504	  6.03075e-08
331	  1.45182	  0.218712	  2.05474e-05	  6.05158e-07	  528	  5.65941e-08
332	  1.45182	  0.281224	  2.05474e-05	  6.43786e-07	  504	  6.08658e-08
333	  1.45182	  0.343807	  2.05474e-05	  7.41003e-07	  384	  7.48643e-08
334	  1.45182	  0.406302	  2.05474e-05	  8.89064e-07	  420	  8.78351e-08
335	  1.45182	  0.468745	  2.05474e-05	  7.79622e-07	  468	  7.50192e-08
336	  1.45182	  0.531226	  2.05474e-05	  8.75401e-07	  480	  8.37264e-08
337	  1.45182	  0.593785	  2.05474e-05	  9.30757e-07	  468	  8.95621e-08
338	  1.45182	  0.656281	  2.05474e-05	  1.01264e-06	  396	  1.01519e-07
339	  1.45182	  0.718743	  2.05474e-05	  1.11749e-06	  456	  1.08205e-07
340	  1.45182	  0.781255	  2.05474e-05	  1.39017e-06	  432	  1.36393e-07
341	  1.45182	  0.843774	  2.05474e-05	  1.41695e-06	  480	  1.35522e-07
342	  1.45182	  0.90628	  2.05474e-05	  1.71551e-06	  480	  1.64077e-07
343	  1.45182	  0.968758	  2.05474e-05	  1.83874e-06	  414	  1.82306e-07
344	  1.68148	  0.030936	  1.45436e-05	  4.26865e-07	  798	  3.64541e-08
345	  1.68148	  0.0938307	  1.45436e-05	  4.83584e-07	  708	  4.23534e-08
346	  1.68148	  0.156319	  1.45436e-05	  4.39425e-07	  684	  3.87731e-08
347	  1.68148	  0.218712	  1.45436e-05	  4.83835e-07	  720	  4.22232e-08
348	  1.68148	  0.281224	  1.45436e-05	  4.90822e-07	  708	  4.29873e-08
349	  1.68148	  0.343807	  1.45436e-05	  5.16801e-07	  720	  4.51001e-08
350	  1.68148	  0.406302	  1.45436e-05	  5.58013e-07	  672	  4.94264e-08
351	  1.68148	  0.468745	  1.45436e-05	  6.36647e-07	  732	  5.53635e-08
352	  1.68148	  0.531226	  1.45436e-05	  6.56651e-07	  672	  5.81634e-08
353	  1.68148	  0.593785	  1.45436e-05	  6.7299e-07	  708	  5.8942e-08
354	  1.68148	  0.656281	  1.45436e-05	  7.06132e-07	  744	  6.11947e-08
355	  1.68148	  0.718743	  1.45436e-05	  8.86405e-07	  744	  7.68174e-08
356	  1.68148	  0.781255	  1.45436e-05	  9.49945e-07	  696	  8.35048e-08
357	  1.68148	  0.843774	  1.45436e-05	  1.00337e-06	  708	  8.78772e-08
358	  1.68148	  0.90628	  1.45436e-05	  1.11767e-06	  696	  9.82487e-08
359	  1.68148	  0.968758	  1.45436e-05	  1.21281e-06	  741	  1.05194e-07
360	  1.94819	  0.030936	  1.02432e-05	  3.16622e-07	  1368	  2.43915e-08
361	  1.94819	  0.0938307	  1.02432e-05	  3.15044e-07	  924	  2.61164e-08
362	  1.94819	  0.156319	  1.02432e-05	  3.36693e-07	  972	  2.76341e-08
363	  1.94819	  0.218712	  1.02432e-05	  3.56041e-07	  972	  2.92221e-08
364	  1.94819	  0.281224	  1.02432e-05	  3.27571e-07	  1200	  2.58347e-08
365	  1.94819	  0.343807	  1.02432e-05	  3.50214e-07	  1140	  2.78831e-08
366	  1.94819	  0.406302	  1.02432e-05	  3.84246e-07	  1080	  3.09045e-08
367	  1.94819	  0.468745	  1.02432e-05	  4.30112e-07	  1068	  3.46668e-08
368	  1.94819	  0.531226	  1.02432e-05	  4.1105e-07	  1164	  3.26006e-08
369	  1.94819	  0.593785	  1.02432e-05	  4.95031e-07	  1188	  3.91139e-08
370	  1.94819	  0.656281	  1.02432e-05	  5.01124e-07	  1068	  4.03904e-08
371	  1.94819	  0.718743	  1.02432e-05	  5.30728e-07	  1008	  4.32528e-08
372	  1.94819	  0.781255	  1.02432e-05	  6.03524e-07	  1164	  4.78658e-08
373	  1.94819	  0.843774	  1.02432e-05	  6.39513e-07	  1176	  5.06242e-08
374	  1.94819	  0.90628	  1.02432e-05	  6.93528e-07	  1080	  5.57798e-08
375	  1.94819	  0.968758	  1.02432e-05	  7.38917e-07	  1038	  5.98808e-08
376	  2.25604	  0.030936	  7.19976e-06	  2.33475e-07	  1896	  1.70357e-08
377	  2.25604	  0.0938307	  7.19976e-06	  2.36381e-07	  1272	  1.84469e-08
378	  2.25604	  0.156319	  7.19976e-06	  2.3047e-07	  2040	  1.66262e-08
379	  2.25604	  0.218712	  7.19976e-06	  2.45617e-07	  1740	  1.8169e-08
380	  2.25604	  0.281224	  7.19976e-06	  2.49363e-07	  1584	  1.87336e-08
381	  2.25604	  0.343807	  7.19976e-06	  2.55753e-07	  1764	  1.8877e-08
382	  2.25604	  0.406302	  7.19976e-06	  2.6723e-07	  1632	  1.99764e-08
383	  2.25604	  0.468745	  7.19976e-06	  2.86439e-07	  1860	  2.09636e-08
384	  2.25604	  0.531226	  7.19976e-06	  3.07483e-07	  1560	  2.31592e-08
385	  2.25604	  0.593785	  7.19976e-06	  3.20897e-07	  1692	  2.38461e-08
386	  2.25604	  0.656281	  7.19976e-06	  3.54381e-07	  1704	  2.63039e-08
387	  2.25604	  0.718743	  7.19976e-06	  3.69945e-07	  1824	  2.71593e-08
388	  2.25604	  0.781255	  7.19976e-06	  3.94892e-07	  1668	  2.94136e-08
389	  2.25604	  0.843774	  7.19976e-06	  4.21379e-07	  1680	  3.13495e-08
390	  2.25604	  0.90628	  7.19976e-06	  4.55151e-07	  1776	  3.35578e-08
391	  2.25604	  0.968758	  7.19976e-06	  4.711e-07	  1656	  3.51317e-08
392	  2.61216	  0.030936	  5.04692e-06	  1.74411e-07	  2586	  1.21503e-08
393	  2.61216	  0.0938307	  5.04692e-06	  1.68302e-07	  3036	  1.14696e-08
394	  2.61216	  0.156319	  5.04692e-06	  1.78737e-07	  2124	  1.28151e-08
395	  2.61216	  0.218712	  5.04692e-06	  1.71041e-07	  2940	  1.17065e-08
396	  2.61216	  0.281224	  5.04692e-06	  1.78233e-07	  2616	  1.23963e-08
397	  2.61216	  0.343807	  5.04692e-06	  1.86402e-07	  2448	  1.30876e-08
398	  2.61216	  0.406302	  5.04692e-06	  1.95027e-07	  2916	  1.3363e-08
399	  2.61216	  0.468745	  5.04692e-06	  2.00272e-07	  2544	  1.39843e-08
400	  2.61216	  0.531226	  5.04692e-06	  2.10566e-07	  2652	  1.46172e-08
401	  2.61216	  0.593785	  5.04692e-06	  2.184e-07	  2748	  1.50863e-08
402	  2.61216	  0.656281	  5.04692e-06	  2.39381e-07	  2676	  1.65965e-08
403	  2.61216	  0.718743	  5.04692e-06	  2.36226e-07	  2472	  1.65625e-08
404	  2.61216	  0.781255	  5.04692e-06	  2.54413e-07	  2616	  1.76948e-08
405	  2.61216	  0.843774	  5.04692e-06	  2.61526e-07	  2736	  1.80761e-08
406	  2.61216	  0.90628	  5.04692e-06	  2.75822e-07	  2568	  1.9234e-08
407	  2.61216	  0.968758	  5.04692e-06	  2.7938e-07	  2745	  1.93014e-08
408	  3.02645	  0.030936	  3.52029e-06	  1.29064e-07	  3414	  8.66212e-09
409	  3.02645	  0.0938307	  3.52029e-06	  1.2452e-07	  4512	  8.07979e-09
410	  3.02645	  0.156319	  3.52029e-06	  1.23082e-07	  4632	  7.96254e-09
411	  3.02645	  0.218712	  3.52029e-06	  1.20482e-07	  3972	  7.93578e-09
412	  3.02645	  0.281224	  3.52029e-06	  1.25786e-07	  4176	  8.23581e-09
413	  3.02645	  0.343807	  3.52029e-06	  1.32427e-07	  4344	  8.63056e-09
414	  3.02645	  0.406302	  3.52029e-06	  1.3751e-07	  4044	  9.03784e-09
415	  3.02645	  0.468745	  3.52029e-06	  1.40592e-07	  4092	  9.22745e-09
416	  3.02645	  0.531226	  3.52029e-06	  1.51275e-07	  4296	  9.87176e-09
417	  3.02645	  0.593785	  3.52029e-06	  1.52242e-07	  3996	  1.00204e-08
418	  3.02645	  0.656281	  3.52029e-06	  1.56352e-07	  4188	  1.02336e-08
419	  3.02645	  0.718743	  3.52029e-06	  1.6761e-07	  4212	  1.09631e-08
420	  3.02645	  0.781255	  3.52029e-06	  1.62385e-07	  4140	  1.0643e-08
421	  3.02645	  0.843774	  3.52029e-06	  1.65478e-07	  4128	  1.08494e-08
422	  3.02645	  0.90628	  3.52029e-06	  1.70147e-07	  4188	  1.11365e-08
423	  3.02645	  0.968758	  3.52029e-06	  1.66126e-07	  4128	  1.0892e-08
424	  3.50419	  0.030936	  2.45325e-06	  9.04447e-08	  7002	  5.6031e-09
425	  3.50419	  0.0938307	  2.45325e-06	  9.0813e-08	  6240	  5.69027e-09
426	  3.50419	  0.156319	  2.45325e-06	  8.67615e-08	  5964	  5.46153e-09
427	  3.50419	  0.218712	  2.45325e-06	  8.97788e-08	  6180	  5.63098e-09
428	  3.50419	  0.281224	  2.45325e-06	  9.05487e-08	  6420	  5.65753e-09
429	  3.50419	  0.343807	  2.45325e-06	  9.26465e-08	  6516	  5.78005e-09
430	  3.50419	  0.406302	  2.45325e-06	  9.56323e-08	  6312	  5.98532e-09
431	  3.50419	  0.468745	  2.45325e-06	  1.00687e-07	  6276	  6.30532e-09
432	  3.50419	  0.531226	  2.45325e-06	  9.93641e-08	  6360	  6.21416e-09
433	  3.50419	  0.593785	  2.45325e-06	  1.00598e-07	  6408	  6.28658e-09
434	  3.50419	  0.656281	  2.45325e-06	  1.07766e-07	  6360	  6.73958e-09
435	  3.50419	  0.718743	  2.45325e-06	  1.04502e-07	  6336	  6.53793e-09
436	  3.50419	  0.781255	  2.45325e-06	  1.01103e-07	  6372	  6.32173e-09
437	  3.50419	  0.843774	  2.45325e-06	  1.06361e-07	  6456	  6.64176e-09
438	  3.50419	  0.90628	  2.45325e-06	  1.00901e-07	  6360	  6.3103e-09
439	  3.50419	  0.968758	  2.45325e-06	  9.59749e-08	  6327	  6.00534e-09
440	  4.05763	  0.030936	  1.70477e-06	  6.51743e-08	  10392	  3.89805e-09
441	  4.05763	  0.0938307	  1.70477e-06	  6.26649e-08	  9420	  3.7789e-09
442	  4.05763	  0.156319	  1.70477e-06	  6.40238e-08	  10176	  3.83587e-09
443	  4.05763	  0.218712	  1.70477e-06	  6.38217e-08	  10260	  3.82117e-09
444	  4.05763	  0.281224	  1.70477e-06	  6.14386e-08	  9528	  3.70135e-09
445	  4.05763	  0.343807	  1.70477e-06	  6.29848e-08	  10140	  3.77473e-09
446	  4.05763	  0.406302	  1.70477e-06	  6.62374e-08	  9960	  3.97557e-09
447	  4.05763	  0.468745	  1.70477e-06	  6.5593e-08	  10068	  3.93336e-09
448	  4.05763	  0.531226	  1.70477e-06	  6.76222e-08	  9996	  4.05747e-09
449	  4.05763	  0.593785	  1.70477e-06	  6.51215e-08	  9828	  3.91296e-09
450	  4.05763	  0.656281	  1.70477e-06	  6.4659e-08	  10032	  3.87851e-09
451	  4.05763	  0.718743	  1.70477e-06	  6.39653e-08	  9924	  3.84036e-09
452	  4.05763	  0.781255	  1.70477e-06	  6.1367e-08	  10116	  3.67849e-09
453	  4.05763	  0.843774	  1.70477e-06	  6.04683e-08	  9888	  3.63151e-09
454	  4.05763	  0.90628	  1.70477e-06	  5.83737e-08	  10008	  3.50219e-09
455	  4.05763	  0.968758	  1.70477e-06	  5.31058e-08	  9978	  3.18693e-09
456	  4.69917	  0.030936	  1.18077e-06	  4.6167e-08	  13626	  2.70385e-09
457	  4.69917	  0.0938307	  1.18077e-06	  4.59458e-08	  16392	  2.65615e-09
458	  4.69917	  0.156319	  1.18077e-06	  4.48589e-08	  15708	  2.60086e-09
459	  4.69917	  0.218712	  1.18077e-06	  4.39096e-08	  15432	  2.54895e-09
460	  4.69917	  0.281224	  1.18077e-06	  4.30754e-08	  15780	  2.49668e-09
461	  4.69917	  0.343807	  1.18077e-06	  4.34886e-08	  15300	  2.52601e-09
462	  4.69917	  0.406302	  1.18077e-06	  4.25375e-08	  15588	  2.46758e-09
463	  4.69917	  0.468745	  1.18077e-06	  4.30846e-08	  15396	  2.50146e-09
464	  4.69917	  0.531226	  1.18077e-06	  4.25762e-08	  15504	  2.47075e-09
465	  4.69917	  0.593785	  1.18077e-06	  4.11498e-08	  15660	  2.38632e-09
466	  4.69917	  0.656281	  1.18077e-06	  3.93905e-08	  15192	  2.28911e-09
467	  4.69917	  0.718743	  1.18077e-06	  3.84547e-08	  15600	  2.23062e-09
468	  4.69917	  0.781255	  1.18077e-06	  3.67324e-08	  15216	  2.13441e-09
469	  4.69917	  0.843774	  1.18077e-06	  3.43328e-08	  15516	  1.99226e-09
470	  4.69917	  0.90628	  1.18077e-06	  3.15459e-08	  15540	  1.83035e-09
471	  4.69917	  0.968758	  1.18077e-06	  2.90331e-08	  15405	  1.68557e-09
472	  5.4432	  0.030936	  8.15755e-07	  3.28446e-08	  26250	  1.84495e-09
473	  5.4432	  0.0938307	  8.15755e-07	  3.20439e-08	  22392	  1.81633e-09
474	  5.4432	  0.156319	  8.15755e-07	  3.1265e-08	  24516	  1.76293e-09
475	  5.4432	  0.218712	  8.15755e-07	  3.01149e-08	  23592	  1.70181e-09
476	  5.4432	  0.281224	  8.15755e-07	  2.9673e-08	  24264	  1.67414e-09
477	  5.4432	  0.343807	  8.15755e-07	  2.90739e-08	  23928	  1.64165e-09
478	  5.4432	  0.406302	  8.15755e-07	  2.79698e-08	  24120	  1.57858e-09
479	  5.4432	  0.468745	  8.15755e-07	  2.68073e-08	  23964	  1.51353e-09
480	  5.4432	  0.531226	  8.15755e-07	  2.6175e-08	  24060	  1.4775e-09
481	  5.4432	  0.593785	  8.15755e-07	  2.48393e-08	  24108	  1.40194e-09
482	  5.4432	  0.656281	  8.15755e-07	  2.33283e-08	  24228	  1.31629e-09
483	  5.4432	  0.718743	  8.15755e-07	  2.19862e-08	  24144	  1.24081e-09
484	  5.4432	  0.781255	  8.15755e-07	  2.00821e-08	  23940	  1.1339e-09
485	  5.4432	  0.843774	  8.15755e-07	  1.80466e-08	  24192	  1.01836e-09
486	  5.4432	  0.90628	  8.15755e-07	  1.66103e-08	  23988	  9.37763e-10
487	  5.4432	  0.968758	  8.15755e-07	  1.46564e-08	  24141	  8.27151e-10
488	  6.30378	  0.030936	  5.62645e-07	  2.29791e-08	  35082	  1.27164e-09
489	  6.30378	  0.0938307	  5.62645e-07	  2.20901e-08	  39108	  1.21621e-09
490	  6.30378	  0.156319	  5.62645e-07	  2.1319e-08	  36924	  1.1769e-09
491	  6.30378	  0.218712	  5.62645e-07	  2.04836e-08	  37692	  1.12969e-09
492	  6.30378	  0.281224	  5.62645e-07	  1.9227e-08	  37092	  1.06118e-09
493	  6.30378	  0.343807	  5.62645e-07	  1.8797e-08	  37536	  1.03687e-09
494	  6.30378	  0.406302	  5.62645e-07	  1.76719e-08	  36984	  9.75489e-10
495	  6.30378	  0.468745	  5.62645e-07	  1.66272e-08	  37428	  9.17303e-10
496	  6.30378	  0.531226	  5.62645e-07	  1.53771e-08	  37392	  8.48376e-10
497	  6.30378	  0.593785	  5.62645e-07	  1.41938e-08	  37200	  7.8328e-10
498	  6.30378	  0.656281	  5.62645e-07	  1.29521e-08	  36924	  7.1501e-10
499	  6.30378	  0.718743	  5.62645e-07	  1.17322e-08	  37272	  6.47379e-10
500	  6.30378	  0.781255	  5.62645e-07	  1.02877e-08	  37284	  5.67665e-10
501	  6.30378	  0.843774	  5.62645e-07	  9.14685e-09	  37188	  5.04774e-10
502	  6.30378	  0.90628	  5.62645e-07	  7.99945e-09	  37320	  4.41381e-10
503	  6.30378	  0.968758	  5.62645e-07	  6.81367e-09	  37119	  3.76049e-10
504	  7.30029	  0.030936	  3.87106e-07	  1.56218e-08	  60258	  8.4473e-10
505	  7.30029	  0.0938307	  3.87106e-07	  1.49608e-08	  56916	  8.10752e-10
506	  7.30029	  0.156319	  3.87106e-07	  1.42093e-08	  56820	  7.70075e-10
507	  7.30029	  0.218712	  3.87106e-07	  1.33825e-08	  58716	  7.24354e-10
508	  7.30029	  0.281224	  3.87106e-07	  1.24459e-08	  57840	  6.74045e-10
509	  7.30029	  0.343807	  3.87106e-07	  1.14555e-08	  57612	  6.205e-10
510	  7.30029	  0.406302	  3.87106e-07	  1.06105e-08	  58464	  5.7441e-10
511	  7.30029	  0.468745	  3.87106e-07	  9.62284e-09	  57948	  5.21116e-10
512	  7.30029	  0.531226	  3.87106e-07	  8.69189e-09	  57708	  4.70777e-10
513	  7.30029	  0.593785	  3.87106e-07	  7.61377e-09	  58236	  4.12239e-10
514	  7.30029	  0.656281	  3.87106e-07	  6.67043e-09	  58008	  3.61217e-10
515	  7.30029	  0.718743	  3.87106e-07	  5.81233e-09	  58200	  3.14709e-10
516	  7.30029	  0.781255	  3.87106e-07	  4.91135e-09	  58128	  2.65938e-10
517	  7.30029	  0.843774	  3.87106e-07	  4.19826e-09	  57972	  2.2735e-10
518	  7.30029	  0.90628	  3.87106e-07	  3.50866e-09	  57960	  1.90007e-10
519	  7.30029	  0.968758	  3.87106e-07	  2.89933e-09	  58122	  1.56993e-10
520	  8.455	  0.030936	  2.65864e-07	  1.03318e-08	  90198	  5.50994e-10
521	  8.455	  0.0938307	  2.65864e-07	  9.8582e-09	  89292	  5.25901e-10
522	  8.455	  0.156319	  2.65864e-07	  9.24168e-09	  90804	  4.92753e-10
523	  8.455	  0.218712	  2.65864e-07	  8.36376e-09	  89628	  4.46125e-10
524	  8.455	  0.281224	  2.65864e-07	  7.6057e-09	  89844	  4.05659e-10
525	  8.455	  0.343807	  2.65864e-07	  6.80746e-09	  90636	  3.62985e-10
526	  8.455	  0.406302	  2.65864e-07	  5.99834e-09	  89628	  3.19953e-10
527	  8.455	  0.468745	  2.65864e-07	  5.18186e-09	  89772	  2.76388e-10
528	  8.455	  0.531226	  2.65864e-07	  4.49975e-09	  90324	  2.3996e-10
529	  8.455	  0.593785	  2.65864e-07	  3.77844e-09	  89784	  2.01532e-10
530	  8.455	  0.656281	  2.65864e-07	  3.14039e-09	  90216	  1.67475e-10
531	  8.455	  0.718743	  2.65864e-07	  2.63288e-09	  89796	  1.4043e-10
532	  8.455	  0.781255	  2.65864e-07	  2.16099e-09	  90120	  1.15248e-10
533	  8.455	  0.843774	  2.65864e-07	  1.76239e-09	  90132	  9.39896e-11
534	  8.455	  0.90628	  2.65864e-07	  1.43921e-09	  89916	  7.67604e-11
535	  8.455	  0.968758	  2.65864e-07	  1.12976e-09	  89964	  6.02548e-11
536	  9.79129	  0.030936	  1.82229e-07	  6.67292e-09	  139068	  3.5154e-10
537	  9.79129	  0.0938307	  1.82229e-07	  6.24231e-09	  141180	  3.28729e-10
538	  9.79129	  0.156319	  1.82229e-07	  5.71551e-09	  139380	  3.01085e-10
539	  9.79129	  0.218712	  1.82229e-07	  5.05472e-09	  138804	  2.66303e-10
540	  9.79129	  0.281224	  1.82229e-07	  4.41146e-09	  140952	  2.32323e-10
541	  9.79129	  0.343807	  1.82229e-07	  3.73734e-09	  139668	  1.96867e-10
542	  9.79129	  0.406302	  1.82229e-07	  3.13585e-09	  139464	  1.65189e-10
543	  9.79129	  0.468745	  1.82229e-07	  2.58621e-09	  139812	  1.36227e-10
544	  9.79129	  0.531226	  1.82229e-07	  2.11048e-09	  139884	  1.11167e-10
545	  9.79129	  0.593785	  1.82229e-07	  1.71011e-09	  140184	  9.00729e-11
546	  9.79129	  0.656281	  1.82229e-07	  1.37353e-09	  139404	  7.23551e-11
547	  9.79129	  0.718743	  1.82229e-07	  1.10281e-09	  139932	  5.80884e-11
548	  9.79129	  0.781255	  1.82229e-07	  8.78342e-10	  139980	  4.62647e-11
549	  9.79129	  0.843774	  1.82229e-07	  6.92222e-10	  139632	  3.64636e-11
550	  9.79129	  0.90628	  1.82229e-07	  5.39147e-10	  140088	  2.83978e-11
551	  9.79129	  0.968758	  1.82229e-07	  4.02411e-10	  139623	  2.11975e-11
