#n	   k	      mu	    PL	    Pf	     w	     err  
0	  0.10472	  1	  0.00306127	  0.000584362	  3	  0.0003666
1	  0.20944	  1	  0.0010874	  0.00016898	  3	  0.000106009
2	  0.314159	  1	  0.000509336	  0.000152005	  3	  9.53605e-05
3	  0.418879	  1	  0.00028546	  2.6992e-05	  3	  1.69334e-05
4	  0.523599	  1	  0.000180467	  9.40754e-06	  3	  5.90182e-06
5	  0.628319	  1	  0.000122281	  5.05276e-05	  3	  3.16985e-05
6	  0.733038	  1	  8.74227e-05	  2.07979e-05	  3	  1.30476e-05
7	  0.837758	  1	  6.50738e-05	  1.61241e-05	  3	  1.01154e-05
8	  0.942478	  1	  4.99708e-05	  2.66573e-06	  3	  1.67235e-06
9	  0.10472	  0	  0.00306127	  9.51235e-05	  6	  4.35902e-05
10	  0.148096	  0.707107	  0.00194673	  0.000140841	  12	  4.76992e-05
11	  0.23416	  0.894427	  0.000861366	  0.000168721	  12	  5.71416e-05
12	  0.331153	  0.948683	  0.000461248	  7.06442e-05	  12	  2.39254e-05
13	  0.431771	  0.970143	  0.000268642	  3.5907e-05	  12	  1.21608e-05
14	  0.533968	  0.980581	  0.000173094	  2.34159e-05	  12	  7.93037e-06
15	  0.636985	  0.986394	  0.000118696	  1.60632e-05	  12	  5.4402e-06
16	  0.74048	  0.989949	  8.55312e-05	  1.85021e-05	  12	  6.2662e-06
17	  0.844278	  0.992278	  6.3942e-05	  1.04271e-05	  12	  3.53139e-06
18	  0.948278	  0.993884	  4.92751e-05	  9.77268e-06	  12	  3.30976e-06
19	  0.148096	  0	  0.00194673	  5.29176e-05	  6	  2.42494e-05
20	  0.18138	  0.57735	  0.00138108	  7.64994e-05	  12	  2.59084e-05
21	  0.25651	  0.816497	  0.000758093	  8.44694e-05	  12	  2.86077e-05
22	  0.347316	  0.904534	  0.00041546	  4.75359e-05	  12	  1.60992e-05
23	  0.444288	  0.942809	  0.000253958	  2.83476e-05	  12	  9.60064e-06
24	  0.54414	  0.96225	  0.000166222	  2.90245e-05	  12	  9.82989e-06
25	  0.645536	  0.973329	  0.000115357	  1.62675e-05	  12	  5.50939e-06
26	  0.747849	  0.980196	  8.36612e-05	  1.23695e-05	  12	  4.18923e-06
27	  0.850747	  0.984732	  6.28792e-05	  1.27065e-05	  12	  4.30338e-06
28	  0.954042	  0.987878	  4.86063e-05	  8.77279e-06	  12	  2.97113e-06
29	  0.20944	  0	  0.0010874	  3.25382e-05	  6	  1.49106e-05
30	  0.23416	  0.447214	  0.000861366	  5.25416e-05	  12	  1.77945e-05
31	  0.296192	  0.707107	  0.000560902	  6.23969e-05	  12	  2.11323e-05
32	  0.377572	  0.83205	  0.000353507	  4.40899e-05	  12	  1.49321e-05
33	  0.468321	  0.894427	  0.000227855	  3.54747e-05	  12	  1.20144e-05
34	  0.563933	  0.928477	  0.000154074	  1.27141e-05	  12	  4.30595e-06
35	  0.662306	  0.948683	  0.000109103	  1.41257e-05	  12	  4.78403e-06
36	  0.762371	  0.961524	  8.01954e-05	  1.20007e-05	  12	  4.06433e-06
37	  0.863541	  0.970143	  6.0809e-05	  4.66115e-06	  12	  1.57862e-06
38	  0.965468	  0.976187	  4.73186e-05	  6.51406e-06	  12	  2.20615e-06
39	  0.23416	  0	  0.000861366	  3.28844e-05	  12	  1.11371e-05
40	  0.25651	  0.408248	  0.000758093	  3.32124e-05	  24	  8.44007e-06
41	  0.314159	  0.666667	  0.000509336	  4.56966e-05	  24	  1.16126e-05
42	  0.391825	  0.801784	  0.00032913	  3.25962e-05	  24	  8.28349e-06
43	  0.479886	  0.872872	  0.00021626	  3.97819e-05	  24	  1.01096e-05
44	  0.573574	  0.912871	  0.000148705	  1.71831e-05	  24	  4.36665e-06
45	  0.670534	  0.937043	  0.000106245	  1.19465e-05	  24	  3.03588e-06
46	  0.76953	  0.952579	  7.85788e-05	  1.16107e-05	  24	  2.95055e-06
47	  0.869868	  0.963087	  5.98331e-05	  9.77725e-06	  24	  2.48463e-06
48	  0.971131	  0.970495	  4.66877e-05	  7.32082e-06	  24	  1.8604e-06
49	  0.296192	  0	  0.000560902	  1.85693e-05	  6	  8.50934e-06
50	  0.314159	  0.333333	  0.000509336	  2.45962e-05	  12	  8.33012e-06
51	  0.36276	  0.57735	  0.000380271	  2.16405e-05	  12	  7.32911e-06
52	  0.431771	  0.727607	  0.000268642	  2.70665e-05	  12	  9.16675e-06
53	  0.51302	  0.816497	  0.000188322	  2.46992e-05	  12	  8.36499e-06
54	  0.601569	  0.870388	  0.000134274	  1.78437e-05	  12	  6.04323e-06
55	  0.694632	  0.904534	  9.83796e-05	  1.72493e-05	  12	  5.84192e-06
56	  0.790617	  0.927173	  7.40102e-05	  8.87767e-06	  12	  3.00665e-06
57	  0.888577	  0.942809	  5.7047e-05	  7.86725e-06	  12	  2.66444e-06
58	  0.987924	  0.953998	  4.49132e-05	  4.12804e-06	  12	  1.39807e-06
59	  0.314159	  0	  0.000509336	  2.31956e-05	  6	  1.06293e-05
60	  0.331153	  0.316228	  0.000461248	  2.09098e-05	  12	  7.08161e-06
61	  0.377572	  0.5547	  0.000353507	  2.81249e-05	  12	  9.5252e-06
62	  0.444288	  0.707107	  0.000253958	  1.57859e-05	  12	  5.34631e-06
63	  0.523599	  0.8	  0.000180467	  2.34395e-05	  12	  7.93839e-06
64	  0.610616	  0.857493	  0.000130032	  8.68953e-06	  12	  2.94293e-06
65	  0.702481	  0.894427	  9.59862e-05	  1.04594e-05	  12	  3.54234e-06
66	  0.797522	  0.919145	  7.25949e-05	  9.93827e-06	  12	  3.36585e-06
67	  0.894726	  0.936329	  5.61554e-05	  4.67255e-06	  12	  1.58248e-06
68	  0.993459	  0.948683	  4.43525e-05	  6.39785e-06	  12	  2.16679e-06
69	  0.331153	  0	  0.000461248	  1.51068e-05	  12	  5.11631e-06
70	  0.347316	  0.301511	  0.00041546	  1.46494e-05	  24	  3.72276e-06
71	  0.391825	  0.534522	  0.00032913	  1.50603e-05	  24	  3.8272e-06
72	  0.456463	  0.688247	  0.000240494	  2.72529e-05	  24	  6.92562e-06
73	  0.533968	  0.784465	  0.000173094	  1.40732e-05	  24	  3.57633e-06
74	  0.61953	  0.845154	  0.000126056	  1.12736e-05	  24	  2.8649e-06
75	  0.710244	  0.884652	  9.37219e-05	  1.5562e-05	  24	  3.95468e-06
76	  0.804368	  0.911322	  7.12372e-05	  1.00722e-05	  24	  2.55959e-06
77	  0.900833	  0.929981	  5.53169e-05	  6.94688e-06	  24	  1.76537e-06
78	  0.998963	  0.943456	  4.38063e-05	  4.90325e-06	  24	  1.24603e-06
79	  0.377572	  0	  0.000353507	  1.29991e-05	  12	  4.40248e-06
80	  0.391825	  0.267261	  0.00032913	  9.61481e-06	  24	  2.44336e-06
81	  0.431771	  0.485071	  0.000268642	  1.7944e-05	  24	  4.56002e-06
82	  0.491179	  0.639602	  0.000205912	  1.2025e-05	  24	  3.05584e-06
83	  0.563933	  0.742781	  0.000154074	  1.62663e-05	  24	  4.13367e-06
84	  0.645536	  0.811107	  0.000115357	  1.32568e-05	  24	  3.36888e-06
85	  0.733038	  0.857143	  8.74227e-05	  1.17358e-05	  24	  2.98234e-06
86	  0.824564	  0.889001	  6.74072e-05	  5.34896e-06	  24	  1.3593e-06
87	  0.918912	  0.911685	  5.29003e-05	  7.49776e-06	  24	  1.90536e-06
88	  0.418879	  0	  0.00028546	  3.28241e-06	  6	  1.50416e-06
89	  0.431771	  0.242536	  0.000268642	  7.21949e-06	  12	  2.44506e-06
90	  0.468321	  0.447214	  0.000227855	  1.30665e-05	  12	  4.42531e-06
91	  0.523599	  0.6	  0.000180467	  1.26262e-05	  12	  4.27618e-06
92	  0.592384	  0.707107	  0.000138819	  5.47146e-06	  12	  1.85305e-06
93	  0.670534	  0.780869	  0.000106245	  1.29787e-05	  12	  4.39557e-06
94	  0.755145	  0.83205	  8.19187e-05	  7.75175e-06	  12	  2.62532e-06
95	  0.844278	  0.868243	  6.3942e-05	  7.45637e-06	  12	  2.52529e-06
96	  0.936642	  0.894427	  5.06708e-05	  4.38412e-06	  12	  1.48479e-06
97	  0.431771	  0	  0.000268642	  7.16171e-06	  12	  2.42549e-06
98	  0.444288	  0.235702	  0.000253958	  4.25914e-06	  24	  1.08235e-06
99	  0.479886	  0.436436	  0.00021626	  1.5485e-05	  24	  3.9351e-06
100	  0.533968	  0.588348	  0.000173094	  8.50714e-06	  24	  2.16187e-06
101	  0.601569	  0.696311	  0.000134274	  7.40101e-06	  24	  1.88078e-06
102	  0.678662	  0.771517	  0.000103483	  7.15679e-06	  24	  1.81871e-06
103	  0.762371	  0.824163	  8.01954e-05	  1.10803e-05	  24	  2.81577e-06
104	  0.850747	  0.86164	  6.28792e-05	  8.94727e-06	  24	  2.27372e-06
105	  0.942478	  0.888889	  4.99708e-05	  7.50043e-06	  24	  1.90604e-06
106	  0.444288	  0	  0.000253958	  6.76762e-06	  6	  3.10125e-06
107	  0.456463	  0.229416	  0.000240494	  1.16144e-05	  12	  3.93352e-06
108	  0.491179	  0.426401	  0.000205912	  1.01264e-05	  12	  3.42956e-06
109	  0.54414	  0.57735	  0.000166222	  3.85173e-06	  12	  1.30449e-06
110	  0.610616	  0.685994	  0.000130032	  1.32876e-05	  12	  4.50017e-06
111	  0.686693	  0.762493	  0.000100876	  8.34865e-06	  12	  2.82748e-06
112	  0.76953	  0.816497	  7.85788e-05	  7.2827e-06	  12	  2.46647e-06
113	  0.857168	  0.855186	  6.18245e-05	  4.17455e-06	  12	  1.41382e-06
114	  0.948278	  0.883452	  4.92751e-05	  3.52176e-06	  12	  1.19273e-06
115	  0.468321	  0	  0.000227855	  8.23597e-06	  12	  2.78932e-06
116	  0.479886	  0.218218	  0.00021626	  1.16093e-05	  24	  2.9502e-06
117	  0.51302	  0.408248	  0.000188322	  1.19514e-05	  24	  3.03713e-06
118	  0.563933	  0.557086	  0.000154074	  1.09924e-05	  24	  2.79342e-06
119	  0.628319	  0.666667	  0.000122281	  8.35892e-06	  24	  2.1242e-06
120	  0.702481	  0.745356	  9.59862e-05	  9.73898e-06	  24	  2.47491e-06
121	  0.783651	  0.801784	  7.54794e-05	  7.92508e-06	  24	  2.01395e-06
122	  0.869868	  0.842701	  5.98331e-05	  5.25609e-06	  24	  1.3357e-06
123	  0.959772	  0.872872	  4.79605e-05	  5.11278e-06	  24	  1.29928e-06
124	  0.523599	  0	  0.000180467	  5.88672e-06	  18	  1.68185e-06
125	  0.533968	  0.196116	  0.000173094	  5.79099e-06	  36	  1.25471e-06
126	  0.563933	  0.371391	  0.000154074	  5.50124e-06	  36	  1.19194e-06
127	  0.610616	  0.514496	  0.000130032	  6.48211e-06	  36	  1.40446e-06
128	  0.670534	  0.624695	  0.000106245	  6.95568e-06	  36	  1.50706e-06
129	  0.74048	  0.707107	  8.55312e-05	  7.26164e-06	  36	  1.57336e-06
130	  0.817887	  0.768221	  6.86491e-05	  6.31319e-06	  36	  1.36786e-06
131	  0.900833	  0.813733	  5.53169e-05	  6.04635e-06	  36	  1.31004e-06
132	  0.987924	  0.847998	  4.49132e-05	  4.94249e-06	  36	  1.07087e-06
133	  0.533968	  0	  0.000173094	  5.65117e-06	  12	  1.91391e-06
134	  0.54414	  0.19245	  0.000166222	  7.77211e-06	  24	  1.97508e-06
135	  0.573574	  0.365148	  0.000148705	  5.96209e-06	  24	  1.51511e-06
136	  0.61953	  0.507093	  0.000126056	  7.19154e-06	  24	  1.82755e-06
137	  0.678662	  0.617213	  0.000103483	  6.5915e-06	  24	  1.67506e-06
138	  0.747849	  0.70014	  8.36612e-05	  6.53914e-06	  24	  1.66175e-06
139	  0.824564	  0.762001	  6.74072e-05	  2.8444e-06	  24	  7.2283e-07
140	  0.9069	  0.80829	  5.44911e-05	  5.79818e-06	  24	  1.47346e-06
141	  0.993459	  0.843274	  4.43525e-05	  4.13685e-06	  24	  1.05127e-06
142	  0.563933	  0	  0.000154074	  2.48066e-06	  12	  8.40138e-07
143	  0.573574	  0.182574	  0.000148705	  4.72569e-06	  24	  1.20091e-06
144	  0.601569	  0.348155	  0.000134274	  5.77373e-06	  24	  1.46724e-06
145	  0.645536	  0.486664	  0.000115357	  6.61838e-06	  24	  1.68189e-06
146	  0.702481	  0.596285	  9.59862e-05	  6.71432e-06	  24	  1.70627e-06
147	  0.76953	  0.680414	  7.85788e-05	  3.99325e-06	  24	  1.01478e-06
148	  0.844278	  0.744208	  6.3942e-05	  6.68486e-06	  24	  1.69879e-06
149	  0.92486	  0.792594	  5.21404e-05	  5.13246e-06	  24	  1.30428e-06
150	  0.592384	  0	  0.000138819	  1.60771e-06	  6	  7.36732e-07
151	  0.601569	  0.174078	  0.000134274	  3.43421e-06	  12	  1.16308e-06
152	  0.628319	  0.333333	  0.000122281	  4.76521e-06	  12	  1.61386e-06
153	  0.670534	  0.468521	  0.000106245	  4.06553e-06	  12	  1.3769e-06
154	  0.72552	  0.57735	  8.94525e-05	  7.34988e-06	  12	  2.48922e-06
155	  0.790617	  0.662266	  7.40102e-05	  5.68686e-06	  12	  1.926e-06
156	  0.863541	  0.727607	  6.0809e-05	  4.40453e-06	  12	  1.49171e-06
157	  0.942478	  0.777778	  4.99708e-05	  3.8213e-06	  12	  1.29418e-06
158	  0.610616	  0	  0.000130032	  3.85867e-06	  12	  1.30684e-06
159	  0.61953	  0.169031	  0.000126056	  4.03282e-06	  24	  1.02484e-06
160	  0.645536	  0.324443	  0.000115357	  5.0269e-06	  24	  1.27746e-06
161	  0.686693	  0.457496	  0.000100876	  5.19364e-06	  24	  1.31983e-06
162	  0.74048	  0.565685	  8.55312e-05	  4.90638e-06	  24	  1.24683e-06
163	  0.804368	  0.650945	  7.12372e-05	  6.26177e-06	  24	  1.59127e-06
164	  0.876148	  0.717137	  5.88643e-05	  5.74706e-06	  24	  1.46047e-06
165	  0.954042	  0.76835	  4.86063e-05	  4.52926e-06	  24	  1.15099e-06
166	  0.628319	  0	  0.000122281	  1.059e-05	  6	  4.85286e-06
167	  0.636985	  0.164399	  0.000118696	  5.91249e-06	  12	  2.00241e-06
168	  0.662306	  0.316228	  0.000109103	  3.79816e-06	  12	  1.28634e-06
169	  0.702481	  0.447214	  9.59862e-05	  2.22994e-06	  12	  7.55224e-07
170	  0.755145	  0.5547	  8.19187e-05	  3.0893e-06	  12	  1.04627e-06
171	  0.817887	  0.640184	  6.86491e-05	  3.73921e-06	  12	  1.26638e-06
172	  0.888577	  0.707107	  5.7047e-05	  3.67049e-06	  12	  1.2431e-06
173	  0.965468	  0.759257	  4.73186e-05	  4.68692e-06	  12	  1.58734e-06
174	  0.636985	  0	  0.000118696	  5.87857e-06	  12	  1.99093e-06
175	  0.645536	  0.162221	  0.000115357	  3.11665e-06	  24	  7.92016e-07
176	  0.670534	  0.312348	  0.000106245	  3.33812e-06	  24	  8.48296e-07
177	  0.710244	  0.442326	  9.37219e-05	  4.5831e-06	  24	  1.16468e-06
178	  0.762371	  0.549442	  8.01954e-05	  6.15415e-06	  24	  1.56392e-06
179	  0.824564	  0.635001	  6.74072e-05	  3.05791e-06	  24	  7.77089e-07
180	  0.894726	  0.702247	  5.61554e-05	  3.19032e-06	  24	  8.10738e-07
181	  0.971131	  0.754829	  4.66877e-05	  4.23864e-06	  24	  1.07714e-06
182	  0.662306	  0	  0.000109103	  3.28271e-06	  12	  1.11177e-06
183	  0.670534	  0.156174	  0.000106245	  3.16023e-06	  24	  8.03092e-07
184	  0.694632	  0.301511	  9.83796e-05	  3.09105e-06	  24	  7.85509e-07
185	  0.733038	  0.428571	  8.74227e-05	  5.02558e-06	  24	  1.27712e-06
186	  0.783651	  0.534522	  7.54794e-05	  3.70492e-06	  24	  9.41508e-07
187	  0.844278	  0.620174	  6.3942e-05	  3.80422e-06	  24	  9.66743e-07
188	  0.912926	  0.688247	  5.36709e-05	  3.04711e-06	  24	  7.74345e-07
189	  0.987924	  0.741999	  4.49132e-05	  3.47104e-06	  24	  8.82076e-07
190	  0.670534	  0	  0.000106245	  3.63807e-06	  12	  1.23212e-06
191	  0.678662	  0.154303	  0.000103483	  2.81208e-06	  24	  7.14618e-07
192	  0.702481	  0.298142	  9.59862e-05	  4.27331e-06	  24	  1.08595e-06
193	  0.74048	  0.424264	  8.55312e-05	  3.68442e-06	  24	  9.363e-07
194	  0.790617	  0.529813	  7.40102e-05	  3.7582e-06	  24	  9.55049e-07
195	  0.850747	  0.615457	  6.28792e-05	  2.84062e-06	  24	  7.21871e-07
196	  0.918912	  0.683763	  5.29003e-05	  4.43776e-06	  24	  1.12774e-06
197	  0.993459	  0.737865	  4.43525e-05	  3.68755e-06	  24	  9.37095e-07
198	  0.702481	  0	  9.59862e-05	  1.83389e-06	  12	  6.21093e-07
199	  0.710244	  0.147442	  9.37219e-05	  3.47842e-06	  24	  8.83951e-07
200	  0.733038	  0.285714	  8.74227e-05	  4.48717e-06	  24	  1.1403e-06
201	  0.76953	  0.408248	  7.85788e-05	  3.81087e-06	  24	  9.68435e-07
202	  0.817887	  0.512148	  6.86491e-05	  5.26405e-06	  24	  1.33772e-06
203	  0.876148	  0.597614	  5.88643e-05	  4.25314e-06	  24	  1.08083e-06
204	  0.942478	  0.666667	  4.99708e-05	  3.77216e-06	  24	  9.58598e-07
205	  0.733038	  0	  8.74227e-05	  2.55373e-06	  6	  1.17024e-06
206	  0.74048	  0.141421	  8.55312e-05	  2.64893e-06	  12	  8.97128e-07
207	  0.762371	  0.274721	  8.01954e-05	  2.60868e-06	  12	  8.83495e-07
208	  0.797522	  0.393919	  7.25949e-05	  3.45419e-06	  12	  1.16985e-06
209	  0.844278	  0.496139	  6.3942e-05	  4.14387e-06	  12	  1.40343e-06
210	  0.900833	  0.581238	  5.53169e-05	  4.20667e-06	  12	  1.42469e-06
211	  0.965468	  0.650791	  4.73186e-05	  3.47573e-06	  12	  1.17714e-06
212	  0.74048	  0	  8.55312e-05	  2.74443e-06	  18	  7.84089e-07
213	  0.747849	  0.140028	  8.36612e-05	  4.01094e-06	  36	  8.69036e-07
214	  0.76953	  0.272166	  7.85788e-05	  3.12488e-06	  36	  6.77057e-07
215	  0.804368	  0.390567	  7.12372e-05	  4.45981e-06	  36	  9.66293e-07
216	  0.850747	  0.492366	  6.28792e-05	  2.64595e-06	  36	  5.73289e-07
217	  0.9069	  0.57735	  5.44911e-05	  2.67658e-06	  36	  5.79926e-07
218	  0.971131	  0.646997	  4.66877e-05	  4.51765e-06	  36	  9.78824e-07
219	  0.755145	  0	  8.19187e-05	  1.80313e-06	  12	  6.10676e-07
220	  0.762371	  0.137361	  8.01954e-05	  3.64539e-06	  24	  9.26383e-07
221	  0.783651	  0.267261	  7.54794e-05	  3.29467e-06	  24	  8.37254e-07
222	  0.817887	  0.384111	  6.86491e-05	  3.47478e-06	  24	  8.83025e-07
223	  0.863541	  0.485071	  6.0809e-05	  2.09587e-06	  24	  5.32611e-07
224	  0.918912	  0.569803	  5.29003e-05	  3.05218e-06	  24	  7.75632e-07
225	  0.982358	  0.639602	  4.55013e-05	  2.49682e-06	  24	  6.34501e-07
226	  0.762371	  0	  8.01954e-05	  1.62297e-06	  12	  5.49661e-07
227	  0.76953	  0.136083	  7.85788e-05	  3.75508e-06	  24	  9.54257e-07
228	  0.790617	  0.264906	  7.40102e-05	  2.63538e-06	  24	  6.69714e-07
229	  0.824564	  0.381	  6.74072e-05	  2.41234e-06	  24	  6.13033e-07
230	  0.869868	  0.481543	  5.98331e-05	  1.85737e-06	  24	  4.72003e-07
231	  0.92486	  0.566139	  5.21404e-05	  3.50867e-06	  24	  8.91639e-07
232	  0.987924	  0.635999	  4.49132e-05	  2.81318e-06	  24	  7.14896e-07
233	  0.797522	  0	  7.25949e-05	  2.94426e-06	  12	  9.97148e-07
234	  0.804368	  0.130189	  7.12372e-05	  3.42727e-06	  24	  8.70953e-07
235	  0.824564	  0.254	  6.74072e-05	  2.12683e-06	  24	  5.40479e-07
236	  0.857168	  0.366508	  6.18245e-05	  2.83001e-06	  24	  7.19173e-07
237	  0.900833	  0.464991	  5.53169e-05	  2.69738e-06	  24	  6.8547e-07
238	  0.954042	  0.548821	  4.86063e-05	  3.05185e-06	  24	  7.75549e-07
239	  0.817887	  0	  6.86491e-05	  2.24865e-06	  12	  7.6156e-07
240	  0.824564	  0.127	  6.74072e-05	  2.20213e-06	  24	  5.59615e-07
241	  0.844278	  0.248069	  6.3942e-05	  2.33961e-06	  24	  5.94551e-07
242	  0.876148	  0.358569	  5.88643e-05	  3.09626e-06	  24	  7.86834e-07
243	  0.918912	  0.455842	  5.29003e-05	  2.65272e-06	  24	  6.74121e-07
244	  0.971131	  0.539164	  4.66877e-05	  3.45125e-06	  24	  8.77045e-07
245	  0.837758	  0	  6.50738e-05	  2.65228e-06	  6	  1.2154e-06
246	  0.844278	  0.124035	  6.3942e-05	  3.52973e-06	  12	  1.19543e-06
247	  0.863541	  0.242536	  6.0809e-05	  1.20519e-06	  12	  4.08167e-07
248	  0.894726	  0.351123	  5.61554e-05	  2.16483e-06	  12	  7.33173e-07
249	  0.936642	  0.447214	  5.06708e-05	  2.05368e-06	  12	  6.95531e-07
250	  0.987924	  0.529999	  4.49132e-05	  3.68966e-06	  12	  1.2496e-06
251	  0.844278	  0	  6.3942e-05	  3.00844e-06	  24	  7.64518e-07
252	  0.850747	  0.123091	  6.28792e-05	  2.46205e-06	  48	  4.78468e-07
253	  0.869868	  0.240772	  5.98331e-05	  2.15553e-06	  48	  4.18901e-07
254	  0.900833	  0.348743	  5.53169e-05	  2.55966e-06	  48	  4.97437e-07
255	  0.942478	  0.444444	  4.99708e-05	  2.49113e-06	  48	  4.84119e-07
256	  0.993459	  0.527046	  4.43525e-05	  2.7358e-06	  48	  5.3167e-07
257	  0.863541	  0	  6.0809e-05	  1.30406e-06	  12	  4.41653e-07
258	  0.869868	  0.120386	  5.98331e-05	  2.021e-06	  24	  5.13586e-07
259	  0.888577	  0.235702	  5.7047e-05	  2.06251e-06	  24	  5.24134e-07
260	  0.918912	  0.341882	  5.29003e-05	  2.43351e-06	  24	  6.18413e-07
261	  0.959772	  0.436436	  4.79605e-05	  2.28243e-06	  24	  5.8002e-07
262	  0.888577	  0	  5.7047e-05	  2.13693e-06	  6	  9.79247e-07
263	  0.894726	  0.117041	  5.61554e-05	  1.5503e-06	  12	  5.25048e-07
264	  0.912926	  0.229416	  5.36709e-05	  2.17355e-06	  12	  7.36128e-07
265	  0.942478	  0.333333	  4.99708e-05	  2.26229e-06	  12	  7.66183e-07
266	  0.982358	  0.426401	  4.55013e-05	  2.27438e-06	  12	  7.70276e-07
267	  0.894726	  0	  5.61554e-05	  1.6805e-06	  12	  5.69143e-07
268	  0.900833	  0.116248	  5.53169e-05	  2.05331e-06	  24	  5.21795e-07
269	  0.918912	  0.227921	  5.29003e-05	  2.30153e-06	  24	  5.84873e-07
270	  0.948278	  0.331295	  4.92751e-05	  2.30159e-06	  24	  5.8489e-07
271	  0.987924	  0.423999	  4.49132e-05	  1.97078e-06	  24	  5.00822e-07
272	  0.900833	  0	  5.53169e-05	  2.4563e-06	  12	  8.31886e-07
273	  0.9069	  0.11547	  5.44911e-05	  1.90728e-06	  24	  4.84685e-07
274	  0.92486	  0.226455	  5.21404e-05	  1.56557e-06	  24	  3.9785e-07
275	  0.954042	  0.329293	  4.86063e-05	  2.31709e-06	  24	  5.88829e-07
276	  0.993459	  0.421637	  4.43525e-05	  2.14787e-06	  24	  5.45825e-07
277	  0.936642	  0	  5.06708e-05	  1.39824e-06	  12	  4.73548e-07
278	  0.942478	  0.111111	  4.99708e-05	  1.93725e-06	  24	  4.92301e-07
279	  0.959772	  0.218218	  4.79605e-05	  1.58486e-06	  24	  4.0275e-07
280	  0.987924	  0.317999	  4.49132e-05	  1.63259e-06	  24	  4.1488e-07
281	  0.942478	  0	  4.99708e-05	  3.75916e-06	  6	  1.72263e-06
282	  0.948278	  0.110432	  4.92751e-05	  2.51789e-06	  12	  8.52748e-07
283	  0.965468	  0.21693	  4.73186e-05	  2.07245e-06	  12	  7.01886e-07
284	  0.993459	  0.316228	  4.43525e-05	  2.29918e-06	  12	  7.78675e-07
285	  0.948278	  0	  4.92751e-05	  2.33106e-06	  12	  7.89471e-07
286	  0.954042	  0.109764	  4.86063e-05	  1.6454e-06	  24	  4.18135e-07
287	  0.971131	  0.215666	  4.66877e-05	  1.31096e-06	  24	  3.33146e-07
288	  0.998963	  0.314485	  4.38063e-05	  1.81944e-06	  24	  4.62365e-07
289	  0.965468	  0	  4.73186e-05	  1.47041e-06	  24	  3.73666e-07
290	  0.971131	  0.107833	  4.66877e-05	  1.8518e-06	  48	  3.59875e-07
291	  0.987924	  0.212	  4.49132e-05	  1.91571e-06	  48	  3.72295e-07
292	  0.987924	  0	  4.49132e-05	  1.81049e-06	  12	  6.13167e-07
293	  0.993459	  0.105409	  4.43525e-05	  1.86305e-06	  24	  4.73445e-07
294	  0.993459	  0	  4.43525e-05	  1.49684e-06	  12	  5.06942e-07
295	  0.998963	  0.104828	  4.38063e-05	  1.42988e-06	  24	  3.63367e-07
296	  1.08818	  0.030936	  3.60508e-05	  1.40387e-06	  138	  1.89698e-07
297	  1.08818	  0.0938307	  3.60508e-05	  1.29246e-06	  252	  1.4604e-07
298	  1.08818	  0.156319	  3.60508e-05	  1.17548e-06	  72	  1.97305e-07
299	  1.08818	  0.218712	  3.60508e-05	  1.32651e-06	  216	  1.56583e-07
300	  1.08818	  0.281224	  3.60508e-05	  1.56927e-06	  288	  1.70933e-07
301	  1.08818	  0.343807	  3.60508e-05	  1.48109e-06	  120	  2.0926e-07
302	  1.08818	  0.406302	  3.60508e-05	  2.04292e-06	  180	  2.54416e-07
303	  1.08818	  0.468745	  3.60508e-05	  2.06134e-06	  180	  2.5671e-07
304	  1.08818	  0.531226	  3.60508e-05	  2.25339e-06	  192	  2.75294e-07
305	  1.08818	  0.593785	  3.60508e-05	  2.93325e-06	  192	  3.58352e-07
306	  1.08818	  0.656281	  3.60508e-05	  2.50067e-06	  168	  3.17965e-07
307	  1.08818	  0.718743	  3.60508e-05	  3.10485e-06	  228	  3.60866e-07
308	  1.08818	  0.781255	  3.60508e-05	  4.08446e-06	  144	  5.44595e-07
309	  1.08818	  0.843774	  3.60508e-05	  3.60039e-06	  240	  4.12423e-07
310	  1.08818	  0.90628	  3.60508e-05	  4.98108e-06	  168	  6.33352e-07
311	  1.08818	  0.968758	  3.60508e-05	  4.83336e-06	  150	  6.3631e-07
312	  1.25577	  0.030936	  2.59292e-05	  1.06438e-06	  198	  1.28862e-07
313	  1.25577	  0.0938307	  2.59292e-05	  1.10243e-06	  396	  1.10521e-07
314	  1.25577	  0.156319	  2.59292e-05	  1.0612e-06	  396	  1.06387e-07
315	  1.25577	  0.218712	  2.59292e-05	  1.01573e-06	  204	  1.21901e-07
316	  1.25577	  0.281224	  2.59292e-05	  1.19898e-06	  216	  1.41529e-07
317	  1.25577	  0.343807	  2.59292e-05	  1.20077e-06	  372	  1.22296e-07
318	  1.25577	  0.406302	  2.59292e-05	  1.352e-06	  312	  1.44142e-07
319	  1.25577	  0.468745	  2.59292e-05	  1.37629e-06	  288	  1.49913e-07
320	  1.25577	  0.531226	  2.59292e-05	  1.80955e-06	  264	  2.01848e-07
321	  1.25577	  0.593785	  2.59292e-05	  1.66267e-06	  312	  1.77263e-07
322	  1.25577	  0.656281	  2.59292e-05	  1.90612e-06	  276	  2.10041e-07
323	  1.25577	  0.718743	  2.59292e-05	  2.10123e-06	  312	  2.2402e-07
324	  1.25577	  0.781255	  2.59292e-05	  2.40047e-06	  276	  2.64515e-07
325	  1.25577	  0.843774	  2.59292e-05	  2.65019e-06	  240	  3.03578e-07
326	  1.25577	  0.90628	  2.59292e-05	  3.06669e-06	  324	  3.23706e-07
327	  1.25577	  0.968758	  2.59292e-05	  3.41022e-06	  315	  3.62655e-07
328	  1.45182	  0.030936	  1.84965e-05	  7.45194e-07	  246	  8.47716e-08
329	  1.45182	  0.0938307	  1.84965e-05	  6.84146e-07	  516	  6.43252e-08
330	  1.45182	  0.156319	  1.84965e-05	  7.56684e-07	  504	  7.15396e-08
331	  1.45182	  0.218712	  1.84965e-05	  7.42632e-07	  528	  6.94505e-08
332	  1.45182	  0.281224	  1.84965e-05	  7.75243e-07	  504	  7.32942e-08
333	  1.45182	  0.343807	  1.84965e-05	  9.22295e-07	  384	  9.31805e-08
334	  1.45182	  0.406302	  1.84965e-05	  1.07441e-06	  420	  1.06146e-07
335	  1.45182	  0.468745	  1.84965e-05	  9.54765e-07	  468	  9.18722e-08
336	  1.45182	  0.531226	  1.84965e-05	  1.06893e-06	  480	  1.02236e-07
337	  1.45182	  0.593785	  1.84965e-05	  1.14847e-06	  468	  1.10512e-07
338	  1.45182	  0.656281	  1.84965e-05	  1.27468e-06	  396	  1.27789e-07
339	  1.45182	  0.718743	  1.84965e-05	  1.38001e-06	  456	  1.33625e-07
340	  1.45182	  0.781255	  1.84965e-05	  1.72537e-06	  432	  1.69281e-07
341	  1.45182	  0.843774	  1.84965e-05	  1.82705e-06	  480	  1.74746e-07
342	  1.45182	  0.90628	  1.84965e-05	  2.18395e-06	  480	  2.08881e-07
343	  1.45182	  0.968758	  1.84965e-05	  2.27911e-06	  414	  2.25968e-07
344	  1.68148	  0.030936	  1.3092e-05	  5.10155e-07	  798	  4.35671e-08
345	  1.68148	  0.0938307	  1.3092e-05	  5.78033e-07	  708	  5.06255e-08
346	  1.68148	  0.156319	  1.3092e-05	  5.25596e-07	  684	  4.63765e-08
347	  1.68148	  0.218712	  1.3092e-05	  5.84829e-07	  720	  5.10367e-08
348	  1.68148	  0.281224	  1.3092e-05	  5.87694e-07	  708	  5.14716e-08
349	  1.68148	  0.343807	  1.3092e-05	  6.24396e-07	  720	  5.44897e-08
350	  1.68148	  0.406302	  1.3092e-05	  6.8577e-07	  672	  6.07427e-08
351	  1.68148	  0.468745	  1.3092e-05	  7.71268e-07	  732	  6.70703e-08
352	  1.68148	  0.531226	  1.3092e-05	  8.0227e-07	  672	  7.10618e-08
353	  1.68148	  0.593785	  1.3092e-05	  8.31745e-07	  708	  7.28461e-08
354	  1.68148	  0.656281	  1.3092e-05	  8.70975e-07	  744	  7.54802e-08
355	  1.68148	  0.718743	  1.3092e-05	  1.10181e-06	  744	  9.54848e-08
356	  1.68148	  0.781255	  1.3092e-05	  1.16571e-06	  696	  1.02472e-07
357	  1.68148	  0.843774	  1.3092e-05	  1.28066e-06	  708	  1.12163e-07
358	  1.68148	  0.90628	  1.3092e-05	  1.43183e-06	  696	  1.25865e-07
359	  1.68148	  0.968758	  1.3092e-05	  1.5279e-06	  741	  1.32524e-07
360	  1.94819	  0.030936	  9.22078e-06	  3.78415e-07	  1368	  2.9152e-08
361	  1.94819	  0.0938307	  9.22078e-06	  3.76047e-07	  924	  3.11734e-08
362	  1.94819	  0.156319	  9.22078e-06	  4.09797e-07	  972	  3.36341e-08
363	  1.94819	  0.218712	  9.22078e-06	  4.25693e-07	  972	  3.49388e-08
364	  1.94819	  0.281224	  9.22078e-06	  3.92058e-07	  1200	  3.09207e-08
365	  1.94819	  0.343807	  9.22078e-06	  4.2405e-07	  1140	  3.37618e-08
366	  1.94819	  0.406302	  9.22078e-06	  4.65228e-07	  1080	  3.74178e-08
367	  1.94819	  0.468745	  9.22078e-06	  5.23869e-07	  1068	  4.22236e-08
368	  1.94819	  0.531226	  9.22078e-06	  5.12541e-07	  1164	  4.06499e-08
369	  1.94819	  0.593785	  9.22078e-06	  6.08381e-07	  1188	  4.807e-08
370	  1.94819	  0.656281	  9.22078e-06	  6.27137e-07	  1068	  5.05469e-08
371	  1.94819	  0.718743	  9.22078e-06	  6.54917e-07	  1008	  5.33738e-08
372	  1.94819	  0.781255	  9.22078e-06	  7.6523e-07	  1164	  6.06908e-08
373	  1.94819	  0.843774	  9.22078e-06	  7.95877e-07	  1176	  6.30021e-08
374	  1.94819	  0.90628	  9.22078e-06	  8.89432e-07	  1080	  7.15362e-08
375	  1.94819	  0.968758	  9.22078e-06	  9.47075e-07	  1038	  7.67496e-08
376	  2.25604	  0.030936	  6.48115e-06	  2.77637e-07	  1896	  2.0258e-08
377	  2.25604	  0.0938307	  6.48115e-06	  2.80861e-07	  1272	  2.1918e-08
378	  2.25604	  0.156319	  6.48115e-06	  2.76311e-07	  2040	  1.99332e-08
379	  2.25604	  0.218712	  6.48115e-06	  2.94212e-07	  1740	  2.17638e-08
380	  2.25604	  0.281224	  6.48115e-06	  2.9944e-07	  1584	  2.24957e-08
381	  2.25604	  0.343807	  6.48115e-06	  3.09512e-07	  1764	  2.2845e-08
382	  2.25604	  0.406302	  6.48115e-06	  3.24132e-07	  1632	  2.423e-08
383	  2.25604	  0.468745	  6.48115e-06	  3.50909e-07	  1860	  2.5682e-08
384	  2.25604	  0.531226	  6.48115e-06	  3.77784e-07	  1560	  2.84541e-08
385	  2.25604	  0.593785	  6.48115e-06	  3.96696e-07	  1692	  2.94788e-08
386	  2.25604	  0.656281	  6.48115e-06	  4.44316e-07	  1704	  3.29794e-08
387	  2.25604	  0.718743	  6.48115e-06	  4.62928e-07	  1824	  3.39857e-08
388	  2.25604	  0.781255	  6.48115e-06	  5.03296e-07	  1668	  3.74881e-08
389	  2.25604	  0.843774	  6.48115e-06	  5.36313e-07	  1680	  3.99003e-08
390	  2.25604	  0.90628	  6.48115e-06	  5.86445e-07	  1776	  4.3238e-08
391	  2.25604	  0.968758	  6.48115e-06	  6.05591e-07	  1656	  4.51612e-08
392	  2.61216	  0.030936	  4.54319e-06	  2.08146e-07	  2586	  1.45004e-08
393	  2.61216	  0.0938307	  4.54319e-06	  2.01712e-07	  3036	  1.37464e-08
394	  2.61216	  0.156319	  4.54319e-06	  2.12057e-07	  2124	  1.52041e-08
395	  2.61216	  0.218712	  4.54319e-06	  2.06757e-07	  2940	  1.4151e-08
396	  2.61216	  0.281224	  4.54319e-06	  2.18561e-07	  2616	  1.52012e-08
397	  2.61216	  0.343807	  4.54319e-06	  2.27484e-07	  2448	  1.5972e-08
398	  2.61216	  0.406302	  4.54319e-06	  2.37406e-07	  2916	  1.62667e-08
399	  2.61216	  0.468745	  4.54319e-06	  2.47297e-07	  2544	  1.72679e-08
400	  2.61216	  0.531226	  4.54319e-06	  2.6217e-07	  2652	  1.81995e-08
401	  2.61216	  0.593785	  4.54319e-06	  2.72919e-07	  2748	  1.88522e-08
402	  2.61216	  0.656281	  4.54319e-06	  3.04868e-07	  2676	  2.11369e-08
403	  2.61216	  0.718743	  4.54319e-06	  2.98863e-07	  2472	  2.09542e-08
404	  2.61216	  0.781255	  4.54319e-06	  3.23668e-07	  2616	  2.25116e-08
405	  2.61216	  0.843774	  4.54319e-06	  3.34486e-07	  2736	  2.3119e-08
406	  2.61216	  0.90628	  4.54319e-06	  3.54683e-07	  2568	  2.47333e-08
407	  2.61216	  0.968758	  4.54319e-06	  3.60477e-07	  2745	  2.49042e-08
408	  3.02645	  0.030936	  3.16893e-06	  1.50815e-07	  3414	  1.01219e-08
409	  3.02645	  0.0938307	  3.16893e-06	  1.48894e-07	  4512	  9.66134e-09
410	  3.02645	  0.156319	  3.16893e-06	  1.45652e-07	  4632	  9.42268e-09
411	  3.02645	  0.218712	  3.16893e-06	  1.46791e-07	  3972	  9.66868e-09
412	  3.02645	  0.281224	  3.16893e-06	  1.52858e-07	  4176	  1.00083e-08
413	  3.02645	  0.343807	  3.16893e-06	  1.59308e-07	  4344	  1.03825e-08
414	  3.02645	  0.406302	  3.16893e-06	  1.66169e-07	  4044	  1.09215e-08
415	  3.02645	  0.468745	  3.16893e-06	  1.74078e-07	  4092	  1.14252e-08
416	  3.02645	  0.531226	  3.16893e-06	  1.88976e-07	  4296	  1.2332e-08
417	  3.02645	  0.593785	  3.16893e-06	  1.90738e-07	  3996	  1.25542e-08
418	  3.02645	  0.656281	  3.16893e-06	  1.98857e-07	  4188	  1.30156e-08
419	  3.02645	  0.718743	  3.16893e-06	  2.12122e-07	  4212	  1.38745e-08
420	  3.02645	  0.781255	  3.16893e-06	  2.102e-07	  4140	  1.37769e-08
421	  3.02645	  0.843774	  3.16893e-06	  2.14625e-07	  4128	  1.40717e-08
422	  3.02645	  0.90628	  3.16893e-06	  2.20958e-07	  4188	  1.44623e-08
423	  3.02645	  0.968758	  3.16893e-06	  2.18077e-07	  4128	  1.42981e-08
424	  3.50419	  0.030936	  2.20839e-06	  1.07528e-07	  7002	  6.66139e-09
425	  3.50419	  0.0938307	  2.20839e-06	  1.08389e-07	  6240	  6.79157e-09
426	  3.50419	  0.156319	  2.20839e-06	  1.0338e-07	  5964	  6.50764e-09
427	  3.50419	  0.218712	  2.20839e-06	  1.07067e-07	  6180	  6.71533e-09
428	  3.50419	  0.281224	  2.20839e-06	  1.1047e-07	  6420	  6.90222e-09
429	  3.50419	  0.343807	  2.20839e-06	  1.13571e-07	  6516	  7.08549e-09
430	  3.50419	  0.406302	  2.20839e-06	  1.16333e-07	  6312	  7.28093e-09
431	  3.50419	  0.468745	  2.20839e-06	  1.26343e-07	  6276	  7.91199e-09
432	  3.50419	  0.531226	  2.20839e-06	  1.23813e-07	  6360	  7.74315e-09
433	  3.50419	  0.593785	  2.20839e-06	  1.25925e-07	  6408	  7.86931e-09
434	  3.50419	  0.656281	  2.20839e-06	  1.36557e-07	  6360	  8.54018e-09
435	  3.50419	  0.718743	  2.20839e-06	  1.34278e-07	  6336	  8.40085e-09
436	  3.50419	  0.781255	  2.20839e-06	  1.32174e-07	  6372	  8.26447e-09
437	  3.50419	  0.843774	  2.20839e-06	  1.36898e-07	  6456	  8.54872e-09
438	  3.50419	  0.90628	  2.20839e-06	  1.31391e-07	  6360	  8.21708e-09
439	  3.50419	  0.968758	  2.20839e-06	  1.26749e-07	  6327	  7.93092e-09
440	  4.05763	  0.030936	  1.53462e-06	  7.69062e-08	  10392	  4.59973e-09
441	  4.05763	  0.0938307	  1.53462e-06	  7.416e-08	  9420	  4.47209e-09
442	  4.05763	  0.156319	  1.53462e-06	  7.68421e-08	  10176	  4.60385e-09
443	  4.05763	  0.218712	  1.53462e-06	  7.7337e-08	  10260	  4.63036e-09
444	  4.05763	  0.281224	  1.53462e-06	  7.47922e-08	  9528	  4.50583e-09
445	  4.05763	  0.343807	  1.53462e-06	  7.73334e-08	  10140	  4.63465e-09
446	  4.05763	  0.406302	  1.53462e-06	  8.13425e-08	  9960	  4.88218e-09
447	  4.05763	  0.468745	  1.53462e-06	  8.13818e-08	  10068	  4.88015e-09
448	  4.05763	  0.531226	  1.53462e-06	  8.48773e-08	  9996	  5.09281e-09
449	  4.05763	  0.593785	  1.53462e-06	  8.31135e-08	  9828	  4.99405e-09
450	  4.05763	  0.656281	  1.53462e-06	  8.3842e-08	  10032	  5.02918e-09
451	  4.05763	  0.718743	  1.53462e-06	  8.3139e-08	  9924	  4.99152e-09
452	  4.05763	  0.781255	  1.53462e-06	  7.9859e-08	  10116	  4.78695e-09
453	  4.05763	  0.843774	  1.53462e-06	  7.87649e-08	  9888	  4.73034e-09
454	  4.05763	  0.90628	  1.53462e-06	  7.76621e-08	  10008	  4.65941e-09
455	  4.05763	  0.968758	  1.53462e-06	  7.05778e-08	  9978	  4.23544e-09
456	  4.69917	  0.030936	  1.06291e-06	  5.45518e-08	  13626	  3.19492e-09
457	  4.69917	  0.0938307	  1.06291e-06	  5.44554e-08	  16392	  3.1481e-09
458	  4.69917	  0.156319	  1.06291e-06	  5.37831e-08	  15708	  3.11828e-09
459	  4.69917	  0.218712	  1.06291e-06	  5.30212e-08	  15432	  3.07788e-09
460	  4.69917	  0.281224	  1.06291e-06	  5.28563e-08	  15780	  3.06358e-09
461	  4.69917	  0.343807	  1.06291e-06	  5.36963e-08	  15300	  3.11892e-09
462	  4.69917	  0.406302	  1.06291e-06	  5.34292e-08	  15588	  3.0994e-09
463	  4.69917	  0.468745	  1.06291e-06	  5.41325e-08	  15396	  3.14289e-09
464	  4.69917	  0.531226	  1.06291e-06	  5.43588e-08	  15504	  3.1545e-09
465	  4.69917	  0.593785	  1.06291e-06	  5.28712e-08	  15660	  3.06606e-09
466	  4.69917	  0.656281	  1.06291e-06	  5.14243e-08	  15192	  2.98843e-09
467	  4.69917	  0.718743	  1.06291e-06	  5.02406e-08	  15600	  2.91428e-09
468	  4.69917	  0.781255	  1.06291e-06	  4.88042e-08	  15216	  2.83586e-09
469	  4.69917	  0.843774	  1.06291e-06	  4.6039e-08	  15516	  2.67155e-09
470	  4.69917	  0.90628	  1.06291e-06	  4.19701e-08	  15540	  2.43518e-09
471	  4.69917	  0.968758	  1.06291e-06	  3.9258e-08	  15405	  2.2792e-09
472	  5.4432	  0.030936	  7.34335e-07	  3.90706e-08	  26250	  2.19468e-09
473	  5.4432	  0.0938307	  7.34335e-07	  3.84136e-08	  22392	  2.17739e-09
474	  5.4432	  0.156319	  7.34335e-07	  3.78811e-08	  24516	  2.13599e-09
475	  5.4432	  0.218712	  7.34335e-07	  3.67175e-08	  23592	  2.07492e-09
476	  5.4432	  0.281224	  7.34335e-07	  3.67256e-08	  24264	  2.07205e-09
477	  5.4432	  0.343807	  7.34335e-07	  3.634e-08	  23928	  2.05193e-09
478	  5.4432	  0.406302	  7.34335e-07	  3.5266e-08	  24120	  1.99038e-09
479	  5.4432	  0.468745	  7.34335e-07	  3.42586e-08	  23964	  1.93424e-09
480	  5.4432	  0.531226	  7.34335e-07	  3.36611e-08	  24060	  1.90007e-09
481	  5.4432	  0.593785	  7.34335e-07	  3.26217e-08	  24108	  1.84119e-09
482	  5.4432	  0.656281	  7.34335e-07	  3.09189e-08	  24228	  1.74459e-09
483	  5.4432	  0.718743	  7.34335e-07	  2.94622e-08	  24144	  1.66272e-09
484	  5.4432	  0.781255	  7.34335e-07	  2.68256e-08	  23940	  1.51465e-09
485	  5.4432	  0.843774	  7.34335e-07	  2.42969e-08	  24192	  1.37106e-09
486	  5.4432	  0.90628	  7.34335e-07	  2.24627e-08	  23988	  1.26817e-09
487	  5.4432	  0.968758	  7.34335e-07	  2.00064e-08	  24141	  1.12909e-09
488	  6.30378	  0.030936	  5.06487e-07	  2.75798e-08	  35082	  1.52624e-09
489	  6.30378	  0.0938307	  5.06487e-07	  2.66533e-08	  39108	  1.46744e-09
490	  6.30378	  0.156319	  5.06487e-07	  2.60274e-08	  36924	  1.43682e-09
491	  6.30378	  0.218712	  5.06487e-07	  2.53051e-08	  37692	  1.3956e-09
492	  6.30378	  0.281224	  5.06487e-07	  2.41168e-08	  37092	  1.33106e-09
493	  6.30378	  0.343807	  5.06487e-07	  2.37023e-08	  37536	  1.30745e-09
494	  6.30378	  0.406302	  5.06487e-07	  2.27997e-08	  36984	  1.25854e-09
495	  6.30378	  0.468745	  5.06487e-07	  2.1475e-08	  37428	  1.18475e-09
496	  6.30378	  0.531226	  5.06487e-07	  2.02716e-08	  37392	  1.11841e-09
497	  6.30378	  0.593785	  5.06487e-07	  1.89315e-08	  37200	  1.04473e-09
498	  6.30378	  0.656281	  5.06487e-07	  1.74114e-08	  36924	  9.61183e-10
499	  6.30378	  0.718743	  5.06487e-07	  1.58751e-08	  37272	  8.75982e-10
500	  6.30378	  0.781255	  5.06487e-07	  1.40661e-08	  37284	  7.76155e-10
501	  6.30378	  0.843774	  5.06487e-07	  1.25667e-08	  37188	  6.935e-10
502	  6.30378	  0.90628	  5.06487e-07	  1.10221e-08	  37320	  6.08159e-10
503	  6.30378	  0.968758	  5.06487e-07	  9.37734e-09	  37119	  5.17539e-10
504	  7.30029	  0.030936	  3.48469e-07	  1.89522e-08	  60258	  1.02482e-09
505	  7.30029	  0.0938307	  3.48469e-07	  1.83495e-08	  56916	  9.94391e-10
506	  7.30029	  0.156319	  3.48469e-07	  1.76131e-08	  56820	  9.54542e-10
507	  7.30029	  0.218712	  3.48469e-07	  1.68477e-08	  58716	  9.11911e-10
508	  7.30029	  0.281224	  3.48469e-07	  1.59905e-08	  57840	  8.66013e-10
509	  7.30029	  0.343807	  3.48469e-07	  1.48268e-08	  57612	  8.03111e-10
510	  7.30029	  0.406302	  3.48469e-07	  1.39144e-08	  58464	  7.53267e-10
511	  7.30029	  0.468745	  3.48469e-07	  1.28312e-08	  57948	  6.9486e-10
512	  7.30029	  0.531226	  3.48469e-07	  1.17434e-08	  57708	  6.36055e-10
513	  7.30029	  0.593785	  3.48469e-07	  1.0323e-08	  58236	  5.58927e-10
514	  7.30029	  0.656281	  3.48469e-07	  9.19777e-09	  58008	  4.98077e-10
515	  7.30029	  0.718743	  3.48469e-07	  8.01448e-09	  58200	  4.33945e-10
516	  7.30029	  0.781255	  3.48469e-07	  6.846e-09	  58128	  3.70695e-10
517	  7.30029	  0.843774	  3.48469e-07	  5.82712e-09	  57972	  3.15558e-10
518	  7.30029	  0.90628	  3.48469e-07	  4.90241e-09	  57960	  2.65484e-10
519	  7.30029	  0.968758	  3.48469e-07	  4.06917e-09	  58122	  2.20337e-10
520	  8.455	  0.030936	  2.39328e-07	  1.27306e-08	  90198	  6.78919e-10
521	  8.455	  0.0938307	  2.39328e-07	  1.2302e-08	  89292	  6.56269e-10
522	  8.455	  0.156319	  2.39328e-07	  1.1768e-08	  90804	  6.2745e-10
523	  8.455	  0.218712	  2.39328e-07	  1.08144e-08	  89628	  5.76842e-10
524	  8.455	  0.281224	  2.39328e-07	  1.00041e-08	  89844	  5.33581e-10
525	  8.455	  0.343807	  2.39328e-07	  9.07698e-09	  90636	  4.83999e-10
526	  8.455	  0.406302	  2.39328e-07	  8.13366e-09	  89628	  4.33851e-10
527	  8.455	  0.468745	  2.39328e-07	  7.15031e-09	  89772	  3.8138e-10
528	  8.455	  0.531226	  2.39328e-07	  6.25054e-09	  90324	  3.33325e-10
529	  8.455	  0.593785	  2.39328e-07	  5.26288e-09	  89784	  2.80708e-10
530	  8.455	  0.656281	  2.39328e-07	  4.43378e-09	  90216	  2.3645e-10
531	  8.455	  0.718743	  2.39328e-07	  3.72558e-09	  89796	  1.98712e-10
532	  8.455	  0.781255	  2.39328e-07	  3.06523e-09	  90120	  1.63472e-10
533	  8.455	  0.843774	  2.39328e-07	  2.51087e-09	  90132	  1.33907e-10
534	  8.455	  0.90628	  2.39328e-07	  2.03415e-09	  89916	  1.08491e-10
535	  8.455	  0.968758	  2.39328e-07	  1.61082e-09	  89964	  8.59113e-11
536	  9.79129	  0.030936	  1.64041e-07	  8.38318e-09	  139068	  4.41639e-10
537	  9.79129	  0.0938307	  1.64041e-07	  7.98814e-09	  141180	  4.20667e-10
538	  9.79129	  0.156319	  1.64041e-07	  7.43786e-09	  139380	  3.91816e-10
539	  9.79129	  0.218712	  1.64041e-07	  6.7426e-09	  138804	  3.55228e-10
540	  9.79129	  0.281224	  1.64041e-07	  5.99016e-09	  140952	  3.15463e-10
541	  9.79129	  0.343807	  1.64041e-07	  5.17813e-09	  139668	  2.72762e-10
542	  9.79129	  0.406302	  1.64041e-07	  4.41322e-09	  139464	  2.32478e-10
543	  9.79129	  0.468745	  1.64041e-07	  3.68686e-09	  139812	  1.94203e-10
544	  9.79129	  0.531226	  1.64041e-07	  3.0175e-09	  139884	  1.58943e-10
545	  9.79129	  0.593785	  1.64041e-07	  2.47186e-09	  140184	  1.30195e-10
546	  9.79129	  0.656281	  1.64041e-07	  1.98759e-09	  139404	  1.04703e-10
547	  9.79129	  0.718743	  1.64041e-07	  1.59408e-09	  139932	  8.39655e-11
548	  9.79129	  0.781255	  1.64041e-07	  1.26737e-09	  139980	  6.67561e-11
549	  9.79129	  0.843774	  1.64041e-07	  9.90235e-10	  139632	  5.21617e-11
550	  9.79129	  0.90628	  1.64041e-07	  7.73088e-10	  140088	  4.07199e-11
551	  9.79129	  0.968758	  1.64041e-07	  5.82432e-10	  139623	  3.06803e-11
