#n	   k	      mu	    PL	    Pf	     w	     err  
0	  0.10472	  1	  0.00340069	  0.000500199	  3	  0.0003138
1	  0.20944	  1	  0.00120796	  0.000143337	  3	  8.99223e-05
2	  0.314159	  1	  0.00056581	  0.000133015	  3	  8.34473e-05
3	  0.418879	  1	  0.000317111	  2.42694e-05	  3	  1.52254e-05
4	  0.523599	  1	  0.000200477	  7.92985e-06	  3	  4.97479e-06
5	  0.628319	  1	  0.000135839	  4.04491e-05	  3	  2.53758e-05
6	  0.733038	  1	  9.71158e-05	  1.77074e-05	  3	  1.11088e-05
7	  0.837758	  1	  7.2289e-05	  1.43754e-05	  3	  9.01842e-06
8	  0.942478	  1	  5.55114e-05	  2.28268e-06	  3	  1.43204e-06
9	  0.10472	  0	  0.00340069	  8.83989e-05	  6	  4.05087e-05
10	  0.148096	  0.707107	  0.00216258	  0.000122742	  12	  4.15698e-05
11	  0.23416	  0.894427	  0.000956871	  0.000146875	  12	  4.97428e-05
12	  0.331153	  0.948683	  0.000512389	  6.0141e-05	  12	  2.03682e-05
13	  0.431771	  0.970143	  0.000298428	  3.16973e-05	  12	  1.07351e-05
14	  0.533968	  0.980581	  0.000192286	  2.07743e-05	  12	  7.03574e-06
15	  0.636985	  0.986394	  0.000131856	  1.33737e-05	  12	  4.52933e-06
16	  0.74048	  0.989949	  9.50147e-05	  1.65716e-05	  12	  5.6124e-06
17	  0.844278	  0.992278	  7.10317e-05	  8.63391e-06	  12	  2.92409e-06
18	  0.948278	  0.993884	  5.47385e-05	  8.23085e-06	  12	  2.78758e-06
19	  0.148096	  0	  0.00216258	  4.7892e-05	  6	  2.19464e-05
20	  0.18138	  0.57735	  0.00153421	  6.5617e-05	  12	  2.22229e-05
21	  0.25651	  0.816497	  0.000842148	  7.20951e-05	  12	  2.44168e-05
22	  0.347316	  0.904534	  0.000461525	  4.09168e-05	  12	  1.38575e-05
23	  0.444288	  0.942809	  0.000282116	  2.58299e-05	  12	  8.74795e-06
24	  0.54414	  0.96225	  0.000184652	  2.41915e-05	  12	  8.19305e-06
25	  0.645536	  0.973329	  0.000128147	  1.42928e-05	  12	  4.84063e-06
26	  0.747849	  0.980196	  9.29373e-05	  9.94204e-06	  12	  3.36712e-06
27	  0.850747	  0.984732	  6.98511e-05	  1.079e-05	  12	  3.65431e-06
28	  0.954042	  0.987878	  5.39956e-05	  7.77077e-06	  12	  2.63177e-06
29	  0.20944	  0	  0.00120796	  2.92924e-05	  6	  1.34232e-05
30	  0.23416	  0.447214	  0.000956871	  4.73835e-05	  12	  1.60476e-05
31	  0.296192	  0.707107	  0.000623093	  5.54129e-05	  12	  1.8767e-05
32	  0.377572	  0.83205	  0.000392702	  3.8011e-05	  12	  1.28734e-05
33	  0.468321	  0.894427	  0.000253118	  3.05866e-05	  12	  1.03589e-05
34	  0.563933	  0.928477	  0.000171157	  1.13122e-05	  12	  3.83118e-06
35	  0.662306	  0.948683	  0.000121199	  1.19296e-05	  12	  4.04026e-06
36	  0.762371	  0.961524	  8.90872e-05	  1.12607e-05	  12	  3.81372e-06
37	  0.863541	  0.970143	  6.75513e-05	  3.67485e-06	  12	  1.24458e-06
38	  0.965468	  0.976187	  5.25652e-05	  5.51858e-06	  12	  1.86901e-06
39	  0.23416	  0	  0.000956871	  3.00625e-05	  12	  1.01814e-05
40	  0.25651	  0.408248	  0.000842148	  2.92734e-05	  24	  7.43907e-06
41	  0.314159	  0.666667	  0.00056581	  3.96704e-05	  24	  1.00812e-05
42	  0.391825	  0.801784	  0.000365623	  2.82526e-05	  24	  7.17968e-06
43	  0.479886	  0.872872	  0.000240238	  3.37039e-05	  24	  8.56497e-06
44	  0.573574	  0.912871	  0.000165194	  1.47954e-05	  24	  3.75987e-06
45	  0.670534	  0.937043	  0.000118025	  1.00496e-05	  24	  2.55385e-06
46	  0.76953	  0.952579	  8.72914e-05	  9.79858e-06	  24	  2.49006e-06
47	  0.869868	  0.963087	  6.64672e-05	  8.08307e-06	  24	  2.0541e-06
48	  0.971131	  0.970495	  5.18642e-05	  6.37941e-06	  24	  1.62116e-06
49	  0.296192	  0	  0.000623093	  1.69845e-05	  6	  7.78314e-06
50	  0.314159	  0.333333	  0.00056581	  2.19697e-05	  12	  7.44059e-06
51	  0.36276	  0.57735	  0.000422434	  1.8603e-05	  12	  6.30037e-06
52	  0.431771	  0.727607	  0.000298428	  2.34961e-05	  12	  7.95753e-06
53	  0.51302	  0.816497	  0.000209203	  2.07888e-05	  12	  7.04063e-06
54	  0.601569	  0.870388	  0.000149161	  1.55494e-05	  12	  5.26619e-06
55	  0.694632	  0.904534	  0.000109288	  1.54202e-05	  12	  5.22243e-06
56	  0.790617	  0.927173	  8.22162e-05	  8.12092e-06	  12	  2.75035e-06
57	  0.888577	  0.942809	  6.33722e-05	  6.6726e-06	  12	  2.25984e-06
58	  0.987924	  0.953998	  4.9893e-05	  3.30491e-06	  12	  1.11929e-06
59	  0.314159	  0	  0.00056581	  2.20065e-05	  6	  1.00844e-05
60	  0.331153	  0.316228	  0.000512389	  1.83044e-05	  12	  6.19925e-06
61	  0.377572	  0.5547	  0.000392702	  2.47998e-05	  12	  8.39908e-06
62	  0.444288	  0.707107	  0.000282116	  1.33847e-05	  12	  4.53306e-06
63	  0.523599	  0.8	  0.000200477	  2.01641e-05	  12	  6.82909e-06
64	  0.610616	  0.857493	  0.00014445	  7.94099e-06	  12	  2.68942e-06
65	  0.702481	  0.894427	  0.000106629	  9.45252e-06	  12	  3.20133e-06
66	  0.797522	  0.919145	  8.0644e-05	  8.57965e-06	  12	  2.90571e-06
67	  0.894726	  0.936329	  6.23818e-05	  4.13377e-06	  12	  1.4e-06
68	  0.993459	  0.948683	  4.92701e-05	  5.4793e-06	  12	  1.8557e-06
69	  0.331153	  0	  0.000512389	  1.39117e-05	  12	  4.71154e-06
70	  0.347316	  0.301511	  0.000461525	  1.29204e-05	  24	  3.28339e-06
71	  0.391825	  0.534522	  0.000365623	  1.32497e-05	  24	  3.36708e-06
72	  0.456463	  0.688247	  0.00026716	  2.39825e-05	  24	  6.09453e-06
73	  0.533968	  0.784465	  0.000192286	  1.24936e-05	  24	  3.17493e-06
74	  0.61953	  0.845154	  0.000140033	  9.44178e-06	  24	  2.39938e-06
75	  0.710244	  0.884652	  0.000104113	  1.40222e-05	  24	  3.56339e-06
76	  0.804368	  0.911322	  7.91357e-05	  8.12703e-06	  24	  2.06528e-06
77	  0.900833	  0.929981	  6.14503e-05	  6.02386e-06	  24	  1.53081e-06
78	  0.998963	  0.943456	  4.86634e-05	  4.11166e-06	  24	  1.04487e-06
79	  0.377572	  0	  0.000392702	  1.16574e-05	  12	  3.94807e-06
80	  0.391825	  0.267261	  0.000365623	  8.78461e-06	  24	  2.23238e-06
81	  0.431771	  0.485071	  0.000298428	  1.55082e-05	  24	  3.94102e-06
82	  0.491179	  0.639602	  0.000228743	  1.05733e-05	  24	  2.68693e-06
83	  0.563933	  0.742781	  0.000171157	  1.40925e-05	  24	  3.58123e-06
84	  0.645536	  0.811107	  0.000128147	  1.15017e-05	  24	  2.92285e-06
85	  0.733038	  0.857143	  9.71158e-05	  1.00294e-05	  24	  2.5487e-06
86	  0.824564	  0.889001	  7.48811e-05	  4.61974e-06	  24	  1.17399e-06
87	  0.918912	  0.911685	  5.87657e-05	  6.58621e-06	  24	  1.67371e-06
88	  0.418879	  0	  0.000317111	  2.87381e-06	  6	  1.31692e-06
89	  0.431771	  0.242536	  0.000298428	  6.5962e-06	  12	  2.23397e-06
90	  0.468321	  0.447214	  0.000253118	  1.17506e-05	  12	  3.97965e-06
91	  0.523599	  0.6	  0.000200477	  1.09773e-05	  12	  3.71773e-06
92	  0.592384	  0.707107	  0.000154211	  4.87181e-06	  12	  1.64996e-06
93	  0.670534	  0.780869	  0.000118025	  1.12792e-05	  12	  3.81997e-06
94	  0.755145	  0.83205	  9.10016e-05	  6.71118e-06	  12	  2.27291e-06
95	  0.844278	  0.868243	  7.10317e-05	  6.42221e-06	  12	  2.17504e-06
96	  0.936642	  0.894427	  5.6289e-05	  3.50482e-06	  12	  1.187e-06
97	  0.431771	  0	  0.000298428	  6.43819e-06	  12	  2.18045e-06
98	  0.444288	  0.235702	  0.000282116	  3.94663e-06	  24	  1.00293e-06
99	  0.479886	  0.436436	  0.000240238	  1.34927e-05	  24	  3.42882e-06
100	  0.533968	  0.588348	  0.000192286	  7.21231e-06	  24	  1.83282e-06
101	  0.601569	  0.696311	  0.000149161	  6.56541e-06	  24	  1.66843e-06
102	  0.678662	  0.771517	  0.000114957	  6.09964e-06	  24	  1.55007e-06
103	  0.762371	  0.824163	  8.90872e-05	  9.34868e-06	  24	  2.37572e-06
104	  0.850747	  0.86164	  6.98511e-05	  7.70409e-06	  24	  1.95779e-06
105	  0.942478	  0.888889	  5.55114e-05	  6.37983e-06	  24	  1.62127e-06
106	  0.444288	  0	  0.000282116	  5.8964e-06	  6	  2.70201e-06
107	  0.456463	  0.229416	  0.00026716	  1.04699e-05	  12	  3.54588e-06
108	  0.491179	  0.426401	  0.000228743	  8.90319e-06	  12	  3.01529e-06
109	  0.54414	  0.57735	  0.000184652	  3.23694e-06	  12	  1.09627e-06
110	  0.610616	  0.685994	  0.00014445	  1.13292e-05	  12	  3.83693e-06
111	  0.686693	  0.762493	  0.00011206	  7.20747e-06	  12	  2.44099e-06
112	  0.76953	  0.816497	  8.72914e-05	  6.38724e-06	  12	  2.1632e-06
113	  0.857168	  0.855186	  6.86794e-05	  3.67045e-06	  12	  1.24309e-06
114	  0.948278	  0.883452	  5.47385e-05	  2.91115e-06	  12	  9.85936e-07
115	  0.468321	  0	  0.000253118	  7.46353e-06	  12	  2.52771e-06
116	  0.479886	  0.218218	  0.000240238	  1.03616e-05	  24	  2.63314e-06
117	  0.51302	  0.408248	  0.000209203	  1.05419e-05	  24	  2.67895e-06
118	  0.563933	  0.557086	  0.000171157	  9.64207e-06	  24	  2.45028e-06
119	  0.628319	  0.666667	  0.000135839	  7.26052e-06	  24	  1.84507e-06
120	  0.702481	  0.745356	  0.000106629	  8.31952e-06	  24	  2.11419e-06
121	  0.783651	  0.801784	  8.38484e-05	  6.95081e-06	  24	  1.76637e-06
122	  0.869868	  0.842701	  6.64672e-05	  4.63645e-06	  24	  1.17823e-06
123	  0.959772	  0.872872	  5.32783e-05	  4.42889e-06	  24	  1.12549e-06
124	  0.523599	  0	  0.000200477	  5.25802e-06	  18	  1.50223e-06
125	  0.533968	  0.196116	  0.000192286	  5.00102e-06	  36	  1.08355e-06
126	  0.563933	  0.371391	  0.000171157	  4.80741e-06	  36	  1.04161e-06
127	  0.610616	  0.514496	  0.00014445	  5.63893e-06	  36	  1.22177e-06
128	  0.670534	  0.624695	  0.000118025	  5.94633e-06	  36	  1.28837e-06
129	  0.74048	  0.707107	  9.50147e-05	  6.33037e-06	  36	  1.37158e-06
130	  0.817887	  0.768221	  7.62607e-05	  5.41021e-06	  36	  1.17221e-06
131	  0.900833	  0.813733	  6.14503e-05	  4.94677e-06	  36	  1.0718e-06
132	  0.987924	  0.847998	  4.9893e-05	  4.18586e-06	  36	  9.06936e-07
133	  0.533968	  0	  0.000192286	  4.94606e-06	  12	  1.67511e-06
134	  0.54414	  0.19245	  0.000184652	  7.11084e-06	  24	  1.80704e-06
135	  0.573574	  0.365148	  0.000165194	  5.07026e-06	  24	  1.28848e-06
136	  0.61953	  0.507093	  0.000140033	  6.2668e-06	  24	  1.59254e-06
137	  0.678662	  0.617213	  0.000114957	  5.83723e-06	  24	  1.48338e-06
138	  0.747849	  0.70014	  9.29373e-05	  5.63887e-06	  24	  1.43297e-06
139	  0.824564	  0.762001	  7.48811e-05	  2.37325e-06	  24	  6.03101e-07
140	  0.9069	  0.80829	  6.0533e-05	  5.04386e-06	  24	  1.28177e-06
141	  0.993459	  0.843274	  4.92701e-05	  3.71207e-06	  24	  9.43326e-07
142	  0.563933	  0	  0.000171157	  2.10736e-06	  12	  7.1371e-07
143	  0.573574	  0.182574	  0.000165194	  4.14605e-06	  24	  1.05361e-06
144	  0.601569	  0.348155	  0.000149161	  5.1004e-06	  24	  1.29613e-06
145	  0.645536	  0.486664	  0.000128147	  5.8657e-06	  24	  1.49061e-06
146	  0.702481	  0.596285	  0.000106629	  6.01868e-06	  24	  1.52949e-06
147	  0.76953	  0.680414	  8.72914e-05	  3.49417e-06	  24	  8.87953e-07
148	  0.844278	  0.744208	  7.10317e-05	  5.73371e-06	  24	  1.45707e-06
149	  0.92486	  0.792594	  5.79216e-05	  4.44844e-06	  24	  1.13046e-06
150	  0.592384	  0	  0.000154211	  1.39227e-06	  6	  6.38005e-07
151	  0.601569	  0.174078	  0.000149161	  3.00683e-06	  12	  1.01834e-06
152	  0.628319	  0.333333	  0.000135839	  4.17094e-06	  12	  1.41259e-06
153	  0.670534	  0.468521	  0.000118025	  3.55814e-06	  12	  1.20505e-06
154	  0.72552	  0.57735	  9.93707e-05	  6.65736e-06	  12	  2.25468e-06
155	  0.790617	  0.662266	  8.22162e-05	  4.88692e-06	  12	  1.65508e-06
156	  0.863541	  0.727607	  6.75513e-05	  3.92664e-06	  12	  1.32986e-06
157	  0.942478	  0.777778	  5.55114e-05	  3.15938e-06	  12	  1.07e-06
158	  0.610616	  0	  0.00014445	  3.27552e-06	  12	  1.10934e-06
159	  0.61953	  0.169031	  0.000140033	  3.61373e-06	  24	  9.18335e-07
160	  0.645536	  0.324443	  0.000128147	  4.37251e-06	  24	  1.11116e-06
161	  0.686693	  0.457496	  0.00011206	  4.64676e-06	  24	  1.18085e-06
162	  0.74048	  0.565685	  9.50147e-05	  4.17116e-06	  24	  1.05999e-06
163	  0.804368	  0.650945	  7.91357e-05	  5.41481e-06	  24	  1.37603e-06
164	  0.876148	  0.717137	  6.5391e-05	  4.79717e-06	  24	  1.21908e-06
165	  0.954042	  0.76835	  5.39956e-05	  3.80751e-06	  24	  9.6758e-07
166	  0.628319	  0	  0.000135839	  1.00775e-05	  6	  4.61801e-06
167	  0.636985	  0.164399	  0.000131856	  5.28304e-06	  12	  1.78923e-06
168	  0.662306	  0.316228	  0.000121199	  3.33228e-06	  12	  1.12856e-06
169	  0.702481	  0.447214	  0.000106629	  1.91224e-06	  12	  6.47627e-07
170	  0.755145	  0.5547	  9.10016e-05	  2.67836e-06	  12	  9.07096e-07
171	  0.817887	  0.640184	  7.62607e-05	  3.1547e-06	  12	  1.06842e-06
172	  0.888577	  0.707107	  6.33722e-05	  3.28359e-06	  12	  1.11207e-06
173	  0.965468	  0.759257	  5.25652e-05	  4.03816e-06	  12	  1.36762e-06
174	  0.636985	  0	  0.000131856	  5.19159e-06	  12	  1.75826e-06
175	  0.645536	  0.162221	  0.000128147	  2.76802e-06	  24	  7.0342e-07
176	  0.670534	  0.312348	  0.000118025	  2.98913e-06	  24	  7.59609e-07
177	  0.710244	  0.442326	  0.000104113	  4.02613e-06	  24	  1.02314e-06
178	  0.762371	  0.549442	  8.90872e-05	  5.24517e-06	  24	  1.33293e-06
179	  0.824564	  0.635001	  7.48811e-05	  2.61277e-06	  24	  6.63969e-07
180	  0.894726	  0.702247	  6.23818e-05	  2.71482e-06	  24	  6.89902e-07
181	  0.971131	  0.754829	  5.18642e-05	  3.46193e-06	  24	  8.7976e-07
182	  0.662306	  0	  0.000121199	  2.9892e-06	  12	  1.01237e-06
183	  0.670534	  0.156174	  0.000118025	  2.83373e-06	  24	  7.20119e-07
184	  0.694632	  0.301511	  0.000109288	  2.92499e-06	  24	  7.43309e-07
185	  0.733038	  0.428571	  9.71158e-05	  4.25931e-06	  24	  1.08239e-06
186	  0.783651	  0.534522	  8.38484e-05	  3.22819e-06	  24	  8.2036e-07
187	  0.844278	  0.620174	  7.10317e-05	  3.2786e-06	  24	  8.33171e-07
188	  0.912926	  0.688247	  5.96217e-05	  2.5165e-06	  24	  6.39502e-07
189	  0.987924	  0.741999	  4.9893e-05	  2.87177e-06	  24	  7.29787e-07
190	  0.670534	  0	  0.000118025	  3.42551e-06	  12	  1.16014e-06
191	  0.678662	  0.154303	  0.000114957	  2.48176e-06	  24	  6.30674e-07
192	  0.702481	  0.298142	  0.000106629	  3.87295e-06	  24	  9.84209e-07
193	  0.74048	  0.424264	  9.50147e-05	  3.1664e-06	  24	  8.04658e-07
194	  0.790617	  0.529813	  8.22162e-05	  3.29245e-06	  24	  8.36692e-07
195	  0.850747	  0.615457	  6.98511e-05	  2.41795e-06	  24	  6.14461e-07
196	  0.918912	  0.683763	  5.87657e-05	  3.71176e-06	  24	  9.43249e-07
197	  0.993459	  0.737865	  4.92701e-05	  3.08434e-06	  24	  7.83806e-07
198	  0.702481	  0	  0.000106629	  1.61343e-06	  12	  5.46429e-07
199	  0.710244	  0.147442	  0.000104113	  3.12065e-06	  24	  7.93032e-07
200	  0.733038	  0.285714	  9.71158e-05	  3.97413e-06	  24	  1.00992e-06
201	  0.76953	  0.408248	  8.72914e-05	  3.30847e-06	  24	  8.40762e-07
202	  0.817887	  0.512148	  7.62607e-05	  4.62495e-06	  24	  1.17531e-06
203	  0.876148	  0.597614	  6.5391e-05	  3.73687e-06	  24	  9.4963e-07
204	  0.942478	  0.666667	  5.55114e-05	  3.18041e-06	  24	  8.08219e-07
205	  0.733038	  0	  9.71158e-05	  2.39483e-06	  6	  1.09743e-06
206	  0.74048	  0.141421	  9.50147e-05	  2.47757e-06	  12	  8.39092e-07
207	  0.762371	  0.274721	  8.90872e-05	  2.26536e-06	  12	  7.67222e-07
208	  0.797522	  0.393919	  8.0644e-05	  2.94332e-06	  12	  9.96829e-07
209	  0.844278	  0.496139	  7.10317e-05	  3.53335e-06	  12	  1.19666e-06
210	  0.900833	  0.581238	  6.14503e-05	  3.67499e-06	  12	  1.24463e-06
211	  0.965468	  0.650791	  5.25652e-05	  3.00679e-06	  12	  1.01832e-06
212	  0.74048	  0	  9.50147e-05	  2.5322e-06	  18	  7.23454e-07
213	  0.747849	  0.140028	  9.29373e-05	  3.48015e-06	  36	  7.54032e-07
214	  0.76953	  0.272166	  8.72914e-05	  2.6935e-06	  36	  5.83591e-07
215	  0.804368	  0.390567	  7.91357e-05	  3.84666e-06	  36	  8.33442e-07
216	  0.850747	  0.492366	  6.98511e-05	  2.31027e-06	  36	  5.00559e-07
217	  0.9069	  0.57735	  6.0533e-05	  2.32581e-06	  36	  5.03926e-07
218	  0.971131	  0.646997	  5.18642e-05	  3.88434e-06	  36	  8.41606e-07
219	  0.755145	  0	  9.10016e-05	  1.62287e-06	  12	  5.49625e-07
220	  0.762371	  0.137361	  8.90872e-05	  3.25608e-06	  24	  8.27448e-07
221	  0.783651	  0.267261	  8.38484e-05	  2.82551e-06	  24	  7.18031e-07
222	  0.817887	  0.384111	  7.62607e-05	  3.08522e-06	  24	  7.84029e-07
223	  0.863541	  0.485071	  6.75513e-05	  1.73821e-06	  24	  4.41721e-07
224	  0.918912	  0.569803	  5.87657e-05	  2.65553e-06	  24	  6.74835e-07
225	  0.982358	  0.639602	  5.05463e-05	  2.12738e-06	  24	  5.40619e-07
226	  0.762371	  0	  8.90872e-05	  1.43875e-06	  12	  4.87269e-07
227	  0.76953	  0.136083	  8.72914e-05	  3.31939e-06	  24	  8.43538e-07
228	  0.790617	  0.264906	  8.22162e-05	  2.28454e-06	  24	  5.80558e-07
229	  0.824564	  0.381	  7.48811e-05	  2.18113e-06	  24	  5.54278e-07
230	  0.869868	  0.481543	  6.64672e-05	  1.60377e-06	  24	  4.07556e-07
231	  0.92486	  0.566139	  5.79216e-05	  3.05882e-06	  24	  7.7732e-07
232	  0.987924	  0.635999	  4.9893e-05	  2.35527e-06	  24	  5.9853e-07
233	  0.797522	  0	  8.0644e-05	  2.56441e-06	  12	  8.68501e-07
234	  0.804368	  0.130189	  7.91357e-05	  3.0799e-06	  24	  7.82678e-07
235	  0.824564	  0.254	  7.48811e-05	  1.94315e-06	  24	  4.93803e-07
236	  0.857168	  0.366508	  6.86794e-05	  2.40909e-06	  24	  6.12207e-07
237	  0.900833	  0.464991	  6.14503e-05	  2.26782e-06	  24	  5.76307e-07
238	  0.954042	  0.548821	  5.39956e-05	  2.59939e-06	  24	  6.60568e-07
239	  0.817887	  0	  7.62607e-05	  1.90811e-06	  12	  6.4623e-07
240	  0.824564	  0.127	  7.48811e-05	  1.86221e-06	  24	  4.73231e-07
241	  0.844278	  0.248069	  7.10317e-05	  2.06853e-06	  24	  5.25663e-07
242	  0.876148	  0.358569	  6.5391e-05	  2.67353e-06	  24	  6.79409e-07
243	  0.918912	  0.455842	  5.87657e-05	  2.3582e-06	  24	  5.99275e-07
244	  0.971131	  0.539164	  5.18642e-05	  2.87888e-06	  24	  7.31593e-07
245	  0.837758	  0	  7.2289e-05	  2.30646e-06	  6	  1.05693e-06
246	  0.844278	  0.124035	  7.10317e-05	  3.11649e-06	  12	  1.05548e-06
247	  0.863541	  0.242536	  6.75513e-05	  1.05555e-06	  12	  3.57487e-07
248	  0.894726	  0.351123	  6.23818e-05	  1.90469e-06	  12	  6.45071e-07
249	  0.936642	  0.447214	  5.6289e-05	  1.86108e-06	  12	  6.303e-07
250	  0.987924	  0.529999	  4.9893e-05	  3.20439e-06	  12	  1.08525e-06
251	  0.844278	  0	  7.10317e-05	  2.68468e-06	  24	  6.82241e-07
252	  0.850747	  0.123091	  6.98511e-05	  2.23252e-06	  48	  4.33862e-07
253	  0.869868	  0.240772	  6.64672e-05	  1.90663e-06	  48	  3.70531e-07
254	  0.900833	  0.348743	  6.14503e-05	  2.22958e-06	  48	  4.33291e-07
255	  0.942478	  0.444444	  5.55114e-05	  2.12854e-06	  48	  4.13655e-07
256	  0.993459	  0.527046	  4.92701e-05	  2.35476e-06	  48	  4.57618e-07
257	  0.863541	  0	  6.75513e-05	  1.17536e-06	  12	  3.98065e-07
258	  0.869868	  0.120386	  6.64672e-05	  1.91787e-06	  24	  4.87376e-07
259	  0.888577	  0.235702	  6.33722e-05	  1.88672e-06	  24	  4.79462e-07
260	  0.918912	  0.341882	  5.87657e-05	  2.11909e-06	  24	  5.38513e-07
261	  0.959772	  0.436436	  5.32783e-05	  1.99189e-06	  24	  5.06188e-07
262	  0.888577	  0	  6.33722e-05	  1.83397e-06	  6	  8.40414e-07
263	  0.894726	  0.117041	  6.23818e-05	  1.36378e-06	  12	  4.61877e-07
264	  0.912926	  0.229416	  5.96217e-05	  1.91489e-06	  12	  6.48527e-07
265	  0.942478	  0.333333	  5.55114e-05	  2.05674e-06	  12	  6.96566e-07
266	  0.982358	  0.426401	  5.05463e-05	  2.0227e-06	  12	  6.8504e-07
267	  0.894726	  0	  6.23818e-05	  1.41756e-06	  12	  4.80091e-07
268	  0.900833	  0.116248	  6.14503e-05	  1.76268e-06	  24	  4.4794e-07
269	  0.918912	  0.227921	  5.87657e-05	  2.08291e-06	  24	  5.29317e-07
270	  0.948278	  0.331295	  5.47385e-05	  2.03896e-06	  24	  5.18148e-07
271	  0.987924	  0.423999	  4.9893e-05	  1.75277e-06	  24	  4.45422e-07
272	  0.900833	  0	  6.14503e-05	  2.30186e-06	  12	  7.79583e-07
273	  0.9069	  0.11547	  6.0533e-05	  1.69838e-06	  24	  4.31598e-07
274	  0.92486	  0.226455	  5.79216e-05	  1.35985e-06	  24	  3.4557e-07
275	  0.954042	  0.329293	  5.39956e-05	  2.07419e-06	  24	  5.27101e-07
276	  0.993459	  0.421637	  4.92701e-05	  1.83791e-06	  24	  4.67058e-07
277	  0.936642	  0	  5.6289e-05	  1.23208e-06	  12	  4.17273e-07
278	  0.942478	  0.111111	  5.55114e-05	  1.76078e-06	  24	  4.47457e-07
279	  0.959772	  0.218218	  5.32783e-05	  1.46757e-06	  24	  3.72944e-07
280	  0.987924	  0.317999	  4.9893e-05	  1.43749e-06	  24	  3.653e-07
281	  0.942478	  0	  5.55114e-05	  3.19302e-06	  6	  1.4632e-06
282	  0.948278	  0.110432	  5.47385e-05	  2.2083e-06	  12	  7.47897e-07
283	  0.965468	  0.21693	  5.25652e-05	  1.8297e-06	  12	  6.19673e-07
284	  0.993459	  0.316228	  4.92701e-05	  1.98914e-06	  12	  6.73673e-07
285	  0.948278	  0	  5.47385e-05	  2.0221e-06	  12	  6.84836e-07
286	  0.954042	  0.109764	  5.39956e-05	  1.48897e-06	  24	  3.78384e-07
287	  0.971131	  0.215666	  5.18642e-05	  1.15516e-06	  24	  2.93555e-07
288	  0.998963	  0.314485	  4.86634e-05	  1.59612e-06	  24	  4.05613e-07
289	  0.965468	  0	  5.25652e-05	  1.35513e-06	  24	  3.44372e-07
290	  0.971131	  0.107833	  5.18642e-05	  1.6399e-06	  48	  3.18695e-07
291	  0.987924	  0.212	  4.9893e-05	  1.73533e-06	  48	  3.37241e-07
292	  0.987924	  0	  4.9893e-05	  1.57389e-06	  12	  5.33037e-07
293	  0.993459	  0.105409	  4.92701e-05	  1.60897e-06	  24	  4.08878e-07
294	  0.993459	  0	  4.92701e-05	  1.3087e-06	  12	  4.43225e-07
295	  0.998963	  0.104828	  4.86634e-05	  1.31943e-06	  24	  3.35298e-07
296	  1.08818	  0.030936	  4.0048e-05	  1.26377e-06	  138	  1.70768e-07
297	  1.08818	  0.0938307	  4.0048e-05	  1.16063e-06	  252	  1.31145e-07
298	  1.08818	  0.156319	  4.0048e-05	  1.03723e-06	  72	  1.741e-07
299	  1.08818	  0.218712	  4.0048e-05	  1.1789e-06	  216	  1.39159e-07
300	  1.08818	  0.281224	  4.0048e-05	  1.38421e-06	  288	  1.50776e-07
301	  1.08818	  0.343807	  4.0048e-05	  1.31312e-06	  120	  1.85527e-07
302	  1.08818	  0.406302	  4.0048e-05	  1.81295e-06	  180	  2.25777e-07
303	  1.08818	  0.468745	  4.0048e-05	  1.749e-06	  180	  2.17813e-07
304	  1.08818	  0.531226	  4.0048e-05	  1.94622e-06	  192	  2.37768e-07
305	  1.08818	  0.593785	  4.0048e-05	  2.52634e-06	  192	  3.0864e-07
306	  1.08818	  0.656281	  4.0048e-05	  2.11444e-06	  168	  2.68855e-07
307	  1.08818	  0.718743	  4.0048e-05	  2.65667e-06	  228	  3.08776e-07
308	  1.08818	  0.781255	  4.0048e-05	  3.58315e-06	  144	  4.77754e-07
309	  1.08818	  0.843774	  4.0048e-05	  3.09498e-06	  240	  3.54529e-07
310	  1.08818	  0.90628	  4.0048e-05	  4.13873e-06	  168	  5.26246e-07
311	  1.08818	  0.968758	  4.0048e-05	  4.08754e-06	  150	  5.38123e-07
312	  1.25577	  0.030936	  2.88042e-05	  9.63862e-07	  198	  1.16692e-07
313	  1.25577	  0.0938307	  2.88042e-05	  9.91942e-07	  396	  9.94441e-08
314	  1.25577	  0.156319	  2.88042e-05	  9.48229e-07	  396	  9.50617e-08
315	  1.25577	  0.218712	  2.88042e-05	  8.97033e-07	  204	  1.07657e-07
316	  1.25577	  0.281224	  2.88042e-05	  1.06588e-06	  216	  1.25818e-07
317	  1.25577	  0.343807	  2.88042e-05	  1.05695e-06	  372	  1.07647e-07
318	  1.25577	  0.406302	  2.88042e-05	  1.18735e-06	  312	  1.26588e-07
319	  1.25577	  0.468745	  2.88042e-05	  1.18992e-06	  288	  1.29613e-07
320	  1.25577	  0.531226	  2.88042e-05	  1.56442e-06	  264	  1.74504e-07
321	  1.25577	  0.593785	  2.88042e-05	  1.45325e-06	  312	  1.54937e-07
322	  1.25577	  0.656281	  2.88042e-05	  1.62179e-06	  276	  1.7871e-07
323	  1.25577	  0.718743	  2.88042e-05	  1.8075e-06	  312	  1.92705e-07
324	  1.25577	  0.781255	  2.88042e-05	  2.07877e-06	  276	  2.29066e-07
325	  1.25577	  0.843774	  2.88042e-05	  2.20267e-06	  240	  2.52315e-07
326	  1.25577	  0.90628	  2.88042e-05	  2.52371e-06	  324	  2.66392e-07
327	  1.25577	  0.968758	  2.88042e-05	  2.86106e-06	  315	  3.04256e-07
328	  1.45182	  0.030936	  2.05474e-05	  6.76753e-07	  246	  7.69858e-08
329	  1.45182	  0.0938307	  2.05474e-05	  6.17798e-07	  516	  5.8087e-08
330	  1.45182	  0.156319	  2.05474e-05	  6.83381e-07	  504	  6.46093e-08
331	  1.45182	  0.218712	  2.05474e-05	  6.51326e-07	  528	  6.09116e-08
332	  1.45182	  0.281224	  2.05474e-05	  6.89386e-07	  504	  6.5177e-08
333	  1.45182	  0.343807	  2.05474e-05	  7.97434e-07	  384	  8.05656e-08
334	  1.45182	  0.406302	  2.05474e-05	  9.48604e-07	  420	  9.37173e-08
335	  1.45182	  0.468745	  2.05474e-05	  8.28006e-07	  468	  7.96749e-08
336	  1.45182	  0.531226	  2.05474e-05	  9.33529e-07	  480	  8.92861e-08
337	  1.45182	  0.593785	  2.05474e-05	  9.89121e-07	  468	  9.51781e-08
338	  1.45182	  0.656281	  2.05474e-05	  1.07868e-06	  396	  1.08139e-07
339	  1.45182	  0.718743	  2.05474e-05	  1.18297e-06	  456	  1.14546e-07
340	  1.45182	  0.781255	  2.05474e-05	  1.46861e-06	  432	  1.44089e-07
341	  1.45182	  0.843774	  2.05474e-05	  1.50432e-06	  480	  1.43878e-07
342	  1.45182	  0.90628	  2.05474e-05	  1.81741e-06	  480	  1.73824e-07
343	  1.45182	  0.968758	  2.05474e-05	  1.94572e-06	  414	  1.92913e-07
344	  1.68148	  0.030936	  1.45436e-05	  4.60941e-07	  798	  3.93642e-08
345	  1.68148	  0.0938307	  1.45436e-05	  5.21866e-07	  708	  4.57062e-08
346	  1.68148	  0.156319	  1.45436e-05	  4.73445e-07	  684	  4.17749e-08
347	  1.68148	  0.218712	  1.45436e-05	  5.19668e-07	  720	  4.53502e-08
348	  1.68148	  0.281224	  1.45436e-05	  5.26537e-07	  708	  4.61153e-08
349	  1.68148	  0.343807	  1.45436e-05	  5.535e-07	  720	  4.83027e-08
350	  1.68148	  0.406302	  1.45436e-05	  5.98173e-07	  672	  5.29837e-08
351	  1.68148	  0.468745	  1.45436e-05	  6.79739e-07	  732	  5.91109e-08
352	  1.68148	  0.531226	  1.45436e-05	  6.96311e-07	  672	  6.16763e-08
353	  1.68148	  0.593785	  1.45436e-05	  7.1711e-07	  708	  6.28061e-08
354	  1.68148	  0.656281	  1.45436e-05	  7.50118e-07	  744	  6.50066e-08
355	  1.68148	  0.718743	  1.45436e-05	  9.41915e-07	  744	  8.1628e-08
356	  1.68148	  0.781255	  1.45436e-05	  1.00832e-06	  696	  8.8636e-08
357	  1.68148	  0.843774	  1.45436e-05	  1.06781e-06	  708	  9.35211e-08
358	  1.68148	  0.90628	  1.45436e-05	  1.18912e-06	  696	  1.0453e-07
359	  1.68148	  0.968758	  1.45436e-05	  1.2879e-06	  741	  1.11707e-07
360	  1.94819	  0.030936	  1.02432e-05	  3.42179e-07	  1368	  2.63604e-08
361	  1.94819	  0.0938307	  1.02432e-05	  3.40541e-07	  924	  2.823e-08
362	  1.94819	  0.156319	  1.02432e-05	  3.64093e-07	  972	  2.9883e-08
363	  1.94819	  0.218712	  1.02432e-05	  3.84583e-07	  972	  3.15647e-08
364	  1.94819	  0.281224	  1.02432e-05	  3.50881e-07	  1200	  2.76731e-08
365	  1.94819	  0.343807	  1.02432e-05	  3.77156e-07	  1140	  3.00282e-08
366	  1.94819	  0.406302	  1.02432e-05	  4.11114e-07	  1080	  3.30655e-08
367	  1.94819	  0.468745	  1.02432e-05	  4.59537e-07	  1068	  3.70385e-08
368	  1.94819	  0.531226	  1.02432e-05	  4.39618e-07	  1164	  3.48664e-08
369	  1.94819	  0.593785	  1.02432e-05	  5.27949e-07	  1188	  4.17148e-08
370	  1.94819	  0.656281	  1.02432e-05	  5.36526e-07	  1068	  4.32437e-08
371	  1.94819	  0.718743	  1.02432e-05	  5.67168e-07	  1008	  4.62225e-08
372	  1.94819	  0.781255	  1.02432e-05	  6.46134e-07	  1164	  5.12453e-08
373	  1.94819	  0.843774	  1.02432e-05	  6.83474e-07	  1176	  5.41042e-08
374	  1.94819	  0.90628	  1.02432e-05	  7.41203e-07	  1080	  5.96142e-08
375	  1.94819	  0.968758	  1.02432e-05	  7.908e-07	  1038	  6.40853e-08
376	  2.25604	  0.030936	  7.19976e-06	  2.52153e-07	  1896	  1.83985e-08
377	  2.25604	  0.0938307	  7.19976e-06	  2.55683e-07	  1272	  1.99531e-08
378	  2.25604	  0.156319	  7.19976e-06	  2.49408e-07	  2040	  1.79924e-08
379	  2.25604	  0.218712	  7.19976e-06	  2.64167e-07	  1740	  1.95413e-08
380	  2.25604	  0.281224	  7.19976e-06	  2.6789e-07	  1584	  2.01255e-08
381	  2.25604	  0.343807	  7.19976e-06	  2.74566e-07	  1764	  2.02656e-08
382	  2.25604	  0.406302	  7.19976e-06	  2.86485e-07	  1632	  2.14158e-08
383	  2.25604	  0.468745	  7.19976e-06	  3.08086e-07	  1860	  2.25479e-08
384	  2.25604	  0.531226	  7.19976e-06	  3.30535e-07	  1560	  2.48954e-08
385	  2.25604	  0.593785	  7.19976e-06	  3.4457e-07	  1692	  2.56052e-08
386	  2.25604	  0.656281	  7.19976e-06	  3.79305e-07	  1704	  2.8154e-08
387	  2.25604	  0.718743	  7.19976e-06	  3.9714e-07	  1824	  2.91559e-08
388	  2.25604	  0.781255	  7.19976e-06	  4.24828e-07	  1668	  3.16434e-08
389	  2.25604	  0.843774	  7.19976e-06	  4.54262e-07	  1680	  3.3796e-08
390	  2.25604	  0.90628	  7.19976e-06	  4.90512e-07	  1776	  3.61649e-08
391	  2.25604	  0.968758	  7.19976e-06	  5.08712e-07	  1656	  3.79365e-08
392	  2.61216	  0.030936	  5.04692e-06	  1.89535e-07	  2586	  1.32039e-08
393	  2.61216	  0.0938307	  5.04692e-06	  1.82663e-07	  3036	  1.24483e-08
394	  2.61216	  0.156319	  5.04692e-06	  1.93987e-07	  2124	  1.39085e-08
395	  2.61216	  0.218712	  5.04692e-06	  1.85584e-07	  2940	  1.27019e-08
396	  2.61216	  0.281224	  5.04692e-06	  1.93174e-07	  2616	  1.34356e-08
397	  2.61216	  0.343807	  5.04692e-06	  2.02682e-07	  2448	  1.42306e-08
398	  2.61216	  0.406302	  5.04692e-06	  2.10382e-07	  2916	  1.4415e-08
399	  2.61216	  0.468745	  5.04692e-06	  2.16764e-07	  2544	  1.51358e-08
400	  2.61216	  0.531226	  5.04692e-06	  2.273e-07	  2652	  1.57788e-08
401	  2.61216	  0.593785	  5.04692e-06	  2.36427e-07	  2748	  1.63315e-08
402	  2.61216	  0.656281	  5.04692e-06	  2.58844e-07	  2676	  1.7946e-08
403	  2.61216	  0.718743	  5.04692e-06	  2.55517e-07	  2472	  1.7915e-08
404	  2.61216	  0.781255	  5.04692e-06	  2.75945e-07	  2616	  1.91924e-08
405	  2.61216	  0.843774	  5.04692e-06	  2.84419e-07	  2736	  1.96585e-08
406	  2.61216	  0.90628	  5.04692e-06	  2.99758e-07	  2568	  2.09032e-08
407	  2.61216	  0.968758	  5.04692e-06	  3.05139e-07	  2745	  2.1081e-08
408	  3.02645	  0.030936	  3.52029e-06	  1.39882e-07	  3414	  9.38812e-09
409	  3.02645	  0.0938307	  3.52029e-06	  1.35738e-07	  4512	  8.80764e-09
410	  3.02645	  0.156319	  3.52029e-06	  1.33927e-07	  4632	  8.66417e-09
411	  3.02645	  0.218712	  3.52029e-06	  1.31176e-07	  3972	  8.64018e-09
412	  3.02645	  0.281224	  3.52029e-06	  1.37013e-07	  4176	  8.97084e-09
413	  3.02645	  0.343807	  3.52029e-06	  1.43787e-07	  4344	  9.37093e-09
414	  3.02645	  0.406302	  3.52029e-06	  1.49169e-07	  4044	  9.80416e-09
415	  3.02645	  0.468745	  3.52029e-06	  1.52946e-07	  4092	  1.00383e-08
416	  3.02645	  0.531226	  3.52029e-06	  1.64418e-07	  4296	  1.07294e-08
417	  3.02645	  0.593785	  3.52029e-06	  1.66397e-07	  3996	  1.09521e-08
418	  3.02645	  0.656281	  3.52029e-06	  1.70469e-07	  4188	  1.11576e-08
419	  3.02645	  0.718743	  3.52029e-06	  1.83529e-07	  4212	  1.20043e-08
420	  3.02645	  0.781255	  3.52029e-06	  1.7843e-07	  4140	  1.16946e-08
421	  3.02645	  0.843774	  3.52029e-06	  1.81993e-07	  4128	  1.19322e-08
422	  3.02645	  0.90628	  3.52029e-06	  1.87989e-07	  4188	  1.23043e-08
423	  3.02645	  0.968758	  3.52029e-06	  1.84326e-07	  4128	  1.20852e-08
424	  3.50419	  0.030936	  2.45325e-06	  9.87464e-08	  7002	  6.1174e-09
425	  3.50419	  0.0938307	  2.45325e-06	  9.92664e-08	  6240	  6.21996e-09
426	  3.50419	  0.156319	  2.45325e-06	  9.46965e-08	  5964	  5.96103e-09
427	  3.50419	  0.218712	  2.45325e-06	  9.79882e-08	  6180	  6.14588e-09
428	  3.50419	  0.281224	  2.45325e-06	  9.89784e-08	  6420	  6.18422e-09
429	  3.50419	  0.343807	  2.45325e-06	  1.01464e-07	  6516	  6.33016e-09
430	  3.50419	  0.406302	  2.45325e-06	  1.04487e-07	  6312	  6.53948e-09
431	  3.50419	  0.468745	  2.45325e-06	  1.1063e-07	  6276	  6.92798e-09
432	  3.50419	  0.531226	  2.45325e-06	  1.09392e-07	  6360	  6.84128e-09
433	  3.50419	  0.593785	  2.45325e-06	  1.11041e-07	  6408	  6.93921e-09
434	  3.50419	  0.656281	  2.45325e-06	  1.19093e-07	  6360	  7.44799e-09
435	  3.50419	  0.718743	  2.45325e-06	  1.16344e-07	  6336	  7.2788e-09
436	  3.50419	  0.781255	  2.45325e-06	  1.12883e-07	  6372	  7.05829e-09
437	  3.50419	  0.843774	  2.45325e-06	  1.19345e-07	  6456	  7.45257e-09
438	  3.50419	  0.90628	  2.45325e-06	  1.13785e-07	  6360	  7.11602e-09
439	  3.50419	  0.968758	  2.45325e-06	  1.0884e-07	  6327	  6.81036e-09
440	  4.05763	  0.030936	  1.70477e-06	  7.13128e-08	  10392	  4.26519e-09
441	  4.05763	  0.0938307	  1.70477e-06	  6.88111e-08	  9420	  4.14953e-09
442	  4.05763	  0.156319	  1.70477e-06	  7.04383e-08	  10176	  4.22018e-09
443	  4.05763	  0.218712	  1.70477e-06	  7.01636e-08	  10260	  4.20087e-09
444	  4.05763	  0.281224	  1.70477e-06	  6.78004e-08	  9528	  4.08461e-09
445	  4.05763	  0.343807	  1.70477e-06	  6.95639e-08	  10140	  4.16901e-09
446	  4.05763	  0.406302	  1.70477e-06	  7.3134e-08	  9960	  4.38951e-09
447	  4.05763	  0.468745	  1.70477e-06	  7.29342e-08	  10068	  4.37359e-09
448	  4.05763	  0.531226	  1.70477e-06	  7.5482e-08	  9996	  4.52907e-09
449	  4.05763	  0.593785	  1.70477e-06	  7.31085e-08	  9828	  4.39288e-09
450	  4.05763	  0.656281	  1.70477e-06	  7.29094e-08	  10032	  4.3734e-09
451	  4.05763	  0.718743	  1.70477e-06	  7.25702e-08	  9924	  4.35698e-09
452	  4.05763	  0.781255	  1.70477e-06	  7.00298e-08	  10116	  4.19776e-09
453	  4.05763	  0.843774	  1.70477e-06	  6.94056e-08	  9888	  4.16825e-09
454	  4.05763	  0.90628	  1.70477e-06	  6.72809e-08	  10008	  4.03658e-09
455	  4.05763	  0.968758	  1.70477e-06	  6.18248e-08	  9978	  3.71017e-09
456	  4.69917	  0.030936	  1.18077e-06	  5.07565e-08	  13626	  2.97264e-09
457	  4.69917	  0.0938307	  1.18077e-06	  5.07229e-08	  16392	  2.93232e-09
458	  4.69917	  0.156319	  1.18077e-06	  4.96882e-08	  15708	  2.88086e-09
459	  4.69917	  0.218712	  1.18077e-06	  4.8741e-08	  15432	  2.82941e-09
460	  4.69917	  0.281224	  1.18077e-06	  4.79554e-08	  15780	  2.77953e-09
461	  4.69917	  0.343807	  1.18077e-06	  4.86361e-08	  15300	  2.825e-09
462	  4.69917	  0.406302	  1.18077e-06	  4.78155e-08	  15588	  2.77375e-09
463	  4.69917	  0.468745	  1.18077e-06	  4.87701e-08	  15396	  2.83156e-09
464	  4.69917	  0.531226	  1.18077e-06	  4.85923e-08	  15504	  2.81987e-09
465	  4.69917	  0.593785	  1.18077e-06	  4.71256e-08	  15660	  2.73287e-09
466	  4.69917	  0.656281	  1.18077e-06	  4.56214e-08	  15192	  2.6512e-09
467	  4.69917	  0.718743	  1.18077e-06	  4.48247e-08	  15600	  2.60012e-09
468	  4.69917	  0.781255	  1.18077e-06	  4.31485e-08	  15216	  2.50722e-09
469	  4.69917	  0.843774	  1.18077e-06	  4.07613e-08	  15516	  2.3653e-09
470	  4.69917	  0.90628	  1.18077e-06	  3.7754e-08	  15540	  2.19056e-09
471	  4.69917	  0.968758	  1.18077e-06	  3.50841e-08	  15405	  2.03688e-09
472	  5.4432	  0.030936	  8.15755e-07	  3.63631e-08	  26250	  2.04259e-09
473	  5.4432	  0.0938307	  8.15755e-07	  3.56498e-08	  22392	  2.02073e-09
474	  5.4432	  0.156319	  8.15755e-07	  3.49088e-08	  24516	  1.96839e-09
475	  5.4432	  0.218712	  8.15755e-07	  3.37775e-08	  23592	  1.90879e-09
476	  5.4432	  0.281224	  8.15755e-07	  3.35211e-08	  24264	  1.89125e-09
477	  5.4432	  0.343807	  8.15755e-07	  3.30199e-08	  23928	  1.86446e-09
478	  5.4432	  0.406302	  8.15755e-07	  3.20515e-08	  24120	  1.80895e-09
479	  5.4432	  0.468745	  8.15755e-07	  3.10466e-08	  23964	  1.75289e-09
480	  5.4432	  0.531226	  8.15755e-07	  3.05452e-08	  24060	  1.72418e-09
481	  5.4432	  0.593785	  8.15755e-07	  2.93779e-08	  24108	  1.6581e-09
482	  5.4432	  0.656281	  8.15755e-07	  2.78993e-08	  24228	  1.57421e-09
483	  5.4432	  0.718743	  8.15755e-07	  2.66099e-08	  24144	  1.50175e-09
484	  5.4432	  0.781255	  8.15755e-07	  2.45132e-08	  23940	  1.38409e-09
485	  5.4432	  0.843774	  8.15755e-07	  2.2248e-08	  24192	  1.25544e-09
486	  5.4432	  0.90628	  8.15755e-07	  2.07204e-08	  23988	  1.1698e-09
487	  5.4432	  0.968758	  8.15755e-07	  1.85132e-08	  24141	  1.04481e-09
488	  6.30378	  0.030936	  5.62645e-07	  2.55615e-08	  35082	  1.41455e-09
489	  6.30378	  0.0938307	  5.62645e-07	  2.47593e-08	  39108	  1.36317e-09
490	  6.30378	  0.156319	  5.62645e-07	  2.40378e-08	  36924	  1.32699e-09
491	  6.30378	  0.218712	  5.62645e-07	  2.33158e-08	  37692	  1.28589e-09
492	  6.30378	  0.281224	  5.62645e-07	  2.21022e-08	  37092	  1.21987e-09
493	  6.30378	  0.343807	  5.62645e-07	  2.18775e-08	  37536	  1.2068e-09
494	  6.30378	  0.406302	  5.62645e-07	  2.07923e-08	  36984	  1.14773e-09
495	  6.30378	  0.468745	  5.62645e-07	  1.98307e-08	  37428	  1.09404e-09
496	  6.30378	  0.531226	  5.62645e-07	  1.86333e-08	  37392	  1.02803e-09
497	  6.30378	  0.593785	  5.62645e-07	  1.74289e-08	  37200	  9.61812e-10
498	  6.30378	  0.656281	  5.62645e-07	  1.6119e-08	  36924	  8.89835e-10
499	  6.30378	  0.718743	  5.62645e-07	  1.48074e-08	  37272	  8.1707e-10
500	  6.30378	  0.781255	  5.62645e-07	  1.31462e-08	  37284	  7.25394e-10
501	  6.30378	  0.843774	  5.62645e-07	  1.18099e-08	  37188	  6.51736e-10
502	  6.30378	  0.90628	  5.62645e-07	  1.04721e-08	  37320	  5.77811e-10
503	  6.30378	  0.968758	  5.62645e-07	  9.01924e-09	  37119	  4.97775e-10
504	  7.30029	  0.030936	  3.87106e-07	  1.75675e-08	  60258	  9.49941e-10
505	  7.30029	  0.0938307	  3.87106e-07	  1.69779e-08	  56916	  9.20063e-10
506	  7.30029	  0.156319	  3.87106e-07	  1.62506e-08	  56820	  8.80703e-10
507	  7.30029	  0.218712	  3.87106e-07	  1.55089e-08	  58716	  8.39449e-10
508	  7.30029	  0.281224	  3.87106e-07	  1.46377e-08	  57840	  7.9275e-10
509	  7.30029	  0.343807	  3.87106e-07	  1.37339e-08	  57612	  7.43913e-10
510	  7.30029	  0.406302	  3.87106e-07	  1.2954e-08	  58464	  7.01275e-10
511	  7.30029	  0.468745	  3.87106e-07	  1.19746e-08	  57948	  6.48472e-10
512	  7.30029	  0.531226	  3.87106e-07	  1.10107e-08	  57708	  5.96372e-10
513	  7.30029	  0.593785	  3.87106e-07	  9.80927e-09	  58236	  5.31112e-10
514	  7.30029	  0.656281	  3.87106e-07	  8.74613e-09	  58008	  4.7362e-10
515	  7.30029	  0.718743	  3.87106e-07	  7.72386e-09	  58200	  4.18209e-10
516	  7.30029	  0.781255	  3.87106e-07	  6.61526e-09	  58128	  3.58201e-10
517	  7.30029	  0.843774	  3.87106e-07	  5.72101e-09	  57972	  3.09811e-10
518	  7.30029	  0.90628	  3.87106e-07	  4.83023e-09	  57960	  2.61575e-10
519	  7.30029	  0.968758	  3.87106e-07	  4.04336e-09	  58122	  2.18939e-10
520	  8.455	  0.030936	  2.65864e-07	  1.17241e-08	  90198	  6.2524e-10
521	  8.455	  0.0938307	  2.65864e-07	  1.13452e-08	  89292	  6.05225e-10
522	  8.455	  0.156319	  2.65864e-07	  1.08037e-08	  90804	  5.76035e-10
523	  8.455	  0.218712	  2.65864e-07	  9.93614e-09	  89628	  5.29996e-10
524	  8.455	  0.281224	  2.65864e-07	  9.22745e-09	  89844	  4.92157e-10
525	  8.455	  0.343807	  2.65864e-07	  8.48003e-09	  90636	  4.52169e-10
526	  8.455	  0.406302	  2.65864e-07	  7.65502e-09	  89628	  4.08321e-10
527	  8.455	  0.468745	  2.65864e-07	  6.79734e-09	  89772	  3.62554e-10
528	  8.455	  0.531226	  2.65864e-07	  6.02451e-09	  90324	  3.21271e-10
529	  8.455	  0.593785	  2.65864e-07	  5.16368e-09	  89784	  2.75417e-10
530	  8.455	  0.656281	  2.65864e-07	  4.361e-09	  90216	  2.32569e-10
531	  8.455	  0.718743	  2.65864e-07	  3.69991e-09	  89796	  1.97343e-10
532	  8.455	  0.781255	  2.65864e-07	  3.07032e-09	  90120	  1.63743e-10
533	  8.455	  0.843774	  2.65864e-07	  2.52173e-09	  90132	  1.34486e-10
534	  8.455	  0.90628	  2.65864e-07	  2.07476e-09	  89916	  1.10657e-10
535	  8.455	  0.968758	  2.65864e-07	  1.65463e-09	  89964	  8.82478e-11
536	  9.79129	  0.030936	  1.82229e-07	  7.67008e-09	  139068	  4.04072e-10
537	  9.79129	  0.0938307	  1.82229e-07	  7.31337e-09	  141180	  3.85132e-10
538	  9.79129	  0.156319	  1.82229e-07	  6.82594e-09	  139380	  3.59581e-10
539	  9.79129	  0.218712	  1.82229e-07	  6.19902e-09	  138804	  3.2659e-10
540	  9.79129	  0.281224	  1.82229e-07	  5.577e-09	  140952	  2.93705e-10
541	  9.79129	  0.343807	  1.82229e-07	  4.8947e-09	  139668	  2.57832e-10
542	  9.79129	  0.406302	  1.82229e-07	  4.24355e-09	  139464	  2.23541e-10
543	  9.79129	  0.468745	  1.82229e-07	  3.60276e-09	  139812	  1.89773e-10
544	  9.79129	  0.531226	  1.82229e-07	  3.01074e-09	  139884	  1.58587e-10
545	  9.79129	  0.593785	  1.82229e-07	  2.48369e-09	  140184	  1.30818e-10
546	  9.79129	  0.656281	  1.82229e-07	  2.0127e-09	  139404	  1.06026e-10
547	  9.79129	  0.718743	  1.82229e-07	  1.63255e-09	  139932	  8.5992e-11
548	  9.79129	  0.781255	  1.82229e-07	  1.30564e-09	  139980	  6.87716e-11
549	  9.79129	  0.843774	  1.82229e-07	  1.03142e-09	  139632	  5.43313e-11
550	  9.79129	  0.90628	  1.82229e-07	  8.12391e-10	  140088	  4.27901e-11
551	  9.79129	  0.968758	  1.82229e-07	  6.15426e-10	  139623	  3.24183e-11
