#n	   k	      mu	    PL	    Pf	     w	     err  
0	  0.10472	  1	  0.00379853	  0.000369752	  3	  0.000231964
1	  0.20944	  1	  0.00134928	  9.85122e-05	  3	  6.18017e-05
2	  0.314159	  1	  0.000632002	  9.34777e-05	  3	  5.86433e-05
3	  0.418879	  1	  0.000354209	  1.74389e-05	  3	  1.09403e-05
4	  0.523599	  1	  0.00022393	  3.15035e-05	  3	  1.97637e-05
5	  0.628319	  1	  0.000151731	  3.89834e-06	  3	  2.44563e-06
6	  0.733038	  1	  0.000108477	  1.12738e-05	  3	  7.07263e-06
7	  0.837758	  1	  8.07459e-05	  1.12245e-05	  3	  7.04167e-06
8	  0.942478	  1	  6.20055e-05	  4.27386e-06	  3	  2.68121e-06
9	  0.10472	  0	  0.00379853	  6.51004e-05	  6	  2.98322e-05
10	  0.148096	  0.707107	  0.00241558	  0.000106032	  12	  3.59103e-05
11	  0.23416	  0.894427	  0.00106881	  5.88027e-05	  12	  1.9915e-05
12	  0.331153	  0.948683	  0.000572332	  4.36121e-05	  12	  1.47703e-05
13	  0.431771	  0.970143	  0.00033334	  2.86931e-05	  12	  9.71763e-06
14	  0.533968	  0.980581	  0.000214781	  1.9997e-05	  12	  6.77248e-06
15	  0.636985	  0.986394	  0.000147282	  8.90357e-06	  12	  3.01542e-06
16	  0.74048	  0.989949	  0.00010613	  7.55864e-06	  12	  2.55992e-06
17	  0.844278	  0.992278	  7.93415e-05	  4.23246e-06	  12	  1.43343e-06
18	  0.948278	  0.993884	  6.11422e-05	  2.95384e-06	  12	  1.00039e-06
19	  0.148096	  0	  0.00241558	  3.24026e-05	  6	  1.48484e-05
20	  0.18138	  0.57735	  0.0017137	  5.01382e-05	  12	  1.69806e-05
21	  0.25651	  0.816497	  0.000940668	  4.73457e-05	  12	  1.60348e-05
22	  0.347316	  0.904534	  0.000515517	  4.4425e-05	  12	  1.50456e-05
23	  0.444288	  0.942809	  0.00031512	  2.279e-05	  12	  7.71841e-06
24	  0.54414	  0.96225	  0.000206254	  1.3329e-05	  12	  4.51421e-06
25	  0.645536	  0.973329	  0.000143139	  1.38806e-05	  12	  4.70101e-06
26	  0.747849	  0.980196	  0.00010381	  8.31056e-06	  12	  2.81458e-06
27	  0.850747	  0.984732	  7.80228e-05	  4.25302e-06	  12	  1.44039e-06
28	  0.954042	  0.987878	  6.03124e-05	  4.2161e-06	  12	  1.42789e-06
29	  0.20944	  0	  0.00134928	  1.95558e-05	  6	  8.96141e-06
30	  0.23416	  0.447214	  0.00106881	  2.09993e-05	  12	  7.11195e-06
31	  0.296192	  0.707107	  0.000695986	  2.26439e-05	  12	  7.66893e-06
32	  0.377572	  0.83205	  0.000438644	  2.53708e-05	  12	  8.59246e-06
33	  0.468321	  0.894427	  0.00028273	  2.94484e-05	  12	  9.97345e-06
34	  0.563933	  0.928477	  0.000191181	  1.44581e-05	  12	  4.89661e-06
35	  0.662306	  0.948683	  0.000135378	  7.41398e-06	  12	  2.51093e-06
36	  0.762371	  0.961524	  9.95093e-05	  5.05202e-06	  12	  1.71099e-06
37	  0.863541	  0.970143	  7.54539e-05	  6.52668e-06	  12	  2.21042e-06
38	  0.965468	  0.976187	  5.87146e-05	  4.34501e-06	  12	  1.47155e-06
39	  0.23416	  0	  0.00106881	  1.21154e-05	  12	  4.10318e-06
40	  0.25651	  0.408248	  0.000940668	  2.13697e-05	  24	  5.43057e-06
41	  0.314159	  0.666667	  0.000632002	  2.39257e-05	  24	  6.0801e-06
42	  0.391825	  0.801784	  0.000408396	  2.40683e-05	  24	  6.11633e-06
43	  0.479886	  0.872872	  0.000268343	  1.93151e-05	  24	  4.90843e-06
44	  0.573574	  0.912871	  0.000184519	  1.19738e-05	  24	  3.04282e-06
45	  0.670534	  0.937043	  0.000131833	  8.51002e-06	  24	  2.1626e-06
46	  0.76953	  0.952579	  9.75033e-05	  9.27213e-06	  24	  2.35627e-06
47	  0.869868	  0.963087	  7.4243e-05	  8.25681e-06	  24	  2.09825e-06
48	  0.971131	  0.970495	  5.79317e-05	  3.42525e-06	  24	  8.70438e-07
49	  0.296192	  0	  0.000695986	  9.87824e-06	  6	  4.52669e-06
50	  0.314159	  0.333333	  0.000632002	  1.25512e-05	  12	  4.25078e-06
51	  0.36276	  0.57735	  0.000471853	  1.07746e-05	  12	  3.64908e-06
52	  0.431771	  0.727607	  0.00033334	  1.22168e-05	  12	  4.13753e-06
53	  0.51302	  0.816497	  0.000233677	  1.10644e-05	  12	  3.74724e-06
54	  0.601569	  0.870388	  0.000166611	  9.97029e-06	  12	  3.37669e-06
55	  0.694632	  0.904534	  0.000122073	  8.23828e-06	  12	  2.7901e-06
56	  0.790617	  0.927173	  9.18345e-05	  5.71832e-06	  12	  1.93665e-06
57	  0.888577	  0.942809	  7.0786e-05	  2.75182e-06	  12	  9.31974e-07
58	  0.987924	  0.953998	  5.57298e-05	  5.97907e-06	  12	  2.02496e-06
59	  0.314159	  0	  0.000632002	  1.24608e-05	  6	  5.71013e-06
60	  0.331153	  0.316228	  0.000572332	  1.24582e-05	  12	  4.21927e-06
61	  0.377572	  0.5547	  0.000438644	  1.63934e-05	  12	  5.55205e-06
62	  0.444288	  0.707107	  0.00031512	  1.15809e-05	  12	  3.92217e-06
63	  0.523599	  0.8	  0.00022393	  1.8476e-05	  12	  6.25735e-06
64	  0.610616	  0.857493	  0.000161348	  1.06055e-05	  12	  3.59181e-06
65	  0.702481	  0.894427	  0.000119103	  7.20781e-06	  12	  2.4411e-06
66	  0.797522	  0.919145	  9.00783e-05	  7.49061e-06	  12	  2.53688e-06
67	  0.894726	  0.936329	  6.96796e-05	  5.08102e-06	  12	  1.72081e-06
68	  0.993459	  0.948683	  5.50341e-05	  3.69837e-06	  12	  1.25254e-06
69	  0.331153	  0	  0.000572332	  9.96345e-06	  12	  3.37437e-06
70	  0.347316	  0.301511	  0.000515517	  1.15834e-05	  24	  2.94361e-06
71	  0.391825	  0.534522	  0.000408396	  1.26386e-05	  24	  3.21176e-06
72	  0.456463	  0.688247	  0.000298414	  1.11079e-05	  24	  2.82279e-06
73	  0.533968	  0.784465	  0.000214781	  1.05784e-05	  24	  2.68823e-06
74	  0.61953	  0.845154	  0.000156415	  1.02305e-05	  24	  2.59982e-06
75	  0.710244	  0.884652	  0.000116293	  8.32243e-06	  24	  2.11493e-06
76	  0.804368	  0.911322	  8.83936e-05	  6.14089e-06	  24	  1.56055e-06
77	  0.900833	  0.929981	  6.86392e-05	  4.45105e-06	  24	  1.13112e-06
78	  0.998963	  0.943456	  5.43564e-05	  3.05663e-06	  24	  7.76763e-07
79	  0.377572	  0	  0.000438644	  7.04903e-06	  12	  2.38733e-06
80	  0.391825	  0.267261	  0.000408396	  8.07446e-06	  24	  2.05192e-06
81	  0.431771	  0.485071	  0.00033334	  7.73118e-06	  24	  1.96468e-06
82	  0.491179	  0.639602	  0.000255503	  6.40693e-06	  24	  1.62815e-06
83	  0.563933	  0.742781	  0.000191181	  9.26179e-06	  24	  2.35364e-06
84	  0.645536	  0.811107	  0.000143139	  1.02822e-05	  24	  2.61296e-06
85	  0.733038	  0.857143	  0.000108477	  6.02875e-06	  24	  1.53205e-06
86	  0.824564	  0.889001	  8.36412e-05	  6.9124e-06	  24	  1.75661e-06
87	  0.918912	  0.911685	  6.56405e-05	  6.01355e-06	  24	  1.52819e-06
88	  0.418879	  0	  0.000354209	  4.08617e-06	  6	  1.87248e-06
89	  0.431771	  0.242536	  0.00033334	  6.83873e-06	  12	  2.31611e-06
90	  0.468321	  0.447214	  0.00028273	  8.83943e-06	  12	  2.99369e-06
91	  0.523599	  0.6	  0.00022393	  1.08803e-05	  12	  3.6849e-06
92	  0.592384	  0.707107	  0.000172252	  9.61385e-06	  12	  3.25597e-06
93	  0.670534	  0.780869	  0.000131833	  7.4575e-06	  12	  2.52567e-06
94	  0.755145	  0.83205	  0.000101648	  7.09904e-06	  12	  2.40427e-06
95	  0.844278	  0.868243	  7.93415e-05	  4.80934e-06	  12	  1.6288e-06
96	  0.936642	  0.894427	  6.28741e-05	  3.94704e-06	  12	  1.33677e-06
97	  0.431771	  0	  0.00033334	  5.40965e-06	  12	  1.83212e-06
98	  0.444288	  0.235702	  0.00031512	  5.22701e-06	  24	  1.32831e-06
99	  0.479886	  0.436436	  0.000268343	  6.35013e-06	  24	  1.61372e-06
100	  0.533968	  0.588348	  0.000214781	  5.35237e-06	  24	  1.36017e-06
101	  0.601569	  0.696311	  0.000166611	  5.42793e-06	  24	  1.37937e-06
102	  0.678662	  0.771517	  0.000128405	  4.92511e-06	  24	  1.25159e-06
103	  0.762371	  0.824163	  9.95093e-05	  5.32329e-06	  24	  1.35278e-06
104	  0.850747	  0.86164	  7.80228e-05	  5.21027e-06	  24	  1.32406e-06
105	  0.942478	  0.888889	  6.20055e-05	  2.92376e-06	  24	  7.42998e-07
106	  0.444288	  0	  0.00031512	  3.99857e-06	  6	  1.83234e-06
107	  0.456463	  0.229416	  0.000298414	  4.49508e-06	  12	  1.52237e-06
108	  0.491179	  0.426401	  0.000255503	  5.1406e-06	  12	  1.74099e-06
109	  0.54414	  0.57735	  0.000206254	  2.97972e-06	  12	  1.00916e-06
110	  0.610616	  0.685994	  0.000161348	  8.42051e-06	  12	  2.85182e-06
111	  0.686693	  0.762493	  0.00012517	  9.52384e-06	  12	  3.22549e-06
112	  0.76953	  0.816497	  9.75033e-05	  6.18865e-06	  12	  2.09594e-06
113	  0.857168	  0.855186	  7.6714e-05	  6.47508e-06	  12	  2.19295e-06
114	  0.948278	  0.883452	  6.11422e-05	  3.20438e-06	  12	  1.08525e-06
115	  0.468321	  0	  0.00028273	  5.71189e-06	  12	  1.93447e-06
116	  0.479886	  0.218218	  0.000268343	  4.34559e-06	  24	  1.10432e-06
117	  0.51302	  0.408248	  0.000233677	  5.79445e-06	  24	  1.47251e-06
118	  0.563933	  0.557086	  0.000191181	  7.7623e-06	  24	  1.97259e-06
119	  0.628319	  0.666667	  0.000151731	  5.63491e-06	  24	  1.43197e-06
120	  0.702481	  0.745356	  0.000119103	  4.57702e-06	  24	  1.16313e-06
121	  0.783651	  0.801784	  9.36575e-05	  5.26409e-06	  24	  1.33773e-06
122	  0.869868	  0.842701	  7.4243e-05	  5.00495e-06	  24	  1.27188e-06
123	  0.959772	  0.872872	  5.95111e-05	  3.44288e-06	  24	  8.74918e-07
124	  0.523599	  0	  0.00022393	  6.33404e-06	  18	  1.80965e-06
125	  0.533968	  0.196116	  0.000214781	  3.93794e-06	  36	  8.5322e-07
126	  0.563933	  0.371391	  0.000191181	  5.28624e-06	  36	  1.14535e-06
127	  0.610616	  0.514496	  0.000161348	  4.44805e-06	  36	  9.63744e-07
128	  0.670534	  0.624695	  0.000131833	  4.22235e-06	  36	  9.14844e-07
129	  0.74048	  0.707107	  0.00010613	  3.85139e-06	  36	  8.34467e-07
130	  0.817887	  0.768221	  8.51823e-05	  3.56566e-06	  36	  7.72559e-07
131	  0.900833	  0.813733	  6.86392e-05	  3.19986e-06	  36	  6.93302e-07
132	  0.987924	  0.847998	  5.57298e-05	  3.34392e-06	  36	  7.24517e-07
133	  0.533968	  0	  0.000214781	  5.193e-06	  12	  1.75874e-06
134	  0.54414	  0.19245	  0.000206254	  4.6339e-06	  24	  1.17759e-06
135	  0.573574	  0.365148	  0.000184519	  4.0106e-06	  24	  1.01919e-06
136	  0.61953	  0.507093	  0.000156415	  5.03655e-06	  24	  1.27991e-06
137	  0.678662	  0.617213	  0.000128405	  3.39744e-06	  24	  8.63371e-07
138	  0.747849	  0.70014	  0.00010381	  6.36648e-06	  24	  1.61788e-06
139	  0.824564	  0.762001	  8.36412e-05	  3.4842e-06	  24	  8.85421e-07
140	  0.9069	  0.80829	  6.76145e-05	  3.1091e-06	  24	  7.90098e-07
141	  0.993459	  0.843274	  5.50341e-05	  3.17821e-06	  24	  8.07659e-07
142	  0.563933	  0	  0.000191181	  3.36246e-06	  12	  1.13878e-06
143	  0.573574	  0.182574	  0.000184519	  2.936e-06	  24	  7.46109e-07
144	  0.601569	  0.348155	  0.000166611	  3.85102e-06	  24	  9.78638e-07
145	  0.645536	  0.486664	  0.000143139	  5.49216e-06	  24	  1.39569e-06
146	  0.702481	  0.596285	  0.000119103	  4.07842e-06	  24	  1.03643e-06
147	  0.76953	  0.680414	  9.75033e-05	  5.14346e-06	  24	  1.30708e-06
148	  0.844278	  0.744208	  7.93415e-05	  3.55961e-06	  24	  9.04583e-07
149	  0.92486	  0.792594	  6.46977e-05	  2.66478e-06	  24	  6.77186e-07
150	  0.592384	  0	  0.000172252	  3.60101e-06	  6	  1.65016e-06
151	  0.601569	  0.174078	  0.000166611	  2.10557e-06	  12	  7.13103e-07
152	  0.628319	  0.333333	  0.000151731	  2.97932e-06	  12	  1.00902e-06
153	  0.670534	  0.468521	  0.000131833	  2.67403e-06	  12	  9.05627e-07
154	  0.72552	  0.57735	  0.000110996	  2.9206e-06	  12	  9.89136e-07
155	  0.790617	  0.662266	  9.18345e-05	  2.24441e-06	  12	  7.60126e-07
156	  0.863541	  0.727607	  7.54539e-05	  6.26578e-06	  12	  2.12206e-06
157	  0.942478	  0.777778	  6.20055e-05	  3.47008e-06	  12	  1.17523e-06
158	  0.610616	  0	  0.000161348	  2.7138e-06	  12	  9.19098e-07
159	  0.61953	  0.169031	  0.000156415	  3.12457e-06	  24	  7.94028e-07
160	  0.645536	  0.324443	  0.000143139	  4.3502e-06	  24	  1.10549e-06
161	  0.686693	  0.457496	  0.00012517	  5.47982e-06	  24	  1.39256e-06
162	  0.74048	  0.565685	  0.00010613	  3.35099e-06	  24	  8.51566e-07
163	  0.804368	  0.650945	  8.83936e-05	  2.80161e-06	  24	  7.11956e-07
164	  0.876148	  0.717137	  7.30409e-05	  2.68041e-06	  24	  6.81157e-07
165	  0.954042	  0.76835	  6.03124e-05	  1.95022e-06	  24	  4.95599e-07
166	  0.628319	  0	  0.000151731	  1.80981e-06	  6	  8.29341e-07
167	  0.636985	  0.164399	  0.000147282	  1.42908e-06	  12	  4.83994e-07
168	  0.662306	  0.316228	  0.000135378	  2.36873e-06	  12	  8.0223e-07
169	  0.702481	  0.447214	  0.000119103	  3.78774e-06	  12	  1.28281e-06
170	  0.755145	  0.5547	  0.000101648	  1.96736e-06	  12	  6.66297e-07
171	  0.817887	  0.640184	  8.51823e-05	  3.17882e-06	  12	  1.07659e-06
172	  0.888577	  0.707107	  7.0786e-05	  4.0084e-06	  12	  1.35754e-06
173	  0.965468	  0.759257	  5.87146e-05	  2.58552e-06	  12	  8.75652e-07
174	  0.636985	  0	  0.000147282	  1.44947e-06	  12	  4.90899e-07
175	  0.645536	  0.162221	  0.000143139	  4.13255e-06	  24	  1.05018e-06
176	  0.670534	  0.312348	  0.000131833	  2.84949e-06	  24	  7.24124e-07
177	  0.710244	  0.442326	  0.000116293	  3.82656e-06	  24	  9.7242e-07
178	  0.762371	  0.549442	  9.95093e-05	  3.33938e-06	  24	  8.48616e-07
179	  0.824564	  0.635001	  8.36412e-05	  2.67344e-06	  24	  6.79385e-07
180	  0.894726	  0.702247	  6.96796e-05	  4.35384e-06	  24	  1.10642e-06
181	  0.971131	  0.754829	  5.79317e-05	  2.8087e-06	  24	  7.13757e-07
182	  0.662306	  0	  0.000135378	  1.78091e-06	  12	  6.03151e-07
183	  0.670534	  0.156174	  0.000131833	  2.33431e-06	  24	  5.93203e-07
184	  0.694632	  0.301511	  0.000122073	  3.59792e-06	  24	  9.14318e-07
185	  0.733038	  0.428571	  0.000108477	  2.79989e-06	  24	  7.1152e-07
186	  0.783651	  0.534522	  9.36575e-05	  2.63123e-06	  24	  6.68659e-07
187	  0.844278	  0.620174	  7.93415e-05	  2.53787e-06	  24	  6.44934e-07
188	  0.912926	  0.688247	  6.65967e-05	  2.20188e-06	  24	  5.5955e-07
189	  0.987924	  0.741999	  5.57298e-05	  3.48907e-06	  24	  8.86657e-07
190	  0.670534	  0	  0.000131833	  1.89569e-06	  12	  6.42024e-07
191	  0.678662	  0.154303	  0.000128405	  1.97231e-06	  24	  5.01213e-07
192	  0.702481	  0.298142	  0.000119103	  2.81192e-06	  24	  7.14576e-07
193	  0.74048	  0.424264	  0.00010613	  2.98207e-06	  24	  7.57816e-07
194	  0.790617	  0.529813	  9.18345e-05	  1.92613e-06	  24	  4.89475e-07
195	  0.850747	  0.615457	  7.80228e-05	  2.70778e-06	  24	  6.88113e-07
196	  0.918912	  0.683763	  6.56405e-05	  1.98141e-06	  24	  5.03524e-07
197	  0.993459	  0.737865	  5.50341e-05	  2.49701e-06	  24	  6.34551e-07
198	  0.702481	  0	  0.000119103	  2.08053e-06	  12	  7.04625e-07
199	  0.710244	  0.147442	  0.000116293	  2.42505e-06	  24	  6.16263e-07
200	  0.733038	  0.285714	  0.000108477	  1.66676e-06	  24	  4.23564e-07
201	  0.76953	  0.408248	  9.75033e-05	  3.07846e-06	  24	  7.82312e-07
202	  0.817887	  0.512148	  8.51823e-05	  2.20012e-06	  24	  5.59103e-07
203	  0.876148	  0.597614	  7.30409e-05	  1.66712e-06	  24	  4.23656e-07
204	  0.942478	  0.666667	  6.20055e-05	  2.36028e-06	  24	  5.99804e-07
205	  0.733038	  0	  0.000108477	  2.47434e-06	  6	  1.13386e-06
206	  0.74048	  0.141421	  0.00010613	  1.89037e-06	  12	  6.40222e-07
207	  0.762371	  0.274721	  9.95093e-05	  1.97527e-06	  12	  6.68974e-07
208	  0.797522	  0.393919	  9.00783e-05	  1.66217e-06	  12	  5.62935e-07
209	  0.844278	  0.496139	  7.93415e-05	  2.70284e-06	  12	  9.15384e-07
210	  0.900833	  0.581238	  6.86392e-05	  1.96013e-06	  12	  6.63848e-07
211	  0.965468	  0.650791	  5.87146e-05	  2.67731e-06	  12	  9.06739e-07
212	  0.74048	  0	  0.00010613	  1.67116e-06	  18	  4.77454e-07
213	  0.747849	  0.140028	  0.00010381	  2.4731e-06	  36	  5.35838e-07
214	  0.76953	  0.272166	  9.75033e-05	  2.60802e-06	  36	  5.65072e-07
215	  0.804368	  0.390567	  8.83936e-05	  2.25499e-06	  36	  4.88581e-07
216	  0.850747	  0.492366	  7.80228e-05	  2.0406e-06	  36	  4.42131e-07
217	  0.9069	  0.57735	  6.76145e-05	  1.52022e-06	  36	  3.29381e-07
218	  0.971131	  0.646997	  5.79317e-05	  1.81642e-06	  36	  3.93557e-07
219	  0.755145	  0	  0.000101648	  1.68001e-06	  12	  5.68978e-07
220	  0.762371	  0.137361	  9.95093e-05	  2.07404e-06	  24	  5.27064e-07
221	  0.783651	  0.267261	  9.36575e-05	  1.5973e-06	  24	  4.05913e-07
222	  0.817887	  0.384111	  8.51823e-05	  1.67005e-06	  24	  4.244e-07
223	  0.863541	  0.485071	  7.54539e-05	  3.33622e-06	  24	  8.47814e-07
224	  0.918912	  0.569803	  6.56405e-05	  1.36214e-06	  24	  3.46154e-07
225	  0.982358	  0.639602	  5.64596e-05	  2.08725e-06	  24	  5.30421e-07
226	  0.762371	  0	  9.95093e-05	  1.15959e-06	  12	  3.92726e-07
227	  0.76953	  0.136083	  9.75033e-05	  2.42543e-06	  24	  6.16361e-07
228	  0.790617	  0.264906	  9.18345e-05	  1.25192e-06	  24	  3.18143e-07
229	  0.824564	  0.381	  8.36412e-05	  1.83633e-06	  24	  4.66657e-07
230	  0.869868	  0.481543	  7.4243e-05	  2.60857e-06	  24	  6.629e-07
231	  0.92486	  0.566139	  6.46977e-05	  2.05704e-06	  24	  5.22742e-07
232	  0.987924	  0.635999	  5.57298e-05	  2.42215e-06	  24	  6.15527e-07
233	  0.797522	  0	  9.00783e-05	  1.96436e-06	  12	  6.6528e-07
234	  0.804368	  0.130189	  8.83936e-05	  1.86297e-06	  24	  4.73425e-07
235	  0.824564	  0.254	  8.36412e-05	  1.60429e-06	  24	  4.07688e-07
236	  0.857168	  0.366508	  7.6714e-05	  1.66982e-06	  24	  4.24341e-07
237	  0.900833	  0.464991	  6.86392e-05	  1.56137e-06	  24	  3.96782e-07
238	  0.954042	  0.548821	  6.03124e-05	  2.08749e-06	  24	  5.30482e-07
239	  0.817887	  0	  8.51823e-05	  1.65572e-06	  12	  5.6075e-07
240	  0.824564	  0.127	  8.36412e-05	  1.54895e-06	  24	  3.93625e-07
241	  0.844278	  0.248069	  7.93415e-05	  1.54423e-06	  24	  3.92425e-07
242	  0.876148	  0.358569	  7.30409e-05	  1.63227e-06	  24	  4.14799e-07
243	  0.918912	  0.455842	  6.56405e-05	  1.29226e-06	  24	  3.28394e-07
244	  0.971131	  0.539164	  5.79317e-05	  1.35847e-06	  24	  3.45219e-07
245	  0.837758	  0	  8.07459e-05	  2.72183e-06	  6	  1.24727e-06
246	  0.844278	  0.124035	  7.93415e-05	  1.74088e-06	  12	  5.89593e-07
247	  0.863541	  0.242536	  7.54539e-05	  1.13904e-06	  12	  3.85765e-07
248	  0.894726	  0.351123	  6.96796e-05	  1.2109e-06	  12	  4.10103e-07
249	  0.936642	  0.447214	  6.28741e-05	  1.28092e-06	  12	  4.33815e-07
250	  0.987924	  0.529999	  5.57298e-05	  1.39224e-06	  12	  4.71516e-07
251	  0.844278	  0	  7.93415e-05	  1.50492e-06	  24	  3.82435e-07
252	  0.850747	  0.123091	  7.80228e-05	  1.31371e-06	  48	  2.55303e-07
253	  0.869868	  0.240772	  7.4243e-05	  1.64856e-06	  48	  3.20376e-07
254	  0.900833	  0.348743	  6.86392e-05	  1.25677e-06	  48	  2.44238e-07
255	  0.942478	  0.444444	  6.20055e-05	  1.27046e-06	  48	  2.46897e-07
256	  0.993459	  0.527046	  5.50341e-05	  1.40234e-06	  48	  2.72526e-07
257	  0.863541	  0	  7.54539e-05	  9.10953e-07	  12	  3.08517e-07
258	  0.869868	  0.120386	  7.4243e-05	  1.54059e-06	  24	  3.915e-07
259	  0.888577	  0.235702	  7.0786e-05	  1.22007e-06	  24	  3.1005e-07
260	  0.918912	  0.341882	  6.56405e-05	  1.59135e-06	  24	  4.04402e-07
261	  0.959772	  0.436436	  5.95111e-05	  1.39141e-06	  24	  3.53591e-07
262	  0.888577	  0	  7.0786e-05	  1.27317e-06	  6	  5.83427e-07
263	  0.894726	  0.117041	  6.96796e-05	  1.70516e-06	  12	  5.77495e-07
264	  0.912926	  0.229416	  6.65967e-05	  1.59895e-06	  12	  5.41524e-07
265	  0.942478	  0.333333	  6.20055e-05	  1.30774e-06	  12	  4.42899e-07
266	  0.982358	  0.426401	  5.64596e-05	  1.47348e-06	  12	  4.99031e-07
267	  0.894726	  0	  6.96796e-05	  9.23559e-07	  12	  3.12787e-07
268	  0.900833	  0.116248	  6.86392e-05	  9.31673e-07	  24	  2.36761e-07
269	  0.918912	  0.227921	  6.56405e-05	  1.8118e-06	  24	  4.60421e-07
270	  0.948278	  0.331295	  6.11422e-05	  1.55427e-06	  24	  3.94977e-07
271	  0.987924	  0.423999	  5.57298e-05	  1.2867e-06	  24	  3.26982e-07
272	  0.900833	  0	  6.86392e-05	  9.34326e-07	  12	  3.16433e-07
273	  0.9069	  0.11547	  6.76145e-05	  7.8902e-07	  24	  2.00509e-07
274	  0.92486	  0.226455	  6.46977e-05	  1.02579e-06	  24	  2.60678e-07
275	  0.954042	  0.329293	  6.03124e-05	  1.04536e-06	  24	  2.6565e-07
276	  0.993459	  0.421637	  5.50341e-05	  9.64827e-07	  24	  2.45186e-07
277	  0.936642	  0	  6.28741e-05	  8.307e-07	  12	  2.81337e-07
278	  0.942478	  0.111111	  6.20055e-05	  9.21064e-07	  24	  2.34065e-07
279	  0.959772	  0.218218	  5.95111e-05	  1.34333e-06	  24	  3.41372e-07
280	  0.987924	  0.317999	  5.57298e-05	  1.49122e-06	  24	  3.78955e-07
281	  0.942478	  0	  6.20055e-05	  1.41341e-06	  6	  6.47691e-07
282	  0.948278	  0.110432	  6.11422e-05	  1.30467e-06	  12	  4.41861e-07
283	  0.965468	  0.21693	  5.87146e-05	  1.10718e-06	  12	  3.74974e-07
284	  0.993459	  0.316228	  5.50341e-05	  1.08899e-06	  12	  3.68815e-07
285	  0.948278	  0	  6.11422e-05	  1.36216e-06	  12	  4.61329e-07
286	  0.954042	  0.109764	  6.03124e-05	  8.64218e-07	  24	  2.19619e-07
287	  0.971131	  0.215666	  5.79317e-05	  1.48669e-06	  24	  3.77803e-07
288	  0.998963	  0.314485	  5.43564e-05	  1.74964e-06	  24	  4.44625e-07
289	  0.965468	  0	  5.87146e-05	  1.2045e-06	  24	  3.06092e-07
290	  0.971131	  0.107833	  5.79317e-05	  1.19293e-06	  48	  2.3183e-07
291	  0.987924	  0.212	  5.57298e-05	  9.58259e-07	  48	  1.86226e-07
292	  0.987924	  0	  5.57298e-05	  6.34892e-07	  12	  2.15022e-07
293	  0.993459	  0.105409	  5.50341e-05	  7.60377e-07	  24	  1.9323e-07
294	  0.993459	  0	  5.50341e-05	  9.30605e-07	  12	  3.15173e-07
295	  0.998963	  0.104828	  5.43564e-05	  1.61903e-06	  24	  4.11435e-07
296	  1.08818	  0.030936	  4.47331e-05	  8.12569e-07	  138	  1.09799e-07
297	  1.08818	  0.0938307	  4.47331e-05	  8.66922e-07	  252	  9.7957e-08
298	  1.08818	  0.156319	  4.47331e-05	  6.33874e-07	  72	  1.06396e-07
299	  1.08818	  0.218712	  4.47331e-05	  9.51477e-07	  216	  1.12314e-07
300	  1.08818	  0.281224	  4.47331e-05	  8.74361e-07	  288	  9.52403e-08
301	  1.08818	  0.343807	  4.47331e-05	  9.29863e-07	  120	  1.31378e-07
302	  1.08818	  0.406302	  4.47331e-05	  1.32468e-06	  180	  1.64969e-07
303	  1.08818	  0.468745	  4.47331e-05	  1.174e-06	  180	  1.46205e-07
304	  1.08818	  0.531226	  4.47331e-05	  1.31101e-06	  192	  1.60165e-07
305	  1.08818	  0.593785	  4.47331e-05	  1.75486e-06	  192	  2.14389e-07
306	  1.08818	  0.656281	  4.47331e-05	  1.7581e-06	  168	  2.23546e-07
307	  1.08818	  0.718743	  4.47331e-05	  1.85066e-06	  228	  2.15096e-07
308	  1.08818	  0.781255	  4.47331e-05	  2.13728e-06	  144	  2.84971e-07
309	  1.08818	  0.843774	  4.47331e-05	  2.34141e-06	  240	  2.68208e-07
310	  1.08818	  0.90628	  4.47331e-05	  2.47123e-06	  168	  3.14222e-07
311	  1.08818	  0.968758	  4.47331e-05	  3.74582e-06	  150	  4.93135e-07
312	  1.25577	  0.030936	  3.21739e-05	  6.05376e-07	  198	  7.3291e-08
313	  1.25577	  0.0938307	  3.21739e-05	  6.33601e-07	  396	  6.35197e-08
314	  1.25577	  0.156319	  3.21739e-05	  6.25145e-07	  396	  6.2672e-08
315	  1.25577	  0.218712	  3.21739e-05	  5.80144e-07	  204	  6.96254e-08
316	  1.25577	  0.281224	  3.21739e-05	  7.69723e-07	  216	  9.08592e-08
317	  1.25577	  0.343807	  3.21739e-05	  7.34466e-07	  372	  7.48036e-08
318	  1.25577	  0.406302	  3.21739e-05	  8.66604e-07	  312	  9.2392e-08
319	  1.25577	  0.468745	  3.21739e-05	  9.22298e-07	  288	  1.00462e-07
320	  1.25577	  0.531226	  3.21739e-05	  9.947e-07	  264	  1.10955e-07
321	  1.25577	  0.593785	  3.21739e-05	  1.02081e-06	  312	  1.08832e-07
322	  1.25577	  0.656281	  3.21739e-05	  1.18927e-06	  276	  1.31049e-07
323	  1.25577	  0.718743	  3.21739e-05	  1.37533e-06	  312	  1.4663e-07
324	  1.25577	  0.781255	  3.21739e-05	  1.55517e-06	  276	  1.71369e-07
325	  1.25577	  0.843774	  3.21739e-05	  1.63989e-06	  240	  1.87849e-07
326	  1.25577	  0.90628	  3.21739e-05	  1.71099e-06	  324	  1.80605e-07
327	  1.25577	  0.968758	  3.21739e-05	  2.02174e-06	  315	  2.14999e-07
328	  1.45182	  0.030936	  2.29512e-05	  5.34089e-07	  246	  6.07568e-08
329	  1.45182	  0.0938307	  2.29512e-05	  4.89602e-07	  516	  4.60337e-08
330	  1.45182	  0.156319	  2.29512e-05	  4.82734e-07	  504	  4.56393e-08
331	  1.45182	  0.218712	  2.29512e-05	  4.59897e-07	  528	  4.30093e-08
332	  1.45182	  0.281224	  2.29512e-05	  5.1497e-07	  504	  4.86871e-08
333	  1.45182	  0.343807	  2.29512e-05	  5.30877e-07	  384	  5.3635e-08
334	  1.45182	  0.406302	  2.29512e-05	  5.70083e-07	  420	  5.63213e-08
335	  1.45182	  0.468745	  2.29512e-05	  6.10335e-07	  468	  5.87295e-08
336	  1.45182	  0.531226	  2.29512e-05	  7.0174e-07	  480	  6.71169e-08
337	  1.45182	  0.593785	  2.29512e-05	  7.43317e-07	  468	  7.15257e-08
338	  1.45182	  0.656281	  2.29512e-05	  7.6437e-07	  396	  7.66296e-08
339	  1.45182	  0.718743	  2.29512e-05	  9.16103e-07	  456	  8.87056e-08
340	  1.45182	  0.781255	  2.29512e-05	  9.48926e-07	  432	  9.31015e-08
341	  1.45182	  0.843774	  2.29512e-05	  1.10602e-06	  480	  1.05784e-07
342	  1.45182	  0.90628	  2.29512e-05	  1.18633e-06	  480	  1.13465e-07
343	  1.45182	  0.968758	  2.29512e-05	  1.33202e-06	  414	  1.32066e-07
344	  1.68148	  0.030936	  1.6245e-05	  3.23863e-07	  798	  2.76577e-08
345	  1.68148	  0.0938307	  1.6245e-05	  3.61638e-07	  708	  3.16731e-08
346	  1.68148	  0.156319	  1.6245e-05	  3.42367e-07	  684	  3.02091e-08
347	  1.68148	  0.218712	  1.6245e-05	  3.44971e-07	  720	  3.01048e-08
348	  1.68148	  0.281224	  1.6245e-05	  3.67688e-07	  708	  3.22029e-08
349	  1.68148	  0.343807	  1.6245e-05	  3.84183e-07	  720	  3.35268e-08
350	  1.68148	  0.406302	  1.6245e-05	  4.3423e-07	  672	  3.84623e-08
351	  1.68148	  0.468745	  1.6245e-05	  4.42336e-07	  732	  3.8466e-08
352	  1.68148	  0.531226	  1.6245e-05	  5.35447e-07	  672	  4.74277e-08
353	  1.68148	  0.593785	  1.6245e-05	  5.40762e-07	  708	  4.73612e-08
354	  1.68148	  0.656281	  1.6245e-05	  5.86323e-07	  744	  5.08118e-08
355	  1.68148	  0.718743	  1.6245e-05	  6.18376e-07	  744	  5.35895e-08
356	  1.68148	  0.781255	  1.6245e-05	  6.91349e-07	  696	  6.07729e-08
357	  1.68148	  0.843774	  1.6245e-05	  7.85887e-07	  708	  6.88298e-08
358	  1.68148	  0.90628	  1.6245e-05	  7.60226e-07	  696	  6.68276e-08
359	  1.68148	  0.968758	  1.6245e-05	  7.94146e-07	  741	  6.8881e-08
360	  1.94819	  0.030936	  1.14415e-05	  2.53146e-07	  1368	  1.95016e-08
361	  1.94819	  0.0938307	  1.14415e-05	  2.54287e-07	  924	  2.10798e-08
362	  1.94819	  0.156319	  1.14415e-05	  2.73076e-07	  972	  2.24127e-08
363	  1.94819	  0.218712	  1.14415e-05	  2.71774e-07	  972	  2.23058e-08
364	  1.94819	  0.281224	  1.14415e-05	  2.53409e-07	  1200	  1.99857e-08
365	  1.94819	  0.343807	  1.14415e-05	  2.81968e-07	  1140	  2.24496e-08
366	  1.94819	  0.406302	  1.14415e-05	  2.94901e-07	  1080	  2.37186e-08
367	  1.94819	  0.468745	  1.14415e-05	  3.45769e-07	  1068	  2.78688e-08
368	  1.94819	  0.531226	  1.14415e-05	  3.54704e-07	  1164	  2.81318e-08
369	  1.94819	  0.593785	  1.14415e-05	  3.51212e-07	  1188	  2.77503e-08
370	  1.94819	  0.656281	  1.14415e-05	  3.81521e-07	  1068	  3.07504e-08
371	  1.94819	  0.718743	  1.14415e-05	  3.978e-07	  1008	  3.24196e-08
372	  1.94819	  0.781255	  1.14415e-05	  4.67487e-07	  1164	  3.70767e-08
373	  1.94819	  0.843774	  1.14415e-05	  4.5752e-07	  1176	  3.62176e-08
374	  1.94819	  0.90628	  1.14415e-05	  4.76652e-07	  1080	  3.83366e-08
375	  1.94819	  0.968758	  1.14415e-05	  5.21132e-07	  1038	  4.22318e-08
376	  2.25604	  0.030936	  8.04204e-06	  1.86956e-07	  1896	  1.36414e-08
377	  2.25604	  0.0938307	  8.04204e-06	  1.86306e-07	  1272	  1.45391e-08
378	  2.25604	  0.156319	  8.04204e-06	  1.86037e-07	  2040	  1.34208e-08
379	  2.25604	  0.218712	  8.04204e-06	  1.97032e-07	  1740	  1.45751e-08
380	  2.25604	  0.281224	  8.04204e-06	  2.03395e-07	  1584	  1.52803e-08
381	  2.25604	  0.343807	  8.04204e-06	  2.05388e-07	  1764	  1.51596e-08
382	  2.25604	  0.406302	  8.04204e-06	  2.25497e-07	  1632	  1.68568e-08
383	  2.25604	  0.468745	  8.04204e-06	  2.3086e-07	  1860	  1.68959e-08
384	  2.25604	  0.531226	  8.04204e-06	  2.47032e-07	  1560	  1.86061e-08
385	  2.25604	  0.593785	  8.04204e-06	  2.51058e-07	  1692	  1.86563e-08
386	  2.25604	  0.656281	  8.04204e-06	  2.64503e-07	  1704	  1.96327e-08
387	  2.25604	  0.718743	  8.04204e-06	  2.9281e-07	  1824	  2.14965e-08
388	  2.25604	  0.781255	  8.04204e-06	  3.02462e-07	  1668	  2.25289e-08
389	  2.25604	  0.843774	  8.04204e-06	  2.89044e-07	  1680	  2.15041e-08
390	  2.25604	  0.90628	  8.04204e-06	  2.96544e-07	  1776	  2.18639e-08
391	  2.25604	  0.968758	  8.04204e-06	  3.27634e-07	  1656	  2.44329e-08
392	  2.61216	  0.030936	  5.63734e-06	  1.35588e-07	  2586	  9.44569e-09
393	  2.61216	  0.0938307	  5.63734e-06	  1.33855e-07	  3036	  9.12208e-09
394	  2.61216	  0.156319	  5.63734e-06	  1.43627e-07	  2124	  1.02978e-08
395	  2.61216	  0.218712	  5.63734e-06	  1.33765e-07	  2940	  9.15526e-09
396	  2.61216	  0.281224	  5.63734e-06	  1.41693e-07	  2616	  9.855e-09
397	  2.61216	  0.343807	  5.63734e-06	  1.46222e-07	  2448	  1.02665e-08
398	  2.61216	  0.406302	  5.63734e-06	  1.56709e-07	  2916	  1.07375e-08
399	  2.61216	  0.468745	  5.63734e-06	  1.5397e-07	  2544	  1.07512e-08
400	  2.61216	  0.531226	  5.63734e-06	  1.67613e-07	  2652	  1.16355e-08
401	  2.61216	  0.593785	  5.63734e-06	  1.74181e-07	  2748	  1.20318e-08
402	  2.61216	  0.656281	  5.63734e-06	  1.79944e-07	  2676	  1.24757e-08
403	  2.61216	  0.718743	  5.63734e-06	  1.87727e-07	  2472	  1.31621e-08
404	  2.61216	  0.781255	  5.63734e-06	  1.85105e-07	  2616	  1.28744e-08
405	  2.61216	  0.843774	  5.63734e-06	  1.97551e-07	  2736	  1.36543e-08
406	  2.61216	  0.90628	  5.63734e-06	  1.91339e-07	  2568	  1.33427e-08
407	  2.61216	  0.968758	  5.63734e-06	  1.89753e-07	  2745	  1.31094e-08
408	  3.02645	  0.030936	  3.93212e-06	  1.00417e-07	  3414	  6.73942e-09
409	  3.02645	  0.0938307	  3.93212e-06	  1.01868e-07	  4512	  6.60994e-09
410	  3.02645	  0.156319	  3.93212e-06	  9.92424e-08	  4632	  6.42031e-09
411	  3.02645	  0.218712	  3.93212e-06	  9.53287e-08	  3972	  6.27902e-09
412	  3.02645	  0.281224	  3.93212e-06	  1.00842e-07	  4176	  6.60258e-09
413	  3.02645	  0.343807	  3.93212e-06	  1.04838e-07	  4344	  6.83255e-09
414	  3.02645	  0.406302	  3.93212e-06	  1.11373e-07	  4044	  7.31999e-09
415	  3.02645	  0.468745	  3.93212e-06	  1.10214e-07	  4092	  7.23364e-09
416	  3.02645	  0.531226	  3.93212e-06	  1.1154e-07	  4296	  7.27875e-09
417	  3.02645	  0.593785	  3.93212e-06	  1.12819e-07	  3996	  7.42568e-09
418	  3.02645	  0.656281	  3.93212e-06	  1.19036e-07	  4188	  7.79119e-09
419	  3.02645	  0.718743	  3.93212e-06	  1.21123e-07	  4212	  7.92248e-09
420	  3.02645	  0.781255	  3.93212e-06	  1.20058e-07	  4140	  7.86879e-09
421	  3.02645	  0.843774	  3.93212e-06	  1.22685e-07	  4128	  8.04374e-09
422	  3.02645	  0.90628	  3.93212e-06	  1.21618e-07	  4188	  7.96021e-09
423	  3.02645	  0.968758	  3.93212e-06	  1.19904e-07	  4128	  7.86144e-09
424	  3.50419	  0.030936	  2.74025e-06	  7.1341e-08	  7002	  4.41961e-09
425	  3.50419	  0.0938307	  2.74025e-06	  7.23942e-08	  6240	  4.53617e-09
426	  3.50419	  0.156319	  2.74025e-06	  7.31897e-08	  5964	  4.6072e-09
427	  3.50419	  0.218712	  2.74025e-06	  7.01796e-08	  6180	  4.4017e-09
428	  3.50419	  0.281224	  2.74025e-06	  7.08833e-08	  6420	  4.42883e-09
429	  3.50419	  0.343807	  2.74025e-06	  7.21229e-08	  6516	  4.49962e-09
430	  3.50419	  0.406302	  2.74025e-06	  7.6283e-08	  6312	  4.77431e-09
431	  3.50419	  0.468745	  2.74025e-06	  7.55653e-08	  6276	  4.73211e-09
432	  3.50419	  0.531226	  2.74025e-06	  7.53571e-08	  6360	  4.71277e-09
433	  3.50419	  0.593785	  2.74025e-06	  7.60317e-08	  6408	  4.75139e-09
434	  3.50419	  0.656281	  2.74025e-06	  7.60635e-08	  6360	  4.75696e-09
435	  3.50419	  0.718743	  2.74025e-06	  7.57549e-08	  6336	  4.73945e-09
436	  3.50419	  0.781255	  2.74025e-06	  7.48943e-08	  6372	  4.68295e-09
437	  3.50419	  0.843774	  2.74025e-06	  7.45343e-08	  6456	  4.65435e-09
438	  3.50419	  0.90628	  2.74025e-06	  7.05232e-08	  6360	  4.41047e-09
439	  3.50419	  0.968758	  2.74025e-06	  6.60099e-08	  6327	  4.13036e-09
440	  4.05763	  0.030936	  1.90421e-06	  5.22304e-08	  10392	  3.12388e-09
441	  4.05763	  0.0938307	  1.90421e-06	  5.16724e-08	  9420	  3.11601e-09
442	  4.05763	  0.156319	  1.90421e-06	  5.1159e-08	  10176	  3.0651e-09
443	  4.05763	  0.218712	  1.90421e-06	  5.17882e-08	  10260	  3.10069e-09
444	  4.05763	  0.281224	  1.90421e-06	  5.1423e-08	  9528	  3.09796e-09
445	  4.05763	  0.343807	  1.90421e-06	  4.97105e-08	  10140	  2.97919e-09
446	  4.05763	  0.406302	  1.90421e-06	  5.22978e-08	  9960	  3.13892e-09
447	  4.05763	  0.468745	  1.90421e-06	  5.1034e-08	  10068	  3.06031e-09
448	  4.05763	  0.531226	  1.90421e-06	  4.88735e-08	  9996	  2.93251e-09
449	  4.05763	  0.593785	  1.90421e-06	  4.87468e-08	  9828	  2.92906e-09
450	  4.05763	  0.656281	  1.90421e-06	  4.85415e-08	  10032	  2.91172e-09
451	  4.05763	  0.718743	  1.90421e-06	  4.57241e-08	  9924	  2.74519e-09
452	  4.05763	  0.781255	  1.90421e-06	  4.51254e-08	  10116	  2.70493e-09
453	  4.05763	  0.843774	  1.90421e-06	  4.19875e-08	  9888	  2.52162e-09
454	  4.05763	  0.90628	  1.90421e-06	  3.98715e-08	  10008	  2.39213e-09
455	  4.05763	  0.968758	  1.90421e-06	  3.70667e-08	  9978	  2.22441e-09
456	  4.69917	  0.030936	  1.3189e-06	  3.94179e-08	  13626	  2.30858e-09
457	  4.69917	  0.0938307	  1.3189e-06	  3.69876e-08	  16392	  2.13827e-09
458	  4.69917	  0.156319	  1.3189e-06	  3.71037e-08	  15708	  2.15123e-09
459	  4.69917	  0.218712	  1.3189e-06	  3.60823e-08	  15432	  2.09457e-09
460	  4.69917	  0.281224	  1.3189e-06	  3.48212e-08	  15780	  2.01826e-09
461	  4.69917	  0.343807	  1.3189e-06	  3.44075e-08	  15300	  1.99854e-09
462	  4.69917	  0.406302	  1.3189e-06	  3.41564e-08	  15588	  1.9814e-09
463	  4.69917	  0.468745	  1.3189e-06	  3.29535e-08	  15396	  1.91326e-09
464	  4.69917	  0.531226	  1.3189e-06	  3.20763e-08	  15504	  1.86143e-09
465	  4.69917	  0.593785	  1.3189e-06	  3.09689e-08	  15660	  1.79592e-09
466	  4.69917	  0.656281	  1.3189e-06	  2.90853e-08	  15192	  1.69024e-09
467	  4.69917	  0.718743	  1.3189e-06	  2.76457e-08	  15600	  1.60363e-09
468	  4.69917	  0.781255	  1.3189e-06	  2.60162e-08	  15216	  1.51172e-09
469	  4.69917	  0.843774	  1.3189e-06	  2.35647e-08	  15516	  1.36741e-09
470	  4.69917	  0.90628	  1.3189e-06	  2.22537e-08	  15540	  1.2912e-09
471	  4.69917	  0.968758	  1.3189e-06	  1.95175e-08	  15405	  1.13312e-09
472	  5.4432	  0.030936	  9.11188e-07	  2.75359e-08	  26250	  1.54675e-09
473	  5.4432	  0.0938307	  9.11188e-07	  2.65382e-08	  22392	  1.50426e-09
474	  5.4432	  0.156319	  9.11188e-07	  2.57416e-08	  24516	  1.45148e-09
475	  5.4432	  0.218712	  9.11188e-07	  2.49687e-08	  23592	  1.41099e-09
476	  5.4432	  0.281224	  9.11188e-07	  2.39336e-08	  24264	  1.35033e-09
477	  5.4432	  0.343807	  9.11188e-07	  2.3254e-08	  23928	  1.31303e-09
478	  5.4432	  0.406302	  9.11188e-07	  2.23051e-08	  24120	  1.25888e-09
479	  5.4432	  0.468745	  9.11188e-07	  2.10488e-08	  23964	  1.18841e-09
480	  5.4432	  0.531226	  9.11188e-07	  1.96726e-08	  24060	  1.11046e-09
481	  5.4432	  0.593785	  9.11188e-07	  1.84439e-08	  24108	  1.04099e-09
482	  5.4432	  0.656281	  9.11188e-07	  1.69526e-08	  24228	  9.56545e-10
483	  5.4432	  0.718743	  9.11188e-07	  1.57445e-08	  24144	  8.88554e-10
484	  5.4432	  0.781255	  9.11188e-07	  1.41773e-08	  23940	  8.00496e-10
485	  5.4432	  0.843774	  9.11188e-07	  1.24466e-08	  24192	  7.02356e-10
486	  5.4432	  0.90628	  9.11188e-07	  1.11434e-08	  23988	  6.29119e-10
487	  5.4432	  0.968758	  9.11188e-07	  9.70191e-09	  24141	  5.47538e-10
488	  6.30378	  0.030936	  6.28467e-07	  1.94481e-08	  35082	  1.07624e-09
489	  6.30378	  0.0938307	  6.28467e-07	  1.86071e-08	  39108	  1.02444e-09
490	  6.30378	  0.156319	  6.28467e-07	  1.78393e-08	  36924	  9.84805e-10
491	  6.30378	  0.218712	  6.28467e-07	  1.69926e-08	  37692	  9.37155e-10
492	  6.30378	  0.281224	  6.28467e-07	  1.59449e-08	  37092	  8.80034e-10
493	  6.30378	  0.343807	  6.28467e-07	  1.51385e-08	  37536	  8.35063e-10
494	  6.30378	  0.406302	  6.28467e-07	  1.40664e-08	  36984	  7.76463e-10
495	  6.30378	  0.468745	  6.28467e-07	  1.27865e-08	  37428	  7.05417e-10
496	  6.30378	  0.531226	  6.28467e-07	  1.16014e-08	  37392	  6.40065e-10
497	  6.30378	  0.593785	  6.28467e-07	  1.06497e-08	  37200	  5.87699e-10
498	  6.30378	  0.656281	  6.28467e-07	  9.40031e-09	  36924	  5.18936e-10
499	  6.30378	  0.718743	  6.28467e-07	  8.27109e-09	  37272	  4.56397e-10
500	  6.30378	  0.781255	  6.28467e-07	  7.19035e-09	  37284	  3.96756e-10
501	  6.30378	  0.843774	  6.28467e-07	  6.18986e-09	  37188	  3.41591e-10
502	  6.30378	  0.90628	  6.28467e-07	  5.3155e-09	  37320	  2.93291e-10
503	  6.30378	  0.968758	  6.28467e-07	  4.45704e-09	  37119	  2.45986e-10
504	  7.30029	  0.030936	  4.32392e-07	  1.34921e-08	  60258	  7.29566e-10
505	  7.30029	  0.0938307	  4.32392e-07	  1.2765e-08	  56916	  6.91754e-10
506	  7.30029	  0.156319	  4.32392e-07	  1.22222e-08	  56820	  6.62382e-10
507	  7.30029	  0.218712	  4.32392e-07	  1.12824e-08	  58716	  6.10682e-10
508	  7.30029	  0.281224	  4.32392e-07	  1.03933e-08	  57840	  5.62878e-10
509	  7.30029	  0.343807	  4.32392e-07	  9.29159e-09	  57612	  5.0329e-10
510	  7.30029	  0.406302	  4.32392e-07	  8.39008e-09	  58464	  4.54203e-10
511	  7.30029	  0.468745	  4.32392e-07	  7.3737e-09	  57948	  3.99316e-10
512	  7.30029	  0.531226	  4.32392e-07	  6.44447e-09	  57708	  3.4905e-10
513	  7.30029	  0.593785	  4.32392e-07	  5.59076e-09	  58236	  3.02705e-10
514	  7.30029	  0.656281	  4.32392e-07	  4.76907e-09	  58008	  2.58254e-10
515	  7.30029	  0.718743	  4.32392e-07	  4.01874e-09	  58200	  2.17595e-10
516	  7.30029	  0.781255	  4.32392e-07	  3.33253e-09	  58128	  1.80449e-10
517	  7.30029	  0.843774	  4.32392e-07	  2.8212e-09	  57972	  1.52777e-10
518	  7.30029	  0.90628	  4.32392e-07	  2.28397e-09	  57960	  1.23686e-10
519	  7.30029	  0.968758	  4.32392e-07	  1.83961e-09	  58122	  9.96108e-11
520	  8.455	  0.030936	  2.96967e-07	  9.14131e-09	  90198	  4.87503e-10
521	  8.455	  0.0938307	  2.96967e-07	  8.63963e-09	  89292	  4.60894e-10
522	  8.455	  0.156319	  2.96967e-07	  8.00962e-09	  90804	  4.27061e-10
523	  8.455	  0.218712	  2.96967e-07	  7.14469e-09	  89628	  3.811e-10
524	  8.455	  0.281224	  2.96967e-07	  6.44458e-09	  89844	  3.43729e-10
525	  8.455	  0.343807	  2.96967e-07	  5.52875e-09	  90636	  2.94802e-10
526	  8.455	  0.406302	  2.96967e-07	  4.74482e-09	  89628	  2.5309e-10
527	  8.455	  0.468745	  2.96967e-07	  3.9883e-09	  89772	  2.12726e-10
528	  8.455	  0.531226	  2.96967e-07	  3.27971e-09	  90324	  1.74898e-10
529	  8.455	  0.593785	  2.96967e-07	  2.72154e-09	  89784	  1.4516e-10
530	  8.455	  0.656281	  2.96967e-07	  2.23223e-09	  90216	  1.19043e-10
531	  8.455	  0.718743	  2.96967e-07	  1.77054e-09	  89796	  9.44356e-11
532	  8.455	  0.781255	  2.96967e-07	  1.42701e-09	  90120	  7.61041e-11
533	  8.455	  0.843774	  2.96967e-07	  1.13925e-09	  90132	  6.07574e-11
534	  8.455	  0.90628	  2.96967e-07	  8.98138e-10	  89916	  4.79021e-11
535	  8.455	  0.968758	  2.96967e-07	  6.95715e-10	  89964	  3.71052e-11
536	  9.79129	  0.030936	  2.03548e-07	  6.04896e-09	  139068	  3.18668e-10
537	  9.79129	  0.0938307	  2.03548e-07	  5.59171e-09	  141180	  2.94467e-10
538	  9.79129	  0.156319	  2.03548e-07	  5.02647e-09	  139380	  2.64787e-10
539	  9.79129	  0.218712	  2.03548e-07	  4.33923e-09	  138804	  2.28608e-10
540	  9.79129	  0.281224	  2.03548e-07	  3.67341e-09	  140952	  1.93455e-10
541	  9.79129	  0.343807	  2.03548e-07	  3.02923e-09	  139668	  1.59567e-10
542	  9.79129	  0.406302	  2.03548e-07	  2.42424e-09	  139464	  1.27704e-10
543	  9.79129	  0.468745	  2.03548e-07	  1.95042e-09	  139812	  1.02737e-10
544	  9.79129	  0.531226	  2.03548e-07	  1.52793e-09	  139884	  8.04817e-11
545	  9.79129	  0.593785	  2.03548e-07	  1.19628e-09	  140184	  6.3009e-11
546	  9.79129	  0.656281	  2.03548e-07	  9.36161e-10	  139404	  4.93154e-11
547	  9.79129	  0.718743	  2.03548e-07	  7.2024e-10	  139932	  3.79374e-11
548	  9.79129	  0.781255	  2.03548e-07	  5.59625e-10	  139980	  2.9477e-11
549	  9.79129	  0.843774	  2.03548e-07	  4.23687e-10	  139632	  2.23182e-11
550	  9.79129	  0.90628	  2.03548e-07	  3.20551e-10	  140088	  1.6884e-11
551	  9.79129	  0.968758	  2.03548e-07	  2.35867e-10	  139623	  1.24246e-11
