#n	   k	      mu	    PL	    Pf	     w	     err  
0	  0.10472	  1	  0.00276739	  0.000609265	  3	  0.000382223
1	  0.20944	  1	  0.000983009	  0.00024629	  3	  0.00015451
2	  0.314159	  1	  0.000460441	  0.000169146	  3	  0.000106114
3	  0.418879	  1	  0.000258057	  8.03566e-05	  3	  5.04117e-05
4	  0.523599	  1	  0.000163143	  4.02749e-05	  3	  2.52665e-05
5	  0.628319	  1	  0.000110542	  5.01716e-05	  3	  3.14752e-05
6	  0.733038	  1	  7.90303e-05	  1.24423e-05	  3	  7.80568e-06
7	  0.837758	  1	  5.88269e-05	  8.52751e-06	  3	  5.34974e-06
8	  0.942478	  1	  4.51737e-05	  1.41917e-05	  3	  8.90318e-06
9	  0.10472	  0	  0.00276739	  0.000140241	  6	  6.42654e-05
10	  0.148096	  0.707107	  0.00175985	  0.000425883	  12	  0.000144236
11	  0.23416	  0.894427	  0.000778677	  0.000199265	  12	  6.74862e-05
12	  0.331153	  0.948683	  0.000416969	  0.000134213	  12	  4.54548e-05
13	  0.431771	  0.970143	  0.000242853	  5.64182e-05	  12	  1.91074e-05
14	  0.533968	  0.980581	  0.000156478	  3.67859e-05	  12	  1.24585e-05
15	  0.636985	  0.986394	  0.000107301	  2.99977e-05	  12	  1.01595e-05
16	  0.74048	  0.989949	  7.73204e-05	  2.37982e-05	  12	  8.05985e-06
17	  0.844278	  0.992278	  5.78037e-05	  1.5306e-05	  12	  5.18375e-06
18	  0.948278	  0.993884	  4.45448e-05	  7.31493e-06	  12	  2.47739e-06
19	  0.148096	  0	  0.00175985	  0.000147183	  6	  6.74465e-05
20	  0.18138	  0.57735	  0.0012485	  6.76027e-05	  12	  2.28954e-05
21	  0.25651	  0.816497	  0.000685318	  0.000108012	  12	  3.65808e-05
22	  0.347316	  0.904534	  0.000375577	  6.72419e-05	  12	  2.27731e-05
23	  0.444288	  0.942809	  0.000229579	  3.94969e-05	  12	  1.33766e-05
24	  0.54414	  0.96225	  0.000150265	  2.00806e-05	  12	  6.80081e-06
25	  0.645536	  0.973329	  0.000104283	  2.76928e-05	  12	  9.37886e-06
26	  0.747849	  0.980196	  7.56299e-05	  1.2967e-05	  12	  4.39161e-06
27	  0.850747	  0.984732	  5.6843e-05	  7.86755e-06	  12	  2.66454e-06
28	  0.954042	  0.987878	  4.39402e-05	  1.01497e-05	  12	  3.43745e-06
29	  0.20944	  0	  0.000983009	  4.01946e-05	  6	  1.84191e-05
30	  0.23416	  0.447214	  0.000778677	  6.72812e-05	  12	  2.27865e-05
31	  0.296192	  0.707107	  0.000507056	  5.56662e-05	  12	  1.88528e-05
32	  0.377572	  0.83205	  0.000319571	  4.06785e-05	  12	  1.37768e-05
33	  0.468321	  0.894427	  0.000205981	  4.38421e-05	  12	  1.48482e-05
34	  0.563933	  0.928477	  0.000139283	  2.18608e-05	  12	  7.40372e-06
35	  0.662306	  0.948683	  9.86289e-05	  2.2119e-05	  12	  7.49115e-06
36	  0.762371	  0.961524	  7.24968e-05	  2.0752e-05	  12	  7.02819e-06
37	  0.863541	  0.970143	  5.49714e-05	  7.86127e-06	  12	  2.66242e-06
38	  0.965468	  0.976187	  4.27761e-05	  8.64245e-06	  12	  2.92698e-06
39	  0.23416	  0	  0.000778677	  4.06128e-05	  12	  1.37546e-05
40	  0.25651	  0.408248	  0.000685318	  4.3383e-05	  24	  1.10247e-05
41	  0.314159	  0.666667	  0.000460441	  4.72097e-05	  24	  1.19971e-05
42	  0.391825	  0.801784	  0.000297534	  2.96242e-05	  24	  7.52822e-06
43	  0.479886	  0.872872	  0.000195499	  3.40099e-05	  24	  8.64273e-06
44	  0.573574	  0.912871	  0.00013443	  2.45446e-05	  24	  6.23739e-06
45	  0.670534	  0.937043	  9.6046e-05	  1.46425e-05	  24	  3.721e-06
46	  0.76953	  0.952579	  7.10354e-05	  1.23868e-05	  24	  3.14779e-06
47	  0.869868	  0.963087	  5.40893e-05	  1.17605e-05	  24	  2.98862e-06
48	  0.971131	  0.970495	  4.22057e-05	  7.80292e-06	  24	  1.98291e-06
49	  0.296192	  0	  0.000507056	  2.49067e-05	  6	  1.14135e-05
50	  0.314159	  0.333333	  0.000460441	  2.15527e-05	  12	  7.29936e-06
51	  0.36276	  0.57735	  0.000343765	  2.60163e-05	  12	  8.81108e-06
52	  0.431771	  0.727607	  0.000242853	  3.28776e-05	  12	  1.11348e-05
53	  0.51302	  0.816497	  0.000170244	  2.69313e-05	  12	  9.12095e-06
54	  0.601569	  0.870388	  0.000121384	  2.16121e-05	  12	  7.31949e-06
55	  0.694632	  0.904534	  8.89354e-05	  1.86667e-05	  12	  6.32194e-06
56	  0.790617	  0.927173	  6.69054e-05	  1.4325e-05	  12	  4.85152e-06
57	  0.888577	  0.942809	  5.15706e-05	  1.25208e-05	  12	  4.24049e-06
58	  0.987924	  0.953998	  4.06016e-05	  6.36044e-06	  12	  2.15412e-06
59	  0.314159	  0	  0.000460441	  4.1214e-05	  6	  1.88863e-05
60	  0.331153	  0.316228	  0.000416969	  3.71459e-05	  12	  1.25804e-05
61	  0.377572	  0.5547	  0.000319571	  3.49756e-05	  12	  1.18454e-05
62	  0.444288	  0.707107	  0.000229579	  2.18669e-05	  12	  7.40577e-06
63	  0.523599	  0.8	  0.000163143	  1.70328e-05	  12	  5.76859e-06
64	  0.610616	  0.857493	  0.000117549	  1.59223e-05	  12	  5.39249e-06
65	  0.702481	  0.894427	  8.67717e-05	  1.03446e-05	  12	  3.50344e-06
66	  0.797522	  0.919145	  6.56259e-05	  8.26208e-06	  12	  2.79816e-06
67	  0.894726	  0.936329	  5.07646e-05	  7.81209e-06	  12	  2.64576e-06
68	  0.993459	  0.948683	  4.00947e-05	  6.91661e-06	  12	  2.34248e-06
69	  0.331153	  0	  0.000416969	  3.23741e-05	  12	  1.09643e-05
70	  0.347316	  0.301511	  0.000375577	  1.43398e-05	  24	  3.6441e-06
71	  0.391825	  0.534522	  0.000297534	  1.66782e-05	  24	  4.23834e-06
72	  0.456463	  0.688247	  0.000217407	  2.94759e-05	  24	  7.49053e-06
73	  0.533968	  0.784465	  0.000156478	  1.79627e-05	  24	  4.56475e-06
74	  0.61953	  0.845154	  0.000113955	  1.78477e-05	  24	  4.53552e-06
75	  0.710244	  0.884652	  8.47248e-05	  1.47975e-05	  24	  3.76041e-06
76	  0.804368	  0.911322	  6.43985e-05	  1.095e-05	  24	  2.78267e-06
77	  0.900833	  0.929981	  5.00066e-05	  7.77945e-06	  24	  1.97695e-06
78	  0.998963	  0.943456	  3.9601e-05	  1.15065e-05	  24	  2.92408e-06
79	  0.377572	  0	  0.000319571	  1.8595e-05	  12	  6.29768e-06
80	  0.391825	  0.267261	  0.000297534	  1.06455e-05	  24	  2.70527e-06
81	  0.431771	  0.485071	  0.000242853	  2.76031e-05	  24	  7.01461e-06
82	  0.491179	  0.639602	  0.000186145	  1.49464e-05	  24	  3.79825e-06
83	  0.563933	  0.742781	  0.000139283	  1.63216e-05	  24	  4.14772e-06
84	  0.645536	  0.811107	  0.000104283	  1.2446e-05	  24	  3.16282e-06
85	  0.733038	  0.857143	  7.90303e-05	  1.33078e-05	  24	  3.38183e-06
86	  0.824564	  0.889001	  6.09362e-05	  9.629e-06	  24	  2.44696e-06
87	  0.918912	  0.911685	  4.7822e-05	  8.32359e-06	  24	  2.11523e-06
88	  0.418879	  0	  0.000258057	  1.84423e-05	  6	  8.45116e-06
89	  0.431771	  0.242536	  0.000242853	  9.72103e-06	  12	  3.29227e-06
90	  0.468321	  0.447214	  0.000205981	  1.50039e-05	  12	  5.08146e-06
91	  0.523599	  0.6	  0.000163143	  1.45597e-05	  12	  4.93099e-06
92	  0.592384	  0.707107	  0.000125493	  1.4076e-05	  12	  4.76718e-06
93	  0.670534	  0.780869	  9.6046e-05	  9.59172e-06	  12	  3.24848e-06
94	  0.755145	  0.83205	  7.40547e-05	  1.18473e-05	  12	  4.0124e-06
95	  0.844278	  0.868243	  5.78037e-05	  6.1428e-06	  12	  2.08042e-06
96	  0.936642	  0.894427	  4.58065e-05	  5.55824e-06	  12	  1.88244e-06
97	  0.431771	  0	  0.000242853	  9.74816e-06	  12	  3.30146e-06
98	  0.444288	  0.235702	  0.000229579	  8.02219e-06	  24	  2.03863e-06
99	  0.479886	  0.436436	  0.000195499	  1.55808e-05	  24	  3.95946e-06
100	  0.533968	  0.588348	  0.000156478	  1.23163e-05	  24	  3.12987e-06
101	  0.601569	  0.696311	  0.000121384	  1.13389e-05	  24	  2.8815e-06
102	  0.678662	  0.771517	  9.3549e-05	  1.53841e-05	  24	  3.90946e-06
103	  0.762371	  0.824163	  7.24968e-05	  9.70035e-06	  24	  2.46509e-06
104	  0.850747	  0.86164	  5.6843e-05	  8.70637e-06	  24	  2.2125e-06
105	  0.942478	  0.888889	  4.51737e-05	  6.55244e-06	  24	  1.66513e-06
106	  0.444288	  0	  0.000229579	  9.47298e-06	  6	  4.34098e-06
107	  0.456463	  0.229416	  0.000217407	  1.34986e-05	  12	  4.57166e-06
108	  0.491179	  0.426401	  0.000186145	  1.0403e-05	  12	  3.52323e-06
109	  0.54414	  0.57735	  0.000150265	  9.05247e-06	  12	  3.06585e-06
110	  0.610616	  0.685994	  0.000117549	  9.35815e-06	  12	  3.16937e-06
111	  0.686693	  0.762493	  9.11917e-05	  4.85151e-06	  12	  1.64309e-06
112	  0.76953	  0.816497	  7.10354e-05	  7.14669e-06	  12	  2.42041e-06
113	  0.857168	  0.855186	  5.58895e-05	  1.2098e-05	  12	  4.09729e-06
114	  0.948278	  0.883452	  4.45448e-05	  6.91364e-06	  12	  2.34148e-06
115	  0.468321	  0	  0.000205981	  1.01247e-05	  12	  3.42899e-06
116	  0.479886	  0.218218	  0.000195499	  1.1278e-05	  24	  2.86601e-06
117	  0.51302	  0.408248	  0.000170244	  1.3734e-05	  24	  3.49014e-06
118	  0.563933	  0.557086	  0.000139283	  1.27016e-05	  24	  3.22777e-06
119	  0.628319	  0.666667	  0.000110542	  1.82007e-05	  24	  4.62524e-06
120	  0.702481	  0.745356	  8.67717e-05	  1.30672e-05	  24	  3.32069e-06
121	  0.783651	  0.801784	  6.82336e-05	  6.4495e-06	  24	  1.63897e-06
122	  0.869868	  0.842701	  5.40893e-05	  9.45661e-06	  24	  2.40315e-06
123	  0.959772	  0.872872	  4.33564e-05	  8.89816e-06	  24	  2.26124e-06
124	  0.523599	  0	  0.000163143	  1.0343e-05	  18	  2.95502e-06
125	  0.533968	  0.196116	  0.000156478	  7.63234e-06	  36	  1.65367e-06
126	  0.563933	  0.371391	  0.000139283	  8.84168e-06	  36	  1.9157e-06
127	  0.610616	  0.514496	  0.000117549	  8.37235e-06	  36	  1.81401e-06
128	  0.670534	  0.624695	  9.6046e-05	  9.71074e-06	  36	  2.10399e-06
129	  0.74048	  0.707107	  7.73204e-05	  8.04442e-06	  36	  1.74296e-06
130	  0.817887	  0.768221	  6.2059e-05	  8.82069e-06	  36	  1.91115e-06
131	  0.900833	  0.813733	  5.00066e-05	  8.65248e-06	  36	  1.8747e-06
132	  0.987924	  0.847998	  4.06016e-05	  4.9345e-06	  36	  1.06914e-06
133	  0.533968	  0	  0.000156478	  7.08434e-06	  12	  2.39929e-06
134	  0.54414	  0.19245	  0.000150265	  8.32474e-06	  24	  2.11552e-06
135	  0.573574	  0.365148	  0.00013443	  8.23496e-06	  24	  2.0927e-06
136	  0.61953	  0.507093	  0.000113955	  9.0923e-06	  24	  2.31057e-06
137	  0.678662	  0.617213	  9.3549e-05	  1.01778e-05	  24	  2.58643e-06
138	  0.747849	  0.70014	  7.56299e-05	  1.05706e-05	  24	  2.68625e-06
139	  0.824564	  0.762001	  6.09362e-05	  7.37728e-06	  24	  1.87474e-06
140	  0.9069	  0.80829	  4.92601e-05	  5.67014e-06	  24	  1.44092e-06
141	  0.993459	  0.843274	  4.00947e-05	  7.89539e-06	  24	  2.00641e-06
142	  0.563933	  0	  0.000139283	  4.84372e-06	  12	  1.64045e-06
143	  0.573574	  0.182574	  0.00013443	  6.92419e-06	  24	  1.7596e-06
144	  0.601569	  0.348155	  0.000121384	  5.90119e-06	  24	  1.49963e-06
145	  0.645536	  0.486664	  0.000104283	  7.92729e-06	  24	  2.01452e-06
146	  0.702481	  0.596285	  8.67717e-05	  4.65254e-06	  24	  1.18232e-06
147	  0.76953	  0.680414	  7.10354e-05	  7.60982e-06	  24	  1.93384e-06
148	  0.844278	  0.744208	  5.78037e-05	  6.99706e-06	  24	  1.77812e-06
149	  0.92486	  0.792594	  4.71351e-05	  5.38243e-06	  24	  1.3678e-06
150	  0.592384	  0	  0.000125493	  5.40857e-06	  6	  2.47847e-06
151	  0.601569	  0.174078	  0.000121384	  6.55634e-06	  12	  2.22047e-06
152	  0.628319	  0.333333	  0.000110542	  9.12727e-06	  12	  3.09118e-06
153	  0.670534	  0.468521	  9.6046e-05	  6.60072e-06	  12	  2.2355e-06
154	  0.72552	  0.57735	  8.08652e-05	  6.90815e-06	  12	  2.33962e-06
155	  0.790617	  0.662266	  6.69054e-05	  7.69678e-06	  12	  2.60671e-06
156	  0.863541	  0.727607	  5.49714e-05	  6.02591e-06	  12	  2.04082e-06
157	  0.942478	  0.777778	  4.51737e-05	  6.27964e-06	  12	  2.12676e-06
158	  0.610616	  0	  0.000117549	  7.09441e-06	  12	  2.4027e-06
159	  0.61953	  0.169031	  0.000113955	  6.6727e-06	  24	  1.69569e-06
160	  0.645536	  0.324443	  0.000104283	  6.63564e-06	  24	  1.68628e-06
161	  0.686693	  0.457496	  9.11917e-05	  4.3447e-06	  24	  1.10409e-06
162	  0.74048	  0.565685	  7.73204e-05	  7.15576e-06	  24	  1.81845e-06
163	  0.804368	  0.650945	  6.43985e-05	  6.36738e-06	  24	  1.61811e-06
164	  0.876148	  0.717137	  5.32135e-05	  6.12176e-06	  24	  1.55569e-06
165	  0.954042	  0.76835	  4.39402e-05	  5.88873e-06	  24	  1.49647e-06
166	  0.628319	  0	  0.000110542	  2.06149e-06	  6	  9.44673e-07
167	  0.636985	  0.164399	  0.000107301	  6.87888e-06	  12	  2.32971e-06
168	  0.662306	  0.316228	  9.86289e-05	  7.0127e-06	  12	  2.37503e-06
169	  0.702481	  0.447214	  8.67717e-05	  4.44636e-06	  12	  1.50587e-06
170	  0.755145	  0.5547	  7.40547e-05	  6.89091e-06	  12	  2.33378e-06
171	  0.817887	  0.640184	  6.2059e-05	  6.28261e-06	  12	  2.12776e-06
172	  0.888577	  0.707107	  5.15706e-05	  4.02355e-06	  12	  1.36268e-06
173	  0.965468	  0.759257	  4.27761e-05	  4.89578e-06	  12	  1.65808e-06
174	  0.636985	  0	  0.000107301	  6.8731e-06	  12	  2.32775e-06
175	  0.645536	  0.162221	  0.000104283	  6.19899e-06	  24	  1.57531e-06
176	  0.670534	  0.312348	  9.6046e-05	  6.35814e-06	  24	  1.61576e-06
177	  0.710244	  0.442326	  8.47248e-05	  7.08298e-06	  24	  1.79996e-06
178	  0.762371	  0.549442	  7.24968e-05	  6.12593e-06	  24	  1.55675e-06
179	  0.824564	  0.635001	  6.09362e-05	  6.63654e-06	  24	  1.68651e-06
180	  0.894726	  0.702247	  5.07646e-05	  4.99831e-06	  24	  1.27019e-06
181	  0.971131	  0.754829	  4.22057e-05	  6.09438e-06	  24	  1.54873e-06
182	  0.662306	  0	  9.86289e-05	  5.31138e-06	  12	  1.79883e-06
183	  0.670534	  0.156174	  9.6046e-05	  5.88149e-06	  24	  1.49463e-06
184	  0.694632	  0.301511	  8.89354e-05	  5.81528e-06	  24	  1.4778e-06
185	  0.733038	  0.428571	  7.90303e-05	  5.84901e-06	  24	  1.48638e-06
186	  0.783651	  0.534522	  6.82336e-05	  4.37274e-06	  24	  1.11122e-06
187	  0.844278	  0.620174	  5.78037e-05	  5.21549e-06	  24	  1.32538e-06
188	  0.912926	  0.688247	  4.85186e-05	  6.29484e-06	  24	  1.59967e-06
189	  0.987924	  0.741999	  4.06016e-05	  3.79695e-06	  24	  9.64896e-07
190	  0.670534	  0	  9.6046e-05	  3.51201e-06	  12	  1.18943e-06
191	  0.678662	  0.154303	  9.3549e-05	  4.2602e-06	  24	  1.08262e-06
192	  0.702481	  0.298142	  8.67717e-05	  3.63673e-06	  24	  9.2418e-07
193	  0.74048	  0.424264	  7.73204e-05	  5.33037e-06	  24	  1.35457e-06
194	  0.790617	  0.529813	  6.69054e-05	  5.21267e-06	  24	  1.32466e-06
195	  0.850747	  0.615457	  5.6843e-05	  3.60694e-06	  24	  9.16612e-07
196	  0.918912	  0.683763	  4.7822e-05	  6.79328e-06	  24	  1.72634e-06
197	  0.993459	  0.737865	  4.00947e-05	  4.01795e-06	  24	  1.02106e-06
198	  0.702481	  0	  8.67717e-05	  4.67706e-06	  12	  1.584e-06
199	  0.710244	  0.147442	  8.47248e-05	  6.10621e-06	  24	  1.55173e-06
200	  0.733038	  0.285714	  7.90303e-05	  3.72581e-06	  24	  9.46819e-07
201	  0.76953	  0.408248	  7.10354e-05	  3.90452e-06	  24	  9.92233e-07
202	  0.817887	  0.512148	  6.2059e-05	  5.81688e-06	  24	  1.47821e-06
203	  0.876148	  0.597614	  5.32135e-05	  4.42624e-06	  24	  1.12481e-06
204	  0.942478	  0.666667	  4.51737e-05	  5.06825e-06	  24	  1.28797e-06
205	  0.733038	  0	  7.90303e-05	  5.60433e-06	  6	  2.56817e-06
206	  0.74048	  0.141421	  7.73204e-05	  3.48507e-06	  12	  1.18031e-06
207	  0.762371	  0.274721	  7.24968e-05	  3.34933e-06	  12	  1.13433e-06
208	  0.797522	  0.393919	  6.56259e-05	  2.1371e-06	  12	  7.23784e-07
209	  0.844278	  0.496139	  5.78037e-05	  4.83263e-06	  12	  1.63669e-06
210	  0.900833	  0.581238	  5.00066e-05	  4.21659e-06	  12	  1.42806e-06
211	  0.965468	  0.650791	  4.27761e-05	  2.23077e-06	  12	  7.55507e-07
212	  0.74048	  0	  7.73204e-05	  4.22188e-06	  18	  1.2062e-06
213	  0.747849	  0.140028	  7.56299e-05	  3.49685e-06	  36	  7.5765e-07
214	  0.76953	  0.272166	  7.10354e-05	  3.99559e-06	  36	  8.6571e-07
215	  0.804368	  0.390567	  6.43985e-05	  5.18715e-06	  36	  1.12388e-06
216	  0.850747	  0.492366	  5.6843e-05	  3.97353e-06	  36	  8.60932e-07
217	  0.9069	  0.57735	  4.92601e-05	  5.15364e-06	  36	  1.11662e-06
218	  0.971131	  0.646997	  4.22057e-05	  4.99788e-06	  36	  1.08287e-06
219	  0.755145	  0	  7.40547e-05	  3.26853e-06	  12	  1.10697e-06
220	  0.762371	  0.137361	  7.24968e-05	  4.60054e-06	  24	  1.16911e-06
221	  0.783651	  0.267261	  6.82336e-05	  3.57945e-06	  24	  9.09624e-07
222	  0.817887	  0.384111	  6.2059e-05	  6.01405e-06	  24	  1.52832e-06
223	  0.863541	  0.485071	  5.49714e-05	  2.60485e-06	  24	  6.61955e-07
224	  0.918912	  0.569803	  4.7822e-05	  3.58487e-06	  24	  9.11001e-07
225	  0.982358	  0.639602	  4.11333e-05	  3.34114e-06	  24	  8.49065e-07
226	  0.762371	  0	  7.24968e-05	  3.53486e-06	  12	  1.19717e-06
227	  0.76953	  0.136083	  7.10354e-05	  3.39087e-06	  24	  8.61701e-07
228	  0.790617	  0.264906	  6.69054e-05	  5.08928e-06	  24	  1.29331e-06
229	  0.824564	  0.381	  6.09362e-05	  2.77479e-06	  24	  7.05141e-07
230	  0.869868	  0.481543	  5.40893e-05	  4.59363e-06	  24	  1.16735e-06
231	  0.92486	  0.566139	  4.71351e-05	  4.24183e-06	  24	  1.07795e-06
232	  0.987924	  0.635999	  4.06016e-05	  2.42827e-06	  24	  6.17081e-07
233	  0.797522	  0	  6.56259e-05	  1.95758e-06	  12	  6.62984e-07
234	  0.804368	  0.130189	  6.43985e-05	  3.40063e-06	  24	  8.64181e-07
235	  0.824564	  0.254	  6.09362e-05	  3.19843e-06	  24	  8.12799e-07
236	  0.857168	  0.366508	  5.58895e-05	  5.21589e-06	  24	  1.32548e-06
237	  0.900833	  0.464991	  5.00066e-05	  3.94639e-06	  24	  1.00287e-06
238	  0.954042	  0.548821	  4.39402e-05	  2.82541e-06	  24	  7.18005e-07
239	  0.817887	  0	  6.2059e-05	  3.86179e-06	  12	  1.30789e-06
240	  0.824564	  0.127	  6.09362e-05	  2.80692e-06	  24	  7.13307e-07
241	  0.844278	  0.248069	  5.78037e-05	  2.74915e-06	  24	  6.98624e-07
242	  0.876148	  0.358569	  5.32135e-05	  2.98634e-06	  24	  7.58902e-07
243	  0.918912	  0.455842	  4.7822e-05	  3.90993e-06	  24	  9.93607e-07
244	  0.971131	  0.539164	  4.22057e-05	  3.97261e-06	  24	  1.00954e-06
245	  0.837758	  0	  5.88269e-05	  6.7056e-07	  6	  3.07283e-07
246	  0.844278	  0.124035	  5.78037e-05	  3.74687e-06	  12	  1.26897e-06
247	  0.863541	  0.242536	  5.49714e-05	  3.07326e-06	  12	  1.04084e-06
248	  0.894726	  0.351123	  5.07646e-05	  2.75035e-06	  12	  9.31474e-07
249	  0.936642	  0.447214	  4.58065e-05	  2.51278e-06	  12	  8.51016e-07
250	  0.987924	  0.529999	  4.06016e-05	  2.78305e-06	  12	  9.42551e-07
251	  0.844278	  0	  5.78037e-05	  2.23918e-06	  24	  5.6903e-07
252	  0.850747	  0.123091	  5.6843e-05	  2.93e-06	  48	  5.69408e-07
253	  0.869868	  0.240772	  5.40893e-05	  3.24273e-06	  48	  6.30184e-07
254	  0.900833	  0.348743	  5.00066e-05	  3.58709e-06	  48	  6.97106e-07
255	  0.942478	  0.444444	  4.51737e-05	  3.24721e-06	  48	  6.31055e-07
256	  0.993459	  0.527046	  4.00947e-05	  2.19741e-06	  48	  4.27039e-07
257	  0.863541	  0	  5.49714e-05	  3.26183e-06	  12	  1.1047e-06
258	  0.869868	  0.120386	  5.40893e-05	  2.98984e-06	  24	  7.5979e-07
259	  0.888577	  0.235702	  5.15706e-05	  3.34674e-06	  24	  8.50486e-07
260	  0.918912	  0.341882	  4.7822e-05	  3.67289e-06	  24	  9.3337e-07
261	  0.959772	  0.436436	  4.33564e-05	  3.48638e-06	  24	  8.85974e-07
262	  0.888577	  0	  5.15706e-05	  1.99475e-06	  6	  9.14091e-07
263	  0.894726	  0.117041	  5.07646e-05	  2.31315e-06	  12	  7.83408e-07
264	  0.912926	  0.229416	  4.85186e-05	  2.38321e-06	  12	  8.07134e-07
265	  0.942478	  0.333333	  4.51737e-05	  2.36622e-06	  12	  8.01378e-07
266	  0.982358	  0.426401	  4.11333e-05	  2.87797e-06	  12	  9.74698e-07
267	  0.894726	  0	  5.07646e-05	  2.46493e-06	  12	  8.3481e-07
268	  0.900833	  0.116248	  5.00066e-05	  2.16794e-06	  24	  5.50927e-07
269	  0.918912	  0.227921	  4.7822e-05	  3.10949e-06	  24	  7.90197e-07
270	  0.948278	  0.331295	  4.45448e-05	  4.93129e-06	  24	  1.25316e-06
271	  0.987924	  0.423999	  4.06016e-05	  3.67518e-06	  24	  9.33952e-07
272	  0.900833	  0	  5.00066e-05	  3.14844e-06	  12	  1.0663e-06
273	  0.9069	  0.11547	  4.92601e-05	  2.44087e-06	  24	  6.20283e-07
274	  0.92486	  0.226455	  4.71351e-05	  2.89635e-06	  24	  7.36032e-07
275	  0.954042	  0.329293	  4.39402e-05	  2.21579e-06	  24	  5.63087e-07
276	  0.993459	  0.421637	  4.00947e-05	  1.70407e-06	  24	  4.33044e-07
277	  0.936642	  0	  4.58065e-05	  2.01838e-06	  12	  6.83575e-07
278	  0.942478	  0.111111	  4.51737e-05	  2.09662e-06	  24	  5.32801e-07
279	  0.959772	  0.218218	  4.33564e-05	  3.27749e-06	  24	  8.3289e-07
280	  0.987924	  0.317999	  4.06016e-05	  3.47703e-06	  24	  8.83597e-07
281	  0.942478	  0	  4.51737e-05	  3.91282e-06	  6	  1.79304e-06
282	  0.948278	  0.110432	  4.45448e-05	  2.42126e-06	  12	  8.20021e-07
283	  0.965468	  0.21693	  4.27761e-05	  2.70935e-06	  12	  9.17588e-07
284	  0.993459	  0.316228	  4.00947e-05	  2.49279e-06	  12	  8.44246e-07
285	  0.948278	  0	  4.45448e-05	  2.69019e-06	  12	  9.111e-07
286	  0.954042	  0.109764	  4.39402e-05	  2.28089e-06	  24	  5.79628e-07
287	  0.971131	  0.215666	  4.22057e-05	  2.01609e-06	  24	  5.12338e-07
288	  0.998963	  0.314485	  3.9601e-05	  3.15096e-06	  24	  8.00734e-07
289	  0.965468	  0	  4.27761e-05	  1.78351e-06	  24	  4.53232e-07
290	  0.971131	  0.107833	  4.22057e-05	  2.84308e-06	  48	  5.52518e-07
291	  0.987924	  0.212	  4.06016e-05	  1.90995e-06	  48	  3.71175e-07
292	  0.987924	  0	  4.06016e-05	  2.33063e-06	  12	  7.89325e-07
293	  0.993459	  0.105409	  4.00947e-05	  1.994e-06	  24	  5.06725e-07
294	  0.993459	  0	  4.00947e-05	  2.10083e-06	  12	  7.11498e-07
295	  0.998963	  0.104828	  3.9601e-05	  2.687e-06	  24	  6.82831e-07
296	  1.08818	  0.030936	  3.259e-05	  2.01417e-06	  138	  2.72166e-07
297	  1.08818	  0.0938307	  3.259e-05	  1.74316e-06	  252	  1.96967e-07
298	  1.08818	  0.156319	  3.259e-05	  1.31659e-06	  72	  2.20991e-07
299	  1.08818	  0.218712	  3.259e-05	  2.18154e-06	  216	  2.57512e-07
300	  1.08818	  0.281224	  3.259e-05	  2.05764e-06	  288	  2.24129e-07
301	  1.08818	  0.343807	  3.259e-05	  1.99573e-06	  120	  2.81971e-07
302	  1.08818	  0.406302	  3.259e-05	  2.21067e-06	  180	  2.75307e-07
303	  1.08818	  0.468745	  3.259e-05	  2.45718e-06	  180	  3.06006e-07
304	  1.08818	  0.531226	  3.259e-05	  2.87755e-06	  192	  3.51546e-07
305	  1.08818	  0.593785	  3.259e-05	  3.26101e-06	  192	  3.98394e-07
306	  1.08818	  0.656281	  3.259e-05	  2.91014e-06	  168	  3.70029e-07
307	  1.08818	  0.718743	  3.259e-05	  3.89438e-06	  228	  4.5263e-07
308	  1.08818	  0.781255	  3.259e-05	  4.81681e-06	  144	  6.42242e-07
309	  1.08818	  0.843774	  3.259e-05	  4.53143e-06	  240	  5.19074e-07
310	  1.08818	  0.90628	  3.259e-05	  6.1679e-06	  168	  7.84258e-07
311	  1.08818	  0.968758	  3.259e-05	  6.03068e-06	  150	  7.93937e-07
312	  1.25577	  0.030936	  2.34401e-05	  1.42787e-06	  198	  1.72867e-07
313	  1.25577	  0.0938307	  2.34401e-05	  1.27871e-06	  396	  1.28194e-07
314	  1.25577	  0.156319	  2.34401e-05	  1.34784e-06	  396	  1.35124e-07
315	  1.25577	  0.218712	  2.34401e-05	  1.32762e-06	  204	  1.59333e-07
316	  1.25577	  0.281224	  2.34401e-05	  1.53123e-06	  216	  1.80748e-07
317	  1.25577	  0.343807	  2.34401e-05	  1.58786e-06	  372	  1.6172e-07
318	  1.25577	  0.406302	  2.34401e-05	  1.51788e-06	  312	  1.61827e-07
319	  1.25577	  0.468745	  2.34401e-05	  1.53283e-06	  288	  1.66965e-07
320	  1.25577	  0.531226	  2.34401e-05	  1.93373e-06	  264	  2.157e-07
321	  1.25577	  0.593785	  2.34401e-05	  1.80021e-06	  312	  1.91927e-07
322	  1.25577	  0.656281	  2.34401e-05	  2.24217e-06	  276	  2.47072e-07
323	  1.25577	  0.718743	  2.34401e-05	  2.69047e-06	  312	  2.86842e-07
324	  1.25577	  0.781255	  2.34401e-05	  2.83034e-06	  276	  3.11883e-07
325	  1.25577	  0.843774	  2.34401e-05	  3.22559e-06	  240	  3.69491e-07
326	  1.25577	  0.90628	  2.34401e-05	  3.71408e-06	  324	  3.92042e-07
327	  1.25577	  0.968758	  2.34401e-05	  4.07628e-06	  315	  4.33486e-07
328	  1.45182	  0.030936	  1.67209e-05	  9.87988e-07	  246	  1.12391e-07
329	  1.45182	  0.0938307	  1.67209e-05	  9.75583e-07	  516	  9.17268e-08
330	  1.45182	  0.156319	  1.67209e-05	  1.02752e-06	  504	  9.71455e-08
331	  1.45182	  0.218712	  1.67209e-05	  1.04082e-06	  528	  9.73371e-08
332	  1.45182	  0.281224	  1.67209e-05	  1.03169e-06	  504	  9.75395e-08
333	  1.45182	  0.343807	  1.67209e-05	  1.19329e-06	  384	  1.20559e-07
334	  1.45182	  0.406302	  1.67209e-05	  1.24394e-06	  420	  1.22895e-07
335	  1.45182	  0.468745	  1.67209e-05	  1.27658e-06	  468	  1.22839e-07
336	  1.45182	  0.531226	  1.67209e-05	  1.36482e-06	  480	  1.30536e-07
337	  1.45182	  0.593785	  1.67209e-05	  1.70382e-06	  468	  1.6395e-07
338	  1.45182	  0.656281	  1.67209e-05	  1.7142e-06	  396	  1.71852e-07
339	  1.45182	  0.718743	  1.67209e-05	  1.83499e-06	  456	  1.77681e-07
340	  1.45182	  0.781255	  1.67209e-05	  1.87587e-06	  432	  1.84046e-07
341	  1.45182	  0.843774	  1.67209e-05	  2.3214e-06	  480	  2.22026e-07
342	  1.45182	  0.90628	  1.67209e-05	  2.34529e-06	  480	  2.24312e-07
343	  1.45182	  0.968758	  1.67209e-05	  2.91463e-06	  414	  2.88978e-07
344	  1.68148	  0.030936	  1.18352e-05	  6.50811e-07	  798	  5.5579e-08
345	  1.68148	  0.0938307	  1.18352e-05	  7.30277e-07	  708	  6.39593e-08
346	  1.68148	  0.156319	  1.18352e-05	  7.54525e-07	  684	  6.65762e-08
347	  1.68148	  0.218712	  1.18352e-05	  7.73041e-07	  720	  6.74615e-08
348	  1.68148	  0.281224	  1.18352e-05	  7.52365e-07	  708	  6.58939e-08
349	  1.68148	  0.343807	  1.18352e-05	  8.10402e-07	  720	  7.0722e-08
350	  1.68148	  0.406302	  1.18352e-05	  8.81282e-07	  672	  7.80603e-08
351	  1.68148	  0.468745	  1.18352e-05	  9.02437e-07	  732	  7.84769e-08
352	  1.68148	  0.531226	  1.18352e-05	  1.02355e-06	  672	  9.06616e-08
353	  1.68148	  0.593785	  1.18352e-05	  1.05808e-06	  708	  9.26692e-08
354	  1.68148	  0.656281	  1.18352e-05	  1.06432e-06	  744	  9.22358e-08
355	  1.68148	  0.718743	  1.18352e-05	  1.24768e-06	  744	  1.08126e-07
356	  1.68148	  0.781255	  1.18352e-05	  1.41917e-06	  696	  1.24752e-07
357	  1.68148	  0.843774	  1.18352e-05	  1.5312e-06	  708	  1.34106e-07
358	  1.68148	  0.90628	  1.18352e-05	  1.73636e-06	  696	  1.52635e-07
359	  1.68148	  0.968758	  1.18352e-05	  1.95317e-06	  741	  1.6941e-07
360	  1.94819	  0.030936	  8.33561e-06	  5.18117e-07	  1368	  3.99142e-08
361	  1.94819	  0.0938307	  8.33561e-06	  5.12485e-07	  924	  4.24838e-08
362	  1.94819	  0.156319	  8.33561e-06	  5.36752e-07	  972	  4.40539e-08
363	  1.94819	  0.218712	  8.33561e-06	  5.27193e-07	  972	  4.32694e-08
364	  1.94819	  0.281224	  8.33561e-06	  5.49174e-07	  1200	  4.3312e-08
365	  1.94819	  0.343807	  8.33561e-06	  6.17307e-07	  1140	  4.91484e-08
366	  1.94819	  0.406302	  8.33561e-06	  6.37365e-07	  1080	  5.12626e-08
367	  1.94819	  0.468745	  8.33561e-06	  6.36443e-07	  1068	  5.1297e-08
368	  1.94819	  0.531226	  8.33561e-06	  7.05438e-07	  1164	  5.59486e-08
369	  1.94819	  0.593785	  8.33561e-06	  7.29581e-07	  1188	  5.76463e-08
370	  1.94819	  0.656281	  8.33561e-06	  7.63814e-07	  1068	  6.1563e-08
371	  1.94819	  0.718743	  8.33561e-06	  9.03187e-07	  1008	  7.36071e-08
372	  1.94819	  0.781255	  8.33561e-06	  9.62929e-07	  1164	  7.63704e-08
373	  1.94819	  0.843774	  8.33561e-06	  9.87852e-07	  1176	  7.8199e-08
374	  1.94819	  0.90628	  8.33561e-06	  1.04112e-06	  1080	  8.37365e-08
375	  1.94819	  0.968758	  8.33561e-06	  1.15377e-06	  1038	  9.35001e-08
376	  2.25604	  0.030936	  5.85898e-06	  3.85069e-07	  1896	  2.80969e-08
377	  2.25604	  0.0938307	  5.85898e-06	  3.90801e-07	  1272	  3.04976e-08
378	  2.25604	  0.156319	  5.85898e-06	  3.77172e-07	  2040	  2.72093e-08
379	  2.25604	  0.218712	  5.85898e-06	  3.98743e-07	  1740	  2.94963e-08
380	  2.25604	  0.281224	  5.85898e-06	  3.91569e-07	  1584	  2.9417e-08
381	  2.25604	  0.343807	  5.85898e-06	  4.0631e-07	  1764	  2.99895e-08
382	  2.25604	  0.406302	  5.85898e-06	  4.5862e-07	  1632	  3.42836e-08
383	  2.25604	  0.468745	  5.85898e-06	  4.66073e-07	  1860	  3.41105e-08
384	  2.25604	  0.531226	  5.85898e-06	  4.83805e-07	  1560	  3.64395e-08
385	  2.25604	  0.593785	  5.85898e-06	  5.00796e-07	  1692	  3.72145e-08
386	  2.25604	  0.656281	  5.85898e-06	  5.50392e-07	  1704	  4.08529e-08
387	  2.25604	  0.718743	  5.85898e-06	  5.80007e-07	  1824	  4.2581e-08
388	  2.25604	  0.781255	  5.85898e-06	  6.37625e-07	  1668	  4.74936e-08
389	  2.25604	  0.843774	  5.85898e-06	  6.89459e-07	  1680	  5.1294e-08
390	  2.25604	  0.90628	  5.85898e-06	  6.85384e-07	  1776	  5.05327e-08
391	  2.25604	  0.968758	  5.85898e-06	  7.65011e-07	  1656	  5.70496e-08
392	  2.61216	  0.030936	  4.10705e-06	  2.82826e-07	  2586	  1.9703e-08
393	  2.61216	  0.0938307	  4.10705e-06	  2.71513e-07	  3036	  1.85033e-08
394	  2.61216	  0.156319	  4.10705e-06	  2.76164e-07	  2124	  1.98004e-08
395	  2.61216	  0.218712	  4.10705e-06	  2.68827e-07	  2940	  1.83993e-08
396	  2.61216	  0.281224	  4.10705e-06	  2.77869e-07	  2616	  1.93262e-08
397	  2.61216	  0.343807	  4.10705e-06	  2.96922e-07	  2448	  2.08473e-08
398	  2.61216	  0.406302	  4.10705e-06	  3.1217e-07	  2916	  2.13895e-08
399	  2.61216	  0.468745	  4.10705e-06	  3.05572e-07	  2544	  2.1337e-08
400	  2.61216	  0.531226	  4.10705e-06	  3.47982e-07	  2652	  2.41564e-08
401	  2.61216	  0.593785	  4.10705e-06	  3.38116e-07	  2748	  2.33558e-08
402	  2.61216	  0.656281	  4.10705e-06	  3.71681e-07	  2676	  2.5769e-08
403	  2.61216	  0.718743	  4.10705e-06	  3.89248e-07	  2472	  2.72914e-08
404	  2.61216	  0.781255	  4.10705e-06	  4.22948e-07	  2616	  2.94167e-08
405	  2.61216	  0.843774	  4.10705e-06	  4.43522e-07	  2736	  3.06554e-08
406	  2.61216	  0.90628	  4.10705e-06	  4.52384e-07	  2568	  3.15463e-08
407	  2.61216	  0.968758	  4.10705e-06	  4.48877e-07	  2745	  3.10114e-08
408	  3.02645	  0.030936	  2.86472e-06	  1.90923e-07	  3414	  1.28137e-08
409	  3.02645	  0.0938307	  2.86472e-06	  1.91672e-07	  4512	  1.2437e-08
410	  3.02645	  0.156319	  2.86472e-06	  1.9321e-07	  4632	  1.24994e-08
411	  3.02645	  0.218712	  2.86472e-06	  1.98709e-07	  3972	  1.30883e-08
412	  3.02645	  0.281224	  2.86472e-06	  1.96819e-07	  4176	  1.28867e-08
413	  3.02645	  0.343807	  2.86472e-06	  2.13308e-07	  4344	  1.39018e-08
414	  3.02645	  0.406302	  2.86472e-06	  2.12556e-07	  4044	  1.39703e-08
415	  3.02645	  0.468745	  2.86472e-06	  2.19525e-07	  4092	  1.4408e-08
416	  3.02645	  0.531226	  2.86472e-06	  2.35309e-07	  4296	  1.53555e-08
417	  3.02645	  0.593785	  2.86472e-06	  2.36481e-07	  3996	  1.5565e-08
418	  3.02645	  0.656281	  2.86472e-06	  2.51935e-07	  4188	  1.64897e-08
419	  3.02645	  0.718743	  2.86472e-06	  2.52154e-07	  4212	  1.6493e-08
420	  3.02645	  0.781255	  2.86472e-06	  2.71239e-07	  4140	  1.77775e-08
421	  3.02645	  0.843774	  2.86472e-06	  2.75744e-07	  4128	  1.80789e-08
422	  3.02645	  0.90628	  2.86472e-06	  2.78861e-07	  4188	  1.82521e-08
423	  3.02645	  0.968758	  2.86472e-06	  2.75295e-07	  4128	  1.80495e-08
424	  3.50419	  0.030936	  1.99639e-06	  1.36192e-07	  7002	  8.43719e-09
425	  3.50419	  0.0938307	  1.99639e-06	  1.40696e-07	  6240	  8.81588e-09
426	  3.50419	  0.156319	  1.99639e-06	  1.37721e-07	  5964	  8.66936e-09
427	  3.50419	  0.218712	  1.99639e-06	  1.39867e-07	  6180	  8.77256e-09
428	  3.50419	  0.281224	  1.99639e-06	  1.4096e-07	  6420	  8.80723e-09
429	  3.50419	  0.343807	  1.99639e-06	  1.42004e-07	  6516	  8.85936e-09
430	  3.50419	  0.406302	  1.99639e-06	  1.50773e-07	  6312	  9.43642e-09
431	  3.50419	  0.468745	  1.99639e-06	  1.5121e-07	  6276	  9.46922e-09
432	  3.50419	  0.531226	  1.99639e-06	  1.56224e-07	  6360	  9.77014e-09
433	  3.50419	  0.593785	  1.99639e-06	  1.58344e-07	  6408	  9.89528e-09
434	  3.50419	  0.656281	  1.99639e-06	  1.59112e-07	  6360	  9.95076e-09
435	  3.50419	  0.718743	  1.99639e-06	  1.62117e-07	  6336	  1.01425e-08
436	  3.50419	  0.781255	  1.99639e-06	  1.68262e-07	  6372	  1.0521e-08
437	  3.50419	  0.843774	  1.99639e-06	  1.68142e-07	  6456	  1.04997e-08
438	  3.50419	  0.90628	  1.99639e-06	  1.69814e-07	  6360	  1.06201e-08
439	  3.50419	  0.968758	  1.99639e-06	  1.60662e-07	  6327	  1.00529e-08
440	  4.05763	  0.030936	  1.3873e-06	  9.81198e-08	  10392	  5.8685e-09
441	  4.05763	  0.0938307	  1.3873e-06	  9.53645e-08	  9420	  5.75079e-09
442	  4.05763	  0.156319	  1.3873e-06	  9.78275e-08	  10176	  5.86115e-09
443	  4.05763	  0.218712	  1.3873e-06	  9.62242e-08	  10260	  5.76118e-09
444	  4.05763	  0.281224	  1.3873e-06	  9.80255e-08	  9528	  5.90552e-09
445	  4.05763	  0.343807	  1.3873e-06	  9.85127e-08	  10140	  5.90394e-09
446	  4.05763	  0.406302	  1.3873e-06	  1.00503e-07	  9960	  6.03219e-09
447	  4.05763	  0.468745	  1.3873e-06	  1.00495e-07	  10068	  6.02627e-09
448	  4.05763	  0.531226	  1.3873e-06	  1.02293e-07	  9996	  6.1378e-09
449	  4.05763	  0.593785	  1.3873e-06	  1.05225e-07	  9828	  6.32268e-09
450	  4.05763	  0.656281	  1.3873e-06	  1.02452e-07	  10032	  6.14551e-09
451	  4.05763	  0.718743	  1.3873e-06	  1.05612e-07	  9924	  6.34074e-09
452	  4.05763	  0.781255	  1.3873e-06	  1.05299e-07	  10116	  6.31186e-09
453	  4.05763	  0.843774	  1.3873e-06	  1.02112e-07	  9888	  6.13248e-09
454	  4.05763	  0.90628	  1.3873e-06	  9.93682e-08	  10008	  5.9617e-09
455	  4.05763	  0.968758	  1.3873e-06	  9.3276e-08	  9978	  5.59759e-09
456	  4.69917	  0.030936	  9.60877e-07	  6.95288e-08	  13626	  4.07208e-09
457	  4.69917	  0.0938307	  9.60877e-07	  6.7604e-08	  16392	  3.90823e-09
458	  4.69917	  0.156319	  9.60877e-07	  6.64521e-08	  15708	  3.85281e-09
459	  4.69917	  0.218712	  9.60877e-07	  6.56796e-08	  15432	  3.81269e-09
460	  4.69917	  0.281224	  9.60877e-07	  6.66235e-08	  15780	  3.86154e-09
461	  4.69917	  0.343807	  9.60877e-07	  6.68798e-08	  15300	  3.88468e-09
462	  4.69917	  0.406302	  9.60877e-07	  6.61204e-08	  15588	  3.83561e-09
463	  4.69917	  0.468745	  9.60877e-07	  6.55492e-08	  15396	  3.80574e-09
464	  4.69917	  0.531226	  9.60877e-07	  6.74457e-08	  15504	  3.91395e-09
465	  4.69917	  0.593785	  9.60877e-07	  6.57376e-08	  15660	  3.81219e-09
466	  4.69917	  0.656281	  9.60877e-07	  6.59452e-08	  15192	  3.83228e-09
467	  4.69917	  0.718743	  9.60877e-07	  6.39075e-08	  15600	  3.70705e-09
468	  4.69917	  0.781255	  9.60877e-07	  6.24594e-08	  15216	  3.62932e-09
469	  4.69917	  0.843774	  9.60877e-07	  5.8841e-08	  15516	  3.41443e-09
470	  4.69917	  0.90628	  9.60877e-07	  5.5035e-08	  15540	  3.19323e-09
471	  4.69917	  0.968758	  9.60877e-07	  5.22919e-08	  15405	  3.03591e-09
472	  5.4432	  0.030936	  6.6384e-07	  4.75942e-08	  26250	  2.67347e-09
473	  5.4432	  0.0938307	  6.6384e-07	  4.71877e-08	  22392	  2.67473e-09
474	  5.4432	  0.156319	  6.6384e-07	  4.48949e-08	  24516	  2.53147e-09
475	  5.4432	  0.218712	  6.6384e-07	  4.54234e-08	  23592	  2.5669e-09
476	  5.4432	  0.281224	  6.6384e-07	  4.50117e-08	  24264	  2.53955e-09
477	  5.4432	  0.343807	  6.6384e-07	  4.49302e-08	  23928	  2.53697e-09
478	  5.4432	  0.406302	  6.6384e-07	  4.38519e-08	  24120	  2.47495e-09
479	  5.4432	  0.468745	  6.6384e-07	  4.28064e-08	  23964	  2.41684e-09
480	  5.4432	  0.531226	  6.6384e-07	  4.18158e-08	  24060	  2.36037e-09
481	  5.4432	  0.593785	  6.6384e-07	  4.01312e-08	  24108	  2.26502e-09
482	  5.4432	  0.656281	  6.6384e-07	  3.8432e-08	  24228	  2.16851e-09
483	  5.4432	  0.718743	  6.6384e-07	  3.7341e-08	  24144	  2.10736e-09
484	  5.4432	  0.781255	  6.6384e-07	  3.46024e-08	  23940	  1.95376e-09
485	  5.4432	  0.843774	  6.6384e-07	  3.28413e-08	  24192	  1.85321e-09
486	  5.4432	  0.90628	  6.6384e-07	  2.91062e-08	  23988	  1.64323e-09
487	  5.4432	  0.968758	  6.6384e-07	  2.68496e-08	  24141	  1.51528e-09
488	  6.30378	  0.030936	  4.57865e-07	  3.31289e-08	  35082	  1.83332e-09
489	  6.30378	  0.0938307	  4.57865e-07	  3.17788e-08	  39108	  1.74964e-09
490	  6.30378	  0.156319	  4.57865e-07	  3.04799e-08	  36924	  1.68261e-09
491	  6.30378	  0.218712	  4.57865e-07	  3.03423e-08	  37692	  1.6734e-09
492	  6.30378	  0.281224	  4.57865e-07	  2.91831e-08	  37092	  1.61068e-09
493	  6.30378	  0.343807	  4.57865e-07	  2.86169e-08	  37536	  1.57855e-09
494	  6.30378	  0.406302	  4.57865e-07	  2.76844e-08	  36984	  1.52817e-09
495	  6.30378	  0.468745	  4.57865e-07	  2.64073e-08	  37428	  1.45686e-09
496	  6.30378	  0.531226	  4.57865e-07	  2.50808e-08	  37392	  1.38375e-09
497	  6.30378	  0.593785	  4.57865e-07	  2.37254e-08	  37200	  1.30928e-09
498	  6.30378	  0.656281	  4.57865e-07	  2.18998e-08	  36924	  1.20896e-09
499	  6.30378	  0.718743	  4.57865e-07	  2.01961e-08	  37272	  1.11441e-09
500	  6.30378	  0.781255	  4.57865e-07	  1.83522e-08	  37284	  1.01265e-09
501	  6.30378	  0.843774	  4.57865e-07	  1.645e-08	  37188	  9.07803e-10
502	  6.30378	  0.90628	  4.57865e-07	  1.47275e-08	  37320	  8.12609e-10
503	  6.30378	  0.968758	  4.57865e-07	  1.29614e-08	  37119	  7.15343e-10
504	  7.30029	  0.030936	  3.15016e-07	  2.2309e-08	  60258	  1.20633e-09
505	  7.30029	  0.0938307	  3.15016e-07	  2.1019e-08	  56916	  1.13905e-09
506	  7.30029	  0.156319	  3.15016e-07	  2.02539e-08	  56820	  1.09766e-09
507	  7.30029	  0.218712	  3.15016e-07	  1.95621e-08	  58716	  1.05884e-09
508	  7.30029	  0.281224	  3.15016e-07	  1.87262e-08	  57840	  1.01418e-09
509	  7.30029	  0.343807	  3.15016e-07	  1.78163e-08	  57612	  9.65041e-10
510	  7.30029	  0.406302	  3.15016e-07	  1.6653e-08	  58464	  9.01525e-10
511	  7.30029	  0.468745	  3.15016e-07	  1.54412e-08	  57948	  8.36204e-10
512	  7.30029	  0.531226	  3.15016e-07	  1.41965e-08	  57708	  7.68921e-10
513	  7.30029	  0.593785	  3.15016e-07	  1.28548e-08	  58236	  6.96007e-10
514	  7.30029	  0.656281	  3.15016e-07	  1.15865e-08	  58008	  6.27431e-10
515	  7.30029	  0.718743	  3.15016e-07	  1.03705e-08	  58200	  5.61513e-10
516	  7.30029	  0.781255	  3.15016e-07	  8.99253e-09	  58128	  4.86925e-10
517	  7.30029	  0.843774	  3.15016e-07	  7.87461e-09	  57972	  4.26436e-10
518	  7.30029	  0.90628	  3.15016e-07	  6.8194e-09	  57960	  3.69296e-10
519	  7.30029	  0.968758	  3.15016e-07	  5.79865e-09	  58122	  3.13985e-10
520	  8.455	  0.030936	  2.16353e-07	  1.45583e-08	  90198	  7.76388e-10
521	  8.455	  0.0938307	  2.16353e-07	  1.36873e-08	  89292	  7.30172e-10
522	  8.455	  0.156319	  2.16353e-07	  1.30993e-08	  90804	  6.98436e-10
523	  8.455	  0.218712	  2.16353e-07	  1.22801e-08	  89628	  6.55021e-10
524	  8.455	  0.281224	  2.16353e-07	  1.14278e-08	  89844	  6.09514e-10
525	  8.455	  0.343807	  2.16353e-07	  1.05273e-08	  90636	  5.61334e-10
526	  8.455	  0.406302	  2.16353e-07	  9.49287e-09	  89628	  5.06352e-10
527	  8.455	  0.468745	  2.16353e-07	  8.4908e-09	  89772	  4.52878e-10
528	  8.455	  0.531226	  2.16353e-07	  7.49482e-09	  90324	  3.99679e-10
529	  8.455	  0.593785	  2.16353e-07	  6.62522e-09	  89784	  3.53371e-10
530	  8.455	  0.656281	  2.16353e-07	  5.66837e-09	  90216	  3.0229e-10
531	  8.455	  0.718743	  2.16353e-07	  4.88639e-09	  89796	  2.60626e-10
532	  8.455	  0.781255	  2.16353e-07	  4.20024e-09	  90120	  2.24004e-10
533	  8.455	  0.843774	  2.16353e-07	  3.52769e-09	  90132	  1.88135e-10
534	  8.455	  0.90628	  2.16353e-07	  2.92043e-09	  89916	  1.55761e-10
535	  8.455	  0.968758	  2.16353e-07	  2.40823e-09	  89964	  1.2844e-10
536	  9.79129	  0.030936	  1.48293e-07	  9.20274e-09	  139068	  4.84815e-10
537	  9.79129	  0.0938307	  1.48293e-07	  8.49557e-09	  141180	  4.47389e-10
538	  9.79129	  0.156319	  1.48293e-07	  7.95985e-09	  139380	  4.19313e-10
539	  9.79129	  0.218712	  1.48293e-07	  7.34088e-09	  138804	  3.86748e-10
540	  9.79129	  0.281224	  1.48293e-07	  6.5966e-09	  140952	  3.474e-10
541	  9.79129	  0.343807	  1.48293e-07	  5.74816e-09	  139668	  3.02789e-10
542	  9.79129	  0.406302	  1.48293e-07	  5.03817e-09	  139464	  2.65399e-10
543	  9.79129	  0.468745	  1.48293e-07	  4.30476e-09	  139812	  2.26751e-10
544	  9.79129	  0.531226	  1.48293e-07	  3.65421e-09	  139884	  1.92481e-10
545	  9.79129	  0.593785	  1.48293e-07	  3.09799e-09	  140184	  1.63174e-10
546	  9.79129	  0.656281	  1.48293e-07	  2.5856e-09	  139404	  1.36205e-10
547	  9.79129	  0.718743	  1.48293e-07	  2.14696e-09	  139932	  1.13087e-10
548	  9.79129	  0.781255	  1.48293e-07	  1.77809e-09	  139980	  9.36568e-11
549	  9.79129	  0.843774	  1.48293e-07	  1.44752e-09	  139632	  7.62498e-11
550	  9.79129	  0.90628	  1.48293e-07	  1.16254e-09	  140088	  6.12328e-11
551	  9.79129	  0.968758	  1.48293e-07	  9.16001e-10	  139623	  4.82515e-11
