#n	   k	      mu	    PL	    Pf	     w	     err  
0	  0.10472	  1	  0.00427213	  0.000292777	  3	  0.000183674
1	  0.20944	  1	  0.00151751	  8.17689e-05	  3	  5.12978e-05
2	  0.314159	  1	  0.0007108	  7.93458e-05	  3	  4.97776e-05
3	  0.418879	  1	  0.000398371	  1.5711e-05	  3	  9.8563e-06
4	  0.523599	  1	  0.000251849	  4.45066e-06	  3	  2.79212e-06
5	  0.628319	  1	  0.000170648	  1.88156e-05	  3	  1.18039e-05
6	  0.733038	  1	  0.000122002	  9.23626e-06	  3	  5.79437e-06
7	  0.837758	  1	  9.08132e-05	  8.43151e-06	  3	  5.28951e-06
8	  0.942478	  1	  6.97363e-05	  1.34025e-06	  3	  8.40804e-07
9	  0.10472	  0	  0.00427213	  4.99324e-05	  6	  2.28814e-05
10	  0.148096	  0.707107	  0.00271675	  6.98355e-05	  12	  2.36516e-05
11	  0.23416	  0.894427	  0.00120207	  8.59128e-05	  12	  2.90965e-05
12	  0.331153	  0.948683	  0.00064369	  3.42547e-05	  12	  1.16012e-05
13	  0.431771	  0.970143	  0.000374901	  1.89378e-05	  12	  6.41375e-06
14	  0.533968	  0.980581	  0.00024156	  1.27167e-05	  12	  4.30684e-06
15	  0.636985	  0.986394	  0.000165645	  7.30708e-06	  12	  2.47473e-06
16	  0.74048	  0.989949	  0.000119362	  9.87272e-06	  12	  3.34365e-06
17	  0.844278	  0.992278	  8.92337e-05	  4.49025e-06	  12	  1.52074e-06
18	  0.948278	  0.993884	  6.87654e-05	  4.31038e-06	  12	  1.45982e-06
19	  0.148096	  0	  0.00271675	  2.59976e-05	  6	  1.19134e-05
20	  0.18138	  0.57735	  0.00192736	  3.47731e-05	  12	  1.17768e-05
21	  0.25651	  0.816497	  0.00105795	  3.97254e-05	  12	  1.3454e-05
22	  0.347316	  0.904534	  0.000579791	  2.3944e-05	  12	  8.10923e-06
23	  0.444288	  0.942809	  0.000354409	  1.69274e-05	  12	  5.7329e-06
24	  0.54414	  0.96225	  0.000231969	  1.28114e-05	  12	  4.33892e-06
25	  0.645536	  0.973329	  0.000160985	  8.26944e-06	  12	  2.80065e-06
26	  0.747849	  0.980196	  0.000116753	  4.90247e-06	  12	  1.66034e-06
27	  0.850747	  0.984732	  8.77505e-05	  5.82559e-06	  12	  1.97298e-06
28	  0.954042	  0.987878	  6.78321e-05	  4.22294e-06	  12	  1.4302e-06
29	  0.20944	  0	  0.00151751	  1.63443e-05	  6	  7.48976e-06
30	  0.23416	  0.447214	  0.00120207	  2.71991e-05	  12	  9.21164e-06
31	  0.296192	  0.707107	  0.000782761	  3.2807e-05	  12	  1.11109e-05
32	  0.377572	  0.83205	  0.000493333	  2.15906e-05	  12	  7.31221e-06
33	  0.468321	  0.894427	  0.00031798	  1.7348e-05	  12	  5.87535e-06
34	  0.563933	  0.928477	  0.000215017	  6.9024e-06	  12	  2.33767e-06
35	  0.662306	  0.948683	  0.000152257	  6.45787e-06	  12	  2.18712e-06
36	  0.762371	  0.961524	  0.000111916	  7.32893e-06	  12	  2.48213e-06
37	  0.863541	  0.970143	  8.48614e-05	  1.61794e-06	  12	  5.47956e-07
38	  0.965468	  0.976187	  6.60351e-05	  2.79307e-06	  12	  9.45943e-07
39	  0.23416	  0	  0.00120207	  1.67949e-05	  12	  5.688e-06
40	  0.25651	  0.408248	  0.00105795	  1.59764e-05	  24	  4.05998e-06
41	  0.314159	  0.666667	  0.0007108	  2.18865e-05	  24	  5.56188e-06
42	  0.391825	  0.801784	  0.000459314	  1.6252e-05	  24	  4.13004e-06
43	  0.479886	  0.872872	  0.000301799	  1.8241e-05	  24	  4.63548e-06
44	  0.573574	  0.912871	  0.000207525	  8.46844e-06	  24	  2.15203e-06
45	  0.670534	  0.937043	  0.00014827	  5.29618e-06	  24	  1.34589e-06
46	  0.76953	  0.952579	  0.00010966	  5.14109e-06	  24	  1.30648e-06
47	  0.869868	  0.963087	  8.34996e-05	  4.0898e-06	  24	  1.03932e-06
48	  0.971131	  0.970495	  6.51545e-05	  3.41335e-06	  24	  8.67415e-07
49	  0.296192	  0	  0.000782761	  9.65749e-06	  6	  4.42553e-06
50	  0.314159	  0.333333	  0.0007108	  1.22109e-05	  12	  4.13553e-06
51	  0.36276	  0.57735	  0.000530683	  1.02031e-05	  12	  3.45552e-06
52	  0.431771	  0.727607	  0.000374901	  1.34411e-05	  12	  4.55217e-06
53	  0.51302	  0.816497	  0.000262812	  1.1275e-05	  12	  3.81856e-06
54	  0.601569	  0.870388	  0.000187384	  8.96277e-06	  12	  3.03547e-06
55	  0.694632	  0.904534	  0.000137293	  9.02871e-06	  12	  3.0578e-06
56	  0.790617	  0.927173	  0.000103284	  5.08504e-06	  12	  1.72218e-06
57	  0.888577	  0.942809	  7.96115e-05	  3.87392e-06	  12	  1.312e-06
58	  0.987924	  0.953998	  6.26782e-05	  1.75353e-06	  12	  5.93878e-07
59	  0.314159	  0	  0.0007108	  1.30743e-05	  6	  5.99128e-06
60	  0.331153	  0.316228	  0.00064369	  9.61832e-06	  12	  3.25749e-06
61	  0.377572	  0.5547	  0.000493333	  1.41819e-05	  12	  4.80306e-06
62	  0.444288	  0.707107	  0.000354409	  7.28585e-06	  12	  2.46754e-06
63	  0.523599	  0.8	  0.000251849	  1.10656e-05	  12	  3.74764e-06
64	  0.610616	  0.857493	  0.000181465	  4.88396e-06	  12	  1.65408e-06
65	  0.702481	  0.894427	  0.000133953	  5.8211e-06	  12	  1.97146e-06
66	  0.797522	  0.919145	  0.000101309	  4.76731e-06	  12	  1.61457e-06
67	  0.894726	  0.936329	  7.83672e-05	  2.68143e-06	  12	  9.08133e-07
68	  0.993459	  0.948683	  6.18957e-05	  2.90125e-06	  12	  9.82582e-07
69	  0.331153	  0	  0.00064369	  7.78835e-06	  12	  2.63772e-06
70	  0.347316	  0.301511	  0.000579791	  7.11868e-06	  24	  1.80903e-06
71	  0.391825	  0.534522	  0.000459314	  7.57546e-06	  24	  1.92511e-06
72	  0.456463	  0.688247	  0.00033562	  1.37231e-05	  24	  3.48736e-06
73	  0.533968	  0.784465	  0.00024156	  7.56669e-06	  24	  1.92288e-06
74	  0.61953	  0.845154	  0.000175917	  5.06071e-06	  24	  1.28605e-06
75	  0.710244	  0.884652	  0.000130793	  8.61677e-06	  24	  2.18973e-06
76	  0.804368	  0.911322	  9.94144e-05	  4.11939e-06	  24	  1.04684e-06
77	  0.900833	  0.929981	  7.7197e-05	  3.52169e-06	  24	  8.94946e-07
78	  0.998963	  0.943456	  6.11335e-05	  2.21746e-06	  24	  5.6351e-07
79	  0.377572	  0	  0.000493333	  6.45878e-06	  12	  2.18743e-06
80	  0.391825	  0.267261	  0.000459314	  4.93012e-06	  24	  1.25286e-06
81	  0.431771	  0.485071	  0.000374901	  8.30817e-06	  24	  2.11131e-06
82	  0.491179	  0.639602	  0.000287358	  6.14547e-06	  24	  1.56171e-06
83	  0.563933	  0.742781	  0.000215017	  8.04136e-06	  24	  2.0435e-06
84	  0.645536	  0.811107	  0.000160985	  6.63452e-06	  24	  1.68599e-06
85	  0.733038	  0.857143	  0.000122002	  5.63823e-06	  24	  1.43281e-06
86	  0.824564	  0.889001	  9.40695e-05	  2.69199e-06	  24	  6.841e-07
87	  0.918912	  0.911685	  7.38245e-05	  3.93897e-06	  24	  1.00099e-06
88	  0.418879	  0	  0.000398371	  1.44544e-06	  6	  6.62371e-07
89	  0.431771	  0.242536	  0.000374901	  3.74116e-06	  12	  1.26704e-06
90	  0.468321	  0.447214	  0.00031798	  6.62458e-06	  12	  2.24358e-06
91	  0.523599	  0.6	  0.000251849	  6.06836e-06	  12	  2.0552e-06
92	  0.592384	  0.707107	  0.000193728	  3.18226e-06	  12	  1.07775e-06
93	  0.670534	  0.780869	  0.00014827	  6.31212e-06	  12	  2.13776e-06
94	  0.755145	  0.83205	  0.000114321	  3.74554e-06	  12	  1.26852e-06
95	  0.844278	  0.868243	  8.92337e-05	  3.65284e-06	  12	  1.23712e-06
96	  0.936642	  0.894427	  7.07132e-05	  1.78149e-06	  12	  6.03347e-07
97	  0.431771	  0	  0.000374901	  3.46155e-06	  12	  1.17234e-06
98	  0.444288	  0.235702	  0.000354409	  2.30542e-06	  24	  5.85864e-07
99	  0.479886	  0.436436	  0.000301799	  7.28756e-06	  24	  1.85194e-06
100	  0.533968	  0.588348	  0.00024156	  3.92858e-06	  24	  9.98347e-07
101	  0.601569	  0.696311	  0.000187384	  3.90371e-06	  24	  9.92028e-07
102	  0.678662	  0.771517	  0.000144415	  3.44232e-06	  24	  8.74778e-07
103	  0.762371	  0.824163	  0.000111916	  4.87719e-06	  24	  1.23941e-06
104	  0.850747	  0.86164	  8.77505e-05	  4.25113e-06	  24	  1.08032e-06
105	  0.942478	  0.888889	  6.97363e-05	  3.41771e-06	  24	  8.68524e-07
106	  0.444288	  0	  0.000354409	  3.12118e-06	  6	  1.43027e-06
107	  0.456463	  0.229416	  0.00033562	  5.8215e-06	  12	  1.9716e-06
108	  0.491179	  0.426401	  0.000287358	  4.90734e-06	  12	  1.66199e-06
109	  0.54414	  0.57735	  0.000231969	  1.7269e-06	  12	  5.84857e-07
110	  0.610616	  0.685994	  0.000181465	  6.08435e-06	  12	  2.06062e-06
111	  0.686693	  0.762493	  0.000140776	  3.95484e-06	  12	  1.33941e-06
112	  0.76953	  0.816497	  0.00010966	  3.73915e-06	  12	  1.26636e-06
113	  0.857168	  0.855186	  8.62786e-05	  2.23674e-06	  12	  7.57529e-07
114	  0.948278	  0.883452	  6.87654e-05	  1.66286e-06	  12	  5.63169e-07
115	  0.468321	  0	  0.00031798	  4.01182e-06	  12	  1.3587e-06
116	  0.479886	  0.218218	  0.000301799	  5.64597e-06	  24	  1.43478e-06
117	  0.51302	  0.408248	  0.000262812	  5.6814e-06	  24	  1.44378e-06
118	  0.563933	  0.557086	  0.000215017	  5.46925e-06	  24	  1.38987e-06
119	  0.628319	  0.666667	  0.000170648	  4.19047e-06	  24	  1.0649e-06
120	  0.702481	  0.745356	  0.000133953	  4.49709e-06	  24	  1.14282e-06
121	  0.783651	  0.801784	  0.000105335	  3.94802e-06	  24	  1.00329e-06
122	  0.869868	  0.842701	  8.34996e-05	  2.66856e-06	  24	  6.78147e-07
123	  0.959772	  0.872872	  6.69309e-05	  2.45676e-06	  24	  6.24322e-07
124	  0.523599	  0	  0.000251849	  2.77414e-06	  18	  7.92577e-07
125	  0.533968	  0.196116	  0.00024156	  2.5672e-06	  36	  5.56226e-07
126	  0.563933	  0.371391	  0.000215017	  2.57875e-06	  36	  5.58729e-07
127	  0.610616	  0.514496	  0.000181465	  3.12882e-06	  36	  6.7791e-07
128	  0.670534	  0.624695	  0.00014827	  3.21491e-06	  36	  6.96564e-07
129	  0.74048	  0.707107	  0.000119362	  3.55676e-06	  36	  7.70632e-07
130	  0.817887	  0.768221	  9.58027e-05	  2.98623e-06	  36	  6.47017e-07
131	  0.900833	  0.813733	  7.7197e-05	  2.45552e-06	  36	  5.32028e-07
132	  0.987924	  0.847998	  6.26782e-05	  2.23591e-06	  36	  4.84448e-07
133	  0.533968	  0	  0.00024156	  2.53191e-06	  12	  8.57494e-07
134	  0.54414	  0.19245	  0.000231969	  3.96224e-06	  24	  1.0069e-06
135	  0.573574	  0.365148	  0.000207525	  2.56075e-06	  24	  6.50749e-07
136	  0.61953	  0.507093	  0.000175917	  3.4596e-06	  24	  8.79169e-07
137	  0.678662	  0.617213	  0.000144415	  3.36223e-06	  24	  8.54424e-07
138	  0.747849	  0.70014	  0.000116753	  3.09459e-06	  24	  7.8641e-07
139	  0.824564	  0.762001	  9.40695e-05	  1.30331e-06	  24	  3.31202e-07
140	  0.9069	  0.80829	  7.60446e-05	  2.93793e-06	  24	  7.46599e-07
141	  0.993459	  0.843274	  6.18957e-05	  2.24711e-06	  24	  5.71046e-07
142	  0.563933	  0	  0.000215017	  1.04247e-06	  12	  3.5306e-07
143	  0.573574	  0.182574	  0.000207525	  2.14664e-06	  24	  5.45514e-07
144	  0.601569	  0.348155	  0.000187384	  2.90315e-06	  24	  7.37761e-07
145	  0.645536	  0.486664	  0.000160985	  3.41193e-06	  24	  8.67055e-07
146	  0.702481	  0.596285	  0.000133953	  3.58664e-06	  24	  9.11452e-07
147	  0.76953	  0.680414	  0.00010966	  2.04611e-06	  24	  5.19965e-07
148	  0.844278	  0.744208	  8.92337e-05	  3.11831e-06	  24	  7.92437e-07
149	  0.92486	  0.792594	  7.27641e-05	  2.41979e-06	  24	  6.14928e-07
150	  0.592384	  0	  0.000193728	  8.04635e-07	  6	  3.68723e-07
151	  0.601569	  0.174078	  0.000187384	  1.59513e-06	  12	  5.40231e-07
152	  0.628319	  0.333333	  0.000170648	  2.20875e-06	  12	  7.48047e-07
153	  0.670534	  0.468521	  0.00014827	  1.98875e-06	  12	  6.73541e-07
154	  0.72552	  0.57735	  0.000124835	  3.8554e-06	  12	  1.30573e-06
155	  0.790617	  0.662266	  0.000103284	  2.75989e-06	  12	  9.34706e-07
156	  0.863541	  0.727607	  8.48614e-05	  2.36764e-06	  12	  8.0186e-07
157	  0.942478	  0.777778	  6.97363e-05	  1.74044e-06	  12	  5.89444e-07
158	  0.610616	  0	  0.000181465	  1.55395e-06	  12	  5.26284e-07
159	  0.61953	  0.169031	  0.000175917	  2.06043e-06	  24	  5.23604e-07
160	  0.645536	  0.324443	  0.000160985	  2.36418e-06	  24	  6.00796e-07
161	  0.686693	  0.457496	  0.000140776	  2.6634e-06	  24	  6.76835e-07
162	  0.74048	  0.565685	  0.000119362	  2.20246e-06	  24	  5.59698e-07
163	  0.804368	  0.650945	  9.94144e-05	  2.99487e-06	  24	  7.61068e-07
164	  0.876148	  0.717137	  8.21476e-05	  2.46733e-06	  24	  6.27009e-07
165	  0.954042	  0.76835	  6.78321e-05	  2.00609e-06	  24	  5.09795e-07
166	  0.628319	  0	  0.000170648	  5.88476e-06	  6	  2.69668e-06
167	  0.636985	  0.164399	  0.000165645	  2.76212e-06	  12	  9.35463e-07
168	  0.662306	  0.316228	  0.000152257	  1.79257e-06	  12	  6.07098e-07
169	  0.702481	  0.447214	  0.000133953	  9.99335e-07	  12	  3.3845e-07
170	  0.755145	  0.5547	  0.000114321	  1.32319e-06	  12	  4.48131e-07
171	  0.817887	  0.640184	  9.58027e-05	  1.77676e-06	  12	  6.01745e-07
172	  0.888577	  0.707107	  7.96115e-05	  2.04705e-06	  12	  6.93285e-07
173	  0.965468	  0.759257	  6.60351e-05	  2.30352e-06	  12	  7.80146e-07
174	  0.636985	  0	  0.000165645	  2.63664e-06	  12	  8.92963e-07
175	  0.645536	  0.162221	  0.000160985	  1.4838e-06	  24	  3.7707e-07
176	  0.670534	  0.312348	  0.00014827	  1.71467e-06	  24	  4.35739e-07
177	  0.710244	  0.442326	  0.000130793	  2.31083e-06	  24	  5.87237e-07
178	  0.762371	  0.549442	  0.000111916	  2.77772e-06	  24	  7.05885e-07
179	  0.824564	  0.635001	  9.40695e-05	  1.44088e-06	  24	  3.66162e-07
180	  0.894726	  0.702247	  7.83672e-05	  1.46104e-06	  24	  3.71286e-07
181	  0.971131	  0.754829	  6.51545e-05	  1.69076e-06	  24	  4.29663e-07
182	  0.662306	  0	  0.000152257	  1.71969e-06	  12	  5.82417e-07
183	  0.670534	  0.156174	  0.00014827	  1.55127e-06	  24	  3.94214e-07
184	  0.694632	  0.301511	  0.000137293	  1.82005e-06	  24	  4.62519e-07
185	  0.733038	  0.428571	  0.000122002	  2.1015e-06	  24	  5.34042e-07
186	  0.783651	  0.534522	  0.000105335	  1.89282e-06	  24	  4.81012e-07
187	  0.844278	  0.620174	  8.92337e-05	  1.84481e-06	  24	  4.6881e-07
188	  0.912926	  0.688247	  7.48999e-05	  1.27194e-06	  24	  3.2323e-07
189	  0.987924	  0.741999	  6.26782e-05	  1.42656e-06	  24	  3.62524e-07
190	  0.670534	  0	  0.00014827	  2.07486e-06	  12	  7.02703e-07
191	  0.678662	  0.154303	  0.000144415	  1.32178e-06	  24	  3.35895e-07
192	  0.702481	  0.298142	  0.000133953	  2.18131e-06	  24	  5.54324e-07
193	  0.74048	  0.424264	  0.000119362	  1.6466e-06	  24	  4.18441e-07
194	  0.790617	  0.529813	  0.000103284	  1.83617e-06	  24	  4.66616e-07
195	  0.850747	  0.615457	  8.77505e-05	  1.31716e-06	  24	  3.34722e-07
196	  0.918912	  0.683763	  7.38245e-05	  1.85048e-06	  24	  4.70252e-07
197	  0.993459	  0.737865	  6.18957e-05	  1.64847e-06	  24	  4.18917e-07
198	  0.702481	  0	  0.000133953	  8.2762e-07	  12	  2.80294e-07
199	  0.710244	  0.147442	  0.000130793	  1.68185e-06	  24	  4.27398e-07
200	  0.733038	  0.285714	  0.000122002	  2.16207e-06	  24	  5.49435e-07
201	  0.76953	  0.408248	  0.00010966	  1.80989e-06	  24	  4.59937e-07
202	  0.817887	  0.512148	  9.58027e-05	  2.5331e-06	  24	  6.43722e-07
203	  0.876148	  0.597614	  8.21476e-05	  2.11898e-06	  24	  5.38483e-07
204	  0.942478	  0.666667	  6.97363e-05	  1.72462e-06	  24	  4.38269e-07
205	  0.733038	  0	  0.000122002	  1.42247e-06	  6	  6.51846e-07
206	  0.74048	  0.141421	  0.000119362	  1.37792e-06	  12	  4.66668e-07
207	  0.762371	  0.274721	  0.000111916	  1.08807e-06	  12	  3.68503e-07
208	  0.797522	  0.393919	  0.000101309	  1.52768e-06	  12	  5.17388e-07
209	  0.844278	  0.496139	  8.92337e-05	  1.83356e-06	  12	  6.20982e-07
210	  0.900833	  0.581238	  7.7197e-05	  1.99141e-06	  12	  6.74441e-07
211	  0.965468	  0.650791	  6.60351e-05	  1.60966e-06	  12	  5.45153e-07
212	  0.74048	  0	  0.000119362	  1.4811e-06	  18	  4.23154e-07
213	  0.747849	  0.140028	  0.000116753	  1.77755e-06	  36	  3.85135e-07
214	  0.76953	  0.272166	  0.00010966	  1.38627e-06	  36	  3.00358e-07
215	  0.804368	  0.390567	  9.94144e-05	  2.00293e-06	  36	  4.33968e-07
216	  0.850747	  0.492366	  8.77505e-05	  1.33673e-06	  36	  2.89625e-07
217	  0.9069	  0.57735	  7.60446e-05	  1.34029e-06	  36	  2.90395e-07
218	  0.971131	  0.646997	  6.51545e-05	  2.10397e-06	  36	  4.5586e-07
219	  0.755145	  0	  0.000114321	  9.1648e-07	  12	  3.10389e-07
220	  0.762371	  0.137361	  0.000111916	  1.75507e-06	  24	  4.46005e-07
221	  0.783651	  0.267261	  0.000105335	  1.50506e-06	  24	  3.82472e-07
222	  0.817887	  0.384111	  9.58027e-05	  1.65918e-06	  24	  4.21639e-07
223	  0.863541	  0.485071	  8.48614e-05	  8.96016e-07	  24	  2.27699e-07
224	  0.918912	  0.569803	  7.38245e-05	  1.53293e-06	  24	  3.89555e-07
225	  0.982358	  0.639602	  6.34989e-05	  1.12585e-06	  24	  2.86106e-07
226	  0.762371	  0	  0.000111916	  7.71551e-07	  12	  2.61305e-07
227	  0.76953	  0.136083	  0.00010966	  1.66424e-06	  24	  4.22924e-07
228	  0.790617	  0.264906	  0.000103284	  1.1749e-06	  24	  2.9857e-07
229	  0.824564	  0.381	  9.40695e-05	  1.23264e-06	  24	  3.13243e-07
230	  0.869868	  0.481543	  8.34996e-05	  8.94328e-07	  24	  2.2727e-07
231	  0.92486	  0.566139	  7.27641e-05	  1.66653e-06	  24	  4.23507e-07
232	  0.987924	  0.635999	  6.26782e-05	  1.17182e-06	  24	  2.97789e-07
233	  0.797522	  0	  0.000101309	  1.33047e-06	  12	  4.50596e-07
234	  0.804368	  0.130189	  9.94144e-05	  1.66401e-06	  24	  4.22864e-07
235	  0.824564	  0.254	  9.40695e-05	  1.08762e-06	  24	  2.76391e-07
236	  0.857168	  0.366508	  8.62786e-05	  1.24585e-06	  24	  3.166e-07
237	  0.900833	  0.464991	  7.7197e-05	  1.20346e-06	  24	  3.05829e-07
238	  0.954042	  0.548821	  6.78321e-05	  1.39685e-06	  24	  3.54973e-07
239	  0.817887	  0	  9.58027e-05	  9.67247e-07	  12	  3.27583e-07
240	  0.824564	  0.127	  9.40695e-05	  9.01721e-07	  24	  2.29149e-07
241	  0.844278	  0.248069	  8.92337e-05	  1.13408e-06	  24	  2.88198e-07
242	  0.876148	  0.358569	  8.21476e-05	  1.36605e-06	  24	  3.47147e-07
243	  0.918912	  0.455842	  7.38245e-05	  1.30579e-06	  24	  3.31832e-07
244	  0.971131	  0.539164	  6.51545e-05	  1.49598e-06	  24	  3.80164e-07
245	  0.837758	  0	  9.08132e-05	  1.22546e-06	  6	  5.61567e-07
246	  0.844278	  0.124035	  8.92337e-05	  1.62067e-06	  12	  5.4888e-07
247	  0.863541	  0.242536	  8.48614e-05	  4.95364e-07	  12	  1.67767e-07
248	  0.894726	  0.351123	  7.83672e-05	  1.01681e-06	  12	  3.44369e-07
249	  0.936642	  0.447214	  7.07132e-05	  1.10585e-06	  12	  3.74525e-07
250	  0.987924	  0.529999	  6.26782e-05	  1.71983e-06	  12	  5.82464e-07
251	  0.844278	  0	  8.92337e-05	  1.4359e-06	  24	  3.64897e-07
252	  0.850747	  0.123091	  8.77505e-05	  1.25791e-06	  48	  2.4446e-07
253	  0.869868	  0.240772	  8.34996e-05	  1.01633e-06	  48	  1.97511e-07
254	  0.900833	  0.348743	  7.7197e-05	  1.2149e-06	  48	  2.36101e-07
255	  0.942478	  0.444444	  6.97363e-05	  1.13835e-06	  48	  2.21224e-07
256	  0.993459	  0.527046	  6.18957e-05	  1.26179e-06	  48	  2.45212e-07
257	  0.863541	  0	  8.48614e-05	  6.33197e-07	  12	  2.14448e-07
258	  0.869868	  0.120386	  8.34996e-05	  1.11861e-06	  24	  2.84266e-07
259	  0.888577	  0.235702	  7.96115e-05	  1.06081e-06	  24	  2.69578e-07
260	  0.918912	  0.341882	  7.38245e-05	  1.10401e-06	  24	  2.80556e-07
261	  0.959772	  0.436436	  6.69309e-05	  1.10634e-06	  24	  2.81147e-07
262	  0.888577	  0	  7.96115e-05	  9.27478e-07	  6	  4.25015e-07
263	  0.894726	  0.117041	  7.83672e-05	  7.24377e-07	  12	  2.45328e-07
264	  0.912926	  0.229416	  7.48999e-05	  1.0681e-06	  12	  3.61738e-07
265	  0.942478	  0.333333	  6.97363e-05	  1.18632e-06	  12	  4.01778e-07
266	  0.982358	  0.426401	  6.34989e-05	  1.05801e-06	  12	  3.58323e-07
267	  0.894726	  0	  7.83672e-05	  7.01276e-07	  12	  2.37505e-07
268	  0.900833	  0.116248	  7.7197e-05	  8.6577e-07	  24	  2.20013e-07
269	  0.918912	  0.227921	  7.38245e-05	  1.14838e-06	  24	  2.91832e-07
270	  0.948278	  0.331295	  6.87654e-05	  1.14075e-06	  24	  2.89892e-07
271	  0.987924	  0.423999	  6.26782e-05	  1.0001e-06	  24	  2.5415e-07
272	  0.900833	  0	  7.7197e-05	  1.37994e-06	  12	  4.6735e-07
273	  0.9069	  0.11547	  7.60446e-05	  9.42766e-07	  24	  2.3958e-07
274	  0.92486	  0.226455	  7.27641e-05	  7.69988e-07	  24	  1.95673e-07
275	  0.954042	  0.329293	  6.78321e-05	  1.09944e-06	  24	  2.79394e-07
276	  0.993459	  0.421637	  6.18957e-05	  9.89917e-07	  24	  2.51562e-07
277	  0.936642	  0	  7.07132e-05	  7.06317e-07	  12	  2.39212e-07
278	  0.942478	  0.111111	  6.97363e-05	  9.84007e-07	  24	  2.5006e-07
279	  0.959772	  0.218218	  6.69309e-05	  8.98864e-07	  24	  2.28423e-07
280	  0.987924	  0.317999	  6.26782e-05	  8.18936e-07	  24	  2.08111e-07
281	  0.942478	  0	  6.97363e-05	  1.49491e-06	  6	  6.85042e-07
282	  0.948278	  0.110432	  6.87654e-05	  1.12992e-06	  12	  3.82677e-07
283	  0.965468	  0.21693	  6.60351e-05	  9.88303e-07	  12	  3.34714e-07
284	  0.993459	  0.316228	  6.18957e-05	  1.02578e-06	  12	  3.47406e-07
285	  0.948278	  0	  6.87654e-05	  9.99045e-07	  12	  3.38352e-07
286	  0.954042	  0.109764	  6.78321e-05	  7.98115e-07	  24	  2.0282e-07
287	  0.971131	  0.215666	  6.51545e-05	  7.0424e-07	  24	  1.78964e-07
288	  0.998963	  0.314485	  6.11335e-05	  8.17787e-07	  24	  2.07819e-07
289	  0.965468	  0	  6.60351e-05	  8.2497e-07	  24	  2.09645e-07
290	  0.971131	  0.107833	  6.51545e-05	  8.85654e-07	  48	  1.72116e-07
291	  0.987924	  0.212	  6.26782e-05	  9.68216e-07	  48	  1.88161e-07
292	  0.987924	  0	  6.26782e-05	  8.01264e-07	  12	  2.71368e-07
293	  0.993459	  0.105409	  6.18957e-05	  8.40544e-07	  24	  2.13603e-07
294	  0.993459	  0	  6.18957e-05	  7.25992e-07	  12	  2.45875e-07
295	  0.998963	  0.104828	  6.11335e-05	  7.4248e-07	  24	  1.88682e-07
296	  1.08818	  0.030936	  5.03103e-05	  6.94892e-07	  138	  9.38978e-08
297	  1.08818	  0.0938307	  5.03103e-05	  6.40382e-07	  252	  7.23593e-08
298	  1.08818	  0.156319	  5.03103e-05	  5.80872e-07	  72	  9.75e-08
299	  1.08818	  0.218712	  5.03103e-05	  6.48462e-07	  216	  7.65453e-08
300	  1.08818	  0.281224	  5.03103e-05	  7.61064e-07	  288	  8.28994e-08
301	  1.08818	  0.343807	  5.03103e-05	  7.28953e-07	  120	  1.02992e-07
302	  1.08818	  0.406302	  5.03103e-05	  1.0173e-06	  180	  1.26689e-07
303	  1.08818	  0.468745	  5.03103e-05	  9.29664e-07	  180	  1.15776e-07
304	  1.08818	  0.531226	  5.03103e-05	  1.08764e-06	  192	  1.32875e-07
305	  1.08818	  0.593785	  5.03103e-05	  1.34642e-06	  192	  1.64491e-07
306	  1.08818	  0.656281	  5.03103e-05	  1.09288e-06	  168	  1.38961e-07
307	  1.08818	  0.718743	  5.03103e-05	  1.4372e-06	  228	  1.67041e-07
308	  1.08818	  0.781255	  5.03103e-05	  2.01229e-06	  144	  2.68305e-07
309	  1.08818	  0.843774	  5.03103e-05	  1.73003e-06	  240	  1.98174e-07
310	  1.08818	  0.90628	  5.03103e-05	  2.08581e-06	  168	  2.65214e-07
311	  1.08818	  0.968758	  5.03103e-05	  2.16686e-06	  150	  2.85266e-07
312	  1.25577	  0.030936	  3.61853e-05	  5.32897e-07	  198	  6.45162e-08
313	  1.25577	  0.0938307	  3.61853e-05	  5.50618e-07	  396	  5.52005e-08
314	  1.25577	  0.156319	  3.61853e-05	  5.28105e-07	  396	  5.29435e-08
315	  1.25577	  0.218712	  3.61853e-05	  4.93067e-07	  204	  5.9175e-08
316	  1.25577	  0.281224	  3.61853e-05	  5.86912e-07	  216	  6.92799e-08
317	  1.25577	  0.343807	  3.61853e-05	  5.82608e-07	  372	  5.93372e-08
318	  1.25577	  0.406302	  3.61853e-05	  6.6918e-07	  312	  7.13438e-08
319	  1.25577	  0.468745	  3.61853e-05	  6.56373e-07	  288	  7.14958e-08
320	  1.25577	  0.531226	  3.61853e-05	  8.62899e-07	  264	  9.62528e-08
321	  1.25577	  0.593785	  3.61853e-05	  8.30724e-07	  312	  8.85667e-08
322	  1.25577	  0.656281	  3.61853e-05	  8.62786e-07	  276	  9.50729e-08
323	  1.25577	  0.718743	  3.61853e-05	  9.95588e-07	  312	  1.06144e-07
324	  1.25577	  0.781255	  3.61853e-05	  1.17494e-06	  276	  1.2947e-07
325	  1.25577	  0.843774	  3.61853e-05	  1.15575e-06	  240	  1.32391e-07
326	  1.25577	  0.90628	  3.61853e-05	  1.29502e-06	  324	  1.36697e-07
327	  1.25577	  0.968758	  3.61853e-05	  1.4978e-06	  315	  1.59282e-07
328	  1.45182	  0.030936	  2.58127e-05	  3.79042e-07	  246	  4.31189e-08
329	  1.45182	  0.0938307	  2.58127e-05	  3.50128e-07	  516	  3.29199e-08
330	  1.45182	  0.156319	  2.58127e-05	  3.86146e-07	  504	  3.65076e-08
331	  1.45182	  0.218712	  2.58127e-05	  3.52469e-07	  528	  3.29627e-08
332	  1.45182	  0.281224	  2.58127e-05	  3.86411e-07	  504	  3.65327e-08
333	  1.45182	  0.343807	  2.58127e-05	  4.26964e-07	  384	  4.31366e-08
334	  1.45182	  0.406302	  2.58127e-05	  5.25508e-07	  420	  5.19175e-08
335	  1.45182	  0.468745	  2.58127e-05	  4.64601e-07	  468	  4.47063e-08
336	  1.45182	  0.531226	  2.58127e-05	  5.23548e-07	  480	  5.0074e-08
337	  1.45182	  0.593785	  2.58127e-05	  5.39537e-07	  468	  5.19169e-08
338	  1.45182	  0.656281	  2.58127e-05	  5.7335e-07	  396	  5.74795e-08
339	  1.45182	  0.718743	  2.58127e-05	  6.46801e-07	  456	  6.26293e-08
340	  1.45182	  0.781255	  2.58127e-05	  7.7245e-07	  432	  7.5787e-08
341	  1.45182	  0.843774	  2.58127e-05	  7.71367e-07	  480	  7.37762e-08
342	  1.45182	  0.90628	  2.58127e-05	  8.81617e-07	  480	  8.4321e-08
343	  1.45182	  0.968758	  2.58127e-05	  1.03662e-06	  414	  1.02778e-07
344	  1.68148	  0.030936	  1.82704e-05	  2.61275e-07	  798	  2.23128e-08
345	  1.68148	  0.0938307	  1.82704e-05	  2.8685e-07	  708	  2.5123e-08
346	  1.68148	  0.156319	  1.82704e-05	  2.73972e-07	  684	  2.41742e-08
347	  1.68148	  0.218712	  1.82704e-05	  2.91815e-07	  720	  2.5466e-08
348	  1.68148	  0.281224	  1.82704e-05	  2.9866e-07	  708	  2.61573e-08
349	  1.68148	  0.343807	  1.82704e-05	  3.1459e-07	  720	  2.74536e-08
350	  1.68148	  0.406302	  1.82704e-05	  3.31518e-07	  672	  2.93645e-08
351	  1.68148	  0.468745	  1.82704e-05	  3.8507e-07	  732	  3.34861e-08
352	  1.68148	  0.531226	  1.82704e-05	  3.90306e-07	  672	  3.45716e-08
353	  1.68148	  0.593785	  1.82704e-05	  4.01341e-07	  708	  3.51503e-08
354	  1.68148	  0.656281	  1.82704e-05	  4.12526e-07	  744	  3.57503e-08
355	  1.68148	  0.718743	  1.82704e-05	  5.05284e-07	  744	  4.37888e-08
356	  1.68148	  0.781255	  1.82704e-05	  5.51625e-07	  696	  4.84906e-08
357	  1.68148	  0.843774	  1.82704e-05	  5.40719e-07	  708	  4.73574e-08
358	  1.68148	  0.90628	  1.82704e-05	  5.79171e-07	  696	  5.09119e-08
359	  1.68148	  0.968758	  1.82704e-05	  6.86891e-07	  741	  5.95781e-08
360	  1.94819	  0.030936	  1.2868e-05	  1.92927e-07	  1368	  1.48625e-08
361	  1.94819	  0.0938307	  1.2868e-05	  1.95275e-07	  924	  1.61878e-08
362	  1.94819	  0.156319	  1.2868e-05	  2.02423e-07	  972	  1.66139e-08
363	  1.94819	  0.218712	  1.2868e-05	  2.19366e-07	  972	  1.80045e-08
364	  1.94819	  0.281224	  1.2868e-05	  2.01592e-07	  1200	  1.5899e-08
365	  1.94819	  0.343807	  1.2868e-05	  2.17786e-07	  1140	  1.73396e-08
366	  1.94819	  0.406302	  1.2868e-05	  2.33194e-07	  1080	  1.87555e-08
367	  1.94819	  0.468745	  1.2868e-05	  2.56551e-07	  1068	  2.06779e-08
368	  1.94819	  0.531226	  1.2868e-05	  2.43297e-07	  1164	  1.9296e-08
369	  1.94819	  0.593785	  1.2868e-05	  2.91358e-07	  1188	  2.3021e-08
370	  1.94819	  0.656281	  1.2868e-05	  2.91668e-07	  1068	  2.35083e-08
371	  1.94819	  0.718743	  1.2868e-05	  3.15718e-07	  1008	  2.573e-08
372	  1.94819	  0.781255	  1.2868e-05	  3.39497e-07	  1164	  2.69257e-08
373	  1.94819	  0.843774	  1.2868e-05	  3.52726e-07	  1176	  2.7922e-08
374	  1.94819	  0.90628	  1.2868e-05	  3.70677e-07	  1080	  2.98132e-08
375	  1.94819	  0.968758	  1.2868e-05	  3.97965e-07	  1038	  3.22505e-08
376	  2.25604	  0.030936	  9.04471e-06	  1.46867e-07	  1896	  1.07162e-08
377	  2.25604	  0.0938307	  9.04471e-06	  1.48742e-07	  1272	  1.16076e-08
378	  2.25604	  0.156319	  9.04471e-06	  1.42706e-07	  2040	  1.02949e-08
379	  2.25604	  0.218712	  9.04471e-06	  1.53969e-07	  1740	  1.13896e-08
380	  2.25604	  0.281224	  9.04471e-06	  1.57064e-07	  1584	  1.17995e-08
381	  2.25604	  0.343807	  9.04471e-06	  1.5737e-07	  1764	  1.16154e-08
382	  2.25604	  0.406302	  9.04471e-06	  1.64452e-07	  1632	  1.22934e-08
383	  2.25604	  0.468745	  9.04471e-06	  1.73583e-07	  1860	  1.2704e-08
384	  2.25604	  0.531226	  9.04471e-06	  1.84566e-07	  1560	  1.39012e-08
385	  2.25604	  0.593785	  9.04471e-06	  1.93381e-07	  1692	  1.43703e-08
386	  2.25604	  0.656281	  9.04471e-06	  2.05803e-07	  1704	  1.52757e-08
387	  2.25604	  0.718743	  9.04471e-06	  2.1391e-07	  1824	  1.57041e-08
388	  2.25604	  0.781255	  9.04471e-06	  2.16597e-07	  1668	  1.61333e-08
389	  2.25604	  0.843774	  9.04471e-06	  2.26337e-07	  1680	  1.68389e-08
390	  2.25604	  0.90628	  9.04471e-06	  2.39688e-07	  1776	  1.76719e-08
391	  2.25604	  0.968758	  9.04471e-06	  2.44176e-07	  1656	  1.82091e-08
392	  2.61216	  0.030936	  6.3402e-06	  1.09119e-07	  2586	  7.60174e-09
393	  2.61216	  0.0938307	  6.3402e-06	  1.05613e-07	  3036	  7.19742e-09
394	  2.61216	  0.156319	  6.3402e-06	  1.13262e-07	  2124	  8.12068e-09
395	  2.61216	  0.218712	  6.3402e-06	  1.05993e-07	  2940	  7.25449e-09
396	  2.61216	  0.281224	  6.3402e-06	  1.10417e-07	  2616	  7.67968e-09
397	  2.61216	  0.343807	  6.3402e-06	  1.16684e-07	  2448	  8.19256e-09
398	  2.61216	  0.406302	  6.3402e-06	  1.22343e-07	  2916	  8.38276e-09
399	  2.61216	  0.468745	  6.3402e-06	  1.21117e-07	  2544	  8.45715e-09
400	  2.61216	  0.531226	  6.3402e-06	  1.28771e-07	  2652	  8.9391e-09
401	  2.61216	  0.593785	  6.3402e-06	  1.31409e-07	  2748	  9.07723e-09
402	  2.61216	  0.656281	  6.3402e-06	  1.34943e-07	  2676	  9.35576e-09
403	  2.61216	  0.718743	  6.3402e-06	  1.38043e-07	  2472	  9.67859e-09
404	  2.61216	  0.781255	  6.3402e-06	  1.41417e-07	  2616	  9.83575e-09
405	  2.61216	  0.843774	  6.3402e-06	  1.43848e-07	  2736	  9.94249e-09
406	  2.61216	  0.90628	  6.3402e-06	  1.46933e-07	  2568	  1.02461e-08
407	  2.61216	  0.968758	  6.3402e-06	  1.48633e-07	  2745	  1.02685e-08
408	  3.02645	  0.030936	  4.42237e-06	  8.57322e-08	  3414	  5.75389e-09
409	  3.02645	  0.0938307	  4.42237e-06	  8.06483e-08	  4512	  5.23305e-09
410	  3.02645	  0.156319	  4.42237e-06	  8.1019e-08	  4632	  5.24137e-09
411	  3.02645	  0.218712	  4.42237e-06	  7.61988e-08	  3972	  5.01899e-09
412	  3.02645	  0.281224	  4.42237e-06	  7.93826e-08	  4176	  5.19754e-09
413	  3.02645	  0.343807	  4.42237e-06	  8.5448e-08	  4344	  5.56885e-09
414	  3.02645	  0.406302	  4.42237e-06	  8.66786e-08	  4044	  5.69696e-09
415	  3.02645	  0.468745	  4.42237e-06	  8.64185e-08	  4092	  5.67187e-09
416	  3.02645	  0.531226	  4.42237e-06	  9.05062e-08	  4296	  5.90616e-09
417	  3.02645	  0.593785	  4.42237e-06	  9.16758e-08	  3996	  6.03404e-09
418	  3.02645	  0.656281	  4.42237e-06	  8.92917e-08	  4188	  5.84436e-09
419	  3.02645	  0.718743	  4.42237e-06	  9.55165e-08	  4212	  6.24758e-09
420	  3.02645	  0.781255	  4.42237e-06	  9.11148e-08	  4140	  5.97182e-09
421	  3.02645	  0.843774	  4.42237e-06	  9.06177e-08	  4128	  5.94129e-09
422	  3.02645	  0.90628	  4.42237e-06	  9.05554e-08	  4188	  5.92707e-09
423	  3.02645	  0.968758	  4.42237e-06	  8.51868e-08	  4128	  5.58521e-09
424	  3.50419	  0.030936	  3.0819e-06	  5.92437e-08	  7002	  3.67018e-09
425	  3.50419	  0.0938307	  3.0819e-06	  5.92392e-08	  6240	  3.71188e-09
426	  3.50419	  0.156319	  3.0819e-06	  5.73431e-08	  5964	  3.60968e-09
427	  3.50419	  0.218712	  3.0819e-06	  5.90241e-08	  6180	  3.70202e-09
428	  3.50419	  0.281224	  3.0819e-06	  5.77418e-08	  6420	  3.60774e-09
429	  3.50419	  0.343807	  3.0819e-06	  5.8858e-08	  6516	  3.67204e-09
430	  3.50419	  0.406302	  3.0819e-06	  6.18168e-08	  6312	  3.86892e-09
431	  3.50419	  0.468745	  3.0819e-06	  6.07485e-08	  6276	  3.80425e-09
432	  3.50419	  0.531226	  3.0819e-06	  6.11299e-08	  6360	  3.82302e-09
433	  3.50419	  0.593785	  3.0819e-06	  6.14619e-08	  6408	  3.84089e-09
434	  3.50419	  0.656281	  3.0819e-06	  6.23e-08	  6360	  3.89619e-09
435	  3.50419	  0.718743	  3.0819e-06	  5.91007e-08	  6336	  3.69752e-09
436	  3.50419	  0.781255	  3.0819e-06	  5.60092e-08	  6372	  3.50211e-09
437	  3.50419	  0.843774	  3.0819e-06	  5.68477e-08	  6456	  3.54989e-09
438	  3.50419	  0.90628	  3.0819e-06	  5.36203e-08	  6360	  3.35337e-09
439	  3.50419	  0.968758	  3.0819e-06	  5.10595e-08	  6327	  3.19489e-09
440	  4.05763	  0.030936	  2.14162e-06	  4.38959e-08	  10392	  2.62539e-09
441	  4.05763	  0.0938307	  2.14162e-06	  4.28209e-08	  9420	  2.58224e-09
442	  4.05763	  0.156319	  2.14162e-06	  4.30874e-08	  10176	  2.5815e-09
443	  4.05763	  0.218712	  2.14162e-06	  4.17687e-08	  10260	  2.5008e-09
444	  4.05763	  0.281224	  2.14162e-06	  4.05372e-08	  9528	  2.44215e-09
445	  4.05763	  0.343807	  2.14162e-06	  4.11473e-08	  10140	  2.46599e-09
446	  4.05763	  0.406302	  2.14162e-06	  4.23188e-08	  9960	  2.53998e-09
447	  4.05763	  0.468745	  2.14162e-06	  4.17226e-08	  10068	  2.50194e-09
448	  4.05763	  0.531226	  2.14162e-06	  4.12951e-08	  9996	  2.47779e-09
449	  4.05763	  0.593785	  2.14162e-06	  3.91821e-08	  9828	  2.35434e-09
450	  4.05763	  0.656281	  2.14162e-06	  3.77806e-08	  10032	  2.26623e-09
451	  4.05763	  0.718743	  2.14162e-06	  3.7262e-08	  9924	  2.23715e-09
452	  4.05763	  0.781255	  2.14162e-06	  3.41707e-08	  10116	  2.04828e-09
453	  4.05763	  0.843774	  2.14162e-06	  3.33529e-08	  9888	  2.00306e-09
454	  4.05763	  0.90628	  2.14162e-06	  3.19334e-08	  10008	  1.91588e-09
455	  4.05763	  0.968758	  2.14162e-06	  2.7627e-08	  9978	  1.65792e-09
456	  4.69917	  0.030936	  1.48334e-06	  3.22161e-08	  13626	  1.88679e-09
457	  4.69917	  0.0938307	  1.48334e-06	  3.20911e-08	  16392	  1.8552e-09
458	  4.69917	  0.156319	  1.48334e-06	  3.09229e-08	  15708	  1.79287e-09
459	  4.69917	  0.218712	  1.48334e-06	  2.99514e-08	  15432	  1.73867e-09
460	  4.69917	  0.281224	  1.48334e-06	  2.91155e-08	  15780	  1.68755e-09
461	  4.69917	  0.343807	  1.48334e-06	  2.86986e-08	  15300	  1.66694e-09
462	  4.69917	  0.406302	  1.48334e-06	  2.77169e-08	  15588	  1.60784e-09
463	  4.69917	  0.468745	  1.48334e-06	  2.73843e-08	  15396	  1.58991e-09
464	  4.69917	  0.531226	  1.48334e-06	  2.64644e-08	  15504	  1.53576e-09
465	  4.69917	  0.593785	  1.48334e-06	  2.51271e-08	  15660	  1.45715e-09
466	  4.69917	  0.656281	  1.48334e-06	  2.36795e-08	  15192	  1.37609e-09
467	  4.69917	  0.718743	  1.48334e-06	  2.22683e-08	  15600	  1.2917e-09
468	  4.69917	  0.781255	  1.48334e-06	  2.04778e-08	  15216	  1.1899e-09
469	  4.69917	  0.843774	  1.48334e-06	  1.91175e-08	  15516	  1.10935e-09
470	  4.69917	  0.90628	  1.48334e-06	  1.73539e-08	  15540	  1.00691e-09
471	  4.69917	  0.968758	  1.48334e-06	  1.54669e-08	  15405	  8.97961e-10
472	  5.4432	  0.030936	  1.02479e-06	  2.36375e-08	  26250	  1.32777e-09
473	  5.4432	  0.0938307	  1.02479e-06	  2.30301e-08	  22392	  1.30541e-09
474	  5.4432	  0.156319	  1.02479e-06	  2.18645e-08	  24516	  1.23287e-09
475	  5.4432	  0.218712	  1.02479e-06	  2.12411e-08	  23592	  1.20035e-09
476	  5.4432	  0.281224	  1.02479e-06	  2.00561e-08	  24264	  1.13156e-09
477	  5.4432	  0.343807	  1.02479e-06	  1.95119e-08	  23928	  1.10173e-09
478	  5.4432	  0.406302	  1.02479e-06	  1.87362e-08	  24120	  1.05745e-09
479	  5.4432	  0.468745	  1.02479e-06	  1.75283e-08	  23964	  9.89642e-10
480	  5.4432	  0.531226	  1.02479e-06	  1.66147e-08	  24060	  9.37848e-10
481	  5.4432	  0.593785	  1.02479e-06	  1.55077e-08	  24108	  8.75264e-10
482	  5.4432	  0.656281	  1.02479e-06	  1.42909e-08	  24228	  8.06356e-10
483	  5.4432	  0.718743	  1.02479e-06	  1.28946e-08	  24144	  7.27716e-10
484	  5.4432	  0.781255	  1.02479e-06	  1.16282e-08	  23940	  6.56562e-10
485	  5.4432	  0.843774	  1.02479e-06	  1.03651e-08	  24192	  5.84896e-10
486	  5.4432	  0.90628	  1.02479e-06	  9.22489e-09	  23988	  5.20806e-10
487	  5.4432	  0.968758	  1.02479e-06	  7.96334e-09	  24141	  4.4942e-10
488	  6.30378	  0.030936	  7.06823e-07	  1.7018e-08	  35082	  9.41758e-10
489	  6.30378	  0.0938307	  7.06823e-07	  1.63323e-08	  39108	  8.99203e-10
490	  6.30378	  0.156319	  7.06823e-07	  1.55651e-08	  36924	  8.59258e-10
491	  6.30378	  0.218712	  7.06823e-07	  1.48037e-08	  37692	  8.16434e-10
492	  6.30378	  0.281224	  7.06823e-07	  1.37493e-08	  37092	  7.58853e-10
493	  6.30378	  0.343807	  7.06823e-07	  1.30712e-08	  37536	  7.21026e-10
494	  6.30378	  0.406302	  7.06823e-07	  1.1985e-08	  36984	  6.61572e-10
495	  6.30378	  0.468745	  7.06823e-07	  1.10864e-08	  37428	  6.11623e-10
496	  6.30378	  0.531226	  7.06823e-07	  1.00435e-08	  37392	  5.54114e-10
497	  6.30378	  0.593785	  7.06823e-07	  9.02088e-09	  37200	  4.97815e-10
498	  6.30378	  0.656281	  7.06823e-07	  8.06948e-09	  36924	  4.45469e-10
499	  6.30378	  0.718743	  7.06823e-07	  7.04752e-09	  37272	  3.8888e-10
500	  6.30378	  0.781255	  7.06823e-07	  6.10761e-09	  37284	  3.37011e-10
501	  6.30378	  0.843774	  7.06823e-07	  5.16978e-09	  37188	  2.85297e-10
502	  6.30378	  0.90628	  7.06823e-07	  4.51295e-09	  37320	  2.49008e-10
503	  6.30378	  0.968758	  7.06823e-07	  3.71983e-09	  37119	  2.05299e-10
504	  7.30029	  0.030936	  4.86302e-07	  1.20304e-08	  60258	  6.50529e-10
505	  7.30029	  0.0938307	  4.86302e-07	  1.13383e-08	  56916	  6.14442e-10
506	  7.30029	  0.156319	  4.86302e-07	  1.05789e-08	  56820	  5.73326e-10
507	  7.30029	  0.218712	  4.86302e-07	  9.87497e-09	  58716	  5.34502e-10
508	  7.30029	  0.281224	  4.86302e-07	  9.04052e-09	  57840	  4.89616e-10
509	  7.30029	  0.343807	  4.86302e-07	  8.2377e-09	  57612	  4.46205e-10
510	  7.30029	  0.406302	  4.86302e-07	  7.45356e-09	  58464	  4.03504e-10
511	  7.30029	  0.468745	  4.86302e-07	  6.60971e-09	  57948	  3.57943e-10
512	  7.30029	  0.531226	  4.86302e-07	  5.81085e-09	  57708	  3.14732e-10
513	  7.30029	  0.593785	  4.86302e-07	  4.96297e-09	  58236	  2.68714e-10
514	  7.30029	  0.656281	  4.86302e-07	  4.259e-09	  58008	  2.30633e-10
515	  7.30029	  0.718743	  4.86302e-07	  3.57794e-09	  58200	  1.93728e-10
516	  7.30029	  0.781255	  4.86302e-07	  2.93389e-09	  58128	  1.58863e-10
517	  7.30029	  0.843774	  4.86302e-07	  2.436e-09	  57972	  1.31918e-10
518	  7.30029	  0.90628	  4.86302e-07	  1.98693e-09	  57960	  1.076e-10
519	  7.30029	  0.968758	  4.86302e-07	  1.5996e-09	  58122	  8.66148e-11
520	  8.455	  0.030936	  3.33992e-07	  8.25256e-09	  90198	  4.40106e-10
521	  8.455	  0.0938307	  3.33992e-07	  7.86541e-09	  89292	  4.19592e-10
522	  8.455	  0.156319	  3.33992e-07	  7.19124e-09	  90804	  3.83426e-10
523	  8.455	  0.218712	  3.33992e-07	  6.43737e-09	  89628	  3.43371e-10
524	  8.455	  0.281224	  3.33992e-07	  5.75401e-09	  89844	  3.06897e-10
525	  8.455	  0.343807	  3.33992e-07	  5.02839e-09	  90636	  2.68122e-10
526	  8.455	  0.406302	  3.33992e-07	  4.35599e-09	  89628	  2.3235e-10
527	  8.455	  0.468745	  3.33992e-07	  3.69328e-09	  89772	  1.9699e-10
528	  8.455	  0.531226	  3.33992e-07	  3.06486e-09	  90324	  1.63441e-10
529	  8.455	  0.593785	  3.33992e-07	  2.49713e-09	  89784	  1.3319e-10
530	  8.455	  0.656281	  3.33992e-07	  2.03642e-09	  90216	  1.08601e-10
531	  8.455	  0.718743	  3.33992e-07	  1.64195e-09	  89796	  8.7577e-11
532	  8.455	  0.781255	  3.33992e-07	  1.30318e-09	  90120	  6.95001e-11
533	  8.455	  0.843774	  3.33992e-07	  1.02447e-09	  90132	  5.46357e-11
534	  8.455	  0.90628	  3.33992e-07	  7.94927e-10	  89916	  4.23974e-11
535	  8.455	  0.968758	  3.33992e-07	  6.11561e-10	  89964	  3.2617e-11
536	  9.79129	  0.030936	  2.28926e-07	  5.55807e-09	  139068	  2.92808e-10
537	  9.79129	  0.0938307	  2.28926e-07	  5.15289e-09	  141180	  2.71359e-10
538	  9.79129	  0.156319	  2.28926e-07	  4.66227e-09	  139380	  2.45602e-10
539	  9.79129	  0.218712	  2.28926e-07	  4.07243e-09	  138804	  2.14552e-10
540	  9.79129	  0.281224	  2.28926e-07	  3.4342e-09	  140952	  1.80857e-10
541	  9.79129	  0.343807	  2.28926e-07	  2.89333e-09	  139668	  1.52408e-10
542	  9.79129	  0.406302	  2.28926e-07	  2.35554e-09	  139464	  1.24085e-10
543	  9.79129	  0.468745	  2.28926e-07	  1.89118e-09	  139812	  9.96169e-11
544	  9.79129	  0.531226	  2.28926e-07	  1.48744e-09	  139884	  7.83488e-11
545	  9.79129	  0.593785	  2.28926e-07	  1.15542e-09	  140184	  6.08571e-11
546	  9.79129	  0.656281	  2.28926e-07	  8.93211e-10	  139404	  4.70529e-11
547	  9.79129	  0.718743	  2.28926e-07	  6.86742e-10	  139932	  3.61729e-11
548	  9.79129	  0.781255	  2.28926e-07	  5.17575e-10	  139980	  2.72621e-11
549	  9.79129	  0.843774	  2.28926e-07	  3.87589e-10	  139632	  2.04167e-11
550	  9.79129	  0.90628	  2.28926e-07	  2.90684e-10	  140088	  1.53108e-11
551	  9.79129	  0.968758	  2.28926e-07	  2.09659e-10	  139623	  1.10441e-11
