#n	   k	      mu	    PL	    Pf	     w	     err  
0	  0.10472	  1	  0.00340069	  0.000473664	  3	  0.000297153
1	  0.20944	  1	  0.00120796	  0.000135799	  3	  8.51933e-05
2	  0.314159	  1	  0.00056581	  0.000126167	  3	  7.91512e-05
3	  0.418879	  1	  0.000317111	  2.28789e-05	  3	  1.43531e-05
4	  0.523599	  1	  0.000200477	  7.35796e-06	  3	  4.61602e-06
5	  0.628319	  1	  0.000135839	  3.81547e-05	  3	  2.39363e-05
6	  0.733038	  1	  9.71158e-05	  1.65401e-05	  3	  1.03765e-05
7	  0.837758	  1	  7.2289e-05	  1.3521e-05	  3	  8.48241e-06
8	  0.942478	  1	  5.55114e-05	  2.09271e-06	  3	  1.31286e-06
9	  0.10472	  0	  0.00340069	  8.07348e-05	  6	  3.69966e-05
10	  0.148096	  0.707107	  0.00216258	  0.000115099	  12	  3.8981e-05
11	  0.23416	  0.894427	  0.000956871	  0.00013855	  12	  4.69233e-05
12	  0.331153	  0.948683	  0.000512389	  5.68092e-05	  12	  1.92398e-05
13	  0.431771	  0.970143	  0.000298428	  3.0062e-05	  12	  1.01813e-05
14	  0.533968	  0.980581	  0.000192286	  1.96038e-05	  12	  6.63933e-06
15	  0.636985	  0.986394	  0.000131856	  1.26398e-05	  12	  4.28078e-06
16	  0.74048	  0.989949	  9.50147e-05	  1.56071e-05	  12	  5.28575e-06
17	  0.844278	  0.992278	  7.10317e-05	  8.11144e-06	  12	  2.74714e-06
18	  0.948278	  0.993884	  5.47385e-05	  7.75796e-06	  12	  2.62743e-06
19	  0.148096	  0	  0.00216258	  4.38595e-05	  6	  2.00985e-05
20	  0.18138	  0.57735	  0.00153421	  6.06122e-05	  12	  2.05278e-05
21	  0.25651	  0.816497	  0.000842148	  6.78865e-05	  12	  2.29915e-05
22	  0.347316	  0.904534	  0.000461525	  3.87262e-05	  12	  1.31156e-05
23	  0.444288	  0.942809	  0.000282116	  2.4408e-05	  12	  8.2664e-06
24	  0.54414	  0.96225	  0.000184652	  2.28647e-05	  12	  7.74371e-06
25	  0.645536	  0.973329	  0.000128147	  1.34198e-05	  12	  4.54497e-06
26	  0.747849	  0.980196	  9.29373e-05	  9.38566e-06	  12	  3.17869e-06
27	  0.850747	  0.984732	  6.98511e-05	  1.01371e-05	  12	  3.43319e-06
28	  0.954042	  0.987878	  5.39956e-05	  7.24305e-06	  12	  2.45304e-06
29	  0.20944	  0	  0.00120796	  2.70243e-05	  6	  1.23838e-05
30	  0.23416	  0.447214	  0.000956871	  4.38926e-05	  12	  1.48653e-05
31	  0.296192	  0.707107	  0.000623093	  5.21044e-05	  12	  1.76465e-05
32	  0.377572	  0.83205	  0.000392702	  3.58148e-05	  12	  1.21296e-05
33	  0.468321	  0.894427	  0.000253118	  2.8717e-05	  12	  9.72574e-06
34	  0.563933	  0.928477	  0.000171157	  1.07154e-05	  12	  3.62904e-06
35	  0.662306	  0.948683	  0.000121199	  1.12986e-05	  12	  3.82655e-06
36	  0.762371	  0.961524	  8.90872e-05	  1.05885e-05	  12	  3.58605e-06
37	  0.863541	  0.970143	  6.75513e-05	  3.44951e-06	  12	  1.16826e-06
38	  0.965468	  0.976187	  5.25652e-05	  5.21527e-06	  12	  1.76628e-06
39	  0.23416	  0	  0.000956871	  2.7541e-05	  12	  9.32744e-06
40	  0.25651	  0.408248	  0.000842148	  2.70348e-05	  24	  6.87019e-06
41	  0.314159	  0.666667	  0.00056581	  3.70576e-05	  24	  9.41723e-06
42	  0.391825	  0.801784	  0.000365623	  2.66694e-05	  24	  6.77733e-06
43	  0.479886	  0.872872	  0.000240238	  3.16637e-05	  24	  8.04651e-06
44	  0.573574	  0.912871	  0.000165194	  1.39851e-05	  24	  3.55396e-06
45	  0.670534	  0.937043	  0.000118025	  9.5322e-06	  24	  2.42236e-06
46	  0.76953	  0.952579	  8.72914e-05	  9.1969e-06	  24	  2.33715e-06
47	  0.869868	  0.963087	  6.64672e-05	  7.59379e-06	  24	  1.92976e-06
48	  0.971131	  0.970495	  5.18642e-05	  6.0013e-06	  24	  1.52507e-06
49	  0.296192	  0	  0.000623093	  1.56608e-05	  6	  7.17652e-06
50	  0.314159	  0.333333	  0.00056581	  2.02489e-05	  12	  6.85779e-06
51	  0.36276	  0.57735	  0.000422434	  1.73563e-05	  12	  5.87815e-06
52	  0.431771	  0.727607	  0.000298428	  2.20308e-05	  12	  7.46127e-06
53	  0.51302	  0.816497	  0.000209203	  1.96356e-05	  12	  6.65009e-06
54	  0.601569	  0.870388	  0.000149161	  1.47303e-05	  12	  4.98878e-06
55	  0.694632	  0.904534	  0.000109288	  1.454e-05	  12	  4.92433e-06
56	  0.790617	  0.927173	  8.22162e-05	  7.63185e-06	  12	  2.58472e-06
57	  0.888577	  0.942809	  6.33722e-05	  6.29916e-06	  12	  2.13337e-06
58	  0.987924	  0.953998	  4.9893e-05	  3.09661e-06	  12	  1.04874e-06
59	  0.314159	  0	  0.00056581	  2.01941e-05	  6	  9.25393e-06
60	  0.331153	  0.316228	  0.000512389	  1.68355e-05	  12	  5.70177e-06
61	  0.377572	  0.5547	  0.000392702	  2.31448e-05	  12	  7.83856e-06
62	  0.444288	  0.707107	  0.000282116	  1.25757e-05	  12	  4.25906e-06
63	  0.523599	  0.8	  0.000200477	  1.89079e-05	  12	  6.40363e-06
64	  0.610616	  0.857493	  0.00014445	  7.47577e-06	  12	  2.53186e-06
65	  0.702481	  0.894427	  0.000106629	  8.93693e-06	  12	  3.02672e-06
66	  0.797522	  0.919145	  8.0644e-05	  8.12277e-06	  12	  2.75098e-06
67	  0.894726	  0.936329	  6.23818e-05	  3.87855e-06	  12	  1.31357e-06
68	  0.993459	  0.948683	  4.92701e-05	  5.11162e-06	  12	  1.73118e-06
69	  0.331153	  0	  0.000512389	  1.27313e-05	  12	  4.31178e-06
70	  0.347316	  0.301511	  0.000461525	  1.19682e-05	  24	  3.0414e-06
71	  0.391825	  0.534522	  0.000365623	  1.2401e-05	  24	  3.15139e-06
72	  0.456463	  0.688247	  0.00026716	  2.23877e-05	  24	  5.68924e-06
73	  0.533968	  0.784465	  0.000192286	  1.17268e-05	  24	  2.98006e-06
74	  0.61953	  0.845154	  0.000140033	  8.92285e-06	  24	  2.26751e-06
75	  0.710244	  0.884652	  0.000104113	  1.31888e-05	  24	  3.35159e-06
76	  0.804368	  0.911322	  7.91357e-05	  7.6511e-06	  24	  1.94433e-06
77	  0.900833	  0.929981	  6.14503e-05	  5.70725e-06	  24	  1.45035e-06
78	  0.998963	  0.943456	  4.86634e-05	  3.86964e-06	  24	  9.83369e-07
79	  0.377572	  0	  0.000392702	  1.0694e-05	  12	  3.62179e-06
80	  0.391825	  0.267261	  0.000365623	  8.0811e-06	  24	  2.0536e-06
81	  0.431771	  0.485071	  0.000298428	  1.43428e-05	  24	  3.64486e-06
82	  0.491179	  0.639602	  0.000228743	  9.90465e-06	  24	  2.51701e-06
83	  0.563933	  0.742781	  0.000171157	  1.32446e-05	  24	  3.36577e-06
84	  0.645536	  0.811107	  0.000128147	  1.08559e-05	  24	  2.75875e-06
85	  0.733038	  0.857143	  9.71158e-05	  9.43373e-06	  24	  2.39734e-06
86	  0.824564	  0.889001	  7.48811e-05	  4.32266e-06	  24	  1.09849e-06
87	  0.918912	  0.911685	  5.87657e-05	  6.18708e-06	  24	  1.57229e-06
88	  0.418879	  0	  0.000317111	  2.51827e-06	  6	  1.154e-06
89	  0.431771	  0.242536	  0.000298428	  6.07644e-06	  12	  2.05794e-06
90	  0.468321	  0.447214	  0.000253118	  1.08431e-05	  12	  3.67228e-06
91	  0.523599	  0.6	  0.000200477	  1.0248e-05	  12	  3.47074e-06
92	  0.592384	  0.707107	  0.000154211	  4.63284e-06	  12	  1.56903e-06
93	  0.670534	  0.780869	  0.000118025	  1.06254e-05	  12	  3.59855e-06
94	  0.755145	  0.83205	  9.10016e-05	  6.31173e-06	  12	  2.13763e-06
95	  0.844278	  0.868243	  7.10317e-05	  6.04855e-06	  12	  2.04849e-06
96	  0.936642	  0.894427	  5.6289e-05	  3.29999e-06	  12	  1.11762e-06
97	  0.431771	  0	  0.000298428	  5.91928e-06	  12	  2.00471e-06
98	  0.444288	  0.235702	  0.000282116	  3.61352e-06	  24	  9.18283e-07
99	  0.479886	  0.436436	  0.000240238	  1.24755e-05	  24	  3.17032e-06
100	  0.533968	  0.588348	  0.000192286	  6.7301e-06	  24	  1.71028e-06
101	  0.601569	  0.696311	  0.000149161	  6.13467e-06	  24	  1.55897e-06
102	  0.678662	  0.771517	  0.000114957	  5.76253e-06	  24	  1.4644e-06
103	  0.762371	  0.824163	  8.90872e-05	  8.74297e-06	  24	  2.2218e-06
104	  0.850747	  0.86164	  6.98511e-05	  7.24426e-06	  24	  1.84094e-06
105	  0.942478	  0.888889	  5.55114e-05	  6.02537e-06	  24	  1.53119e-06
106	  0.444288	  0	  0.000282116	  5.41922e-06	  6	  2.48335e-06
107	  0.456463	  0.229416	  0.00026716	  9.58887e-06	  12	  3.24751e-06
108	  0.491179	  0.426401	  0.000228743	  8.22387e-06	  12	  2.78522e-06
109	  0.54414	  0.57735	  0.000184652	  3.03435e-06	  12	  1.02766e-06
110	  0.610616	  0.685994	  0.00014445	  1.07053e-05	  12	  3.62562e-06
111	  0.686693	  0.762493	  0.00011206	  6.75885e-06	  12	  2.28905e-06
112	  0.76953	  0.816497	  8.72914e-05	  5.96987e-06	  12	  2.02185e-06
113	  0.857168	  0.855186	  6.86794e-05	  3.44512e-06	  12	  1.16678e-06
114	  0.948278	  0.883452	  5.47385e-05	  2.76049e-06	  12	  9.3491e-07
115	  0.468321	  0	  0.000253118	  6.81076e-06	  12	  2.30664e-06
116	  0.479886	  0.218218	  0.000240238	  9.48828e-06	  24	  2.4112e-06
117	  0.51302	  0.408248	  0.000209203	  9.75247e-06	  24	  2.47834e-06
118	  0.563933	  0.557086	  0.000171157	  9.01282e-06	  24	  2.29037e-06
119	  0.628319	  0.666667	  0.000135839	  6.74749e-06	  24	  1.7147e-06
120	  0.702481	  0.745356	  0.000106629	  7.81727e-06	  24	  1.98656e-06
121	  0.783651	  0.801784	  8.38484e-05	  6.5187e-06	  24	  1.65656e-06
122	  0.869868	  0.842701	  6.64672e-05	  4.33236e-06	  24	  1.10096e-06
123	  0.959772	  0.872872	  5.32783e-05	  4.16289e-06	  24	  1.05789e-06
124	  0.523599	  0	  0.000200477	  4.781e-06	  18	  1.36594e-06
125	  0.533968	  0.196116	  0.000192286	  4.56474e-06	  36	  9.89027e-07
126	  0.563933	  0.371391	  0.000171157	  4.43981e-06	  36	  9.61959e-07
127	  0.610616	  0.514496	  0.00014445	  5.25627e-06	  36	  1.13886e-06
128	  0.670534	  0.624695	  0.000118025	  5.5502e-06	  36	  1.20254e-06
129	  0.74048	  0.707107	  9.50147e-05	  5.90846e-06	  36	  1.28017e-06
130	  0.817887	  0.768221	  7.62607e-05	  5.10817e-06	  36	  1.10677e-06
131	  0.900833	  0.813733	  6.14503e-05	  4.64567e-06	  36	  1.00656e-06
132	  0.987924	  0.847998	  4.9893e-05	  3.9228e-06	  36	  8.49939e-07
133	  0.533968	  0	  0.000192286	  4.49322e-06	  12	  1.52174e-06
134	  0.54414	  0.19245	  0.000184652	  6.54059e-06	  24	  1.66212e-06
135	  0.573574	  0.365148	  0.000165194	  4.69916e-06	  24	  1.19417e-06
136	  0.61953	  0.507093	  0.000140033	  5.8542e-06	  24	  1.48769e-06
137	  0.678662	  0.617213	  0.000114957	  5.47317e-06	  24	  1.39086e-06
138	  0.747849	  0.70014	  9.29373e-05	  5.28687e-06	  24	  1.34352e-06
139	  0.824564	  0.762001	  7.48811e-05	  2.2246e-06	  24	  5.65324e-07
140	  0.9069	  0.80829	  6.0533e-05	  4.7677e-06	  24	  1.21159e-06
141	  0.993459	  0.843274	  4.92701e-05	  3.48894e-06	  24	  8.86623e-07
142	  0.563933	  0	  0.000171157	  1.92403e-06	  12	  6.51621e-07
143	  0.573574	  0.182574	  0.000165194	  3.80215e-06	  24	  9.66217e-07
144	  0.601569	  0.348155	  0.000149161	  4.74466e-06	  24	  1.20573e-06
145	  0.645536	  0.486664	  0.000128147	  5.49365e-06	  24	  1.39607e-06
146	  0.702481	  0.596285	  0.000106629	  5.60763e-06	  24	  1.42503e-06
147	  0.76953	  0.680414	  8.72914e-05	  3.26532e-06	  24	  8.29796e-07
148	  0.844278	  0.744208	  7.10317e-05	  5.33767e-06	  24	  1.35643e-06
149	  0.92486	  0.792594	  5.79216e-05	  4.17238e-06	  24	  1.0603e-06
150	  0.592384	  0	  0.000154211	  1.28595e-06	  6	  5.89287e-07
151	  0.601569	  0.174078	  0.000149161	  2.76413e-06	  12	  9.36141e-07
152	  0.628319	  0.333333	  0.000135839	  3.84065e-06	  12	  1.30073e-06
153	  0.670534	  0.468521	  0.000118025	  3.29018e-06	  12	  1.1143e-06
154	  0.72552	  0.57735	  9.93707e-05	  6.21053e-06	  12	  2.10335e-06
155	  0.790617	  0.662266	  8.22162e-05	  4.60734e-06	  12	  1.56039e-06
156	  0.863541	  0.727607	  6.75513e-05	  3.70995e-06	  12	  1.25647e-06
157	  0.942478	  0.777778	  5.55114e-05	  2.97581e-06	  12	  1.00783e-06
158	  0.610616	  0	  0.00014445	  2.96085e-06	  12	  1.00277e-06
159	  0.61953	  0.169031	  0.000140033	  3.32707e-06	  24	  8.45489e-07
160	  0.645536	  0.324443	  0.000128147	  4.06712e-06	  24	  1.03355e-06
161	  0.686693	  0.457496	  0.00011206	  4.32201e-06	  24	  1.09833e-06
162	  0.74048	  0.565685	  9.50147e-05	  3.87669e-06	  24	  9.8516e-07
163	  0.804368	  0.650945	  7.91357e-05	  5.0532e-06	  24	  1.28414e-06
164	  0.876148	  0.717137	  6.5391e-05	  4.49689e-06	  24	  1.14277e-06
165	  0.954042	  0.76835	  5.39956e-05	  3.57177e-06	  24	  9.07672e-07
166	  0.628319	  0	  0.000135839	  9.30429e-06	  6	  4.26367e-06
167	  0.636985	  0.164399	  0.000131856	  4.78515e-06	  12	  1.62061e-06
168	  0.662306	  0.316228	  0.000121199	  3.07681e-06	  12	  1.04204e-06
169	  0.702481	  0.447214	  0.000106629	  1.78225e-06	  12	  6.03604e-07
170	  0.755145	  0.5547	  9.10016e-05	  2.47182e-06	  12	  8.37145e-07
171	  0.817887	  0.640184	  7.62607e-05	  2.95429e-06	  12	  1.00054e-06
172	  0.888577	  0.707107	  6.33722e-05	  3.11585e-06	  12	  1.05526e-06
173	  0.965468	  0.759257	  5.25652e-05	  3.76849e-06	  12	  1.2763e-06
174	  0.636985	  0	  0.000131856	  4.72053e-06	  12	  1.59873e-06
175	  0.645536	  0.162221	  0.000128147	  2.5082e-06	  24	  6.37394e-07
176	  0.670534	  0.312348	  0.000118025	  2.78129e-06	  24	  7.06794e-07
177	  0.710244	  0.442326	  0.000104113	  3.77684e-06	  24	  9.59787e-07
178	  0.762371	  0.549442	  8.90872e-05	  4.88154e-06	  24	  1.24052e-06
179	  0.824564	  0.635001	  7.48811e-05	  2.43189e-06	  24	  6.18003e-07
180	  0.894726	  0.702247	  6.23818e-05	  2.53209e-06	  24	  6.43465e-07
181	  0.971131	  0.754829	  5.18642e-05	  3.24819e-06	  24	  8.25444e-07
182	  0.662306	  0	  0.000121199	  2.75078e-06	  12	  9.3162e-07
183	  0.670534	  0.156174	  0.000118025	  2.60703e-06	  24	  6.62508e-07
184	  0.694632	  0.301511	  0.000109288	  2.70014e-06	  24	  6.86172e-07
185	  0.733038	  0.428571	  9.71158e-05	  3.92288e-06	  24	  9.96899e-07
186	  0.783651	  0.534522	  8.38484e-05	  3.00637e-06	  24	  7.63992e-07
187	  0.844278	  0.620174	  7.10317e-05	  3.04313e-06	  24	  7.73332e-07
188	  0.912926	  0.688247	  5.96217e-05	  2.34889e-06	  24	  5.9691e-07
189	  0.987924	  0.741999	  4.9893e-05	  2.70235e-06	  24	  6.86733e-07
190	  0.670534	  0	  0.000118025	  3.17936e-06	  12	  1.07677e-06
191	  0.678662	  0.154303	  0.000114957	  2.28885e-06	  24	  5.81652e-07
192	  0.702481	  0.298142	  0.000106629	  3.57184e-06	  24	  9.07692e-07
193	  0.74048	  0.424264	  9.50147e-05	  2.91726e-06	  24	  7.41345e-07
194	  0.790617	  0.529813	  8.22162e-05	  3.064e-06	  24	  7.78636e-07
195	  0.850747	  0.615457	  6.98511e-05	  2.24324e-06	  24	  5.70061e-07
196	  0.918912	  0.683763	  5.87657e-05	  3.48245e-06	  24	  8.84974e-07
197	  0.993459	  0.737865	  4.92701e-05	  2.9086e-06	  24	  7.39145e-07
198	  0.702481	  0	  0.000106629	  1.47883e-06	  12	  5.00844e-07
199	  0.710244	  0.147442	  0.000104113	  2.87661e-06	  24	  7.31016e-07
200	  0.733038	  0.285714	  9.71158e-05	  3.66774e-06	  24	  9.32061e-07
201	  0.76953	  0.408248	  8.72914e-05	  3.06293e-06	  24	  7.78365e-07
202	  0.817887	  0.512148	  7.62607e-05	  4.30439e-06	  24	  1.09385e-06
203	  0.876148	  0.597614	  6.5391e-05	  3.48421e-06	  24	  8.85423e-07
204	  0.942478	  0.666667	  5.55114e-05	  2.98183e-06	  24	  7.57755e-07
205	  0.733038	  0	  9.71158e-05	  2.17069e-06	  6	  9.94714e-07
206	  0.74048	  0.141421	  9.50147e-05	  2.22854e-06	  12	  7.54752e-07
207	  0.762371	  0.274721	  8.90872e-05	  2.02787e-06	  12	  6.86789e-07
208	  0.797522	  0.393919	  8.0644e-05	  2.71366e-06	  12	  9.19048e-07
209	  0.844278	  0.496139	  7.10317e-05	  3.26511e-06	  12	  1.10581e-06
210	  0.900833	  0.581238	  6.14503e-05	  3.43449e-06	  12	  1.16318e-06
211	  0.965468	  0.650791	  5.25652e-05	  2.80335e-06	  12	  9.49426e-07
212	  0.74048	  0	  9.50147e-05	  2.29051e-06	  18	  6.54404e-07
213	  0.747849	  0.140028	  9.29373e-05	  3.19023e-06	  36	  6.91217e-07
214	  0.76953	  0.272166	  8.72914e-05	  2.46553e-06	  36	  5.34199e-07
215	  0.804368	  0.390567	  7.91357e-05	  3.54024e-06	  36	  7.67053e-07
216	  0.850747	  0.492366	  6.98511e-05	  2.15779e-06	  36	  4.6752e-07
217	  0.9069	  0.57735	  6.0533e-05	  2.1732e-06	  36	  4.70861e-07
218	  0.971131	  0.646997	  5.18642e-05	  3.6481e-06	  36	  7.90422e-07
219	  0.755145	  0	  9.10016e-05	  1.50315e-06	  12	  5.09078e-07
220	  0.762371	  0.137361	  8.90872e-05	  2.96676e-06	  24	  7.53926e-07
221	  0.783651	  0.267261	  8.38484e-05	  2.59553e-06	  24	  6.59588e-07
222	  0.817887	  0.384111	  7.62607e-05	  2.84817e-06	  24	  7.23788e-07
223	  0.863541	  0.485071	  6.75513e-05	  1.60236e-06	  24	  4.07198e-07
224	  0.918912	  0.569803	  5.87657e-05	  2.48193e-06	  24	  6.30719e-07
225	  0.982358	  0.639602	  5.05463e-05	  2.01042e-06	  24	  5.10897e-07
226	  0.762371	  0	  8.90872e-05	  1.29448e-06	  12	  4.38408e-07
227	  0.76953	  0.136083	  8.72914e-05	  3.01885e-06	  24	  7.67162e-07
228	  0.790617	  0.264906	  8.22162e-05	  2.09758e-06	  24	  5.33047e-07
229	  0.824564	  0.381	  7.48811e-05	  2.01383e-06	  24	  5.11763e-07
230	  0.869868	  0.481543	  6.64672e-05	  1.48766e-06	  24	  3.7805e-07
231	  0.92486	  0.566139	  5.79216e-05	  2.85295e-06	  24	  7.25004e-07
232	  0.987924	  0.635999	  4.9893e-05	  2.20704e-06	  24	  5.60863e-07
233	  0.797522	  0	  8.0644e-05	  2.33887e-06	  12	  7.92118e-07
234	  0.804368	  0.130189	  7.91357e-05	  2.8011e-06	  24	  7.11828e-07
235	  0.824564	  0.254	  7.48811e-05	  1.76162e-06	  24	  4.4767e-07
236	  0.857168	  0.366508	  6.86794e-05	  2.23589e-06	  24	  5.68193e-07
237	  0.900833	  0.464991	  6.14503e-05	  2.11715e-06	  24	  5.38019e-07
238	  0.954042	  0.548821	  5.39956e-05	  2.41829e-06	  24	  6.14545e-07
239	  0.817887	  0	  7.62607e-05	  1.75846e-06	  12	  5.95547e-07
240	  0.824564	  0.127	  7.48811e-05	  1.69866e-06	  24	  4.31672e-07
241	  0.844278	  0.248069	  7.10317e-05	  1.89441e-06	  24	  4.81414e-07
242	  0.876148	  0.358569	  6.5391e-05	  2.45965e-06	  24	  6.25057e-07
243	  0.918912	  0.455842	  5.87657e-05	  2.18354e-06	  24	  5.5489e-07
244	  0.971131	  0.539164	  5.18642e-05	  2.66591e-06	  24	  6.77472e-07
245	  0.837758	  0	  7.2289e-05	  2.15341e-06	  6	  9.86795e-07
246	  0.844278	  0.124035	  7.10317e-05	  2.83938e-06	  12	  9.61628e-07
247	  0.863541	  0.242536	  6.75513e-05	  9.41723e-07	  12	  3.18938e-07
248	  0.894726	  0.351123	  6.23818e-05	  1.75811e-06	  12	  5.95427e-07
249	  0.936642	  0.447214	  5.6289e-05	  1.71641e-06	  12	  5.81305e-07
250	  0.987924	  0.529999	  4.9893e-05	  2.9566e-06	  12	  1.00133e-06
251	  0.844278	  0	  7.10317e-05	  2.44734e-06	  24	  6.21928e-07
252	  0.850747	  0.123091	  6.98511e-05	  2.03542e-06	  48	  3.95558e-07
253	  0.869868	  0.240772	  6.64672e-05	  1.73896e-06	  48	  3.37946e-07
254	  0.900833	  0.348743	  6.14503e-05	  2.04894e-06	  48	  3.98185e-07
255	  0.942478	  0.444444	  5.55114e-05	  1.98737e-06	  48	  3.8622e-07
256	  0.993459	  0.527046	  4.92701e-05	  2.18962e-06	  48	  4.25525e-07
257	  0.863541	  0	  6.75513e-05	  1.05514e-06	  12	  3.5735e-07
258	  0.869868	  0.120386	  6.64672e-05	  1.7468e-06	  24	  4.43904e-07
259	  0.888577	  0.235702	  6.33722e-05	  1.74128e-06	  24	  4.425e-07
260	  0.918912	  0.341882	  5.87657e-05	  1.93153e-06	  24	  4.90848e-07
261	  0.959772	  0.436436	  5.32783e-05	  1.87451e-06	  24	  4.76359e-07
262	  0.888577	  0	  6.33722e-05	  1.70844e-06	  6	  7.8289e-07
263	  0.894726	  0.117041	  6.23818e-05	  1.23478e-06	  12	  4.18189e-07
264	  0.912926	  0.229416	  5.96217e-05	  1.75785e-06	  12	  5.95339e-07
265	  0.942478	  0.333333	  5.55114e-05	  1.9162e-06	  12	  6.48968e-07
266	  0.982358	  0.426401	  5.05463e-05	  1.85765e-06	  12	  6.29138e-07
267	  0.894726	  0	  6.23818e-05	  1.29206e-06	  12	  4.37589e-07
268	  0.900833	  0.116248	  6.14503e-05	  1.60375e-06	  24	  4.07551e-07
269	  0.918912	  0.227921	  5.87657e-05	  1.89728e-06	  24	  4.82145e-07
270	  0.948278	  0.331295	  5.47385e-05	  1.89334e-06	  24	  4.81144e-07
271	  0.987924	  0.423999	  4.9893e-05	  1.61548e-06	  24	  4.10534e-07
272	  0.900833	  0	  6.14503e-05	  2.13174e-06	  12	  7.21967e-07
273	  0.9069	  0.11547	  6.0533e-05	  1.55543e-06	  24	  3.95273e-07
274	  0.92486	  0.226455	  5.79216e-05	  1.24832e-06	  24	  3.17229e-07
275	  0.954042	  0.329293	  5.39956e-05	  1.90685e-06	  24	  4.84577e-07
276	  0.993459	  0.421637	  4.92701e-05	  1.72146e-06	  24	  4.37464e-07
277	  0.936642	  0	  5.6289e-05	  1.12002e-06	  12	  3.79324e-07
278	  0.942478	  0.111111	  5.55114e-05	  1.62557e-06	  24	  4.13097e-07
279	  0.959772	  0.218218	  5.32783e-05	  1.36194e-06	  24	  3.46102e-07
280	  0.987924	  0.317999	  4.9893e-05	  1.33215e-06	  24	  3.3853e-07
281	  0.942478	  0	  5.55114e-05	  2.94895e-06	  6	  1.35135e-06
282	  0.948278	  0.110432	  5.47385e-05	  2.00041e-06	  12	  6.77488e-07
283	  0.965468	  0.21693	  5.25652e-05	  1.70362e-06	  12	  5.76973e-07
284	  0.993459	  0.316228	  4.92701e-05	  1.83117e-06	  12	  6.20172e-07
285	  0.948278	  0	  5.47385e-05	  1.82563e-06	  12	  6.18297e-07
286	  0.954042	  0.109764	  5.39956e-05	  1.33636e-06	  24	  3.39602e-07
287	  0.971131	  0.215666	  5.18642e-05	  1.06511e-06	  24	  2.7067e-07
288	  0.998963	  0.314485	  4.86634e-05	  1.46786e-06	  24	  3.73017e-07
289	  0.965468	  0	  5.25652e-05	  1.25917e-06	  24	  3.19986e-07
290	  0.971131	  0.107833	  5.18642e-05	  1.50107e-06	  48	  2.91713e-07
291	  0.987924	  0.212	  4.9893e-05	  1.5971e-06	  48	  3.10377e-07
292	  0.987924	  0	  4.9893e-05	  1.41646e-06	  12	  4.79721e-07
293	  0.993459	  0.105409	  4.92701e-05	  1.47348e-06	  24	  3.74446e-07
294	  0.993459	  0	  4.92701e-05	  1.21036e-06	  12	  4.0992e-07
295	  0.998963	  0.104828	  4.86634e-05	  1.21688e-06	  24	  3.09239e-07
296	  1.08818	  0.030936	  4.0048e-05	  1.15491e-06	  138	  1.56058e-07
297	  1.08818	  0.0938307	  4.0048e-05	  1.06078e-06	  252	  1.19862e-07
298	  1.08818	  0.156319	  4.0048e-05	  9.56128e-07	  72	  1.60487e-07
299	  1.08818	  0.218712	  4.0048e-05	  1.07849e-06	  216	  1.27307e-07
300	  1.08818	  0.281224	  4.0048e-05	  1.27628e-06	  288	  1.3902e-07
301	  1.08818	  0.343807	  4.0048e-05	  1.20596e-06	  120	  1.70387e-07
302	  1.08818	  0.406302	  4.0048e-05	  1.6799e-06	  180	  2.09208e-07
303	  1.08818	  0.468745	  4.0048e-05	  1.62554e-06	  180	  2.02437e-07
304	  1.08818	  0.531226	  4.0048e-05	  1.8143e-06	  192	  2.21651e-07
305	  1.08818	  0.593785	  4.0048e-05	  2.35514e-06	  192	  2.87724e-07
306	  1.08818	  0.656281	  4.0048e-05	  1.97657e-06	  168	  2.51324e-07
307	  1.08818	  0.718743	  4.0048e-05	  2.49502e-06	  228	  2.89987e-07
308	  1.08818	  0.781255	  4.0048e-05	  3.36549e-06	  144	  4.48733e-07
309	  1.08818	  0.843774	  4.0048e-05	  2.9044e-06	  240	  3.32698e-07
310	  1.08818	  0.90628	  4.0048e-05	  3.8734e-06	  168	  4.92509e-07
311	  1.08818	  0.968758	  4.0048e-05	  3.82218e-06	  150	  5.03189e-07
312	  1.25577	  0.030936	  2.88042e-05	  8.84941e-07	  198	  1.07137e-07
313	  1.25577	  0.0938307	  2.88042e-05	  9.07606e-07	  396	  9.09892e-08
314	  1.25577	  0.156319	  2.88042e-05	  8.70987e-07	  396	  8.73181e-08
315	  1.25577	  0.218712	  2.88042e-05	  8.2685e-07	  204	  9.92336e-08
316	  1.25577	  0.281224	  2.88042e-05	  9.79494e-07	  216	  1.15621e-07
317	  1.25577	  0.343807	  2.88042e-05	  9.7423e-07	  372	  9.9223e-08
318	  1.25577	  0.406302	  2.88042e-05	  1.10056e-06	  312	  1.17335e-07
319	  1.25577	  0.468745	  2.88042e-05	  1.10622e-06	  288	  1.20495e-07
320	  1.25577	  0.531226	  2.88042e-05	  1.46434e-06	  264	  1.6334e-07
321	  1.25577	  0.593785	  2.88042e-05	  1.35564e-06	  312	  1.4453e-07
322	  1.25577	  0.656281	  2.88042e-05	  1.51381e-06	  276	  1.66811e-07
323	  1.25577	  0.718743	  2.88042e-05	  1.69169e-06	  312	  1.80358e-07
324	  1.25577	  0.781255	  2.88042e-05	  1.9484e-06	  276	  2.147e-07
325	  1.25577	  0.843774	  2.88042e-05	  2.0665e-06	  240	  2.36717e-07
326	  1.25577	  0.90628	  2.88042e-05	  2.36511e-06	  324	  2.49651e-07
327	  1.25577	  0.968758	  2.88042e-05	  2.683e-06	  315	  2.8532e-07
328	  1.45182	  0.030936	  2.05474e-05	  6.15889e-07	  246	  7.00621e-08
329	  1.45182	  0.0938307	  2.05474e-05	  5.64991e-07	  516	  5.31219e-08
330	  1.45182	  0.156319	  2.05474e-05	  6.28087e-07	  504	  5.93816e-08
331	  1.45182	  0.218712	  2.05474e-05	  5.97644e-07	  528	  5.58913e-08
332	  1.45182	  0.281224	  2.05474e-05	  6.34768e-07	  504	  6.00132e-08
333	  1.45182	  0.343807	  2.05474e-05	  7.34074e-07	  384	  7.41643e-08
334	  1.45182	  0.406302	  2.05474e-05	  8.78349e-07	  420	  8.67765e-08
335	  1.45182	  0.468745	  2.05474e-05	  7.71197e-07	  468	  7.42084e-08
336	  1.45182	  0.531226	  2.05474e-05	  8.66403e-07	  480	  8.28658e-08
337	  1.45182	  0.593785	  2.05474e-05	  9.21092e-07	  468	  8.86321e-08
338	  1.45182	  0.656281	  2.05474e-05	  1.0042e-06	  396	  1.00673e-07
339	  1.45182	  0.718743	  2.05474e-05	  1.10519e-06	  456	  1.07015e-07
340	  1.45182	  0.781255	  2.05474e-05	  1.37655e-06	  432	  1.35057e-07
341	  1.45182	  0.843774	  2.05474e-05	  1.40383e-06	  480	  1.34268e-07
342	  1.45182	  0.90628	  2.05474e-05	  1.69664e-06	  480	  1.62272e-07
343	  1.45182	  0.968758	  2.05474e-05	  1.81626e-06	  414	  1.80077e-07
344	  1.68148	  0.030936	  1.45436e-05	  4.20928e-07	  798	  3.59471e-08
345	  1.68148	  0.0938307	  1.45436e-05	  4.76707e-07	  708	  4.17511e-08
346	  1.68148	  0.156319	  1.45436e-05	  4.33766e-07	  684	  3.82738e-08
347	  1.68148	  0.218712	  1.45436e-05	  4.77589e-07	  720	  4.16781e-08
348	  1.68148	  0.281224	  1.45436e-05	  4.84661e-07	  708	  4.24477e-08
349	  1.68148	  0.343807	  1.45436e-05	  5.09837e-07	  720	  4.44924e-08
350	  1.68148	  0.406302	  1.45436e-05	  5.52929e-07	  672	  4.89762e-08
351	  1.68148	  0.468745	  1.45436e-05	  6.30054e-07	  732	  5.47902e-08
352	  1.68148	  0.531226	  1.45436e-05	  6.50164e-07	  672	  5.75888e-08
353	  1.68148	  0.593785	  1.45436e-05	  6.66438e-07	  708	  5.83682e-08
354	  1.68148	  0.656281	  1.45436e-05	  6.99353e-07	  744	  6.06072e-08
355	  1.68148	  0.718743	  1.45436e-05	  8.77625e-07	  744	  7.60566e-08
356	  1.68148	  0.781255	  1.45436e-05	  9.40023e-07	  696	  8.26327e-08
357	  1.68148	  0.843774	  1.45436e-05	  9.92847e-07	  708	  8.69558e-08
358	  1.68148	  0.90628	  1.45436e-05	  1.1053e-06	  696	  9.71616e-08
359	  1.68148	  0.968758	  1.45436e-05	  1.19818e-06	  741	  1.03926e-07
360	  1.94819	  0.030936	  1.02432e-05	  3.12634e-07	  1368	  2.40843e-08
361	  1.94819	  0.0938307	  1.02432e-05	  3.11625e-07	  924	  2.58329e-08
362	  1.94819	  0.156319	  1.02432e-05	  3.33208e-07	  972	  2.73481e-08
363	  1.94819	  0.218712	  1.02432e-05	  3.52624e-07	  972	  2.89416e-08
364	  1.94819	  0.281224	  1.02432e-05	  3.23811e-07	  1200	  2.55381e-08
365	  1.94819	  0.343807	  1.02432e-05	  3.46828e-07	  1140	  2.76135e-08
366	  1.94819	  0.406302	  1.02432e-05	  3.80517e-07	  1080	  3.06046e-08
367	  1.94819	  0.468745	  1.02432e-05	  4.25783e-07	  1068	  3.43179e-08
368	  1.94819	  0.531226	  1.02432e-05	  4.07488e-07	  1164	  3.2318e-08
369	  1.94819	  0.593785	  1.02432e-05	  4.90779e-07	  1188	  3.87779e-08
370	  1.94819	  0.656281	  1.02432e-05	  4.96673e-07	  1068	  4.00316e-08
371	  1.94819	  0.718743	  1.02432e-05	  5.26096e-07	  1008	  4.28753e-08
372	  1.94819	  0.781255	  1.02432e-05	  5.97612e-07	  1164	  4.73969e-08
373	  1.94819	  0.843774	  1.02432e-05	  6.32681e-07	  1176	  5.00834e-08
374	  1.94819	  0.90628	  1.02432e-05	  6.84684e-07	  1080	  5.50685e-08
375	  1.94819	  0.968758	  1.02432e-05	  7.28925e-07	  1038	  5.9071e-08
376	  2.25604	  0.030936	  7.19976e-06	  2.30501e-07	  1896	  1.68187e-08
377	  2.25604	  0.0938307	  7.19976e-06	  2.33971e-07	  1272	  1.82588e-08
378	  2.25604	  0.156319	  7.19976e-06	  2.28216e-07	  2040	  1.64636e-08
379	  2.25604	  0.218712	  7.19976e-06	  2.43153e-07	  1740	  1.79868e-08
380	  2.25604	  0.281224	  7.19976e-06	  2.46649e-07	  1584	  1.85297e-08
381	  2.25604	  0.343807	  7.19976e-06	  2.53608e-07	  1764	  1.87187e-08
382	  2.25604	  0.406302	  7.19976e-06	  2.65151e-07	  1632	  1.9821e-08
383	  2.25604	  0.468745	  7.19976e-06	  2.84378e-07	  1860	  2.08127e-08
384	  2.25604	  0.531226	  7.19976e-06	  3.05034e-07	  1560	  2.29747e-08
385	  2.25604	  0.593785	  7.19976e-06	  3.18411e-07	  1692	  2.36614e-08
386	  2.25604	  0.656281	  7.19976e-06	  3.51331e-07	  1704	  2.60776e-08
387	  2.25604	  0.718743	  7.19976e-06	  3.66837e-07	  1824	  2.69312e-08
388	  2.25604	  0.781255	  7.19976e-06	  3.90806e-07	  1668	  2.91092e-08
389	  2.25604	  0.843774	  7.19976e-06	  4.16974e-07	  1680	  3.10218e-08
390	  2.25604	  0.90628	  7.19976e-06	  4.49862e-07	  1776	  3.31678e-08
391	  2.25604	  0.968758	  7.19976e-06	  4.6499e-07	  1656	  3.4676e-08
392	  2.61216	  0.030936	  5.04692e-06	  1.73078e-07	  2586	  1.20574e-08
393	  2.61216	  0.0938307	  5.04692e-06	  1.67055e-07	  3036	  1.13846e-08
394	  2.61216	  0.156319	  5.04692e-06	  1.77338e-07	  2124	  1.27148e-08
395	  2.61216	  0.218712	  5.04692e-06	  1.69931e-07	  2940	  1.16305e-08
396	  2.61216	  0.281224	  5.04692e-06	  1.77091e-07	  2616	  1.2317e-08
397	  2.61216	  0.343807	  5.04692e-06	  1.85711e-07	  2448	  1.3039e-08
398	  2.61216	  0.406302	  5.04692e-06	  1.93999e-07	  2916	  1.32925e-08
399	  2.61216	  0.468745	  5.04692e-06	  1.99316e-07	  2544	  1.39175e-08
400	  2.61216	  0.531226	  5.04692e-06	  2.09295e-07	  2652	  1.45289e-08
401	  2.61216	  0.593785	  5.04692e-06	  2.17183e-07	  2748	  1.50022e-08
402	  2.61216	  0.656281	  5.04692e-06	  2.37527e-07	  2676	  1.6468e-08
403	  2.61216	  0.718743	  5.04692e-06	  2.34001e-07	  2472	  1.64065e-08
404	  2.61216	  0.781255	  5.04692e-06	  2.52112e-07	  2616	  1.75347e-08
405	  2.61216	  0.843774	  5.04692e-06	  2.588e-07	  2736	  1.78877e-08
406	  2.61216	  0.90628	  5.04692e-06	  2.72218e-07	  2568	  1.89827e-08
407	  2.61216	  0.968758	  5.04692e-06	  2.7559e-07	  2745	  1.90396e-08
408	  3.02645	  0.030936	  3.52029e-06	  1.28321e-07	  3414	  8.61222e-09
409	  3.02645	  0.0938307	  3.52029e-06	  1.24012e-07	  4512	  8.04682e-09
410	  3.02645	  0.156319	  3.52029e-06	  1.22472e-07	  4632	  7.92312e-09
411	  3.02645	  0.218712	  3.52029e-06	  1.20022e-07	  3972	  7.9055e-09
412	  3.02645	  0.281224	  3.52029e-06	  1.253e-07	  4176	  8.20397e-09
413	  3.02645	  0.343807	  3.52029e-06	  1.31954e-07	  4344	  8.59973e-09
414	  3.02645	  0.406302	  3.52029e-06	  1.36996e-07	  4044	  9.00409e-09
415	  3.02645	  0.468745	  3.52029e-06	  1.39974e-07	  4092	  9.18687e-09
416	  3.02645	  0.531226	  3.52029e-06	  1.50546e-07	  4296	  9.82415e-09
417	  3.02645	  0.593785	  3.52029e-06	  1.51509e-07	  3996	  9.97223e-09
418	  3.02645	  0.656281	  3.52029e-06	  1.55118e-07	  4188	  1.01528e-08
419	  3.02645	  0.718743	  3.52029e-06	  1.66328e-07	  4212	  1.08792e-08
420	  3.02645	  0.781255	  3.52029e-06	  1.60791e-07	  4140	  1.05385e-08
421	  3.02645	  0.843774	  3.52029e-06	  1.63564e-07	  4128	  1.0724e-08
422	  3.02645	  0.90628	  3.52029e-06	  1.67995e-07	  4188	  1.09957e-08
423	  3.02645	  0.968758	  3.52029e-06	  1.63601e-07	  4128	  1.07264e-08
424	  3.50419	  0.030936	  2.45325e-06	  9.02894e-08	  7002	  5.59348e-09
425	  3.50419	  0.0938307	  2.45325e-06	  9.06752e-08	  6240	  5.68164e-09
426	  3.50419	  0.156319	  2.45325e-06	  8.66591e-08	  5964	  5.45509e-09
427	  3.50419	  0.218712	  2.45325e-06	  8.96431e-08	  6180	  5.62247e-09
428	  3.50419	  0.281224	  2.45325e-06	  9.0488e-08	  6420	  5.65374e-09
429	  3.50419	  0.343807	  2.45325e-06	  9.25165e-08	  6516	  5.77194e-09
430	  3.50419	  0.406302	  2.45325e-06	  9.54492e-08	  6312	  5.97387e-09
431	  3.50419	  0.468745	  2.45325e-06	  1.00384e-07	  6276	  6.28636e-09
432	  3.50419	  0.531226	  2.45325e-06	  9.90302e-08	  6360	  6.19328e-09
433	  3.50419	  0.593785	  2.45325e-06	  1.00272e-07	  6408	  6.2662e-09
434	  3.50419	  0.656281	  2.45325e-06	  1.06939e-07	  6360	  6.68791e-09
435	  3.50419	  0.718743	  2.45325e-06	  1.03807e-07	  6336	  6.49446e-09
436	  3.50419	  0.781255	  2.45325e-06	  1.00132e-07	  6372	  6.26102e-09
437	  3.50419	  0.843774	  2.45325e-06	  1.05118e-07	  6456	  6.56417e-09
438	  3.50419	  0.90628	  2.45325e-06	  9.96311e-08	  6360	  6.23085e-09
439	  3.50419	  0.968758	  2.45325e-06	  9.44085e-08	  6327	  5.90732e-09
440	  4.05763	  0.030936	  1.70477e-06	  6.52706e-08	  10392	  3.90381e-09
441	  4.05763	  0.0938307	  1.70477e-06	  6.28033e-08	  9420	  3.78724e-09
442	  4.05763	  0.156319	  1.70477e-06	  6.42144e-08	  10176	  3.84729e-09
443	  4.05763	  0.218712	  1.70477e-06	  6.39827e-08	  10260	  3.8308e-09
444	  4.05763	  0.281224	  1.70477e-06	  6.15881e-08	  9528	  3.71036e-09
445	  4.05763	  0.343807	  1.70477e-06	  6.3115e-08	  10140	  3.78253e-09
446	  4.05763	  0.406302	  1.70477e-06	  6.62132e-08	  9960	  3.97412e-09
447	  4.05763	  0.468745	  1.70477e-06	  6.55944e-08	  10068	  3.93345e-09
448	  4.05763	  0.531226	  1.70477e-06	  6.75411e-08	  9996	  4.0526e-09
449	  4.05763	  0.593785	  1.70477e-06	  6.48794e-08	  9828	  3.89842e-09
450	  4.05763	  0.656281	  1.70477e-06	  6.43422e-08	  10032	  3.8595e-09
451	  4.05763	  0.718743	  1.70477e-06	  6.34743e-08	  9924	  3.81088e-09
452	  4.05763	  0.781255	  1.70477e-06	  6.08235e-08	  10116	  3.64591e-09
453	  4.05763	  0.843774	  1.70477e-06	  5.97139e-08	  9888	  3.58621e-09
454	  4.05763	  0.90628	  1.70477e-06	  5.74133e-08	  10008	  3.44457e-09
455	  4.05763	  0.968758	  1.70477e-06	  5.21629e-08	  9978	  3.13035e-09
456	  4.69917	  0.030936	  1.18077e-06	  4.6459e-08	  13626	  2.72095e-09
457	  4.69917	  0.0938307	  1.18077e-06	  4.62894e-08	  16392	  2.67602e-09
458	  4.69917	  0.156319	  1.18077e-06	  4.52424e-08	  15708	  2.6231e-09
459	  4.69917	  0.218712	  1.18077e-06	  4.42737e-08	  15432	  2.57008e-09
460	  4.69917	  0.281224	  1.18077e-06	  4.33491e-08	  15780	  2.51254e-09
461	  4.69917	  0.343807	  1.18077e-06	  4.36421e-08	  15300	  2.53493e-09
462	  4.69917	  0.406302	  1.18077e-06	  4.26813e-08	  15588	  2.47592e-09
463	  4.69917	  0.468745	  1.18077e-06	  4.31734e-08	  15396	  2.50662e-09
464	  4.69917	  0.531226	  1.18077e-06	  4.26119e-08	  15504	  2.47282e-09
465	  4.69917	  0.593785	  1.18077e-06	  4.10442e-08	  15660	  2.3802e-09
466	  4.69917	  0.656281	  1.18077e-06	  3.92103e-08	  15192	  2.27864e-09
467	  4.69917	  0.718743	  1.18077e-06	  3.81831e-08	  15600	  2.21486e-09
468	  4.69917	  0.781255	  1.18077e-06	  3.63524e-08	  15216	  2.11232e-09
469	  4.69917	  0.843774	  1.18077e-06	  3.39382e-08	  15516	  1.96937e-09
470	  4.69917	  0.90628	  1.18077e-06	  3.10374e-08	  15540	  1.80085e-09
471	  4.69917	  0.968758	  1.18077e-06	  2.84726e-08	  15405	  1.65303e-09
472	  5.4432	  0.030936	  8.15755e-07	  3.32397e-08	  26250	  1.86714e-09
473	  5.4432	  0.0938307	  8.15755e-07	  3.24405e-08	  22392	  1.83882e-09
474	  5.4432	  0.156319	  8.15755e-07	  3.1666e-08	  24516	  1.78554e-09
475	  5.4432	  0.218712	  8.15755e-07	  3.04822e-08	  23592	  1.72257e-09
476	  5.4432	  0.281224	  8.15755e-07	  3.00026e-08	  24264	  1.69274e-09
477	  5.4432	  0.343807	  8.15755e-07	  2.9302e-08	  23928	  1.65453e-09
478	  5.4432	  0.406302	  8.15755e-07	  2.81298e-08	  24120	  1.58762e-09
479	  5.4432	  0.468745	  8.15755e-07	  2.69388e-08	  23964	  1.52096e-09
480	  5.4432	  0.531226	  8.15755e-07	  2.62209e-08	  24060	  1.48009e-09
481	  5.4432	  0.593785	  8.15755e-07	  2.48402e-08	  24108	  1.40199e-09
482	  5.4432	  0.656281	  8.15755e-07	  2.32219e-08	  24228	  1.31028e-09
483	  5.4432	  0.718743	  8.15755e-07	  2.18366e-08	  24144	  1.23236e-09
484	  5.4432	  0.781255	  8.15755e-07	  1.98571e-08	  23940	  1.12119e-09
485	  5.4432	  0.843774	  8.15755e-07	  1.77597e-08	  24192	  1.00217e-09
486	  5.4432	  0.90628	  8.15755e-07	  1.62935e-08	  23988	  9.19877e-10
487	  5.4432	  0.968758	  8.15755e-07	  1.43182e-08	  24141	  8.08061e-10
488	  6.30378	  0.030936	  5.62645e-07	  2.33997e-08	  35082	  1.29492e-09
489	  6.30378	  0.0938307	  5.62645e-07	  2.25032e-08	  39108	  1.23895e-09
490	  6.30378	  0.156319	  5.62645e-07	  2.17093e-08	  36924	  1.19844e-09
491	  6.30378	  0.218712	  5.62645e-07	  2.0854e-08	  37692	  1.15011e-09
492	  6.30378	  0.281224	  5.62645e-07	  1.95444e-08	  37092	  1.0787e-09
493	  6.30378	  0.343807	  5.62645e-07	  1.90567e-08	  37536	  1.05119e-09
494	  6.30378	  0.406302	  5.62645e-07	  1.78389e-08	  36984	  9.84707e-10
495	  6.30378	  0.468745	  5.62645e-07	  1.67421e-08	  37428	  9.23642e-10
496	  6.30378	  0.531226	  5.62645e-07	  1.54247e-08	  37392	  8.51003e-10
497	  6.30378	  0.593785	  5.62645e-07	  1.41834e-08	  37200	  7.82705e-10
498	  6.30378	  0.656281	  5.62645e-07	  1.28946e-08	  36924	  7.11835e-10
499	  6.30378	  0.718743	  5.62645e-07	  1.16159e-08	  37272	  6.40963e-10
500	  6.30378	  0.781255	  5.62645e-07	  1.01432e-08	  37284	  5.5969e-10
501	  6.30378	  0.843774	  5.62645e-07	  8.97185e-09	  37188	  4.95117e-10
502	  6.30378	  0.90628	  5.62645e-07	  7.81267e-09	  37320	  4.31075e-10
503	  6.30378	  0.968758	  5.62645e-07	  6.6076e-09	  37119	  3.64676e-10
504	  7.30029	  0.030936	  3.87106e-07	  1.6018e-08	  60258	  8.66151e-10
505	  7.30029	  0.0938307	  3.87106e-07	  1.53421e-08	  56916	  8.31412e-10
506	  7.30029	  0.156319	  3.87106e-07	  1.45778e-08	  56820	  7.90046e-10
507	  7.30029	  0.218712	  3.87106e-07	  1.37047e-08	  58716	  7.41795e-10
508	  7.30029	  0.281224	  3.87106e-07	  1.27205e-08	  57840	  6.88915e-10
509	  7.30029	  0.343807	  3.87106e-07	  1.16669e-08	  57612	  6.31953e-10
510	  7.30029	  0.406302	  3.87106e-07	  1.07578e-08	  58464	  5.82384e-10
511	  7.30029	  0.468745	  3.87106e-07	  9.71865e-09	  57948	  5.26305e-10
512	  7.30029	  0.531226	  3.87106e-07	  8.73681e-09	  57708	  4.7321e-10
513	  7.30029	  0.593785	  3.87106e-07	  7.59846e-09	  58236	  4.1141e-10
514	  7.30029	  0.656281	  3.87106e-07	  6.63345e-09	  58008	  3.59215e-10
515	  7.30029	  0.718743	  3.87106e-07	  5.74095e-09	  58200	  3.10845e-10
516	  7.30029	  0.781255	  3.87106e-07	  4.8223e-09	  58128	  2.61116e-10
517	  7.30029	  0.843774	  3.87106e-07	  4.09525e-09	  57972	  2.21771e-10
518	  7.30029	  0.90628	  3.87106e-07	  3.39533e-09	  57960	  1.8387e-10
519	  7.30029	  0.968758	  3.87106e-07	  2.7905e-09	  58122	  1.51099e-10
520	  8.455	  0.030936	  2.65864e-07	  1.06747e-08	  90198	  5.6928e-10
521	  8.455	  0.0938307	  2.65864e-07	  1.02001e-08	  89292	  5.44139e-10
522	  8.455	  0.156319	  2.65864e-07	  9.5617e-09	  90804	  5.09816e-10
523	  8.455	  0.218712	  2.65864e-07	  8.627e-09	  89628	  4.60166e-10
524	  8.455	  0.281224	  2.65864e-07	  7.82194e-09	  89844	  4.17192e-10
525	  8.455	  0.343807	  2.65864e-07	  6.97268e-09	  90636	  3.71795e-10
526	  8.455	  0.406302	  2.65864e-07	  6.10869e-09	  89628	  3.25839e-10
527	  8.455	  0.468745	  2.65864e-07	  5.24839e-09	  89772	  2.79936e-10
528	  8.455	  0.531226	  2.65864e-07	  4.52259e-09	  90324	  2.41178e-10
529	  8.455	  0.593785	  2.65864e-07	  3.77124e-09	  89784	  2.01148e-10
530	  8.455	  0.656281	  2.65864e-07	  3.10784e-09	  90216	  1.65739e-10
531	  8.455	  0.718743	  2.65864e-07	  2.58423e-09	  89796	  1.37835e-10
532	  8.455	  0.781255	  2.65864e-07	  2.10583e-09	  90120	  1.12306e-10
533	  8.455	  0.843774	  2.65864e-07	  1.70219e-09	  90132	  9.07792e-11
534	  8.455	  0.90628	  2.65864e-07	  1.37908e-09	  89916	  7.35529e-11
535	  8.455	  0.968758	  2.65864e-07	  1.0772e-09	  89964	  5.74513e-11
536	  9.79129	  0.030936	  1.82229e-07	  6.94955e-09	  139068	  3.66113e-10
537	  9.79129	  0.0938307	  1.82229e-07	  6.51947e-09	  141180	  3.43325e-10
538	  9.79129	  0.156319	  1.82229e-07	  5.95969e-09	  139380	  3.13948e-10
539	  9.79129	  0.218712	  1.82229e-07	  5.2559e-09	  138804	  2.76903e-10
540	  9.79129	  0.281224	  1.82229e-07	  4.56236e-09	  140952	  2.4027e-10
541	  9.79129	  0.343807	  1.82229e-07	  3.84465e-09	  139668	  2.0252e-10
542	  9.79129	  0.406302	  1.82229e-07	  3.20519e-09	  139464	  1.68842e-10
543	  9.79129	  0.468745	  1.82229e-07	  2.62033e-09	  139812	  1.38024e-10
544	  9.79129	  0.531226	  1.82229e-07	  2.11811e-09	  139884	  1.11569e-10
545	  9.79129	  0.593785	  1.82229e-07	  1.69911e-09	  140184	  8.94937e-11
546	  9.79129	  0.656281	  1.82229e-07	  1.34981e-09	  139404	  7.11055e-11
547	  9.79129	  0.718743	  1.82229e-07	  1.07484e-09	  139932	  5.66151e-11
548	  9.79129	  0.781255	  1.82229e-07	  8.4696e-10	  139980	  4.46118e-11
549	  9.79129	  0.843774	  1.82229e-07	  6.60922e-10	  139632	  3.48148e-11
550	  9.79129	  0.90628	  1.82229e-07	  5.12131e-10	  140088	  2.69749e-11
551	  9.79129	  0.968758	  1.82229e-07	  3.81065e-10	  139623	  2.00731e-11
