#n	   k	      mu	    PL	    Pf	     w	     err  
0	  0.10472	  1	  0.00379853	  0.000352244	  3	  0.000220981
1	  0.20944	  1	  0.00134928	  9.92932e-05	  3	  6.22916e-05
2	  0.314159	  1	  0.000632002	  9.43055e-05	  3	  5.91626e-05
3	  0.418879	  1	  0.000354209	  1.7488e-05	  3	  1.09711e-05
4	  0.523599	  1	  0.00022393	  5.3617e-06	  3	  3.36367e-06
5	  0.628319	  1	  0.000151731	  2.53636e-05	  3	  1.59119e-05
6	  0.733038	  1	  0.000108477	  1.17512e-05	  3	  7.37211e-06
7	  0.837758	  1	  8.07459e-05	  1.00399e-05	  3	  6.29854e-06
8	  0.942478	  1	  6.20055e-05	  1.51599e-06	  3	  9.51058e-07
9	  0.10472	  0	  0.00379853	  5.84549e-05	  6	  2.67869e-05
10	  0.148096	  0.707107	  0.00241558	  8.39208e-05	  12	  2.84219e-05
11	  0.23416	  0.894427	  0.00106881	  0.000102814	  12	  3.48206e-05
12	  0.331153	  0.948683	  0.000572332	  4.14866e-05	  12	  1.40505e-05
13	  0.431771	  0.970143	  0.00033334	  2.22003e-05	  12	  7.51869e-06
14	  0.533968	  0.980581	  0.000214781	  1.474e-05	  12	  4.99208e-06
15	  0.636985	  0.986394	  0.000147282	  8.95021e-06	  12	  3.03121e-06
16	  0.74048	  0.989949	  0.00010613	  1.15974e-05	  12	  3.92774e-06
17	  0.844278	  0.992278	  7.93415e-05	  5.63952e-06	  12	  1.90997e-06
18	  0.948278	  0.993884	  6.11422e-05	  5.37801e-06	  12	  1.8214e-06
19	  0.148096	  0	  0.00241558	  3.12488e-05	  6	  1.43197e-05
20	  0.18138	  0.57735	  0.0017137	  4.30892e-05	  12	  1.45932e-05
21	  0.25651	  0.816497	  0.000940668	  4.91276e-05	  12	  1.66383e-05
22	  0.347316	  0.904534	  0.000515517	  2.87927e-05	  12	  9.75136e-06
23	  0.444288	  0.942809	  0.00031512	  1.91232e-05	  12	  6.47656e-06
24	  0.54414	  0.96225	  0.000206254	  1.61718e-05	  12	  5.47698e-06
25	  0.645536	  0.973329	  0.000143139	  9.81805e-06	  12	  3.32513e-06
26	  0.747849	  0.980196	  0.00010381	  6.36999e-06	  12	  2.15736e-06
27	  0.850747	  0.984732	  7.80228e-05	  7.2755e-06	  12	  2.46403e-06
28	  0.954042	  0.987878	  6.03124e-05	  5.25063e-06	  12	  1.77826e-06
29	  0.20944	  0	  0.00134928	  1.92223e-05	  6	  8.8086e-06
30	  0.23416	  0.447214	  0.00106881	  3.22822e-05	  12	  1.09332e-05
31	  0.296192	  0.707107	  0.000695986	  3.88568e-05	  12	  1.31598e-05
32	  0.377572	  0.83205	  0.000438644	  2.6269e-05	  12	  8.89666e-06
33	  0.468321	  0.894427	  0.00028273	  2.10123e-05	  12	  7.11635e-06
34	  0.563933	  0.928477	  0.000191181	  8.00665e-06	  12	  2.71165e-06
35	  0.662306	  0.948683	  0.000135378	  7.93593e-06	  12	  2.6877e-06
36	  0.762371	  0.961524	  9.95093e-05	  8.21056e-06	  12	  2.78071e-06
37	  0.863541	  0.970143	  7.54539e-05	  2.22562e-06	  12	  7.53763e-07
38	  0.965468	  0.976187	  5.87146e-05	  3.58322e-06	  12	  1.21355e-06
39	  0.23416	  0	  0.00106881	  2.00459e-05	  12	  6.78904e-06
40	  0.25651	  0.408248	  0.000940668	  1.96e-05	  24	  4.98083e-06
41	  0.314159	  0.666667	  0.000632002	  2.68325e-05	  24	  6.81878e-06
42	  0.391825	  0.801784	  0.000408396	  1.96824e-05	  24	  5.00178e-06
43	  0.479886	  0.872872	  0.000268343	  2.25853e-05	  24	  5.73947e-06
44	  0.573574	  0.912871	  0.000184519	  1.027e-05	  24	  2.60986e-06
45	  0.670534	  0.937043	  0.000131833	  6.6768e-06	  24	  1.69674e-06
46	  0.76953	  0.952579	  9.75033e-05	  6.50261e-06	  24	  1.65247e-06
47	  0.869868	  0.963087	  7.4243e-05	  5.29102e-06	  24	  1.34457e-06
48	  0.971131	  0.970495	  5.79317e-05	  4.2834e-06	  24	  1.08852e-06
49	  0.296192	  0	  0.000695986	  1.15583e-05	  6	  5.29655e-06
50	  0.314159	  0.333333	  0.000632002	  1.47236e-05	  12	  4.9865e-06
51	  0.36276	  0.57735	  0.000471853	  1.26465e-05	  12	  4.28307e-06
52	  0.431771	  0.727607	  0.00033334	  1.62339e-05	  12	  5.49803e-06
53	  0.51302	  0.816497	  0.000233677	  1.39936e-05	  12	  4.7393e-06
54	  0.601569	  0.870388	  0.000166611	  1.08244e-05	  12	  3.66595e-06
55	  0.694632	  0.904534	  0.000122073	  1.08236e-05	  12	  3.66569e-06
56	  0.790617	  0.927173	  9.18345e-05	  5.87296e-06	  12	  1.98902e-06
57	  0.888577	  0.942809	  7.0786e-05	  4.63735e-06	  12	  1.57055e-06
58	  0.987924	  0.953998	  5.57298e-05	  2.18187e-06	  12	  7.38945e-07
59	  0.314159	  0	  0.000632002	  1.51454e-05	  6	  6.94036e-06
60	  0.331153	  0.316228	  0.000572332	  1.18691e-05	  12	  4.01978e-06
61	  0.377572	  0.5547	  0.000438644	  1.69721e-05	  12	  5.74802e-06
62	  0.444288	  0.707107	  0.00031512	  9.0559e-06	  12	  3.06701e-06
63	  0.523599	  0.8	  0.00022393	  1.37327e-05	  12	  4.65093e-06
64	  0.610616	  0.857493	  0.000161348	  5.67648e-06	  12	  1.92248e-06
65	  0.702481	  0.894427	  0.000119103	  6.69993e-06	  12	  2.2691e-06
66	  0.797522	  0.919145	  9.00783e-05	  5.86878e-06	  12	  1.98761e-06
67	  0.894726	  0.936329	  6.96796e-05	  2.98734e-06	  12	  1.01174e-06
68	  0.993459	  0.948683	  5.50341e-05	  3.65142e-06	  12	  1.23665e-06
69	  0.331153	  0	  0.000572332	  9.23217e-06	  12	  3.12671e-06
70	  0.347316	  0.301511	  0.000515517	  8.6052e-06	  24	  2.18679e-06
71	  0.391825	  0.534522	  0.000408396	  9.07038e-06	  24	  2.305e-06
72	  0.456463	  0.688247	  0.000298414	  1.64713e-05	  24	  4.18575e-06
73	  0.533968	  0.784465	  0.000214781	  8.81767e-06	  24	  2.24078e-06
74	  0.61953	  0.845154	  0.000156415	  6.32099e-06	  24	  1.60632e-06
75	  0.710244	  0.884652	  0.000116293	  1.00751e-05	  24	  2.56031e-06
76	  0.804368	  0.911322	  8.83936e-05	  5.29117e-06	  24	  1.34461e-06
77	  0.900833	  0.929981	  6.86392e-05	  4.17553e-06	  24	  1.0611e-06
78	  0.998963	  0.943456	  5.43564e-05	  2.76084e-06	  24	  7.01595e-07
79	  0.377572	  0	  0.000438644	  7.77959e-06	  12	  2.63475e-06
80	  0.391825	  0.267261	  0.000408396	  5.90131e-06	  24	  1.49967e-06
81	  0.431771	  0.485071	  0.00033334	  1.02639e-05	  24	  2.6083e-06
82	  0.491179	  0.639602	  0.000255503	  7.30537e-06	  24	  1.85647e-06
83	  0.563933	  0.742781	  0.000191181	  9.75226e-06	  24	  2.47828e-06
84	  0.645536	  0.811107	  0.000143139	  8.02376e-06	  24	  2.03903e-06
85	  0.733038	  0.857143	  0.000108477	  6.88753e-06	  24	  1.75029e-06
86	  0.824564	  0.889001	  8.36412e-05	  3.2167e-06	  24	  8.17442e-07
87	  0.918912	  0.911685	  6.56405e-05	  4.61395e-06	  24	  1.17252e-06
88	  0.418879	  0	  0.000354209	  1.85584e-06	  6	  8.50435e-07
89	  0.431771	  0.242536	  0.00033334	  4.35706e-06	  12	  1.47563e-06
90	  0.468321	  0.447214	  0.00028273	  7.95559e-06	  12	  2.69436e-06
91	  0.523599	  0.6	  0.00022393	  7.42787e-06	  12	  2.51564e-06
92	  0.592384	  0.707107	  0.000172252	  3.58232e-06	  12	  1.21324e-06
93	  0.670534	  0.780869	  0.000131833	  7.77128e-06	  12	  2.63194e-06
94	  0.755145	  0.83205	  0.000101648	  4.52913e-06	  12	  1.5339e-06
95	  0.844278	  0.868243	  7.93415e-05	  4.42479e-06	  12	  1.49857e-06
96	  0.936642	  0.894427	  6.28741e-05	  2.20268e-06	  12	  7.45993e-07
97	  0.431771	  0	  0.00033334	  4.16826e-06	  12	  1.41169e-06
98	  0.444288	  0.235702	  0.00031512	  2.70269e-06	  24	  6.86819e-07
99	  0.479886	  0.436436	  0.000268343	  8.94168e-06	  24	  2.2723e-06
100	  0.533968	  0.588348	  0.000214781	  4.82576e-06	  24	  1.22634e-06
101	  0.601569	  0.696311	  0.000166611	  4.61097e-06	  24	  1.17176e-06
102	  0.678662	  0.771517	  0.000128405	  4.1532e-06	  24	  1.05543e-06
103	  0.762371	  0.824163	  9.95093e-05	  6.12834e-06	  24	  1.55736e-06
104	  0.850747	  0.86164	  7.80228e-05	  5.17382e-06	  24	  1.31479e-06
105	  0.942478	  0.888889	  6.20055e-05	  4.26667e-06	  24	  1.08426e-06
106	  0.444288	  0	  0.00031512	  3.93525e-06	  6	  1.80332e-06
107	  0.456463	  0.229416	  0.000298414	  7.04462e-06	  12	  2.38584e-06
108	  0.491179	  0.426401	  0.000255503	  5.96581e-06	  12	  2.02047e-06
109	  0.54414	  0.57735	  0.000206254	  2.14263e-06	  12	  7.25655e-07
110	  0.610616	  0.685994	  0.000161348	  7.60769e-06	  12	  2.57654e-06
111	  0.686693	  0.762493	  0.00012517	  4.85403e-06	  12	  1.64394e-06
112	  0.76953	  0.816497	  9.75033e-05	  4.44981e-06	  12	  1.50704e-06
113	  0.857168	  0.855186	  7.6714e-05	  2.61106e-06	  12	  8.84302e-07
114	  0.948278	  0.883452	  6.11422e-05	  1.98531e-06	  12	  6.72375e-07
115	  0.468321	  0	  0.00028273	  4.8579e-06	  12	  1.64525e-06
116	  0.479886	  0.218218	  0.000268343	  6.86073e-06	  24	  1.74348e-06
117	  0.51302	  0.408248	  0.000233677	  6.96682e-06	  24	  1.77044e-06
118	  0.563933	  0.557086	  0.000191181	  6.62606e-06	  24	  1.68384e-06
119	  0.628319	  0.666667	  0.000151731	  5.04355e-06	  24	  1.28169e-06
120	  0.702481	  0.745356	  0.000119103	  5.62849e-06	  24	  1.43033e-06
121	  0.783651	  0.801784	  9.36575e-05	  4.78397e-06	  24	  1.21572e-06
122	  0.869868	  0.842701	  7.4243e-05	  3.22882e-06	  24	  8.20522e-07
123	  0.959772	  0.872872	  5.95111e-05	  2.9992e-06	  24	  7.6217e-07
124	  0.523599	  0	  0.00022393	  3.46457e-06	  18	  9.89835e-07
125	  0.533968	  0.196116	  0.000214781	  3.19674e-06	  36	  6.92626e-07
126	  0.563933	  0.371391	  0.000191181	  3.15772e-06	  36	  6.84172e-07
127	  0.610616	  0.514496	  0.000161348	  3.80648e-06	  36	  8.24737e-07
128	  0.670534	  0.624695	  0.000131833	  3.99589e-06	  36	  8.65775e-07
129	  0.74048	  0.707107	  0.00010613	  4.3158e-06	  36	  9.3509e-07
130	  0.817887	  0.768221	  8.51823e-05	  3.68355e-06	  36	  7.98102e-07
131	  0.900833	  0.813733	  6.86392e-05	  3.17376e-06	  36	  6.87648e-07
132	  0.987924	  0.847998	  5.57298e-05	  2.79818e-06	  36	  6.06273e-07
133	  0.533968	  0	  0.000214781	  3.11816e-06	  12	  1.05604e-06
134	  0.54414	  0.19245	  0.000206254	  4.68792e-06	  24	  1.19131e-06
135	  0.573574	  0.365148	  0.000184519	  3.24142e-06	  24	  8.23724e-07
136	  0.61953	  0.507093	  0.000156415	  4.216e-06	  24	  1.07139e-06
137	  0.678662	  0.617213	  0.000128405	  4.01044e-06	  24	  1.01915e-06
138	  0.747849	  0.70014	  0.00010381	  3.79866e-06	  24	  9.65331e-07
139	  0.824564	  0.762001	  8.36412e-05	  1.60417e-06	  24	  4.07658e-07
140	  0.9069	  0.80829	  6.76145e-05	  3.52739e-06	  24	  8.96394e-07
141	  0.993459	  0.843274	  5.50341e-05	  2.6368e-06	  24	  6.70075e-07
142	  0.563933	  0	  0.000191181	  1.32784e-06	  12	  4.49707e-07
143	  0.573574	  0.182574	  0.000184519	  2.63846e-06	  24	  6.70497e-07
144	  0.601569	  0.348155	  0.000166611	  3.51238e-06	  24	  8.92581e-07
145	  0.645536	  0.486664	  0.000143139	  4.06509e-06	  24	  1.03304e-06
146	  0.702481	  0.596285	  0.000119103	  4.24479e-06	  24	  1.0787e-06
147	  0.76953	  0.680414	  9.75033e-05	  2.45383e-06	  24	  6.23578e-07
148	  0.844278	  0.744208	  7.93415e-05	  3.85902e-06	  24	  9.80669e-07
149	  0.92486	  0.792594	  6.46977e-05	  2.98923e-06	  24	  7.59635e-07
150	  0.592384	  0	  0.000172252	  9.21782e-07	  6	  4.22405e-07
151	  0.601569	  0.174078	  0.000166611	  1.96314e-06	  12	  6.64866e-07
152	  0.628319	  0.333333	  0.000151731	  2.72341e-06	  12	  9.2235e-07
153	  0.670534	  0.468521	  0.000131833	  2.40096e-06	  12	  8.13145e-07
154	  0.72552	  0.57735	  0.000110996	  4.63248e-06	  12	  1.5689e-06
155	  0.790617	  0.662266	  9.18345e-05	  3.33992e-06	  12	  1.13115e-06
156	  0.863541	  0.727607	  7.54539e-05	  2.80797e-06	  12	  9.50991e-07
157	  0.942478	  0.777778	  6.20055e-05	  2.12261e-06	  12	  7.18876e-07
158	  0.610616	  0	  0.000161348	  2.06313e-06	  12	  6.98732e-07
159	  0.61953	  0.169031	  0.000156415	  2.43756e-06	  24	  6.19443e-07
160	  0.645536	  0.324443	  0.000143139	  2.9231e-06	  24	  7.4283e-07
161	  0.686693	  0.457496	  0.00012517	  3.14723e-06	  24	  7.99787e-07
162	  0.74048	  0.565685	  0.00010613	  2.74269e-06	  24	  6.96983e-07
163	  0.804368	  0.650945	  8.83936e-05	  3.64625e-06	  24	  9.26601e-07
164	  0.876148	  0.717137	  7.30409e-05	  3.13789e-06	  24	  7.97414e-07
165	  0.954042	  0.76835	  6.03124e-05	  2.51059e-06	  24	  6.38002e-07
166	  0.628319	  0	  0.000151731	  6.70934e-06	  6	  3.07455e-06
167	  0.636985	  0.164399	  0.000147282	  3.42599e-06	  12	  1.1603e-06
168	  0.662306	  0.316228	  0.000135378	  2.17247e-06	  12	  7.3576e-07
169	  0.702481	  0.447214	  0.000119103	  1.24582e-06	  12	  4.21928e-07
170	  0.755145	  0.5547	  0.000101648	  1.67737e-06	  12	  5.68083e-07
171	  0.817887	  0.640184	  8.51823e-05	  2.12502e-06	  12	  7.19691e-07
172	  0.888577	  0.707107	  7.0786e-05	  2.40185e-06	  12	  8.13448e-07
173	  0.965468	  0.759257	  5.87146e-05	  2.7578e-06	  12	  9.33997e-07
174	  0.636985	  0	  0.000147282	  3.36297e-06	  12	  1.13895e-06
175	  0.645536	  0.162221	  0.000143139	  1.77662e-06	  24	  4.51483e-07
176	  0.670534	  0.312348	  0.000131833	  2.01026e-06	  24	  5.10855e-07
177	  0.710244	  0.442326	  0.000116293	  2.77459e-06	  24	  7.05089e-07
178	  0.762371	  0.549442	  9.95093e-05	  3.49325e-06	  24	  8.87719e-07
179	  0.824564	  0.635001	  8.36412e-05	  1.72306e-06	  24	  4.3787e-07
180	  0.894726	  0.702247	  6.96796e-05	  1.8173e-06	  24	  4.6182e-07
181	  0.971131	  0.754829	  5.79317e-05	  2.23054e-06	  24	  5.66835e-07
182	  0.662306	  0	  0.000135378	  1.98246e-06	  12	  6.7141e-07
183	  0.670534	  0.156174	  0.000131833	  1.87035e-06	  24	  4.75302e-07
184	  0.694632	  0.301511	  0.000122073	  2.08201e-06	  24	  5.29089e-07
185	  0.733038	  0.428571	  0.000108477	  2.69775e-06	  24	  6.85564e-07
186	  0.783651	  0.534522	  9.36575e-05	  2.23233e-06	  24	  5.67289e-07
187	  0.844278	  0.620174	  7.93415e-05	  2.20621e-06	  24	  5.60651e-07
188	  0.912926	  0.688247	  6.65967e-05	  1.61526e-06	  24	  4.10476e-07
189	  0.987924	  0.741999	  5.57298e-05	  1.85969e-06	  24	  4.72592e-07
190	  0.670534	  0	  0.000131833	  2.37342e-06	  12	  8.03817e-07
191	  0.678662	  0.154303	  0.000128405	  1.59199e-06	  24	  4.04564e-07
192	  0.702481	  0.298142	  0.000119103	  2.60569e-06	  24	  6.62168e-07
193	  0.74048	  0.424264	  0.00010613	  2.04624e-06	  24	  5.2e-07
194	  0.790617	  0.529813	  9.18345e-05	  2.20059e-06	  24	  5.59224e-07
195	  0.850747	  0.615457	  7.80228e-05	  1.64503e-06	  24	  4.18041e-07
196	  0.918912	  0.683763	  6.56405e-05	  2.45118e-06	  24	  6.22903e-07
197	  0.993459	  0.737865	  5.50341e-05	  2.05131e-06	  24	  5.21286e-07
198	  0.702481	  0	  0.000119103	  1.0411e-06	  12	  3.52595e-07
199	  0.710244	  0.147442	  0.000116293	  2.06326e-06	  24	  5.24325e-07
200	  0.733038	  0.285714	  0.000108477	  2.6377e-06	  24	  6.70304e-07
201	  0.76953	  0.408248	  9.75033e-05	  2.2019e-06	  24	  5.59556e-07
202	  0.817887	  0.512148	  8.51823e-05	  3.11246e-06	  24	  7.9095e-07
203	  0.876148	  0.597614	  7.30409e-05	  2.52953e-06	  24	  6.42815e-07
204	  0.942478	  0.666667	  6.20055e-05	  2.09616e-06	  24	  5.32686e-07
205	  0.733038	  0	  0.000108477	  1.56264e-06	  6	  7.16076e-07
206	  0.74048	  0.141421	  0.00010613	  1.64243e-06	  12	  5.5625e-07
207	  0.762371	  0.274721	  9.95093e-05	  1.41275e-06	  12	  4.78465e-07
208	  0.797522	  0.393919	  9.00783e-05	  1.9071e-06	  12	  6.45888e-07
209	  0.844278	  0.496139	  7.93415e-05	  2.36084e-06	  12	  7.99557e-07
210	  0.900833	  0.581238	  6.86392e-05	  2.45492e-06	  12	  8.31422e-07
211	  0.965468	  0.650791	  5.87146e-05	  1.98253e-06	  12	  6.71435e-07
212	  0.74048	  0	  0.00010613	  1.71978e-06	  18	  4.91345e-07
213	  0.747849	  0.140028	  0.00010381	  2.21931e-06	  36	  4.8085e-07
214	  0.76953	  0.272166	  9.75033e-05	  1.77071e-06	  36	  3.83653e-07
215	  0.804368	  0.390567	  8.83936e-05	  2.54041e-06	  36	  5.50422e-07
216	  0.850747	  0.492366	  7.80228e-05	  1.57701e-06	  36	  3.41685e-07
217	  0.9069	  0.57735	  6.76145e-05	  1.59463e-06	  36	  3.45503e-07
218	  0.971131	  0.646997	  5.79317e-05	  2.58638e-06	  36	  5.60382e-07
219	  0.755145	  0	  0.000101648	  1.10761e-06	  12	  3.7512e-07
220	  0.762371	  0.137361	  9.95093e-05	  2.15735e-06	  24	  5.48236e-07
221	  0.783651	  0.267261	  9.36575e-05	  1.8656e-06	  24	  4.74094e-07
222	  0.817887	  0.384111	  8.51823e-05	  2.02893e-06	  24	  5.156e-07
223	  0.863541	  0.485071	  7.54539e-05	  1.11548e-06	  24	  2.83471e-07
224	  0.918912	  0.569803	  6.56405e-05	  1.8381e-06	  24	  4.67107e-07
225	  0.982358	  0.639602	  5.64596e-05	  1.44212e-06	  24	  3.66478e-07
226	  0.762371	  0	  9.95093e-05	  9.28983e-07	  12	  3.14623e-07
227	  0.76953	  0.136083	  9.75033e-05	  2.12824e-06	  24	  5.40837e-07
228	  0.790617	  0.264906	  9.18345e-05	  1.4728e-06	  24	  3.74275e-07
229	  0.824564	  0.381	  8.36412e-05	  1.49451e-06	  24	  3.79792e-07
230	  0.869868	  0.481543	  7.4243e-05	  1.08376e-06	  24	  2.7541e-07
231	  0.92486	  0.566139	  6.46977e-05	  2.0338e-06	  24	  5.16837e-07
232	  0.987924	  0.635999	  5.57298e-05	  1.52087e-06	  24	  3.8649e-07
233	  0.797522	  0	  9.00783e-05	  1.67606e-06	  12	  5.67641e-07
234	  0.804368	  0.130189	  8.83936e-05	  2.04037e-06	  24	  5.18507e-07
235	  0.824564	  0.254	  8.36412e-05	  1.31081e-06	  24	  3.33108e-07
236	  0.857168	  0.366508	  7.6714e-05	  1.56296e-06	  24	  3.97186e-07
237	  0.900833	  0.464991	  6.86392e-05	  1.50175e-06	  24	  3.8163e-07
238	  0.954042	  0.548821	  6.03124e-05	  1.7461e-06	  24	  4.43725e-07
239	  0.817887	  0	  8.51823e-05	  1.22689e-06	  12	  4.15516e-07
240	  0.824564	  0.127	  8.36412e-05	  1.15657e-06	  24	  2.93912e-07
241	  0.844278	  0.248069	  7.93415e-05	  1.35735e-06	  24	  3.44935e-07
242	  0.876148	  0.358569	  7.30409e-05	  1.70277e-06	  24	  4.32714e-07
243	  0.918912	  0.455842	  6.56405e-05	  1.58835e-06	  24	  4.03639e-07
244	  0.971131	  0.539164	  5.79317e-05	  1.90815e-06	  24	  4.84907e-07
245	  0.837758	  0	  8.07459e-05	  1.49258e-06	  6	  6.83974e-07
246	  0.844278	  0.124035	  7.93415e-05	  2.00199e-06	  12	  6.78025e-07
247	  0.863541	  0.242536	  7.54539e-05	  6.42738e-07	  12	  2.17679e-07
248	  0.894726	  0.351123	  6.96796e-05	  1.24703e-06	  12	  4.22337e-07
249	  0.936642	  0.447214	  6.28741e-05	  1.27212e-06	  12	  4.30835e-07
250	  0.987924	  0.529999	  5.57298e-05	  2.14458e-06	  12	  7.26318e-07
251	  0.844278	  0	  7.93415e-05	  1.7492e-06	  24	  4.44513e-07
252	  0.850747	  0.123091	  7.80228e-05	  1.49549e-06	  48	  2.9063e-07
253	  0.869868	  0.240772	  7.4243e-05	  1.24684e-06	  48	  2.42308e-07
254	  0.900833	  0.348743	  6.86392e-05	  1.47678e-06	  48	  2.86993e-07
255	  0.942478	  0.444444	  6.20055e-05	  1.40092e-06	  48	  2.72251e-07
256	  0.993459	  0.527046	  5.50341e-05	  1.57017e-06	  48	  3.05142e-07
257	  0.863541	  0	  7.54539e-05	  7.39577e-07	  12	  2.50476e-07
258	  0.869868	  0.120386	  7.4243e-05	  1.30835e-06	  24	  3.32483e-07
259	  0.888577	  0.235702	  7.0786e-05	  1.27806e-06	  24	  3.24785e-07
260	  0.918912	  0.341882	  6.56405e-05	  1.38428e-06	  24	  3.51779e-07
261	  0.959772	  0.436436	  5.95111e-05	  1.32572e-06	  24	  3.36898e-07
262	  0.888577	  0	  7.0786e-05	  1.19494e-06	  6	  5.4758e-07
263	  0.894726	  0.117041	  6.96796e-05	  8.7698e-07	  12	  2.97011e-07
264	  0.912926	  0.229416	  6.65967e-05	  1.2715e-06	  12	  4.30624e-07
265	  0.942478	  0.333333	  6.20055e-05	  1.4112e-06	  12	  4.77939e-07
266	  0.982358	  0.426401	  5.64596e-05	  1.34292e-06	  12	  4.54813e-07
267	  0.894726	  0	  6.96796e-05	  8.89921e-07	  12	  3.01394e-07
268	  0.900833	  0.116248	  6.86392e-05	  1.08628e-06	  24	  2.76049e-07
269	  0.918912	  0.227921	  6.56405e-05	  1.37212e-06	  24	  3.48688e-07
270	  0.948278	  0.331295	  6.11422e-05	  1.35337e-06	  24	  3.43925e-07
271	  0.987924	  0.423999	  5.57298e-05	  1.19364e-06	  24	  3.03333e-07
272	  0.900833	  0	  6.86392e-05	  1.58446e-06	  12	  5.36617e-07
273	  0.9069	  0.11547	  6.76145e-05	  1.13153e-06	  24	  2.8755e-07
274	  0.92486	  0.226455	  6.46977e-05	  9.18459e-07	  24	  2.33403e-07
275	  0.954042	  0.329293	  6.03124e-05	  1.35827e-06	  24	  3.4517e-07
276	  0.993459	  0.421637	  5.50341e-05	  1.22453e-06	  24	  3.11182e-07
277	  0.936642	  0	  6.28741e-05	  8.32232e-07	  12	  2.81856e-07
278	  0.942478	  0.111111	  6.20055e-05	  1.16868e-06	  24	  2.96989e-07
279	  0.959772	  0.218218	  5.95111e-05	  1.01972e-06	  24	  2.59135e-07
280	  0.987924	  0.317999	  5.57298e-05	  9.87454e-07	  24	  2.50936e-07
281	  0.942478	  0	  6.20055e-05	  1.97499e-06	  6	  9.05035e-07
282	  0.948278	  0.110432	  6.11422e-05	  1.39695e-06	  12	  4.73111e-07
283	  0.965468	  0.21693	  5.87146e-05	  1.18642e-06	  12	  4.01811e-07
284	  0.993459	  0.316228	  5.50341e-05	  1.33662e-06	  12	  4.52681e-07
285	  0.948278	  0	  6.11422e-05	  1.27581e-06	  12	  4.32087e-07
286	  0.954042	  0.109764	  6.03124e-05	  9.36153e-07	  24	  2.37899e-07
287	  0.971131	  0.215666	  5.79317e-05	  8.07757e-07	  24	  2.05271e-07
288	  0.998963	  0.314485	  5.43564e-05	  1.04084e-06	  24	  2.64502e-07
289	  0.965468	  0	  5.87146e-05	  9.42826e-07	  24	  2.39595e-07
290	  0.971131	  0.107833	  5.79317e-05	  1.06417e-06	  48	  2.06809e-07
291	  0.987924	  0.212	  5.57298e-05	  1.15216e-06	  48	  2.23909e-07
292	  0.987924	  0	  5.57298e-05	  9.99965e-07	  12	  3.38663e-07
293	  0.993459	  0.105409	  5.50341e-05	  1.02941e-06	  24	  2.61598e-07
294	  0.993459	  0	  5.50341e-05	  8.78629e-07	  12	  2.9757e-07
295	  0.998963	  0.104828	  5.43564e-05	  8.9021e-07	  24	  2.26224e-07
296	  1.08818	  0.030936	  4.47331e-05	  8.264e-07	  138	  1.11668e-07
297	  1.08818	  0.0938307	  4.47331e-05	  7.63344e-07	  252	  8.62533e-08
298	  1.08818	  0.156319	  4.47331e-05	  6.86236e-07	  72	  1.15185e-07
299	  1.08818	  0.218712	  4.47331e-05	  7.781e-07	  216	  9.18481e-08
300	  1.08818	  0.281224	  4.47331e-05	  9.18523e-07	  288	  1.00051e-07
301	  1.08818	  0.343807	  4.47331e-05	  8.75219e-07	  120	  1.23657e-07
302	  1.08818	  0.406302	  4.47331e-05	  1.22175e-06	  180	  1.52151e-07
303	  1.08818	  0.468745	  4.47331e-05	  1.15622e-06	  180	  1.43991e-07
304	  1.08818	  0.531226	  4.47331e-05	  1.32361e-06	  192	  1.61704e-07
305	  1.08818	  0.593785	  4.47331e-05	  1.67353e-06	  192	  2.04453e-07
306	  1.08818	  0.656281	  4.47331e-05	  1.38534e-06	  168	  1.76149e-07
307	  1.08818	  0.718743	  4.47331e-05	  1.79499e-06	  228	  2.08625e-07
308	  1.08818	  0.781255	  4.47331e-05	  2.45722e-06	  144	  3.27629e-07
309	  1.08818	  0.843774	  4.47331e-05	  2.10827e-06	  240	  2.41502e-07
310	  1.08818	  0.90628	  4.47331e-05	  2.65834e-06	  168	  3.38013e-07
311	  1.08818	  0.968758	  4.47331e-05	  2.72619e-06	  150	  3.58902e-07
312	  1.25577	  0.030936	  3.21739e-05	  6.33813e-07	  198	  7.67338e-08
313	  1.25577	  0.0938307	  3.21739e-05	  6.55152e-07	  396	  6.56803e-08
314	  1.25577	  0.156319	  3.21739e-05	  6.2805e-07	  396	  6.29632e-08
315	  1.25577	  0.218712	  3.21739e-05	  5.96408e-07	  204	  7.15773e-08
316	  1.25577	  0.281224	  3.21739e-05	  7.08857e-07	  216	  8.36745e-08
317	  1.25577	  0.343807	  3.21739e-05	  7.04359e-07	  372	  7.17373e-08
318	  1.25577	  0.406302	  3.21739e-05	  8.07429e-07	  312	  8.60831e-08
319	  1.25577	  0.468745	  3.21739e-05	  7.97334e-07	  288	  8.685e-08
320	  1.25577	  0.531226	  3.21739e-05	  1.05468e-06	  264	  1.17645e-07
321	  1.25577	  0.593785	  3.21739e-05	  9.99639e-07	  312	  1.06575e-07
322	  1.25577	  0.656281	  3.21739e-05	  1.07077e-06	  276	  1.17991e-07
323	  1.25577	  0.718743	  3.21739e-05	  1.21763e-06	  312	  1.29816e-07
324	  1.25577	  0.781255	  3.21739e-05	  1.41514e-06	  276	  1.55939e-07
325	  1.25577	  0.843774	  3.21739e-05	  1.45084e-06	  240	  1.66193e-07
326	  1.25577	  0.90628	  3.21739e-05	  1.62957e-06	  324	  1.7201e-07
327	  1.25577	  0.968758	  3.21739e-05	  1.88394e-06	  315	  2.00345e-07
328	  1.45182	  0.030936	  2.29512e-05	  4.53999e-07	  246	  5.16459e-08
329	  1.45182	  0.0938307	  2.29512e-05	  4.10886e-07	  516	  3.86325e-08
330	  1.45182	  0.156319	  2.29512e-05	  4.59841e-07	  504	  4.3475e-08
331	  1.45182	  0.218712	  2.29512e-05	  4.29692e-07	  528	  4.01845e-08
332	  1.45182	  0.281224	  2.29512e-05	  4.6421e-07	  504	  4.38881e-08
333	  1.45182	  0.343807	  2.29512e-05	  5.24952e-07	  384	  5.30365e-08
334	  1.45182	  0.406302	  2.29512e-05	  6.40867e-07	  420	  6.33144e-08
335	  1.45182	  0.468745	  2.29512e-05	  5.63125e-07	  468	  5.41867e-08
336	  1.45182	  0.531226	  2.29512e-05	  6.34899e-07	  480	  6.0724e-08
337	  1.45182	  0.593785	  2.29512e-05	  6.61695e-07	  468	  6.36717e-08
338	  1.45182	  0.656281	  2.29512e-05	  7.10941e-07	  396	  7.12732e-08
339	  1.45182	  0.718743	  2.29512e-05	  7.95171e-07	  456	  7.69959e-08
340	  1.45182	  0.781255	  2.29512e-05	  9.79327e-07	  432	  9.60843e-08
341	  1.45182	  0.843774	  2.29512e-05	  9.80365e-07	  480	  9.37656e-08
342	  1.45182	  0.90628	  2.29512e-05	  1.15113e-06	  480	  1.10098e-07
343	  1.45182	  0.968758	  2.29512e-05	  1.28967e-06	  414	  1.27867e-07
344	  1.68148	  0.030936	  1.6245e-05	  3.10181e-07	  798	  2.64894e-08
345	  1.68148	  0.0938307	  1.6245e-05	  3.46435e-07	  708	  3.03416e-08
346	  1.68148	  0.156319	  1.6245e-05	  3.16337e-07	  684	  2.79123e-08
347	  1.68148	  0.218712	  1.6245e-05	  3.47637e-07	  720	  3.03375e-08
348	  1.68148	  0.281224	  1.6245e-05	  3.55307e-07	  708	  3.11186e-08
349	  1.68148	  0.343807	  1.6245e-05	  3.7745e-07	  720	  3.29393e-08
350	  1.68148	  0.406302	  1.6245e-05	  4.00875e-07	  672	  3.55079e-08
351	  1.68148	  0.468745	  1.6245e-05	  4.62291e-07	  732	  4.02013e-08
352	  1.68148	  0.531226	  1.6245e-05	  4.74873e-07	  672	  4.20623e-08
353	  1.68148	  0.593785	  1.6245e-05	  4.89328e-07	  708	  4.28565e-08
354	  1.68148	  0.656281	  1.6245e-05	  5.08381e-07	  744	  4.40572e-08
355	  1.68148	  0.718743	  1.6245e-05	  6.28995e-07	  744	  5.45098e-08
356	  1.68148	  0.781255	  1.6245e-05	  6.77441e-07	  696	  5.95504e-08
357	  1.68148	  0.843774	  1.6245e-05	  6.8664e-07	  708	  6.01375e-08
358	  1.68148	  0.90628	  1.6245e-05	  7.53096e-07	  696	  6.62009e-08
359	  1.68148	  0.968758	  1.6245e-05	  8.39905e-07	  741	  7.28499e-08
360	  1.94819	  0.030936	  1.14415e-05	  2.27384e-07	  1368	  1.7517e-08
361	  1.94819	  0.0938307	  1.14415e-05	  2.28048e-07	  924	  1.89047e-08
362	  1.94819	  0.156319	  1.14415e-05	  2.4249e-07	  972	  1.99023e-08
363	  1.94819	  0.218712	  1.14415e-05	  2.61788e-07	  972	  2.14862e-08
364	  1.94819	  0.281224	  1.14415e-05	  2.37404e-07	  1200	  1.87235e-08
365	  1.94819	  0.343807	  1.14415e-05	  2.57857e-07	  1140	  2.05299e-08
366	  1.94819	  0.406302	  1.14415e-05	  2.78438e-07	  1080	  2.23945e-08
367	  1.94819	  0.468745	  1.14415e-05	  3.12634e-07	  1068	  2.51982e-08
368	  1.94819	  0.531226	  1.14415e-05	  2.96271e-07	  1164	  2.34974e-08
369	  1.94819	  0.593785	  1.14415e-05	  3.59237e-07	  1188	  2.83844e-08
370	  1.94819	  0.656281	  1.14415e-05	  3.61758e-07	  1068	  2.91575e-08
371	  1.94819	  0.718743	  1.14415e-05	  3.84945e-07	  1008	  3.13719e-08
372	  1.94819	  0.781255	  1.14415e-05	  4.2603e-07	  1164	  3.37887e-08
373	  1.94819	  0.843774	  1.14415e-05	  4.48309e-07	  1176	  3.54884e-08
374	  1.94819	  0.90628	  1.14415e-05	  4.7303e-07	  1080	  3.80453e-08
375	  1.94819	  0.968758	  1.14415e-05	  5.04775e-07	  1038	  4.09063e-08
376	  2.25604	  0.030936	  8.04204e-06	  1.70742e-07	  1896	  1.24583e-08
377	  2.25604	  0.0938307	  8.04204e-06	  1.72454e-07	  1272	  1.34581e-08
378	  2.25604	  0.156319	  8.04204e-06	  1.68751e-07	  2040	  1.21737e-08
379	  2.25604	  0.218712	  8.04204e-06	  1.81447e-07	  1740	  1.34222e-08
380	  2.25604	  0.281224	  8.04204e-06	  1.84095e-07	  1584	  1.38303e-08
381	  2.25604	  0.343807	  8.04204e-06	  1.87035e-07	  1764	  1.38049e-08
382	  2.25604	  0.406302	  8.04204e-06	  1.9735e-07	  1632	  1.47527e-08
383	  2.25604	  0.468745	  8.04204e-06	  2.10003e-07	  1860	  1.53695e-08
384	  2.25604	  0.531226	  8.04204e-06	  2.24814e-07	  1560	  1.69327e-08
385	  2.25604	  0.593785	  8.04204e-06	  2.33718e-07	  1692	  1.73678e-08
386	  2.25604	  0.656281	  8.04204e-06	  2.54006e-07	  1704	  1.88536e-08
387	  2.25604	  0.718743	  8.04204e-06	  2.65142e-07	  1824	  1.94653e-08
388	  2.25604	  0.781255	  8.04204e-06	  2.75311e-07	  1668	  2.05066e-08
389	  2.25604	  0.843774	  8.04204e-06	  2.8981e-07	  1680	  2.15611e-08
390	  2.25604	  0.90628	  8.04204e-06	  3.07644e-07	  1776	  2.26823e-08
391	  2.25604	  0.968758	  8.04204e-06	  3.15037e-07	  1656	  2.34934e-08
392	  2.61216	  0.030936	  5.63734e-06	  1.27238e-07	  2586	  8.86398e-09
393	  2.61216	  0.0938307	  5.63734e-06	  1.22943e-07	  3036	  8.37841e-09
394	  2.61216	  0.156319	  5.63734e-06	  1.31348e-07	  2124	  9.41742e-09
395	  2.61216	  0.218712	  5.63734e-06	  1.24814e-07	  2940	  8.54261e-09
396	  2.61216	  0.281224	  5.63734e-06	  1.30814e-07	  2616	  9.09831e-09
397	  2.61216	  0.343807	  5.63734e-06	  1.39012e-07	  2448	  9.76018e-09
398	  2.61216	  0.406302	  5.63734e-06	  1.44942e-07	  2916	  9.9312e-09
399	  2.61216	  0.468745	  5.63734e-06	  1.47621e-07	  2544	  1.03078e-08
400	  2.61216	  0.531226	  5.63734e-06	  1.55532e-07	  2652	  1.07968e-08
401	  2.61216	  0.593785	  5.63734e-06	  1.60122e-07	  2748	  1.10606e-08
402	  2.61216	  0.656281	  5.63734e-06	  1.69087e-07	  2676	  1.1723e-08
403	  2.61216	  0.718743	  5.63734e-06	  1.70411e-07	  2472	  1.1948e-08
404	  2.61216	  0.781255	  5.63734e-06	  1.78909e-07	  2616	  1.24434e-08
405	  2.61216	  0.843774	  5.63734e-06	  1.81894e-07	  2736	  1.25722e-08
406	  2.61216	  0.90628	  5.63734e-06	  1.87433e-07	  2568	  1.30704e-08
407	  2.61216	  0.968758	  5.63734e-06	  1.89251e-07	  2745	  1.30747e-08
408	  3.02645	  0.030936	  3.93212e-06	  9.67978e-08	  3414	  6.49655e-09
409	  3.02645	  0.0938307	  3.93212e-06	  9.28021e-08	  4512	  6.02168e-09
410	  3.02645	  0.156319	  3.93212e-06	  9.25654e-08	  4632	  5.98835e-09
411	  3.02645	  0.218712	  3.93212e-06	  8.88677e-08	  3972	  5.85345e-09
412	  3.02645	  0.281224	  3.93212e-06	  9.4086e-08	  4176	  6.16025e-09
413	  3.02645	  0.343807	  3.93212e-06	  1.00387e-07	  4344	  6.54248e-09
414	  3.02645	  0.406302	  3.93212e-06	  1.03509e-07	  4044	  6.80316e-09
415	  3.02645	  0.468745	  3.93212e-06	  1.03407e-07	  4092	  6.7869e-09
416	  3.02645	  0.531226	  3.93212e-06	  1.10926e-07	  4296	  7.23872e-09
417	  3.02645	  0.593785	  3.93212e-06	  1.12378e-07	  3996	  7.39663e-09
418	  3.02645	  0.656281	  3.93212e-06	  1.11664e-07	  4188	  7.30867e-09
419	  3.02645	  0.718743	  3.93212e-06	  1.19637e-07	  4212	  7.82524e-09
420	  3.02645	  0.781255	  3.93212e-06	  1.13914e-07	  4140	  7.46615e-09
421	  3.02645	  0.843774	  3.93212e-06	  1.1452e-07	  4128	  7.50844e-09
422	  3.02645	  0.90628	  3.93212e-06	  1.1687e-07	  4188	  7.64944e-09
423	  3.02645	  0.968758	  3.93212e-06	  1.10206e-07	  4128	  7.22561e-09
424	  3.50419	  0.030936	  2.74025e-06	  6.77018e-08	  7002	  4.19417e-09
425	  3.50419	  0.0938307	  2.74025e-06	  6.84846e-08	  6240	  4.29119e-09
426	  3.50419	  0.156319	  2.74025e-06	  6.58773e-08	  5964	  4.1469e-09
427	  3.50419	  0.218712	  2.74025e-06	  6.83491e-08	  6180	  4.28689e-09
428	  3.50419	  0.281224	  2.74025e-06	  6.82856e-08	  6420	  4.26652e-09
429	  3.50419	  0.343807	  2.74025e-06	  7.01143e-08	  6516	  4.3743e-09
430	  3.50419	  0.406302	  2.74025e-06	  7.31331e-08	  6312	  4.57717e-09
431	  3.50419	  0.468745	  2.74025e-06	  7.4318e-08	  6276	  4.65401e-09
432	  3.50419	  0.531226	  2.74025e-06	  7.39416e-08	  6360	  4.62425e-09
433	  3.50419	  0.593785	  2.74025e-06	  7.50216e-08	  6408	  4.68826e-09
434	  3.50419	  0.656281	  2.74025e-06	  7.76622e-08	  6360	  4.85694e-09
435	  3.50419	  0.718743	  2.74025e-06	  7.48122e-08	  6336	  4.68047e-09
436	  3.50419	  0.781255	  2.74025e-06	  7.04362e-08	  6372	  4.40419e-09
437	  3.50419	  0.843774	  2.74025e-06	  7.36609e-08	  6456	  4.5998e-09
438	  3.50419	  0.90628	  2.74025e-06	  6.91699e-08	  6360	  4.32583e-09
439	  3.50419	  0.968758	  2.74025e-06	  6.49288e-08	  6327	  4.06272e-09
440	  4.05763	  0.030936	  1.90421e-06	  4.9859e-08	  10392	  2.98205e-09
441	  4.05763	  0.0938307	  1.90421e-06	  4.85803e-08	  9420	  2.92955e-09
442	  4.05763	  0.156319	  1.90421e-06	  4.93779e-08	  10176	  2.95838e-09
443	  4.05763	  0.218712	  1.90421e-06	  4.89428e-08	  10260	  2.93033e-09
444	  4.05763	  0.281224	  1.90421e-06	  4.76434e-08	  9528	  2.87026e-09
445	  4.05763	  0.343807	  1.90421e-06	  4.84538e-08	  10140	  2.90387e-09
446	  4.05763	  0.406302	  1.90421e-06	  5.06732e-08	  9960	  3.04141e-09
447	  4.05763	  0.468745	  1.90421e-06	  5.02113e-08	  10068	  3.01098e-09
448	  4.05763	  0.531226	  1.90421e-06	  5.07863e-08	  9996	  3.04728e-09
449	  4.05763	  0.593785	  1.90421e-06	  4.82857e-08	  9828	  2.90135e-09
450	  4.05763	  0.656281	  1.90421e-06	  4.68032e-08	  10032	  2.80745e-09
451	  4.05763	  0.718743	  1.90421e-06	  4.62691e-08	  9924	  2.77792e-09
452	  4.05763	  0.781255	  1.90421e-06	  4.37195e-08	  10116	  2.62065e-09
453	  4.05763	  0.843774	  1.90421e-06	  4.24925e-08	  9888	  2.55195e-09
454	  4.05763	  0.90628	  1.90421e-06	  4.02183e-08	  10008	  2.41294e-09
455	  4.05763	  0.968758	  1.90421e-06	  3.57509e-08	  9978	  2.14545e-09
456	  4.69917	  0.030936	  1.3189e-06	  3.59963e-08	  13626	  2.10819e-09
457	  4.69917	  0.0938307	  1.3189e-06	  3.62028e-08	  16392	  2.0929e-09
458	  4.69917	  0.156319	  1.3189e-06	  3.53401e-08	  15708	  2.04898e-09
459	  4.69917	  0.218712	  1.3189e-06	  3.46666e-08	  15432	  2.01239e-09
460	  4.69917	  0.281224	  1.3189e-06	  3.39173e-08	  15780	  1.96586e-09
461	  4.69917	  0.343807	  1.3189e-06	  3.38804e-08	  15300	  1.96793e-09
462	  4.69917	  0.406302	  1.3189e-06	  3.31751e-08	  15588	  1.92447e-09
463	  4.69917	  0.468745	  1.3189e-06	  3.32802e-08	  15396	  1.93223e-09
464	  4.69917	  0.531226	  1.3189e-06	  3.23688e-08	  15504	  1.8784e-09
465	  4.69917	  0.593785	  1.3189e-06	  3.10341e-08	  15660	  1.7997e-09
466	  4.69917	  0.656281	  1.3189e-06	  2.90989e-08	  15192	  1.69103e-09
467	  4.69917	  0.718743	  1.3189e-06	  2.78984e-08	  15600	  1.61828e-09
468	  4.69917	  0.781255	  1.3189e-06	  2.60864e-08	  15216	  1.5158e-09
469	  4.69917	  0.843774	  1.3189e-06	  2.41446e-08	  15516	  1.40106e-09
470	  4.69917	  0.90628	  1.3189e-06	  2.20544e-08	  15540	  1.27964e-09
471	  4.69917	  0.968758	  1.3189e-06	  1.97938e-08	  15405	  1.14917e-09
472	  5.4432	  0.030936	  9.11188e-07	  2.65158e-08	  26250	  1.48945e-09
473	  5.4432	  0.0938307	  9.11188e-07	  2.59471e-08	  22392	  1.47075e-09
474	  5.4432	  0.156319	  9.11188e-07	  2.50609e-08	  24516	  1.4131e-09
475	  5.4432	  0.218712	  9.11188e-07	  2.46163e-08	  23592	  1.39108e-09
476	  5.4432	  0.281224	  9.11188e-07	  2.38128e-08	  24264	  1.34351e-09
477	  5.4432	  0.343807	  9.11188e-07	  2.32183e-08	  23928	  1.31101e-09
478	  5.4432	  0.406302	  9.11188e-07	  2.23002e-08	  24120	  1.2586e-09
479	  5.4432	  0.468745	  9.11188e-07	  2.11305e-08	  23964	  1.19303e-09
480	  5.4432	  0.531226	  9.11188e-07	  2.0313e-08	  24060	  1.14661e-09
481	  5.4432	  0.593785	  9.11188e-07	  1.89538e-08	  24108	  1.06976e-09
482	  5.4432	  0.656281	  9.11188e-07	  1.75025e-08	  24228	  9.87568e-10
483	  5.4432	  0.718743	  9.11188e-07	  1.60772e-08	  24144	  9.07329e-10
484	  5.4432	  0.781255	  9.11188e-07	  1.45845e-08	  23940	  8.23487e-10
485	  5.4432	  0.843774	  9.11188e-07	  1.29085e-08	  24192	  7.28417e-10
486	  5.4432	  0.90628	  9.11188e-07	  1.17154e-08	  23988	  6.61414e-10
487	  5.4432	  0.968758	  9.11188e-07	  1.02198e-08	  24141	  5.76765e-10
488	  6.30378	  0.030936	  6.28467e-07	  1.90492e-08	  35082	  1.05416e-09
489	  6.30378	  0.0938307	  6.28467e-07	  1.8544e-08	  39108	  1.02097e-09
490	  6.30378	  0.156319	  6.28467e-07	  1.79328e-08	  36924	  9.89964e-10
491	  6.30378	  0.218712	  6.28467e-07	  1.72862e-08	  37692	  9.53346e-10
492	  6.30378	  0.281224	  6.28467e-07	  1.61498e-08	  37092	  8.91347e-10
493	  6.30378	  0.343807	  6.28467e-07	  1.5613e-08	  37536	  8.61237e-10
494	  6.30378	  0.406302	  6.28467e-07	  1.43816e-08	  36984	  7.93863e-10
495	  6.30378	  0.468745	  6.28467e-07	  1.34577e-08	  37428	  7.42445e-10
496	  6.30378	  0.531226	  6.28467e-07	  1.22023e-08	  37392	  6.73216e-10
497	  6.30378	  0.593785	  6.28467e-07	  1.10742e-08	  37200	  6.11129e-10
498	  6.30378	  0.656281	  6.28467e-07	  9.95362e-09	  36924	  5.4948e-10
499	  6.30378	  0.718743	  6.28467e-07	  8.79145e-09	  37272	  4.8511e-10
500	  6.30378	  0.781255	  6.28467e-07	  7.69626e-09	  37284	  4.24671e-10
501	  6.30378	  0.843774	  6.28467e-07	  6.64196e-09	  37188	  3.66541e-10
502	  6.30378	  0.90628	  6.28467e-07	  5.84139e-09	  37320	  3.22307e-10
503	  6.30378	  0.968758	  6.28467e-07	  4.89432e-09	  37119	  2.7012e-10
504	  7.30029	  0.030936	  4.32392e-07	  1.35666e-08	  60258	  7.33596e-10
505	  7.30029	  0.0938307	  4.32392e-07	  1.31694e-08	  56916	  7.13671e-10
506	  7.30029	  0.156319	  4.32392e-07	  1.25107e-08	  56820	  6.7802e-10
507	  7.30029	  0.218712	  4.32392e-07	  1.17877e-08	  58716	  6.38034e-10
508	  7.30029	  0.281224	  4.32392e-07	  1.08392e-08	  57840	  5.87029e-10
509	  7.30029	  0.343807	  4.32392e-07	  9.90717e-09	  57612	  5.36634e-10
510	  7.30029	  0.406302	  4.32392e-07	  9.04502e-09	  58464	  4.89659e-10
511	  7.30029	  0.468745	  4.32392e-07	  8.10967e-09	  57948	  4.39172e-10
512	  7.30029	  0.531226	  4.32392e-07	  7.14375e-09	  57708	  3.86925e-10
513	  7.30029	  0.593785	  4.32392e-07	  6.16796e-09	  58236	  3.33957e-10
514	  7.30029	  0.656281	  4.32392e-07	  5.29307e-09	  58008	  2.8663e-10
515	  7.30029	  0.718743	  4.32392e-07	  4.52052e-09	  58200	  2.44764e-10
516	  7.30029	  0.781255	  4.32392e-07	  3.79088e-09	  58128	  2.05268e-10
517	  7.30029	  0.843774	  4.32392e-07	  3.21557e-09	  57972	  1.74133e-10
518	  7.30029	  0.90628	  4.32392e-07	  2.66654e-09	  57960	  1.44403e-10
519	  7.30029	  0.968758	  4.32392e-07	  2.24714e-09	  58122	  1.21678e-10
520	  8.455	  0.030936	  2.96967e-07	  9.58437e-09	  90198	  5.11131e-10
521	  8.455	  0.0938307	  2.96967e-07	  9.32846e-09	  89292	  4.97641e-10
522	  8.455	  0.156319	  2.96967e-07	  8.74612e-09	  90804	  4.6633e-10
523	  8.455	  0.218712	  2.96967e-07	  7.90602e-09	  89628	  4.21709e-10
524	  8.455	  0.281224	  2.96967e-07	  7.0531e-09	  89844	  3.76186e-10
525	  8.455	  0.343807	  2.96967e-07	  6.26265e-09	  90636	  3.33935e-10
526	  8.455	  0.406302	  2.96967e-07	  5.39407e-09	  89628	  2.87721e-10
527	  8.455	  0.468745	  2.96967e-07	  4.59239e-09	  89772	  2.44947e-10
528	  8.455	  0.531226	  2.96967e-07	  3.8648e-09	  90324	  2.061e-10
529	  8.455	  0.593785	  2.96967e-07	  3.19502e-09	  89784	  1.70414e-10
530	  8.455	  0.656281	  2.96967e-07	  2.63274e-09	  90216	  1.40402e-10
531	  8.455	  0.718743	  2.96967e-07	  2.16984e-09	  89796	  1.15733e-10
532	  8.455	  0.781255	  2.96967e-07	  1.75784e-09	  90120	  9.37475e-11
533	  8.455	  0.843774	  2.96967e-07	  1.42869e-09	  90132	  7.61932e-11
534	  8.455	  0.90628	  2.96967e-07	  1.18233e-09	  89916	  6.30596e-11
535	  8.455	  0.968758	  2.96967e-07	  1.01485e-09	  89964	  5.4126e-11
536	  9.79129	  0.030936	  2.03548e-07	  6.8472e-09	  139068	  3.60721e-10
537	  9.79129	  0.0938307	  2.03548e-07	  6.54147e-09	  141180	  3.44483e-10
538	  9.79129	  0.156319	  2.03548e-07	  6.02056e-09	  139380	  3.17154e-10
539	  9.79129	  0.218712	  2.03548e-07	  5.28891e-09	  138804	  2.78641e-10
540	  9.79129	  0.281224	  2.03548e-07	  4.50401e-09	  140952	  2.37197e-10
541	  9.79129	  0.343807	  2.03548e-07	  3.76122e-09	  139668	  1.98125e-10
542	  9.79129	  0.406302	  2.03548e-07	  3.07185e-09	  139464	  1.61818e-10
543	  9.79129	  0.468745	  2.03548e-07	  2.48818e-09	  139812	  1.31063e-10
544	  9.79129	  0.531226	  2.03548e-07	  1.98617e-09	  139884	  1.04619e-10
545	  9.79129	  0.593785	  2.03548e-07	  1.57727e-09	  140184	  8.30764e-11
546	  9.79129	  0.656281	  2.03548e-07	  1.24892e-09	  139404	  6.57912e-11
547	  9.79129	  0.718743	  2.03548e-07	  9.92117e-10	  139932	  5.2258e-11
548	  9.79129	  0.781255	  2.03548e-07	  7.84296e-10	  139980	  4.13111e-11
549	  9.79129	  0.843774	  2.03548e-07	  6.22443e-10	  139632	  3.27879e-11
550	  9.79129	  0.90628	  2.03548e-07	  5.10014e-10	  140088	  2.68633e-11
551	  9.79129	  0.968758	  2.03548e-07	  4.42668e-10	  139623	  2.33181e-11
