#n	   k	      mu	    PL	    Pf	     w	     err  
0	  0.10472	  1	  0.00379853	  0.00037167	  3	  0.000233167
1	  0.20944	  1	  0.00134928	  0.000104886	  3	  6.58e-05
2	  0.314159	  1	  0.000632002	  9.92651e-05	  3	  6.2274e-05
3	  0.418879	  1	  0.000354209	  1.87728e-05	  3	  1.17771e-05
4	  0.523599	  1	  0.00022393	  5.61751e-06	  3	  3.52415e-06
5	  0.628319	  1	  0.000151731	  2.6652e-05	  3	  1.67201e-05
6	  0.733038	  1	  0.000108477	  1.22813e-05	  3	  7.70469e-06
7	  0.837758	  1	  8.07459e-05	  1.05521e-05	  3	  6.61988e-06
8	  0.942478	  1	  6.20055e-05	  1.6017e-06	  3	  1.00483e-06
9	  0.10472	  0	  0.00379853	  6.05932e-05	  6	  2.77667e-05
10	  0.148096	  0.707107	  0.00241558	  8.80801e-05	  12	  2.98305e-05
11	  0.23416	  0.894427	  0.00106881	  0.000107987	  12	  3.65726e-05
12	  0.331153	  0.948683	  0.000572332	  4.3626e-05	  12	  1.4775e-05
13	  0.431771	  0.970143	  0.00033334	  2.36735e-05	  12	  8.01763e-06
14	  0.533968	  0.980581	  0.000214781	  1.55533e-05	  12	  5.26753e-06
15	  0.636985	  0.986394	  0.000147282	  9.50518e-06	  12	  3.21917e-06
16	  0.74048	  0.989949	  0.00010613	  1.22623e-05	  12	  4.15294e-06
17	  0.844278	  0.992278	  7.93415e-05	  5.99078e-06	  12	  2.02893e-06
18	  0.948278	  0.993884	  6.11422e-05	  5.71745e-06	  12	  1.93636e-06
19	  0.148096	  0	  0.00241558	  3.20064e-05	  6	  1.46669e-05
20	  0.18138	  0.57735	  0.0017137	  4.50098e-05	  12	  1.52437e-05
21	  0.25651	  0.816497	  0.000940668	  5.13348e-05	  12	  1.73858e-05
22	  0.347316	  0.904534	  0.000515517	  3.02697e-05	  12	  1.02516e-05
23	  0.444288	  0.942809	  0.00031512	  2.00792e-05	  12	  6.80031e-06
24	  0.54414	  0.96225	  0.000206254	  1.70296e-05	  12	  5.76749e-06
25	  0.645536	  0.973329	  0.000143139	  1.04631e-05	  12	  3.5436e-06
26	  0.747849	  0.980196	  0.00010381	  6.74475e-06	  12	  2.28428e-06
27	  0.850747	  0.984732	  7.80228e-05	  7.62295e-06	  12	  2.5817e-06
28	  0.954042	  0.987878	  6.03124e-05	  5.53776e-06	  12	  1.8755e-06
29	  0.20944	  0	  0.00134928	  1.99265e-05	  6	  9.13127e-06
30	  0.23416	  0.447214	  0.00106881	  3.35221e-05	  12	  1.13531e-05
31	  0.296192	  0.707107	  0.000695986	  4.07379e-05	  12	  1.37969e-05
32	  0.377572	  0.83205	  0.000438644	  2.75385e-05	  12	  9.3266e-06
33	  0.468321	  0.894427	  0.00028273	  2.20477e-05	  12	  7.467e-06
34	  0.563933	  0.928477	  0.000191181	  8.54477e-06	  12	  2.8939e-06
35	  0.662306	  0.948683	  0.000135378	  8.45074e-06	  12	  2.86206e-06
36	  0.762371	  0.961524	  9.95093e-05	  8.72853e-06	  12	  2.95614e-06
37	  0.863541	  0.970143	  7.54539e-05	  2.34733e-06	  12	  7.94982e-07
38	  0.965468	  0.976187	  5.87146e-05	  3.78579e-06	  12	  1.28215e-06
39	  0.23416	  0	  0.00106881	  2.04377e-05	  12	  6.92173e-06
40	  0.25651	  0.408248	  0.000940668	  2.00991e-05	  24	  5.10767e-06
41	  0.314159	  0.666667	  0.000632002	  2.8066e-05	  24	  7.13224e-06
42	  0.391825	  0.801784	  0.000408396	  2.06379e-05	  24	  5.24458e-06
43	  0.479886	  0.872872	  0.000268343	  2.38452e-05	  24	  6.05964e-06
44	  0.573574	  0.912871	  0.000184519	  1.0737e-05	  24	  2.72852e-06
45	  0.670534	  0.937043	  0.000131833	  7.06346e-06	  24	  1.795e-06
46	  0.76953	  0.952579	  9.75033e-05	  6.84765e-06	  24	  1.74015e-06
47	  0.869868	  0.963087	  7.4243e-05	  5.50696e-06	  24	  1.39945e-06
48	  0.971131	  0.970495	  5.79317e-05	  4.5191e-06	  24	  1.14841e-06
49	  0.296192	  0	  0.000695986	  1.17039e-05	  6	  5.36327e-06
50	  0.314159	  0.333333	  0.000632002	  1.51305e-05	  12	  5.12431e-06
51	  0.36276	  0.57735	  0.000471853	  1.30528e-05	  12	  4.42067e-06
52	  0.431771	  0.727607	  0.00033334	  1.69595e-05	  12	  5.74375e-06
53	  0.51302	  0.816497	  0.000233677	  1.46794e-05	  12	  4.97153e-06
54	  0.601569	  0.870388	  0.000166611	  1.14167e-05	  12	  3.86654e-06
55	  0.694632	  0.904534	  0.000122073	  1.13337e-05	  12	  3.83846e-06
56	  0.790617	  0.927173	  9.18345e-05	  6.16918e-06	  12	  2.08935e-06
57	  0.888577	  0.942809	  7.0786e-05	  4.8367e-06	  12	  1.63807e-06
58	  0.987924	  0.953998	  5.57298e-05	  2.27146e-06	  12	  7.69286e-07
59	  0.314159	  0	  0.000632002	  1.54212e-05	  6	  7.06674e-06
60	  0.331153	  0.316228	  0.000572332	  1.21712e-05	  12	  4.12207e-06
61	  0.377572	  0.5547	  0.000438644	  1.76769e-05	  12	  5.98672e-06
62	  0.444288	  0.707107	  0.00031512	  9.44243e-06	  12	  3.19792e-06
63	  0.523599	  0.8	  0.00022393	  1.4321e-05	  12	  4.85015e-06
64	  0.610616	  0.857493	  0.000161348	  5.96262e-06	  12	  2.01939e-06
65	  0.702481	  0.894427	  0.000119103	  7.13958e-06	  12	  2.418e-06
66	  0.797522	  0.919145	  9.00783e-05	  6.15725e-06	  12	  2.08531e-06
67	  0.894726	  0.936329	  6.96796e-05	  3.14742e-06	  12	  1.06595e-06
68	  0.993459	  0.948683	  5.50341e-05	  3.82085e-06	  12	  1.29403e-06
69	  0.331153	  0	  0.000572332	  9.4539e-06	  12	  3.2018e-06
70	  0.347316	  0.301511	  0.000515517	  8.88892e-06	  24	  2.25889e-06
71	  0.391825	  0.534522	  0.000408396	  9.48114e-06	  24	  2.40939e-06
72	  0.456463	  0.688247	  0.000298414	  1.72467e-05	  24	  4.38279e-06
73	  0.533968	  0.784465	  0.000214781	  9.23547e-06	  24	  2.34696e-06
74	  0.61953	  0.845154	  0.000156415	  6.64762e-06	  24	  1.68932e-06
75	  0.710244	  0.884652	  0.000116293	  1.05215e-05	  24	  2.67376e-06
76	  0.804368	  0.911322	  8.83936e-05	  5.54733e-06	  24	  1.40971e-06
77	  0.900833	  0.929981	  6.86392e-05	  4.40018e-06	  24	  1.11819e-06
78	  0.998963	  0.943456	  5.43564e-05	  2.86295e-06	  24	  7.27545e-07
79	  0.377572	  0	  0.000438644	  7.94404e-06	  12	  2.69045e-06
80	  0.391825	  0.267261	  0.000408396	  6.09576e-06	  24	  1.54908e-06
81	  0.431771	  0.485071	  0.00033334	  1.06258e-05	  24	  2.70028e-06
82	  0.491179	  0.639602	  0.000255503	  7.65639e-06	  24	  1.94567e-06
83	  0.563933	  0.742781	  0.000191181	  1.01899e-05	  24	  2.58949e-06
84	  0.645536	  0.811107	  0.000143139	  8.33904e-06	  24	  2.11915e-06
85	  0.733038	  0.857143	  0.000108477	  7.21816e-06	  24	  1.83431e-06
86	  0.824564	  0.889001	  8.36412e-05	  3.36175e-06	  24	  8.54303e-07
87	  0.918912	  0.911685	  6.56405e-05	  4.84013e-06	  24	  1.22999e-06
88	  0.418879	  0	  0.000354209	  1.83787e-06	  6	  8.42199e-07
89	  0.431771	  0.242536	  0.00033334	  4.54547e-06	  12	  1.53944e-06
90	  0.468321	  0.447214	  0.00028273	  8.21555e-06	  12	  2.7824e-06
91	  0.523599	  0.6	  0.00022393	  7.74999e-06	  12	  2.62473e-06
92	  0.592384	  0.707107	  0.000172252	  3.79462e-06	  12	  1.28514e-06
93	  0.670534	  0.780869	  0.000131833	  8.1302e-06	  12	  2.7535e-06
94	  0.755145	  0.83205	  0.000101648	  4.79594e-06	  12	  1.62426e-06
95	  0.844278	  0.868243	  7.93415e-05	  4.62873e-06	  12	  1.56763e-06
96	  0.936642	  0.894427	  6.28741e-05	  2.35242e-06	  12	  7.96705e-07
97	  0.431771	  0	  0.00033334	  4.32345e-06	  12	  1.46424e-06
98	  0.444288	  0.235702	  0.00031512	  2.77931e-06	  24	  7.06289e-07
99	  0.479886	  0.436436	  0.000268343	  9.28838e-06	  24	  2.3604e-06
100	  0.533968	  0.588348	  0.000214781	  4.99842e-06	  24	  1.27022e-06
101	  0.601569	  0.696311	  0.000166611	  4.80626e-06	  24	  1.22139e-06
102	  0.678662	  0.771517	  0.000128405	  4.37715e-06	  24	  1.11234e-06
103	  0.762371	  0.824163	  9.95093e-05	  6.43848e-06	  24	  1.63617e-06
104	  0.850747	  0.86164	  7.80228e-05	  5.48341e-06	  24	  1.39347e-06
105	  0.942478	  0.888889	  6.20055e-05	  4.50216e-06	  24	  1.14411e-06
106	  0.444288	  0	  0.00031512	  3.94504e-06	  6	  1.80781e-06
107	  0.456463	  0.229416	  0.000298414	  7.1614e-06	  12	  2.42539e-06
108	  0.491179	  0.426401	  0.000255503	  6.16876e-06	  12	  2.0892e-06
109	  0.54414	  0.57735	  0.000206254	  2.21237e-06	  12	  7.49273e-07
110	  0.610616	  0.685994	  0.000161348	  7.96772e-06	  12	  2.69847e-06
111	  0.686693	  0.762493	  0.00012517	  5.08695e-06	  12	  1.72282e-06
112	  0.76953	  0.816497	  9.75033e-05	  4.61938e-06	  12	  1.56447e-06
113	  0.857168	  0.855186	  7.6714e-05	  2.71146e-06	  12	  9.18304e-07
114	  0.948278	  0.883452	  6.11422e-05	  2.07685e-06	  12	  7.03379e-07
115	  0.468321	  0	  0.00028273	  4.9717e-06	  12	  1.68379e-06
116	  0.479886	  0.218218	  0.000268343	  7.03801e-06	  24	  1.78853e-06
117	  0.51302	  0.408248	  0.000233677	  7.18311e-06	  24	  1.8254e-06
118	  0.563933	  0.557086	  0.000191181	  6.88295e-06	  24	  1.74912e-06
119	  0.628319	  0.666667	  0.000151731	  5.19091e-06	  24	  1.31914e-06
120	  0.702481	  0.745356	  0.000119103	  5.83698e-06	  24	  1.48332e-06
121	  0.783651	  0.801784	  9.36575e-05	  5.02571e-06	  24	  1.27715e-06
122	  0.869868	  0.842701	  7.4243e-05	  3.35313e-06	  24	  8.52112e-07
123	  0.959772	  0.872872	  5.95111e-05	  3.16808e-06	  24	  8.05087e-07
124	  0.523599	  0	  0.00022393	  3.48439e-06	  18	  9.95498e-07
125	  0.533968	  0.196116	  0.000214781	  3.24613e-06	  36	  7.03328e-07
126	  0.563933	  0.371391	  0.000191181	  3.2736e-06	  36	  7.09279e-07
127	  0.610616	  0.514496	  0.000161348	  3.94285e-06	  36	  8.54285e-07
128	  0.670534	  0.624695	  0.000131833	  4.11834e-06	  36	  8.92307e-07
129	  0.74048	  0.707107	  0.00010613	  4.49885e-06	  36	  9.7475e-07
130	  0.817887	  0.768221	  8.51823e-05	  3.85832e-06	  36	  8.3597e-07
131	  0.900833	  0.813733	  6.86392e-05	  3.31294e-06	  36	  7.17804e-07
132	  0.987924	  0.847998	  5.57298e-05	  2.92133e-06	  36	  6.32955e-07
133	  0.533968	  0	  0.000214781	  3.18941e-06	  12	  1.08018e-06
134	  0.54414	  0.19245	  0.000206254	  4.85876e-06	  24	  1.23473e-06
135	  0.573574	  0.365148	  0.000184519	  3.34014e-06	  24	  8.4881e-07
136	  0.61953	  0.507093	  0.000156415	  4.34901e-06	  24	  1.10519e-06
137	  0.678662	  0.617213	  0.000128405	  4.21542e-06	  24	  1.07124e-06
138	  0.747849	  0.70014	  0.00010381	  3.9746e-06	  24	  1.01004e-06
139	  0.824564	  0.762001	  8.36412e-05	  1.65255e-06	  24	  4.19953e-07
140	  0.9069	  0.80829	  6.76145e-05	  3.70422e-06	  24	  9.41332e-07
141	  0.993459	  0.843274	  5.50341e-05	  2.75854e-06	  24	  7.01012e-07
142	  0.563933	  0	  0.000191181	  1.36375e-06	  12	  4.61868e-07
143	  0.573574	  0.182574	  0.000184519	  2.71742e-06	  24	  6.90562e-07
144	  0.601569	  0.348155	  0.000166611	  3.60843e-06	  24	  9.16988e-07
145	  0.645536	  0.486664	  0.000143139	  4.22204e-06	  24	  1.07292e-06
146	  0.702481	  0.596285	  0.000119103	  4.3619e-06	  24	  1.10846e-06
147	  0.76953	  0.680414	  9.75033e-05	  2.53204e-06	  24	  6.43452e-07
148	  0.844278	  0.744208	  7.93415e-05	  4.02298e-06	  24	  1.02234e-06
149	  0.92486	  0.792594	  6.46977e-05	  3.16589e-06	  24	  8.0453e-07
150	  0.592384	  0	  0.000172252	  9.65887e-07	  6	  4.42616e-07
151	  0.601569	  0.174078	  0.000166611	  1.9975e-06	  12	  6.76504e-07
152	  0.628319	  0.333333	  0.000151731	  2.81467e-06	  12	  9.53258e-07
153	  0.670534	  0.468521	  0.000131833	  2.45502e-06	  12	  8.31456e-07
154	  0.72552	  0.57735	  0.000110996	  4.80393e-06	  12	  1.62697e-06
155	  0.790617	  0.662266	  9.18345e-05	  3.49893e-06	  12	  1.185e-06
156	  0.863541	  0.727607	  7.54539e-05	  2.93965e-06	  12	  9.95588e-07
157	  0.942478	  0.777778	  6.20055e-05	  2.22544e-06	  12	  7.537e-07
158	  0.610616	  0	  0.000161348	  2.03265e-06	  12	  6.88408e-07
159	  0.61953	  0.169031	  0.000156415	  2.49713e-06	  24	  6.34582e-07
160	  0.645536	  0.324443	  0.000143139	  2.97432e-06	  24	  7.55846e-07
161	  0.686693	  0.457496	  0.00012517	  3.29109e-06	  24	  8.36345e-07
162	  0.74048	  0.565685	  0.00010613	  2.85393e-06	  24	  7.25252e-07
163	  0.804368	  0.650945	  8.83936e-05	  3.82366e-06	  24	  9.71685e-07
164	  0.876148	  0.717137	  7.30409e-05	  3.26294e-06	  24	  8.29191e-07
165	  0.954042	  0.76835	  6.03124e-05	  2.63131e-06	  24	  6.6868e-07
166	  0.628319	  0	  0.000151731	  7.02194e-06	  6	  3.21779e-06
167	  0.636985	  0.164399	  0.000147282	  3.45378e-06	  12	  1.16971e-06
168	  0.662306	  0.316228	  0.000135378	  2.23765e-06	  12	  7.57835e-07
169	  0.702481	  0.447214	  0.000119103	  1.28858e-06	  12	  4.36411e-07
170	  0.755145	  0.5547	  0.000101648	  1.76019e-06	  12	  5.96132e-07
171	  0.817887	  0.640184	  8.51823e-05	  2.21884e-06	  12	  7.51468e-07
172	  0.888577	  0.707107	  7.0786e-05	  2.4421e-06	  12	  8.27079e-07
173	  0.965468	  0.759257	  5.87146e-05	  2.86096e-06	  12	  9.68937e-07
174	  0.636985	  0	  0.000147282	  3.34462e-06	  12	  1.13274e-06
175	  0.645536	  0.162221	  0.000143139	  1.84386e-06	  24	  4.6857e-07
176	  0.670534	  0.312348	  0.000131833	  2.09011e-06	  24	  5.31149e-07
177	  0.710244	  0.442326	  0.000116293	  2.85259e-06	  24	  7.24911e-07
178	  0.762371	  0.549442	  9.95093e-05	  3.60781e-06	  24	  9.16832e-07
179	  0.824564	  0.635001	  8.36412e-05	  1.81109e-06	  24	  4.60242e-07
180	  0.894726	  0.702247	  6.96796e-05	  1.89723e-06	  24	  4.82131e-07
181	  0.971131	  0.754829	  5.79317e-05	  2.32032e-06	  24	  5.89649e-07
182	  0.662306	  0	  0.000135378	  2.05406e-06	  12	  6.95659e-07
183	  0.670534	  0.156174	  0.000131833	  1.91475e-06	  24	  4.86585e-07
184	  0.694632	  0.301511	  0.000122073	  2.11748e-06	  24	  5.38104e-07
185	  0.733038	  0.428571	  0.000108477	  2.77622e-06	  24	  7.05504e-07
186	  0.783651	  0.534522	  9.36575e-05	  2.31509e-06	  24	  5.8832e-07
187	  0.844278	  0.620174	  7.93415e-05	  2.30117e-06	  24	  5.84784e-07
188	  0.912926	  0.688247	  6.65967e-05	  1.68121e-06	  24	  4.27236e-07
189	  0.987924	  0.741999	  5.57298e-05	  1.94013e-06	  24	  4.93034e-07
190	  0.670534	  0	  0.000131833	  2.43984e-06	  12	  8.26312e-07
191	  0.678662	  0.154303	  0.000128405	  1.65531e-06	  24	  4.20653e-07
192	  0.702481	  0.298142	  0.000119103	  2.66207e-06	  24	  6.76497e-07
193	  0.74048	  0.424264	  0.00010613	  2.11179e-06	  24	  5.36658e-07
194	  0.790617	  0.529813	  9.18345e-05	  2.31341e-06	  24	  5.87892e-07
195	  0.850747	  0.615457	  7.80228e-05	  1.69464e-06	  24	  4.30649e-07
196	  0.918912	  0.683763	  6.56405e-05	  2.5383e-06	  24	  6.45042e-07
197	  0.993459	  0.737865	  5.50341e-05	  2.16726e-06	  24	  5.50752e-07
198	  0.702481	  0	  0.000119103	  1.06188e-06	  12	  3.59631e-07
199	  0.710244	  0.147442	  0.000116293	  2.10126e-06	  24	  5.3398e-07
200	  0.733038	  0.285714	  0.000108477	  2.70397e-06	  24	  6.87144e-07
201	  0.76953	  0.408248	  9.75033e-05	  2.25528e-06	  24	  5.73121e-07
202	  0.817887	  0.512148	  8.51823e-05	  3.21131e-06	  24	  8.1607e-07
203	  0.876148	  0.597614	  7.30409e-05	  2.65099e-06	  24	  6.73681e-07
204	  0.942478	  0.666667	  6.20055e-05	  2.21549e-06	  24	  5.63011e-07
205	  0.733038	  0	  0.000108477	  1.63709e-06	  6	  7.50194e-07
206	  0.74048	  0.141421	  0.00010613	  1.64516e-06	  12	  5.57173e-07
207	  0.762371	  0.274721	  9.95093e-05	  1.44013e-06	  12	  4.87737e-07
208	  0.797522	  0.393919	  9.00783e-05	  1.96837e-06	  12	  6.6664e-07
209	  0.844278	  0.496139	  7.93415e-05	  2.39199e-06	  12	  8.10107e-07
210	  0.900833	  0.581238	  6.86392e-05	  2.56004e-06	  12	  8.67023e-07
211	  0.965468	  0.650791	  5.87146e-05	  2.08841e-06	  12	  7.07293e-07
212	  0.74048	  0	  0.00010613	  1.72591e-06	  18	  4.93095e-07
213	  0.747849	  0.140028	  0.00010381	  2.26153e-06	  36	  4.89998e-07
214	  0.76953	  0.272166	  9.75033e-05	  1.7742e-06	  36	  3.84409e-07
215	  0.804368	  0.390567	  8.83936e-05	  2.57775e-06	  36	  5.58513e-07
216	  0.850747	  0.492366	  7.80228e-05	  1.64223e-06	  36	  3.55816e-07
217	  0.9069	  0.57735	  6.76145e-05	  1.67051e-06	  36	  3.61944e-07
218	  0.971131	  0.646997	  5.79317e-05	  2.70893e-06	  36	  5.86934e-07
219	  0.755145	  0	  0.000101648	  1.11286e-06	  12	  3.76898e-07
220	  0.762371	  0.137361	  9.95093e-05	  2.18058e-06	  24	  5.54139e-07
221	  0.783651	  0.267261	  9.36575e-05	  1.88331e-06	  24	  4.78594e-07
222	  0.817887	  0.384111	  8.51823e-05	  2.10154e-06	  24	  5.34052e-07
223	  0.863541	  0.485071	  7.54539e-05	  1.15431e-06	  24	  2.93337e-07
224	  0.918912	  0.569803	  6.56405e-05	  1.8983e-06	  24	  4.82404e-07
225	  0.982358	  0.639602	  5.64596e-05	  1.5012e-06	  24	  3.81492e-07
226	  0.762371	  0	  9.95093e-05	  9.57783e-07	  12	  3.24377e-07
227	  0.76953	  0.136083	  9.75033e-05	  2.15493e-06	  24	  5.4762e-07
228	  0.790617	  0.264906	  9.18345e-05	  1.49758e-06	  24	  3.80572e-07
229	  0.824564	  0.381	  8.36412e-05	  1.52455e-06	  24	  3.87426e-07
230	  0.869868	  0.481543	  7.4243e-05	  1.11997e-06	  24	  2.84611e-07
231	  0.92486	  0.566139	  6.46977e-05	  2.13595e-06	  24	  5.42796e-07
232	  0.987924	  0.635999	  5.57298e-05	  1.58456e-06	  24	  4.02674e-07
233	  0.797522	  0	  9.00783e-05	  1.67034e-06	  12	  5.65703e-07
234	  0.804368	  0.130189	  8.83936e-05	  2.07703e-06	  24	  5.27825e-07
235	  0.824564	  0.254	  8.36412e-05	  1.32704e-06	  24	  3.37234e-07
236	  0.857168	  0.366508	  7.6714e-05	  1.61291e-06	  24	  4.09878e-07
237	  0.900833	  0.464991	  6.86392e-05	  1.54964e-06	  24	  3.93801e-07
238	  0.954042	  0.548821	  6.03124e-05	  1.79976e-06	  24	  4.57361e-07
239	  0.817887	  0	  8.51823e-05	  1.23444e-06	  12	  4.18076e-07
240	  0.824564	  0.127	  8.36412e-05	  1.17273e-06	  24	  2.98019e-07
241	  0.844278	  0.248069	  7.93415e-05	  1.4031e-06	  24	  3.56561e-07
242	  0.876148	  0.358569	  7.30409e-05	  1.75281e-06	  24	  4.45432e-07
243	  0.918912	  0.455842	  6.56405e-05	  1.64301e-06	  24	  4.17529e-07
244	  0.971131	  0.539164	  5.79317e-05	  1.9356e-06	  24	  4.91883e-07
245	  0.837758	  0	  8.07459e-05	  1.54693e-06	  6	  7.0888e-07
246	  0.844278	  0.124035	  7.93415e-05	  2.04357e-06	  12	  6.92108e-07
247	  0.863541	  0.242536	  7.54539e-05	  6.38415e-07	  12	  2.16215e-07
248	  0.894726	  0.351123	  6.96796e-05	  1.29208e-06	  12	  4.37595e-07
249	  0.936642	  0.447214	  6.28741e-05	  1.32724e-06	  12	  4.49502e-07
250	  0.987924	  0.529999	  5.57298e-05	  2.20213e-06	  12	  7.45807e-07
251	  0.844278	  0	  7.93415e-05	  1.78029e-06	  24	  4.52415e-07
252	  0.850747	  0.123091	  7.80228e-05	  1.51558e-06	  48	  2.94535e-07
253	  0.869868	  0.240772	  7.4243e-05	  1.26415e-06	  48	  2.45672e-07
254	  0.900833	  0.348743	  6.86392e-05	  1.51323e-06	  48	  2.94077e-07
255	  0.942478	  0.444444	  6.20055e-05	  1.45393e-06	  48	  2.82552e-07
256	  0.993459	  0.527046	  5.50341e-05	  1.62381e-06	  48	  3.15566e-07
257	  0.863541	  0	  7.54539e-05	  7.68333e-07	  12	  2.60215e-07
258	  0.869868	  0.120386	  7.4243e-05	  1.32324e-06	  24	  3.36266e-07
259	  0.888577	  0.235702	  7.0786e-05	  1.31553e-06	  24	  3.34308e-07
260	  0.918912	  0.341882	  6.56405e-05	  1.39421e-06	  24	  3.54302e-07
261	  0.959772	  0.436436	  5.95111e-05	  1.39295e-06	  24	  3.53983e-07
262	  0.888577	  0	  7.0786e-05	  1.19293e-06	  6	  5.46657e-07
263	  0.894726	  0.117041	  6.96796e-05	  9.0604e-07	  12	  3.06853e-07
264	  0.912926	  0.229416	  6.65967e-05	  1.30707e-06	  12	  4.42672e-07
265	  0.942478	  0.333333	  6.20055e-05	  1.45017e-06	  12	  4.91137e-07
266	  0.982358	  0.426401	  5.64596e-05	  1.38571e-06	  12	  4.69307e-07
267	  0.894726	  0	  6.96796e-05	  9.04386e-07	  12	  3.06293e-07
268	  0.900833	  0.116248	  6.86392e-05	  1.12056e-06	  24	  2.84762e-07
269	  0.918912	  0.227921	  6.56405e-05	  1.4129e-06	  24	  3.59051e-07
270	  0.948278	  0.331295	  6.11422e-05	  1.39503e-06	  24	  3.5451e-07
271	  0.987924	  0.423999	  5.57298e-05	  1.22892e-06	  24	  3.12299e-07
272	  0.900833	  0	  6.86392e-05	  1.64967e-06	  12	  5.58702e-07
273	  0.9069	  0.11547	  6.76145e-05	  1.16054e-06	  24	  2.9492e-07
274	  0.92486	  0.226455	  6.46977e-05	  9.35923e-07	  24	  2.37841e-07
275	  0.954042	  0.329293	  6.03124e-05	  1.39011e-06	  24	  3.53259e-07
276	  0.993459	  0.421637	  5.50341e-05	  1.272e-06	  24	  3.23245e-07
277	  0.936642	  0	  6.28741e-05	  8.42462e-07	  12	  2.85321e-07
278	  0.942478	  0.111111	  6.20055e-05	  1.20356e-06	  24	  3.05854e-07
279	  0.959772	  0.218218	  5.95111e-05	  1.0528e-06	  24	  2.67541e-07
280	  0.987924	  0.317999	  5.57298e-05	  1.00642e-06	  24	  2.55755e-07
281	  0.942478	  0	  6.20055e-05	  2.03861e-06	  6	  9.34192e-07
282	  0.948278	  0.110432	  6.11422e-05	  1.42732e-06	  12	  4.83397e-07
283	  0.965468	  0.21693	  5.87146e-05	  1.23075e-06	  12	  4.16825e-07
284	  0.993459	  0.316228	  5.50341e-05	  1.33139e-06	  12	  4.5091e-07
285	  0.948278	  0	  6.11422e-05	  1.28263e-06	  12	  4.34396e-07
286	  0.954042	  0.109764	  6.03124e-05	  9.65253e-07	  24	  2.45294e-07
287	  0.971131	  0.215666	  5.79317e-05	  8.1947e-07	  24	  2.08247e-07
288	  0.998963	  0.314485	  5.43564e-05	  1.06021e-06	  24	  2.69424e-07
289	  0.965468	  0	  5.87146e-05	  9.63747e-07	  24	  2.44911e-07
290	  0.971131	  0.107833	  5.79317e-05	  1.09102e-06	  48	  2.12026e-07
291	  0.987924	  0.212	  5.57298e-05	  1.18643e-06	  48	  2.30568e-07
292	  0.987924	  0	  5.57298e-05	  1.00676e-06	  12	  3.40963e-07
293	  0.993459	  0.105409	  5.50341e-05	  1.05599e-06	  24	  2.68352e-07
294	  0.993459	  0	  5.50341e-05	  8.93916e-07	  12	  3.02747e-07
295	  0.998963	  0.104828	  5.43564e-05	  9.082e-07	  24	  2.30796e-07
296	  1.08818	  0.030936	  4.47331e-05	  8.47304e-07	  138	  1.14492e-07
297	  1.08818	  0.0938307	  4.47331e-05	  7.80914e-07	  252	  8.82387e-08
298	  1.08818	  0.156319	  4.47331e-05	  7.09182e-07	  72	  1.19037e-07
299	  1.08818	  0.218712	  4.47331e-05	  7.95242e-07	  216	  9.38715e-08
300	  1.08818	  0.281224	  4.47331e-05	  9.37974e-07	  288	  1.02169e-07
301	  1.08818	  0.343807	  4.47331e-05	  8.99157e-07	  120	  1.27039e-07
302	  1.08818	  0.406302	  4.47331e-05	  1.25785e-06	  180	  1.56647e-07
303	  1.08818	  0.468745	  4.47331e-05	  1.1857e-06	  180	  1.47661e-07
304	  1.08818	  0.531226	  4.47331e-05	  1.3634e-06	  192	  1.66565e-07
305	  1.08818	  0.593785	  4.47331e-05	  1.74017e-06	  192	  2.12594e-07
306	  1.08818	  0.656281	  4.47331e-05	  1.44131e-06	  168	  1.83265e-07
307	  1.08818	  0.718743	  4.47331e-05	  1.86502e-06	  228	  2.16765e-07
308	  1.08818	  0.781255	  4.47331e-05	  2.57156e-06	  144	  3.42875e-07
309	  1.08818	  0.843774	  4.47331e-05	  2.20351e-06	  240	  2.52411e-07
310	  1.08818	  0.90628	  4.47331e-05	  2.80009e-06	  168	  3.56037e-07
311	  1.08818	  0.968758	  4.47331e-05	  2.83905e-06	  150	  3.7376e-07
312	  1.25577	  0.030936	  3.21739e-05	  6.51107e-07	  198	  7.88275e-08
313	  1.25577	  0.0938307	  3.21739e-05	  6.68341e-07	  396	  6.70024e-08
314	  1.25577	  0.156319	  3.21739e-05	  6.4427e-07	  396	  6.45893e-08
315	  1.25577	  0.218712	  3.21739e-05	  6.1045e-07	  204	  7.32625e-08
316	  1.25577	  0.281224	  3.21739e-05	  7.25069e-07	  216	  8.55882e-08
317	  1.25577	  0.343807	  3.21739e-05	  7.19265e-07	  372	  7.32554e-08
318	  1.25577	  0.406302	  3.21739e-05	  8.26989e-07	  312	  8.81685e-08
319	  1.25577	  0.468745	  3.21739e-05	  8.20877e-07	  288	  8.94145e-08
320	  1.25577	  0.531226	  3.21739e-05	  1.09067e-06	  264	  1.2166e-07
321	  1.25577	  0.593785	  3.21739e-05	  1.03389e-06	  312	  1.10227e-07
322	  1.25577	  0.656281	  3.21739e-05	  1.1138e-06	  276	  1.22733e-07
323	  1.25577	  0.718743	  3.21739e-05	  1.27216e-06	  312	  1.3563e-07
324	  1.25577	  0.781255	  3.21739e-05	  1.48129e-06	  276	  1.63227e-07
325	  1.25577	  0.843774	  3.21739e-05	  1.51337e-06	  240	  1.73357e-07
326	  1.25577	  0.90628	  3.21739e-05	  1.70763e-06	  324	  1.80249e-07
327	  1.25577	  0.968758	  3.21739e-05	  1.97428e-06	  315	  2.09952e-07
328	  1.45182	  0.030936	  2.29512e-05	  4.59392e-07	  246	  5.22594e-08
329	  1.45182	  0.0938307	  2.29512e-05	  4.2068e-07	  516	  3.95534e-08
330	  1.45182	  0.156319	  2.29512e-05	  4.65841e-07	  504	  4.40422e-08
331	  1.45182	  0.218712	  2.29512e-05	  4.36279e-07	  528	  4.08005e-08
332	  1.45182	  0.281224	  2.29512e-05	  4.73493e-07	  504	  4.47657e-08
333	  1.45182	  0.343807	  2.29512e-05	  5.37627e-07	  384	  5.43171e-08
334	  1.45182	  0.406302	  2.29512e-05	  6.55648e-07	  420	  6.47748e-08
335	  1.45182	  0.468745	  2.29512e-05	  5.77675e-07	  468	  5.55868e-08
336	  1.45182	  0.531226	  2.29512e-05	  6.53638e-07	  480	  6.25162e-08
337	  1.45182	  0.593785	  2.29512e-05	  6.85246e-07	  468	  6.59378e-08
338	  1.45182	  0.656281	  2.29512e-05	  7.3647e-07	  396	  7.38325e-08
339	  1.45182	  0.718743	  2.29512e-05	  8.24368e-07	  456	  7.9823e-08
340	  1.45182	  0.781255	  2.29512e-05	  1.01747e-06	  432	  9.98269e-08
341	  1.45182	  0.843774	  2.29512e-05	  1.01564e-06	  480	  9.71398e-08
342	  1.45182	  0.90628	  2.29512e-05	  1.20643e-06	  480	  1.15388e-07
343	  1.45182	  0.968758	  2.29512e-05	  1.3467e-06	  414	  1.33522e-07
344	  1.68148	  0.030936	  1.6245e-05	  3.14241e-07	  798	  2.68361e-08
345	  1.68148	  0.0938307	  1.6245e-05	  3.51344e-07	  708	  3.07715e-08
346	  1.68148	  0.156319	  1.6245e-05	  3.25606e-07	  684	  2.87302e-08
347	  1.68148	  0.218712	  1.6245e-05	  3.54385e-07	  720	  3.09264e-08
348	  1.68148	  0.281224	  1.6245e-05	  3.6315e-07	  708	  3.18055e-08
349	  1.68148	  0.343807	  1.6245e-05	  3.8491e-07	  720	  3.35902e-08
350	  1.68148	  0.406302	  1.6245e-05	  4.10339e-07	  672	  3.63461e-08
351	  1.68148	  0.468745	  1.6245e-05	  4.74725e-07	  732	  4.12826e-08
352	  1.68148	  0.531226	  1.6245e-05	  4.89265e-07	  672	  4.3337e-08
353	  1.68148	  0.593785	  1.6245e-05	  5.01143e-07	  708	  4.38913e-08
354	  1.68148	  0.656281	  1.6245e-05	  5.23885e-07	  744	  4.54008e-08
355	  1.68148	  0.718743	  1.6245e-05	  6.50195e-07	  744	  5.6347e-08
356	  1.68148	  0.781255	  1.6245e-05	  7.05703e-07	  696	  6.20348e-08
357	  1.68148	  0.843774	  1.6245e-05	  7.12568e-07	  708	  6.24083e-08
358	  1.68148	  0.90628	  1.6245e-05	  7.83812e-07	  696	  6.89009e-08
359	  1.68148	  0.968758	  1.6245e-05	  8.77914e-07	  741	  7.61467e-08
360	  1.94819	  0.030936	  1.14415e-05	  2.31018e-07	  1368	  1.77969e-08
361	  1.94819	  0.0938307	  1.14415e-05	  2.32658e-07	  924	  1.92868e-08
362	  1.94819	  0.156319	  1.14415e-05	  2.46164e-07	  972	  2.02039e-08
363	  1.94819	  0.218712	  1.14415e-05	  2.65075e-07	  972	  2.1756e-08
364	  1.94819	  0.281224	  1.14415e-05	  2.42244e-07	  1200	  1.91052e-08
365	  1.94819	  0.343807	  1.14415e-05	  2.62598e-07	  1140	  2.09074e-08
366	  1.94819	  0.406302	  1.14415e-05	  2.85317e-07	  1080	  2.29478e-08
367	  1.94819	  0.468745	  1.14415e-05	  3.19655e-07	  1068	  2.57641e-08
368	  1.94819	  0.531226	  1.14415e-05	  3.02574e-07	  1164	  2.39973e-08
369	  1.94819	  0.593785	  1.14415e-05	  3.68459e-07	  1188	  2.91131e-08
370	  1.94819	  0.656281	  1.14415e-05	  3.70892e-07	  1068	  2.98937e-08
371	  1.94819	  0.718743	  1.14415e-05	  3.96293e-07	  1008	  3.22967e-08
372	  1.94819	  0.781255	  1.14415e-05	  4.37405e-07	  1164	  3.46908e-08
373	  1.94819	  0.843774	  1.14415e-05	  4.63482e-07	  1176	  3.66895e-08
374	  1.94819	  0.90628	  1.14415e-05	  4.89562e-07	  1080	  3.9375e-08
375	  1.94819	  0.968758	  1.14415e-05	  5.23262e-07	  1038	  4.24044e-08
376	  2.25604	  0.030936	  8.04204e-06	  1.74042e-07	  1896	  1.26991e-08
377	  2.25604	  0.0938307	  8.04204e-06	  1.76174e-07	  1272	  1.37484e-08
378	  2.25604	  0.156319	  8.04204e-06	  1.71267e-07	  2040	  1.23552e-08
379	  2.25604	  0.218712	  8.04204e-06	  1.83918e-07	  1740	  1.3605e-08
380	  2.25604	  0.281224	  8.04204e-06	  1.87516e-07	  1584	  1.40873e-08
381	  2.25604	  0.343807	  8.04204e-06	  1.90408e-07	  1764	  1.40539e-08
382	  2.25604	  0.406302	  8.04204e-06	  2.00279e-07	  1632	  1.49716e-08
383	  2.25604	  0.468745	  8.04204e-06	  2.13754e-07	  1860	  1.5644e-08
384	  2.25604	  0.531226	  8.04204e-06	  2.29457e-07	  1560	  1.72824e-08
385	  2.25604	  0.593785	  8.04204e-06	  2.38978e-07	  1692	  1.77587e-08
386	  2.25604	  0.656281	  8.04204e-06	  2.59763e-07	  1704	  1.9281e-08
387	  2.25604	  0.718743	  8.04204e-06	  2.7168e-07	  1824	  1.99453e-08
388	  2.25604	  0.781255	  8.04204e-06	  2.82087e-07	  1668	  2.10113e-08
389	  2.25604	  0.843774	  8.04204e-06	  2.97949e-07	  1680	  2.21667e-08
390	  2.25604	  0.90628	  8.04204e-06	  3.17118e-07	  1776	  2.33808e-08
391	  2.25604	  0.968758	  8.04204e-06	  3.25536e-07	  1656	  2.42764e-08
392	  2.61216	  0.030936	  5.63734e-06	  1.29508e-07	  2586	  9.02215e-09
393	  2.61216	  0.0938307	  5.63734e-06	  1.25133e-07	  3036	  8.52764e-09
394	  2.61216	  0.156319	  5.63734e-06	  1.34423e-07	  2124	  9.63791e-09
395	  2.61216	  0.218712	  5.63734e-06	  1.27241e-07	  2940	  8.70869e-09
396	  2.61216	  0.281224	  5.63734e-06	  1.32362e-07	  2616	  9.206e-09
397	  2.61216	  0.343807	  5.63734e-06	  1.40479e-07	  2448	  9.86322e-09
398	  2.61216	  0.406302	  5.63734e-06	  1.4768e-07	  2916	  1.01188e-08
399	  2.61216	  0.468745	  5.63734e-06	  1.48835e-07	  2544	  1.03926e-08
400	  2.61216	  0.531226	  5.63734e-06	  1.57388e-07	  2652	  1.09256e-08
401	  2.61216	  0.593785	  5.63734e-06	  1.63015e-07	  2748	  1.12605e-08
402	  2.61216	  0.656281	  5.63734e-06	  1.72743e-07	  2676	  1.19764e-08
403	  2.61216	  0.718743	  5.63734e-06	  1.72982e-07	  2472	  1.21283e-08
404	  2.61216	  0.781255	  5.63734e-06	  1.82544e-07	  2616	  1.26962e-08
405	  2.61216	  0.843774	  5.63734e-06	  1.8614e-07	  2736	  1.28657e-08
406	  2.61216	  0.90628	  5.63734e-06	  1.9206e-07	  2568	  1.3393e-08
407	  2.61216	  0.968758	  5.63734e-06	  1.94008e-07	  2745	  1.34033e-08
408	  3.02645	  0.030936	  3.93212e-06	  9.89234e-08	  3414	  6.63921e-09
409	  3.02645	  0.0938307	  3.93212e-06	  9.42569e-08	  4512	  6.11608e-09
410	  3.02645	  0.156319	  3.93212e-06	  9.43393e-08	  4632	  6.10311e-09
411	  3.02645	  0.218712	  3.93212e-06	  9.05338e-08	  3972	  5.96319e-09
412	  3.02645	  0.281224	  3.93212e-06	  9.47729e-08	  4176	  6.20522e-09
413	  3.02645	  0.343807	  3.93212e-06	  1.01529e-07	  4344	  6.61692e-09
414	  3.02645	  0.406302	  3.93212e-06	  1.04725e-07	  4044	  6.88304e-09
415	  3.02645	  0.468745	  3.93212e-06	  1.05284e-07	  4092	  6.91005e-09
416	  3.02645	  0.531226	  3.93212e-06	  1.12298e-07	  4296	  7.32825e-09
417	  3.02645	  0.593785	  3.93212e-06	  1.13305e-07	  3996	  7.45769e-09
418	  3.02645	  0.656281	  3.93212e-06	  1.13163e-07	  4188	  7.40677e-09
419	  3.02645	  0.718743	  3.93212e-06	  1.21758e-07	  4212	  7.96396e-09
420	  3.02645	  0.781255	  3.93212e-06	  1.15795e-07	  4140	  7.58941e-09
421	  3.02645	  0.843774	  3.93212e-06	  1.16257e-07	  4128	  7.62231e-09
422	  3.02645	  0.90628	  3.93212e-06	  1.18537e-07	  4188	  7.75852e-09
423	  3.02645	  0.968758	  3.93212e-06	  1.12177e-07	  4128	  7.35481e-09
424	  3.50419	  0.030936	  2.74025e-06	  6.92225e-08	  7002	  4.28837e-09
425	  3.50419	  0.0938307	  2.74025e-06	  6.95322e-08	  6240	  4.35684e-09
426	  3.50419	  0.156319	  2.74025e-06	  6.68352e-08	  5964	  4.2072e-09
427	  3.50419	  0.218712	  2.74025e-06	  6.93065e-08	  6180	  4.34694e-09
428	  3.50419	  0.281224	  2.74025e-06	  6.88413e-08	  6420	  4.30124e-09
429	  3.50419	  0.343807	  2.74025e-06	  7.04484e-08	  6516	  4.39515e-09
430	  3.50419	  0.406302	  2.74025e-06	  7.36808e-08	  6312	  4.61145e-09
431	  3.50419	  0.468745	  2.74025e-06	  7.476e-08	  6276	  4.68169e-09
432	  3.50419	  0.531226	  2.74025e-06	  7.45951e-08	  6360	  4.66512e-09
433	  3.50419	  0.593785	  2.74025e-06	  7.55891e-08	  6408	  4.72373e-09
434	  3.50419	  0.656281	  2.74025e-06	  7.84102e-08	  6360	  4.90371e-09
435	  3.50419	  0.718743	  2.74025e-06	  7.52713e-08	  6336	  4.7092e-09
436	  3.50419	  0.781255	  2.74025e-06	  7.11005e-08	  6372	  4.44573e-09
437	  3.50419	  0.843774	  2.74025e-06	  7.41827e-08	  6456	  4.63239e-09
438	  3.50419	  0.90628	  2.74025e-06	  6.95229e-08	  6360	  4.34791e-09
439	  3.50419	  0.968758	  2.74025e-06	  6.53911e-08	  6327	  4.09164e-09
440	  4.05763	  0.030936	  1.90421e-06	  5.07172e-08	  10392	  3.03337e-09
441	  4.05763	  0.0938307	  1.90421e-06	  4.92231e-08	  9420	  2.96831e-09
442	  4.05763	  0.156319	  1.90421e-06	  4.98357e-08	  10176	  2.98581e-09
443	  4.05763	  0.218712	  1.90421e-06	  4.91711e-08	  10260	  2.944e-09
444	  4.05763	  0.281224	  1.90421e-06	  4.76049e-08	  9528	  2.86794e-09
445	  4.05763	  0.343807	  1.90421e-06	  4.86305e-08	  10140	  2.91446e-09
446	  4.05763	  0.406302	  1.90421e-06	  5.06378e-08	  9960	  3.03929e-09
447	  4.05763	  0.468745	  1.90421e-06	  5.02205e-08	  10068	  3.01153e-09
448	  4.05763	  0.531226	  1.90421e-06	  5.06337e-08	  9996	  3.03812e-09
449	  4.05763	  0.593785	  1.90421e-06	  4.81594e-08	  9828	  2.89376e-09
450	  4.05763	  0.656281	  1.90421e-06	  4.68539e-08	  10032	  2.81049e-09
451	  4.05763	  0.718743	  1.90421e-06	  4.61596e-08	  9924	  2.77134e-09
452	  4.05763	  0.781255	  1.90421e-06	  4.35855e-08	  10116	  2.61262e-09
453	  4.05763	  0.843774	  1.90421e-06	  4.23949e-08	  9888	  2.54609e-09
454	  4.05763	  0.90628	  1.90421e-06	  4.0021e-08	  10008	  2.4011e-09
455	  4.05763	  0.968758	  1.90421e-06	  3.56314e-08	  9978	  2.13827e-09
456	  4.69917	  0.030936	  1.3189e-06	  3.66494e-08	  13626	  2.14644e-09
457	  4.69917	  0.0938307	  1.3189e-06	  3.66418e-08	  16392	  2.11828e-09
458	  4.69917	  0.156319	  1.3189e-06	  3.56709e-08	  15708	  2.06816e-09
459	  4.69917	  0.218712	  1.3189e-06	  3.47975e-08	  15432	  2.01999e-09
460	  4.69917	  0.281224	  1.3189e-06	  3.38225e-08	  15780	  1.96037e-09
461	  4.69917	  0.343807	  1.3189e-06	  3.37847e-08	  15300	  1.96237e-09
462	  4.69917	  0.406302	  1.3189e-06	  3.28004e-08	  15588	  1.90273e-09
463	  4.69917	  0.468745	  1.3189e-06	  3.29773e-08	  15396	  1.91464e-09
464	  4.69917	  0.531226	  1.3189e-06	  3.20627e-08	  15504	  1.86063e-09
465	  4.69917	  0.593785	  1.3189e-06	  3.06684e-08	  15660	  1.7785e-09
466	  4.69917	  0.656281	  1.3189e-06	  2.8827e-08	  15192	  1.67523e-09
467	  4.69917	  0.718743	  1.3189e-06	  2.75791e-08	  15600	  1.59976e-09
468	  4.69917	  0.781255	  1.3189e-06	  2.57579e-08	  15216	  1.49671e-09
469	  4.69917	  0.843774	  1.3189e-06	  2.37633e-08	  15516	  1.37894e-09
470	  4.69917	  0.90628	  1.3189e-06	  2.16777e-08	  15540	  1.25778e-09
471	  4.69917	  0.968758	  1.3189e-06	  1.93586e-08	  15405	  1.1239e-09
472	  5.4432	  0.030936	  9.11188e-07	  2.67124e-08	  26250	  1.50049e-09
473	  5.4432	  0.0938307	  9.11188e-07	  2.60438e-08	  22392	  1.47624e-09
474	  5.4432	  0.156319	  9.11188e-07	  2.50496e-08	  24516	  1.41246e-09
475	  5.4432	  0.218712	  9.11188e-07	  2.43057e-08	  23592	  1.37353e-09
476	  5.4432	  0.281224	  9.11188e-07	  2.35116e-08	  24264	  1.32652e-09
477	  5.4432	  0.343807	  9.11188e-07	  2.28502e-08	  23928	  1.29023e-09
478	  5.4432	  0.406302	  9.11188e-07	  2.18472e-08	  24120	  1.23303e-09
479	  5.4432	  0.468745	  9.11188e-07	  2.07175e-08	  23964	  1.16971e-09
480	  5.4432	  0.531226	  9.11188e-07	  1.98947e-08	  24060	  1.12299e-09
481	  5.4432	  0.593785	  9.11188e-07	  1.85148e-08	  24108	  1.04499e-09
482	  5.4432	  0.656281	  9.11188e-07	  1.71388e-08	  24228	  9.67051e-10
483	  5.4432	  0.718743	  9.11188e-07	  1.56898e-08	  24144	  8.85466e-10
484	  5.4432	  0.781255	  9.11188e-07	  1.41447e-08	  23940	  7.98655e-10
485	  5.4432	  0.843774	  9.11188e-07	  1.2479e-08	  24192	  7.0418e-10
486	  5.4432	  0.90628	  9.11188e-07	  1.12769e-08	  23988	  6.36656e-10
487	  5.4432	  0.968758	  9.11188e-07	  9.7534e-09	  24141	  5.50444e-10
488	  6.30378	  0.030936	  6.28467e-07	  1.90892e-08	  35082	  1.05638e-09
489	  6.30378	  0.0938307	  6.28467e-07	  1.84111e-08	  39108	  1.01365e-09
490	  6.30378	  0.156319	  6.28467e-07	  1.76261e-08	  36924	  9.73032e-10
491	  6.30378	  0.218712	  6.28467e-07	  1.68336e-08	  37692	  9.28387e-10
492	  6.30378	  0.281224	  6.28467e-07	  1.56963e-08	  37092	  8.66315e-10
493	  6.30378	  0.343807	  6.28467e-07	  1.51253e-08	  37536	  8.34336e-10
494	  6.30378	  0.406302	  6.28467e-07	  1.38617e-08	  36984	  7.65164e-10
495	  6.30378	  0.468745	  6.28467e-07	  1.29883e-08	  37428	  7.16548e-10
496	  6.30378	  0.531226	  6.28467e-07	  1.17502e-08	  37392	  6.48273e-10
497	  6.30378	  0.593785	  6.28467e-07	  1.05986e-08	  37200	  5.8488e-10
498	  6.30378	  0.656281	  6.28467e-07	  9.52482e-09	  36924	  5.25809e-10
499	  6.30378	  0.718743	  6.28467e-07	  8.37441e-09	  37272	  4.62098e-10
500	  6.30378	  0.781255	  6.28467e-07	  7.25509e-09	  37284	  4.00328e-10
501	  6.30378	  0.843774	  6.28467e-07	  6.2295e-09	  37188	  3.43779e-10
502	  6.30378	  0.90628	  6.28467e-07	  5.39081e-09	  37320	  2.97446e-10
503	  6.30378	  0.968758	  6.28467e-07	  4.46667e-09	  37119	  2.46517e-10
504	  7.30029	  0.030936	  4.32392e-07	  1.33235e-08	  60258	  7.20453e-10
505	  7.30029	  0.0938307	  4.32392e-07	  1.27392e-08	  56916	  6.90357e-10
506	  7.30029	  0.156319	  4.32392e-07	  1.20009e-08	  56820	  6.50392e-10
507	  7.30029	  0.218712	  4.32392e-07	  1.12088e-08	  58716	  6.06695e-10
508	  7.30029	  0.281224	  4.32392e-07	  1.02549e-08	  57840	  5.55385e-10
509	  7.30029	  0.343807	  4.32392e-07	  9.36033e-09	  57612	  5.07014e-10
510	  7.30029	  0.406302	  4.32392e-07	  8.5375e-09	  58464	  4.62184e-10
511	  7.30029	  0.468745	  4.32392e-07	  7.5845e-09	  57948	  4.10732e-10
512	  7.30029	  0.531226	  4.32392e-07	  6.66052e-09	  57708	  3.60752e-10
513	  7.30029	  0.593785	  4.32392e-07	  5.71361e-09	  58236	  3.09357e-10
514	  7.30029	  0.656281	  4.32392e-07	  4.90599e-09	  58008	  2.65669e-10
515	  7.30029	  0.718743	  4.32392e-07	  4.12193e-09	  58200	  2.23182e-10
516	  7.30029	  0.781255	  4.32392e-07	  3.41057e-09	  58128	  1.84675e-10
517	  7.30029	  0.843774	  4.32392e-07	  2.84985e-09	  57972	  1.54329e-10
518	  7.30029	  0.90628	  4.32392e-07	  2.30694e-09	  57960	  1.24929e-10
519	  7.30029	  0.968758	  4.32392e-07	  1.83953e-09	  58122	  9.96069e-11
520	  8.455	  0.030936	  2.96967e-07	  9.12094e-09	  90198	  4.86417e-10
521	  8.455	  0.0938307	  2.96967e-07	  8.73854e-09	  89292	  4.66171e-10
522	  8.455	  0.156319	  2.96967e-07	  8.06287e-09	  90804	  4.29901e-10
523	  8.455	  0.218712	  2.96967e-07	  7.20753e-09	  89628	  3.84451e-10
524	  8.455	  0.281224	  2.96967e-07	  6.42277e-09	  89844	  3.42566e-10
525	  8.455	  0.343807	  2.96967e-07	  5.66407e-09	  90636	  3.02017e-10
526	  8.455	  0.406302	  2.96967e-07	  4.85863e-09	  89628	  2.5916e-10
527	  8.455	  0.468745	  2.96967e-07	  4.11598e-09	  89772	  2.19536e-10
528	  8.455	  0.531226	  2.96967e-07	  3.44653e-09	  90324	  1.83794e-10
529	  8.455	  0.593785	  2.96967e-07	  2.80794e-09	  89784	  1.49768e-10
530	  8.455	  0.656281	  2.96967e-07	  2.27986e-09	  90216	  1.21583e-10
531	  8.455	  0.718743	  2.96967e-07	  1.84361e-09	  89796	  9.83329e-11
532	  8.455	  0.781255	  2.96967e-07	  1.46167e-09	  90120	  7.79526e-11
533	  8.455	  0.843774	  2.96967e-07	  1.15075e-09	  90132	  6.13708e-11
534	  8.455	  0.90628	  2.96967e-07	  9.01744e-10	  89916	  4.80944e-11
535	  8.455	  0.968758	  2.96967e-07	  6.83989e-10	  89964	  3.64799e-11
536	  9.79129	  0.030936	  2.03548e-07	  6.0933e-09	  139068	  3.21005e-10
537	  9.79129	  0.0938307	  2.03548e-07	  5.71261e-09	  141180	  3.00834e-10
538	  9.79129	  0.156319	  2.03548e-07	  5.16689e-09	  139380	  2.72184e-10
539	  9.79129	  0.218712	  2.03548e-07	  4.49029e-09	  138804	  2.36567e-10
540	  9.79129	  0.281224	  2.03548e-07	  3.80195e-09	  140952	  2.00224e-10
541	  9.79129	  0.343807	  2.03548e-07	  3.17916e-09	  139668	  1.67465e-10
542	  9.79129	  0.406302	  2.03548e-07	  2.57776e-09	  139464	  1.3579e-10
543	  9.79129	  0.468745	  2.03548e-07	  2.06609e-09	  139812	  1.0883e-10
544	  9.79129	  0.531226	  2.03548e-07	  1.61807e-09	  139884	  8.523e-11
545	  9.79129	  0.593785	  2.03548e-07	  1.2548e-09	  140184	  6.60912e-11
546	  9.79129	  0.656281	  2.03548e-07	  9.64314e-10	  139404	  5.07984e-11
547	  9.79129	  0.718743	  2.03548e-07	  7.42498e-10	  139932	  3.91098e-11
548	  9.79129	  0.781255	  2.03548e-07	  5.65321e-10	  139980	  2.9777e-11
549	  9.79129	  0.843774	  2.03548e-07	  4.25127e-10	  139632	  2.23941e-11
550	  9.79129	  0.90628	  2.03548e-07	  3.19705e-10	  140088	  1.68394e-11
551	  9.79129	  0.968758	  2.03548e-07	  2.30494e-10	  139623	  1.21416e-11
