#n	   k	      mu	    PL	    Pf	     w	     err  
0	  0.10472	  1	  0.00340069	  0.000470817	  3	  0.000295367
1	  0.20944	  1	  0.00120796	  0.000125717	  3	  7.88687e-05
2	  0.314159	  1	  0.00056581	  0.0001156	  3	  7.25214e-05
3	  0.418879	  1	  0.000317111	  2.35076e-05	  3	  1.47475e-05
4	  0.523599	  1	  0.000200477	  4.00935e-05	  3	  2.51527e-05
5	  0.628319	  1	  0.000135839	  5.28208e-06	  3	  3.31371e-06
6	  0.733038	  1	  9.71158e-05	  1.54305e-05	  3	  9.6803e-06
7	  0.837758	  1	  7.2289e-05	  1.43801e-05	  3	  9.02135e-06
8	  0.942478	  1	  5.55114e-05	  5.75032e-06	  3	  3.60747e-06
9	  0.10472	  0	  0.00340069	  8.4826e-05	  6	  3.88714e-05
10	  0.148096	  0.707107	  0.00216258	  0.000136656	  12	  4.62819e-05
11	  0.23416	  0.894427	  0.000956871	  7.50023e-05	  12	  2.54014e-05
12	  0.331153	  0.948683	  0.000512389	  5.70071e-05	  12	  1.93069e-05
13	  0.431771	  0.970143	  0.000298428	  3.61083e-05	  12	  1.2229e-05
14	  0.533968	  0.980581	  0.000192286	  2.58398e-05	  12	  8.75131e-06
15	  0.636985	  0.986394	  0.000131856	  1.12277e-05	  12	  3.80254e-06
16	  0.74048	  0.989949	  9.50147e-05	  9.21385e-06	  12	  3.1205e-06
17	  0.844278	  0.992278	  7.10317e-05	  6.08604e-06	  12	  2.06119e-06
18	  0.948278	  0.993884	  5.47385e-05	  3.94594e-06	  12	  1.33639e-06
19	  0.148096	  0	  0.00216258	  4.15767e-05	  6	  1.90525e-05
20	  0.18138	  0.57735	  0.00153421	  6.49139e-05	  12	  2.19847e-05
21	  0.25651	  0.816497	  0.000842148	  6.05522e-05	  12	  2.05075e-05
22	  0.347316	  0.904534	  0.000461525	  5.62681e-05	  12	  1.90566e-05
23	  0.444288	  0.942809	  0.000282116	  2.8891e-05	  12	  9.78468e-06
24	  0.54414	  0.96225	  0.000184652	  1.83694e-05	  12	  6.22126e-06
25	  0.645536	  0.973329	  0.000128147	  1.79349e-05	  12	  6.07409e-06
26	  0.747849	  0.980196	  9.29373e-05	  1.14037e-05	  12	  3.86215e-06
27	  0.850747	  0.984732	  6.98511e-05	  5.63263e-06	  12	  1.90763e-06
28	  0.954042	  0.987878	  5.39956e-05	  5.49807e-06	  12	  1.86206e-06
29	  0.20944	  0	  0.00120796	  2.52501e-05	  6	  1.15708e-05
30	  0.23416	  0.447214	  0.000956871	  2.73026e-05	  12	  9.24673e-06
31	  0.296192	  0.707107	  0.000623093	  2.99014e-05	  12	  1.01269e-05
32	  0.377572	  0.83205	  0.000392702	  3.30913e-05	  12	  1.12072e-05
33	  0.468321	  0.894427	  0.000253118	  3.81245e-05	  12	  1.29118e-05
34	  0.563933	  0.928477	  0.000171157	  1.83114e-05	  12	  6.20161e-06
35	  0.662306	  0.948683	  0.000121199	  9.90366e-06	  12	  3.35412e-06
36	  0.762371	  0.961524	  8.90872e-05	  6.59309e-06	  12	  2.23292e-06
37	  0.863541	  0.970143	  6.75513e-05	  8.2599e-06	  12	  2.79742e-06
38	  0.965468	  0.976187	  5.25652e-05	  5.46042e-06	  12	  1.84931e-06
39	  0.23416	  0	  0.000956871	  1.56467e-05	  12	  5.29915e-06
40	  0.25651	  0.408248	  0.000842148	  2.7804e-05	  24	  7.06568e-06
41	  0.314159	  0.666667	  0.00056581	  3.10716e-05	  24	  7.89603e-06
42	  0.391825	  0.801784	  0.000365623	  3.08142e-05	  24	  7.83063e-06
43	  0.479886	  0.872872	  0.000240238	  2.43726e-05	  24	  6.19365e-06
44	  0.573574	  0.912871	  0.000165194	  1.56583e-05	  24	  3.97915e-06
45	  0.670534	  0.937043	  0.000118025	  1.07438e-05	  24	  2.73026e-06
46	  0.76953	  0.952579	  8.72914e-05	  1.2501e-05	  24	  3.1768e-06
47	  0.869868	  0.963087	  6.64672e-05	  1.07276e-05	  24	  2.72615e-06
48	  0.971131	  0.970495	  5.18642e-05	  4.52771e-06	  24	  1.1506e-06
49	  0.296192	  0	  0.000623093	  1.31527e-05	  6	  6.02722e-06
50	  0.314159	  0.333333	  0.00056581	  1.61753e-05	  12	  5.47819e-06
51	  0.36276	  0.57735	  0.000422434	  1.40878e-05	  12	  4.7712e-06
52	  0.431771	  0.727607	  0.000298428	  1.59784e-05	  12	  5.41148e-06
53	  0.51302	  0.816497	  0.000209203	  1.47811e-05	  12	  5.00598e-06
54	  0.601569	  0.870388	  0.000149161	  1.29963e-05	  12	  4.40153e-06
55	  0.694632	  0.904534	  0.000109288	  1.1045e-05	  12	  3.74066e-06
56	  0.790617	  0.927173	  8.22162e-05	  7.14367e-06	  12	  2.41938e-06
57	  0.888577	  0.942809	  6.33722e-05	  3.62487e-06	  12	  1.22765e-06
58	  0.987924	  0.953998	  4.9893e-05	  7.6907e-06	  12	  2.60465e-06
59	  0.314159	  0	  0.00056581	  1.60199e-05	  6	  7.3411e-06
60	  0.331153	  0.316228	  0.000512389	  1.62355e-05	  12	  5.49857e-06
61	  0.377572	  0.5547	  0.000392702	  2.14296e-05	  12	  7.25767e-06
62	  0.444288	  0.707107	  0.000282116	  1.44568e-05	  12	  4.89617e-06
63	  0.523599	  0.8	  0.000200477	  2.44121e-05	  12	  8.26777e-06
64	  0.610616	  0.857493	  0.00014445	  1.35617e-05	  12	  4.59301e-06
65	  0.702481	  0.894427	  0.000106629	  9.43232e-06	  12	  3.19449e-06
66	  0.797522	  0.919145	  8.0644e-05	  1.0262e-05	  12	  3.4755e-06
67	  0.894726	  0.936329	  6.23818e-05	  6.07487e-06	  12	  2.05741e-06
68	  0.993459	  0.948683	  4.92701e-05	  4.60843e-06	  12	  1.56076e-06
69	  0.331153	  0	  0.000512389	  1.31097e-05	  12	  4.43992e-06
70	  0.347316	  0.301511	  0.000461525	  1.48965e-05	  24	  3.78555e-06
71	  0.391825	  0.534522	  0.000365623	  1.61075e-05	  24	  4.0933e-06
72	  0.456463	  0.688247	  0.00026716	  1.41202e-05	  24	  3.58829e-06
73	  0.533968	  0.784465	  0.000192286	  1.35365e-05	  24	  3.43995e-06
74	  0.61953	  0.845154	  0.000140033	  1.34859e-05	  24	  3.42709e-06
75	  0.710244	  0.884652	  0.000104113	  1.10728e-05	  24	  2.81387e-06
76	  0.804368	  0.911322	  7.91357e-05	  8.14469e-06	  24	  2.06976e-06
77	  0.900833	  0.929981	  6.14503e-05	  5.79309e-06	  24	  1.47216e-06
78	  0.998963	  0.943456	  4.86634e-05	  4.2414e-06	  24	  1.07784e-06
79	  0.377572	  0	  0.000392702	  9.24575e-06	  12	  3.13131e-06
80	  0.391825	  0.267261	  0.000365623	  1.02715e-05	  24	  2.61025e-06
81	  0.431771	  0.485071	  0.000298428	  1.00562e-05	  24	  2.55552e-06
82	  0.491179	  0.639602	  0.000228743	  8.26695e-06	  24	  2.10083e-06
83	  0.563933	  0.742781	  0.000171157	  1.21696e-05	  24	  3.09259e-06
84	  0.645536	  0.811107	  0.000128147	  1.34767e-05	  24	  3.42474e-06
85	  0.733038	  0.857143	  9.71158e-05	  7.7724e-06	  24	  1.97515e-06
86	  0.824564	  0.889001	  7.48811e-05	  9.09366e-06	  24	  2.31092e-06
87	  0.918912	  0.911685	  5.87657e-05	  7.7014e-06	  24	  1.95711e-06
88	  0.418879	  0	  0.000317111	  5.22202e-06	  6	  2.39298e-06
89	  0.431771	  0.242536	  0.000298428	  8.90449e-06	  12	  3.01573e-06
90	  0.468321	  0.447214	  0.000253118	  1.13851e-05	  12	  3.85585e-06
91	  0.523599	  0.6	  0.000200477	  1.43222e-05	  12	  4.85058e-06
92	  0.592384	  0.707107	  0.000154211	  1.25218e-05	  12	  4.24083e-06
93	  0.670534	  0.780869	  0.000118025	  9.25253e-06	  12	  3.1336e-06
94	  0.755145	  0.83205	  9.10016e-05	  8.95331e-06	  12	  3.03226e-06
95	  0.844278	  0.868243	  7.10317e-05	  6.21881e-06	  12	  2.10616e-06
96	  0.936642	  0.894427	  5.6289e-05	  5.17205e-06	  12	  1.75164e-06
97	  0.431771	  0	  0.000298428	  6.96731e-06	  12	  2.35966e-06
98	  0.444288	  0.235702	  0.000282116	  6.79103e-06	  24	  1.72577e-06
99	  0.479886	  0.436436	  0.000240238	  8.07645e-06	  24	  2.05242e-06
100	  0.533968	  0.588348	  0.000192286	  6.98345e-06	  24	  1.77466e-06
101	  0.601569	  0.696311	  0.000149161	  7.01091e-06	  24	  1.78164e-06
102	  0.678662	  0.771517	  0.000114957	  6.35386e-06	  24	  1.61467e-06
103	  0.762371	  0.824163	  8.90872e-05	  7.0967e-06	  24	  1.80344e-06
104	  0.850747	  0.86164	  6.98511e-05	  6.37125e-06	  24	  1.61909e-06
105	  0.942478	  0.888889	  5.55114e-05	  3.94679e-06	  24	  1.00298e-06
106	  0.444288	  0	  0.000282116	  5.24951e-06	  6	  2.40558e-06
107	  0.456463	  0.229416	  0.00026716	  5.80165e-06	  12	  1.96487e-06
108	  0.491179	  0.426401	  0.000228743	  6.78313e-06	  12	  2.29728e-06
109	  0.54414	  0.57735	  0.000184652	  3.99786e-06	  12	  1.35398e-06
110	  0.610616	  0.685994	  0.00014445	  1.08321e-05	  12	  3.66857e-06
111	  0.686693	  0.762493	  0.00011206	  1.26964e-05	  12	  4.29996e-06
112	  0.76953	  0.816497	  8.72914e-05	  8.48025e-06	  12	  2.87205e-06
113	  0.857168	  0.855186	  6.86794e-05	  8.36074e-06	  12	  2.83158e-06
114	  0.948278	  0.883452	  5.47385e-05	  4.55916e-06	  12	  1.54408e-06
115	  0.468321	  0	  0.000253118	  7.45186e-06	  12	  2.52376e-06
116	  0.479886	  0.218218	  0.000240238	  5.55969e-06	  24	  1.41285e-06
117	  0.51302	  0.408248	  0.000209203	  7.65106e-06	  24	  1.94432e-06
118	  0.563933	  0.557086	  0.000171157	  9.92688e-06	  24	  2.52266e-06
119	  0.628319	  0.666667	  0.000135839	  7.2619e-06	  24	  1.84543e-06
120	  0.702481	  0.745356	  0.000106629	  6.03165e-06	  24	  1.53279e-06
121	  0.783651	  0.801784	  8.38484e-05	  6.74274e-06	  24	  1.71349e-06
122	  0.869868	  0.842701	  6.64672e-05	  6.52821e-06	  24	  1.65898e-06
123	  0.959772	  0.872872	  5.32783e-05	  4.62098e-06	  24	  1.1743e-06
124	  0.523599	  0	  0.000200477	  8.25385e-06	  18	  2.35814e-06
125	  0.533968	  0.196116	  0.000192286	  5.11406e-06	  36	  1.10805e-06
126	  0.563933	  0.371391	  0.000171157	  6.80943e-06	  36	  1.47538e-06
127	  0.610616	  0.514496	  0.00014445	  5.63992e-06	  36	  1.22198e-06
128	  0.670534	  0.624695	  0.000118025	  5.46737e-06	  36	  1.1846e-06
129	  0.74048	  0.707107	  9.50147e-05	  5.11072e-06	  36	  1.10732e-06
130	  0.817887	  0.768221	  7.62607e-05	  4.68025e-06	  36	  1.01406e-06
131	  0.900833	  0.813733	  6.14503e-05	  4.14227e-06	  36	  8.97492e-07
132	  0.987924	  0.847998	  4.9893e-05	  4.23649e-06	  36	  9.17906e-07
133	  0.533968	  0	  0.000192286	  6.71746e-06	  12	  2.27504e-06
134	  0.54414	  0.19245	  0.000184652	  6.28006e-06	  24	  1.59591e-06
135	  0.573574	  0.365148	  0.000165194	  5.14494e-06	  24	  1.30745e-06
136	  0.61953	  0.507093	  0.000140033	  6.63163e-06	  24	  1.68526e-06
137	  0.678662	  0.617213	  0.000114957	  4.42521e-06	  24	  1.12455e-06
138	  0.747849	  0.70014	  9.29373e-05	  8.33027e-06	  24	  2.11692e-06
139	  0.824564	  0.762001	  7.48811e-05	  4.76269e-06	  24	  1.21031e-06
140	  0.9069	  0.80829	  6.0533e-05	  3.78213e-06	  24	  9.61129e-07
141	  0.993459	  0.843274	  4.92701e-05	  4.13616e-06	  24	  1.0511e-06
142	  0.563933	  0	  0.000171157	  4.33277e-06	  12	  1.4674e-06
143	  0.573574	  0.182574	  0.000165194	  3.92096e-06	  24	  9.96411e-07
144	  0.601569	  0.348155	  0.000149161	  4.96251e-06	  24	  1.26109e-06
145	  0.645536	  0.486664	  0.000128147	  7.10339e-06	  24	  1.80514e-06
146	  0.702481	  0.596285	  0.000106629	  5.15858e-06	  24	  1.31092e-06
147	  0.76953	  0.680414	  8.72914e-05	  6.70785e-06	  24	  1.70463e-06
148	  0.844278	  0.744208	  7.10317e-05	  4.65895e-06	  24	  1.18395e-06
149	  0.92486	  0.792594	  5.79216e-05	  3.49639e-06	  24	  8.88517e-07
150	  0.592384	  0	  0.000154211	  4.78066e-06	  6	  2.19073e-06
151	  0.601569	  0.174078	  0.000149161	  2.80193e-06	  12	  9.48945e-07
152	  0.628319	  0.333333	  0.000135839	  3.96302e-06	  12	  1.34217e-06
153	  0.670534	  0.468521	  0.000118025	  3.68829e-06	  12	  1.24913e-06
154	  0.72552	  0.57735	  9.93707e-05	  4.00689e-06	  12	  1.35703e-06
155	  0.790617	  0.662266	  8.22162e-05	  2.92331e-06	  12	  9.90053e-07
156	  0.863541	  0.727607	  6.75513e-05	  8.22645e-06	  12	  2.78609e-06
157	  0.942478	  0.777778	  5.55114e-05	  4.29075e-06	  12	  1.45317e-06
158	  0.610616	  0	  0.00014445	  3.58836e-06	  12	  1.21529e-06
159	  0.61953	  0.169031	  0.000140033	  4.09092e-06	  24	  1.0396e-06
160	  0.645536	  0.324443	  0.000128147	  5.61203e-06	  24	  1.42615e-06
161	  0.686693	  0.457496	  0.00011206	  7.1738e-06	  24	  1.82304e-06
162	  0.74048	  0.565685	  9.50147e-05	  4.53523e-06	  24	  1.15251e-06
163	  0.804368	  0.650945	  7.91357e-05	  3.93362e-06	  24	  9.99628e-07
164	  0.876148	  0.717137	  6.5391e-05	  3.38886e-06	  24	  8.61192e-07
165	  0.954042	  0.76835	  5.39956e-05	  2.63034e-06	  24	  6.68434e-07
166	  0.628319	  0	  0.000135839	  2.66119e-06	  6	  1.21949e-06
167	  0.636985	  0.164399	  0.000131856	  1.85193e-06	  12	  6.27203e-07
168	  0.662306	  0.316228	  0.000121199	  3.14186e-06	  12	  1.06407e-06
169	  0.702481	  0.447214	  0.000106629	  4.8953e-06	  12	  1.65792e-06
170	  0.755145	  0.5547	  9.10016e-05	  2.70359e-06	  12	  9.1564e-07
171	  0.817887	  0.640184	  7.62607e-05	  4.26155e-06	  12	  1.44328e-06
172	  0.888577	  0.707107	  6.33722e-05	  5.31527e-06	  12	  1.80015e-06
173	  0.965468	  0.759257	  5.25652e-05	  3.6649e-06	  12	  1.24121e-06
174	  0.636985	  0	  0.000131856	  1.93601e-06	  12	  6.55678e-07
175	  0.645536	  0.162221	  0.000128147	  5.43647e-06	  24	  1.38154e-06
176	  0.670534	  0.312348	  0.000118025	  3.76913e-06	  24	  9.57826e-07
177	  0.710244	  0.442326	  0.000104113	  4.88175e-06	  24	  1.24057e-06
178	  0.762371	  0.549442	  8.90872e-05	  4.38013e-06	  24	  1.1131e-06
179	  0.824564	  0.635001	  7.48811e-05	  3.46854e-06	  24	  8.8144e-07
180	  0.894726	  0.702247	  6.23818e-05	  5.66317e-06	  24	  1.43915e-06
181	  0.971131	  0.754829	  5.18642e-05	  3.54951e-06	  24	  9.02016e-07
182	  0.662306	  0	  0.000121199	  2.38522e-06	  12	  8.07815e-07
183	  0.670534	  0.156174	  0.000118025	  3.05805e-06	  24	  7.77125e-07
184	  0.694632	  0.301511	  0.000109288	  4.64555e-06	  24	  1.18055e-06
185	  0.733038	  0.428571	  9.71158e-05	  3.59521e-06	  24	  9.1363e-07
186	  0.783651	  0.534522	  8.38484e-05	  3.44447e-06	  24	  8.75324e-07
187	  0.844278	  0.620174	  7.10317e-05	  3.29912e-06	  24	  8.38385e-07
188	  0.912926	  0.688247	  5.96217e-05	  2.99353e-06	  24	  7.60729e-07
189	  0.987924	  0.741999	  4.9893e-05	  4.49958e-06	  24	  1.14345e-06
190	  0.670534	  0	  0.000118025	  2.40683e-06	  12	  8.15133e-07
191	  0.678662	  0.154303	  0.000114957	  2.66615e-06	  24	  6.77534e-07
192	  0.702481	  0.298142	  0.000106629	  3.67401e-06	  24	  9.33655e-07
193	  0.74048	  0.424264	  9.50147e-05	  3.9374e-06	  24	  1.00059e-06
194	  0.790617	  0.529813	  8.22162e-05	  2.45548e-06	  24	  6.23998e-07
195	  0.850747	  0.615457	  6.98511e-05	  3.6146e-06	  24	  9.18558e-07
196	  0.918912	  0.683763	  5.87657e-05	  2.64747e-06	  24	  6.72785e-07
197	  0.993459	  0.737865	  4.92701e-05	  3.27815e-06	  24	  8.33057e-07
198	  0.702481	  0	  0.000106629	  2.68583e-06	  12	  9.09624e-07
199	  0.710244	  0.147442	  0.000104113	  3.13975e-06	  24	  7.97885e-07
200	  0.733038	  0.285714	  9.71158e-05	  2.15581e-06	  24	  5.47844e-07
201	  0.76953	  0.408248	  8.72914e-05	  4.11302e-06	  24	  1.04522e-06
202	  0.817887	  0.512148	  7.62607e-05	  2.92537e-06	  24	  7.43407e-07
203	  0.876148	  0.597614	  6.5391e-05	  2.15119e-06	  24	  5.46669e-07
204	  0.942478	  0.666667	  5.55114e-05	  3.23384e-06	  24	  8.21796e-07
205	  0.733038	  0	  9.71158e-05	  2.99767e-06	  6	  1.37368e-06
206	  0.74048	  0.141421	  9.50147e-05	  2.6134e-06	  12	  8.85095e-07
207	  0.762371	  0.274721	  8.90872e-05	  2.49774e-06	  12	  8.45921e-07
208	  0.797522	  0.393919	  8.0644e-05	  2.19196e-06	  12	  7.42362e-07
209	  0.844278	  0.496139	  7.10317e-05	  3.35221e-06	  12	  1.13531e-06
210	  0.900833	  0.581238	  6.14503e-05	  2.41619e-06	  12	  8.18302e-07
211	  0.965468	  0.650791	  5.25652e-05	  3.39215e-06	  12	  1.14884e-06
212	  0.74048	  0	  9.50147e-05	  2.39537e-06	  18	  6.84362e-07
213	  0.747849	  0.140028	  9.29373e-05	  3.22473e-06	  36	  6.98692e-07
214	  0.76953	  0.272166	  8.72914e-05	  3.34274e-06	  36	  7.24261e-07
215	  0.804368	  0.390567	  7.91357e-05	  3.05568e-06	  36	  6.62063e-07
216	  0.850747	  0.492366	  6.98511e-05	  2.74089e-06	  36	  5.93858e-07
217	  0.9069	  0.57735	  6.0533e-05	  1.83092e-06	  36	  3.967e-07
218	  0.971131	  0.646997	  5.18642e-05	  2.42121e-06	  36	  5.24595e-07
219	  0.755145	  0	  9.10016e-05	  2.21167e-06	  12	  7.49039e-07
220	  0.762371	  0.137361	  8.90872e-05	  2.7868e-06	  24	  7.08194e-07
221	  0.783651	  0.267261	  8.38484e-05	  2.07847e-06	  24	  5.28189e-07
222	  0.817887	  0.384111	  7.62607e-05	  2.18834e-06	  24	  5.5611e-07
223	  0.863541	  0.485071	  6.75513e-05	  4.29318e-06	  24	  1.091e-06
224	  0.918912	  0.569803	  5.87657e-05	  1.77953e-06	  24	  4.52221e-07
225	  0.982358	  0.639602	  5.05463e-05	  2.71577e-06	  24	  6.90143e-07
226	  0.762371	  0	  8.90872e-05	  1.53293e-06	  12	  5.19164e-07
227	  0.76953	  0.136083	  8.72914e-05	  3.14836e-06	  24	  8.00073e-07
228	  0.790617	  0.264906	  8.22162e-05	  1.53622e-06	  24	  3.90391e-07
229	  0.824564	  0.381	  7.48811e-05	  2.41385e-06	  24	  6.13417e-07
230	  0.869868	  0.481543	  6.64672e-05	  3.37857e-06	  24	  8.58575e-07
231	  0.92486	  0.566139	  5.79216e-05	  2.49671e-06	  24	  6.34473e-07
232	  0.987924	  0.635999	  4.9893e-05	  3.04804e-06	  24	  7.74582e-07
233	  0.797522	  0	  8.0644e-05	  2.5852e-06	  12	  8.75544e-07
234	  0.804368	  0.130189	  7.91357e-05	  2.39754e-06	  24	  6.09272e-07
235	  0.824564	  0.254	  7.48811e-05	  2.13377e-06	  24	  5.42243e-07
236	  0.857168	  0.366508	  6.86794e-05	  2.1315e-06	  24	  5.41666e-07
237	  0.900833	  0.464991	  6.14503e-05	  2.05193e-06	  24	  5.21444e-07
238	  0.954042	  0.548821	  5.39956e-05	  2.79983e-06	  24	  7.11503e-07
239	  0.817887	  0	  7.62607e-05	  2.23914e-06	  12	  7.5834e-07
240	  0.824564	  0.127	  7.48811e-05	  2.02443e-06	  24	  5.14457e-07
241	  0.844278	  0.248069	  7.10317e-05	  1.97151e-06	  24	  5.01008e-07
242	  0.876148	  0.358569	  6.5391e-05	  2.06659e-06	  24	  5.25172e-07
243	  0.918912	  0.455842	  5.87657e-05	  1.71899e-06	  24	  4.36836e-07
244	  0.971131	  0.539164	  5.18642e-05	  1.77918e-06	  24	  4.52132e-07
245	  0.837758	  0	  7.2289e-05	  3.39745e-06	  6	  1.55688e-06
246	  0.844278	  0.124035	  7.10317e-05	  2.4276e-06	  12	  8.22169e-07
247	  0.863541	  0.242536	  6.75513e-05	  1.52141e-06	  12	  5.15263e-07
248	  0.894726	  0.351123	  6.23818e-05	  1.68458e-06	  12	  5.70524e-07
249	  0.936642	  0.447214	  5.6289e-05	  1.66525e-06	  12	  5.63979e-07
250	  0.987924	  0.529999	  4.9893e-05	  1.77032e-06	  12	  5.99565e-07
251	  0.844278	  0	  7.10317e-05	  1.96655e-06	  24	  4.99748e-07
252	  0.850747	  0.123091	  6.98511e-05	  1.72269e-06	  48	  3.34783e-07
253	  0.869868	  0.240772	  6.64672e-05	  2.11874e-06	  48	  4.1175e-07
254	  0.900833	  0.348743	  6.14503e-05	  1.6563e-06	  48	  3.2188e-07
255	  0.942478	  0.444444	  5.55114e-05	  1.66559e-06	  48	  3.23686e-07
256	  0.993459	  0.527046	  4.92701e-05	  1.7717e-06	  48	  3.44307e-07
257	  0.863541	  0	  6.75513e-05	  1.24537e-06	  12	  4.21777e-07
258	  0.869868	  0.120386	  6.64672e-05	  2.04556e-06	  24	  5.19827e-07
259	  0.888577	  0.235702	  6.33722e-05	  1.68669e-06	  24	  4.2863e-07
260	  0.918912	  0.341882	  5.87657e-05	  2.03402e-06	  24	  5.16893e-07
261	  0.959772	  0.436436	  5.32783e-05	  1.81427e-06	  24	  4.61049e-07
262	  0.888577	  0	  6.33722e-05	  1.67017e-06	  6	  7.65353e-07
263	  0.894726	  0.117041	  6.23818e-05	  2.08805e-06	  12	  7.07169e-07
264	  0.912926	  0.229416	  5.96217e-05	  2.10811e-06	  12	  7.13966e-07
265	  0.942478	  0.333333	  5.55114e-05	  1.74062e-06	  12	  5.89503e-07
266	  0.982358	  0.426401	  5.05463e-05	  1.85733e-06	  12	  6.29032e-07
267	  0.894726	  0	  6.23818e-05	  1.30962e-06	  12	  4.43534e-07
268	  0.900833	  0.116248	  6.14503e-05	  1.18867e-06	  24	  3.02069e-07
269	  0.918912	  0.227921	  5.87657e-05	  2.34087e-06	  24	  5.94872e-07
270	  0.948278	  0.331295	  5.47385e-05	  2.13391e-06	  24	  5.42278e-07
271	  0.987924	  0.423999	  4.9893e-05	  1.82269e-06	  24	  4.63189e-07
272	  0.900833	  0	  6.14503e-05	  1.23399e-06	  12	  4.17923e-07
273	  0.9069	  0.11547	  6.0533e-05	  1.0788e-06	  24	  2.7415e-07
274	  0.92486	  0.226455	  5.79216e-05	  1.32818e-06	  24	  3.37522e-07
275	  0.954042	  0.329293	  5.39956e-05	  1.32349e-06	  24	  3.3633e-07
276	  0.993459	  0.421637	  4.92701e-05	  1.27583e-06	  24	  3.2422e-07
277	  0.936642	  0	  5.6289e-05	  1.12848e-06	  12	  3.82187e-07
278	  0.942478	  0.111111	  5.55114e-05	  1.16107e-06	  24	  2.95055e-07
279	  0.959772	  0.218218	  5.32783e-05	  1.67413e-06	  24	  4.25436e-07
280	  0.987924	  0.317999	  4.9893e-05	  1.97417e-06	  24	  5.01684e-07
281	  0.942478	  0	  5.55114e-05	  1.90578e-06	  6	  8.73321e-07
282	  0.948278	  0.110432	  5.47385e-05	  1.78328e-06	  12	  6.03952e-07
283	  0.965468	  0.21693	  5.25652e-05	  1.4663e-06	  12	  4.96599e-07
284	  0.993459	  0.316228	  4.92701e-05	  1.3616e-06	  12	  4.6114e-07
285	  0.948278	  0	  5.47385e-05	  1.86518e-06	  12	  6.31689e-07
286	  0.954042	  0.109764	  5.39956e-05	  1.13178e-06	  24	  2.87613e-07
287	  0.971131	  0.215666	  5.18642e-05	  1.95434e-06	  24	  4.96645e-07
288	  0.998963	  0.314485	  4.86634e-05	  2.36805e-06	  24	  6.01778e-07
289	  0.965468	  0	  5.25652e-05	  1.52319e-06	  24	  3.87079e-07
290	  0.971131	  0.107833	  5.18642e-05	  1.57996e-06	  48	  3.07045e-07
291	  0.987924	  0.212	  4.9893e-05	  1.16856e-06	  48	  2.27096e-07
292	  0.987924	  0	  4.9893e-05	  8.81788e-07	  12	  2.9864e-07
293	  0.993459	  0.105409	  4.92701e-05	  9.99441e-07	  24	  2.53982e-07
294	  0.993459	  0	  4.92701e-05	  1.17159e-06	  12	  3.96787e-07
295	  0.998963	  0.104828	  4.86634e-05	  2.13751e-06	  24	  5.43193e-07
296	  1.08818	  0.030936	  4.0048e-05	  1.05866e-06	  138	  1.43052e-07
297	  1.08818	  0.0938307	  4.0048e-05	  1.1216e-06	  252	  1.26734e-07
298	  1.08818	  0.156319	  4.0048e-05	  8.00795e-07	  72	  1.34414e-07
299	  1.08818	  0.218712	  4.0048e-05	  1.22899e-06	  216	  1.45072e-07
300	  1.08818	  0.281224	  4.0048e-05	  1.13722e-06	  288	  1.23872e-07
301	  1.08818	  0.343807	  4.0048e-05	  1.2443e-06	  120	  1.75804e-07
302	  1.08818	  0.406302	  4.0048e-05	  1.73775e-06	  180	  2.16412e-07
303	  1.08818	  0.468745	  4.0048e-05	  1.54351e-06	  180	  1.92222e-07
304	  1.08818	  0.531226	  4.0048e-05	  1.70869e-06	  192	  2.08748e-07
305	  1.08818	  0.593785	  4.0048e-05	  2.29767e-06	  192	  2.80704e-07
306	  1.08818	  0.656281	  4.0048e-05	  2.38497e-06	  168	  3.03253e-07
307	  1.08818	  0.718743	  4.0048e-05	  2.4199e-06	  228	  2.81257e-07
308	  1.08818	  0.781255	  4.0048e-05	  2.82855e-06	  144	  3.7714e-07
309	  1.08818	  0.843774	  4.0048e-05	  3.07426e-06	  240	  3.52156e-07
310	  1.08818	  0.90628	  4.0048e-05	  3.28462e-06	  168	  4.17644e-07
311	  1.08818	  0.968758	  4.0048e-05	  4.97087e-06	  150	  6.54414e-07
312	  1.25577	  0.030936	  2.88042e-05	  8.08481e-07	  198	  9.78803e-08
313	  1.25577	  0.0938307	  2.88042e-05	  8.3353e-07	  396	  8.3563e-08
314	  1.25577	  0.156319	  2.88042e-05	  8.09564e-07	  396	  8.11603e-08
315	  1.25577	  0.218712	  2.88042e-05	  7.58345e-07	  204	  9.1012e-08
316	  1.25577	  0.281224	  2.88042e-05	  9.97054e-07	  216	  1.17694e-07
317	  1.25577	  0.343807	  2.88042e-05	  9.55983e-07	  372	  9.73646e-08
318	  1.25577	  0.406302	  2.88042e-05	  1.12521e-06	  312	  1.19963e-07
319	  1.25577	  0.468745	  2.88042e-05	  1.19873e-06	  288	  1.30572e-07
320	  1.25577	  0.531226	  2.88042e-05	  1.32061e-06	  264	  1.47308e-07
321	  1.25577	  0.593785	  2.88042e-05	  1.32576e-06	  312	  1.41344e-07
322	  1.25577	  0.656281	  2.88042e-05	  1.54139e-06	  276	  1.6985e-07
323	  1.25577	  0.718743	  2.88042e-05	  1.80733e-06	  312	  1.92686e-07
324	  1.25577	  0.781255	  2.88042e-05	  2.05083e-06	  276	  2.25987e-07
325	  1.25577	  0.843774	  2.88042e-05	  2.16265e-06	  240	  2.47731e-07
326	  1.25577	  0.90628	  2.88042e-05	  2.31436e-06	  324	  2.44293e-07
327	  1.25577	  0.968758	  2.88042e-05	  2.77872e-06	  315	  2.955e-07
328	  1.45182	  0.030936	  2.05474e-05	  6.75555e-07	  246	  7.68496e-08
329	  1.45182	  0.0938307	  2.05474e-05	  6.34258e-07	  516	  5.96345e-08
330	  1.45182	  0.156319	  2.05474e-05	  6.22955e-07	  504	  5.88964e-08
331	  1.45182	  0.218712	  2.05474e-05	  5.95638e-07	  528	  5.57037e-08
332	  1.45182	  0.281224	  2.05474e-05	  6.5992e-07	  504	  6.23912e-08
333	  1.45182	  0.343807	  2.05474e-05	  6.75497e-07	  384	  6.82461e-08
334	  1.45182	  0.406302	  2.05474e-05	  7.42184e-07	  420	  7.33241e-08
335	  1.45182	  0.468745	  2.05474e-05	  7.93285e-07	  468	  7.63338e-08
336	  1.45182	  0.531226	  2.05474e-05	  9.08834e-07	  480	  8.69241e-08
337	  1.45182	  0.593785	  2.05474e-05	  9.62428e-07	  468	  9.26096e-08
338	  1.45182	  0.656281	  2.05474e-05	  1.01384e-06	  396	  1.01639e-07
339	  1.45182	  0.718743	  2.05474e-05	  1.19855e-06	  456	  1.16055e-07
340	  1.45182	  0.781255	  2.05474e-05	  1.24531e-06	  432	  1.22181e-07
341	  1.45182	  0.843774	  2.05474e-05	  1.47598e-06	  480	  1.41168e-07
342	  1.45182	  0.90628	  2.05474e-05	  1.58369e-06	  480	  1.51469e-07
343	  1.45182	  0.968758	  2.05474e-05	  1.78756e-06	  414	  1.77232e-07
344	  1.68148	  0.030936	  1.45436e-05	  4.1241e-07	  798	  3.52196e-08
345	  1.68148	  0.0938307	  1.45436e-05	  4.652e-07	  708	  4.07433e-08
346	  1.68148	  0.156319	  1.45436e-05	  4.44925e-07	  684	  3.92583e-08
347	  1.68148	  0.218712	  1.45436e-05	  4.4806e-07	  720	  3.91012e-08
348	  1.68148	  0.281224	  1.45436e-05	  4.72222e-07	  708	  4.13583e-08
349	  1.68148	  0.343807	  1.45436e-05	  4.91148e-07	  720	  4.28614e-08
350	  1.68148	  0.406302	  1.45436e-05	  5.57082e-07	  672	  4.9344e-08
351	  1.68148	  0.468745	  1.45436e-05	  5.81023e-07	  732	  5.05264e-08
352	  1.68148	  0.531226	  1.45436e-05	  6.97198e-07	  672	  6.17549e-08
353	  1.68148	  0.593785	  1.45436e-05	  7.09931e-07	  708	  6.21774e-08
354	  1.68148	  0.656281	  1.45436e-05	  7.65833e-07	  744	  6.63684e-08
355	  1.68148	  0.718743	  1.45436e-05	  8.10192e-07	  744	  7.02126e-08
356	  1.68148	  0.781255	  1.45436e-05	  9.16329e-07	  696	  8.05498e-08
357	  1.68148	  0.843774	  1.45436e-05	  1.03459e-06	  708	  9.06114e-08
358	  1.68148	  0.90628	  1.45436e-05	  1.02774e-06	  696	  9.0343e-08
359	  1.68148	  0.968758	  1.45436e-05	  1.0989e-06	  741	  9.53145e-08
360	  1.94819	  0.030936	  1.02432e-05	  3.28331e-07	  1368	  2.52936e-08
361	  1.94819	  0.0938307	  1.02432e-05	  3.25061e-07	  924	  2.69468e-08
362	  1.94819	  0.156319	  1.02432e-05	  3.51347e-07	  972	  2.88368e-08
363	  1.94819	  0.218712	  1.02432e-05	  3.48071e-07	  972	  2.8568e-08
364	  1.94819	  0.281224	  1.02432e-05	  3.24057e-07	  1200	  2.55576e-08
365	  1.94819	  0.343807	  1.02432e-05	  3.67594e-07	  1140	  2.92669e-08
366	  1.94819	  0.406302	  1.02432e-05	  3.83702e-07	  1080	  3.08608e-08
367	  1.94819	  0.468745	  1.02432e-05	  4.42961e-07	  1068	  3.57025e-08
368	  1.94819	  0.531226	  1.02432e-05	  4.59808e-07	  1164	  3.64676e-08
369	  1.94819	  0.593785	  1.02432e-05	  4.62862e-07	  1188	  3.65721e-08
370	  1.94819	  0.656281	  1.02432e-05	  5.00597e-07	  1068	  4.03479e-08
371	  1.94819	  0.718743	  1.02432e-05	  5.31014e-07	  1008	  4.3276e-08
372	  1.94819	  0.781255	  1.02432e-05	  6.28488e-07	  1164	  4.98457e-08
373	  1.94819	  0.843774	  1.02432e-05	  6.24757e-07	  1176	  4.94561e-08
374	  1.94819	  0.90628	  1.02432e-05	  6.52348e-07	  1080	  5.24677e-08
375	  1.94819	  0.968758	  1.02432e-05	  7.36252e-07	  1038	  5.96648e-08
376	  2.25604	  0.030936	  7.19976e-06	  2.37555e-07	  1896	  1.73334e-08
377	  2.25604	  0.0938307	  7.19976e-06	  2.38256e-07	  1272	  1.85932e-08
378	  2.25604	  0.156319	  7.19976e-06	  2.36028e-07	  2040	  1.70272e-08
379	  2.25604	  0.218712	  7.19976e-06	  2.52051e-07	  1740	  1.8645e-08
380	  2.25604	  0.281224	  7.19976e-06	  2.58302e-07	  1584	  1.94052e-08
381	  2.25604	  0.343807	  7.19976e-06	  2.65938e-07	  1764	  1.96287e-08
382	  2.25604	  0.406302	  7.19976e-06	  2.91107e-07	  1632	  2.17614e-08
383	  2.25604	  0.468745	  7.19976e-06	  2.99553e-07	  1860	  2.19234e-08
384	  2.25604	  0.531226	  7.19976e-06	  3.1858e-07	  1560	  2.3995e-08
385	  2.25604	  0.593785	  7.19976e-06	  3.24825e-07	  1692	  2.4138e-08
386	  2.25604	  0.656281	  7.19976e-06	  3.54851e-07	  1704	  2.63388e-08
387	  2.25604	  0.718743	  7.19976e-06	  3.87905e-07	  1824	  2.84779e-08
388	  2.25604	  0.781255	  7.19976e-06	  4.06458e-07	  1668	  3.0275e-08
389	  2.25604	  0.843774	  7.19976e-06	  3.89135e-07	  1680	  2.89507e-08
390	  2.25604	  0.90628	  7.19976e-06	  4.10612e-07	  1776	  3.0274e-08
391	  2.25604	  0.968758	  7.19976e-06	  4.50834e-07	  1656	  3.36203e-08
392	  2.61216	  0.030936	  5.04692e-06	  1.71138e-07	  2586	  1.19223e-08
393	  2.61216	  0.0938307	  5.04692e-06	  1.70135e-07	  3036	  1.15945e-08
394	  2.61216	  0.156319	  5.04692e-06	  1.83333e-07	  2124	  1.31446e-08
395	  2.61216	  0.218712	  5.04692e-06	  1.70666e-07	  2940	  1.16808e-08
396	  2.61216	  0.281224	  5.04692e-06	  1.81251e-07	  2616	  1.26063e-08
397	  2.61216	  0.343807	  5.04692e-06	  1.85408e-07	  2448	  1.30177e-08
398	  2.61216	  0.406302	  5.04692e-06	  2.01274e-07	  2916	  1.3791e-08
399	  2.61216	  0.468745	  5.04692e-06	  2.03437e-07	  2544	  1.42053e-08
400	  2.61216	  0.531226	  5.04692e-06	  2.16676e-07	  2652	  1.50413e-08
401	  2.61216	  0.593785	  5.04692e-06	  2.29248e-07	  2748	  1.58355e-08
402	  2.61216	  0.656281	  5.04692e-06	  2.3756e-07	  2676	  1.64703e-08
403	  2.61216	  0.718743	  5.04692e-06	  2.52243e-07	  2472	  1.76855e-08
404	  2.61216	  0.781255	  5.04692e-06	  2.48317e-07	  2616	  1.72708e-08
405	  2.61216	  0.843774	  5.04692e-06	  2.70602e-07	  2736	  1.87035e-08
406	  2.61216	  0.90628	  5.04692e-06	  2.62823e-07	  2568	  1.83275e-08
407	  2.61216	  0.968758	  5.04692e-06	  2.67088e-07	  2745	  1.84522e-08
408	  3.02645	  0.030936	  3.52029e-06	  1.26538e-07	  3414	  8.49257e-09
409	  3.02645	  0.0938307	  3.52029e-06	  1.28595e-07	  4512	  8.34415e-09
410	  3.02645	  0.156319	  3.52029e-06	  1.25776e-07	  4632	  8.13684e-09
411	  3.02645	  0.218712	  3.52029e-06	  1.21177e-07	  3972	  7.98156e-09
412	  3.02645	  0.281224	  3.52029e-06	  1.27547e-07	  4176	  8.35109e-09
413	  3.02645	  0.343807	  3.52029e-06	  1.32957e-07	  4344	  8.66512e-09
414	  3.02645	  0.406302	  3.52029e-06	  1.41773e-07	  4044	  9.31805e-09
415	  3.02645	  0.468745	  3.52029e-06	  1.42966e-07	  4092	  9.38326e-09
416	  3.02645	  0.531226	  3.52029e-06	  1.44059e-07	  4296	  9.40083e-09
417	  3.02645	  0.593785	  3.52029e-06	  1.47249e-07	  3996	  9.69185e-09
418	  3.02645	  0.656281	  3.52029e-06	  1.56479e-07	  4188	  1.02419e-08
419	  3.02645	  0.718743	  3.52029e-06	  1.6263e-07	  4212	  1.06374e-08
420	  3.02645	  0.781255	  3.52029e-06	  1.6131e-07	  4140	  1.05726e-08
421	  3.02645	  0.843774	  3.52029e-06	  1.70336e-07	  4128	  1.1168e-08
422	  3.02645	  0.90628	  3.52029e-06	  1.70813e-07	  4188	  1.11801e-08
423	  3.02645	  0.968758	  3.52029e-06	  1.65495e-07	  4128	  1.08506e-08
424	  3.50419	  0.030936	  2.45325e-06	  8.87142e-08	  7002	  5.4959e-09
425	  3.50419	  0.0938307	  2.45325e-06	  9.03464e-08	  6240	  5.66104e-09
426	  3.50419	  0.156319	  2.45325e-06	  9.17023e-08	  5964	  5.77255e-09
427	  3.50419	  0.218712	  2.45325e-06	  8.80217e-08	  6180	  5.52077e-09
428	  3.50419	  0.281224	  2.45325e-06	  8.94993e-08	  6420	  5.59196e-09
429	  3.50419	  0.343807	  2.45325e-06	  9.10102e-08	  6516	  5.67796e-09
430	  3.50419	  0.406302	  2.45325e-06	  9.72262e-08	  6312	  6.08508e-09
431	  3.50419	  0.468745	  2.45325e-06	  9.68781e-08	  6276	  6.06679e-09
432	  3.50419	  0.531226	  2.45325e-06	  9.86642e-08	  6360	  6.17039e-09
433	  3.50419	  0.593785	  2.45325e-06	  1.00189e-07	  6408	  6.26104e-09
434	  3.50419	  0.656281	  2.45325e-06	  1.00188e-07	  6360	  6.26568e-09
435	  3.50419	  0.718743	  2.45325e-06	  1.02505e-07	  6336	  6.41302e-09
436	  3.50419	  0.781255	  2.45325e-06	  1.01595e-07	  6372	  6.3525e-09
437	  3.50419	  0.843774	  2.45325e-06	  1.02539e-07	  6456	  6.40311e-09
438	  3.50419	  0.90628	  2.45325e-06	  9.83516e-08	  6360	  6.15083e-09
439	  3.50419	  0.968758	  2.45325e-06	  9.43845e-08	  6327	  5.90582e-09
440	  4.05763	  0.030936	  1.70477e-06	  6.46177e-08	  10392	  3.86476e-09
441	  4.05763	  0.0938307	  1.70477e-06	  6.36821e-08	  9420	  3.84024e-09
442	  4.05763	  0.156319	  1.70477e-06	  6.32012e-08	  10176	  3.78658e-09
443	  4.05763	  0.218712	  1.70477e-06	  6.42655e-08	  10260	  3.84774e-09
444	  4.05763	  0.281224	  1.70477e-06	  6.44394e-08	  9528	  3.88213e-09
445	  4.05763	  0.343807	  1.70477e-06	  6.31318e-08	  10140	  3.78354e-09
446	  4.05763	  0.406302	  1.70477e-06	  6.6368e-08	  9960	  3.98341e-09
447	  4.05763	  0.468745	  1.70477e-06	  6.59722e-08	  10068	  3.9561e-09
448	  4.05763	  0.531226	  1.70477e-06	  6.4148e-08	  9996	  3.84901e-09
449	  4.05763	  0.593785	  1.70477e-06	  6.49397e-08	  9828	  3.90204e-09
450	  4.05763	  0.656281	  1.70477e-06	  6.42651e-08	  10032	  3.85488e-09
451	  4.05763	  0.718743	  1.70477e-06	  6.19688e-08	  9924	  3.7205e-09
452	  4.05763	  0.781255	  1.70477e-06	  6.12919e-08	  10116	  3.67399e-09
453	  4.05763	  0.843774	  1.70477e-06	  5.82846e-08	  9888	  3.50036e-09
454	  4.05763	  0.90628	  1.70477e-06	  5.63033e-08	  10008	  3.37798e-09
455	  4.05763	  0.968758	  1.70477e-06	  5.29951e-08	  9978	  3.18029e-09
456	  4.69917	  0.030936	  1.18077e-06	  4.79676e-08	  13626	  2.80931e-09
457	  4.69917	  0.0938307	  1.18077e-06	  4.4954e-08	  16392	  2.59882e-09
458	  4.69917	  0.156319	  1.18077e-06	  4.52787e-08	  15708	  2.62521e-09
459	  4.69917	  0.218712	  1.18077e-06	  4.43118e-08	  15432	  2.5723e-09
460	  4.69917	  0.281224	  1.18077e-06	  4.37009e-08	  15780	  2.53293e-09
461	  4.69917	  0.343807	  1.18077e-06	  4.36752e-08	  15300	  2.53685e-09
462	  4.69917	  0.406302	  1.18077e-06	  4.30567e-08	  15588	  2.4977e-09
463	  4.69917	  0.468745	  1.18077e-06	  4.23446e-08	  15396	  2.4585e-09
464	  4.69917	  0.531226	  1.18077e-06	  4.19921e-08	  15504	  2.43685e-09
465	  4.69917	  0.593785	  1.18077e-06	  4.08629e-08	  15660	  2.36968e-09
466	  4.69917	  0.656281	  1.18077e-06	  3.91472e-08	  15192	  2.27497e-09
467	  4.69917	  0.718743	  1.18077e-06	  3.73496e-08	  15600	  2.16652e-09
468	  4.69917	  0.781255	  1.18077e-06	  3.60691e-08	  15216	  2.09586e-09
469	  4.69917	  0.843774	  1.18077e-06	  3.29927e-08	  15516	  1.9145e-09
470	  4.69917	  0.90628	  1.18077e-06	  3.13575e-08	  15540	  1.81942e-09
471	  4.69917	  0.968758	  1.18077e-06	  2.80033e-08	  15405	  1.62579e-09
472	  5.4432	  0.030936	  8.15755e-07	  3.31615e-08	  26250	  1.86275e-09
473	  5.4432	  0.0938307	  8.15755e-07	  3.21219e-08	  22392	  1.82076e-09
474	  5.4432	  0.156319	  8.15755e-07	  3.13406e-08	  24516	  1.76719e-09
475	  5.4432	  0.218712	  8.15755e-07	  3.07675e-08	  23592	  1.73869e-09
476	  5.4432	  0.281224	  8.15755e-07	  2.99444e-08	  24264	  1.68946e-09
477	  5.4432	  0.343807	  8.15755e-07	  2.93744e-08	  23928	  1.65862e-09
478	  5.4432	  0.406302	  8.15755e-07	  2.84744e-08	  24120	  1.60706e-09
479	  5.4432	  0.468745	  8.15755e-07	  2.70658e-08	  23964	  1.52813e-09
480	  5.4432	  0.531226	  8.15755e-07	  2.59107e-08	  24060	  1.46258e-09
481	  5.4432	  0.593785	  8.15755e-07	  2.46408e-08	  24108	  1.39074e-09
482	  5.4432	  0.656281	  8.15755e-07	  2.29226e-08	  24228	  1.2934e-09
483	  5.4432	  0.718743	  8.15755e-07	  2.16482e-08	  24144	  1.22173e-09
484	  5.4432	  0.781255	  8.15755e-07	  1.98047e-08	  23940	  1.11823e-09
485	  5.4432	  0.843774	  8.15755e-07	  1.75814e-08	  24192	  9.92107e-10
486	  5.4432	  0.90628	  8.15755e-07	  1.60053e-08	  23988	  9.03604e-10
487	  5.4432	  0.968758	  8.15755e-07	  1.40948e-08	  24141	  7.95457e-10
488	  6.30378	  0.030936	  5.62645e-07	  2.32516e-08	  35082	  1.28672e-09
489	  6.30378	  0.0938307	  5.62645e-07	  2.22577e-08	  39108	  1.22543e-09
490	  6.30378	  0.156319	  5.62645e-07	  2.15304e-08	  36924	  1.18857e-09
491	  6.30378	  0.218712	  5.62645e-07	  2.06513e-08	  37692	  1.13894e-09
492	  6.30378	  0.281224	  5.62645e-07	  1.96976e-08	  37092	  1.08716e-09
493	  6.30378	  0.343807	  5.62645e-07	  1.90644e-08	  37536	  1.05162e-09
494	  6.30378	  0.406302	  5.62645e-07	  1.79879e-08	  36984	  9.92928e-10
495	  6.30378	  0.468745	  5.62645e-07	  1.66111e-08	  37428	  9.16416e-10
496	  6.30378	  0.531226	  5.62645e-07	  1.53303e-08	  37392	  8.45797e-10
497	  6.30378	  0.593785	  5.62645e-07	  1.42859e-08	  37200	  7.88366e-10
498	  6.30378	  0.656281	  5.62645e-07	  1.27431e-08	  36924	  7.03474e-10
499	  6.30378	  0.718743	  5.62645e-07	  1.15322e-08	  37272	  6.36346e-10
500	  6.30378	  0.781255	  5.62645e-07	  1.00556e-08	  37284	  5.54856e-10
501	  6.30378	  0.843774	  5.62645e-07	  8.82925e-09	  37188	  4.87247e-10
502	  6.30378	  0.90628	  5.62645e-07	  7.72701e-09	  37320	  4.26349e-10
503	  6.30378	  0.968758	  5.62645e-07	  6.53296e-09	  37119	  3.60557e-10
504	  7.30029	  0.030936	  3.87106e-07	  1.58606e-08	  60258	  8.57641e-10
505	  7.30029	  0.0938307	  3.87106e-07	  1.52204e-08	  56916	  8.24821e-10
506	  7.30029	  0.156319	  3.87106e-07	  1.46805e-08	  56820	  7.9561e-10
507	  7.30029	  0.218712	  3.87106e-07	  1.37384e-08	  58716	  7.43615e-10
508	  7.30029	  0.281224	  3.87106e-07	  1.2765e-08	  57840	  6.91326e-10
509	  7.30029	  0.343807	  3.87106e-07	  1.17405e-08	  57612	  6.35938e-10
510	  7.30029	  0.406302	  3.87106e-07	  1.07504e-08	  58464	  5.81984e-10
511	  7.30029	  0.468745	  3.87106e-07	  9.67567e-09	  57948	  5.23978e-10
512	  7.30029	  0.531226	  3.87106e-07	  8.59305e-09	  57708	  4.65423e-10
513	  7.30029	  0.593785	  3.87106e-07	  7.55573e-09	  58236	  4.09096e-10
514	  7.30029	  0.656281	  3.87106e-07	  6.58881e-09	  58008	  3.56797e-10
515	  7.30029	  0.718743	  3.87106e-07	  5.63997e-09	  58200	  3.05377e-10
516	  7.30029	  0.781255	  3.87106e-07	  4.7588e-09	  58128	  2.57678e-10
517	  7.30029	  0.843774	  3.87106e-07	  4.09084e-09	  57972	  2.21532e-10
518	  7.30029	  0.90628	  3.87106e-07	  3.40341e-09	  57960	  1.84307e-10
519	  7.30029	  0.968758	  3.87106e-07	  2.78161e-09	  58122	  1.50618e-10
520	  8.455	  0.030936	  2.65864e-07	  1.07129e-08	  90198	  5.71315e-10
521	  8.455	  0.0938307	  2.65864e-07	  1.01185e-08	  89292	  5.39787e-10
522	  8.455	  0.156319	  2.65864e-07	  9.49449e-09	  90804	  5.06232e-10
523	  8.455	  0.218712	  2.65864e-07	  8.6796e-09	  89628	  4.62972e-10
524	  8.455	  0.281224	  2.65864e-07	  7.90947e-09	  89844	  4.21861e-10
525	  8.455	  0.343807	  2.65864e-07	  6.96869e-09	  90636	  3.71582e-10
526	  8.455	  0.406302	  2.65864e-07	  6.13276e-09	  89628	  3.27123e-10
527	  8.455	  0.468745	  2.65864e-07	  5.24029e-09	  89772	  2.79504e-10
528	  8.455	  0.531226	  2.65864e-07	  4.4178e-09	  90324	  2.35589e-10
529	  8.455	  0.593785	  2.65864e-07	  3.73973e-09	  89784	  1.99467e-10
530	  8.455	  0.656281	  2.65864e-07	  3.10865e-09	  90216	  1.65782e-10
531	  8.455	  0.718743	  2.65864e-07	  2.54224e-09	  89796	  1.35596e-10
532	  8.455	  0.781255	  2.65864e-07	  2.08301e-09	  90120	  1.11089e-10
533	  8.455	  0.843774	  2.65864e-07	  1.69254e-09	  90132	  9.02648e-11
534	  8.455	  0.90628	  2.65864e-07	  1.3668e-09	  89916	  7.28979e-11
535	  8.455	  0.968758	  2.65864e-07	  1.07479e-09	  89964	  5.7323e-11
536	  9.79129	  0.030936	  1.82229e-07	  7.01512e-09	  139068	  3.69567e-10
537	  9.79129	  0.0938307	  1.82229e-07	  6.5125e-09	  141180	  3.42958e-10
538	  9.79129	  0.156319	  1.82229e-07	  5.93587e-09	  139380	  3.12693e-10
539	  9.79129	  0.218712	  1.82229e-07	  5.23569e-09	  138804	  2.75838e-10
540	  9.79129	  0.281224	  1.82229e-07	  4.54746e-09	  140952	  2.39485e-10
541	  9.79129	  0.343807	  1.82229e-07	  3.8403e-09	  139668	  2.02291e-10
542	  9.79129	  0.406302	  1.82229e-07	  3.1695e-09	  139464	  1.66962e-10
543	  9.79129	  0.468745	  1.82229e-07	  2.60684e-09	  139812	  1.37314e-10
544	  9.79129	  0.531226	  1.82229e-07	  2.10208e-09	  139884	  1.10725e-10
545	  9.79129	  0.593785	  1.82229e-07	  1.68843e-09	  140184	  8.89311e-11
546	  9.79129	  0.656281	  1.82229e-07	  1.34318e-09	  139404	  7.07565e-11
547	  9.79129	  0.718743	  1.82229e-07	  1.06432e-09	  139932	  5.60613e-11
548	  9.79129	  0.781255	  1.82229e-07	  8.4071e-10	  139980	  4.42825e-11
549	  9.79129	  0.843774	  1.82229e-07	  6.51265e-10	  139632	  3.43061e-11
550	  9.79129	  0.90628	  1.82229e-07	  5.06616e-10	  140088	  2.66843e-11
551	  9.79129	  0.968758	  1.82229e-07	  3.77444e-10	  139623	  1.98823e-11
