#n	   k	      mu	    PL	    Pf	     w	     err  
0	  0.10472	  1	  0.00379853	  0.000386878	  3	  0.000242708
1	  0.20944	  1	  0.00134928	  0.000109492	  3	  6.86898e-05
2	  0.314159	  1	  0.000632002	  0.000104064	  3	  6.52845e-05
3	  0.418879	  1	  0.000354209	  1.97007e-05	  3	  1.23592e-05
4	  0.523599	  1	  0.00022393	  5.90416e-06	  3	  3.70398e-06
5	  0.628319	  1	  0.000151731	  2.81222e-05	  3	  1.76424e-05
6	  0.733038	  1	  0.000108477	  1.29995e-05	  3	  8.15525e-06
7	  0.837758	  1	  8.07459e-05	  1.11842e-05	  3	  7.01642e-06
8	  0.942478	  1	  6.20055e-05	  1.73355e-06	  3	  1.08754e-06
9	  0.10472	  0	  0.00379853	  6.61341e-05	  6	  3.03058e-05
10	  0.148096	  0.707107	  0.00241558	  9.31244e-05	  12	  3.15389e-05
11	  0.23416	  0.894427	  0.00106881	  0.000113294	  12	  3.83699e-05
12	  0.331153	  0.948683	  0.000572332	  4.57378e-05	  12	  1.54902e-05
13	  0.431771	  0.970143	  0.00033334	  2.48164e-05	  12	  8.40469e-06
14	  0.533968	  0.980581	  0.000214781	  1.63957e-05	  12	  5.55282e-06
15	  0.636985	  0.986394	  0.000147282	  9.98762e-06	  12	  3.38256e-06
16	  0.74048	  0.989949	  0.00010613	  1.297e-05	  12	  4.39263e-06
17	  0.844278	  0.992278	  7.93415e-05	  6.31208e-06	  12	  2.13775e-06
18	  0.948278	  0.993884	  6.11422e-05	  6.03622e-06	  12	  2.04432e-06
19	  0.148096	  0	  0.00241558	  3.49797e-05	  6	  1.60294e-05
20	  0.18138	  0.57735	  0.0017137	  4.79132e-05	  12	  1.6227e-05
21	  0.25651	  0.816497	  0.000940668	  5.39542e-05	  12	  1.82729e-05
22	  0.347316	  0.904534	  0.000515517	  3.15773e-05	  12	  1.06944e-05
23	  0.444288	  0.942809	  0.00031512	  2.10521e-05	  12	  7.12983e-06
24	  0.54414	  0.96225	  0.000206254	  1.78292e-05	  12	  6.0383e-06
25	  0.645536	  0.973329	  0.000143139	  1.10348e-05	  12	  3.73721e-06
26	  0.747849	  0.980196	  0.00010381	  7.07633e-06	  12	  2.39658e-06
27	  0.850747	  0.984732	  7.80228e-05	  8.03667e-06	  12	  2.72182e-06
28	  0.954042	  0.987878	  6.03124e-05	  5.86615e-06	  12	  1.98672e-06
29	  0.20944	  0	  0.00134928	  2.17742e-05	  6	  9.97799e-06
30	  0.23416	  0.447214	  0.00106881	  3.59194e-05	  12	  1.2165e-05
31	  0.296192	  0.707107	  0.000695986	  4.29545e-05	  12	  1.45476e-05
32	  0.377572	  0.83205	  0.000438644	  2.89028e-05	  12	  9.78866e-06
33	  0.468321	  0.894427	  0.00028273	  2.32456e-05	  12	  7.87269e-06
34	  0.563933	  0.928477	  0.000191181	  8.96072e-06	  12	  3.03477e-06
35	  0.662306	  0.948683	  0.000135378	  8.90171e-06	  12	  3.01479e-06
36	  0.762371	  0.961524	  9.95093e-05	  9.21872e-06	  12	  3.12215e-06
37	  0.863541	  0.970143	  7.54539e-05	  2.48344e-06	  12	  8.41078e-07
38	  0.965468	  0.976187	  5.87146e-05	  4.01985e-06	  12	  1.36142e-06
39	  0.23416	  0	  0.00106881	  2.22686e-05	  12	  7.54183e-06
40	  0.25651	  0.408248	  0.000940668	  2.15688e-05	  24	  5.48116e-06
41	  0.314159	  0.666667	  0.000632002	  2.97125e-05	  24	  7.55066e-06
42	  0.391825	  0.801784	  0.000408396	  2.16462e-05	  24	  5.50081e-06
43	  0.479886	  0.872872	  0.000268343	  2.50688e-05	  24	  6.37058e-06
44	  0.573574	  0.912871	  0.000184519	  1.13106e-05	  24	  2.87431e-06
45	  0.670534	  0.937043	  0.000131833	  7.42881e-06	  24	  1.88784e-06
46	  0.76953	  0.952579	  9.75033e-05	  7.22399e-06	  24	  1.83579e-06
47	  0.869868	  0.963087	  7.4243e-05	  5.81506e-06	  24	  1.47775e-06
48	  0.971131	  0.970495	  5.79317e-05	  4.77534e-06	  24	  1.21353e-06
49	  0.296192	  0	  0.000695986	  1.27277e-05	  6	  5.83246e-06
50	  0.314159	  0.333333	  0.000632002	  1.62971e-05	  12	  5.51942e-06
51	  0.36276	  0.57735	  0.000471853	  1.38113e-05	  12	  4.67754e-06
52	  0.431771	  0.727607	  0.00033334	  1.78755e-05	  12	  6.054e-06
53	  0.51302	  0.816497	  0.000233677	  1.54192e-05	  12	  5.22209e-06
54	  0.601569	  0.870388	  0.000166611	  1.19621e-05	  12	  4.05127e-06
55	  0.694632	  0.904534	  0.000122073	  1.19673e-05	  12	  4.05304e-06
56	  0.790617	  0.927173	  9.18345e-05	  6.53583e-06	  12	  2.21352e-06
57	  0.888577	  0.942809	  7.0786e-05	  5.08833e-06	  12	  1.72329e-06
58	  0.987924	  0.953998	  5.57298e-05	  2.39974e-06	  12	  8.12732e-07
59	  0.314159	  0	  0.000632002	  1.69152e-05	  6	  7.75136e-06
60	  0.331153	  0.316228	  0.000572332	  1.3201e-05	  12	  4.47084e-06
61	  0.377572	  0.5547	  0.000438644	  1.87704e-05	  12	  6.35707e-06
62	  0.444288	  0.707107	  0.00031512	  9.93698e-06	  12	  3.36541e-06
63	  0.523599	  0.8	  0.00022393	  1.51165e-05	  12	  5.11958e-06
64	  0.610616	  0.857493	  0.000161348	  6.30575e-06	  12	  2.1356e-06
65	  0.702481	  0.894427	  0.000119103	  7.49794e-06	  12	  2.53937e-06
66	  0.797522	  0.919145	  9.00783e-05	  6.49486e-06	  12	  2.19965e-06
67	  0.894726	  0.936329	  6.96796e-05	  3.32145e-06	  12	  1.12489e-06
68	  0.993459	  0.948683	  5.50341e-05	  4.05925e-06	  12	  1.37477e-06
69	  0.331153	  0	  0.000572332	  1.03553e-05	  12	  3.50709e-06
70	  0.347316	  0.301511	  0.000515517	  9.56214e-06	  24	  2.42997e-06
71	  0.391825	  0.534522	  0.000408396	  1.00481e-05	  24	  2.55347e-06
72	  0.456463	  0.688247	  0.000298414	  1.82362e-05	  24	  4.63426e-06
73	  0.533968	  0.784465	  0.000214781	  9.76756e-06	  24	  2.48217e-06
74	  0.61953	  0.845154	  0.000156415	  6.98823e-06	  24	  1.77588e-06
75	  0.710244	  0.884652	  0.000116293	  1.11061e-05	  24	  2.82233e-06
76	  0.804368	  0.911322	  8.83936e-05	  5.82847e-06	  24	  1.48116e-06
77	  0.900833	  0.929981	  6.86392e-05	  4.64215e-06	  24	  1.17968e-06
78	  0.998963	  0.943456	  5.43564e-05	  3.03735e-06	  24	  7.71864e-07
79	  0.377572	  0	  0.000438644	  8.63049e-06	  12	  2.92293e-06
80	  0.391825	  0.267261	  0.000408396	  6.5888e-06	  24	  1.67437e-06
81	  0.431771	  0.485071	  0.00033334	  1.13696e-05	  24	  2.8893e-06
82	  0.491179	  0.639602	  0.000255503	  8.11084e-06	  24	  2.06116e-06
83	  0.563933	  0.742781	  0.000191181	  1.07217e-05	  24	  2.72463e-06
84	  0.645536	  0.811107	  0.000143139	  8.80152e-06	  24	  2.23668e-06
85	  0.733038	  0.857143	  0.000108477	  7.57922e-06	  24	  1.92606e-06
86	  0.824564	  0.889001	  8.36412e-05	  3.54556e-06	  24	  9.01012e-07
87	  0.918912	  0.911685	  6.56405e-05	  5.12235e-06	  24	  1.30171e-06
88	  0.418879	  0	  0.000354209	  1.99775e-06	  6	  9.15467e-07
89	  0.431771	  0.242536	  0.00033334	  4.92972e-06	  12	  1.66957e-06
90	  0.468321	  0.447214	  0.00028273	  8.85313e-06	  12	  2.99834e-06
91	  0.523599	  0.6	  0.00022393	  8.21536e-06	  12	  2.78234e-06
92	  0.592384	  0.707107	  0.000172252	  3.95768e-06	  12	  1.34037e-06
93	  0.670534	  0.780869	  0.000131833	  8.56429e-06	  12	  2.90051e-06
94	  0.755145	  0.83205	  0.000101648	  5.05105e-06	  12	  1.71066e-06
95	  0.844278	  0.868243	  7.93415e-05	  4.88493e-06	  12	  1.6544e-06
96	  0.936642	  0.894427	  6.28741e-05	  2.49145e-06	  12	  8.43793e-07
97	  0.431771	  0	  0.00033334	  4.70928e-06	  12	  1.59492e-06
98	  0.444288	  0.235702	  0.00031512	  3.00063e-06	  24	  7.62533e-07
99	  0.479886	  0.436436	  0.000268343	  9.92789e-06	  24	  2.52292e-06
100	  0.533968	  0.588348	  0.000214781	  5.31459e-06	  24	  1.35056e-06
101	  0.601569	  0.696311	  0.000166611	  5.08106e-06	  24	  1.29122e-06
102	  0.678662	  0.771517	  0.000128405	  4.61761e-06	  24	  1.17345e-06
103	  0.762371	  0.824163	  9.95093e-05	  6.83498e-06	  24	  1.73693e-06
104	  0.850747	  0.86164	  7.80228e-05	  5.79062e-06	  24	  1.47154e-06
105	  0.942478	  0.888889	  6.20055e-05	  4.7483e-06	  24	  1.20666e-06
106	  0.444288	  0	  0.00031512	  4.23654e-06	  6	  1.94139e-06
107	  0.456463	  0.229416	  0.000298414	  7.75281e-06	  12	  2.62568e-06
108	  0.491179	  0.426401	  0.000255503	  6.61106e-06	  12	  2.239e-06
109	  0.54414	  0.57735	  0.000206254	  2.35997e-06	  12	  7.99264e-07
110	  0.610616	  0.685994	  0.000161348	  8.4033e-06	  12	  2.84599e-06
111	  0.686693	  0.762493	  0.00012517	  5.39065e-06	  12	  1.82568e-06
112	  0.76953	  0.816497	  9.75033e-05	  4.90452e-06	  12	  1.66104e-06
113	  0.857168	  0.855186	  7.6714e-05	  2.87679e-06	  12	  9.74299e-07
114	  0.948278	  0.883452	  6.11422e-05	  2.19406e-06	  12	  7.43072e-07
115	  0.468321	  0	  0.00028273	  5.44052e-06	  12	  1.84257e-06
116	  0.479886	  0.218218	  0.000268343	  7.61944e-06	  24	  1.93628e-06
117	  0.51302	  0.408248	  0.000233677	  7.74861e-06	  24	  1.96911e-06
118	  0.563933	  0.557086	  0.000191181	  7.30037e-06	  24	  1.8552e-06
119	  0.628319	  0.666667	  0.000151731	  5.49766e-06	  24	  1.39709e-06
120	  0.702481	  0.745356	  0.000119103	  6.17828e-06	  24	  1.57005e-06
121	  0.783651	  0.801784	  9.36575e-05	  5.29333e-06	  24	  1.34516e-06
122	  0.869868	  0.842701	  7.4243e-05	  3.55879e-06	  24	  9.04375e-07
123	  0.959772	  0.872872	  5.95111e-05	  3.34945e-06	  24	  8.51176e-07
124	  0.523599	  0	  0.00022393	  3.79835e-06	  18	  1.0852e-06
125	  0.533968	  0.196116	  0.000214781	  3.53936e-06	  36	  7.66862e-07
126	  0.563933	  0.371391	  0.000191181	  3.51018e-06	  36	  7.6054e-07
127	  0.610616	  0.514496	  0.000161348	  4.20692e-06	  36	  9.11498e-07
128	  0.670534	  0.624695	  0.000131833	  4.38532e-06	  36	  9.50153e-07
129	  0.74048	  0.707107	  0.00010613	  4.77178e-06	  36	  1.03388e-06
130	  0.817887	  0.768221	  8.51823e-05	  4.06119e-06	  36	  8.79925e-07
131	  0.900833	  0.813733	  6.86392e-05	  3.50266e-06	  36	  7.5891e-07
132	  0.987924	  0.847998	  5.57298e-05	  3.08804e-06	  36	  6.69075e-07
133	  0.533968	  0	  0.000214781	  3.50367e-06	  12	  1.18661e-06
134	  0.54414	  0.19245	  0.000206254	  5.29994e-06	  24	  1.34684e-06
135	  0.573574	  0.365148	  0.000184519	  3.60901e-06	  24	  9.17137e-07
136	  0.61953	  0.507093	  0.000156415	  4.64934e-06	  24	  1.18151e-06
137	  0.678662	  0.617213	  0.000128405	  4.47399e-06	  24	  1.13695e-06
138	  0.747849	  0.70014	  0.00010381	  4.2249e-06	  24	  1.07365e-06
139	  0.824564	  0.762001	  8.36412e-05	  1.75572e-06	  24	  4.4617e-07
140	  0.9069	  0.80829	  6.76145e-05	  3.89251e-06	  24	  9.89181e-07
141	  0.993459	  0.843274	  5.50341e-05	  2.92699e-06	  24	  7.43819e-07
142	  0.563933	  0	  0.000191181	  1.47446e-06	  12	  4.99362e-07
143	  0.573574	  0.182574	  0.000184519	  2.9733e-06	  24	  7.55586e-07
144	  0.601569	  0.348155	  0.000166611	  3.83909e-06	  24	  9.75605e-07
145	  0.645536	  0.486664	  0.000143139	  4.50279e-06	  24	  1.14427e-06
146	  0.702481	  0.596285	  0.000119103	  4.65851e-06	  24	  1.18384e-06
147	  0.76953	  0.680414	  9.75033e-05	  2.6895e-06	  24	  6.83467e-07
148	  0.844278	  0.744208	  7.93415e-05	  4.25668e-06	  24	  1.08172e-06
149	  0.92486	  0.792594	  6.46977e-05	  3.34016e-06	  24	  8.48816e-07
150	  0.592384	  0	  0.000172252	  1.03451e-06	  6	  4.74061e-07
151	  0.601569	  0.174078	  0.000166611	  2.15796e-06	  12	  7.30849e-07
152	  0.628319	  0.333333	  0.000151731	  3.02596e-06	  12	  1.02482e-06
153	  0.670534	  0.468521	  0.000131833	  2.65817e-06	  12	  9.00255e-07
154	  0.72552	  0.57735	  0.000110996	  5.10376e-06	  12	  1.72852e-06
155	  0.790617	  0.662266	  9.18345e-05	  3.69634e-06	  12	  1.25186e-06
156	  0.863541	  0.727607	  7.54539e-05	  3.08866e-06	  12	  1.04605e-06
157	  0.942478	  0.777778	  6.20055e-05	  2.34143e-06	  12	  7.92984e-07
158	  0.610616	  0	  0.000161348	  2.23588e-06	  12	  7.57235e-07
159	  0.61953	  0.169031	  0.000156415	  2.70846e-06	  24	  6.88286e-07
160	  0.645536	  0.324443	  0.000143139	  3.20047e-06	  24	  8.13317e-07
161	  0.686693	  0.457496	  0.00012517	  3.52656e-06	  24	  8.96183e-07
162	  0.74048	  0.565685	  0.00010613	  3.04589e-06	  24	  7.74034e-07
163	  0.804368	  0.650945	  8.83936e-05	  4.0544e-06	  24	  1.03032e-06
164	  0.876148	  0.717137	  7.30409e-05	  3.46927e-06	  24	  8.81626e-07
165	  0.954042	  0.76835	  6.03124e-05	  2.79398e-06	  24	  7.10017e-07
166	  0.628319	  0	  0.000151731	  7.71186e-06	  6	  3.53395e-06
167	  0.636985	  0.164399	  0.000147282	  3.79241e-06	  12	  1.2844e-06
168	  0.662306	  0.316228	  0.000135378	  2.43445e-06	  12	  8.24486e-07
169	  0.702481	  0.447214	  0.000119103	  1.37698e-06	  12	  4.66347e-07
170	  0.755145	  0.5547	  0.000101648	  1.90161e-06	  12	  6.44029e-07
171	  0.817887	  0.640184	  8.51823e-05	  2.35339e-06	  12	  7.97034e-07
172	  0.888577	  0.707107	  7.0786e-05	  2.59942e-06	  12	  8.80359e-07
173	  0.965468	  0.759257	  5.87146e-05	  3.03885e-06	  12	  1.02918e-06
174	  0.636985	  0	  0.000147282	  3.68981e-06	  12	  1.24965e-06
175	  0.645536	  0.162221	  0.000143139	  2.0082e-06	  24	  5.10332e-07
176	  0.670534	  0.312348	  0.000131833	  2.24435e-06	  24	  5.70344e-07
177	  0.710244	  0.442326	  0.000116293	  3.04625e-06	  24	  7.74125e-07
178	  0.762371	  0.549442	  9.95093e-05	  3.82822e-06	  24	  9.72843e-07
179	  0.824564	  0.635001	  8.36412e-05	  1.93211e-06	  24	  4.90996e-07
180	  0.894726	  0.702247	  6.96796e-05	  2.00616e-06	  24	  5.09815e-07
181	  0.971131	  0.754829	  5.79317e-05	  2.46011e-06	  24	  6.25172e-07
182	  0.662306	  0	  0.000135378	  2.25422e-06	  12	  7.63448e-07
183	  0.670534	  0.156174	  0.000131833	  2.08631e-06	  24	  5.30181e-07
184	  0.694632	  0.301511	  0.000122073	  2.29864e-06	  24	  5.84139e-07
185	  0.733038	  0.428571	  0.000108477	  2.98793e-06	  24	  7.59304e-07
186	  0.783651	  0.534522	  9.36575e-05	  2.45407e-06	  24	  6.23638e-07
187	  0.844278	  0.620174	  7.93415e-05	  2.44511e-06	  24	  6.2136e-07
188	  0.912926	  0.688247	  6.65967e-05	  1.79287e-06	  24	  4.55613e-07
189	  0.987924	  0.741999	  5.57298e-05	  2.0485e-06	  24	  5.20573e-07
190	  0.670534	  0	  0.000131833	  2.66409e-06	  12	  9.02262e-07
191	  0.678662	  0.154303	  0.000128405	  1.79639e-06	  24	  4.56506e-07
192	  0.702481	  0.298142	  0.000119103	  2.89539e-06	  24	  7.35789e-07
193	  0.74048	  0.424264	  0.00010613	  2.27572e-06	  24	  5.78315e-07
194	  0.790617	  0.529813	  9.18345e-05	  2.46731e-06	  24	  6.27003e-07
195	  0.850747	  0.615457	  7.80228e-05	  1.79296e-06	  24	  4.55634e-07
196	  0.918912	  0.683763	  6.56405e-05	  2.67141e-06	  24	  6.78869e-07
197	  0.993459	  0.737865	  5.50341e-05	  2.2782e-06	  24	  5.78946e-07
198	  0.702481	  0	  0.000119103	  1.15224e-06	  12	  3.90236e-07
199	  0.710244	  0.147442	  0.000116293	  2.28368e-06	  24	  5.80339e-07
200	  0.733038	  0.285714	  0.000108477	  2.9219e-06	  24	  7.42524e-07
201	  0.76953	  0.408248	  9.75033e-05	  2.42898e-06	  24	  6.17262e-07
202	  0.817887	  0.512148	  8.51823e-05	  3.43059e-06	  24	  8.71797e-07
203	  0.876148	  0.597614	  7.30409e-05	  2.82509e-06	  24	  7.17923e-07
204	  0.942478	  0.666667	  6.20055e-05	  2.34633e-06	  24	  5.96259e-07
205	  0.733038	  0	  0.000108477	  1.80409e-06	  6	  8.2672e-07
206	  0.74048	  0.141421	  0.00010613	  1.83226e-06	  12	  6.20542e-07
207	  0.762371	  0.274721	  9.95093e-05	  1.56539e-06	  12	  5.30159e-07
208	  0.797522	  0.393919	  9.00783e-05	  2.11443e-06	  12	  7.16105e-07
209	  0.844278	  0.496139	  7.93415e-05	  2.5605e-06	  12	  8.67178e-07
210	  0.900833	  0.581238	  6.86392e-05	  2.73253e-06	  12	  9.25438e-07
211	  0.965468	  0.650791	  5.87146e-05	  2.22502e-06	  12	  7.5356e-07
212	  0.74048	  0	  0.00010613	  1.906e-06	  18	  5.44549e-07
213	  0.747849	  0.140028	  0.00010381	  2.47355e-06	  36	  5.35936e-07
214	  0.76953	  0.272166	  9.75033e-05	  1.91637e-06	  36	  4.15213e-07
215	  0.804368	  0.390567	  8.83936e-05	  2.7827e-06	  36	  6.02918e-07
216	  0.850747	  0.492366	  7.80228e-05	  1.74577e-06	  36	  3.7825e-07
217	  0.9069	  0.57735	  6.76145e-05	  1.7723e-06	  36	  3.83998e-07
218	  0.971131	  0.646997	  5.79317e-05	  2.88092e-06	  36	  6.24199e-07
219	  0.755145	  0	  0.000101648	  1.21834e-06	  12	  4.12623e-07
220	  0.762371	  0.137361	  9.95093e-05	  2.37233e-06	  24	  6.02867e-07
221	  0.783651	  0.267261	  9.36575e-05	  2.03735e-06	  24	  5.17739e-07
222	  0.817887	  0.384111	  8.51823e-05	  2.26551e-06	  24	  5.75721e-07
223	  0.863541	  0.485071	  7.54539e-05	  1.23157e-06	  24	  3.12971e-07
224	  0.918912	  0.569803	  6.56405e-05	  2.01633e-06	  24	  5.12399e-07
225	  0.982358	  0.639602	  5.64596e-05	  1.57665e-06	  24	  4.00665e-07
226	  0.762371	  0	  9.95093e-05	  1.03488e-06	  12	  3.50487e-07
227	  0.76953	  0.136083	  9.75033e-05	  2.34848e-06	  24	  5.96807e-07
228	  0.790617	  0.264906	  9.18345e-05	  1.63259e-06	  24	  4.14881e-07
229	  0.824564	  0.381	  8.36412e-05	  1.64179e-06	  24	  4.17218e-07
230	  0.869868	  0.481543	  7.4243e-05	  1.19388e-06	  24	  3.03394e-07
231	  0.92486	  0.566139	  6.46977e-05	  2.28187e-06	  24	  5.79878e-07
232	  0.987924	  0.635999	  5.57298e-05	  1.68511e-06	  24	  4.28226e-07
233	  0.797522	  0	  9.00783e-05	  1.83288e-06	  12	  6.20751e-07
234	  0.804368	  0.130189	  8.83936e-05	  2.26228e-06	  24	  5.749e-07
235	  0.824564	  0.254	  8.36412e-05	  1.44402e-06	  24	  3.66961e-07
236	  0.857168	  0.366508	  7.6714e-05	  1.72709e-06	  24	  4.38895e-07
237	  0.900833	  0.464991	  6.86392e-05	  1.64373e-06	  24	  4.17712e-07
238	  0.954042	  0.548821	  6.03124e-05	  1.906e-06	  24	  4.8436e-07
239	  0.817887	  0	  8.51823e-05	  1.33785e-06	  12	  4.53095e-07
240	  0.824564	  0.127	  8.36412e-05	  1.28475e-06	  24	  3.26487e-07
241	  0.844278	  0.248069	  7.93415e-05	  1.51497e-06	  24	  3.8499e-07
242	  0.876148	  0.358569	  7.30409e-05	  1.89421e-06	  24	  4.81364e-07
243	  0.918912	  0.455842	  6.56405e-05	  1.76534e-06	  24	  4.48616e-07
244	  0.971131	  0.539164	  5.79317e-05	  2.06684e-06	  24	  5.25233e-07
245	  0.837758	  0	  8.07459e-05	  1.68033e-06	  6	  7.70007e-07
246	  0.844278	  0.124035	  7.93415e-05	  2.23522e-06	  12	  7.57013e-07
247	  0.863541	  0.242536	  7.54539e-05	  7.16786e-07	  12	  2.42758e-07
248	  0.894726	  0.351123	  6.96796e-05	  1.40862e-06	  12	  4.77065e-07
249	  0.936642	  0.447214	  6.28741e-05	  1.43484e-06	  12	  4.85944e-07
250	  0.987924	  0.529999	  5.57298e-05	  2.3503e-06	  12	  7.95988e-07
251	  0.844278	  0	  7.93415e-05	  1.9517e-06	  24	  4.95974e-07
252	  0.850747	  0.123091	  7.80228e-05	  1.65355e-06	  48	  3.21347e-07
253	  0.869868	  0.240772	  7.4243e-05	  1.37889e-06	  48	  2.6797e-07
254	  0.900833	  0.348743	  6.86392e-05	  1.63372e-06	  48	  3.17494e-07
255	  0.942478	  0.444444	  6.20055e-05	  1.55551e-06	  48	  3.02294e-07
256	  0.993459	  0.527046	  5.50341e-05	  1.73038e-06	  48	  3.36278e-07
257	  0.863541	  0	  7.54539e-05	  8.54815e-07	  12	  2.89504e-07
258	  0.869868	  0.120386	  7.4243e-05	  1.45989e-06	  24	  3.70994e-07
259	  0.888577	  0.235702	  7.0786e-05	  1.41977e-06	  24	  3.60798e-07
260	  0.918912	  0.341882	  6.56405e-05	  1.5195e-06	  24	  3.86141e-07
261	  0.959772	  0.436436	  5.95111e-05	  1.49146e-06	  24	  3.79016e-07
262	  0.888577	  0	  7.0786e-05	  1.30283e-06	  6	  5.97019e-07
263	  0.894726	  0.117041	  6.96796e-05	  9.86967e-07	  12	  3.34261e-07
264	  0.912926	  0.229416	  6.65967e-05	  1.40923e-06	  12	  4.7727e-07
265	  0.942478	  0.333333	  6.20055e-05	  1.56418e-06	  12	  5.29749e-07
266	  0.982358	  0.426401	  5.64596e-05	  1.47166e-06	  12	  4.98416e-07
267	  0.894726	  0	  6.96796e-05	  9.82481e-07	  12	  3.32742e-07
268	  0.900833	  0.116248	  6.86392e-05	  1.22533e-06	  24	  3.11385e-07
269	  0.918912	  0.227921	  6.56405e-05	  1.53887e-06	  24	  3.91065e-07
270	  0.948278	  0.331295	  6.11422e-05	  1.52127e-06	  24	  3.86591e-07
271	  0.987924	  0.423999	  5.57298e-05	  1.31261e-06	  24	  3.33565e-07
272	  0.900833	  0	  6.86392e-05	  1.78045e-06	  12	  6.02993e-07
273	  0.9069	  0.11547	  6.76145e-05	  1.25615e-06	  24	  3.19217e-07
274	  0.92486	  0.226455	  6.46977e-05	  1.00966e-06	  24	  2.56578e-07
275	  0.954042	  0.329293	  6.03124e-05	  1.51399e-06	  24	  3.84743e-07
276	  0.993459	  0.421637	  5.50341e-05	  1.35517e-06	  24	  3.44382e-07
277	  0.936642	  0	  6.28741e-05	  9.16788e-07	  12	  3.10493e-07
278	  0.942478	  0.111111	  6.20055e-05	  1.31174e-06	  24	  3.33344e-07
279	  0.959772	  0.218218	  5.95111e-05	  1.14118e-06	  24	  2.90001e-07
280	  0.987924	  0.317999	  5.57298e-05	  1.07429e-06	  24	  2.73003e-07
281	  0.942478	  0	  6.20055e-05	  2.2236e-06	  6	  1.01896e-06
282	  0.948278	  0.110432	  6.11422e-05	  1.56398e-06	  12	  5.29681e-07
283	  0.965468	  0.21693	  5.87146e-05	  1.34155e-06	  12	  4.54349e-07
284	  0.993459	  0.316228	  5.50341e-05	  1.43353e-06	  12	  4.85499e-07
285	  0.948278	  0	  6.11422e-05	  1.40129e-06	  12	  4.74583e-07
286	  0.954042	  0.109764	  6.03124e-05	  1.06786e-06	  24	  2.71369e-07
287	  0.971131	  0.215666	  5.79317e-05	  8.82655e-07	  24	  2.24304e-07
288	  0.998963	  0.314485	  5.43564e-05	  1.14876e-06	  24	  2.91927e-07
289	  0.965468	  0	  5.87146e-05	  1.04407e-06	  24	  2.65324e-07
290	  0.971131	  0.107833	  5.79317e-05	  1.19519e-06	  48	  2.32271e-07
291	  0.987924	  0.212	  5.57298e-05	  1.28942e-06	  48	  2.50582e-07
292	  0.987924	  0	  5.57298e-05	  1.10688e-06	  12	  3.74874e-07
293	  0.993459	  0.105409	  5.50341e-05	  1.14826e-06	  24	  2.91801e-07
294	  0.993459	  0	  5.50341e-05	  9.53072e-07	  12	  3.22782e-07
295	  0.998963	  0.104828	  5.43564e-05	  9.94947e-07	  24	  2.5284e-07
296	  1.08818	  0.030936	  4.47331e-05	  9.28052e-07	  138	  1.25404e-07
297	  1.08818	  0.0938307	  4.47331e-05	  8.52663e-07	  252	  9.63459e-08
298	  1.08818	  0.156319	  4.47331e-05	  7.6707e-07	  72	  1.28754e-07
299	  1.08818	  0.218712	  4.47331e-05	  8.65379e-07	  216	  1.02151e-07
300	  1.08818	  0.281224	  4.47331e-05	  1.01816e-06	  288	  1.10903e-07
301	  1.08818	  0.343807	  4.47331e-05	  9.74322e-07	  120	  1.37659e-07
302	  1.08818	  0.406302	  4.47331e-05	  1.35726e-06	  180	  1.69027e-07
303	  1.08818	  0.468745	  4.47331e-05	  1.26945e-06	  180	  1.58092e-07
304	  1.08818	  0.531226	  4.47331e-05	  1.45465e-06	  192	  1.77713e-07
305	  1.08818	  0.593785	  4.47331e-05	  1.85482e-06	  192	  2.26601e-07
306	  1.08818	  0.656281	  4.47331e-05	  1.53555e-06	  168	  1.95248e-07
307	  1.08818	  0.718743	  4.47331e-05	  1.97502e-06	  228	  2.29549e-07
308	  1.08818	  0.781255	  4.47331e-05	  2.72643e-06	  144	  3.63524e-07
309	  1.08818	  0.843774	  4.47331e-05	  2.33035e-06	  240	  2.66941e-07
310	  1.08818	  0.90628	  4.47331e-05	  2.97386e-06	  168	  3.78131e-07
311	  1.08818	  0.968758	  4.47331e-05	  3.01479e-06	  150	  3.96896e-07
312	  1.25577	  0.030936	  3.21739e-05	  7.1064e-07	  198	  8.6035e-08
313	  1.25577	  0.0938307	  3.21739e-05	  7.30824e-07	  396	  7.32665e-08
314	  1.25577	  0.156319	  3.21739e-05	  7.0116e-07	  396	  7.02926e-08
315	  1.25577	  0.218712	  3.21739e-05	  6.60479e-07	  204	  7.92667e-08
316	  1.25577	  0.281224	  3.21739e-05	  7.85446e-07	  216	  9.27151e-08
317	  1.25577	  0.343807	  3.21739e-05	  7.78667e-07	  372	  7.93054e-08
318	  1.25577	  0.406302	  3.21739e-05	  8.90974e-07	  312	  9.49902e-08
319	  1.25577	  0.468745	  3.21739e-05	  8.79103e-07	  288	  9.57567e-08
320	  1.25577	  0.531226	  3.21739e-05	  1.16416e-06	  264	  1.29857e-07
321	  1.25577	  0.593785	  3.21739e-05	  1.10312e-06	  312	  1.17608e-07
322	  1.25577	  0.656281	  3.21739e-05	  1.18774e-06	  276	  1.30881e-07
323	  1.25577	  0.718743	  3.21739e-05	  1.35347e-06	  312	  1.44299e-07
324	  1.25577	  0.781255	  3.21739e-05	  1.57475e-06	  276	  1.73526e-07
325	  1.25577	  0.843774	  3.21739e-05	  1.60562e-06	  240	  1.83924e-07
326	  1.25577	  0.90628	  3.21739e-05	  1.81684e-06	  324	  1.91777e-07
327	  1.25577	  0.968758	  3.21739e-05	  2.09939e-06	  315	  2.23257e-07
328	  1.45182	  0.030936	  2.29512e-05	  5.01251e-07	  246	  5.70211e-08
329	  1.45182	  0.0938307	  2.29512e-05	  4.59717e-07	  516	  4.32237e-08
330	  1.45182	  0.156319	  2.29512e-05	  5.09224e-07	  504	  4.81438e-08
331	  1.45182	  0.218712	  2.29512e-05	  4.73194e-07	  528	  4.42528e-08
332	  1.45182	  0.281224	  2.29512e-05	  5.11916e-07	  504	  4.83983e-08
333	  1.45182	  0.343807	  2.29512e-05	  5.80167e-07	  384	  5.86149e-08
334	  1.45182	  0.406302	  2.29512e-05	  7.05735e-07	  420	  6.97231e-08
335	  1.45182	  0.468745	  2.29512e-05	  6.17869e-07	  468	  5.94545e-08
336	  1.45182	  0.531226	  2.29512e-05	  6.99462e-07	  480	  6.68991e-08
337	  1.45182	  0.593785	  2.29512e-05	  7.31572e-07	  468	  7.03955e-08
338	  1.45182	  0.656281	  2.29512e-05	  7.87179e-07	  396	  7.89162e-08
339	  1.45182	  0.718743	  2.29512e-05	  8.77633e-07	  456	  8.49806e-08
340	  1.45182	  0.781255	  2.29512e-05	  1.08167e-06	  432	  1.06125e-07
341	  1.45182	  0.843774	  2.29512e-05	  1.08256e-06	  480	  1.0354e-07
342	  1.45182	  0.90628	  2.29512e-05	  1.28782e-06	  480	  1.23172e-07
343	  1.45182	  0.968758	  2.29512e-05	  1.43966e-06	  414	  1.42739e-07
344	  1.68148	  0.030936	  1.6245e-05	  3.43016e-07	  798	  2.92934e-08
345	  1.68148	  0.0938307	  1.6245e-05	  3.83892e-07	  708	  3.36221e-08
346	  1.68148	  0.156319	  1.6245e-05	  3.54984e-07	  684	  3.13224e-08
347	  1.68148	  0.218712	  1.6245e-05	  3.83989e-07	  720	  3.35098e-08
348	  1.68148	  0.281224	  1.6245e-05	  3.93643e-07	  708	  3.44762e-08
349	  1.68148	  0.343807	  1.6245e-05	  4.14836e-07	  720	  3.62018e-08
350	  1.68148	  0.406302	  1.6245e-05	  4.41371e-07	  672	  3.90948e-08
351	  1.68148	  0.468745	  1.6245e-05	  5.1021e-07	  732	  4.43684e-08
352	  1.68148	  0.531226	  1.6245e-05	  5.22698e-07	  672	  4.62984e-08
353	  1.68148	  0.593785	  1.6245e-05	  5.35502e-07	  708	  4.69005e-08
354	  1.68148	  0.656281	  1.6245e-05	  5.59126e-07	  744	  4.84548e-08
355	  1.68148	  0.718743	  1.6245e-05	  6.9476e-07	  744	  6.02091e-08
356	  1.68148	  0.781255	  1.6245e-05	  7.55409e-07	  696	  6.64041e-08
357	  1.68148	  0.843774	  1.6245e-05	  7.63831e-07	  708	  6.68981e-08
358	  1.68148	  0.90628	  1.6245e-05	  8.41408e-07	  696	  7.39639e-08
359	  1.68148	  0.968758	  1.6245e-05	  9.45635e-07	  741	  8.20205e-08
360	  1.94819	  0.030936	  1.14415e-05	  2.53759e-07	  1368	  1.95488e-08
361	  1.94819	  0.0938307	  1.14415e-05	  2.54642e-07	  924	  2.11092e-08
362	  1.94819	  0.156319	  1.14415e-05	  2.68207e-07	  972	  2.20131e-08
363	  1.94819	  0.218712	  1.14415e-05	  2.87789e-07	  972	  2.36203e-08
364	  1.94819	  0.281224	  1.14415e-05	  2.63414e-07	  1200	  2.07748e-08
365	  1.94819	  0.343807	  1.14415e-05	  2.84401e-07	  1140	  2.26433e-08
366	  1.94819	  0.406302	  1.14415e-05	  3.0781e-07	  1080	  2.47569e-08
367	  1.94819	  0.468745	  1.14415e-05	  3.43492e-07	  1068	  2.76853e-08
368	  1.94819	  0.531226	  1.14415e-05	  3.25049e-07	  1164	  2.57798e-08
369	  1.94819	  0.593785	  1.14415e-05	  3.94079e-07	  1188	  3.11373e-08
370	  1.94819	  0.656281	  1.14415e-05	  3.96696e-07	  1068	  3.19735e-08
371	  1.94819	  0.718743	  1.14415e-05	  4.24739e-07	  1008	  3.4615e-08
372	  1.94819	  0.781255	  1.14415e-05	  4.70625e-07	  1164	  3.73255e-08
373	  1.94819	  0.843774	  1.14415e-05	  4.99265e-07	  1176	  3.95221e-08
374	  1.94819	  0.90628	  1.14415e-05	  5.2859e-07	  1080	  4.2514e-08
375	  1.94819	  0.968758	  1.14415e-05	  5.67004e-07	  1038	  4.59492e-08
376	  2.25604	  0.030936	  8.04204e-06	  1.89986e-07	  1896	  1.38624e-08
377	  2.25604	  0.0938307	  8.04204e-06	  1.92543e-07	  1272	  1.50258e-08
378	  2.25604	  0.156319	  8.04204e-06	  1.86563e-07	  2040	  1.34587e-08
379	  2.25604	  0.218712	  8.04204e-06	  1.99458e-07	  1740	  1.47546e-08
380	  2.25604	  0.281224	  8.04204e-06	  2.03214e-07	  1584	  1.52667e-08
381	  2.25604	  0.343807	  8.04204e-06	  2.06074e-07	  1764	  1.52102e-08
382	  2.25604	  0.406302	  8.04204e-06	  2.15607e-07	  1632	  1.61174e-08
383	  2.25604	  0.468745	  8.04204e-06	  2.30324e-07	  1860	  1.68567e-08
384	  2.25604	  0.531226	  8.04204e-06	  2.46666e-07	  1560	  1.85785e-08
385	  2.25604	  0.593785	  8.04204e-06	  2.5711e-07	  1692	  1.9106e-08
386	  2.25604	  0.656281	  8.04204e-06	  2.79636e-07	  1704	  2.0756e-08
387	  2.25604	  0.718743	  8.04204e-06	  2.92657e-07	  1824	  2.14853e-08
388	  2.25604	  0.781255	  8.04204e-06	  3.04961e-07	  1668	  2.2715e-08
389	  2.25604	  0.843774	  8.04204e-06	  3.22891e-07	  1680	  2.40223e-08
390	  2.25604	  0.90628	  8.04204e-06	  3.4444e-07	  1776	  2.53952e-08
391	  2.25604	  0.968758	  8.04204e-06	  3.56001e-07	  1656	  2.65483e-08
392	  2.61216	  0.030936	  5.63734e-06	  1.41728e-07	  2586	  9.87341e-09
393	  2.61216	  0.0938307	  5.63734e-06	  1.36699e-07	  3036	  9.3159e-09
394	  2.61216	  0.156319	  5.63734e-06	  1.46568e-07	  2124	  1.05087e-08
395	  2.61216	  0.218712	  5.63734e-06	  1.38532e-07	  2940	  9.48149e-09
396	  2.61216	  0.281224	  5.63734e-06	  1.44043e-07	  2616	  1.00184e-08
397	  2.61216	  0.343807	  5.63734e-06	  1.52265e-07	  2448	  1.06907e-08
398	  2.61216	  0.406302	  5.63734e-06	  1.59476e-07	  2916	  1.0927e-08
399	  2.61216	  0.468745	  5.63734e-06	  1.60923e-07	  2544	  1.12366e-08
400	  2.61216	  0.531226	  5.63734e-06	  1.69892e-07	  2652	  1.17937e-08
401	  2.61216	  0.593785	  5.63734e-06	  1.75664e-07	  2748	  1.21342e-08
402	  2.61216	  0.656281	  5.63734e-06	  1.87003e-07	  2676	  1.29651e-08
403	  2.61216	  0.718743	  5.63734e-06	  1.87531e-07	  2472	  1.31484e-08
404	  2.61216	  0.781255	  5.63734e-06	  1.98559e-07	  2616	  1.38101e-08
405	  2.61216	  0.843774	  5.63734e-06	  2.03455e-07	  2736	  1.40624e-08
406	  2.61216	  0.90628	  5.63734e-06	  2.10786e-07	  2568	  1.46988e-08
407	  2.61216	  0.968758	  5.63734e-06	  2.14483e-07	  2745	  1.48179e-08
408	  3.02645	  0.030936	  3.93212e-06	  1.08006e-07	  3414	  7.2488e-09
409	  3.02645	  0.0938307	  3.93212e-06	  1.02872e-07	  4512	  6.67507e-09
410	  3.02645	  0.156319	  3.93212e-06	  1.02807e-07	  4632	  6.6509e-09
411	  3.02645	  0.218712	  3.93212e-06	  9.83738e-08	  3972	  6.47959e-09
412	  3.02645	  0.281224	  3.93212e-06	  1.03075e-07	  4176	  6.7488e-09
413	  3.02645	  0.343807	  3.93212e-06	  1.10032e-07	  4344	  7.17104e-09
414	  3.02645	  0.406302	  3.93212e-06	  1.13427e-07	  4044	  7.455e-09
415	  3.02645	  0.468745	  3.93212e-06	  1.14115e-07	  4092	  7.48966e-09
416	  3.02645	  0.531226	  3.93212e-06	  1.21523e-07	  4296	  7.93021e-09
417	  3.02645	  0.593785	  3.93212e-06	  1.23149e-07	  3996	  8.10556e-09
418	  3.02645	  0.656281	  3.93212e-06	  1.23204e-07	  4188	  8.06398e-09
419	  3.02645	  0.718743	  3.93212e-06	  1.32901e-07	  4212	  8.69283e-09
420	  3.02645	  0.781255	  3.93212e-06	  1.27284e-07	  4140	  8.34241e-09
421	  3.02645	  0.843774	  3.93212e-06	  1.28376e-07	  4128	  8.41688e-09
422	  3.02645	  0.90628	  3.93212e-06	  1.31574e-07	  4188	  8.61182e-09
423	  3.02645	  0.968758	  3.93212e-06	  1.25629e-07	  4128	  8.23677e-09
424	  3.50419	  0.030936	  2.74025e-06	  7.54378e-08	  7002	  4.67342e-09
425	  3.50419	  0.0938307	  2.74025e-06	  7.57851e-08	  6240	  4.74864e-09
426	  3.50419	  0.156319	  2.74025e-06	  7.27759e-08	  5964	  4.58116e-09
427	  3.50419	  0.218712	  2.74025e-06	  7.53406e-08	  6180	  4.7254e-09
428	  3.50419	  0.281224	  2.74025e-06	  7.47168e-08	  6420	  4.66835e-09
429	  3.50419	  0.343807	  2.74025e-06	  7.65316e-08	  6516	  4.77467e-09
430	  3.50419	  0.406302	  2.74025e-06	  8.00221e-08	  6312	  5.00833e-09
431	  3.50419	  0.468745	  2.74025e-06	  8.14892e-08	  6276	  5.10309e-09
432	  3.50419	  0.531226	  2.74025e-06	  8.12789e-08	  6360	  5.08312e-09
433	  3.50419	  0.593785	  2.74025e-06	  8.27641e-08	  6408	  5.17211e-09
434	  3.50419	  0.656281	  2.74025e-06	  8.62253e-08	  6360	  5.39246e-09
435	  3.50419	  0.718743	  2.74025e-06	  8.31361e-08	  6336	  5.20124e-09
436	  3.50419	  0.781255	  2.74025e-06	  7.90627e-08	  6372	  4.94359e-09
437	  3.50419	  0.843774	  2.74025e-06	  8.29649e-08	  6456	  5.1808e-09
438	  3.50419	  0.90628	  2.74025e-06	  7.83066e-08	  6360	  4.89723e-09
439	  3.50419	  0.968758	  2.74025e-06	  7.43894e-08	  6327	  4.65468e-09
440	  4.05763	  0.030936	  1.90421e-06	  5.51873e-08	  10392	  3.30073e-09
441	  4.05763	  0.0938307	  1.90421e-06	  5.35912e-08	  9420	  3.23173e-09
442	  4.05763	  0.156319	  1.90421e-06	  5.4225e-08	  10176	  3.24879e-09
443	  4.05763	  0.218712	  1.90421e-06	  5.34278e-08	  10260	  3.19886e-09
444	  4.05763	  0.281224	  1.90421e-06	  5.17264e-08	  9528	  3.11624e-09
445	  4.05763	  0.343807	  1.90421e-06	  5.29514e-08	  10140	  3.17341e-09
446	  4.05763	  0.406302	  1.90421e-06	  5.52197e-08	  9960	  3.31429e-09
447	  4.05763	  0.468745	  1.90421e-06	  5.48701e-08	  10068	  3.29035e-09
448	  4.05763	  0.531226	  1.90421e-06	  5.56258e-08	  9996	  3.33766e-09
449	  4.05763	  0.593785	  1.90421e-06	  5.32644e-08	  9828	  3.2005e-09
450	  4.05763	  0.656281	  1.90421e-06	  5.21018e-08	  10032	  3.12527e-09
451	  4.05763	  0.718743	  1.90421e-06	  5.16647e-08	  9924	  3.10186e-09
452	  4.05763	  0.781255	  1.90421e-06	  4.91339e-08	  10116	  2.94521e-09
453	  4.05763	  0.843774	  1.90421e-06	  4.82271e-08	  9888	  2.89635e-09
454	  4.05763	  0.90628	  1.90421e-06	  4.58852e-08	  10008	  2.75293e-09
455	  4.05763	  0.968758	  1.90421e-06	  4.12734e-08	  9978	  2.47686e-09
456	  4.69917	  0.030936	  1.3189e-06	  3.98118e-08	  13626	  2.33165e-09
457	  4.69917	  0.0938307	  1.3189e-06	  3.9735e-08	  16392	  2.29711e-09
458	  4.69917	  0.156319	  1.3189e-06	  3.87237e-08	  15708	  2.24516e-09
459	  4.69917	  0.218712	  1.3189e-06	  3.77968e-08	  15432	  2.1941e-09
460	  4.69917	  0.281224	  1.3189e-06	  3.68184e-08	  15780	  2.13402e-09
461	  4.69917	  0.343807	  1.3189e-06	  3.68961e-08	  15300	  2.14309e-09
462	  4.69917	  0.406302	  1.3189e-06	  3.6025e-08	  15588	  2.08979e-09
463	  4.69917	  0.468745	  1.3189e-06	  3.63721e-08	  15396	  2.11174e-09
464	  4.69917	  0.531226	  1.3189e-06	  3.56404e-08	  15504	  2.06825e-09
465	  4.69917	  0.593785	  1.3189e-06	  3.43096e-08	  15660	  1.98965e-09
466	  4.69917	  0.656281	  1.3189e-06	  3.25173e-08	  15192	  1.88969e-09
467	  4.69917	  0.718743	  1.3189e-06	  3.14693e-08	  15600	  1.82542e-09
468	  4.69917	  0.781255	  1.3189e-06	  2.96047e-08	  15216	  1.72023e-09
469	  4.69917	  0.843774	  1.3189e-06	  2.76478e-08	  15516	  1.60435e-09
470	  4.69917	  0.90628	  1.3189e-06	  2.54346e-08	  15540	  1.47576e-09
471	  4.69917	  0.968758	  1.3189e-06	  2.30116e-08	  15405	  1.33599e-09
472	  5.4432	  0.030936	  9.11188e-07	  2.8844e-08	  26250	  1.62023e-09
473	  5.4432	  0.0938307	  9.11188e-07	  2.8184e-08	  22392	  1.59754e-09
474	  5.4432	  0.156319	  9.11188e-07	  2.71451e-08	  24516	  1.53062e-09
475	  5.4432	  0.218712	  9.11188e-07	  2.63912e-08	  23592	  1.49138e-09
476	  5.4432	  0.281224	  9.11188e-07	  2.56893e-08	  24264	  1.44938e-09
477	  5.4432	  0.343807	  9.11188e-07	  2.51029e-08	  23928	  1.41743e-09
478	  5.4432	  0.406302	  9.11188e-07	  2.42092e-08	  24120	  1.36634e-09
479	  5.4432	  0.468745	  9.11188e-07	  2.31199e-08	  23964	  1.30535e-09
480	  5.4432	  0.531226	  9.11188e-07	  2.24046e-08	  24060	  1.26467e-09
481	  5.4432	  0.593785	  9.11188e-07	  2.10566e-08	  24108	  1.18844e-09
482	  5.4432	  0.656281	  9.11188e-07	  1.97722e-08	  24228	  1.11564e-09
483	  5.4432	  0.718743	  9.11188e-07	  1.82758e-08	  24144	  1.03141e-09
484	  5.4432	  0.781255	  9.11188e-07	  1.66346e-08	  23940	  9.39242e-10
485	  5.4432	  0.843774	  9.11188e-07	  1.48921e-08	  24192	  8.40353e-10
486	  5.4432	  0.90628	  9.11188e-07	  1.3616e-08	  23988	  7.68711e-10
487	  5.4432	  0.968758	  9.11188e-07	  1.19619e-08	  24141	  6.75085e-10
488	  6.30378	  0.030936	  6.28467e-07	  2.05063e-08	  35082	  1.1348e-09
489	  6.30378	  0.0938307	  6.28467e-07	  1.97933e-08	  39108	  1.08975e-09
490	  6.30378	  0.156319	  6.28467e-07	  1.90429e-08	  36924	  1.05125e-09
491	  6.30378	  0.218712	  6.28467e-07	  1.82689e-08	  37692	  1.00754e-09
492	  6.30378	  0.281224	  6.28467e-07	  1.7191e-08	  37092	  9.48809e-10
493	  6.30378	  0.343807	  6.28467e-07	  1.67305e-08	  37536	  9.22878e-10
494	  6.30378	  0.406302	  6.28467e-07	  1.55238e-08	  36984	  8.56911e-10
495	  6.30378	  0.468745	  6.28467e-07	  1.4711e-08	  37428	  8.11589e-10
496	  6.30378	  0.531226	  6.28467e-07	  1.35154e-08	  37392	  7.45662e-10
497	  6.30378	  0.593785	  6.28467e-07	  1.2341e-08	  37200	  6.81033e-10
498	  6.30378	  0.656281	  6.28467e-07	  1.12405e-08	  36924	  6.20521e-10
499	  6.30378	  0.718743	  6.28467e-07	  1.00374e-08	  37272	  5.53862e-10
500	  6.30378	  0.781255	  6.28467e-07	  8.81867e-09	  37284	  4.86605e-10
501	  6.30378	  0.843774	  6.28467e-07	  7.66916e-09	  37188	  4.23227e-10
502	  6.30378	  0.90628	  6.28467e-07	  6.73805e-09	  37320	  3.71781e-10
503	  6.30378	  0.968758	  6.28467e-07	  5.68102e-09	  37119	  3.13538e-10
504	  7.30029	  0.030936	  4.32392e-07	  1.42613e-08	  60258	  7.71162e-10
505	  7.30029	  0.0938307	  4.32392e-07	  1.36412e-08	  56916	  7.3924e-10
506	  7.30029	  0.156319	  4.32392e-07	  1.29296e-08	  56820	  7.00723e-10
507	  7.30029	  0.218712	  4.32392e-07	  1.21968e-08	  58716	  6.60176e-10
508	  7.30029	  0.281224	  4.32392e-07	  1.12832e-08	  57840	  6.11077e-10
509	  7.30029	  0.343807	  4.32392e-07	  1.04612e-08	  57612	  5.66645e-10
510	  7.30029	  0.406302	  4.32392e-07	  9.69696e-09	  58464	  5.24952e-10
511	  7.30029	  0.468745	  4.32392e-07	  8.75522e-09	  57948	  4.74131e-10
512	  7.30029	  0.531226	  4.32392e-07	  7.83743e-09	  57708	  4.24497e-10
513	  7.30029	  0.593785	  4.32392e-07	  6.8438e-09	  58236	  3.7055e-10
514	  7.30029	  0.656281	  4.32392e-07	  5.98759e-09	  58008	  3.2424e-10
515	  7.30029	  0.718743	  4.32392e-07	  5.11621e-09	  58200	  2.77018e-10
516	  7.30029	  0.781255	  4.32392e-07	  4.29875e-09	  58128	  2.32768e-10
517	  7.30029	  0.843774	  4.32392e-07	  3.65356e-09	  57972	  1.97852e-10
518	  7.30029	  0.90628	  4.32392e-07	  3.01036e-09	  57960	  1.63022e-10
519	  7.30029	  0.968758	  4.32392e-07	  2.44526e-09	  58122	  1.32406e-10
520	  8.455	  0.030936	  2.96967e-07	  9.67432e-09	  90198	  5.15929e-10
521	  8.455	  0.0938307	  2.96967e-07	  9.30846e-09	  89292	  4.96574e-10
522	  8.455	  0.156319	  2.96967e-07	  8.67745e-09	  90804	  4.62669e-10
523	  8.455	  0.218712	  2.96967e-07	  7.86857e-09	  89628	  4.19711e-10
524	  8.455	  0.281224	  2.96967e-07	  7.13395e-09	  89844	  3.80498e-10
525	  8.455	  0.343807	  2.96967e-07	  6.42542e-09	  90636	  3.42614e-10
526	  8.455	  0.406302	  2.96967e-07	  5.63399e-09	  89628	  3.00519e-10
527	  8.455	  0.468745	  2.96967e-07	  4.89049e-09	  89772	  2.60847e-10
528	  8.455	  0.531226	  2.96967e-07	  4.1917e-09	  90324	  2.23532e-10
529	  8.455	  0.593785	  2.96967e-07	  3.4958e-09	  89784	  1.86457e-10
530	  8.455	  0.656281	  2.96967e-07	  2.89143e-09	  90216	  1.54198e-10
531	  8.455	  0.718743	  2.96967e-07	  2.38516e-09	  89796	  1.27218e-10
532	  8.455	  0.781255	  2.96967e-07	  1.92862e-09	  90120	  1.02856e-10
533	  8.455	  0.843774	  2.96967e-07	  1.54686e-09	  90132	  8.24956e-11
534	  8.455	  0.90628	  2.96967e-07	  1.23424e-09	  89916	  6.58281e-11
535	  8.455	  0.968758	  2.96967e-07	  9.57223e-10	  89964	  5.10525e-11
536	  9.79129	  0.030936	  2.03548e-07	  6.41668e-09	  139068	  3.3804e-10
537	  9.79129	  0.0938307	  2.03548e-07	  6.04282e-09	  141180	  3.18224e-10
538	  9.79129	  0.156319	  2.03548e-07	  5.56272e-09	  139380	  2.93036e-10
539	  9.79129	  0.218712	  2.03548e-07	  4.93789e-09	  138804	  2.60148e-10
540	  9.79129	  0.281224	  2.03548e-07	  4.28265e-09	  140952	  2.2554e-10
541	  9.79129	  0.343807	  2.03548e-07	  3.68455e-09	  139668	  1.94087e-10
542	  9.79129	  0.406302	  2.03548e-07	  3.07465e-09	  139464	  1.61966e-10
543	  9.79129	  0.468745	  2.03548e-07	  2.53943e-09	  139812	  1.33763e-10
544	  9.79129	  0.531226	  2.03548e-07	  2.04843e-09	  139884	  1.07899e-10
545	  9.79129	  0.593785	  2.03548e-07	  1.63204e-09	  140184	  8.59612e-11
546	  9.79129	  0.656281	  2.03548e-07	  1.28107e-09	  139404	  6.74848e-11
547	  9.79129	  0.718743	  2.03548e-07	  1.01294e-09	  139932	  5.3355e-11
548	  9.79129	  0.781255	  2.03548e-07	  7.86639e-10	  139980	  4.14345e-11
549	  9.79129	  0.843774	  2.03548e-07	  6.01392e-10	  139632	  3.1679e-11
550	  9.79129	  0.90628	  2.03548e-07	  4.62346e-10	  140088	  2.43526e-11
551	  9.79129	  0.968758	  2.03548e-07	  3.39707e-10	  139623	  1.78945e-11
