#n	   k	      mu	    PL	    Pf	     w	     err  
0	  0.0785398	  1	  0.00192216	  0.000478712	  3	  0.00030032
1	  0.15708	  1	  0.000648557	  0.000134912	  3	  8.46369e-05
2	  0.235619	  1	  0.00032561	  0.00011759	  3	  7.37702e-05
3	  0.314159	  1	  0.000194249	  2.22034e-05	  3	  1.39293e-05
4	  0.392699	  1	  0.000124951	  1.24188e-05	  3	  7.79095e-06
5	  0.471239	  1	  8.5735e-05	  5.45138e-05	  3	  3.41992e-05
6	  0.549779	  1	  6.20276e-05	  1.53426e-05	  3	  9.6252e-06
7	  0.628319	  1	  4.66351e-05	  1.11101e-05	  3	  6.96991e-06
8	  0.706858	  1	  3.61141e-05	  5.13405e-06	  3	  3.22085e-06
9	  0.0785398	  0	  0.00192216	  9.08737e-05	  6	  4.16427e-05
10	  0.111072	  0.707107	  0.00109331	  0.00010909	  12	  3.69459e-05
11	  0.17562	  0.894427	  0.000544248	  0.000131903	  12	  4.46724e-05
12	  0.248365	  0.948683	  0.000303596	  6.32007e-05	  12	  2.14045e-05
13	  0.323828	  0.970143	  0.00018407	  2.98815e-05	  12	  1.01201e-05
14	  0.400476	  0.980581	  0.000119896	  1.9801e-05	  12	  6.7061e-06
15	  0.477739	  0.986394	  8.32795e-05	  1.84201e-05	  12	  6.23842e-06
16	  0.55536	  0.989949	  6.0696e-05	  1.532e-05	  12	  5.18849e-06
17	  0.633208	  0.992278	  4.58636e-05	  1.11396e-05	  12	  3.7727e-06
18	  0.711208	  0.993884	  3.56376e-05	  9.54724e-06	  12	  3.23341e-06
19	  0.111072	  0	  0.00109331	  4.52446e-05	  6	  2.07333e-05
20	  0.136035	  0.57735	  0.000885248	  7.26078e-05	  12	  2.45904e-05
21	  0.192382	  0.816497	  0.000491269	  7.54153e-05	  12	  2.55413e-05
22	  0.260487	  0.904534	  0.000281296	  4.31934e-05	  12	  1.46285e-05
23	  0.333216	  0.942809	  0.000173575	  2.12432e-05	  12	  7.19454e-06
24	  0.408105	  0.96225	  0.000115119	  3.0643e-05	  12	  1.0378e-05
25	  0.484152	  0.973329	  8.09515e-05	  1.33154e-05	  12	  4.5096e-06
26	  0.560886	  0.980196	  5.94481e-05	  1.46308e-05	  12	  4.95508e-06
27	  0.63806	  0.984732	  4.51041e-05	  1.20351e-05	  12	  4.07599e-06
28	  0.715532	  0.987878	  3.51641e-05	  6.33075e-06	  12	  2.14407e-06
29	  0.15708	  0	  0.000648557	  3.01294e-05	  6	  1.38067e-05
30	  0.17562	  0.447214	  0.000544248	  4.53207e-05	  12	  1.5349e-05
31	  0.222144	  0.707107	  0.000361551	  5.21703e-05	  12	  1.76688e-05
32	  0.283179	  0.83205	  0.000234103	  3.92613e-05	  12	  1.32968e-05
33	  0.351241	  0.894427	  0.00015466	  3.02121e-05	  12	  1.02321e-05
34	  0.42295	  0.928477	  0.000106775	  1.02264e-05	  12	  3.46344e-06
35	  0.496729	  0.948683	  7.67562e-05	  1.42262e-05	  12	  4.81807e-06
36	  0.571778	  0.961524	  5.70899e-05	  8.29457e-06	  12	  2.80917e-06
37	  0.647656	  0.970143	  4.36796e-05	  5.3948e-06	  12	  1.82708e-06
38	  0.724101	  0.976187	  3.42611e-05	  6.35897e-06	  12	  2.15362e-06
39	  0.17562	  0	  0.000544248	  3.11268e-05	  12	  1.05419e-05
40	  0.192382	  0.408248	  0.000491269	  3.25377e-05	  24	  8.26862e-06
41	  0.235619	  0.666667	  0.00032561	  3.93168e-05	  24	  9.99134e-06
42	  0.293869	  0.801784	  0.000216962	  2.8384e-05	  24	  7.21307e-06
43	  0.359915	  0.872872	  0.000147251	  3.72367e-05	  24	  9.46275e-06
44	  0.43018	  0.912871	  0.000103196	  1.66317e-05	  24	  4.22651e-06
45	  0.5029	  0.937043	  7.48223e-05	  1.18467e-05	  24	  3.01052e-06
46	  0.577147	  0.952579	  5.59654e-05	  1.24112e-05	  24	  3.15398e-06
47	  0.652401	  0.963087	  4.29936e-05	  9.59707e-06	  24	  2.43885e-06
48	  0.728348	  0.970495	  3.38238e-05	  6.08339e-06	  24	  1.54594e-06
49	  0.222144	  0	  0.000361551	  1.74685e-05	  6	  8.00491e-06
50	  0.235619	  0.333333	  0.00032561	  2.26578e-05	  12	  7.67363e-06
51	  0.27207	  0.57735	  0.00025659	  2.14549e-05	  12	  7.26625e-06
52	  0.323828	  0.727607	  0.00018407	  2.3759e-05	  12	  8.04658e-06
53	  0.384765	  0.816497	  0.000130134	  2.54317e-05	  12	  8.61308e-06
54	  0.451177	  0.870388	  9.39292e-05	  1.5433e-05	  12	  5.22678e-06
55	  0.520974	  0.904534	  6.95536e-05	  1.31619e-05	  12	  4.45761e-06
56	  0.592963	  0.927173	  5.28323e-05	  7.78096e-06	  12	  2.63522e-06
57	  0.666432	  0.942809	  4.10579e-05	  8.22327e-06	  12	  2.78502e-06
58	  0.740943	  0.953998	  3.25748e-05	  6.28024e-06	  12	  2.12696e-06
59	  0.235619	  0	  0.00032561	  2.01631e-05	  6	  9.23969e-06
60	  0.248365	  0.316228	  0.000303596	  2.0227e-05	  12	  6.85038e-06
61	  0.283179	  0.5547	  0.000234103	  2.50841e-05	  12	  8.49535e-06
62	  0.333216	  0.707107	  0.000173575	  1.54297e-05	  12	  5.22565e-06
63	  0.392699	  0.8	  0.000124951	  2.1937e-05	  12	  7.4295e-06
64	  0.457962	  0.857493	  9.10993e-05	  7.85779e-06	  12	  2.66124e-06
65	  0.526861	  0.894427	  6.79343e-05	  9.07159e-06	  12	  3.07232e-06
66	  0.598141	  0.919145	  5.18464e-05	  1.02743e-05	  12	  3.47966e-06
67	  0.671044	  0.936329	  4.04523e-05	  5.36484e-06	  12	  1.81694e-06
68	  0.745094	  0.948683	  3.2173e-05	  5.49552e-06	  12	  1.8612e-06
69	  0.248365	  0	  0.000303596	  1.47113e-05	  12	  4.98235e-06
70	  0.260487	  0.301511	  0.000281296	  1.5028e-05	  24	  3.81898e-06
71	  0.293869	  0.534522	  0.000216962	  1.44815e-05	  24	  3.6801e-06
72	  0.342347	  0.688247	  0.000163491	  2.35064e-05	  24	  5.97355e-06
73	  0.400476	  0.784465	  0.000119896	  1.22073e-05	  24	  3.10216e-06
74	  0.464648	  0.845154	  8.83627e-05	  1.1417e-05	  24	  2.90133e-06
75	  0.532683	  0.884652	  6.63472e-05	  1.21694e-05	  24	  3.09253e-06
76	  0.603276	  0.911322	  5.09036e-05	  1.13061e-05	  24	  2.87315e-06
77	  0.675625	  0.929981	  3.98509e-05	  6.96778e-06	  24	  1.77068e-06
78	  0.749222	  0.943456	  3.17805e-05	  5.9489e-06	  24	  1.51176e-06
79	  0.283179	  0	  0.000234103	  1.29219e-05	  12	  4.37633e-06
80	  0.293869	  0.267261	  0.000216962	  9.1592e-06	  24	  2.32757e-06
81	  0.323828	  0.485071	  0.00018407	  1.72063e-05	  24	  4.37252e-06
82	  0.368384	  0.639602	  0.00014099	  1.11573e-05	  24	  2.83534e-06
83	  0.42295	  0.742781	  0.000106775	  1.50562e-05	  24	  3.82615e-06
84	  0.484152	  0.811107	  8.09515e-05	  1.19152e-05	  24	  3.02793e-06
85	  0.549779	  0.857143	  6.20276e-05	  1.10154e-05	  24	  2.79927e-06
86	  0.618423	  0.889001	  4.82607e-05	  5.03337e-06	  24	  1.2791e-06
87	  0.689184	  0.911685	  3.81631e-05	  6.64309e-06	  24	  1.68817e-06
88	  0.314159	  0	  0.000194249	  3.7122e-06	  6	  1.70111e-06
89	  0.323828	  0.242536	  0.00018407	  7.45177e-06	  12	  2.52373e-06
90	  0.351241	  0.447214	  0.00015466	  1.18332e-05	  12	  4.00761e-06
91	  0.392699	  0.6	  0.000124951	  1.29587e-05	  12	  4.38879e-06
92	  0.444288	  0.707107	  9.68535e-05	  5.36794e-06	  12	  1.81799e-06
93	  0.5029	  0.780869	  7.48223e-05	  1.17328e-05	  12	  3.97362e-06
94	  0.566359	  0.83205	  5.82286e-05	  7.28155e-06	  12	  2.46608e-06
95	  0.633208	  0.868243	  4.58636e-05	  7.11575e-06	  12	  2.40993e-06
96	  0.702481	  0.894427	  3.66068e-05	  5.29198e-06	  12	  1.79226e-06
97	  0.323828	  0	  0.00018407	  7.60386e-06	  12	  2.57524e-06
98	  0.333216	  0.235702	  0.000173575	  4.341e-06	  24	  1.10315e-06
99	  0.359915	  0.436436	  0.000147251	  1.48177e-05	  24	  3.76553e-06
100	  0.400476	  0.588348	  0.000119896	  8.92514e-06	  24	  2.26809e-06
101	  0.451177	  0.696311	  9.39292e-05	  6.60855e-06	  24	  1.67939e-06
102	  0.508996	  0.771517	  7.30028e-05	  7.66196e-06	  24	  1.94709e-06
103	  0.571778	  0.824163	  5.70899e-05	  1.11545e-05	  24	  2.83463e-06
104	  0.63806	  0.86164	  4.51041e-05	  8.41446e-06	  24	  2.13832e-06
105	  0.706858	  0.888889	  3.61141e-05	  7.39183e-06	  24	  1.87844e-06
106	  0.333216	  0	  0.000173575	  6.97254e-06	  6	  3.19516e-06
107	  0.342347	  0.229416	  0.000163491	  1.05632e-05	  12	  3.5775e-06
108	  0.368384	  0.426401	  0.00014099	  9.29338e-06	  12	  3.14744e-06
109	  0.408105	  0.57735	  0.000115119	  4.69463e-06	  12	  1.58995e-06
110	  0.457962	  0.685994	  9.10993e-05	  1.3551e-05	  12	  4.58939e-06
111	  0.51502	  0.762493	  7.12514e-05	  8.07241e-06	  12	  2.73392e-06
112	  0.577147	  0.816497	  5.59654e-05	  6.69369e-06	  12	  2.26699e-06
113	  0.642876	  0.855186	  4.43892e-05	  4.95931e-06	  12	  1.6796e-06
114	  0.711208	  0.883452	  3.56376e-05	  4.56194e-06	  12	  1.54501e-06
115	  0.351241	  0	  0.00015466	  7.74078e-06	  12	  2.62161e-06
116	  0.359915	  0.218218	  0.000147251	  1.12588e-05	  24	  2.86113e-06
117	  0.384765	  0.408248	  0.000130134	  1.18552e-05	  24	  3.01269e-06
118	  0.42295	  0.557086	  0.000106775	  1.03745e-05	  24	  2.63642e-06
119	  0.471239	  0.666667	  8.5735e-05	  7.60102e-06	  24	  1.9316e-06
120	  0.526861	  0.745356	  6.79343e-05	  9.50178e-06	  24	  2.41463e-06
121	  0.587738	  0.801784	  5.3834e-05	  6.85665e-06	  24	  1.74244e-06
122	  0.652401	  0.842701	  4.29936e-05	  4.91646e-06	  24	  1.24939e-06
123	  0.719829	  0.872872	  3.47009e-05	  4.93819e-06	  24	  1.25491e-06
124	  0.392699	  0	  0.000124951	  6.22398e-06	  18	  1.77821e-06
125	  0.400476	  0.196116	  0.000119896	  6.42289e-06	  36	  1.39163e-06
126	  0.42295	  0.371391	  0.000106775	  5.71554e-06	  36	  1.23837e-06
127	  0.457962	  0.514496	  9.10993e-05	  6.66974e-06	  36	  1.44511e-06
128	  0.5029	  0.624695	  7.48223e-05	  7.30822e-06	  36	  1.58345e-06
129	  0.55536	  0.707107	  6.0696e-05	  6.78252e-06	  36	  1.46955e-06
130	  0.613416	  0.768221	  4.91014e-05	  6.28112e-06	  36	  1.36091e-06
131	  0.675625	  0.813733	  3.98509e-05	  6.9602e-06	  36	  1.50804e-06
132	  0.740943	  0.847998	  3.25748e-05	  5.00433e-06	  36	  1.08427e-06
133	  0.400476	  0	  0.000119896	  5.89327e-06	  12	  1.9959e-06
134	  0.408105	  0.19245	  0.000115119	  7.87262e-06	  24	  2.00062e-06
135	  0.43018	  0.365148	  0.000103196	  6.68066e-06	  24	  1.69772e-06
136	  0.464648	  0.507093	  8.83627e-05	  7.10105e-06	  24	  1.80455e-06
137	  0.508996	  0.617213	  7.30028e-05	  5.9667e-06	  24	  1.51628e-06
138	  0.560886	  0.70014	  5.94481e-05	  6.6233e-06	  24	  1.68314e-06
139	  0.618423	  0.762001	  4.82607e-05	  3.62504e-06	  24	  9.21209e-07
140	  0.680175	  0.80829	  3.92786e-05	  5.23812e-06	  24	  1.33113e-06
141	  0.745094	  0.843274	  3.2173e-05	  4.27558e-06	  24	  1.08653e-06
142	  0.42295	  0	  0.000106775	  2.93125e-06	  12	  9.92743e-07
143	  0.43018	  0.182574	  0.000103196	  5.3862e-06	  24	  1.36876e-06
144	  0.451177	  0.348155	  9.39292e-05	  5.45084e-06	  24	  1.38519e-06
145	  0.484152	  0.486664	  8.09515e-05	  6.53241e-06	  24	  1.66004e-06
146	  0.526861	  0.596285	  6.79343e-05	  6.22836e-06	  24	  1.58278e-06
147	  0.577147	  0.680414	  5.59654e-05	  4.33046e-06	  24	  1.10047e-06
148	  0.633208	  0.744208	  4.58636e-05	  5.87544e-06	  24	  1.49309e-06
149	  0.693645	  0.792594	  3.76345e-05	  4.42133e-06	  24	  1.12357e-06
150	  0.444288	  0	  9.68535e-05	  2.08282e-06	  6	  9.54451e-07
151	  0.451177	  0.174078	  9.39292e-05	  3.60555e-06	  12	  1.22111e-06
152	  0.471239	  0.333333	  8.5735e-05	  4.62631e-06	  12	  1.56682e-06
153	  0.5029	  0.468521	  7.48223e-05	  4.64211e-06	  12	  1.57217e-06
154	  0.54414	  0.57735	  6.3393e-05	  6.47726e-06	  12	  2.19369e-06
155	  0.592963	  0.662266	  5.28323e-05	  5.62077e-06	  12	  1.90362e-06
156	  0.647656	  0.727607	  4.36796e-05	  4.27923e-06	  12	  1.44927e-06
157	  0.706858	  0.777778	  3.61141e-05	  4.30897e-06	  12	  1.45934e-06
158	  0.457962	  0	  9.10993e-05	  4.63767e-06	  12	  1.57066e-06
159	  0.464648	  0.169031	  8.83627e-05	  4.3273e-06	  24	  1.09967e-06
160	  0.484152	  0.324443	  8.09515e-05	  5.55819e-06	  24	  1.41247e-06
161	  0.51502	  0.457496	  7.12514e-05	  5.13877e-06	  24	  1.30589e-06
162	  0.55536	  0.565685	  6.0696e-05	  5.15686e-06	  24	  1.31048e-06
163	  0.603276	  0.650945	  5.09036e-05	  6.79349e-06	  24	  1.72639e-06
164	  0.657111	  0.717137	  4.23352e-05	  6.2287e-06	  24	  1.58286e-06
165	  0.715532	  0.76835	  3.51641e-05	  4.7738e-06	  24	  1.21314e-06
166	  0.471239	  0	  8.5735e-05	  9.2312e-06	  6	  4.23018e-06
167	  0.477739	  0.164399	  8.32795e-05	  6.06072e-06	  12	  2.05262e-06
168	  0.496729	  0.316228	  7.67562e-05	  4.25574e-06	  12	  1.44131e-06
169	  0.526861	  0.447214	  6.79343e-05	  2.79123e-06	  12	  9.4532e-07
170	  0.566359	  0.5547	  5.82286e-05	  3.40821e-06	  12	  1.15428e-06
171	  0.613416	  0.640184	  4.91014e-05	  4.60573e-06	  12	  1.55985e-06
172	  0.666432	  0.707107	  4.10579e-05	  3.76648e-06	  12	  1.27561e-06
173	  0.724101	  0.759257	  3.42611e-05	  4.65289e-06	  12	  1.57582e-06
174	  0.477739	  0	  8.32795e-05	  6.32426e-06	  12	  2.14187e-06
175	  0.484152	  0.162221	  8.09515e-05	  3.52743e-06	  24	  8.96405e-07
176	  0.5029	  0.312348	  7.48223e-05	  3.63583e-06	  24	  9.23952e-07
177	  0.532683	  0.442326	  6.63472e-05	  4.83997e-06	  24	  1.22995e-06
178	  0.571778	  0.549442	  5.70899e-05	  6.1722e-06	  24	  1.5685e-06
179	  0.618423	  0.635001	  4.82607e-05	  3.45247e-06	  24	  8.77355e-07
180	  0.671044	  0.702247	  4.04523e-05	  3.56423e-06	  24	  9.05756e-07
181	  0.728348	  0.754829	  3.38238e-05	  4.89666e-06	  24	  1.24436e-06
182	  0.496729	  0	  7.67562e-05	  3.54178e-06	  12	  1.19951e-06
183	  0.5029	  0.156174	  7.48223e-05	  3.54395e-06	  24	  9.00602e-07
184	  0.520974	  0.301511	  6.95536e-05	  3.02543e-06	  24	  7.68836e-07
185	  0.549779	  0.428571	  6.20276e-05	  5.58843e-06	  24	  1.42015e-06
186	  0.587738	  0.534522	  5.3834e-05	  3.76866e-06	  24	  9.57707e-07
187	  0.633208	  0.620174	  4.58636e-05	  3.76806e-06	  24	  9.57555e-07
188	  0.684694	  0.688247	  3.8719e-05	  3.60592e-06	  24	  9.16351e-07
189	  0.740943	  0.741999	  3.25748e-05	  3.62015e-06	  24	  9.19968e-07
190	  0.5029	  0	  7.48223e-05	  3.67531e-06	  12	  1.24474e-06
191	  0.508996	  0.154303	  7.30028e-05	  2.96653e-06	  24	  7.53868e-07
192	  0.526861	  0.298142	  6.79343e-05	  4.09754e-06	  24	  1.04128e-06
193	  0.55536	  0.424264	  6.0696e-05	  3.96749e-06	  24	  1.00824e-06
194	  0.592963	  0.529813	  5.28323e-05	  3.69471e-06	  24	  9.38914e-07
195	  0.63806	  0.615457	  4.51041e-05	  3.4778e-06	  24	  8.83793e-07
196	  0.689184	  0.683763	  3.81631e-05	  4.10208e-06	  24	  1.04244e-06
197	  0.745094	  0.737865	  3.2173e-05	  3.87071e-06	  24	  9.83641e-07
198	  0.526861	  0	  6.79343e-05	  2.20765e-06	  12	  7.47678e-07
199	  0.532683	  0.147442	  6.63472e-05	  3.522e-06	  24	  8.95025e-07
200	  0.549779	  0.285714	  6.20276e-05	  4.66308e-06	  24	  1.185e-06
201	  0.577147	  0.408248	  5.59654e-05	  3.96905e-06	  24	  1.00863e-06
202	  0.613416	  0.512148	  4.91014e-05	  5.20425e-06	  24	  1.32253e-06
203	  0.657111	  0.597614	  4.23352e-05	  4.13036e-06	  24	  1.04962e-06
204	  0.706858	  0.666667	  3.61141e-05	  4.1199e-06	  24	  1.04697e-06
205	  0.549779	  0	  6.20276e-05	  2.46606e-06	  6	  1.13007e-06
206	  0.55536	  0.141421	  6.0696e-05	  2.90406e-06	  12	  9.83534e-07
207	  0.571778	  0.274721	  5.70899e-05	  2.606e-06	  12	  8.82586e-07
208	  0.598141	  0.393919	  5.18464e-05	  4.14221e-06	  12	  1.40286e-06
209	  0.633208	  0.496139	  4.58636e-05	  4.51512e-06	  12	  1.52916e-06
210	  0.675625	  0.581238	  3.98509e-05	  4.42912e-06	  12	  1.50003e-06
211	  0.724101	  0.650791	  3.42611e-05	  3.47335e-06	  12	  1.17634e-06
212	  0.55536	  0	  6.0696e-05	  3.11107e-06	  18	  8.88839e-07
213	  0.560886	  0.140028	  5.94481e-05	  4.04836e-06	  36	  8.77144e-07
214	  0.577147	  0.272166	  5.59654e-05	  3.52152e-06	  36	  7.62997e-07
215	  0.603276	  0.390567	  5.09036e-05	  4.73639e-06	  36	  1.02622e-06
216	  0.63806	  0.492366	  4.51041e-05	  2.9484e-06	  36	  6.38819e-07
217	  0.680175	  0.57735	  3.92786e-05	  2.83479e-06	  36	  6.14205e-07
218	  0.728348	  0.646997	  3.38238e-05	  4.56713e-06	  36	  9.89544e-07
219	  0.566359	  0	  5.82286e-05	  2.05321e-06	  12	  6.95372e-07
220	  0.571778	  0.137361	  5.70899e-05	  3.90283e-06	  24	  9.91802e-07
221	  0.587738	  0.267261	  5.3834e-05	  3.61511e-06	  24	  9.18686e-07
222	  0.613416	  0.384111	  4.91014e-05	  3.72636e-06	  24	  9.46958e-07
223	  0.647656	  0.485071	  4.36796e-05	  2.76531e-06	  24	  7.02732e-07
224	  0.689184	  0.569803	  3.81631e-05	  3.109e-06	  24	  7.90073e-07
225	  0.736769	  0.639602	  3.29788e-05	  2.50072e-06	  24	  6.35493e-07
226	  0.571778	  0	  5.70899e-05	  1.91756e-06	  12	  6.49431e-07
227	  0.577147	  0.136083	  5.59654e-05	  4.09681e-06	  24	  1.0411e-06
228	  0.592963	  0.264906	  5.28323e-05	  2.9161e-06	  24	  7.41052e-07
229	  0.618423	  0.381	  4.82607e-05	  2.28961e-06	  24	  5.81845e-07
230	  0.652401	  0.481543	  4.29936e-05	  2.44202e-06	  24	  6.20576e-07
231	  0.693645	  0.566139	  3.76345e-05	  3.50692e-06	  24	  8.91192e-07
232	  0.740943	  0.635999	  3.25748e-05	  3.02884e-06	  24	  7.69702e-07
233	  0.598141	  0	  5.18464e-05	  3.59954e-06	  12	  1.21907e-06
234	  0.603276	  0.130189	  5.09036e-05	  3.41041e-06	  24	  8.66667e-07
235	  0.618423	  0.254	  4.82607e-05	  2.07453e-06	  24	  5.27189e-07
236	  0.642876	  0.366508	  4.43892e-05	  3.16884e-06	  24	  8.05279e-07
237	  0.675625	  0.464991	  3.98509e-05	  3.16864e-06	  24	  8.05228e-07
238	  0.715532	  0.548821	  3.51641e-05	  3.07858e-06	  24	  7.82341e-07
239	  0.613416	  0	  4.91014e-05	  2.74997e-06	  12	  9.31346e-07
240	  0.618423	  0.127	  4.82607e-05	  2.62877e-06	  24	  6.68034e-07
241	  0.633208	  0.248069	  4.58636e-05	  2.30475e-06	  24	  5.85692e-07
242	  0.657111	  0.358569	  4.23352e-05	  3.25214e-06	  24	  8.26448e-07
243	  0.689184	  0.455842	  3.81631e-05	  2.18858e-06	  24	  5.56172e-07
244	  0.728348	  0.539164	  3.38238e-05	  3.76302e-06	  24	  9.56273e-07
245	  0.628319	  0	  4.66351e-05	  3.05608e-06	  6	  1.40044e-06
246	  0.633208	  0.124035	  4.58636e-05	  3.94183e-06	  12	  1.335e-06
247	  0.647656	  0.242536	  4.36796e-05	  1.54503e-06	  12	  5.23262e-07
248	  0.671044	  0.351123	  4.04523e-05	  2.37066e-06	  12	  8.02883e-07
249	  0.702481	  0.447214	  3.66068e-05	  1.87001e-06	  12	  6.33327e-07
250	  0.740943	  0.529999	  3.25748e-05	  3.53811e-06	  12	  1.19827e-06
251	  0.633208	  0	  4.58636e-05	  3.17242e-06	  24	  8.06188e-07
252	  0.63806	  0.123091	  4.51041e-05	  2.43449e-06	  48	  4.73113e-07
253	  0.652401	  0.240772	  4.29936e-05	  2.44634e-06	  48	  4.75415e-07
254	  0.675625	  0.348743	  3.98509e-05	  2.7768e-06	  48	  5.39636e-07
255	  0.706858	  0.444444	  3.61141e-05	  2.76431e-06	  48	  5.37209e-07
256	  0.745094	  0.527046	  3.2173e-05	  2.97081e-06	  48	  5.77341e-07
257	  0.647656	  0	  4.36796e-05	  1.56036e-06	  12	  5.28457e-07
258	  0.652401	  0.120386	  4.29936e-05	  1.92739e-06	  24	  4.89796e-07
259	  0.666432	  0.235702	  4.10579e-05	  2.03953e-06	  24	  5.18295e-07
260	  0.689184	  0.341882	  3.81631e-05	  2.50851e-06	  24	  6.37473e-07
261	  0.719829	  0.436436	  3.47009e-05	  2.2463e-06	  24	  5.70839e-07
262	  0.666432	  0	  4.10579e-05	  2.53918e-06	  6	  1.16357e-06
263	  0.671044	  0.117041	  4.04523e-05	  2.04866e-06	  12	  6.93829e-07
264	  0.684694	  0.229416	  3.8719e-05	  2.35897e-06	  12	  7.98925e-07
265	  0.706858	  0.333333	  3.61141e-05	  2.10234e-06	  12	  7.12012e-07
266	  0.736769	  0.426401	  3.29788e-05	  2.03997e-06	  12	  6.90887e-07
267	  0.671044	  0	  4.04523e-05	  2.01096e-06	  12	  6.81063e-07
268	  0.675625	  0.116248	  3.98509e-05	  2.3815e-06	  24	  6.05197e-07
269	  0.689184	  0.227921	  3.81631e-05	  2.28056e-06	  24	  5.79545e-07
270	  0.711208	  0.331295	  3.56376e-05	  2.60593e-06	  24	  6.6223e-07
271	  0.740943	  0.423999	  3.25748e-05	  1.96599e-06	  24	  4.99606e-07
272	  0.675625	  0	  3.98509e-05	  2.23231e-06	  12	  7.56028e-07
273	  0.680175	  0.11547	  3.92786e-05	  1.77034e-06	  24	  4.49887e-07
274	  0.693645	  0.226455	  3.76345e-05	  1.80321e-06	  24	  4.58239e-07
275	  0.715532	  0.329293	  3.51641e-05	  2.28749e-06	  24	  5.81306e-07
276	  0.745094	  0.421637	  3.2173e-05	  2.49448e-06	  24	  6.33907e-07
277	  0.702481	  0	  3.66068e-05	  1.52532e-06	  12	  5.16587e-07
278	  0.706858	  0.111111	  3.61141e-05	  1.95044e-06	  24	  4.95654e-07
279	  0.719829	  0.218218	  3.47009e-05	  1.39732e-06	  24	  3.55092e-07
280	  0.740943	  0.317999	  3.25748e-05	  1.64112e-06	  24	  4.17048e-07
281	  0.706858	  0	  3.61141e-05	  4.45505e-06	  6	  2.04152e-06
282	  0.711208	  0.110432	  3.56376e-05	  2.78178e-06	  12	  9.42119e-07
283	  0.724101	  0.21693	  3.42611e-05	  2.04885e-06	  12	  6.93893e-07
284	  0.745094	  0.316228	  3.2173e-05	  2.3026e-06	  12	  7.79834e-07
285	  0.711208	  0	  3.56376e-05	  2.77181e-06	  12	  9.38742e-07
286	  0.715532	  0.109764	  3.51641e-05	  1.68769e-06	  24	  4.28884e-07
287	  0.728348	  0.215666	  3.38238e-05	  1.43905e-06	  24	  3.65698e-07
288	  0.749222	  0.314485	  3.17805e-05	  2.00433e-06	  24	  5.09347e-07
289	  0.724101	  0	  3.42611e-05	  1.49558e-06	  24	  3.80062e-07
290	  0.728348	  0.107833	  3.38238e-05	  2.05439e-06	  48	  3.99246e-07
291	  0.740943	  0.212	  3.25748e-05	  1.98457e-06	  48	  3.85676e-07
292	  0.740943	  0	  3.25748e-05	  2.05266e-06	  12	  6.95184e-07
293	  0.745094	  0.105409	  3.2173e-05	  2.16161e-06	  24	  5.49316e-07
294	  0.745094	  0	  3.2173e-05	  1.53166e-06	  12	  5.18734e-07
295	  0.749222	  0.104828	  3.17805e-05	  1.56633e-06	  24	  3.98043e-07
296	  0.825306	  0.0310881	  2.56548e-05	  1.52125e-06	  162	  1.95583e-07
297	  0.825306	  0.0938297	  2.56548e-05	  1.44801e-06	  324	  1.52845e-07
298	  0.825306	  0.156272	  2.56548e-05	  1.29297e-06	  108	  1.89065e-07
299	  0.825306	  0.218736	  2.56548e-05	  1.452e-06	  216	  1.71396e-07
300	  0.825306	  0.281273	  2.56548e-05	  1.63939e-06	  336	  1.71405e-07
301	  0.825306	  0.343755	  2.56548e-05	  1.45138e-06	  144	  1.93518e-07
302	  0.825306	  0.406262	  2.56548e-05	  2.17382e-06	  180	  2.70718e-07
303	  0.825306	  0.468768	  2.56548e-05	  2.13805e-06	  252	  2.41587e-07
304	  0.825306	  0.531237	  2.56548e-05	  2.38084e-06	  240	  2.72725e-07
305	  0.825306	  0.593753	  2.56548e-05	  2.98693e-06	  192	  3.6491e-07
306	  0.825306	  0.656275	  2.56548e-05	  2.63798e-06	  192	  3.22278e-07
307	  0.825306	  0.718761	  2.56548e-05	  3.15395e-06	  252	  3.56378e-07
308	  0.825306	  0.781244	  2.56548e-05	  3.5695e-06	  168	  4.53868e-07
309	  0.825306	  0.843748	  2.56548e-05	  3.66253e-06	  240	  4.19541e-07
310	  0.825306	  0.906262	  2.56548e-05	  4.998e-06	  228	  5.80901e-07
311	  0.825306	  0.968494	  2.56548e-05	  4.94528e-06	  198	  5.9871e-07
312	  0.968767	  0.0310881	  1.79044e-05	  1.10694e-06	  228	  1.28656e-07
313	  0.968767	  0.0938297	  1.79044e-05	  1.04258e-06	  456	  1.00952e-07
314	  0.968767	  0.156272	  1.79044e-05	  1.12109e-06	  480	  1.07225e-07
315	  0.968767	  0.218736	  1.79044e-05	  9.71578e-07	  288	  1.0583e-07
316	  0.968767	  0.281273	  1.79044e-05	  1.12371e-06	  264	  1.25345e-07
317	  0.968767	  0.343755	  1.79044e-05	  1.32075e-06	  348	  1.36837e-07
318	  0.968767	  0.406262	  1.79044e-05	  1.38727e-06	  444	  1.352e-07
319	  0.968767	  0.468768	  1.79044e-05	  1.31785e-06	  312	  1.40501e-07
320	  0.968767	  0.531237	  1.79044e-05	  1.59614e-06	  348	  1.65369e-07
321	  0.968767	  0.593753	  1.79044e-05	  1.58352e-06	  408	  1.57572e-07
322	  0.968767	  0.656275	  1.79044e-05	  2.03486e-06	  252	  2.29927e-07
323	  0.968767	  0.718761	  1.79044e-05	  1.99379e-06	  384	  2.01435e-07
324	  0.968767	  0.781244	  1.79044e-05	  2.39991e-06	  384	  2.42465e-07
325	  0.968767	  0.843748	  1.79044e-05	  2.83164e-06	  360	  2.90822e-07
326	  0.968767	  0.906262	  1.79044e-05	  3.38922e-06	  360	  3.48088e-07
327	  0.968767	  0.968494	  1.79044e-05	  3.61264e-06	  330	  3.79501e-07
328	  1.14208	  0.0310881	  1.23058e-05	  7.24913e-07	  336	  7.57929e-08
329	  1.14208	  0.0938297	  1.23058e-05	  7.44557e-07	  648	  6.64768e-08
330	  1.14208	  0.156272	  1.23058e-05	  7.62152e-07	  636	  6.83289e-08
331	  1.14208	  0.218736	  1.23058e-05	  8.33062e-07	  696	  7.32303e-08
332	  1.14208	  0.281273	  1.23058e-05	  8.02024e-07	  660	  7.132e-08
333	  1.14208	  0.343755	  1.23058e-05	  9.22764e-07	  600	  8.38099e-08
334	  1.14208	  0.406262	  1.23058e-05	  9.67325e-07	  552	  8.95384e-08
335	  1.14208	  0.468768	  1.23058e-05	  9.79806e-07	  576	  8.98155e-08
336	  1.14208	  0.531237	  1.23058e-05	  1.01432e-06	  612	  9.17179e-08
337	  1.14208	  0.593753	  1.23058e-05	  1.15348e-06	  612	  1.043e-07
338	  1.14208	  0.656275	  1.23058e-05	  1.26899e-06	  648	  1.133e-07
339	  1.14208	  0.718761	  1.23058e-05	  1.34585e-06	  600	  1.22237e-07
340	  1.14208	  0.781244	  1.23058e-05	  1.56451e-06	  552	  1.44815e-07
341	  1.14208	  0.843748	  1.23058e-05	  1.85038e-06	  600	  1.6806e-07
342	  1.14208	  0.906262	  1.23058e-05	  2.13655e-06	  564	  1.96793e-07
343	  1.14208	  0.968494	  1.23058e-05	  2.34483e-06	  618	  2.11565e-07
344	  1.3449	  0.0310881	  8.43555e-06	  4.91272e-07	  1290	  3.82418e-08
345	  1.3449	  0.0938297	  8.43555e-06	  4.92859e-07	  840	  4.16482e-08
346	  1.3449	  0.156272	  8.43555e-06	  5.26616e-07	  900	  4.38846e-08
347	  1.3449	  0.218736	  8.43555e-06	  5.64793e-07	  864	  4.74543e-08
348	  1.3449	  0.281273	  8.43555e-06	  5.47396e-07	  864	  4.59926e-08
349	  1.3449	  0.343755	  8.43555e-06	  5.67598e-07	  936	  4.69324e-08
350	  1.3449	  0.406262	  8.43555e-06	  6.14426e-07	  876	  5.14808e-08
351	  1.3449	  0.468768	  8.43555e-06	  6.7655e-07	  1044	  5.47662e-08
352	  1.3449	  0.531237	  8.43555e-06	  7.07944e-07	  900	  5.89954e-08
353	  1.3449	  0.593753	  8.43555e-06	  7.57441e-07	  924	  6.279e-08
354	  1.3449	  0.656275	  8.43555e-06	  8.5341e-07	  936	  7.05651e-08
355	  1.3449	  0.718761	  8.43555e-06	  9.75039e-07	  948	  8.04198e-08
356	  1.3449	  0.781244	  8.43555e-06	  1.04464e-06	  876	  8.75275e-08
357	  1.3449	  0.843748	  8.43555e-06	  1.14895e-06	  972	  9.42999e-08
358	  1.3449	  0.906262	  8.43555e-06	  1.34625e-06	  996	  1.0997e-07
359	  1.3449	  0.968494	  8.43555e-06	  1.45255e-06	  921	  1.2049e-07
360	  1.58505	  0.0310881	  5.74034e-06	  3.67547e-07	  1830	  2.69692e-08
361	  1.58505	  0.0938297	  5.74034e-06	  3.72581e-07	  1296	  2.89786e-08
362	  1.58505	  0.156272	  5.74034e-06	  3.70486e-07	  1488	  2.81287e-08
363	  1.58505	  0.218736	  5.74034e-06	  3.66924e-07	  1740	  2.71425e-08
364	  1.58505	  0.281273	  5.74034e-06	  3.91018e-07	  1572	  2.94131e-08
365	  1.58505	  0.343755	  5.74034e-06	  3.98583e-07	  1608	  2.98689e-08
366	  1.58505	  0.406262	  5.74034e-06	  4.2273e-07	  1596	  3.1718e-08
367	  1.58505	  0.468768	  5.74034e-06	  4.51136e-07	  1548	  3.40231e-08
368	  1.58505	  0.531237	  5.74034e-06	  4.76247e-07	  1620	  3.56448e-08
369	  1.58505	  0.593753	  5.74034e-06	  5.40633e-07	  1632	  4.04143e-08
370	  1.58505	  0.656275	  5.74034e-06	  5.89438e-07	  1548	  4.44533e-08
371	  1.58505	  0.718761	  5.74034e-06	  6.01876e-07	  1572	  4.52741e-08
372	  1.58505	  0.781244	  5.74034e-06	  7.22793e-07	  1620	  5.40976e-08
373	  1.58505	  0.843748	  5.74034e-06	  7.19754e-07	  1596	  5.40041e-08
374	  1.58505	  0.906262	  5.74034e-06	  8.37364e-07	  1620	  6.26726e-08
375	  1.58505	  0.968494	  5.74034e-06	  9.54898e-07	  1545	  7.20385e-08
376	  1.87042	  0.0310881	  3.87605e-06	  2.47077e-07	  2682	  1.71248e-08
377	  1.87042	  0.0938297	  3.87605e-06	  2.43518e-07	  2484	  1.70619e-08
378	  1.87042	  0.156272	  3.87605e-06	  2.47377e-07	  2700	  1.71296e-08
379	  1.87042	  0.218736	  3.87605e-06	  2.53559e-07	  2508	  1.7741e-08
380	  1.87042	  0.281273	  3.87605e-06	  2.82494e-07	  2424	  1.98625e-08
381	  1.87042	  0.343755	  3.87605e-06	  2.79774e-07	  2736	  1.93374e-08
382	  1.87042	  0.406262	  3.87605e-06	  2.84499e-07	  2556	  1.98523e-08
383	  1.87042	  0.468768	  3.87605e-06	  3.14973e-07	  2604	  2.1921e-08
384	  1.87042	  0.531237	  3.87605e-06	  3.24366e-07	  2616	  2.25601e-08
385	  1.87042	  0.593753	  3.87605e-06	  3.54447e-07	  2520	  2.47831e-08
386	  1.87042	  0.656275	  3.87605e-06	  4.04678e-07	  2736	  2.79705e-08
387	  1.87042	  0.718761	  3.87605e-06	  3.9675e-07	  2568	  2.76667e-08
388	  1.87042	  0.781244	  3.87605e-06	  4.67777e-07	  2484	  3.27745e-08
389	  1.87042	  0.843748	  3.87605e-06	  4.91825e-07	  2652	  3.41417e-08
390	  1.87042	  0.906262	  3.87605e-06	  5.16489e-07	  2544	  3.60645e-08
391	  1.87042	  0.968494	  3.87605e-06	  5.64071e-07	  2592	  3.9283e-08
392	  2.20602	  0.0310881	  2.60882e-06	  1.73367e-07	  3600	  1.15578e-08
393	  2.20602	  0.0938297	  2.60882e-06	  1.74821e-07	  4920	  1.12334e-08
394	  2.20602	  0.156272	  2.60882e-06	  1.71699e-07	  4272	  1.12119e-08
395	  2.20602	  0.218736	  2.60882e-06	  1.76868e-07	  4212	  1.15686e-08
396	  2.20602	  0.281273	  2.60882e-06	  1.87379e-07	  4452	  1.21773e-08
397	  2.20602	  0.343755	  2.60882e-06	  1.86925e-07	  4152	  1.22472e-08
398	  2.20602	  0.406262	  2.60882e-06	  1.95716e-07	  4296	  1.27719e-08
399	  2.20602	  0.468768	  2.60882e-06	  2.1425e-07	  4128	  1.40472e-08
400	  2.20602	  0.531237	  2.60882e-06	  2.24987e-07	  4200	  1.4721e-08
401	  2.20602	  0.593753	  2.60882e-06	  2.38959e-07	  4284	  1.55989e-08
402	  2.20602	  0.656275	  2.60882e-06	  2.50069e-07	  4284	  1.63241e-08
403	  2.20602	  0.718761	  2.60882e-06	  2.77163e-07	  4200	  1.81349e-08
404	  2.20602	  0.781244	  2.60882e-06	  2.92615e-07	  4260	  1.9114e-08
405	  2.20602	  0.843748	  2.60882e-06	  3.0831e-07	  4284	  2.0126e-08
406	  2.20602	  0.906262	  2.60882e-06	  3.2957e-07	  4284	  2.15138e-08
407	  2.20602	  0.968494	  2.60882e-06	  3.45202e-07	  4239	  2.25621e-08
408	  2.60077	  0.0310881	  1.7511e-06	  1.21026e-07	  7410	  7.45722e-09
409	  2.60077	  0.0938297	  1.7511e-06	  1.21457e-07	  6768	  7.54919e-09
410	  2.60077	  0.156272	  1.7511e-06	  1.1902e-07	  6624	  7.41335e-09
411	  2.60077	  0.218736	  1.7511e-06	  1.24587e-07	  6792	  7.74111e-09
412	  2.60077	  0.281273	  1.7511e-06	  1.22329e-07	  6948	  7.58402e-09
413	  2.60077	  0.343755	  1.7511e-06	  1.28174e-07	  7068	  7.93326e-09
414	  2.60077	  0.406262	  1.7511e-06	  1.34822e-07	  6996	  8.353e-09
415	  2.60077	  0.468768	  1.7511e-06	  1.44822e-07	  6864	  8.98915e-09
416	  2.60077	  0.531237	  1.7511e-06	  1.47448e-07	  6912	  9.1459e-09
417	  2.60077	  0.593753	  1.7511e-06	  1.55488e-07	  7020	  9.63018e-09
418	  2.60077	  0.656275	  1.7511e-06	  1.67662e-07	  6816	  1.04139e-08
419	  2.60077	  0.718761	  1.7511e-06	  1.71755e-07	  6936	  1.06501e-08
420	  2.60077	  0.781244	  1.7511e-06	  1.815e-07	  6924	  1.12562e-08
421	  2.60077	  0.843748	  1.7511e-06	  1.91208e-07	  6996	  1.18464e-08
422	  2.60077	  0.906262	  1.7511e-06	  1.95383e-07	  6936	  1.21151e-08
423	  2.60077	  0.968494	  1.7511e-06	  2.01048e-07	  6915	  1.24701e-08
424	  3.06654	  0.0310881	  1.1704e-06	  8.30471e-08	  11706	  4.91993e-09
425	  3.06654	  0.0938297	  1.1704e-06	  7.99896e-08	  10812	  4.76875e-09
426	  3.06654	  0.156272	  1.1704e-06	  8.38334e-08	  11424	  4.97602e-09
427	  3.06654	  0.218736	  1.1704e-06	  8.26143e-08	  11928	  4.88715e-09
428	  3.06654	  0.281273	  1.1704e-06	  8.28649e-08	  11136	  4.92849e-09
429	  3.06654	  0.343755	  1.1704e-06	  8.67646e-08	  11460	  5.14872e-09
430	  3.06654	  0.406262	  1.1704e-06	  8.87883e-08	  11484	  5.26795e-09
431	  3.06654	  0.468768	  1.1704e-06	  9.22042e-08	  11244	  5.47975e-09
432	  3.06654	  0.531237	  1.1704e-06	  9.6231e-08	  11664	  5.70258e-09
433	  3.06654	  0.593753	  1.1704e-06	  9.96734e-08	  11316	  5.92066e-09
434	  3.06654	  0.656275	  1.1704e-06	  1.04341e-07	  11268	  6.19999e-09
435	  3.06654	  0.718761	  1.1704e-06	  1.07036e-07	  11604	  6.34543e-09
436	  3.06654	  0.781244	  1.1704e-06	  1.10135e-07	  11532	  6.53233e-09
437	  3.06654	  0.843748	  1.1704e-06	  1.12488e-07	  11352	  6.68015e-09
438	  3.06654	  0.906262	  1.1704e-06	  1.1424e-07	  11460	  6.77914e-09
439	  3.06654	  0.968494	  1.1704e-06	  1.1383e-07	  11313	  6.76173e-09
440	  3.61603	  0.0310881	  7.79185e-07	  5.52288e-08	  17742	  3.17607e-09
441	  3.61603	  0.0938297	  7.79185e-07	  5.49842e-08	  19596	  3.14199e-09
442	  3.61603	  0.156272	  7.79185e-07	  5.58161e-08	  19044	  3.19527e-09
443	  3.61603	  0.218736	  7.79185e-07	  5.4932e-08	  18456	  3.15095e-09
444	  3.61603	  0.281273	  7.79185e-07	  5.52217e-08	  18828	  3.16353e-09
445	  3.61603	  0.343755	  7.79185e-07	  5.5362e-08	  18612	  3.1739e-09
446	  3.61603	  0.406262	  7.79185e-07	  5.81809e-08	  18528	  3.33647e-09
447	  3.61603	  0.468768	  7.79185e-07	  5.89616e-08	  18852	  3.37751e-09
448	  3.61603	  0.531237	  7.79185e-07	  6.108e-08	  18492	  3.50316e-09
449	  3.61603	  0.593753	  7.79185e-07	  6.26856e-08	  18696	  3.59273e-09
450	  3.61603	  0.656275	  7.79185e-07	  6.455e-08	  18720	  3.69929e-09
451	  3.61603	  0.718761	  7.79185e-07	  6.42847e-08	  18684	  3.68453e-09
452	  3.61603	  0.781244	  7.79185e-07	  6.51669e-08	  18528	  3.7371e-09
453	  3.61603	  0.843748	  7.79185e-07	  6.59662e-08	  18732	  3.78029e-09
454	  3.61603	  0.906262	  7.79185e-07	  6.48986e-08	  18684	  3.71972e-09
455	  3.61603	  0.968494	  7.79185e-07	  6.5451e-08	  18717	  3.75096e-09
456	  4.26398	  0.0310881	  5.16954e-07	  3.77147e-08	  31710	  2.09753e-09
457	  4.26398	  0.0938297	  5.16954e-07	  3.57768e-08	  29988	  1.99544e-09
458	  4.26398	  0.156272	  5.16954e-07	  3.66812e-08	  29868	  2.04631e-09
459	  4.26398	  0.218736	  5.16954e-07	  3.63772e-08	  31044	  2.02532e-09
460	  4.26398	  0.281273	  5.16954e-07	  3.64524e-08	  30504	  2.03133e-09
461	  4.26398	  0.343755	  5.16954e-07	  3.69632e-08	  30612	  2.05942e-09
462	  4.26398	  0.406262	  5.16954e-07	  3.68379e-08	  30984	  2.05118e-09
463	  4.26398	  0.468768	  5.16954e-07	  3.72671e-08	  30564	  2.07652e-09
464	  4.26398	  0.531237	  5.16954e-07	  3.77289e-08	  30540	  2.10234e-09
465	  4.26398	  0.593753	  5.16954e-07	  3.80809e-08	  31092	  2.12001e-09
466	  4.26398	  0.656275	  5.16954e-07	  3.79891e-08	  30624	  2.11654e-09
467	  4.26398	  0.718761	  5.16954e-07	  3.78999e-08	  30612	  2.11161e-09
468	  4.26398	  0.781244	  5.16954e-07	  3.73851e-08	  30720	  2.08255e-09
469	  4.26398	  0.843748	  5.16954e-07	  3.60259e-08	  30600	  2.00724e-09
470	  4.26398	  0.906262	  5.16954e-07	  3.5073e-08	  30672	  1.95391e-09
471	  4.26398	  0.968494	  5.16954e-07	  3.38801e-08	  30651	  1.88752e-09
472	  5.02761	  0.0310881	  3.42124e-07	  2.46207e-08	  50190	  1.34094e-09
473	  5.02761	  0.0938297	  3.42124e-07	  2.42059e-08	  50196	  1.31833e-09
474	  5.02761	  0.156272	  3.42124e-07	  2.39278e-08	  50184	  1.3032e-09
475	  5.02761	  0.218736	  3.42124e-07	  2.31718e-08	  50076	  1.26214e-09
476	  5.02761	  0.281273	  3.42124e-07	  2.29879e-08	  50484	  1.25171e-09
477	  5.02761	  0.343755	  3.42124e-07	  2.28907e-08	  50208	  1.24669e-09
478	  5.02761	  0.406262	  3.42124e-07	  2.28105e-08	  49692	  1.24285e-09
479	  5.02761	  0.468768	  3.42124e-07	  2.25862e-08	  50604	  1.22971e-09
480	  5.02761	  0.531237	  3.42124e-07	  2.24297e-08	  50400	  1.22139e-09
481	  5.02761	  0.593753	  3.42124e-07	  2.21132e-08	  49788	  1.20477e-09
482	  5.02761	  0.656275	  3.42124e-07	  2.1609e-08	  50304	  1.1768e-09
483	  5.02761	  0.718761	  3.42124e-07	  2.08286e-08	  50352	  1.13425e-09
484	  5.02761	  0.781244	  3.42124e-07	  2.00548e-08	  49980	  1.09244e-09
485	  5.02761	  0.843748	  3.42124e-07	  1.87374e-08	  50340	  1.02038e-09
486	  5.02761	  0.906262	  3.42124e-07	  1.77802e-08	  50244	  9.68333e-10
487	  5.02761	  0.968494	  3.42124e-07	  1.66362e-08	  50046	  9.06173e-10
488	  5.92776	  0.0310881	  2.25767e-07	  1.62914e-08	  80868	  8.71861e-10
489	  5.92776	  0.0938297	  2.25767e-07	  1.53003e-08	  83352	  8.18011e-10
490	  5.92776	  0.156272	  2.25767e-07	  1.50223e-08	  83316	  8.03159e-10
491	  5.92776	  0.218736	  2.25767e-07	  1.46794e-08	  82056	  7.85217e-10
492	  5.92776	  0.281273	  2.25767e-07	  1.42723e-08	  82464	  7.63314e-10
493	  5.92776	  0.343755	  2.25767e-07	  1.39277e-08	  82380	  7.44908e-10
494	  5.92776	  0.406262	  2.25767e-07	  1.35887e-08	  82560	  7.26725e-10
495	  5.92776	  0.468768	  2.25767e-07	  1.32118e-08	  81852	  7.0677e-10
496	  5.92776	  0.531237	  2.25767e-07	  1.26826e-08	  82212	  6.78365e-10
497	  5.92776	  0.593753	  2.25767e-07	  1.21728e-08	  82428	  6.51037e-10
498	  5.92776	  0.656275	  2.25767e-07	  1.13691e-08	  82032	  6.0815e-10
499	  5.92776	  0.718761	  2.25767e-07	  1.08007e-08	  82020	  5.77746e-10
500	  5.92776	  0.781244	  2.25767e-07	  9.96786e-09	  82716	  5.33051e-10
501	  5.92776	  0.843748	  2.25767e-07	  9.09833e-09	  82248	  4.86642e-10
502	  5.92776	  0.906262	  2.25767e-07	  8.41088e-09	  82356	  4.49853e-10
503	  5.92776	  0.968494	  2.25767e-07	  7.46164e-09	  82491	  3.99062e-10
504	  6.98944	  0.0310881	  1.48529e-07	  1.00987e-08	  133704	  5.32551e-10
505	  6.98944	  0.0938297	  1.48529e-07	  9.47882e-09	  135348	  4.99706e-10
506	  6.98944	  0.156272	  1.48529e-07	  9.20814e-09	  134928	  4.85475e-10
507	  6.98944	  0.218736	  1.48529e-07	  8.86007e-09	  135072	  4.67111e-10
508	  6.98944	  0.281273	  1.48529e-07	  8.44291e-09	  135012	  4.45123e-10
509	  6.98944	  0.343755	  1.48529e-07	  8.08492e-09	  135168	  4.26237e-10
510	  6.98944	  0.406262	  1.48529e-07	  7.62761e-09	  134808	  4.02155e-10
511	  6.98944	  0.468768	  1.48529e-07	  7.17756e-09	  135264	  3.78394e-10
512	  6.98944	  0.531237	  1.48529e-07	  6.70039e-09	  135084	  3.5325e-10
513	  6.98944	  0.593753	  1.48529e-07	  6.16196e-09	  134976	  3.2487e-10
514	  6.98944	  0.656275	  1.48529e-07	  5.63066e-09	  135072	  2.96854e-10
515	  6.98944	  0.718761	  1.48529e-07	  5.076e-09	  135360	  2.67597e-10
516	  6.98944	  0.781244	  1.48529e-07	  4.55371e-09	  134988	  2.4008e-10
517	  6.98944	  0.843748	  1.48529e-07	  4.02256e-09	  134820	  2.12083e-10
518	  6.98944	  0.906262	  1.48529e-07	  3.56736e-09	  134964	  1.88078e-10
519	  6.98944	  0.968494	  1.48529e-07	  3.10449e-09	  134910	  1.63677e-10
520	  8.24181	  0.0310881	  9.74268e-08	  6.06914e-09	  221856	  3.16342e-10
521	  8.24181	  0.0938297	  9.74268e-08	  5.57634e-09	  221460	  2.90666e-10
522	  8.24181	  0.156272	  9.74268e-08	  5.348e-09	  221772	  2.78756e-10
523	  8.24181	  0.218736	  9.74268e-08	  5.06002e-09	  221376	  2.63755e-10
524	  8.24181	  0.281273	  9.74268e-08	  4.71399e-09	  221184	  2.45723e-10
525	  8.24181	  0.343755	  9.74268e-08	  4.33452e-09	  221616	  2.25934e-10
526	  8.24181	  0.406262	  9.74268e-08	  3.95437e-09	  221088	  2.06128e-10
527	  8.24181	  0.468768	  9.74268e-08	  3.59838e-09	  221484	  1.87565e-10
528	  8.24181	  0.531237	  9.74268e-08	  3.19466e-09	  221388	  1.66523e-10
529	  8.24181	  0.593753	  9.74268e-08	  2.84944e-09	  221568	  1.48526e-10
530	  8.24181	  0.656275	  9.74268e-08	  2.50592e-09	  221472	  1.30621e-10
531	  8.24181	  0.718761	  9.74268e-08	  2.18577e-09	  221172	  1.13936e-10
532	  8.24181	  0.781244	  9.74268e-08	  1.89462e-09	  221088	  9.87604e-11
533	  8.24181	  0.843748	  9.74268e-08	  1.62461e-09	  221580	  8.46818e-11
534	  8.24181	  0.906262	  9.74268e-08	  1.38324e-09	  221304	  7.21025e-11
535	  8.24181	  0.968494	  9.74268e-08	  1.15599e-09	  221598	  6.0255e-11
536	  9.71482	  0.0310881	  6.38303e-08	  3.40961e-09	  356232	  1.76193e-10
537	  9.71482	  0.0938297	  6.38303e-08	  3.12485e-09	  353940	  1.61495e-10
538	  9.71482	  0.156272	  6.38303e-08	  2.94338e-09	  357672	  1.52091e-10
539	  9.71482	  0.218736	  6.38303e-08	  2.68545e-09	  364152	  1.38723e-10
540	  9.71482	  0.281273	  6.38303e-08	  2.41467e-09	  362544	  1.24744e-10
541	  9.71482	  0.343755	  6.38303e-08	  2.13877e-09	  361908	  1.10494e-10
542	  9.71482	  0.406262	  6.38303e-08	  1.86632e-09	  363768	  9.64104e-11
543	  9.71482	  0.468768	  6.38303e-08	  1.62163e-09	  362412	  8.3775e-11
544	  9.71482	  0.531237	  6.38303e-08	  1.39364e-09	  362208	  7.19977e-11
545	  9.71482	  0.593753	  6.38303e-08	  1.18895e-09	  363300	  6.14201e-11
546	  9.71482	  0.656275	  6.38303e-08	  1.01507e-09	  362820	  5.24385e-11
547	  9.71482	  0.718761	  6.38303e-08	  8.59757e-10	  362364	  4.44161e-11
548	  9.71482	  0.781244	  6.38303e-08	  7.19244e-10	  363060	  3.71559e-11
549	  9.71482	  0.843748	  6.38303e-08	  5.95837e-10	  363000	  3.07808e-11
550	  9.71482	  0.906262	  6.38303e-08	  4.94055e-10	  362388	  2.55235e-11
551	  9.71482	  0.968494	  6.38303e-08	  4.05641e-10	  353154	  2.09646e-11
