#n	   k	      mu	    PL	    Pf	     w	     err  
0	  0.10472	  1	  0.00276739	  0.00038295	  3	  0.000240244
1	  0.20944	  1	  0.000983009	  0.000154323	  3	  9.68143e-05
2	  0.314159	  1	  0.000460441	  0.000165931	  3	  0.000104097
3	  0.418879	  1	  0.000258057	  1.17555e-05	  3	  7.37483e-06
4	  0.523599	  1	  0.000163143	  3.66058e-05	  3	  2.29646e-05
5	  0.628319	  1	  0.000110542	  6.63532e-06	  3	  4.16267e-06
6	  0.733038	  1	  7.90303e-05	  2.18715e-05	  3	  1.37211e-05
7	  0.837758	  1	  5.88269e-05	  3.48531e-05	  3	  2.18651e-05
8	  0.942478	  1	  4.51737e-05	  3.55873e-06	  3	  2.23257e-06
9	  0.10472	  0	  0.00276739	  8.30199e-05	  6	  3.80437e-05
10	  0.148096	  0.707107	  0.00175985	  0.000141387	  12	  4.78844e-05
11	  0.23416	  0.894427	  0.000778677	  6.22108e-05	  12	  2.10692e-05
12	  0.331153	  0.948683	  0.000416969	  4.47214e-05	  12	  1.5146e-05
13	  0.431771	  0.970143	  0.000242853	  4.27963e-05	  12	  1.4494e-05
14	  0.533968	  0.980581	  0.000156478	  3.22153e-05	  12	  1.09105e-05
15	  0.636985	  0.986394	  0.000107301	  1.53792e-05	  12	  5.20856e-06
16	  0.74048	  0.989949	  7.73204e-05	  1.60273e-05	  12	  5.42805e-06
17	  0.844278	  0.992278	  5.78037e-05	  1.01863e-05	  12	  3.44985e-06
18	  0.948278	  0.993884	  4.45448e-05	  6.20425e-06	  12	  2.10123e-06
19	  0.148096	  0	  0.00175985	  4.24031e-05	  6	  1.94312e-05
20	  0.18138	  0.57735	  0.0012485	  0.000190196	  12	  6.44146e-05
21	  0.25651	  0.816497	  0.000685318	  6.20065e-05	  12	  2.10001e-05
22	  0.347316	  0.904534	  0.000375577	  6.09603e-05	  12	  2.06457e-05
23	  0.444288	  0.942809	  0.000229579	  4.74979e-05	  12	  1.60864e-05
24	  0.54414	  0.96225	  0.000150265	  3.26872e-05	  12	  1.10703e-05
25	  0.645536	  0.973329	  0.000104283	  3.39002e-05	  12	  1.14811e-05
26	  0.747849	  0.980196	  7.56299e-05	  1.51389e-05	  12	  5.12716e-06
27	  0.850747	  0.984732	  5.6843e-05	  8.99167e-06	  12	  3.04525e-06
28	  0.954042	  0.987878	  4.39402e-05	  8.73303e-06	  12	  2.95766e-06
29	  0.20944	  0	  0.000983009	  3.46776e-05	  6	  1.58909e-05
30	  0.23416	  0.447214	  0.000778677	  2.16077e-05	  12	  7.318e-06
31	  0.296192	  0.707107	  0.000507056	  8.58435e-05	  12	  2.9073e-05
32	  0.377572	  0.83205	  0.000319571	  6.4251e-05	  12	  2.17602e-05
33	  0.468321	  0.894427	  0.000205981	  6.21213e-05	  12	  2.10389e-05
34	  0.563933	  0.928477	  0.000139283	  2.77438e-05	  12	  9.39614e-06
35	  0.662306	  0.948683	  9.86289e-05	  2.71422e-05	  12	  9.19238e-06
36	  0.762371	  0.961524	  7.24968e-05	  1.35699e-05	  12	  4.59578e-06
37	  0.863541	  0.970143	  5.49714e-05	  8.09932e-06	  12	  2.74304e-06
38	  0.965468	  0.976187	  4.27761e-05	  6.09182e-06	  12	  2.06315e-06
39	  0.23416	  0	  0.000778677	  1.41007e-05	  12	  4.77557e-06
40	  0.25651	  0.408248	  0.000685318	  2.91776e-05	  24	  7.41473e-06
41	  0.314159	  0.666667	  0.000460441	  4.67757e-05	  24	  1.18868e-05
42	  0.391825	  0.801784	  0.000297534	  4.12713e-05	  24	  1.0488e-05
43	  0.479886	  0.872872	  0.000195499	  2.76635e-05	  24	  7.02997e-06
44	  0.573574	  0.912871	  0.00013443	  2.61325e-05	  24	  6.64089e-06
45	  0.670534	  0.937043	  9.6046e-05	  1.82215e-05	  24	  4.63052e-06
46	  0.76953	  0.952579	  7.10354e-05	  1.66834e-05	  24	  4.23964e-06
47	  0.869868	  0.963087	  5.40893e-05	  1.01785e-05	  24	  2.5866e-06
48	  0.971131	  0.970495	  4.22057e-05	  5.42358e-06	  24	  1.37826e-06
49	  0.296192	  0	  0.000507056	  3.55377e-05	  6	  1.62851e-05
50	  0.314159	  0.333333	  0.000460441	  2.28775e-05	  12	  7.74803e-06
51	  0.36276	  0.57735	  0.000343765	  5.25487e-05	  12	  1.77969e-05
52	  0.431771	  0.727607	  0.000242853	  1.7443e-05	  12	  5.90751e-06
53	  0.51302	  0.816497	  0.000170244	  3.23052e-05	  12	  1.0941e-05
54	  0.601569	  0.870388	  0.000121384	  1.50029e-05	  12	  5.08112e-06
55	  0.694632	  0.904534	  8.89354e-05	  1.51583e-05	  12	  5.13373e-06
56	  0.790617	  0.927173	  6.69054e-05	  1.67222e-05	  12	  5.66339e-06
57	  0.888577	  0.942809	  5.15706e-05	  7.05728e-06	  12	  2.39012e-06
58	  0.987924	  0.953998	  4.06016e-05	  9.89711e-06	  12	  3.3519e-06
59	  0.314159	  0	  0.000460441	  2.83416e-05	  6	  1.29875e-05
60	  0.331153	  0.316228	  0.000416969	  1.86459e-05	  12	  6.31492e-06
61	  0.377572	  0.5547	  0.000319571	  3.93354e-05	  12	  1.33219e-05
62	  0.444288	  0.707107	  0.000229579	  2.92356e-05	  12	  9.90137e-06
63	  0.523599	  0.8	  0.000163143	  4.66008e-05	  12	  1.57825e-05
64	  0.610616	  0.857493	  0.000117549	  1.70202e-05	  12	  5.76433e-06
65	  0.702481	  0.894427	  8.67717e-05	  1.44897e-05	  12	  4.9073e-06
66	  0.797522	  0.919145	  6.56259e-05	  1.55093e-05	  12	  5.2526e-06
67	  0.894726	  0.936329	  5.07646e-05	  7.93074e-06	  12	  2.68594e-06
68	  0.993459	  0.948683	  4.00947e-05	  8.5041e-06	  12	  2.88013e-06
69	  0.331153	  0	  0.000416969	  1.40046e-05	  12	  4.74301e-06
70	  0.347316	  0.301511	  0.000375577	  1.90174e-05	  24	  4.83278e-06
71	  0.391825	  0.534522	  0.000297534	  2.10676e-05	  24	  5.35379e-06
72	  0.456463	  0.688247	  0.000217407	  1.58453e-05	  24	  4.02668e-06
73	  0.533968	  0.784465	  0.000156478	  2.21233e-05	  24	  5.62206e-06
74	  0.61953	  0.845154	  0.000113955	  2.31723e-05	  24	  5.88865e-06
75	  0.710244	  0.884652	  8.47248e-05	  1.5183e-05	  24	  3.85837e-06
76	  0.804368	  0.911322	  6.43985e-05	  9.53409e-06	  24	  2.42284e-06
77	  0.900833	  0.929981	  5.00066e-05	  1.28257e-05	  24	  3.25931e-06
78	  0.998963	  0.943456	  3.9601e-05	  9.48319e-06	  24	  2.40991e-06
79	  0.377572	  0	  0.000319571	  1.90979e-05	  12	  6.46799e-06
80	  0.391825	  0.267261	  0.000297534	  1.37039e-05	  24	  3.4825e-06
81	  0.431771	  0.485071	  0.000242853	  1.20884e-05	  24	  3.07195e-06
82	  0.491179	  0.639602	  0.000186145	  1.76011e-05	  24	  4.47287e-06
83	  0.563933	  0.742781	  0.000139283	  1.89917e-05	  24	  4.82624e-06
84	  0.645536	  0.811107	  0.000104283	  1.8611e-05	  24	  4.72951e-06
85	  0.733038	  0.857143	  7.90303e-05	  1.57234e-05	  24	  3.99569e-06
86	  0.824564	  0.889001	  6.09362e-05	  9.16013e-06	  24	  2.32781e-06
87	  0.918912	  0.911685	  4.7822e-05	  8.21062e-06	  24	  2.08652e-06
88	  0.418879	  0	  0.000258057	  7.65706e-06	  6	  3.50883e-06
89	  0.431771	  0.242536	  0.000242853	  1.40273e-05	  12	  4.7507e-06
90	  0.468321	  0.447214	  0.000205981	  2.18419e-05	  12	  7.39731e-06
91	  0.523599	  0.6	  0.000163143	  2.69881e-05	  12	  9.14019e-06
92	  0.592384	  0.707107	  0.000125493	  1.39884e-05	  12	  4.73752e-06
93	  0.670534	  0.780869	  9.6046e-05	  1.00569e-05	  12	  3.40603e-06
94	  0.755145	  0.83205	  7.40547e-05	  1.38146e-05	  12	  4.67865e-06
95	  0.844278	  0.868243	  5.78037e-05	  7.66164e-06	  12	  2.59481e-06
96	  0.936642	  0.894427	  4.58065e-05	  6.3567e-06	  12	  2.15285e-06
97	  0.431771	  0	  0.000242853	  1.10565e-05	  12	  3.74456e-06
98	  0.444288	  0.235702	  0.000229579	  1.30077e-05	  24	  3.30557e-06
99	  0.479886	  0.436436	  0.000195499	  1.19177e-05	  24	  3.02857e-06
100	  0.533968	  0.588348	  0.000156478	  1.23529e-05	  24	  3.13916e-06
101	  0.601569	  0.696311	  0.000121384	  1.30549e-05	  24	  3.31757e-06
102	  0.678662	  0.771517	  9.3549e-05	  1.01001e-05	  24	  2.56668e-06
103	  0.762371	  0.824163	  7.24968e-05	  9.27748e-06	  24	  2.35763e-06
104	  0.850747	  0.86164	  5.6843e-05	  6.68976e-06	  24	  1.70003e-06
105	  0.942478	  0.888889	  4.51737e-05	  4.58248e-06	  24	  1.16452e-06
106	  0.444288	  0	  0.000229579	  1.03692e-05	  6	  4.75166e-06
107	  0.456463	  0.229416	  0.000217407	  6.37952e-06	  12	  2.16058e-06
108	  0.491179	  0.426401	  0.000186145	  1.48274e-05	  12	  5.02168e-06
109	  0.54414	  0.57735	  0.000150265	  1.34914e-05	  12	  4.56919e-06
110	  0.610616	  0.685994	  0.000117549	  1.11362e-05	  12	  3.77155e-06
111	  0.686693	  0.762493	  9.11917e-05	  1.57214e-05	  12	  5.32445e-06
112	  0.76953	  0.816497	  7.10354e-05	  7.58956e-06	  12	  2.57039e-06
113	  0.857168	  0.855186	  5.58895e-05	  8.91354e-06	  12	  3.01879e-06
114	  0.948278	  0.883452	  4.45448e-05	  6.90633e-06	  12	  2.339e-06
115	  0.468321	  0	  0.000205981	  1.66193e-05	  12	  5.62855e-06
116	  0.479886	  0.218218	  0.000195499	  8.39794e-06	  24	  2.13412e-06
117	  0.51302	  0.408248	  0.000170244	  1.53279e-05	  24	  3.89518e-06
118	  0.563933	  0.557086	  0.000139283	  1.05097e-05	  24	  2.67076e-06
119	  0.628319	  0.666667	  0.000110542	  9.20964e-06	  24	  2.34039e-06
120	  0.702481	  0.745356	  8.67717e-05	  8.86476e-06	  24	  2.25275e-06
121	  0.783651	  0.801784	  6.82336e-05	  8.96322e-06	  24	  2.27777e-06
122	  0.869868	  0.842701	  5.40893e-05	  8.9445e-06	  24	  2.27301e-06
123	  0.959772	  0.872872	  4.33564e-05	  4.81978e-06	  24	  1.22482e-06
124	  0.523599	  0	  0.000163143	  1.33114e-05	  18	  3.80311e-06
125	  0.533968	  0.196116	  0.000156478	  8.55645e-06	  36	  1.8539e-06
126	  0.563933	  0.371391	  0.000139283	  9.86145e-06	  36	  2.13665e-06
127	  0.610616	  0.514496	  0.000117549	  6.38814e-06	  36	  1.3841e-06
128	  0.670534	  0.624695	  9.6046e-05	  7.30075e-06	  36	  1.58183e-06
129	  0.74048	  0.707107	  7.73204e-05	  8.44716e-06	  36	  1.83022e-06
130	  0.817887	  0.768221	  6.2059e-05	  7.94872e-06	  36	  1.72222e-06
131	  0.900833	  0.813733	  5.00066e-05	  6.43486e-06	  36	  1.39422e-06
132	  0.987924	  0.847998	  4.06016e-05	  6.20566e-06	  36	  1.34456e-06
133	  0.533968	  0	  0.000156478	  8.41946e-06	  12	  2.85146e-06
134	  0.54414	  0.19245	  0.000150265	  1.04967e-05	  24	  2.66746e-06
135	  0.573574	  0.365148	  0.00013443	  7.63891e-06	  24	  1.94123e-06
136	  0.61953	  0.507093	  0.000113955	  1.03374e-05	  24	  2.62697e-06
137	  0.678662	  0.617213	  9.3549e-05	  7.15675e-06	  24	  1.8187e-06
138	  0.747849	  0.70014	  7.56299e-05	  8.65419e-06	  24	  2.19924e-06
139	  0.824564	  0.762001	  6.09362e-05	  7.53357e-06	  24	  1.91446e-06
140	  0.9069	  0.80829	  4.92601e-05	  6.18738e-06	  24	  1.57236e-06
141	  0.993459	  0.843274	  4.00947e-05	  4.02341e-06	  24	  1.02244e-06
142	  0.563933	  0	  0.000139283	  7.31939e-06	  12	  2.4789e-06
143	  0.573574	  0.182574	  0.00013443	  5.92025e-06	  24	  1.50448e-06
144	  0.601569	  0.348155	  0.000121384	  5.73688e-06	  24	  1.45788e-06
145	  0.645536	  0.486664	  0.000104283	  9.94627e-06	  24	  2.52759e-06
146	  0.702481	  0.596285	  8.67717e-05	  6.04327e-06	  24	  1.53574e-06
147	  0.76953	  0.680414	  7.10354e-05	  7.67653e-06	  24	  1.95079e-06
148	  0.844278	  0.744208	  5.78037e-05	  5.22465e-06	  24	  1.32771e-06
149	  0.92486	  0.792594	  4.71351e-05	  5.00083e-06	  24	  1.27083e-06
150	  0.592384	  0	  0.000125493	  5.02293e-06	  6	  2.30175e-06
151	  0.601569	  0.174078	  0.000121384	  5.4841e-06	  12	  1.85733e-06
152	  0.628319	  0.333333	  0.000110542	  5.83507e-06	  12	  1.97619e-06
153	  0.670534	  0.468521	  9.6046e-05	  7.69025e-06	  12	  2.6045e-06
154	  0.72552	  0.57735	  8.08652e-05	  6.24088e-06	  12	  2.11363e-06
155	  0.790617	  0.662266	  6.69054e-05	  6.91375e-06	  12	  2.34151e-06
156	  0.863541	  0.727607	  5.49714e-05	  1.05883e-05	  12	  3.58601e-06
157	  0.942478	  0.777778	  4.51737e-05	  4.18813e-06	  12	  1.41841e-06
158	  0.610616	  0	  0.000117549	  5.75656e-06	  12	  1.9496e-06
159	  0.61953	  0.169031	  0.000113955	  7.21016e-06	  24	  1.83227e-06
160	  0.645536	  0.324443	  0.000104283	  7.24469e-06	  24	  1.84105e-06
161	  0.686693	  0.457496	  9.11917e-05	  8.82136e-06	  24	  2.24172e-06
162	  0.74048	  0.565685	  7.73204e-05	  8.13313e-06	  24	  2.06683e-06
163	  0.804368	  0.650945	  6.43985e-05	  7.23134e-06	  24	  1.83766e-06
164	  0.876148	  0.717137	  5.32135e-05	  6.52396e-06	  24	  1.6579e-06
165	  0.954042	  0.76835	  4.39402e-05	  5.15826e-06	  24	  1.31084e-06
166	  0.628319	  0	  0.000110542	  3.45232e-06	  6	  1.58202e-06
167	  0.636985	  0.164399	  0.000107301	  3.42509e-06	  12	  1.15999e-06
168	  0.662306	  0.316228	  9.86289e-05	  8.41002e-06	  12	  2.84826e-06
169	  0.702481	  0.447214	  8.67717e-05	  5.6089e-06	  12	  1.8996e-06
170	  0.755145	  0.5547	  7.40547e-05	  5.24535e-06	  12	  1.77647e-06
171	  0.817887	  0.640184	  6.2059e-05	  7.57817e-06	  12	  2.56654e-06
172	  0.888577	  0.707107	  5.15706e-05	  6.73389e-06	  12	  2.2806e-06
173	  0.965468	  0.759257	  4.27761e-05	  5.88665e-06	  12	  1.99366e-06
174	  0.636985	  0	  0.000107301	  3.81809e-06	  12	  1.29309e-06
175	  0.645536	  0.162221	  0.000104283	  8.57438e-06	  24	  2.17896e-06
176	  0.670534	  0.312348	  9.6046e-05	  5.10066e-06	  24	  1.2962e-06
177	  0.710244	  0.442326	  8.47248e-05	  7.67881e-06	  24	  1.95137e-06
178	  0.762371	  0.549442	  7.24968e-05	  6.21535e-06	  24	  1.57947e-06
179	  0.824564	  0.635001	  6.09362e-05	  5.3835e-06	  24	  1.36808e-06
180	  0.894726	  0.702247	  5.07646e-05	  5.29069e-06	  24	  1.34449e-06
181	  0.971131	  0.754829	  4.22057e-05	  5.35306e-06	  24	  1.36034e-06
182	  0.662306	  0	  9.86289e-05	  6.52771e-06	  12	  2.21077e-06
183	  0.670534	  0.156174	  9.6046e-05	  5.06414e-06	  24	  1.28692e-06
184	  0.694632	  0.301511	  8.89354e-05	  5.58757e-06	  24	  1.41994e-06
185	  0.733038	  0.428571	  7.90303e-05	  6.39992e-06	  24	  1.62638e-06
186	  0.783651	  0.534522	  6.82336e-05	  4.57732e-06	  24	  1.16321e-06
187	  0.844278	  0.620174	  5.78037e-05	  4.03233e-06	  24	  1.02471e-06
188	  0.912926	  0.688247	  4.85186e-05	  3.93528e-06	  24	  1.00005e-06
189	  0.987924	  0.741999	  4.06016e-05	  3.8216e-06	  24	  9.71161e-07
190	  0.670534	  0	  9.6046e-05	  2.82668e-06	  12	  9.57326e-07
191	  0.678662	  0.154303	  9.3549e-05	  4.57352e-06	  24	  1.16224e-06
192	  0.702481	  0.298142	  8.67717e-05	  4.65479e-06	  24	  1.1829e-06
193	  0.74048	  0.424264	  7.73204e-05	  6.68824e-06	  24	  1.69964e-06
194	  0.790617	  0.529813	  6.69054e-05	  5.32694e-06	  24	  1.3537e-06
195	  0.850747	  0.615457	  5.6843e-05	  6.72835e-06	  24	  1.70984e-06
196	  0.918912	  0.683763	  4.7822e-05	  5.78554e-06	  24	  1.47025e-06
197	  0.993459	  0.737865	  4.00947e-05	  6.92894e-06	  24	  1.76081e-06
198	  0.702481	  0	  8.67717e-05	  4.36901e-06	  12	  1.47967e-06
199	  0.710244	  0.147442	  8.47248e-05	  4.75296e-06	  24	  1.20784e-06
200	  0.733038	  0.285714	  7.90303e-05	  3.91571e-06	  24	  9.95076e-07
201	  0.76953	  0.408248	  7.10354e-05	  4.73512e-06	  24	  1.20331e-06
202	  0.817887	  0.512148	  6.2059e-05	  4.64488e-06	  24	  1.18038e-06
203	  0.876148	  0.597614	  5.32135e-05	  3.82113e-06	  24	  9.71041e-07
204	  0.942478	  0.666667	  4.51737e-05	  4.59115e-06	  24	  1.16672e-06
205	  0.733038	  0	  7.90303e-05	  1.8087e-06	  6	  8.28833e-07
206	  0.74048	  0.141421	  7.73204e-05	  6.27809e-06	  12	  2.12623e-06
207	  0.762371	  0.274721	  7.24968e-05	  3.18885e-06	  12	  1.07998e-06
208	  0.797522	  0.393919	  6.56259e-05	  4.28696e-06	  12	  1.45189e-06
209	  0.844278	  0.496139	  5.78037e-05	  3.01229e-06	  12	  1.02019e-06
210	  0.900833	  0.581238	  5.00066e-05	  4.11197e-06	  12	  1.39262e-06
211	  0.965468	  0.650791	  4.27761e-05	  5.12418e-06	  12	  1.73543e-06
212	  0.74048	  0	  7.73204e-05	  4.65394e-06	  18	  1.32964e-06
213	  0.747849	  0.140028	  7.56299e-05	  5.05883e-06	  36	  1.09608e-06
214	  0.76953	  0.272166	  7.10354e-05	  3.99061e-06	  36	  8.64631e-07
215	  0.804368	  0.390567	  6.43985e-05	  5.17367e-06	  36	  1.12096e-06
216	  0.850747	  0.492366	  5.6843e-05	  4.3136e-06	  36	  9.34613e-07
217	  0.9069	  0.57735	  4.92601e-05	  2.94703e-06	  36	  6.38523e-07
218	  0.971131	  0.646997	  4.22057e-05	  5.25186e-06	  36	  1.1379e-06
219	  0.755145	  0	  7.40547e-05	  3.90613e-06	  12	  1.32291e-06
220	  0.762371	  0.137361	  7.24968e-05	  3.87943e-06	  24	  9.85857e-07
221	  0.783651	  0.267261	  6.82336e-05	  3.4545e-06	  24	  8.77873e-07
222	  0.817887	  0.384111	  6.2059e-05	  3.14916e-06	  24	  8.00277e-07
223	  0.863541	  0.485071	  5.49714e-05	  5.35896e-06	  24	  1.36184e-06
224	  0.918912	  0.569803	  4.7822e-05	  5.4974e-06	  24	  1.39702e-06
225	  0.982358	  0.639602	  4.11333e-05	  3.80429e-06	  24	  9.66763e-07
226	  0.762371	  0	  7.24968e-05	  2.90082e-06	  12	  9.82434e-07
227	  0.76953	  0.136083	  7.10354e-05	  3.92356e-06	  24	  9.97071e-07
228	  0.790617	  0.264906	  6.69054e-05	  2.85086e-06	  24	  7.24472e-07
229	  0.824564	  0.381	  6.09362e-05	  3.41115e-06	  24	  8.66855e-07
230	  0.869868	  0.481543	  5.40893e-05	  4.00029e-06	  24	  1.01657e-06
231	  0.92486	  0.566139	  4.71351e-05	  3.16304e-06	  24	  8.03805e-07
232	  0.987924	  0.635999	  4.06016e-05	  2.81208e-06	  24	  7.14616e-07
233	  0.797522	  0	  6.56259e-05	  3.10175e-06	  12	  1.05049e-06
234	  0.804368	  0.130189	  6.43985e-05	  3.59174e-06	  24	  9.12747e-07
235	  0.824564	  0.254	  6.09362e-05	  2.65771e-06	  24	  6.75388e-07
236	  0.857168	  0.366508	  5.58895e-05	  3.84288e-06	  24	  9.76567e-07
237	  0.900833	  0.464991	  5.00066e-05	  2.94267e-06	  24	  7.47803e-07
238	  0.954042	  0.548821	  4.39402e-05	  4.13503e-06	  24	  1.05081e-06
239	  0.817887	  0	  6.2059e-05	  3.09361e-06	  12	  1.04773e-06
240	  0.824564	  0.127	  6.09362e-05	  2.67954e-06	  24	  6.80935e-07
241	  0.844278	  0.248069	  5.78037e-05	  3.34178e-06	  24	  8.49227e-07
242	  0.876148	  0.358569	  5.32135e-05	  3.32701e-06	  24	  8.45474e-07
243	  0.918912	  0.455842	  4.7822e-05	  3.92868e-06	  24	  9.98372e-07
244	  0.971131	  0.539164	  4.22057e-05	  3.73185e-06	  24	  9.48354e-07
245	  0.837758	  0	  5.88269e-05	  7.15673e-06	  6	  3.27956e-06
246	  0.844278	  0.124035	  5.78037e-05	  3.37515e-06	  12	  1.14308e-06
247	  0.863541	  0.242536	  5.49714e-05	  1.6966e-06	  12	  5.74597e-07
248	  0.894726	  0.351123	  5.07646e-05	  3.42113e-06	  12	  1.15865e-06
249	  0.936642	  0.447214	  4.58065e-05	  3.08424e-06	  12	  1.04456e-06
250	  0.987924	  0.529999	  4.06016e-05	  2.53715e-06	  12	  8.59271e-07
251	  0.844278	  0	  5.78037e-05	  2.35747e-06	  24	  5.99089e-07
252	  0.850747	  0.123091	  5.6843e-05	  2.49642e-06	  48	  4.85148e-07
253	  0.869868	  0.240772	  5.40893e-05	  3.05194e-06	  48	  5.93106e-07
254	  0.900833	  0.348743	  5.00066e-05	  2.92955e-06	  48	  5.69321e-07
255	  0.942478	  0.444444	  4.51737e-05	  2.94887e-06	  48	  5.73076e-07
256	  0.993459	  0.527046	  4.00947e-05	  2.81429e-06	  48	  5.46923e-07
257	  0.863541	  0	  5.49714e-05	  1.47645e-06	  12	  5.00038e-07
258	  0.869868	  0.120386	  5.40893e-05	  3.37987e-06	  24	  8.58907e-07
259	  0.888577	  0.235702	  5.15706e-05	  2.84785e-06	  24	  7.23706e-07
260	  0.918912	  0.341882	  4.7822e-05	  3.5678e-06	  24	  9.06663e-07
261	  0.959772	  0.436436	  4.33564e-05	  2.41471e-06	  24	  6.13636e-07
262	  0.888577	  0	  5.15706e-05	  2.92844e-06	  6	  1.34195e-06
263	  0.894726	  0.117041	  5.07646e-05	  2.38556e-06	  12	  8.07929e-07
264	  0.912926	  0.229416	  4.85186e-05	  2.62526e-06	  12	  8.8911e-07
265	  0.942478	  0.333333	  4.51737e-05	  2.17968e-06	  12	  7.38205e-07
266	  0.982358	  0.426401	  4.11333e-05	  2.75129e-06	  12	  9.31794e-07
267	  0.894726	  0	  5.07646e-05	  2.67858e-06	  12	  9.07169e-07
268	  0.900833	  0.116248	  5.00066e-05	  2.9737e-06	  24	  7.55689e-07
269	  0.918912	  0.227921	  4.7822e-05	  3.57302e-06	  24	  9.07992e-07
270	  0.948278	  0.331295	  4.45448e-05	  3.21209e-06	  24	  8.1627e-07
271	  0.987924	  0.423999	  4.06016e-05	  4.58142e-06	  24	  1.16425e-06
272	  0.900833	  0	  5.00066e-05	  2.75191e-06	  12	  9.32004e-07
273	  0.9069	  0.11547	  4.92601e-05	  2.49059e-06	  24	  6.3292e-07
274	  0.92486	  0.226455	  4.71351e-05	  2.1638e-06	  24	  5.49873e-07
275	  0.954042	  0.329293	  4.39402e-05	  2.51848e-06	  24	  6.40008e-07
276	  0.993459	  0.421637	  4.00947e-05	  3.21374e-06	  24	  8.16689e-07
277	  0.936642	  0	  4.58065e-05	  1.61331e-06	  12	  5.46387e-07
278	  0.942478	  0.111111	  4.51737e-05	  2.02404e-06	  24	  5.14358e-07
279	  0.959772	  0.218218	  4.33564e-05	  2.13613e-06	  24	  5.42842e-07
280	  0.987924	  0.317999	  4.06016e-05	  3.15187e-06	  24	  8.00965e-07
281	  0.942478	  0	  4.51737e-05	  1.9475e-06	  6	  8.92437e-07
282	  0.948278	  0.110432	  4.45448e-05	  2.69352e-06	  12	  9.12227e-07
283	  0.965468	  0.21693	  4.27761e-05	  3.53228e-06	  12	  1.19629e-06
284	  0.993459	  0.316228	  4.00947e-05	  1.70733e-06	  12	  5.78231e-07
285	  0.948278	  0	  4.45448e-05	  2.25999e-06	  12	  7.65402e-07
286	  0.954042	  0.109764	  4.39402e-05	  2.23744e-06	  24	  5.68588e-07
287	  0.971131	  0.215666	  4.22057e-05	  3.12296e-06	  24	  7.9362e-07
288	  0.998963	  0.314485	  3.9601e-05	  3.01821e-06	  24	  7.67001e-07
289	  0.965468	  0	  4.27761e-05	  2.46358e-06	  24	  6.26055e-07
290	  0.971131	  0.107833	  4.22057e-05	  3.11139e-06	  48	  6.04659e-07
291	  0.987924	  0.212	  4.06016e-05	  1.9166e-06	  48	  3.72468e-07
292	  0.987924	  0	  4.06016e-05	  1.56655e-06	  12	  5.30551e-07
293	  0.993459	  0.105409	  4.00947e-05	  1.5468e-06	  24	  3.9308e-07
294	  0.993459	  0	  4.00947e-05	  1.39996e-06	  12	  4.74131e-07
295	  0.998963	  0.104828	  3.9601e-05	  2.57666e-06	  24	  6.54791e-07
296	  1.08818	  0.030936	  3.259e-05	  1.61232e-06	  138	  2.17865e-07
297	  1.08818	  0.0938307	  3.259e-05	  1.72641e-06	  252	  1.95074e-07
298	  1.08818	  0.156319	  3.259e-05	  1.53782e-06	  72	  2.58125e-07
299	  1.08818	  0.218712	  3.259e-05	  1.8257e-06	  216	  2.15509e-07
300	  1.08818	  0.281224	  3.259e-05	  1.98281e-06	  288	  2.15978e-07
301	  1.08818	  0.343807	  3.259e-05	  1.86951e-06	  120	  2.64138e-07
302	  1.08818	  0.406302	  3.259e-05	  2.61467e-06	  180	  3.2562e-07
303	  1.08818	  0.468745	  3.259e-05	  2.62394e-06	  180	  3.26774e-07
304	  1.08818	  0.531226	  3.259e-05	  2.65752e-06	  192	  3.24666e-07
305	  1.08818	  0.593785	  3.259e-05	  3.72181e-06	  192	  4.54689e-07
306	  1.08818	  0.656281	  3.259e-05	  3.80413e-06	  168	  4.83702e-07
307	  1.08818	  0.718743	  3.259e-05	  4.11851e-06	  228	  4.7868e-07
308	  1.08818	  0.781255	  3.259e-05	  4.25529e-06	  144	  5.67372e-07
309	  1.08818	  0.843774	  3.259e-05	  4.9005e-06	  240	  5.61351e-07
310	  1.08818	  0.90628	  3.259e-05	  5.268e-06	  168	  6.69835e-07
311	  1.08818	  0.968758	  3.259e-05	  6.83165e-06	  150	  8.99384e-07
312	  1.25577	  0.030936	  2.34401e-05	  1.41097e-06	  198	  1.70822e-07
313	  1.25577	  0.0938307	  2.34401e-05	  1.43595e-06	  396	  1.43956e-07
314	  1.25577	  0.156319	  2.34401e-05	  1.33947e-06	  396	  1.34284e-07
315	  1.25577	  0.218712	  2.34401e-05	  1.22652e-06	  204	  1.47199e-07
316	  1.25577	  0.281224	  2.34401e-05	  1.57169e-06	  216	  1.85525e-07
317	  1.25577	  0.343807	  2.34401e-05	  1.43908e-06	  372	  1.46567e-07
318	  1.25577	  0.406302	  2.34401e-05	  1.57584e-06	  312	  1.68007e-07
319	  1.25577	  0.468745	  2.34401e-05	  2.00293e-06	  288	  2.18171e-07
320	  1.25577	  0.531226	  2.34401e-05	  2.15428e-06	  264	  2.403e-07
321	  1.25577	  0.593785	  2.34401e-05	  2.17249e-06	  312	  2.31617e-07
322	  1.25577	  0.656281	  2.34401e-05	  2.32783e-06	  276	  2.56511e-07
323	  1.25577	  0.718743	  2.34401e-05	  2.61166e-06	  312	  2.78439e-07
324	  1.25577	  0.781255	  2.34401e-05	  3.4527e-06	  276	  3.80463e-07
325	  1.25577	  0.843774	  2.34401e-05	  3.49967e-06	  240	  4.00886e-07
326	  1.25577	  0.90628	  2.34401e-05	  3.99828e-06	  324	  4.22041e-07
327	  1.25577	  0.968758	  2.34401e-05	  4.05362e-06	  315	  4.31077e-07
328	  1.45182	  0.030936	  1.67209e-05	  1.03649e-06	  246	  1.17908e-07
329	  1.45182	  0.0938307	  1.67209e-05	  9.18256e-07	  516	  8.63368e-08
330	  1.45182	  0.156319	  1.67209e-05	  8.85601e-07	  504	  8.37279e-08
331	  1.45182	  0.218712	  1.67209e-05	  1.00452e-06	  528	  9.39424e-08
332	  1.45182	  0.281224	  1.67209e-05	  1.10337e-06	  504	  1.04317e-07
333	  1.45182	  0.343807	  1.67209e-05	  1.05669e-06	  384	  1.06758e-07
334	  1.45182	  0.406302	  1.67209e-05	  1.15032e-06	  420	  1.13646e-07
335	  1.45182	  0.468745	  1.67209e-05	  1.29938e-06	  468	  1.25032e-07
336	  1.45182	  0.531226	  1.67209e-05	  1.40948e-06	  480	  1.34808e-07
337	  1.45182	  0.593785	  1.67209e-05	  1.62576e-06	  468	  1.56439e-07
338	  1.45182	  0.656281	  1.67209e-05	  1.74487e-06	  396	  1.74926e-07
339	  1.45182	  0.718743	  1.67209e-05	  1.79994e-06	  456	  1.74287e-07
340	  1.45182	  0.781255	  1.67209e-05	  1.88384e-06	  432	  1.84828e-07
341	  1.45182	  0.843774	  1.67209e-05	  2.43433e-06	  480	  2.32828e-07
342	  1.45182	  0.90628	  1.67209e-05	  2.4382e-06	  480	  2.33198e-07
343	  1.45182	  0.968758	  1.67209e-05	  2.93769e-06	  414	  2.91264e-07
344	  1.68148	  0.030936	  1.18352e-05	  6.60854e-07	  798	  5.64367e-08
345	  1.68148	  0.0938307	  1.18352e-05	  7.22907e-07	  708	  6.33139e-08
346	  1.68148	  0.156319	  1.18352e-05	  7.43387e-07	  684	  6.55935e-08
347	  1.68148	  0.218712	  1.18352e-05	  8.20734e-07	  720	  7.16236e-08
348	  1.68148	  0.281224	  1.18352e-05	  8.23891e-07	  708	  7.21583e-08
349	  1.68148	  0.343807	  1.18352e-05	  8.00705e-07	  720	  6.98757e-08
350	  1.68148	  0.406302	  1.18352e-05	  8.64001e-07	  672	  7.65296e-08
351	  1.68148	  0.468745	  1.18352e-05	  1.01397e-06	  732	  8.81762e-08
352	  1.68148	  0.531226	  1.18352e-05	  1.07304e-06	  672	  9.50451e-08
353	  1.68148	  0.593785	  1.18352e-05	  1.17898e-06	  708	  1.03258e-07
354	  1.68148	  0.656281	  1.18352e-05	  1.1487e-06	  744	  9.95481e-08
355	  1.68148	  0.718743	  1.18352e-05	  1.37828e-06	  744	  1.19444e-07
356	  1.68148	  0.781255	  1.18352e-05	  1.54236e-06	  696	  1.35581e-07
357	  1.68148	  0.843774	  1.18352e-05	  1.71979e-06	  708	  1.50623e-07
358	  1.68148	  0.90628	  1.18352e-05	  1.69021e-06	  696	  1.48578e-07
359	  1.68148	  0.968758	  1.18352e-05	  1.82753e-06	  741	  1.58513e-07
360	  1.94819	  0.030936	  8.33561e-06	  5.14693e-07	  1368	  3.96503e-08
361	  1.94819	  0.0938307	  8.33561e-06	  4.83527e-07	  924	  4.00833e-08
362	  1.94819	  0.156319	  8.33561e-06	  5.44494e-07	  972	  4.46894e-08
363	  1.94819	  0.218712	  8.33561e-06	  5.26575e-07	  972	  4.32187e-08
364	  1.94819	  0.281224	  8.33561e-06	  5.33774e-07	  1200	  4.20975e-08
365	  1.94819	  0.343807	  8.33561e-06	  5.82255e-07	  1140	  4.63576e-08
366	  1.94819	  0.406302	  8.33561e-06	  5.95167e-07	  1080	  4.78687e-08
367	  1.94819	  0.468745	  8.33561e-06	  6.87901e-07	  1068	  5.54445e-08
368	  1.94819	  0.531226	  8.33561e-06	  7.41634e-07	  1164	  5.88194e-08
369	  1.94819	  0.593785	  8.33561e-06	  7.46798e-07	  1188	  5.90067e-08
370	  1.94819	  0.656281	  8.33561e-06	  8.03917e-07	  1068	  6.47953e-08
371	  1.94819	  0.718743	  8.33561e-06	  9.24319e-07	  1008	  7.53293e-08
372	  1.94819	  0.781255	  8.33561e-06	  9.69072e-07	  1164	  7.68576e-08
373	  1.94819	  0.843774	  8.33561e-06	  1.11813e-06	  1176	  8.85122e-08
374	  1.94819	  0.90628	  8.33561e-06	  1.13616e-06	  1080	  9.13799e-08
375	  1.94819	  0.968758	  8.33561e-06	  1.24381e-06	  1038	  1.00797e-07
376	  2.25604	  0.030936	  5.85898e-06	  3.67173e-07	  1896	  2.67911e-08
377	  2.25604	  0.0938307	  5.85898e-06	  3.94409e-07	  1272	  3.07792e-08
378	  2.25604	  0.156319	  5.85898e-06	  3.56403e-07	  2040	  2.5711e-08
379	  2.25604	  0.218712	  5.85898e-06	  3.9608e-07	  1740	  2.92993e-08
380	  2.25604	  0.281224	  5.85898e-06	  4.15404e-07	  1584	  3.12076e-08
381	  2.25604	  0.343807	  5.85898e-06	  4.06147e-07	  1764	  2.99775e-08
382	  2.25604	  0.406302	  5.85898e-06	  4.31001e-07	  1632	  3.22189e-08
383	  2.25604	  0.468745	  5.85898e-06	  4.47242e-07	  1860	  3.27323e-08
384	  2.25604	  0.531226	  5.85898e-06	  4.97048e-07	  1560	  3.74369e-08
385	  2.25604	  0.593785	  5.85898e-06	  5.39713e-07	  1692	  4.01065e-08
386	  2.25604	  0.656281	  5.85898e-06	  5.60974e-07	  1704	  4.16384e-08
387	  2.25604	  0.718743	  5.85898e-06	  6.09244e-07	  1824	  4.47275e-08
388	  2.25604	  0.781255	  5.85898e-06	  6.82792e-07	  1668	  5.08578e-08
389	  2.25604	  0.843774	  5.85898e-06	  6.79554e-07	  1680	  5.05571e-08
390	  2.25604	  0.90628	  5.85898e-06	  7.30568e-07	  1776	  5.3864e-08
391	  2.25604	  0.968758	  5.85898e-06	  7.91681e-07	  1656	  5.90385e-08
392	  2.61216	  0.030936	  4.10705e-06	  2.70639e-07	  2586	  1.8854e-08
393	  2.61216	  0.0938307	  4.10705e-06	  2.62055e-07	  3036	  1.78588e-08
394	  2.61216	  0.156319	  4.10705e-06	  2.84428e-07	  2124	  2.03929e-08
395	  2.61216	  0.218712	  4.10705e-06	  2.70585e-07	  2940	  1.85196e-08
396	  2.61216	  0.281224	  4.10705e-06	  2.92535e-07	  2616	  2.03462e-08
397	  2.61216	  0.343807	  4.10705e-06	  2.86133e-07	  2448	  2.00898e-08
398	  2.61216	  0.406302	  4.10705e-06	  3.09504e-07	  2916	  2.12067e-08
399	  2.61216	  0.468745	  4.10705e-06	  3.21427e-07	  2544	  2.24441e-08
400	  2.61216	  0.531226	  4.10705e-06	  3.56763e-07	  2652	  2.47659e-08
401	  2.61216	  0.593785	  4.10705e-06	  3.50155e-07	  2748	  2.41874e-08
402	  2.61216	  0.656281	  4.10705e-06	  3.8924e-07	  2676	  2.69864e-08
403	  2.61216	  0.718743	  4.10705e-06	  4.10016e-07	  2472	  2.87474e-08
404	  2.61216	  0.781255	  4.10705e-06	  4.4321e-07	  2616	  3.0826e-08
405	  2.61216	  0.843774	  4.10705e-06	  4.7302e-07	  2736	  3.26942e-08
406	  2.61216	  0.90628	  4.10705e-06	  4.54793e-07	  2568	  3.17143e-08
407	  2.61216	  0.968758	  4.10705e-06	  4.79225e-07	  2745	  3.3108e-08
408	  3.02645	  0.030936	  2.86472e-06	  1.89298e-07	  3414	  1.27047e-08
409	  3.02645	  0.0938307	  2.86472e-06	  1.98568e-07	  4512	  1.28845e-08
410	  3.02645	  0.156319	  2.86472e-06	  1.92484e-07	  4632	  1.24524e-08
411	  3.02645	  0.218712	  2.86472e-06	  1.87318e-07	  3972	  1.23381e-08
412	  3.02645	  0.281224	  2.86472e-06	  2.00633e-07	  4176	  1.31364e-08
413	  3.02645	  0.343807	  2.86472e-06	  2.10993e-07	  4344	  1.37509e-08
414	  3.02645	  0.406302	  2.86472e-06	  2.1393e-07	  4044	  1.40606e-08
415	  3.02645	  0.468745	  2.86472e-06	  2.21015e-07	  4092	  1.45058e-08
416	  3.02645	  0.531226	  2.86472e-06	  2.31465e-07	  4296	  1.51047e-08
417	  3.02645	  0.593785	  2.86472e-06	  2.46703e-07	  3996	  1.62378e-08
418	  3.02645	  0.656281	  2.86472e-06	  2.61687e-07	  4188	  1.7128e-08
419	  3.02645	  0.718743	  2.86472e-06	  2.62062e-07	  4212	  1.7141e-08
420	  3.02645	  0.781255	  2.86472e-06	  2.71738e-07	  4140	  1.78102e-08
421	  3.02645	  0.843774	  2.86472e-06	  2.86742e-07	  4128	  1.88001e-08
422	  3.02645	  0.90628	  2.86472e-06	  2.89448e-07	  4188	  1.8945e-08
423	  3.02645	  0.968758	  2.86472e-06	  2.90375e-07	  4128	  1.90382e-08
424	  3.50419	  0.030936	  1.99639e-06	  1.34702e-07	  7002	  8.34489e-09
425	  3.50419	  0.0938307	  1.99639e-06	  1.35533e-07	  6240	  8.49236e-09
426	  3.50419	  0.156319	  1.99639e-06	  1.3425e-07	  5964	  8.45091e-09
427	  3.50419	  0.218712	  1.99639e-06	  1.38303e-07	  6180	  8.67441e-09
428	  3.50419	  0.281224	  1.99639e-06	  1.42665e-07	  6420	  8.91377e-09
429	  3.50419	  0.343807	  1.99639e-06	  1.42185e-07	  6516	  8.87065e-09
430	  3.50419	  0.406302	  1.99639e-06	  1.51615e-07	  6312	  9.4891e-09
431	  3.50419	  0.468745	  1.99639e-06	  1.51734e-07	  6276	  9.50199e-09
432	  3.50419	  0.531226	  1.99639e-06	  1.58473e-07	  6360	  9.91075e-09
433	  3.50419	  0.593785	  1.99639e-06	  1.65542e-07	  6408	  1.03451e-08
434	  3.50419	  0.656281	  1.99639e-06	  1.72388e-07	  6360	  1.0781e-08
435	  3.50419	  0.718743	  1.99639e-06	  1.74208e-07	  6336	  1.0899e-08
436	  3.50419	  0.781255	  1.99639e-06	  1.77642e-07	  6372	  1.11075e-08
437	  3.50419	  0.843774	  1.99639e-06	  1.75725e-07	  6456	  1.09732e-08
438	  3.50419	  0.90628	  1.99639e-06	  1.77529e-07	  6360	  1.11025e-08
439	  3.50419	  0.968758	  1.99639e-06	  1.71799e-07	  6327	  1.07498e-08
440	  4.05763	  0.030936	  1.3873e-06	  9.75141e-08	  10392	  5.83228e-09
441	  4.05763	  0.0938307	  1.3873e-06	  9.45261e-08	  9420	  5.70023e-09
442	  4.05763	  0.156319	  1.3873e-06	  9.5029e-08	  10176	  5.69349e-09
443	  4.05763	  0.218712	  1.3873e-06	  9.69366e-08	  10260	  5.80383e-09
444	  4.05763	  0.281224	  1.3873e-06	  9.92709e-08	  9528	  5.98055e-09
445	  4.05763	  0.343807	  1.3873e-06	  9.86719e-08	  10140	  5.91348e-09
446	  4.05763	  0.406302	  1.3873e-06	  1.01946e-07	  9960	  6.11881e-09
447	  4.05763	  0.468745	  1.3873e-06	  1.01158e-07	  10068	  6.06606e-09
448	  4.05763	  0.531226	  1.3873e-06	  1.06939e-07	  9996	  6.41655e-09
449	  4.05763	  0.593785	  1.3873e-06	  1.06644e-07	  9828	  6.40793e-09
450	  4.05763	  0.656281	  1.3873e-06	  1.08371e-07	  10032	  6.5005e-09
451	  4.05763	  0.718743	  1.3873e-06	  1.1123e-07	  9924	  6.67808e-09
452	  4.05763	  0.781255	  1.3873e-06	  1.08422e-07	  10116	  6.4991e-09
453	  4.05763	  0.843774	  1.3873e-06	  1.07084e-07	  9888	  6.43108e-09
454	  4.05763	  0.90628	  1.3873e-06	  1.04719e-07	  10008	  6.28275e-09
455	  4.05763	  0.968758	  1.3873e-06	  9.8277e-08	  9978	  5.8977e-09
456	  4.69917	  0.030936	  9.60877e-07	  6.99085e-08	  13626	  4.09431e-09
457	  4.69917	  0.0938307	  9.60877e-07	  6.71594e-08	  16392	  3.88253e-09
458	  4.69917	  0.156319	  9.60877e-07	  6.49877e-08	  15708	  3.76791e-09
459	  4.69917	  0.218712	  9.60877e-07	  6.60159e-08	  15432	  3.83222e-09
460	  4.69917	  0.281224	  9.60877e-07	  6.5355e-08	  15780	  3.78801e-09
461	  4.69917	  0.343807	  9.60877e-07	  6.70701e-08	  15300	  3.89573e-09
462	  4.69917	  0.406302	  9.60877e-07	  6.78609e-08	  15588	  3.93658e-09
463	  4.69917	  0.468745	  9.60877e-07	  6.83883e-08	  15396	  3.97058e-09
464	  4.69917	  0.531226	  9.60877e-07	  6.72716e-08	  15504	  3.90385e-09
465	  4.69917	  0.593785	  9.60877e-07	  6.78751e-08	  15660	  3.93615e-09
466	  4.69917	  0.656281	  9.60877e-07	  6.66889e-08	  15192	  3.8755e-09
467	  4.69917	  0.718743	  9.60877e-07	  6.50756e-08	  15600	  3.7748e-09
468	  4.69917	  0.781255	  9.60877e-07	  6.45445e-08	  15216	  3.75047e-09
469	  4.69917	  0.843774	  9.60877e-07	  6.1793e-08	  15516	  3.58573e-09
470	  4.69917	  0.90628	  9.60877e-07	  5.82058e-08	  15540	  3.37721e-09
471	  4.69917	  0.968758	  9.60877e-07	  5.35599e-08	  15405	  3.10952e-09
472	  5.4432	  0.030936	  6.6384e-07	  4.74014e-08	  26250	  2.66264e-09
473	  5.4432	  0.0938307	  6.6384e-07	  4.6205e-08	  22392	  2.61903e-09
474	  5.4432	  0.156319	  6.6384e-07	  4.55767e-08	  24516	  2.56992e-09
475	  5.4432	  0.218712	  6.6384e-07	  4.52812e-08	  23592	  2.55887e-09
476	  5.4432	  0.281224	  6.6384e-07	  4.4963e-08	  24264	  2.5368e-09
477	  5.4432	  0.343807	  6.6384e-07	  4.4966e-08	  23928	  2.53899e-09
478	  5.4432	  0.406302	  6.6384e-07	  4.39541e-08	  24120	  2.48072e-09
479	  5.4432	  0.468745	  6.6384e-07	  4.31327e-08	  23964	  2.43527e-09
480	  5.4432	  0.531226	  6.6384e-07	  4.30042e-08	  24060	  2.42745e-09
481	  5.4432	  0.593785	  6.6384e-07	  4.23436e-08	  24108	  2.38989e-09
482	  5.4432	  0.656281	  6.6384e-07	  3.97449e-08	  24228	  2.24259e-09
483	  5.4432	  0.718743	  6.6384e-07	  3.78315e-08	  24144	  2.13505e-09
484	  5.4432	  0.781255	  6.6384e-07	  3.54741e-08	  23940	  2.00297e-09
485	  5.4432	  0.843774	  6.6384e-07	  3.39083e-08	  24192	  1.91342e-09
486	  5.4432	  0.90628	  6.6384e-07	  3.12275e-08	  23988	  1.763e-09
487	  5.4432	  0.968758	  6.6384e-07	  2.76098e-08	  24141	  1.55819e-09
488	  6.30378	  0.030936	  4.57865e-07	  3.30997e-08	  35082	  1.83171e-09
489	  6.30378	  0.0938307	  4.57865e-07	  3.17601e-08	  39108	  1.74861e-09
490	  6.30378	  0.156319	  4.57865e-07	  3.10622e-08	  36924	  1.71476e-09
491	  6.30378	  0.218712	  4.57865e-07	  3.02317e-08	  37692	  1.66731e-09
492	  6.30378	  0.281224	  4.57865e-07	  2.94467e-08	  37092	  1.62523e-09
493	  6.30378	  0.343807	  4.57865e-07	  2.90736e-08	  37536	  1.60374e-09
494	  6.30378	  0.406302	  4.57865e-07	  2.77871e-08	  36984	  1.53385e-09
495	  6.30378	  0.468745	  4.57865e-07	  2.68006e-08	  37428	  1.47856e-09
496	  6.30378	  0.531226	  4.57865e-07	  2.56849e-08	  37392	  1.41707e-09
497	  6.30378	  0.593785	  4.57865e-07	  2.40093e-08	  37200	  1.32495e-09
498	  6.30378	  0.656281	  4.57865e-07	  2.2534e-08	  36924	  1.24397e-09
499	  6.30378	  0.718743	  4.57865e-07	  2.08053e-08	  37272	  1.14803e-09
500	  6.30378	  0.781255	  4.57865e-07	  1.90254e-08	  37284	  1.0498e-09
501	  6.30378	  0.843774	  4.57865e-07	  1.72951e-08	  37188	  9.54441e-10
502	  6.30378	  0.90628	  4.57865e-07	  1.53648e-08	  37320	  8.47773e-10
503	  6.30378	  0.968758	  4.57865e-07	  1.32091e-08	  37119	  7.29013e-10
504	  7.30029	  0.030936	  3.15016e-07	  2.2164e-08	  60258	  1.19849e-09
505	  7.30029	  0.0938307	  3.15016e-07	  2.09831e-08	  56916	  1.13711e-09
506	  7.30029	  0.156319	  3.15016e-07	  2.02674e-08	  56820	  1.09839e-09
507	  7.30029	  0.218712	  3.15016e-07	  1.96757e-08	  58716	  1.06499e-09
508	  7.30029	  0.281224	  3.15016e-07	  1.87976e-08	  57840	  1.01804e-09
509	  7.30029	  0.343807	  3.15016e-07	  1.80289e-08	  57612	  9.76559e-10
510	  7.30029	  0.406302	  3.15016e-07	  1.67508e-08	  58464	  9.06819e-10
511	  7.30029	  0.468745	  3.15016e-07	  1.56794e-08	  57948	  8.49105e-10
512	  7.30029	  0.531226	  3.15016e-07	  1.47315e-08	  57708	  7.97901e-10
513	  7.30029	  0.593785	  3.15016e-07	  1.32594e-08	  58236	  7.17913e-10
514	  7.30029	  0.656281	  3.15016e-07	  1.20219e-08	  58008	  6.51009e-10
515	  7.30029	  0.718743	  3.15016e-07	  1.06032e-08	  58200	  5.74109e-10
516	  7.30029	  0.781255	  3.15016e-07	  9.31706e-09	  58128	  5.04498e-10
517	  7.30029	  0.843774	  3.15016e-07	  8.26193e-09	  57972	  4.4741e-10
518	  7.30029	  0.90628	  3.15016e-07	  7.06425e-09	  57960	  3.82555e-10
519	  7.30029	  0.968758	  3.15016e-07	  5.98985e-09	  58122	  3.24338e-10
520	  8.455	  0.030936	  2.16353e-07	  1.44684e-08	  90198	  7.71597e-10
521	  8.455	  0.0938307	  2.16353e-07	  1.3652e-08	  89292	  7.28288e-10
522	  8.455	  0.156319	  2.16353e-07	  1.30694e-08	  90804	  6.96842e-10
523	  8.455	  0.218712	  2.16353e-07	  1.2254e-08	  89628	  6.53632e-10
524	  8.455	  0.281224	  2.16353e-07	  1.15312e-08	  89844	  6.1503e-10
525	  8.455	  0.343807	  2.16353e-07	  1.06028e-08	  90636	  5.65358e-10
526	  8.455	  0.406302	  2.16353e-07	  9.58447e-09	  89628	  5.11238e-10
527	  8.455	  0.468745	  2.16353e-07	  8.58795e-09	  89772	  4.5806e-10
528	  8.455	  0.531226	  2.16353e-07	  7.67435e-09	  90324	  4.09253e-10
529	  8.455	  0.593785	  2.16353e-07	  6.69842e-09	  89784	  3.57276e-10
530	  8.455	  0.656281	  2.16353e-07	  5.84481e-09	  90216	  3.117e-10
531	  8.455	  0.718743	  2.16353e-07	  4.98941e-09	  89796	  2.66121e-10
532	  8.455	  0.781255	  2.16353e-07	  4.26145e-09	  90120	  2.27268e-10
533	  8.455	  0.843774	  2.16353e-07	  3.62028e-09	  90132	  1.93073e-10
534	  8.455	  0.90628	  2.16353e-07	  2.99661e-09	  89916	  1.59824e-10
535	  8.455	  0.968758	  2.16353e-07	  2.43694e-09	  89964	  1.29972e-10
536	  9.79129	  0.030936	  1.48293e-07	  9.19409e-09	  139068	  4.84359e-10
537	  9.79129	  0.0938307	  1.48293e-07	  8.47388e-09	  141180	  4.46246e-10
538	  9.79129	  0.156319	  1.48293e-07	  7.98245e-09	  139380	  4.20504e-10
539	  9.79129	  0.218712	  1.48293e-07	  7.33889e-09	  138804	  3.86643e-10
540	  9.79129	  0.281224	  1.48293e-07	  6.61056e-09	  140952	  3.48135e-10
541	  9.79129	  0.343807	  1.48293e-07	  5.82739e-09	  139668	  3.06962e-10
542	  9.79129	  0.406302	  1.48293e-07	  5.09534e-09	  139464	  2.68411e-10
543	  9.79129	  0.468745	  1.48293e-07	  4.37291e-09	  139812	  2.3034e-10
544	  9.79129	  0.531226	  1.48293e-07	  3.72785e-09	  139884	  1.9636e-10
545	  9.79129	  0.593785	  1.48293e-07	  3.16406e-09	  140184	  1.66654e-10
546	  9.79129	  0.656281	  1.48293e-07	  2.62631e-09	  139404	  1.3835e-10
547	  9.79129	  0.718743	  1.48293e-07	  2.17531e-09	  139932	  1.1458e-10
548	  9.79129	  0.781255	  1.48293e-07	  1.80266e-09	  139980	  9.49513e-11
549	  9.79129	  0.843774	  1.48293e-07	  1.4713e-09	  139632	  7.75021e-11
550	  9.79129	  0.90628	  1.48293e-07	  1.17488e-09	  140088	  6.18829e-11
551	  9.79129	  0.968758	  1.48293e-07	  9.13171e-10	  139623	  4.81024e-11
