#n	   k	      mu	    PL	    Pf	     w	     err  
0	  0.0523599	  1	  0.000983226	  0.000133962	  3	  8.4041e-05
1	  0.10472	  1	  0.000425087	  5.20912e-05	  3	  3.26794e-05
2	  0.15708	  1	  0.000236141	  4.32653e-05	  3	  2.71425e-05
3	  0.20944	  1	  0.000150995	  1.01288e-05	  3	  6.35433e-06
4	  0.261799	  1	  0.000101429	  7.815e-06	  3	  4.90274e-06
5	  0.314159	  1	  7.07262e-05	  2.4862e-05	  3	  1.55972e-05
6	  0.366519	  1	  5.18084e-05	  4.53779e-06	  3	  2.84678e-06
7	  0.418879	  1	  3.96389e-05	  3.22858e-06	  3	  2.02545e-06
8	  0.471239	  1	  3.12163e-05	  4.82899e-06	  3	  3.02947e-06
9	  0.0523599	  0	  0.000983226	  2.20671e-05	  6	  1.01122e-05
10	  0.074048	  0.707107	  0.000757198	  4.44847e-05	  12	  1.50659e-05
11	  0.11708	  0.894427	  0.000380685	  4.77033e-05	  12	  1.61559e-05
12	  0.165576	  0.948683	  0.00021385	  2.54317e-05	  12	  8.61308e-06
13	  0.215885	  0.970143	  0.000140405	  1.34225e-05	  12	  4.54588e-06
14	  0.266984	  0.980581	  9.7427e-05	  8.62412e-06	  12	  2.92078e-06
15	  0.318493	  0.986394	  6.90914e-05	  9.40066e-06	  12	  3.18377e-06
16	  0.37024	  0.989949	  5.08632e-05	  5.93804e-06	  12	  2.01107e-06
17	  0.422139	  0.992278	  3.90288e-05	  5.49399e-06	  12	  1.86068e-06
18	  0.474139	  0.993884	  3.08126e-05	  4.61076e-06	  12	  1.56155e-06
19	  0.074048	  0	  0.000757198	  1.62907e-05	  6	  7.46518e-06
20	  0.09069	  0.57735	  0.000543608	  2.30344e-05	  12	  7.80119e-06
21	  0.128255	  0.816497	  0.00035051	  2.94631e-05	  12	  9.97843e-06
22	  0.173658	  0.904534	  0.000200515	  1.76026e-05	  12	  5.96155e-06
23	  0.222144	  0.942809	  0.000131641	  8.44212e-06	  12	  2.85914e-06
24	  0.27207	  0.96225	  9.34249e-05	  1.51638e-05	  12	  5.13559e-06
25	  0.322768	  0.973329	  6.74454e-05	  5.29324e-06	  12	  1.79269e-06
26	  0.373924	  0.980196	  4.99626e-05	  7.31256e-06	  12	  2.47658e-06
27	  0.425374	  0.984732	  3.84233e-05	  4.72193e-06	  12	  1.5992e-06
28	  0.477021	  0.987878	  3.042e-05	  2.22958e-06	  12	  7.55103e-07
29	  0.10472	  0	  0.000425087	  1.00605e-05	  6	  4.61023e-06
30	  0.11708	  0.447214	  0.000380685	  1.61102e-05	  12	  5.45612e-06
31	  0.148096	  0.707107	  0.000270323	  2.04179e-05	  12	  6.91505e-06
32	  0.188786	  0.83205	  0.000183516	  1.65672e-05	  12	  5.61088e-06
33	  0.23416	  0.894427	  0.000119609	  1.20508e-05	  12	  4.08129e-06
34	  0.281967	  0.928477	  8.60441e-05	  4.78764e-06	  12	  1.62146e-06
35	  0.331153	  0.948683	  6.40487e-05	  6.43772e-06	  12	  2.18029e-06
36	  0.381186	  0.961524	  4.82286e-05	  3.83389e-06	  12	  1.29844e-06
37	  0.431771	  0.970143	  3.73035e-05	  2.30364e-06	  12	  7.80185e-07
38	  0.482734	  0.976187	  2.96525e-05	  2.71225e-06	  12	  9.18572e-07
39	  0.11708	  0	  0.000380685	  1.037e-05	  12	  3.51207e-06
40	  0.128255	  0.408248	  0.00035051	  1.21307e-05	  24	  3.08271e-06
41	  0.15708	  0.666667	  0.000236141	  1.51236e-05	  24	  3.84328e-06
42	  0.195913	  0.801784	  0.00017378	  1.2858e-05	  24	  3.26754e-06
43	  0.239943	  0.872872	  0.000115622	  1.57004e-05	  24	  3.98986e-06
44	  0.286787	  0.912871	  8.28731e-05	  7.27369e-06	  24	  1.84842e-06
45	  0.335267	  0.937043	  6.23546e-05	  5.81872e-06	  24	  1.47868e-06
46	  0.384765	  0.952579	  4.73819e-05	  6.35361e-06	  24	  1.61461e-06
47	  0.434934	  0.963087	  3.67659e-05	  4.0195e-06	  24	  1.02145e-06
48	  0.485566	  0.970495	  2.92972e-05	  2.44734e-06	  24	  6.21929e-07
49	  0.148096	  0	  0.000270323	  6.40006e-06	  6	  2.93282e-06
50	  0.15708	  0.333333	  0.000236141	  8.0248e-06	  12	  2.7178e-06
51	  0.18138	  0.57735	  0.000191777	  8.76057e-06	  12	  2.96699e-06
52	  0.215885	  0.727607	  0.000140405	  9.44481e-06	  12	  3.19872e-06
53	  0.25651	  0.816497	  0.000105268	  1.17257e-05	  12	  3.97121e-06
54	  0.300785	  0.870388	  7.58678e-05	  6.47062e-06	  12	  2.19144e-06
55	  0.347316	  0.904534	  5.76906e-05	  5.08544e-06	  12	  1.72231e-06
56	  0.395308	  0.927173	  4.48749e-05	  4e-06	  12	  1.3547e-06
57	  0.444288	  0.942809	  3.52645e-05	  3.90018e-06	  12	  1.32089e-06
58	  0.493962	  0.953998	  2.82676e-05	  3.49878e-06	  12	  1.18495e-06
59	  0.15708	  0	  0.000236141	  6.79312e-06	  6	  3.11294e-06
60	  0.165576	  0.316228	  0.00021385	  6.86021e-06	  12	  2.32338e-06
61	  0.188786	  0.5547	  0.000183516	  9.91083e-06	  12	  3.35655e-06
62	  0.222144	  0.707107	  0.000131641	  6.78053e-06	  12	  2.2964e-06
63	  0.261799	  0.8	  0.000101429	  9.068e-06	  12	  3.07111e-06
64	  0.305308	  0.857493	  7.40431e-05	  3.99951e-06	  12	  1.35453e-06
65	  0.351241	  0.894427	  5.63119e-05	  4.46828e-06	  12	  1.5133e-06
66	  0.398761	  0.919145	  4.40594e-05	  5.34446e-06	  12	  1.81003e-06
67	  0.447363	  0.936329	  3.47881e-05	  2.8693e-06	  12	  9.71759e-07
68	  0.496729	  0.948683	  2.79471e-05	  1.97181e-06	  12	  6.67802e-07
69	  0.165576	  0	  0.00021385	  5.16396e-06	  12	  1.7489e-06
70	  0.173658	  0.301511	  0.000200515	  5.40301e-06	  24	  1.37304e-06
71	  0.195913	  0.534522	  0.00017378	  6.73733e-06	  24	  1.71212e-06
72	  0.228231	  0.688247	  0.000124821	  8.76603e-06	  24	  2.22766e-06
73	  0.266984	  0.784465	  9.7427e-05	  5.2658e-06	  24	  1.33817e-06
74	  0.309765	  0.845154	  7.23592e-05	  5.08211e-06	  24	  1.29149e-06
75	  0.355122	  0.884652	  5.50504e-05	  4.90951e-06	  24	  1.24762e-06
76	  0.402184	  0.911322	  4.3251e-05	  5.48287e-06	  24	  1.39333e-06
77	  0.450417	  0.929981	  3.4317e-05	  3.49204e-06	  24	  8.87412e-07
78	  0.499481	  0.943456	  2.76283e-05	  3.44779e-06	  24	  8.76167e-07
79	  0.188786	  0	  0.000183516	  4.77547e-06	  12	  1.61733e-06
80	  0.195913	  0.267261	  0.00017378	  4.05446e-06	  24	  1.03034e-06
81	  0.215885	  0.485071	  0.000140405	  6.484e-06	  24	  1.64774e-06
82	  0.24559	  0.639602	  0.000112191	  5.05126e-06	  24	  1.28365e-06
83	  0.281967	  0.742781	  8.60441e-05	  6.30103e-06	  24	  1.60125e-06
84	  0.322768	  0.811107	  6.74454e-05	  5.30639e-06	  24	  1.34848e-06
85	  0.366519	  0.857143	  5.18084e-05	  4.91629e-06	  24	  1.24935e-06
86	  0.412282	  0.889001	  4.10057e-05	  2.38668e-06	  24	  6.06514e-07
87	  0.459456	  0.911685	  3.29446e-05	  2.88325e-06	  24	  7.32704e-07
88	  0.20944	  0	  0.000150995	  1.67822e-06	  6	  7.6904e-07
89	  0.215885	  0.242536	  0.000140405	  3.16682e-06	  12	  1.07252e-06
90	  0.23416	  0.447214	  0.000119609	  4.59145e-06	  12	  1.55501e-06
91	  0.261799	  0.6	  0.000101429	  5.51642e-06	  12	  1.86827e-06
92	  0.296192	  0.707107	  7.78866e-05	  2.5948e-06	  12	  8.78795e-07
93	  0.335267	  0.780869	  6.23546e-05	  5.38438e-06	  12	  1.82355e-06
94	  0.377572	  0.83205	  4.90878e-05	  3.07289e-06	  12	  1.04071e-06
95	  0.422139	  0.868243	  3.90288e-05	  3.37093e-06	  12	  1.14165e-06
96	  0.468321	  0.894427	  3.16398e-05	  2.14874e-06	  12	  7.27726e-07
97	  0.215885	  0	  0.000140405	  2.92831e-06	  12	  9.91747e-07
98	  0.222144	  0.235702	  0.000131641	  1.79962e-06	  24	  4.57326e-07
99	  0.239943	  0.436436	  0.000115622	  5.56854e-06	  24	  1.4151e-06
100	  0.266984	  0.588348	  9.7427e-05	  3.86638e-06	  24	  9.8254e-07
101	  0.300785	  0.696311	  7.58678e-05	  2.94356e-06	  24	  7.48029e-07
102	  0.339331	  0.771517	  6.07268e-05	  3.90081e-06	  24	  9.9129e-07
103	  0.381186	  0.824163	  4.82286e-05	  4.81557e-06	  24	  1.22375e-06
104	  0.425374	  0.86164	  3.84233e-05	  3.7899e-06	  24	  9.63106e-07
105	  0.471239	  0.888889	  3.12163e-05	  3.3802e-06	  24	  8.58989e-07
106	  0.222144	  0	  0.000131641	  2.62749e-06	  6	  1.20404e-06
107	  0.228231	  0.229416	  0.000124821	  3.55346e-06	  12	  1.20347e-06
108	  0.24559	  0.426401	  0.000112191	  3.78269e-06	  12	  1.2811e-06
109	  0.27207	  0.57735	  9.34249e-05	  2.34288e-06	  12	  7.93475e-07
110	  0.305308	  0.685994	  7.40431e-05	  5.96283e-06	  12	  2.01946e-06
111	  0.343347	  0.762493	  5.91442e-05	  3.8415e-06	  12	  1.30102e-06
112	  0.384765	  0.816497	  4.73819e-05	  3.02866e-06	  12	  1.02573e-06
113	  0.428584	  0.855186	  3.78451e-05	  2.90637e-06	  12	  9.84315e-07
114	  0.474139	  0.883452	  3.08126e-05	  2.45257e-06	  12	  8.30625e-07
115	  0.23416	  0	  0.000119609	  2.75409e-06	  12	  9.32742e-07
116	  0.239943	  0.218218	  0.000115622	  4.10664e-06	  24	  1.0436e-06
117	  0.25651	  0.408248	  0.000105268	  4.74352e-06	  24	  1.20544e-06
118	  0.281967	  0.557086	  8.60441e-05	  4.17114e-06	  24	  1.05999e-06
119	  0.314159	  0.666667	  7.07262e-05	  3.15944e-06	  24	  8.0289e-07
120	  0.351241	  0.745356	  5.63119e-05	  4.28018e-06	  24	  1.0877e-06
121	  0.391825	  0.801784	  4.57028e-05	  2.86436e-06	  24	  7.27904e-07
122	  0.434934	  0.842701	  3.67659e-05	  2.43561e-06	  24	  6.18948e-07
123	  0.479886	  0.872872	  3.00297e-05	  2.26305e-06	  24	  5.75095e-07
124	  0.261799	  0	  0.000101429	  2.40578e-06	  18	  6.87335e-07
125	  0.266984	  0.196116	  9.7427e-05	  2.44036e-06	  36	  5.28745e-07
126	  0.281967	  0.371391	  8.60441e-05	  2.35611e-06	  36	  5.10491e-07
127	  0.305308	  0.514496	  7.40431e-05	  2.95032e-06	  36	  6.39237e-07
128	  0.335267	  0.624695	  6.23546e-05	  3.28329e-06	  36	  7.11379e-07
129	  0.37024	  0.707107	  5.08632e-05	  3.05963e-06	  36	  6.6292e-07
130	  0.408944	  0.768221	  4.17262e-05	  2.99423e-06	  36	  6.48749e-07
131	  0.450417	  0.813733	  3.4317e-05	  3.47248e-06	  36	  7.52371e-07
132	  0.493962	  0.847998	  2.82676e-05	  2.20401e-06	  36	  4.77536e-07
133	  0.266984	  0	  9.7427e-05	  2.18176e-06	  12	  7.38909e-07
134	  0.27207	  0.19245	  9.34249e-05	  3.19401e-06	  24	  8.11676e-07
135	  0.286787	  0.365148	  8.28731e-05	  2.81354e-06	  24	  7.1499e-07
136	  0.309765	  0.507093	  7.23592e-05	  2.82598e-06	  24	  7.18148e-07
137	  0.339331	  0.617213	  6.07268e-05	  2.54004e-06	  24	  6.45485e-07
138	  0.373924	  0.70014	  4.99626e-05	  2.83687e-06	  24	  7.20917e-07
139	  0.412282	  0.762001	  4.10057e-05	  2.05141e-06	  24	  5.21313e-07
140	  0.45345	  0.80829	  3.38492e-05	  2.06551e-06	  24	  5.24897e-07
141	  0.496729	  0.843274	  2.79471e-05	  2.38518e-06	  24	  6.06132e-07
142	  0.281967	  0	  8.60441e-05	  1.26463e-06	  12	  4.28297e-07
143	  0.286787	  0.182574	  8.28731e-05	  2.22723e-06	  24	  5.65994e-07
144	  0.300785	  0.348155	  7.58678e-05	  2.08504e-06	  24	  5.2986e-07
145	  0.322768	  0.486664	  6.74454e-05	  2.9173e-06	  24	  7.41356e-07
146	  0.351241	  0.596285	  5.63119e-05	  2.63551e-06	  24	  6.69747e-07
147	  0.384765	  0.680414	  4.73819e-05	  2.14723e-06	  24	  5.45664e-07
148	  0.422139	  0.744208	  3.90288e-05	  2.18038e-06	  24	  5.54087e-07
149	  0.46243	  0.792594	  3.24972e-05	  2.0094e-06	  24	  5.10637e-07
150	  0.296192	  0	  7.78866e-05	  8.86651e-07	  6	  4.06306e-07
151	  0.300785	  0.174078	  7.58678e-05	  1.42785e-06	  12	  4.83578e-07
152	  0.314159	  0.333333	  7.07262e-05	  1.86979e-06	  12	  6.33252e-07
153	  0.335267	  0.468521	  6.23546e-05	  2.17918e-06	  12	  7.38036e-07
154	  0.36276	  0.57735	  5.28042e-05	  2.70864e-06	  12	  9.1735e-07
155	  0.395308	  0.662266	  4.48749e-05	  2.30054e-06	  12	  7.79134e-07
156	  0.431771	  0.727607	  3.73035e-05	  2.40906e-06	  12	  8.15888e-07
157	  0.471239	  0.777778	  3.12163e-05	  2.42144e-06	  12	  8.20082e-07
158	  0.305308	  0	  7.40431e-05	  1.81543e-06	  12	  6.14843e-07
159	  0.309765	  0.169031	  7.23592e-05	  1.6844e-06	  24	  4.28046e-07
160	  0.322768	  0.324443	  6.74454e-05	  2.30217e-06	  24	  5.85038e-07
161	  0.343347	  0.457496	  5.91442e-05	  2.24276e-06	  24	  5.69938e-07
162	  0.37024	  0.565685	  5.08632e-05	  2.30544e-06	  24	  5.85868e-07
163	  0.402184	  0.650945	  4.3251e-05	  3.19013e-06	  24	  8.1069e-07
164	  0.438074	  0.717137	  3.62551e-05	  2.95281e-06	  24	  7.50382e-07
165	  0.477021	  0.76835	  3.042e-05	  2.18958e-06	  24	  5.56426e-07
166	  0.314159	  0	  7.07262e-05	  3.23289e-06	  6	  1.48147e-06
167	  0.318493	  0.164399	  6.90914e-05	  2.37392e-06	  12	  8.03987e-07
168	  0.331153	  0.316228	  6.40487e-05	  1.74674e-06	  12	  5.91578e-07
169	  0.351241	  0.447214	  5.63119e-05	  1.4313e-06	  12	  4.84747e-07
170	  0.377572	  0.5547	  4.90878e-05	  1.71093e-06	  12	  5.79448e-07
171	  0.408944	  0.640184	  4.17262e-05	  2.19466e-06	  12	  7.43278e-07
172	  0.444288	  0.707107	  3.52645e-05	  1.70151e-06	  12	  5.7626e-07
173	  0.482734	  0.759257	  2.96525e-05	  2.13031e-06	  12	  7.21482e-07
174	  0.318493	  0	  6.90914e-05	  2.36701e-06	  12	  8.01647e-07
175	  0.322768	  0.162221	  6.74454e-05	  1.425e-06	  24	  3.62128e-07
176	  0.335267	  0.312348	  6.23546e-05	  1.57338e-06	  24	  3.99833e-07
177	  0.355122	  0.442326	  5.50504e-05	  2.11954e-06	  24	  5.38627e-07
178	  0.381186	  0.549442	  4.82286e-05	  2.53719e-06	  24	  6.44761e-07
179	  0.412282	  0.635001	  4.10057e-05	  1.66084e-06	  24	  4.22059e-07
180	  0.447363	  0.702247	  3.47881e-05	  1.92955e-06	  24	  4.90346e-07
181	  0.485566	  0.754829	  2.92972e-05	  2.43667e-06	  24	  6.19217e-07
182	  0.331153	  0	  6.40487e-05	  1.37686e-06	  12	  4.66308e-07
183	  0.335267	  0.156174	  6.23546e-05	  1.45363e-06	  24	  3.69401e-07
184	  0.347316	  0.301511	  5.76906e-05	  1.32387e-06	  24	  3.36428e-07
185	  0.366519	  0.428571	  5.18084e-05	  2.35617e-06	  24	  5.98759e-07
186	  0.391825	  0.534522	  4.57028e-05	  1.68937e-06	  24	  4.29309e-07
187	  0.422139	  0.620174	  3.90288e-05	  1.58265e-06	  24	  4.02189e-07
188	  0.456463	  0.688247	  3.33949e-05	  1.94135e-06	  24	  4.93343e-07
189	  0.493962	  0.741999	  2.82676e-05	  1.64574e-06	  24	  4.18223e-07
190	  0.335267	  0	  6.23546e-05	  1.52552e-06	  12	  5.16655e-07
191	  0.339331	  0.154303	  6.07268e-05	  1.22494e-06	  24	  3.11287e-07
192	  0.351241	  0.298142	  5.63119e-05	  1.56208e-06	  24	  3.96961e-07
193	  0.37024	  0.424264	  5.08632e-05	  1.7805e-06	  24	  4.52467e-07
194	  0.395308	  0.529813	  4.48749e-05	  1.62985e-06	  24	  4.14185e-07
195	  0.425374	  0.615457	  3.84233e-05	  1.95214e-06	  24	  4.96086e-07
196	  0.459456	  0.683763	  3.29446e-05	  1.57614e-06	  24	  4.00536e-07
197	  0.496729	  0.737865	  2.79471e-05	  1.75751e-06	  24	  4.46624e-07
198	  0.351241	  0	  5.63119e-05	  9.64948e-07	  12	  3.26804e-07
199	  0.355122	  0.147442	  5.50504e-05	  1.39948e-06	  24	  3.55643e-07
200	  0.366519	  0.285714	  5.18084e-05	  1.85524e-06	  24	  4.71462e-07
201	  0.384765	  0.408248	  4.73819e-05	  1.66568e-06	  24	  4.2329e-07
202	  0.408944	  0.512148	  4.17262e-05	  2.09201e-06	  24	  5.3163e-07
203	  0.438074	  0.597614	  3.62551e-05	  1.71853e-06	  24	  4.3672e-07
204	  0.471239	  0.666667	  3.12163e-05	  1.97224e-06	  24	  5.01193e-07
205	  0.366519	  0	  5.18084e-05	  8.92621e-07	  6	  4.09042e-07
206	  0.37024	  0.141421	  5.08632e-05	  1.16029e-06	  12	  3.92961e-07
207	  0.381186	  0.274721	  4.82286e-05	  1.05998e-06	  12	  3.5899e-07
208	  0.398761	  0.393919	  4.40594e-05	  1.94175e-06	  12	  6.57621e-07
209	  0.422139	  0.496139	  3.90288e-05	  1.8648e-06	  12	  6.31561e-07
210	  0.450417	  0.581238	  3.4317e-05	  1.99841e-06	  12	  6.7681e-07
211	  0.482734	  0.650791	  2.96525e-05	  1.49319e-06	  12	  5.05705e-07
212	  0.37024	  0	  5.08632e-05	  1.26746e-06	  18	  3.62117e-07
213	  0.373924	  0.140028	  4.99626e-05	  1.40674e-06	  36	  3.04794e-07
214	  0.384765	  0.272166	  4.73819e-05	  1.45949e-06	  36	  3.16223e-07
215	  0.402184	  0.390567	  4.3251e-05	  1.85951e-06	  36	  4.02893e-07
216	  0.425374	  0.492366	  3.84233e-05	  1.38075e-06	  36	  2.99162e-07
217	  0.45345	  0.57735	  3.38492e-05	  1.20752e-06	  36	  2.6163e-07
218	  0.485566	  0.646997	  2.92972e-05	  1.94429e-06	  36	  4.21263e-07
219	  0.377572	  0	  4.90878e-05	  8.9708e-07	  12	  3.03819e-07
220	  0.381186	  0.137361	  4.82286e-05	  1.46157e-06	  24	  3.71421e-07
221	  0.391825	  0.267261	  4.57028e-05	  1.44223e-06	  24	  3.66506e-07
222	  0.408944	  0.384111	  4.17262e-05	  1.54152e-06	  24	  3.91737e-07
223	  0.431771	  0.485071	  3.73035e-05	  1.51531e-06	  24	  3.85076e-07
224	  0.459456	  0.569803	  3.29446e-05	  1.30806e-06	  24	  3.32409e-07
225	  0.491179	  0.639602	  2.85928e-05	  1.17571e-06	  24	  2.98776e-07
226	  0.381186	  0	  4.82286e-05	  8.61642e-07	  12	  2.91817e-07
227	  0.384765	  0.136083	  4.73819e-05	  1.62123e-06	  24	  4.11992e-07
228	  0.395308	  0.264906	  4.48749e-05	  1.15612e-06	  24	  2.93799e-07
229	  0.412282	  0.381	  4.10057e-05	  8.30469e-07	  24	  2.11042e-07
230	  0.434934	  0.481543	  3.67659e-05	  1.27905e-06	  24	  3.25036e-07
231	  0.46243	  0.566139	  3.24972e-05	  1.45475e-06	  24	  3.69687e-07
232	  0.493962	  0.635999	  2.82676e-05	  1.34283e-06	  24	  3.41245e-07
233	  0.398761	  0	  4.40594e-05	  1.50788e-06	  12	  5.1068e-07
234	  0.402184	  0.130189	  4.3251e-05	  1.286e-06	  24	  3.26803e-07
235	  0.412282	  0.254	  4.10057e-05	  7.06538e-07	  24	  1.79548e-07
236	  0.428584	  0.366508	  3.78451e-05	  1.29616e-06	  24	  3.29385e-07
237	  0.450417	  0.464991	  3.4317e-05	  1.49252e-06	  24	  3.79286e-07
238	  0.477021	  0.548821	  3.042e-05	  1.2653e-06	  24	  3.21544e-07
239	  0.408944	  0	  4.17262e-05	  1.13674e-06	  12	  3.84987e-07
240	  0.412282	  0.127	  4.10057e-05	  1.0427e-06	  24	  2.64975e-07
241	  0.422139	  0.248069	  3.90288e-05	  8.62394e-07	  24	  2.19155e-07
242	  0.438074	  0.358569	  3.62551e-05	  1.26776e-06	  24	  3.22169e-07
243	  0.459456	  0.455842	  3.29446e-05	  8.71784e-07	  24	  2.21541e-07
244	  0.485566	  0.539164	  2.92972e-05	  1.47233e-06	  24	  3.74155e-07
245	  0.418879	  0	  3.96389e-05	  1.12285e-06	  6	  5.14544e-07
246	  0.422139	  0.124035	  3.90288e-05	  1.58025e-06	  12	  5.3519e-07
247	  0.431771	  0.242536	  3.73035e-05	  6.88806e-07	  12	  2.33281e-07
248	  0.447363	  0.351123	  3.47881e-05	  9.69166e-07	  12	  3.28232e-07
249	  0.468321	  0.447214	  3.16398e-05	  8.09225e-07	  12	  2.74064e-07
250	  0.493962	  0.529999	  2.82676e-05	  1.46855e-06	  12	  4.97361e-07
251	  0.422139	  0	  3.90288e-05	  1.25625e-06	  24	  3.19243e-07
252	  0.425374	  0.123091	  3.84233e-05	  9.27549e-07	  48	  1.80258e-07
253	  0.434934	  0.240772	  3.67659e-05	  1.01841e-06	  48	  1.97916e-07
254	  0.450417	  0.348743	  3.4317e-05	  1.19841e-06	  48	  2.32896e-07
255	  0.471239	  0.444444	  3.12163e-05	  1.21169e-06	  48	  2.35477e-07
256	  0.496729	  0.527046	  2.79471e-05	  1.31562e-06	  48	  2.55674e-07
257	  0.431771	  0	  3.73035e-05	  6.46262e-07	  12	  2.18873e-07
258	  0.434934	  0.120386	  3.67659e-05	  7.77042e-07	  24	  1.97465e-07
259	  0.444288	  0.235702	  3.52645e-05	  7.69788e-07	  24	  1.95622e-07
260	  0.459456	  0.341882	  3.29446e-05	  1.03921e-06	  24	  2.64089e-07
261	  0.479886	  0.436436	  3.00297e-05	  9.41448e-07	  24	  2.39245e-07
262	  0.444288	  0	  3.52645e-05	  1.02488e-06	  6	  4.69648e-07
263	  0.447363	  0.117041	  3.47881e-05	  9.23318e-07	  12	  3.12705e-07
264	  0.456463	  0.229416	  3.33949e-05	  9.77662e-07	  12	  3.3111e-07
265	  0.471239	  0.333333	  3.12163e-05	  8.84205e-07	  12	  2.99458e-07
266	  0.491179	  0.426401	  2.85928e-05	  7.9745e-07	  12	  2.70077e-07
267	  0.447363	  0	  3.47881e-05	  8.03729e-07	  12	  2.72203e-07
268	  0.450417	  0.116248	  3.4317e-05	  1.0095e-06	  24	  2.56537e-07
269	  0.459456	  0.227921	  3.29446e-05	  9.22398e-07	  24	  2.34404e-07
270	  0.474139	  0.331295	  3.08126e-05	  1.1592e-06	  24	  2.94582e-07
271	  0.493962	  0.423999	  2.82676e-05	  8.83948e-07	  24	  2.24632e-07
272	  0.450417	  0	  3.4317e-05	  9.35364e-07	  12	  3.16784e-07
273	  0.45345	  0.11547	  3.38492e-05	  5.9999e-07	  24	  1.52472e-07
274	  0.46243	  0.226455	  3.24972e-05	  7.59543e-07	  24	  1.93018e-07
275	  0.477021	  0.329293	  3.042e-05	  9.03728e-07	  24	  2.29659e-07
276	  0.496729	  0.421637	  2.79471e-05	  1.04398e-06	  24	  2.65301e-07
277	  0.468321	  0	  3.16398e-05	  5.73095e-07	  12	  1.94093e-07
278	  0.471239	  0.111111	  3.12163e-05	  7.78631e-07	  24	  1.97869e-07
279	  0.479886	  0.218218	  3.00297e-05	  5.68593e-07	  24	  1.44493e-07
280	  0.493962	  0.317999	  2.82676e-05	  7.05491e-07	  24	  1.79282e-07
281	  0.471239	  0	  3.12163e-05	  1.83218e-06	  6	  8.39595e-07
282	  0.474139	  0.110432	  3.08126e-05	  1.05953e-06	  12	  3.58838e-07
283	  0.482734	  0.21693	  2.96525e-05	  7.35974e-07	  12	  2.49256e-07
284	  0.496729	  0.316228	  2.79471e-05	  8.25026e-07	  12	  2.79416e-07
285	  0.474139	  0	  3.08126e-05	  1.05361e-06	  12	  3.56833e-07
286	  0.477021	  0.109764	  3.042e-05	  6.40289e-07	  24	  1.62713e-07
287	  0.485566	  0.215666	  2.92972e-05	  5.87468e-07	  24	  1.4929e-07
288	  0.499481	  0.314485	  2.76283e-05	  8.35445e-07	  24	  2.12307e-07
289	  0.482734	  0	  2.96525e-05	  6.30007e-07	  24	  1.601e-07
290	  0.485566	  0.107833	  2.92972e-05	  8.28937e-07	  48	  1.61094e-07
291	  0.493962	  0.212	  2.82676e-05	  7.87337e-07	  48	  1.53009e-07
292	  0.493962	  0	  2.82676e-05	  7.53949e-07	  12	  2.55344e-07
293	  0.496729	  0.105409	  2.79471e-05	  8.95353e-07	  24	  2.27531e-07
294	  0.496729	  0	  2.79471e-05	  5.8921e-07	  12	  1.99551e-07
295	  0.499481	  0.104828	  2.76283e-05	  6.45883e-07	  24	  1.64135e-07
296	  0.557622	  0.0311873	  2.19135e-05	  6.1535e-07	  192	  7.51766e-08
297	  0.557622	  0.0937546	  2.19135e-05	  5.87158e-07	  384	  5.93212e-08
298	  0.557622	  0.156239	  2.19135e-05	  5.1379e-07	  168	  6.53293e-08
299	  0.557622	  0.218749	  2.19135e-05	  6.08369e-07	  216	  7.18127e-08
300	  0.557622	  0.281247	  2.19135e-05	  6.8384e-07	  372	  6.96475e-08
301	  0.557622	  0.343756	  2.19135e-05	  6.08911e-07	  216	  7.18767e-08
302	  0.557622	  0.406258	  2.19135e-05	  9.14629e-07	  204	  1.09768e-07
303	  0.557622	  0.468751	  2.19135e-05	  9.4162e-07	  276	  1.0376e-07
304	  0.557622	  0.531244	  2.19135e-05	  1.04739e-06	  264	  1.16832e-07
305	  0.557622	  0.593752	  2.19135e-05	  1.22839e-06	  252	  1.38801e-07
306	  0.557622	  0.656252	  2.19135e-05	  1.22442e-06	  192	  1.49586e-07
307	  0.557622	  0.718753	  2.19135e-05	  1.32981e-06	  336	  1.39038e-07
308	  0.557622	  0.78125	  2.19135e-05	  1.55574e-06	  240	  1.78209e-07
309	  0.557622	  0.843744	  2.19135e-05	  1.78002e-06	  252	  2.01131e-07
310	  0.557622	  0.906252	  2.19135e-05	  2.25456e-06	  252	  2.54751e-07
311	  0.557622	  0.968755	  2.19135e-05	  2.43046e-06	  246	  2.76484e-07
312	  0.672523	  0.0311873	  1.46581e-05	  3.98047e-07	  282	  4.36057e-08
313	  0.672523	  0.0937546	  1.46581e-05	  3.89341e-07	  564	  3.58612e-08
314	  0.672523	  0.156239	  1.46581e-05	  4.57912e-07	  564	  4.21772e-08
315	  0.672523	  0.218749	  1.46581e-05	  4.20249e-07	  516	  3.95128e-08
316	  0.672523	  0.281247	  1.46581e-05	  4.36396e-07	  396	  4.37495e-08
317	  0.672523	  0.343756	  1.46581e-05	  5.14829e-07	  468	  4.95395e-08
318	  0.672523	  0.406258	  1.46581e-05	  5.91141e-07	  468	  5.68826e-08
319	  0.672523	  0.468751	  1.46581e-05	  5.49774e-07	  420	  5.43149e-08
320	  0.672523	  0.531244	  1.46581e-05	  6.47068e-07	  516	  6.0839e-08
321	  0.672523	  0.593752	  1.46581e-05	  6.8489e-07	  564	  6.30836e-08
322	  0.672523	  0.656252	  1.46581e-05	  8.41229e-07	  444	  8.19844e-08
323	  0.672523	  0.718753	  1.46581e-05	  8.935e-07	  456	  8.6517e-08
324	  0.672523	  0.78125	  1.46581e-05	  9.89979e-07	  456	  9.58589e-08
325	  0.672523	  0.843744	  1.46581e-05	  1.34978e-06	  468	  1.29883e-07
326	  0.672523	  0.906252	  1.46581e-05	  1.56471e-06	  504	  1.47933e-07
327	  0.672523	  0.968755	  1.46581e-05	  1.72766e-06	  426	  1.70089e-07
328	  0.813161	  0.0311873	  9.65468e-06	  2.58895e-07	  690	  2.28007e-08
329	  0.813161	  0.0937546	  9.65468e-06	  2.65185e-07	  828	  2.2475e-08
330	  0.813161	  0.156239	  9.65468e-06	  2.81593e-07	  876	  2.35938e-08
331	  0.813161	  0.218749	  9.65468e-06	  2.97888e-07	  864	  2.50288e-08
332	  0.813161	  0.281247	  9.65468e-06	  2.965e-07	  852	  2.49829e-08
333	  0.813161	  0.343756	  9.65468e-06	  3.2128e-07	  828	  2.72293e-08
334	  0.813161	  0.406258	  9.65468e-06	  3.75297e-07	  828	  3.18073e-08
335	  0.813161	  0.468751	  9.65468e-06	  3.83768e-07	  888	  3.20668e-08
336	  0.813161	  0.531244	  9.65468e-06	  4.28224e-07	  732	  3.72388e-08
337	  0.813161	  0.593752	  9.65468e-06	  4.87895e-07	  816	  4.14745e-08
338	  0.813161	  0.656252	  9.65468e-06	  5.25798e-07	  840	  4.44317e-08
339	  0.813161	  0.718753	  9.65468e-06	  6.12244e-07	  816	  5.20451e-08
340	  0.813161	  0.78125	  9.65468e-06	  6.62349e-07	  744	  5.74003e-08
341	  0.813161	  0.843744	  9.65468e-06	  7.85766e-07	  888	  6.56569e-08
342	  0.813161	  0.906252	  9.65468e-06	  8.8888e-07	  768	  7.65187e-08
343	  0.813161	  0.968755	  9.65468e-06	  1.07247e-06	  849	  9.04303e-08
344	  0.98304	  0.0311873	  6.30829e-06	  1.84351e-07	  1926	  1.34182e-08
345	  0.98304	  0.0937546	  6.30829e-06	  1.86371e-07	  1260	  1.4569e-08
346	  0.98304	  0.156239	  6.30829e-06	  1.94471e-07	  1236	  1.52551e-08
347	  0.98304	  0.218749	  6.30829e-06	  1.86759e-07	  1368	  1.43873e-08
348	  0.98304	  0.281247	  6.30829e-06	  2.01581e-07	  1572	  1.51632e-08
349	  0.98304	  0.343756	  6.30829e-06	  2.14658e-07	  1404	  1.64617e-08
350	  0.98304	  0.406258	  6.30829e-06	  2.26123e-07	  1368	  1.74198e-08
351	  0.98304	  0.468751	  6.30829e-06	  2.56829e-07	  1476	  1.95264e-08
352	  0.98304	  0.531244	  6.30829e-06	  2.76459e-07	  1524	  2.09046e-08
353	  0.98304	  0.593752	  6.30829e-06	  2.96013e-07	  1440	  2.26013e-08
354	  0.98304	  0.656252	  6.30829e-06	  3.29507e-07	  1404	  2.52692e-08
355	  0.98304	  0.718753	  6.30829e-06	  3.85238e-07	  1440	  2.94138e-08
356	  0.98304	  0.78125	  6.30829e-06	  4.51982e-07	  1500	  3.42692e-08
357	  0.98304	  0.843744	  6.30829e-06	  4.76755e-07	  1428	  3.6454e-08
358	  0.98304	  0.906252	  6.30829e-06	  5.61104e-07	  1524	  4.24283e-08
359	  0.98304	  0.968755	  6.30829e-06	  6.2987e-07	  1428	  4.81616e-08
360	  1.18839	  0.0311873	  4.08938e-06	  1.19614e-07	  2670	  8.29556e-09
361	  1.18839	  0.0937546	  4.08938e-06	  1.18549e-07	  2124	  8.49976e-09
362	  1.18839	  0.156239	  4.08938e-06	  1.20136e-07	  3024	  8.19144e-09
363	  1.18839	  0.218749	  4.08938e-06	  1.30159e-07	  2472	  9.1258e-09
364	  1.18839	  0.281247	  4.08938e-06	  1.34177e-07	  2448	  9.42075e-09
365	  1.18839	  0.343756	  4.08938e-06	  1.41782e-07	  2604	  9.86751e-09
366	  1.18839	  0.406258	  4.08938e-06	  1.55754e-07	  2640	  1.08191e-08
367	  1.18839	  0.468751	  4.08938e-06	  1.63401e-07	  2652	  1.13431e-08
368	  1.18839	  0.531244	  4.08938e-06	  1.76594e-07	  2388	  1.24434e-08
369	  1.18839	  0.593752	  4.08938e-06	  1.96566e-07	  2628	  1.36627e-08
370	  1.18839	  0.656252	  4.08938e-06	  2.32921e-07	  2556	  1.62532e-08
371	  1.18839	  0.718753	  4.08938e-06	  2.38157e-07	  2592	  1.65857e-08
372	  1.18839	  0.78125	  4.08938e-06	  2.81378e-07	  2424	  1.9784e-08
373	  1.18839	  0.843744	  4.08938e-06	  3.13078e-07	  2712	  2.16657e-08
374	  1.18839	  0.906252	  4.08938e-06	  3.2732e-07	  2532	  2.28709e-08
375	  1.18839	  0.968755	  4.08938e-06	  3.75839e-07	  2556	  2.62259e-08
376	  1.43678	  0.0311873	  2.63222e-06	  8.07928e-08	  4026	  5.31296e-09
377	  1.43678	  0.0937546	  2.63222e-06	  8.05272e-08	  5280	  5.13458e-09
378	  1.43678	  0.156239	  2.63222e-06	  8.1443e-08	  4332	  5.30955e-09
379	  1.43678	  0.218749	  2.63222e-06	  8.42896e-08	  4632	  5.45296e-09
380	  1.43678	  0.281247	  2.63222e-06	  9.13489e-08	  4464	  5.93467e-09
381	  1.43678	  0.343756	  2.63222e-06	  9.57838e-08	  4500	  6.21705e-09
382	  1.43678	  0.406258	  2.63222e-06	  9.96054e-08	  4500	  6.4651e-09
383	  1.43678	  0.468751	  2.63222e-06	  1.10101e-07	  4380	  7.16868e-09
384	  1.43678	  0.531244	  2.63222e-06	  1.2117e-07	  4752	  7.81625e-09
385	  1.43678	  0.593752	  2.63222e-06	  1.30701e-07	  4488	  8.486e-09
386	  1.43678	  0.656252	  2.63222e-06	  1.45497e-07	  4716	  9.39351e-09
387	  1.43678	  0.718753	  2.63222e-06	  1.5601e-07	  4500	  1.01261e-08
388	  1.43678	  0.78125	  2.63222e-06	  1.6934e-07	  4524	  1.09846e-08
389	  1.43678	  0.843744	  2.63222e-06	  1.82364e-07	  4512	  1.18331e-08
390	  1.43678	  0.906252	  2.63222e-06	  2.12646e-07	  4524	  1.37938e-08
391	  1.43678	  0.968755	  2.63222e-06	  2.28878e-07	  4563	  1.48322e-08
392	  1.73827	  0.0311873	  1.68003e-06	  5.38989e-08	  8526	  3.27867e-09
393	  1.73827	  0.0937546	  1.68003e-06	  5.51516e-08	  7788	  3.38253e-09
394	  1.73827	  0.156239	  1.68003e-06	  5.47567e-08	  7656	  3.36363e-09
395	  1.73827	  0.218749	  1.68003e-06	  5.72254e-08	  8052	  3.499e-09
396	  1.73827	  0.281247	  1.68003e-06	  5.79237e-08	  8256	  3.53367e-09
397	  1.73827	  0.343756	  1.68003e-06	  6.2156e-08	  8244	  3.79237e-09
398	  1.73827	  0.406258	  1.68003e-06	  6.62901e-08	  8112	  4.05052e-09
399	  1.73827	  0.468751	  1.68003e-06	  7.01058e-08	  7968	  4.29067e-09
400	  1.73827	  0.531244	  1.68003e-06	  7.59067e-08	  8208	  4.63317e-09
401	  1.73827	  0.593752	  1.68003e-06	  8.1793e-08	  8076	  4.99981e-09
402	  1.73827	  0.656252	  1.68003e-06	  8.92184e-08	  7884	  5.46572e-09
403	  1.73827	  0.718753	  1.68003e-06	  9.47627e-08	  8040	  5.79498e-09
404	  1.73827	  0.78125	  1.68003e-06	  1.03357e-07	  8256	  6.30536e-09
405	  1.73827	  0.843744	  1.68003e-06	  1.11498e-07	  8088	  6.81468e-09
406	  1.73827	  0.906252	  1.68003e-06	  1.20022e-07	  8040	  7.33966e-09
407	  1.73827	  0.968755	  1.68003e-06	  1.23684e-07	  8037	  7.56381e-09
408	  2.10243	  0.0311873	  1.06676e-06	  3.54956e-08	  14208	  2.07257e-09
409	  2.10243	  0.0937546	  1.06676e-06	  3.48856e-08	  14388	  2.03511e-09
410	  2.10243	  0.156239	  1.06676e-06	  3.70846e-08	  14232	  2.16508e-09
411	  2.10243	  0.218749	  1.06676e-06	  3.6885e-08	  14244	  2.1533e-09
412	  2.10243	  0.281247	  1.06676e-06	  3.77103e-08	  14160	  2.20242e-09
413	  2.10243	  0.343756	  1.06676e-06	  4.01899e-08	  14232	  2.34638e-09
414	  2.10243	  0.406258	  1.06676e-06	  4.21386e-08	  14112	  2.46165e-09
415	  2.10243	  0.468751	  1.06676e-06	  4.41582e-08	  14268	  2.57759e-09
416	  2.10243	  0.531244	  1.06676e-06	  4.80641e-08	  14268	  2.80559e-09
417	  2.10243	  0.593752	  1.06676e-06	  5.09714e-08	  14172	  2.97673e-09
418	  2.10243	  0.656252	  1.06676e-06	  5.46038e-08	  14040	  3.19102e-09
419	  2.10243	  0.718753	  1.06676e-06	  5.88938e-08	  14340	  3.4365e-09
420	  2.10243	  0.78125	  1.06676e-06	  6.08808e-08	  14160	  3.55566e-09
421	  2.10243	  0.843744	  1.06676e-06	  6.50066e-08	  14280	  3.79432e-09
422	  2.10243	  0.906252	  1.06676e-06	  6.78866e-08	  14280	  3.96242e-09
423	  2.10243	  0.968755	  1.06676e-06	  6.94216e-08	  14205	  4.05355e-09
424	  2.54295	  0.0311873	  6.73355e-07	  2.32934e-08	  25416	  1.31078e-09
425	  2.54295	  0.0937546	  6.73355e-07	  2.36487e-08	  25008	  1.33198e-09
426	  2.54295	  0.156239	  6.73355e-07	  2.41148e-08	  25044	  1.35812e-09
427	  2.54295	  0.218749	  6.73355e-07	  2.42065e-08	  25524	  1.36184e-09
428	  2.54295	  0.281247	  6.73355e-07	  2.4578e-08	  25176	  1.3838e-09
429	  2.54295	  0.343756	  6.73355e-07	  2.52758e-08	  25200	  1.42301e-09
430	  2.54295	  0.406258	  6.73355e-07	  2.65027e-08	  25368	  1.49153e-09
431	  2.54295	  0.468751	  6.73355e-07	  2.77885e-08	  25260	  1.56427e-09
432	  2.54295	  0.531244	  6.73355e-07	  2.96983e-08	  25044	  1.67258e-09
433	  2.54295	  0.593752	  6.73355e-07	  3.1145e-08	  25368	  1.75279e-09
434	  2.54295	  0.656252	  6.73355e-07	  3.29488e-08	  25596	  1.85339e-09
435	  2.54295	  0.718753	  6.73355e-07	  3.42717e-08	  25224	  1.92938e-09
436	  2.54295	  0.78125	  6.73355e-07	  3.55721e-08	  24948	  2.00382e-09
437	  2.54295	  0.843744	  6.73355e-07	  3.68398e-08	  25392	  2.07318e-09
438	  2.54295	  0.906252	  6.73355e-07	  3.6894e-08	  25332	  2.07651e-09
439	  2.54295	  0.968755	  6.73355e-07	  3.79844e-08	  25071	  2.13911e-09
440	  3.07539	  0.0311873	  4.23117e-07	  1.57469e-08	  42570	  8.63666e-10
441	  3.07539	  0.0937546	  4.23117e-07	  1.54288e-08	  45396	  8.43855e-10
442	  3.07539	  0.156239	  4.23117e-07	  1.56869e-08	  45336	  8.5802e-10
443	  3.07539	  0.218749	  4.23117e-07	  1.55262e-08	  44328	  8.50052e-10
444	  3.07539	  0.281247	  4.23117e-07	  1.58105e-08	  44508	  8.65469e-10
445	  3.07539	  0.343756	  4.23117e-07	  1.61577e-08	  44748	  8.84269e-10
446	  3.07539	  0.406258	  4.23117e-07	  1.67699e-08	  44496	  9.17996e-10
447	  3.07539	  0.468751	  4.23117e-07	  1.73955e-08	  44580	  9.52163e-10
448	  3.07539	  0.531244	  4.23117e-07	  1.81946e-08	  44676	  9.9581e-10
449	  3.07539	  0.593752	  4.23117e-07	  1.88511e-08	  44520	  1.0319e-09
450	  3.07539	  0.656252	  4.23117e-07	  1.91774e-08	  44292	  1.04999e-09
451	  3.07539	  0.718753	  4.23117e-07	  1.96789e-08	  44796	  1.07693e-09
452	  3.07539	  0.78125	  4.23117e-07	  1.99272e-08	  44676	  1.09064e-09
453	  3.07539	  0.843744	  4.23117e-07	  1.98038e-08	  44388	  1.08419e-09
454	  3.07539	  0.906252	  4.23117e-07	  1.96872e-08	  44532	  1.07765e-09
455	  3.07539	  0.968755	  4.23117e-07	  1.94789e-08	  44553	  1.06623e-09
456	  3.719	  0.0311873	  2.64613e-07	  1.02328e-08	  80406	  5.47728e-10
457	  3.719	  0.0937546	  2.64613e-07	  1.00439e-08	  78528	  5.38036e-10
458	  3.719	  0.156239	  2.64613e-07	  1.00184e-08	  78504	  5.36675e-10
459	  3.719	  0.218749	  2.64613e-07	  1.00456e-08	  78540	  5.38127e-10
460	  3.719	  0.281247	  2.64613e-07	  1.00949e-08	  78660	  5.40739e-10
461	  3.719	  0.343756	  2.64613e-07	  1.02056e-08	  78456	  5.46714e-10
462	  3.719	  0.406258	  2.64613e-07	  1.03245e-08	  79152	  5.52925e-10
463	  3.719	  0.468751	  2.64613e-07	  1.06047e-08	  78780	  5.68019e-10
464	  3.719	  0.531244	  2.64613e-07	  1.06677e-08	  78888	  5.71364e-10
465	  3.719	  0.593752	  2.64613e-07	  1.08494e-08	  78804	  5.81119e-10
466	  3.719	  0.656252	  2.64613e-07	  1.09264e-08	  78528	  5.85312e-10
467	  3.719	  0.718753	  2.64613e-07	  1.09692e-08	  78684	  5.87563e-10
468	  3.719	  0.78125	  2.64613e-07	  1.06757e-08	  78984	  5.7177e-10
469	  3.719	  0.843744	  2.64613e-07	  1.03331e-08	  78888	  5.53442e-10
470	  3.719	  0.906252	  2.64613e-07	  1.00488e-08	  78864	  5.38225e-10
471	  3.719	  0.968755	  2.64613e-07	  9.6255e-09	  78726	  5.1558e-10
472	  4.49782	  0.0311873	  1.64748e-07	  6.538e-09	  139272	  3.44419e-10
473	  4.49782	  0.0937546	  1.64748e-07	  6.43833e-09	  139704	  3.39142e-10
474	  4.49782	  0.156239	  1.64748e-07	  6.39416e-09	  139548	  3.36825e-10
475	  4.49782	  0.218749	  1.64748e-07	  6.32141e-09	  139668	  3.32985e-10
476	  4.49782	  0.281247	  1.64748e-07	  6.24599e-09	  139596	  3.29017e-10
477	  4.49782	  0.343756	  1.64748e-07	  6.23082e-09	  139536	  3.28221e-10
478	  4.49782	  0.406258	  1.64748e-07	  6.23264e-09	  138984	  3.2835e-10
479	  4.49782	  0.468751	  1.64748e-07	  6.21862e-09	  139548	  3.27578e-10
480	  4.49782	  0.531244	  1.64748e-07	  6.11968e-09	  139440	  3.22372e-10
481	  4.49782	  0.593752	  1.64748e-07	  6.04851e-09	  139404	  3.18625e-10
482	  4.49782	  0.656252	  1.64748e-07	  5.86925e-09	  139644	  3.09169e-10
483	  4.49782	  0.718753	  1.64748e-07	  5.64122e-09	  139500	  2.97165e-10
484	  4.49782	  0.78125	  1.64748e-07	  5.40861e-09	  139500	  2.84911e-10
485	  4.49782	  0.843744	  1.64748e-07	  5.06976e-09	  139308	  2.67071e-10
486	  4.49782	  0.906252	  1.64748e-07	  4.78585e-09	  139452	  2.52109e-10
487	  4.49782	  0.968755	  1.64748e-07	  4.3946e-09	  139644	  2.3149e-10
488	  5.43965	  0.0311873	  1.02134e-07	  4.14074e-09	  245130	  2.154e-10
489	  5.43965	  0.0937546	  1.02134e-07	  4.02759e-09	  247236	  2.0948e-10
490	  5.43965	  0.156239	  1.02134e-07	  3.95966e-09	  247224	  2.05947e-10
491	  5.43965	  0.218749	  1.02134e-07	  3.88328e-09	  246900	  2.01979e-10
492	  5.43965	  0.281247	  1.02134e-07	  3.79191e-09	  246672	  1.9723e-10
493	  5.43965	  0.343756	  1.02134e-07	  3.67402e-09	  247212	  1.9109e-10
494	  5.43965	  0.406258	  1.02134e-07	  3.58723e-09	  246408	  1.86588e-10
495	  5.43965	  0.468751	  1.02134e-07	  3.448e-09	  246696	  1.79342e-10
496	  5.43965	  0.531244	  1.02134e-07	  3.31003e-09	  246528	  1.72168e-10
497	  5.43965	  0.593752	  1.02134e-07	  3.14167e-09	  246924	  1.63406e-10
498	  5.43965	  0.656252	  1.02134e-07	  2.95702e-09	  246768	  1.53804e-10
499	  5.43965	  0.718753	  1.02134e-07	  2.75318e-09	  246540	  1.43204e-10
500	  5.43965	  0.78125	  1.02134e-07	  2.52903e-09	  246408	  1.31546e-10
501	  5.43965	  0.843744	  1.02134e-07	  2.29616e-09	  246768	  1.1943e-10
502	  5.43965	  0.906252	  1.02134e-07	  2.07904e-09	  246612	  1.08139e-10
503	  5.43965	  0.968755	  1.02134e-07	  1.85257e-09	  246780	  9.63579e-11
504	  6.57891	  0.0311873	  6.30907e-08	  2.55111e-09	  440496	  1.31399e-10
505	  6.57891	  0.0937546	  6.30907e-08	  2.47192e-09	  432708	  1.27354e-10
506	  6.57891	  0.156239	  6.30907e-08	  2.39261e-09	  437184	  1.23249e-10
507	  6.57891	  0.218749	  6.30907e-08	  2.28593e-09	  436008	  1.17758e-10
508	  6.57891	  0.281247	  6.30907e-08	  2.17786e-09	  436512	  1.12189e-10
509	  6.57891	  0.343756	  6.30907e-08	  2.06003e-09	  436728	  1.06119e-10
510	  6.57891	  0.406258	  6.30907e-08	  1.92831e-09	  436404	  9.93342e-11
511	  6.57891	  0.468751	  6.30907e-08	  1.79723e-09	  436620	  9.25814e-11
512	  6.57891	  0.531244	  6.30907e-08	  1.65356e-09	  436176	  8.5182e-11
513	  6.57891	  0.593752	  6.30907e-08	  1.49902e-09	  437028	  7.72186e-11
514	  6.57891	  0.656252	  6.30907e-08	  1.35509e-09	  436296	  6.98061e-11
515	  6.57891	  0.718753	  6.30907e-08	  1.20446e-09	  436956	  6.20453e-11
516	  6.57891	  0.78125	  6.30907e-08	  1.06275e-09	  436200	  5.47467e-11
517	  6.57891	  0.843744	  6.30907e-08	  9.30528e-10	  436884	  4.79342e-11
518	  6.57891	  0.906252	  6.30907e-08	  8.13966e-10	  436560	  4.19302e-11
519	  6.57891	  0.968755	  6.30907e-08	  7.10013e-10	  436485	  3.65753e-11
520	  7.95665	  0.0311873	  3.88339e-08	  1.51556e-09	  771750	  7.7503e-11
521	  7.95665	  0.0937546	  3.88339e-08	  1.46043e-09	  773916	  7.46816e-11
522	  7.95665	  0.156239	  3.88339e-08	  1.38629e-09	  768432	  7.08961e-11
523	  7.95665	  0.218749	  3.88339e-08	  1.29955e-09	  774300	  6.64546e-11
524	  7.95665	  0.281247	  3.88339e-08	  1.19276e-09	  772140	  6.09954e-11
525	  7.95665	  0.343756	  3.88339e-08	  1.07572e-09	  770640	  5.50114e-11
526	  7.95665	  0.406258	  3.88339e-08	  9.63132e-10	  773148	  4.92519e-11
527	  7.95665	  0.468751	  3.88339e-08	  8.49731e-10	  771396	  4.3454e-11
528	  7.95665	  0.531244	  3.88339e-08	  7.42272e-10	  771888	  3.79585e-11
529	  7.95665	  0.593752	  3.88339e-08	  6.43619e-10	  772812	  3.29131e-11
530	  7.95665	  0.656252	  3.88339e-08	  5.55824e-10	  771948	  2.84238e-11
531	  7.95665	  0.718753	  3.88339e-08	  4.74285e-10	  770964	  2.42544e-11
532	  7.95665	  0.78125	  3.88339e-08	  4.03218e-10	  773016	  2.06195e-11
533	  7.95665	  0.843744	  3.88339e-08	  3.4168e-10	  771312	  1.7473e-11
534	  7.95665	  0.906252	  3.88339e-08	  2.91847e-10	  772296	  1.49245e-11
535	  7.95665	  0.968755	  3.88339e-08	  2.58773e-10	  771855	  1.32332e-11
536	  9.62243	  0.0311873	  2.38231e-08	  8.74842e-10	  1.36555e+06	  4.44908e-11
537	  9.62243	  0.0937546	  2.38231e-08	  8.36396e-10	  1.36112e+06	  4.25367e-11
538	  9.62243	  0.156239	  2.38231e-08	  7.78759e-10	  1.37094e+06	  3.9603e-11
539	  9.62243	  0.218749	  2.38231e-08	  7.00166e-10	  1.36158e+06	  3.56083e-11
540	  9.62243	  0.281247	  2.38231e-08	  6.10725e-10	  1.36709e+06	  3.10586e-11
541	  9.62243	  0.343756	  2.38231e-08	  5.20247e-10	  1.36517e+06	  2.64576e-11
542	  9.62243	  0.406258	  2.38231e-08	  4.36124e-10	  1.36558e+06	  2.21794e-11
543	  9.62243	  0.468751	  2.38231e-08	  3.64123e-10	  1.36436e+06	  1.85179e-11
544	  9.62243	  0.531244	  2.38231e-08	  3.02933e-10	  1.36668e+06	  1.54058e-11
545	  9.62243	  0.593752	  2.38231e-08	  2.52557e-10	  1.36381e+06	  1.28441e-11
546	  9.62243	  0.656252	  2.38231e-08	  2.08235e-10	  1.36573e+06	  1.05899e-11
547	  9.62243	  0.718753	  2.38231e-08	  1.71651e-10	  1.3655e+06	  8.72947e-12
548	  9.62243	  0.78125	  2.38231e-08	  1.40648e-10	  1.36499e+06	  7.15276e-12
549	  9.62243	  0.843744	  2.38231e-08	  1.15766e-10	  1.36476e+06	  5.88739e-12
550	  9.62243	  0.906252	  2.38231e-08	  9.62926e-11	  1.36657e+06	  4.897e-12
551	  9.62243	  0.968755	  2.38231e-08	  8.49097e-11	  1.36467e+06	  4.31817e-12
