#n	   k	      mu	    PL	    Pf	     w	     err  
0	  0.10472	  1	  0.00427213	  0.000279055	  3	  0.000175065
1	  0.20944	  1	  0.00151751	  7.42867e-05	  3	  4.66038e-05
2	  0.314159	  1	  0.0007108	  7.2083e-05	  3	  4.52213e-05
3	  0.418879	  1	  0.000398371	  1.22919e-05	  3	  7.71133e-06
4	  0.523599	  1	  0.000251849	  2.35464e-05	  3	  1.47718e-05
5	  0.628319	  1	  0.000170648	  2.84665e-06	  3	  1.78585e-06
6	  0.733038	  1	  0.000122002	  7.66055e-06	  3	  4.80585e-06
7	  0.837758	  1	  9.08132e-05	  8.13747e-06	  3	  5.10504e-06
8	  0.942478	  1	  6.97363e-05	  3.06314e-06	  3	  1.92166e-06
9	  0.10472	  0	  0.00427213	  4.84431e-05	  6	  2.2199e-05
10	  0.148096	  0.707107	  0.00271675	  7.94247e-05	  12	  2.68992e-05
11	  0.23416	  0.894427	  0.00120207	  4.4089e-05	  12	  1.49319e-05
12	  0.331153	  0.948683	  0.00064369	  3.19276e-05	  12	  1.08131e-05
13	  0.431771	  0.970143	  0.000374901	  2.19441e-05	  12	  7.43192e-06
14	  0.533968	  0.980581	  0.00024156	  1.4858e-05	  12	  5.03204e-06
15	  0.636985	  0.986394	  0.000165645	  6.72162e-06	  12	  2.27645e-06
16	  0.74048	  0.989949	  0.000119362	  5.98497e-06	  12	  2.02696e-06
17	  0.844278	  0.992278	  8.92337e-05	  2.83425e-06	  12	  9.59889e-07
18	  0.948278	  0.993884	  6.87654e-05	  2.12728e-06	  12	  7.20457e-07
19	  0.148096	  0	  0.00271675	  2.46352e-05	  6	  1.12891e-05
20	  0.18138	  0.57735	  0.00192736	  3.73369e-05	  12	  1.26451e-05
21	  0.25651	  0.816497	  0.00105795	  3.55556e-05	  12	  1.20418e-05
22	  0.347316	  0.904534	  0.000579791	  3.35599e-05	  12	  1.13659e-05
23	  0.444288	  0.942809	  0.000354409	  1.72381e-05	  12	  5.83811e-06
24	  0.54414	  0.96225	  0.000231969	  9.25652e-06	  12	  3.13495e-06
25	  0.645536	  0.973329	  0.000160985	  1.01795e-05	  12	  3.44755e-06
26	  0.747849	  0.980196	  0.000116753	  5.80419e-06	  12	  1.96573e-06
27	  0.850747	  0.984732	  8.77505e-05	  3.05387e-06	  12	  1.03427e-06
28	  0.954042	  0.987878	  6.78321e-05	  3.08435e-06	  12	  1.04459e-06
29	  0.20944	  0	  0.00151751	  1.46953e-05	  6	  6.7341e-06
30	  0.23416	  0.447214	  0.00120207	  1.56295e-05	  12	  5.29332e-06
31	  0.296192	  0.707107	  0.000782761	  1.64435e-05	  12	  5.56901e-06
32	  0.377572	  0.83205	  0.000493333	  1.85199e-05	  12	  6.27224e-06
33	  0.468321	  0.894427	  0.00031798	  2.16299e-05	  12	  7.32549e-06
34	  0.563933	  0.928477	  0.000215017	  1.09485e-05	  12	  3.70798e-06
35	  0.662306	  0.948683	  0.000152257	  5.27126e-06	  12	  1.78524e-06
36	  0.762371	  0.961524	  0.000111916	  3.71114e-06	  12	  1.25687e-06
37	  0.863541	  0.970143	  8.48614e-05	  4.76466e-06	  12	  1.61367e-06
38	  0.965468	  0.976187	  6.60351e-05	  3.35644e-06	  12	  1.13674e-06
39	  0.23416	  0	  0.00120207	  9.10687e-06	  12	  3.08427e-06
40	  0.25651	  0.408248	  0.00105795	  1.58285e-05	  24	  4.0224e-06
41	  0.314159	  0.666667	  0.0007108	  1.7656e-05	  24	  4.48682e-06
42	  0.391825	  0.801784	  0.000459314	  1.80582e-05	  24	  4.58902e-06
43	  0.479886	  0.872872	  0.000301799	  1.45545e-05	  24	  3.69866e-06
44	  0.573574	  0.912871	  0.000207525	  8.71603e-06	  24	  2.21495e-06
45	  0.670534	  0.937043	  0.00014827	  6.43347e-06	  24	  1.6349e-06
46	  0.76953	  0.952579	  0.00010966	  6.48498e-06	  24	  1.64799e-06
47	  0.869868	  0.963087	  8.34996e-05	  5.94904e-06	  24	  1.51179e-06
48	  0.971131	  0.970495	  6.51545e-05	  2.52348e-06	  24	  6.41276e-07
49	  0.296192	  0	  0.000782761	  7.19258e-06	  6	  3.29599e-06
50	  0.314159	  0.333333	  0.0007108	  9.40643e-06	  12	  3.18572e-06
51	  0.36276	  0.57735	  0.000530683	  7.9616e-06	  12	  2.69639e-06
52	  0.431771	  0.727607	  0.000374901	  8.92653e-06	  12	  3.02319e-06
53	  0.51302	  0.816497	  0.000262812	  7.93368e-06	  12	  2.68694e-06
54	  0.601569	  0.870388	  0.000187384	  7.27103e-06	  12	  2.46252e-06
55	  0.694632	  0.904534	  0.000137293	  5.80161e-06	  12	  1.96486e-06
56	  0.790617	  0.927173	  0.000103284	  4.37119e-06	  12	  1.48041e-06
57	  0.888577	  0.942809	  7.96115e-05	  2.01563e-06	  12	  6.82644e-07
58	  0.987924	  0.953998	  6.26782e-05	  4.33957e-06	  12	  1.4697e-06
59	  0.314159	  0	  0.0007108	  9.41659e-06	  6	  4.31514e-06
60	  0.331153	  0.316228	  0.00064369	  9.32654e-06	  12	  3.15867e-06
61	  0.377572	  0.5547	  0.000493333	  1.20802e-05	  12	  4.09125e-06
62	  0.444288	  0.707107	  0.000354409	  8.93755e-06	  12	  3.02692e-06
63	  0.523599	  0.8	  0.000251849	  1.32649e-05	  12	  4.4925e-06
64	  0.610616	  0.857493	  0.000181465	  8.03108e-06	  12	  2.71993e-06
65	  0.702481	  0.894427	  0.000133953	  5.19821e-06	  12	  1.7605e-06
66	  0.797522	  0.919145	  0.000101309	  5.18456e-06	  12	  1.75588e-06
67	  0.894726	  0.936329	  7.83672e-05	  4.067e-06	  12	  1.37739e-06
68	  0.993459	  0.948683	  6.18957e-05	  2.78483e-06	  12	  9.43152e-07
69	  0.331153	  0	  0.00064369	  7.37758e-06	  12	  2.4986e-06
70	  0.347316	  0.301511	  0.000579791	  8.72885e-06	  24	  2.21821e-06
71	  0.391825	  0.534522	  0.000459314	  9.56711e-06	  24	  2.43123e-06
72	  0.456463	  0.688247	  0.00033562	  8.42036e-06	  24	  2.13982e-06
73	  0.533968	  0.784465	  0.00024156	  7.96204e-06	  24	  2.02335e-06
74	  0.61953	  0.845154	  0.000175917	  7.34959e-06	  24	  1.86771e-06
75	  0.710244	  0.884652	  0.000130793	  5.92186e-06	  24	  1.50489e-06
76	  0.804368	  0.911322	  9.94144e-05	  4.41566e-06	  24	  1.12213e-06
77	  0.900833	  0.929981	  7.7197e-05	  3.27e-06	  24	  8.30985e-07
78	  0.998963	  0.943456	  6.11335e-05	  2.12661e-06	  24	  5.40422e-07
79	  0.377572	  0	  0.000493333	  5.24483e-06	  12	  1.77629e-06
80	  0.391825	  0.267261	  0.000459314	  6.12394e-06	  24	  1.55624e-06
81	  0.431771	  0.485071	  0.000374901	  5.73497e-06	  24	  1.45739e-06
82	  0.491179	  0.639602	  0.000287358	  4.7494e-06	  24	  1.20694e-06
83	  0.563933	  0.742781	  0.000215017	  6.67154e-06	  24	  1.6954e-06
84	  0.645536	  0.811107	  0.000160985	  7.45264e-06	  24	  1.8939e-06
85	  0.733038	  0.857143	  0.000122002	  4.51259e-06	  24	  1.14676e-06
86	  0.824564	  0.889001	  9.40695e-05	  4.89269e-06	  24	  1.24335e-06
87	  0.918912	  0.911685	  7.38245e-05	  4.4114e-06	  24	  1.12104e-06
88	  0.418879	  0	  0.000398371	  3.08005e-06	  6	  1.41143e-06
89	  0.431771	  0.242536	  0.000374901	  5.13039e-06	  12	  1.73753e-06
90	  0.468321	  0.447214	  0.00031798	  6.65851e-06	  12	  2.25507e-06
91	  0.523599	  0.6	  0.000251849	  7.89234e-06	  12	  2.67294e-06
92	  0.592384	  0.707107	  0.000193728	  7.09355e-06	  12	  2.40241e-06
93	  0.670534	  0.780869	  0.00014827	  5.72749e-06	  12	  1.93976e-06
94	  0.755145	  0.83205	  0.000114321	  5.38107e-06	  12	  1.82243e-06
95	  0.844278	  0.868243	  8.92337e-05	  3.56389e-06	  12	  1.207e-06
96	  0.936642	  0.894427	  7.07132e-05	  2.83834e-06	  12	  9.61275e-07
97	  0.431771	  0	  0.000374901	  4.11634e-06	  12	  1.3941e-06
98	  0.444288	  0.235702	  0.000354409	  3.90872e-06	  24	  9.93301e-07
99	  0.479886	  0.436436	  0.000301799	  4.83508e-06	  24	  1.22871e-06
100	  0.533968	  0.588348	  0.00024156	  3.96221e-06	  24	  1.00689e-06
101	  0.601569	  0.696311	  0.000187384	  4.00676e-06	  24	  1.01821e-06
102	  0.678662	  0.771517	  0.000144415	  3.64868e-06	  24	  9.27218e-07
103	  0.762371	  0.824163	  0.000111916	  3.76956e-06	  24	  9.57936e-07
104	  0.850747	  0.86164	  8.77505e-05	  4.03582e-06	  24	  1.0256e-06
105	  0.942478	  0.888889	  6.97363e-05	  2.0671e-06	  24	  5.25301e-07
106	  0.444288	  0	  0.000354409	  2.97887e-06	  6	  1.36506e-06
107	  0.456463	  0.229416	  0.00033562	  3.40953e-06	  12	  1.15472e-06
108	  0.491179	  0.426401	  0.000287358	  3.79365e-06	  12	  1.28481e-06
109	  0.54414	  0.57735	  0.000231969	  2.20848e-06	  12	  7.47956e-07
110	  0.610616	  0.685994	  0.000181465	  6.28983e-06	  12	  2.13021e-06
111	  0.686693	  0.762493	  0.000140776	  6.77608e-06	  12	  2.29489e-06
112	  0.76953	  0.816497	  0.00010966	  4.3275e-06	  12	  1.46562e-06
113	  0.857168	  0.855186	  8.62786e-05	  4.73731e-06	  12	  1.60441e-06
114	  0.948278	  0.883452	  6.87654e-05	  2.10747e-06	  12	  7.13748e-07
115	  0.468321	  0	  0.00031798	  4.30032e-06	  12	  1.45641e-06
116	  0.479886	  0.218218	  0.000301799	  3.28744e-06	  24	  8.35419e-07
117	  0.51302	  0.408248	  0.000262812	  4.27706e-06	  24	  1.08691e-06
118	  0.563933	  0.557086	  0.000215017	  5.84377e-06	  24	  1.48504e-06
119	  0.628319	  0.666667	  0.000170648	  4.22547e-06	  24	  1.07379e-06
120	  0.702481	  0.745356	  0.000133953	  3.34806e-06	  24	  8.50823e-07
121	  0.783651	  0.801784	  0.000105335	  3.87347e-06	  24	  9.84342e-07
122	  0.869868	  0.842701	  8.34996e-05	  3.69934e-06	  24	  9.40092e-07
123	  0.959772	  0.872872	  6.69309e-05	  2.4636e-06	  24	  6.2606e-07
124	  0.523599	  0	  0.000251849	  4.70656e-06	  18	  1.34467e-06
125	  0.533968	  0.196116	  0.00024156	  2.96022e-06	  36	  6.41381e-07
126	  0.563933	  0.371391	  0.000215017	  3.95377e-06	  36	  8.5665e-07
127	  0.610616	  0.514496	  0.000181465	  3.38568e-06	  36	  7.33564e-07
128	  0.670534	  0.624695	  0.00014827	  3.14799e-06	  36	  6.82064e-07
129	  0.74048	  0.707107	  0.000119362	  2.81523e-06	  36	  6.09966e-07
130	  0.817887	  0.768221	  9.58027e-05	  2.57732e-06	  36	  5.5842e-07
131	  0.900833	  0.813733	  7.7197e-05	  2.35685e-06	  36	  5.10651e-07
132	  0.987924	  0.847998	  6.26782e-05	  2.51898e-06	  36	  5.45778e-07
133	  0.533968	  0	  0.00024156	  3.89199e-06	  12	  1.31812e-06
134	  0.54414	  0.19245	  0.000231969	  3.32464e-06	  24	  8.44872e-07
135	  0.573574	  0.365148	  0.000207525	  3.04481e-06	  24	  7.73761e-07
136	  0.61953	  0.507093	  0.000175917	  3.66892e-06	  24	  9.32362e-07
137	  0.678662	  0.617213	  0.000144415	  2.52813e-06	  24	  6.42459e-07
138	  0.747849	  0.70014	  0.000116753	  4.68017e-06	  24	  1.18934e-06
139	  0.824564	  0.762001	  9.40695e-05	  2.42738e-06	  24	  6.16856e-07
140	  0.9069	  0.80829	  7.60446e-05	  2.41674e-06	  24	  6.14152e-07
141	  0.993459	  0.843274	  6.18957e-05	  2.3218e-06	  24	  5.90025e-07
142	  0.563933	  0	  0.000215017	  2.52626e-06	  12	  8.55582e-07
143	  0.573574	  0.182574	  0.000207525	  2.16661e-06	  24	  5.50587e-07
144	  0.601569	  0.348155	  0.000187384	  2.91895e-06	  24	  7.41777e-07
145	  0.645536	  0.486664	  0.000160985	  4.06684e-06	  24	  1.03348e-06
146	  0.702481	  0.596285	  0.000133953	  3.15031e-06	  24	  8.00569e-07
147	  0.76953	  0.680414	  0.00010966	  3.76531e-06	  24	  9.56856e-07
148	  0.844278	  0.744208	  8.92337e-05	  2.62354e-06	  24	  6.66705e-07
149	  0.92486	  0.792594	  7.27641e-05	  1.8866e-06	  24	  4.79432e-07
150	  0.592384	  0	  0.000193728	  2.66034e-06	  6	  1.2191e-06
151	  0.601569	  0.174078	  0.000187384	  1.53733e-06	  12	  5.20656e-07
152	  0.628319	  0.333333	  0.000170648	  2.19735e-06	  12	  7.44188e-07
153	  0.670534	  0.468521	  0.00014827	  1.86573e-06	  12	  6.31875e-07
154	  0.72552	  0.57735	  0.000124835	  2.06552e-06	  12	  6.99541e-07
155	  0.790617	  0.662266	  0.000103284	  1.64157e-06	  12	  5.55959e-07
156	  0.863541	  0.727607	  8.48614e-05	  4.47438e-06	  12	  1.51536e-06
157	  0.942478	  0.777778	  6.97363e-05	  2.69414e-06	  12	  9.12438e-07
158	  0.610616	  0	  0.000181465	  2.02803e-06	  12	  6.86843e-07
159	  0.61953	  0.169031	  0.000175917	  2.31184e-06	  24	  5.87494e-07
160	  0.645536	  0.324443	  0.000160985	  3.25571e-06	  24	  8.27356e-07
161	  0.686693	  0.457496	  0.000140776	  4.01243e-06	  24	  1.01966e-06
162	  0.74048	  0.565685	  0.000119362	  2.37973e-06	  24	  6.04746e-07
163	  0.804368	  0.650945	  9.94144e-05	  1.91683e-06	  24	  4.87112e-07
164	  0.876148	  0.717137	  8.21476e-05	  2.03334e-06	  24	  5.1672e-07
165	  0.954042	  0.76835	  6.78321e-05	  1.39969e-06	  24	  3.55696e-07
166	  0.628319	  0	  0.000170648	  1.20828e-06	  6	  5.53692e-07
167	  0.636985	  0.164399	  0.000165645	  1.11799e-06	  12	  3.78637e-07
168	  0.662306	  0.316228	  0.000152257	  1.76383e-06	  12	  5.97364e-07
169	  0.702481	  0.447214	  0.000133953	  2.82516e-06	  12	  9.56813e-07
170	  0.755145	  0.5547	  0.000114321	  1.3931e-06	  12	  4.71807e-07
171	  0.817887	  0.640184	  9.58027e-05	  2.2613e-06	  12	  7.65846e-07
172	  0.888577	  0.707107	  7.96115e-05	  2.87581e-06	  12	  9.73966e-07
173	  0.965468	  0.759257	  6.60351e-05	  1.73878e-06	  12	  5.88882e-07
174	  0.636985	  0	  0.000165645	  1.09336e-06	  12	  3.70294e-07
175	  0.645536	  0.162221	  0.000160985	  3.05795e-06	  24	  7.77099e-07
176	  0.670534	  0.312348	  0.00014827	  2.09364e-06	  24	  5.32044e-07
177	  0.710244	  0.442326	  0.000130793	  2.90662e-06	  24	  7.38643e-07
178	  0.762371	  0.549442	  0.000111916	  2.46406e-06	  24	  6.26178e-07
179	  0.824564	  0.635001	  9.40695e-05	  1.99032e-06	  24	  5.05787e-07
180	  0.894726	  0.702247	  7.83672e-05	  3.20193e-06	  24	  8.13687e-07
181	  0.971131	  0.754829	  6.51545e-05	  2.10278e-06	  24	  5.34367e-07
182	  0.662306	  0	  0.000152257	  1.3041e-06	  12	  4.41668e-07
183	  0.670534	  0.156174	  0.00014827	  1.75022e-06	  24	  4.44774e-07
184	  0.694632	  0.301511	  0.000137293	  2.68744e-06	  24	  6.82944e-07
185	  0.733038	  0.428571	  0.000122002	  2.11024e-06	  24	  5.36264e-07
186	  0.783651	  0.534522	  0.000105335	  1.93473e-06	  24	  4.91661e-07
187	  0.844278	  0.620174	  8.92337e-05	  1.89079e-06	  24	  4.80496e-07
188	  0.912926	  0.688247	  7.48999e-05	  1.55395e-06	  24	  3.94897e-07
189	  0.987924	  0.741999	  6.26782e-05	  2.50695e-06	  24	  6.37076e-07
190	  0.670534	  0	  0.00014827	  1.48459e-06	  12	  5.02794e-07
191	  0.678662	  0.154303	  0.000144415	  1.40174e-06	  24	  3.56217e-07
192	  0.702481	  0.298142	  0.000133953	  2.09378e-06	  24	  5.32081e-07
193	  0.74048	  0.424264	  0.000119362	  2.17241e-06	  24	  5.52061e-07
194	  0.790617	  0.529813	  0.000103284	  1.47514e-06	  24	  3.74869e-07
195	  0.850747	  0.615457	  8.77505e-05	  1.9388e-06	  24	  4.92697e-07
196	  0.918912	  0.683763	  7.38245e-05	  1.43421e-06	  24	  3.64468e-07
197	  0.993459	  0.737865	  6.18957e-05	  1.81536e-06	  24	  4.61326e-07
198	  0.702481	  0	  0.000133953	  1.57868e-06	  12	  5.34659e-07
199	  0.710244	  0.147442	  0.000130793	  1.82843e-06	  24	  4.64648e-07
200	  0.733038	  0.285714	  0.000122002	  1.25904e-06	  24	  3.19954e-07
201	  0.76953	  0.408248	  0.00010966	  2.19779e-06	  24	  5.5851e-07
202	  0.817887	  0.512148	  9.58027e-05	  1.58587e-06	  24	  4.03007e-07
203	  0.876148	  0.597614	  8.21476e-05	  1.2407e-06	  24	  3.15291e-07
204	  0.942478	  0.666667	  6.97363e-05	  1.66802e-06	  24	  4.23885e-07
205	  0.733038	  0	  0.000122002	  1.99058e-06	  6	  9.12181e-07
206	  0.74048	  0.141421	  0.000119362	  1.33291e-06	  12	  4.51425e-07
207	  0.762371	  0.274721	  0.000111916	  1.54518e-06	  12	  5.23314e-07
208	  0.797522	  0.393919	  0.000101309	  1.21072e-06	  12	  4.10041e-07
209	  0.844278	  0.496139	  8.92337e-05	  2.05407e-06	  12	  6.95664e-07
210	  0.900833	  0.581238	  7.7197e-05	  1.56718e-06	  12	  5.30764e-07
211	  0.965468	  0.650791	  6.60351e-05	  2.04357e-06	  12	  6.92106e-07
212	  0.74048	  0	  0.000119362	  1.14699e-06	  18	  3.27698e-07
213	  0.747849	  0.140028	  0.000116753	  1.85017e-06	  36	  4.00871e-07
214	  0.76953	  0.272166	  0.00010966	  1.97423e-06	  36	  4.27749e-07
215	  0.804368	  0.390567	  9.94144e-05	  1.61047e-06	  36	  3.48935e-07
216	  0.850747	  0.492366	  8.77505e-05	  1.46753e-06	  36	  3.17964e-07
217	  0.9069	  0.57735	  7.60446e-05	  1.21502e-06	  36	  2.63254e-07
218	  0.971131	  0.646997	  6.51545e-05	  1.33219e-06	  36	  2.88641e-07
219	  0.755145	  0	  0.000114321	  1.22206e-06	  12	  4.1388e-07
220	  0.762371	  0.137361	  0.000111916	  1.4951e-06	  24	  3.7994e-07
221	  0.783651	  0.267261	  0.000105335	  1.20584e-06	  24	  3.06433e-07
222	  0.817887	  0.384111	  9.58027e-05	  1.25587e-06	  24	  3.19147e-07
223	  0.863541	  0.485071	  8.48614e-05	  2.46391e-06	  24	  6.26139e-07
224	  0.918912	  0.569803	  7.38245e-05	  1.03145e-06	  24	  2.62116e-07
225	  0.982358	  0.639602	  6.34989e-05	  1.55062e-06	  24	  3.9405e-07
226	  0.762371	  0	  0.000111916	  8.86018e-07	  12	  3.00072e-07
227	  0.76953	  0.136083	  0.00010966	  1.81332e-06	  24	  4.60808e-07
228	  0.790617	  0.264906	  0.000103284	  9.95835e-07	  24	  2.53066e-07
229	  0.824564	  0.381	  9.40695e-05	  1.38117e-06	  24	  3.5099e-07
230	  0.869868	  0.481543	  8.34996e-05	  1.94992e-06	  24	  4.95522e-07
231	  0.92486	  0.566139	  7.27641e-05	  1.64888e-06	  24	  4.19021e-07
232	  0.987924	  0.635999	  6.26782e-05	  1.81467e-06	  24	  4.61152e-07
233	  0.797522	  0	  0.000101309	  1.47052e-06	  12	  4.98028e-07
234	  0.804368	  0.130189	  9.94144e-05	  1.40616e-06	  24	  3.57339e-07
235	  0.824564	  0.254	  9.40695e-05	  1.19308e-06	  24	  3.03191e-07
236	  0.857168	  0.366508	  8.62786e-05	  1.28749e-06	  24	  3.27183e-07
237	  0.900833	  0.464991	  7.7197e-05	  1.15487e-06	  24	  2.9348e-07
238	  0.954042	  0.548821	  6.78321e-05	  1.47694e-06	  24	  3.75325e-07
239	  0.817887	  0	  9.58027e-05	  1.24018e-06	  12	  4.20019e-07
240	  0.824564	  0.127	  9.40695e-05	  1.13762e-06	  24	  2.89098e-07
241	  0.844278	  0.248069	  8.92337e-05	  1.17888e-06	  24	  2.99582e-07
242	  0.876148	  0.358569	  8.21476e-05	  1.23313e-06	  24	  3.13367e-07
243	  0.918912	  0.455842	  7.38245e-05	  9.56241e-07	  24	  2.43004e-07
244	  0.971131	  0.539164	  6.51545e-05	  1.00873e-06	  24	  2.56342e-07
245	  0.837758	  0	  9.08132e-05	  2.11555e-06	  6	  9.69447e-07
246	  0.844278	  0.124035	  8.92337e-05	  1.23177e-06	  12	  4.1717e-07
247	  0.863541	  0.242536	  8.48614e-05	  8.39578e-07	  12	  2.84344e-07
248	  0.894726	  0.351123	  7.83672e-05	  8.35622e-07	  12	  2.83005e-07
249	  0.936642	  0.447214	  7.07132e-05	  9.72104e-07	  12	  3.29227e-07
250	  0.987924	  0.529999	  6.26782e-05	  1.04655e-06	  12	  3.54441e-07
251	  0.844278	  0	  8.92337e-05	  1.119e-06	  24	  2.84364e-07
252	  0.850747	  0.123091	  8.77505e-05	  9.85303e-07	  48	  1.91481e-07
253	  0.869868	  0.240772	  8.34996e-05	  1.24482e-06	  48	  2.41915e-07
254	  0.900833	  0.348743	  7.7197e-05	  9.29266e-07	  48	  1.80591e-07
255	  0.942478	  0.444444	  6.97363e-05	  9.33934e-07	  48	  1.81499e-07
256	  0.993459	  0.527046	  6.18957e-05	  1.08818e-06	  48	  2.11473e-07
257	  0.863541	  0	  8.48614e-05	  6.53439e-07	  12	  2.21304e-07
258	  0.869868	  0.120386	  8.34996e-05	  1.14563e-06	  24	  2.91132e-07
259	  0.888577	  0.235702	  7.96115e-05	  8.61989e-07	  24	  2.19052e-07
260	  0.918912	  0.341882	  7.38245e-05	  1.20175e-06	  24	  3.05394e-07
261	  0.959772	  0.436436	  6.69309e-05	  1.02948e-06	  24	  2.61616e-07
262	  0.888577	  0	  7.96115e-05	  9.47621e-07	  6	  4.34246e-07
263	  0.894726	  0.117041	  7.83672e-05	  1.33572e-06	  12	  4.52377e-07
264	  0.912926	  0.229416	  7.48999e-05	  1.15671e-06	  12	  3.91748e-07
265	  0.942478	  0.333333	  6.97363e-05	  9.38828e-07	  12	  3.17958e-07
266	  0.982358	  0.426401	  6.34989e-05	  1.13006e-06	  12	  3.82722e-07
267	  0.894726	  0	  7.83672e-05	  6.40796e-07	  12	  2.17022e-07
268	  0.900833	  0.116248	  7.7197e-05	  7.11651e-07	  24	  1.80848e-07
269	  0.918912	  0.227921	  7.38245e-05	  1.36618e-06	  24	  3.4718e-07
270	  0.948278	  0.331295	  6.87654e-05	  1.09523e-06	  24	  2.78324e-07
271	  0.987924	  0.423999	  6.26782e-05	  8.71896e-07	  24	  2.2157e-07
272	  0.900833	  0	  7.7197e-05	  6.78261e-07	  12	  2.2971e-07
273	  0.9069	  0.11547	  7.60446e-05	  5.63756e-07	  24	  1.43264e-07
274	  0.92486	  0.226455	  7.27641e-05	  7.89148e-07	  24	  2.00541e-07
275	  0.954042	  0.329293	  6.78321e-05	  7.98615e-07	  24	  2.02947e-07
276	  0.993459	  0.421637	  6.18957e-05	  7.20243e-07	  24	  1.83031e-07
277	  0.936642	  0	  7.07132e-05	  6.07743e-07	  12	  2.05828e-07
278	  0.942478	  0.111111	  6.97363e-05	  7.22128e-07	  24	  1.8351e-07
279	  0.959772	  0.218218	  6.69309e-05	  1.0402e-06	  24	  2.6434e-07
280	  0.987924	  0.317999	  6.26782e-05	  1.10738e-06	  24	  2.81413e-07
281	  0.942478	  0	  6.97363e-05	  1.04094e-06	  6	  4.7701e-07
282	  0.948278	  0.110432	  6.87654e-05	  9.11736e-07	  12	  3.08782e-07
283	  0.965468	  0.21693	  6.60351e-05	  8.09137e-07	  12	  2.74035e-07
284	  0.993459	  0.316228	  6.18957e-05	  8.5543e-07	  12	  2.89713e-07
285	  0.948278	  0	  6.87654e-05	  9.37549e-07	  12	  3.17525e-07
286	  0.954042	  0.109764	  6.78321e-05	  6.40967e-07	  24	  1.62885e-07
287	  0.971131	  0.215666	  6.51545e-05	  1.09183e-06	  24	  2.7746e-07
288	  0.998963	  0.314485	  6.11335e-05	  1.24339e-06	  24	  3.15977e-07
289	  0.965468	  0	  6.60351e-05	  9.22039e-07	  24	  2.34312e-07
290	  0.971131	  0.107833	  6.51545e-05	  8.67562e-07	  48	  1.686e-07
291	  0.987924	  0.212	  6.26782e-05	  7.76708e-07	  48	  1.50943e-07
292	  0.987924	  0	  6.26782e-05	  4.67218e-07	  12	  1.58235e-07
293	  0.993459	  0.105409	  6.18957e-05	  5.77698e-07	  24	  1.46807e-07
294	  0.993459	  0	  6.18957e-05	  7.14995e-07	  12	  2.42151e-07
295	  0.998963	  0.104828	  6.11335e-05	  1.19105e-06	  24	  3.02675e-07
296	  1.08818	  0.030936	  5.03103e-05	  6.18524e-07	  138	  8.35785e-08
297	  1.08818	  0.0938307	  5.03103e-05	  6.55976e-07	  252	  7.41214e-08
298	  1.08818	  0.156319	  5.03103e-05	  4.89121e-07	  72	  8.20995e-08
299	  1.08818	  0.218712	  5.03103e-05	  7.18923e-07	  216	  8.48627e-08
300	  1.08818	  0.281224	  5.03103e-05	  6.60056e-07	  288	  7.1897e-08
301	  1.08818	  0.343807	  5.03103e-05	  6.82123e-07	  120	  9.63752e-08
302	  1.08818	  0.406302	  5.03103e-05	  9.75152e-07	  180	  1.21441e-07
303	  1.08818	  0.468745	  5.03103e-05	  8.6393e-07	  180	  1.0759e-07
304	  1.08818	  0.531226	  5.03103e-05	  9.70056e-07	  192	  1.18511e-07
305	  1.08818	  0.593785	  5.03103e-05	  1.29456e-06	  192	  1.58155e-07
306	  1.08818	  0.656281	  5.03103e-05	  1.24275e-06	  168	  1.58017e-07
307	  1.08818	  0.718743	  5.03103e-05	  1.35295e-06	  228	  1.57249e-07
308	  1.08818	  0.781255	  5.03103e-05	  1.5645e-06	  144	  2.086e-07
309	  1.08818	  0.843774	  5.03103e-05	  1.70641e-06	  240	  1.95469e-07
310	  1.08818	  0.90628	  5.03103e-05	  1.78085e-06	  168	  2.26439e-07
311	  1.08818	  0.968758	  5.03103e-05	  2.68593e-06	  150	  3.53602e-07
312	  1.25577	  0.030936	  3.61853e-05	  4.45291e-07	  198	  5.391e-08
313	  1.25577	  0.0938307	  3.61853e-05	  4.68757e-07	  396	  4.69938e-08
314	  1.25577	  0.156319	  3.61853e-05	  4.72119e-07	  396	  4.73308e-08
315	  1.25577	  0.218712	  3.61853e-05	  4.39932e-07	  204	  5.2798e-08
316	  1.25577	  0.281224	  3.61853e-05	  5.80843e-07	  216	  6.85635e-08
317	  1.25577	  0.343807	  3.61853e-05	  5.46882e-07	  372	  5.56986e-08
318	  1.25577	  0.406302	  3.61853e-05	  6.46019e-07	  312	  6.88746e-08
319	  1.25577	  0.468745	  3.61853e-05	  6.86954e-07	  288	  7.48268e-08
320	  1.25577	  0.531226	  3.61853e-05	  7.27926e-07	  264	  8.11971e-08
321	  1.25577	  0.593785	  3.61853e-05	  7.59697e-07	  312	  8.09942e-08
322	  1.25577	  0.656281	  3.61853e-05	  8.82175e-07	  276	  9.72095e-08
323	  1.25577	  0.718743	  3.61853e-05	  1.00219e-06	  312	  1.06848e-07
324	  1.25577	  0.781255	  3.61853e-05	  1.12751e-06	  276	  1.24244e-07
325	  1.25577	  0.843774	  3.61853e-05	  1.18913e-06	  240	  1.36214e-07
326	  1.25577	  0.90628	  3.61853e-05	  1.20561e-06	  324	  1.27259e-07
327	  1.25577	  0.968758	  3.61853e-05	  1.39333e-06	  315	  1.48172e-07
328	  1.45182	  0.030936	  2.58127e-05	  4.07418e-07	  246	  4.63469e-08
329	  1.45182	  0.0938307	  2.58127e-05	  3.73056e-07	  516	  3.50757e-08
330	  1.45182	  0.156319	  2.58127e-05	  3.68239e-07	  504	  3.48147e-08
331	  1.45182	  0.218712	  2.58127e-05	  3.47649e-07	  528	  3.25119e-08
332	  1.45182	  0.281224	  2.58127e-05	  3.93156e-07	  504	  3.71703e-08
333	  1.45182	  0.343807	  2.58127e-05	  4.04847e-07	  384	  4.09021e-08
334	  1.45182	  0.406302	  2.58127e-05	  4.29678e-07	  420	  4.245e-08
335	  1.45182	  0.468745	  2.58127e-05	  4.56686e-07	  468	  4.39446e-08
336	  1.45182	  0.531226	  2.58127e-05	  5.20717e-07	  480	  4.98032e-08
337	  1.45182	  0.593785	  2.58127e-05	  5.56878e-07	  468	  5.35856e-08
338	  1.45182	  0.656281	  2.58127e-05	  5.57226e-07	  396	  5.5863e-08
339	  1.45182	  0.718743	  2.58127e-05	  6.69501e-07	  456	  6.48273e-08
340	  1.45182	  0.781255	  2.58127e-05	  6.91328e-07	  432	  6.7828e-08
341	  1.45182	  0.843774	  2.58127e-05	  7.96332e-07	  480	  7.6164e-08
342	  1.45182	  0.90628	  2.58127e-05	  8.35537e-07	  480	  7.99138e-08
343	  1.45182	  0.968758	  2.58127e-05	  9.41821e-07	  414	  9.33791e-08
344	  1.68148	  0.030936	  1.82704e-05	  2.49933e-07	  798	  2.13442e-08
345	  1.68148	  0.0938307	  1.82704e-05	  2.75277e-07	  708	  2.41094e-08
346	  1.68148	  0.156319	  1.82704e-05	  2.57257e-07	  684	  2.26993e-08
347	  1.68148	  0.218712	  1.82704e-05	  2.59904e-07	  720	  2.26813e-08
348	  1.68148	  0.281224	  1.82704e-05	  2.80738e-07	  708	  2.45876e-08
349	  1.68148	  0.343807	  1.82704e-05	  2.94406e-07	  720	  2.56921e-08
350	  1.68148	  0.406302	  1.82704e-05	  3.27048e-07	  672	  2.89686e-08
351	  1.68148	  0.468745	  1.82704e-05	  3.28289e-07	  732	  2.85484e-08
352	  1.68148	  0.531226	  1.82704e-05	  3.94896e-07	  672	  3.49783e-08
353	  1.68148	  0.593785	  1.82704e-05	  4.03056e-07	  708	  3.53006e-08
354	  1.68148	  0.656281	  1.82704e-05	  4.32719e-07	  744	  3.75002e-08
355	  1.68148	  0.718743	  1.82704e-05	  4.54023e-07	  744	  3.93465e-08
356	  1.68148	  0.781255	  1.82704e-05	  4.97782e-07	  696	  4.37575e-08
357	  1.68148	  0.843774	  1.82704e-05	  5.66387e-07	  708	  4.96055e-08
358	  1.68148	  0.90628	  1.82704e-05	  5.36028e-07	  696	  4.71195e-08
359	  1.68148	  0.968758	  1.82704e-05	  5.49841e-07	  741	  4.76909e-08
360	  1.94819	  0.030936	  1.2868e-05	  1.92838e-07	  1368	  1.48556e-08
361	  1.94819	  0.0938307	  1.2868e-05	  1.95998e-07	  924	  1.62477e-08
362	  1.94819	  0.156319	  1.2868e-05	  2.06726e-07	  972	  1.69671e-08
363	  1.94819	  0.218712	  1.2868e-05	  2.08337e-07	  972	  1.70993e-08
364	  1.94819	  0.281224	  1.2868e-05	  1.95325e-07	  1200	  1.54048e-08
365	  1.94819	  0.343807	  1.2868e-05	  2.11411e-07	  1140	  1.6832e-08
366	  1.94819	  0.406302	  1.2868e-05	  2.23126e-07	  1080	  1.79458e-08
367	  1.94819	  0.468745	  1.2868e-05	  2.60565e-07	  1068	  2.10014e-08
368	  1.94819	  0.531226	  1.2868e-05	  2.6447e-07	  1164	  2.09752e-08
369	  1.94819	  0.593785	  1.2868e-05	  2.57859e-07	  1188	  2.03742e-08
370	  1.94819	  0.656281	  1.2868e-05	  2.79426e-07	  1068	  2.25216e-08
371	  1.94819	  0.718743	  1.2868e-05	  2.87788e-07	  1008	  2.34539e-08
372	  1.94819	  0.781255	  1.2868e-05	  3.31403e-07	  1164	  2.62837e-08
373	  1.94819	  0.843774	  1.2868e-05	  3.21572e-07	  1176	  2.54559e-08
374	  1.94819	  0.90628	  1.2868e-05	  3.31672e-07	  1080	  2.66761e-08
375	  1.94819	  0.968758	  1.2868e-05	  3.54336e-07	  1038	  2.87149e-08
376	  2.25604	  0.030936	  9.04471e-06	  1.44653e-07	  1896	  1.05547e-08
377	  2.25604	  0.0938307	  9.04471e-06	  1.44046e-07	  1272	  1.12412e-08
378	  2.25604	  0.156319	  9.04471e-06	  1.44478e-07	  2040	  1.04227e-08
379	  2.25604	  0.218712	  9.04471e-06	  1.51256e-07	  1740	  1.11889e-08
380	  2.25604	  0.281224	  9.04471e-06	  1.56953e-07	  1584	  1.17912e-08
381	  2.25604	  0.343807	  9.04471e-06	  1.55047e-07	  1764	  1.14439e-08
382	  2.25604	  0.406302	  9.04471e-06	  1.6962e-07	  1632	  1.26798e-08
383	  2.25604	  0.468745	  9.04471e-06	  1.72879e-07	  1860	  1.26525e-08
384	  2.25604	  0.531226	  9.04471e-06	  1.85945e-07	  1560	  1.40051e-08
385	  2.25604	  0.593785	  9.04471e-06	  1.87712e-07	  1692	  1.3949e-08
386	  2.25604	  0.656281	  9.04471e-06	  1.90681e-07	  1704	  1.41533e-08
387	  2.25604	  0.718743	  9.04471e-06	  2.10896e-07	  1824	  1.54829e-08
388	  2.25604	  0.781255	  9.04471e-06	  2.1375e-07	  1668	  1.59212e-08
389	  2.25604	  0.843774	  9.04471e-06	  2.06048e-07	  1680	  1.53294e-08
390	  2.25604	  0.90628	  9.04471e-06	  2.05897e-07	  1776	  1.51806e-08
391	  2.25604	  0.968758	  9.04471e-06	  2.29526e-07	  1656	  1.71166e-08
392	  2.61216	  0.030936	  6.3402e-06	  1.0551e-07	  2586	  7.35033e-09
393	  2.61216	  0.0938307	  6.3402e-06	  1.03462e-07	  3036	  7.05083e-09
394	  2.61216	  0.156319	  6.3402e-06	  1.11332e-07	  2124	  7.98228e-09
395	  2.61216	  0.218712	  6.3402e-06	  1.03277e-07	  2940	  7.06859e-09
396	  2.61216	  0.281224	  6.3402e-06	  1.08464e-07	  2616	  7.54387e-09
397	  2.61216	  0.343807	  6.3402e-06	  1.12211e-07	  2448	  7.87849e-09
398	  2.61216	  0.406302	  6.3402e-06	  1.1833e-07	  2916	  8.10779e-09
399	  2.61216	  0.468745	  6.3402e-06	  1.13545e-07	  2544	  7.9284e-09
400	  2.61216	  0.531226	  6.3402e-06	  1.25971e-07	  2652	  8.74468e-09
401	  2.61216	  0.593785	  6.3402e-06	  1.27275e-07	  2748	  8.79168e-09
402	  2.61216	  0.656281	  6.3402e-06	  1.31021e-07	  2676	  9.08384e-09
403	  2.61216	  0.718743	  6.3402e-06	  1.32893e-07	  2472	  9.3175e-09
404	  2.61216	  0.781255	  6.3402e-06	  1.32012e-07	  2616	  9.18164e-09
405	  2.61216	  0.843774	  6.3402e-06	  1.37606e-07	  2736	  9.51104e-09
406	  2.61216	  0.90628	  6.3402e-06	  1.33353e-07	  2568	  9.29918e-09
407	  2.61216	  0.968758	  6.3402e-06	  1.28725e-07	  2745	  8.89317e-09
408	  3.02645	  0.030936	  4.42237e-06	  7.86151e-08	  3414	  5.27622e-09
409	  3.02645	  0.0938307	  4.42237e-06	  7.87961e-08	  4512	  5.11286e-09
410	  3.02645	  0.156319	  4.42237e-06	  7.70536e-08	  4632	  4.98484e-09
411	  3.02645	  0.218712	  4.42237e-06	  7.39857e-08	  3972	  4.87322e-09
412	  3.02645	  0.281224	  4.42237e-06	  7.81582e-08	  4176	  5.11738e-09
413	  3.02645	  0.343807	  4.42237e-06	  8.08739e-08	  4344	  5.27075e-09
414	  3.02645	  0.406302	  4.42237e-06	  8.51232e-08	  4044	  5.59473e-09
415	  3.02645	  0.468745	  4.42237e-06	  8.24469e-08	  4092	  5.41121e-09
416	  3.02645	  0.531226	  4.42237e-06	  8.35046e-08	  4296	  5.44925e-09
417	  3.02645	  0.593785	  4.42237e-06	  8.3455e-08	  3996	  5.49295e-09
418	  3.02645	  0.656281	  4.42237e-06	  8.7254e-08	  4188	  5.71099e-09
419	  3.02645	  0.718743	  4.42237e-06	  8.60131e-08	  4212	  5.62598e-09
420	  3.02645	  0.781255	  4.42237e-06	  8.49261e-08	  4140	  5.56621e-09
421	  3.02645	  0.843774	  4.42237e-06	  8.45581e-08	  4128	  5.54399e-09
422	  3.02645	  0.90628	  4.42237e-06	  8.23841e-08	  4188	  5.39224e-09
423	  3.02645	  0.968758	  4.42237e-06	  8.22258e-08	  4128	  5.39108e-09
424	  3.50419	  0.030936	  3.0819e-06	  5.64481e-08	  7002	  3.49699e-09
425	  3.50419	  0.0938307	  3.0819e-06	  5.73555e-08	  6240	  3.59385e-09
426	  3.50419	  0.156319	  3.0819e-06	  5.71634e-08	  5964	  3.59837e-09
427	  3.50419	  0.218712	  3.0819e-06	  5.52495e-08	  6180	  3.46528e-09
428	  3.50419	  0.281224	  3.0819e-06	  5.48506e-08	  6420	  3.42709e-09
429	  3.50419	  0.343807	  3.0819e-06	  5.56467e-08	  6516	  3.4717e-09
430	  3.50419	  0.406302	  3.0819e-06	  5.81271e-08	  6312	  3.63799e-09
431	  3.50419	  0.468745	  3.0819e-06	  5.72503e-08	  6276	  3.58518e-09
432	  3.50419	  0.531226	  3.0819e-06	  5.59416e-08	  6360	  3.49854e-09
433	  3.50419	  0.593785	  3.0819e-06	  5.58617e-08	  6408	  3.49092e-09
434	  3.50419	  0.656281	  3.0819e-06	  5.55278e-08	  6360	  3.47267e-09
435	  3.50419	  0.718743	  3.0819e-06	  5.45888e-08	  6336	  3.41524e-09
436	  3.50419	  0.781255	  3.0819e-06	  5.30114e-08	  6372	  3.31467e-09
437	  3.50419	  0.843774	  3.0819e-06	  5.17671e-08	  6456	  3.23263e-09
438	  3.50419	  0.90628	  3.0819e-06	  4.86444e-08	  6360	  3.04218e-09
439	  3.50419	  0.968758	  3.0819e-06	  4.46463e-08	  6327	  2.79361e-09
440	  4.05763	  0.030936	  2.14162e-06	  4.18014e-08	  10392	  2.50012e-09
441	  4.05763	  0.0938307	  2.14162e-06	  4.1243e-08	  9420	  2.48709e-09
442	  4.05763	  0.156319	  2.14162e-06	  4.07725e-08	  10176	  2.44281e-09
443	  4.05763	  0.218712	  2.14162e-06	  4.08276e-08	  10260	  2.44445e-09
444	  4.05763	  0.281224	  2.14162e-06	  4.04515e-08	  9528	  2.43699e-09
445	  4.05763	  0.343807	  2.14162e-06	  3.85252e-08	  10140	  2.30884e-09
446	  4.05763	  0.406302	  2.14162e-06	  3.97699e-08	  9960	  2.38699e-09
447	  4.05763	  0.468745	  2.14162e-06	  3.82672e-08	  10068	  2.29474e-09
448	  4.05763	  0.531226	  2.14162e-06	  3.62278e-08	  9996	  2.17374e-09
449	  4.05763	  0.593785	  2.14162e-06	  3.57191e-08	  9828	  2.14626e-09
450	  4.05763	  0.656281	  2.14162e-06	  3.50508e-08	  10032	  2.10249e-09
451	  4.05763	  0.718743	  2.14162e-06	  3.25383e-08	  9924	  1.95354e-09
452	  4.05763	  0.781255	  2.14162e-06	  3.17141e-08	  10116	  1.90102e-09
453	  4.05763	  0.843774	  2.14162e-06	  2.91487e-08	  9888	  1.75057e-09
454	  4.05763	  0.90628	  2.14162e-06	  2.72674e-08	  10008	  1.63593e-09
455	  4.05763	  0.968758	  2.14162e-06	  2.49232e-08	  9978	  1.49567e-09
456	  4.69917	  0.030936	  1.48334e-06	  3.19672e-08	  13626	  1.87221e-09
457	  4.69917	  0.0938307	  1.48334e-06	  3.00601e-08	  16392	  1.73779e-09
458	  4.69917	  0.156319	  1.48334e-06	  2.98012e-08	  15708	  1.72784e-09
459	  4.69917	  0.218712	  1.48334e-06	  2.87742e-08	  15432	  1.67034e-09
460	  4.69917	  0.281224	  1.48334e-06	  2.73642e-08	  15780	  1.58604e-09
461	  4.69917	  0.343807	  1.48334e-06	  2.66325e-08	  15300	  1.54694e-09
462	  4.69917	  0.406302	  1.48334e-06	  2.63491e-08	  15588	  1.5285e-09
463	  4.69917	  0.468745	  1.48334e-06	  2.47001e-08	  15396	  1.43407e-09
464	  4.69917	  0.531226	  1.48334e-06	  2.36938e-08	  15504	  1.37498e-09
465	  4.69917	  0.593785	  1.48334e-06	  2.27081e-08	  15660	  1.31686e-09
466	  4.69917	  0.656281	  1.48334e-06	  2.1037e-08	  15192	  1.22253e-09
467	  4.69917	  0.718743	  1.48334e-06	  1.96155e-08	  15600	  1.13782e-09
468	  4.69917	  0.781255	  1.48334e-06	  1.81611e-08	  15216	  1.05528e-09
469	  4.69917	  0.843774	  1.48334e-06	  1.61618e-08	  15516	  9.37836e-10
470	  4.69917	  0.90628	  1.48334e-06	  1.50867e-08	  15540	  8.75359e-10
471	  4.69917	  0.968758	  1.48334e-06	  1.31735e-08	  15405	  7.6481e-10
472	  5.4432	  0.030936	  1.02479e-06	  2.26019e-08	  26250	  1.2696e-09
473	  5.4432	  0.0938307	  1.02479e-06	  2.18128e-08	  22392	  1.23641e-09
474	  5.4432	  0.156319	  1.02479e-06	  2.0885e-08	  24516	  1.17763e-09
475	  5.4432	  0.218712	  1.02479e-06	  1.99459e-08	  23592	  1.12715e-09
476	  5.4432	  0.281224	  1.02479e-06	  1.88284e-08	  24264	  1.06229e-09
477	  5.4432	  0.343807	  1.02479e-06	  1.80232e-08	  23928	  1.01767e-09
478	  5.4432	  0.406302	  1.02479e-06	  1.6978e-08	  24120	  9.58221e-10
479	  5.4432	  0.468745	  1.02479e-06	  1.5937e-08	  23964	  8.99802e-10
480	  5.4432	  0.531226	  1.02479e-06	  1.44784e-08	  24060	  8.17261e-10
481	  5.4432	  0.593785	  1.02479e-06	  1.33983e-08	  24108	  7.56208e-10
482	  5.4432	  0.656281	  1.02479e-06	  1.21259e-08	  24228	  6.842e-10
483	  5.4432	  0.718743	  1.02479e-06	  1.10686e-08	  24144	  6.24666e-10
484	  5.4432	  0.781255	  1.02479e-06	  9.73343e-09	  23940	  5.49579e-10
485	  5.4432	  0.843774	  1.02479e-06	  8.45125e-09	  24192	  4.76898e-10
486	  5.4432	  0.90628	  1.02479e-06	  7.44663e-09	  23988	  4.20411e-10
487	  5.4432	  0.968758	  1.02479e-06	  6.40262e-09	  24141	  3.61339e-10
488	  6.30378	  0.030936	  7.06823e-07	  1.61229e-08	  35082	  8.92227e-10
489	  6.30378	  0.0938307	  7.06823e-07	  1.54028e-08	  39108	  8.48026e-10
490	  6.30378	  0.156319	  7.06823e-07	  1.45128e-08	  36924	  8.01164e-10
491	  6.30378	  0.218712	  7.06823e-07	  1.38024e-08	  37692	  7.61212e-10
492	  6.30378	  0.281224	  7.06823e-07	  1.26884e-08	  37092	  7.00304e-10
493	  6.30378	  0.343807	  7.06823e-07	  1.17741e-08	  37536	  6.49477e-10
494	  6.30378	  0.406302	  7.06823e-07	  1.0665e-08	  36984	  5.88704e-10
495	  6.30378	  0.468745	  7.06823e-07	  9.5805e-09	  37428	  5.28546e-10
496	  6.30378	  0.531226	  7.06823e-07	  8.54993e-09	  37392	  4.71712e-10
497	  6.30378	  0.593785	  7.06823e-07	  7.64729e-09	  37200	  4.22014e-10
498	  6.30378	  0.656281	  7.06823e-07	  6.69544e-09	  36924	  3.69616e-10
499	  6.30378	  0.718743	  7.06823e-07	  5.74047e-09	  37272	  3.16758e-10
500	  6.30378	  0.781255	  7.06823e-07	  4.94187e-09	  37284	  2.72687e-10
501	  6.30378	  0.843774	  7.06823e-07	  4.17071e-09	  37188	  2.30163e-10
502	  6.30378	  0.90628	  7.06823e-07	  3.51444e-09	  37320	  1.93914e-10
503	  6.30378	  0.968758	  7.06823e-07	  2.9216e-09	  37119	  1.61244e-10
504	  7.30029	  0.030936	  4.86302e-07	  1.13816e-08	  60258	  6.15447e-10
505	  7.30029	  0.0938307	  4.86302e-07	  1.06342e-08	  56916	  5.76285e-10
506	  7.30029	  0.156319	  4.86302e-07	  1.00165e-08	  56820	  5.42848e-10
507	  7.30029	  0.218712	  4.86302e-07	  9.1022e-09	  58716	  4.92674e-10
508	  7.30029	  0.281224	  4.86302e-07	  8.21953e-09	  57840	  4.45154e-10
509	  7.30029	  0.343807	  4.86302e-07	  7.20961e-09	  57612	  3.90517e-10
510	  7.30029	  0.406302	  4.86302e-07	  6.35575e-09	  58464	  3.44073e-10
511	  7.30029	  0.468745	  4.86302e-07	  5.49129e-09	  57948	  2.97376e-10
512	  7.30029	  0.531226	  4.86302e-07	  4.68465e-09	  57708	  2.53733e-10
513	  7.30029	  0.593785	  4.86302e-07	  4.02329e-09	  58236	  2.17837e-10
514	  7.30029	  0.656281	  4.86302e-07	  3.33629e-09	  58008	  1.80667e-10
515	  7.30029	  0.718743	  4.86302e-07	  2.77713e-09	  58200	  1.50368e-10
516	  7.30029	  0.781255	  4.86302e-07	  2.25739e-09	  58128	  1.22233e-10
517	  7.30029	  0.843774	  4.86302e-07	  1.8584e-09	  57972	  1.00639e-10
518	  7.30029	  0.90628	  4.86302e-07	  1.48369e-09	  57960	  8.03471e-11
519	  7.30029	  0.968758	  4.86302e-07	  1.1811e-09	  58122	  6.39543e-11
520	  8.455	  0.030936	  3.33992e-07	  7.7517e-09	  90198	  4.13396e-10
521	  8.455	  0.0938307	  3.33992e-07	  7.29793e-09	  89292	  3.89319e-10
522	  8.455	  0.156319	  3.33992e-07	  6.64432e-09	  90804	  3.54266e-10
523	  8.455	  0.218712	  3.33992e-07	  5.78468e-09	  89628	  3.08556e-10
524	  8.455	  0.281224	  3.33992e-07	  5.08687e-09	  89844	  2.71315e-10
525	  8.455	  0.343807	  3.33992e-07	  4.25397e-09	  90636	  2.26828e-10
526	  8.455	  0.406302	  3.33992e-07	  3.55864e-09	  89628	  1.89819e-10
527	  8.455	  0.468745	  3.33992e-07	  2.93474e-09	  89772	  1.56532e-10
528	  8.455	  0.531226	  3.33992e-07	  2.36102e-09	  90324	  1.25907e-10
529	  8.455	  0.593785	  3.33992e-07	  1.91247e-09	  89784	  1.02006e-10
530	  8.455	  0.656281	  3.33992e-07	  1.52497e-09	  90216	  8.13258e-11
531	  8.455	  0.718743	  3.33992e-07	  1.19829e-09	  89796	  6.39135e-11
532	  8.455	  0.781255	  3.33992e-07	  9.42097e-10	  90120	  5.02431e-11
533	  8.455	  0.843774	  3.33992e-07	  7.33322e-10	  90132	  3.91087e-11
534	  8.455	  0.90628	  3.33992e-07	  5.66172e-10	  89916	  3.01967e-11
535	  8.455	  0.968758	  3.33992e-07	  4.30846e-10	  89964	  2.29788e-11
536	  9.79129	  0.030936	  2.28926e-07	  5.16284e-09	  139068	  2.71987e-10
537	  9.79129	  0.0938307	  2.28926e-07	  4.75205e-09	  141180	  2.5025e-10
538	  9.79129	  0.156319	  2.28926e-07	  4.17902e-09	  139380	  2.20145e-10
539	  9.79129	  0.218712	  2.28926e-07	  3.5222e-09	  138804	  1.85564e-10
540	  9.79129	  0.281224	  2.28926e-07	  2.90454e-09	  140952	  1.52964e-10
541	  9.79129	  0.343807	  2.28926e-07	  2.32642e-09	  139668	  1.22546e-10
542	  9.79129	  0.406302	  2.28926e-07	  1.80789e-09	  139464	  9.52356e-11
543	  9.79129	  0.468745	  2.28926e-07	  1.4119e-09	  139812	  7.43712e-11
544	  9.79129	  0.531226	  2.28926e-07	  1.07705e-09	  139884	  5.67321e-11
545	  9.79129	  0.593785	  2.28926e-07	  8.25016e-10	  140184	  4.34543e-11
546	  9.79129	  0.656281	  2.28926e-07	  6.28766e-10	  139404	  3.31223e-11
547	  9.79129	  0.718743	  2.28926e-07	  4.71871e-10	  139932	  2.4855e-11
548	  9.79129	  0.781255	  2.28926e-07	  3.5696e-10	  139980	  1.88021e-11
549	  9.79129	  0.843774	  2.28926e-07	  2.63721e-10	  139632	  1.38918e-11
550	  9.79129	  0.90628	  2.28926e-07	  1.95598e-10	  140088	  1.03025e-11
551	  9.79129	  0.968758	  2.28926e-07	  1.4173e-10	  139623	  7.46581e-12
