#n	   k	      mu	    PL	    Pf	     w	     err  
0	  0.10472	  1	  0.00276739	  0.000713647	  3	  0.000447707
1	  0.20944	  1	  0.000983009	  0.000208359	  3	  0.000130714
2	  0.314159	  1	  0.000460441	  0.000186494	  3	  0.000116997
3	  0.418879	  1	  0.000258057	  3.18099e-05	  3	  1.9956e-05
4	  0.523599	  1	  0.000163143	  1.28224e-05	  3	  8.04414e-06
5	  0.628319	  1	  0.000110542	  6.7039e-05	  3	  4.20569e-05
6	  0.733038	  1	  7.90303e-05	  2.65152e-05	  3	  1.66343e-05
7	  0.837758	  1	  5.88269e-05	  1.96735e-05	  3	  1.23422e-05
8	  0.942478	  1	  4.51737e-05	  3.62813e-06	  3	  2.27611e-06
9	  0.10472	  0	  0.00276739	  0.000135535	  6	  6.21086e-05
10	  0.148096	  0.707107	  0.00175985	  0.000181913	  12	  6.16095e-05
11	  0.23416	  0.894427	  0.000778677	  0.000211795	  12	  7.17298e-05
12	  0.331153	  0.948683	  0.000416969	  8.95589e-05	  12	  3.03314e-05
13	  0.431771	  0.970143	  0.000242853	  4.3076e-05	  12	  1.45888e-05
14	  0.533968	  0.980581	  0.000156478	  2.8912e-05	  12	  9.79178e-06
15	  0.636985	  0.986394	  0.000107301	  2.08918e-05	  12	  7.07555e-06
16	  0.74048	  0.989949	  7.73204e-05	  2.25261e-05	  12	  7.62902e-06
17	  0.844278	  0.992278	  5.78037e-05	  1.364e-05	  12	  4.61953e-06
18	  0.948278	  0.993884	  4.45448e-05	  1.27465e-05	  12	  4.31693e-06
19	  0.148096	  0	  0.00175985	  7.77515e-05	  6	  3.56295e-05
20	  0.18138	  0.57735	  0.0012485	  0.000104909	  12	  3.55302e-05
21	  0.25651	  0.816497	  0.000685318	  0.000109513	  12	  3.70893e-05
22	  0.347316	  0.904534	  0.000375577	  5.92163e-05	  12	  2.00551e-05
23	  0.444288	  0.942809	  0.000229579	  3.39845e-05	  12	  1.15097e-05
24	  0.54414	  0.96225	  0.000150265	  3.72318e-05	  12	  1.26095e-05
25	  0.645536	  0.973329	  0.000104283	  2.00188e-05	  12	  6.77986e-06
26	  0.747849	  0.980196	  7.56299e-05	  1.65803e-05	  12	  5.61533e-06
27	  0.850747	  0.984732	  5.6843e-05	  1.65347e-05	  12	  5.59989e-06
28	  0.954042	  0.987878	  4.39402e-05	  1.1037e-05	  12	  3.73795e-06
29	  0.20944	  0	  0.000983009	  4.59382e-05	  6	  2.10511e-05
30	  0.23416	  0.447214	  0.000778677	  7.11756e-05	  12	  2.41054e-05
31	  0.296192	  0.707107	  0.000507056	  7.98731e-05	  12	  2.7051e-05
32	  0.377572	  0.83205	  0.000319571	  5.63833e-05	  12	  1.90956e-05
33	  0.468321	  0.894427	  0.000205981	  4.56007e-05	  12	  1.54438e-05
34	  0.563933	  0.928477	  0.000139283	  1.54492e-05	  12	  5.23225e-06
35	  0.662306	  0.948683	  9.86289e-05	  1.80343e-05	  12	  6.10777e-06
36	  0.762371	  0.961524	  7.24968e-05	  1.40373e-05	  12	  4.75409e-06
37	  0.863541	  0.970143	  5.49714e-05	  6.42425e-06	  12	  2.17573e-06
38	  0.965468	  0.976187	  4.27761e-05	  8.30269e-06	  12	  2.81192e-06
39	  0.23416	  0	  0.000778677	  4.82833e-05	  12	  1.63524e-05
40	  0.25651	  0.408248	  0.000685318	  4.67173e-05	  24	  1.1872e-05
41	  0.314159	  0.666667	  0.000460441	  5.9906e-05	  24	  1.52236e-05
42	  0.391825	  0.801784	  0.000297534	  4.119e-05	  24	  1.04674e-05
43	  0.479886	  0.872872	  0.000195499	  5.12795e-05	  24	  1.30314e-05
44	  0.573574	  0.912871	  0.00013443	  2.19608e-05	  24	  5.58077e-06
45	  0.670534	  0.937043	  9.6046e-05	  1.5213e-05	  24	  3.86599e-06
46	  0.76953	  0.952579	  7.10354e-05	  1.50516e-05	  24	  3.82498e-06
47	  0.869868	  0.963087	  5.40893e-05	  1.27909e-05	  24	  3.25049e-06
48	  0.971131	  0.970495	  4.22057e-05	  9.05805e-06	  24	  2.30187e-06
49	  0.296192	  0	  0.000507056	  2.68738e-05	  6	  1.23149e-05
50	  0.314159	  0.333333	  0.000460441	  3.47742e-05	  12	  1.17772e-05
51	  0.36276	  0.57735	  0.000343765	  2.94344e-05	  12	  9.9687e-06
52	  0.431771	  0.727607	  0.000242853	  3.51632e-05	  12	  1.19089e-05
53	  0.51302	  0.816497	  0.000170244	  3.26375e-05	  12	  1.10535e-05
54	  0.601569	  0.870388	  0.000121384	  2.19463e-05	  12	  7.43266e-06
55	  0.694632	  0.904534	  8.89354e-05	  2.12273e-05	  12	  7.18916e-06
56	  0.790617	  0.927173	  6.69054e-05	  1.05908e-05	  12	  3.58684e-06
57	  0.888577	  0.942809	  5.15706e-05	  1.01759e-05	  12	  3.44632e-06
58	  0.987924	  0.953998	  4.06016e-05	  5.86245e-06	  12	  1.98546e-06
59	  0.314159	  0	  0.000460441	  3.27266e-05	  6	  1.49969e-05
60	  0.331153	  0.316228	  0.000416969	  3.03706e-05	  12	  1.02858e-05
61	  0.377572	  0.5547	  0.000319571	  3.73649e-05	  12	  1.26546e-05
62	  0.444288	  0.707107	  0.000229579	  2.09254e-05	  12	  7.08691e-06
63	  0.523599	  0.8	  0.000163143	  3.03785e-05	  12	  1.02884e-05
64	  0.610616	  0.857493	  0.000117549	  1.07157e-05	  12	  3.62914e-06
65	  0.702481	  0.894427	  8.67717e-05	  1.25514e-05	  12	  4.25086e-06
66	  0.797522	  0.919145	  6.56259e-05	  1.24715e-05	  12	  4.22377e-06
67	  0.894726	  0.936329	  5.07646e-05	  6.06383e-06	  12	  2.05367e-06
68	  0.993459	  0.948683	  4.00947e-05	  8.24475e-06	  12	  2.79229e-06
69	  0.331153	  0	  0.000416969	  2.17751e-05	  12	  7.37469e-06
70	  0.347316	  0.301511	  0.000375577	  2.04552e-05	  24	  5.19816e-06
71	  0.391825	  0.534522	  0.000297534	  1.99075e-05	  24	  5.05897e-06
72	  0.456463	  0.688247	  0.000217407	  3.55439e-05	  24	  9.03257e-06
73	  0.533968	  0.784465	  0.000156478	  1.80004e-05	  24	  4.57433e-06
74	  0.61953	  0.845154	  0.000113955	  1.4664e-05	  24	  3.72648e-06
75	  0.710244	  0.884652	  8.47248e-05	  1.90719e-05	  24	  4.84662e-06
76	  0.804368	  0.911322	  6.43985e-05	  1.35888e-05	  24	  3.45325e-06
77	  0.900833	  0.929981	  5.00066e-05	  8.71859e-06	  24	  2.2156e-06
78	  0.998963	  0.943456	  3.9601e-05	  6.43468e-06	  24	  1.63521e-06
79	  0.377572	  0	  0.000319571	  1.89961e-05	  12	  6.4335e-06
80	  0.391825	  0.267261	  0.000297534	  1.33312e-05	  24	  3.38777e-06
81	  0.431771	  0.485071	  0.000242853	  2.49387e-05	  24	  6.33753e-06
82	  0.491179	  0.639602	  0.000186145	  1.56721e-05	  24	  3.98266e-06
83	  0.563933	  0.742781	  0.000139283	  2.09584e-05	  24	  5.32604e-06
84	  0.645536	  0.811107	  0.000104283	  1.70403e-05	  24	  4.33036e-06
85	  0.733038	  0.857143	  7.90303e-05	  1.50996e-05	  24	  3.83717e-06
86	  0.824564	  0.889001	  6.09362e-05	  6.87396e-06	  24	  1.74684e-06
87	  0.918912	  0.911685	  4.7822e-05	  9.50203e-06	  24	  2.41469e-06
88	  0.418879	  0	  0.000258057	  4.97998e-06	  6	  2.28207e-06
89	  0.431771	  0.242536	  0.000242853	  1.01703e-05	  12	  3.44443e-06
90	  0.468321	  0.447214	  0.000205981	  1.79643e-05	  12	  6.08407e-06
91	  0.523599	  0.6	  0.000163143	  1.6911e-05	  12	  5.72735e-06
92	  0.592384	  0.707107	  0.000125493	  6.64957e-06	  12	  2.25204e-06
93	  0.670534	  0.780869	  9.6046e-05	  1.6331e-05	  12	  5.53091e-06
94	  0.755145	  0.83205	  7.40547e-05	  1.00246e-05	  12	  3.39509e-06
95	  0.844278	  0.868243	  5.78037e-05	  9.56835e-06	  12	  3.24056e-06
96	  0.936642	  0.894427	  4.58065e-05	  6.01508e-06	  12	  2.03716e-06
97	  0.431771	  0	  0.000242853	  1.04767e-05	  12	  3.54821e-06
98	  0.444288	  0.235702	  0.000229579	  6.02597e-06	  24	  1.53134e-06
99	  0.479886	  0.436436	  0.000195499	  2.17011e-05	  24	  5.51477e-06
100	  0.533968	  0.588348	  0.000156478	  1.18565e-05	  24	  3.01303e-06
101	  0.601569	  0.696311	  0.000121384	  9.48227e-06	  24	  2.40967e-06
102	  0.678662	  0.771517	  9.3549e-05	  9.33136e-06	  24	  2.37132e-06
103	  0.762371	  0.824163	  7.24968e-05	  1.47557e-05	  24	  3.74978e-06
104	  0.850747	  0.86164	  5.6843e-05	  1.14357e-05	  24	  2.9061e-06
105	  0.942478	  0.888889	  4.51737e-05	  9.57559e-06	  24	  2.43339e-06
106	  0.444288	  0	  0.000229579	  1.00328e-05	  6	  4.59752e-06
107	  0.456463	  0.229416	  0.000217407	  1.6711e-05	  12	  5.6596e-06
108	  0.491179	  0.426401	  0.000186145	  1.39227e-05	  12	  4.71529e-06
109	  0.54414	  0.57735	  0.000150265	  5.41254e-06	  12	  1.83309e-06
110	  0.610616	  0.685994	  0.000117549	  1.75261e-05	  12	  5.93564e-06
111	  0.686693	  0.762493	  9.11917e-05	  1.08601e-05	  12	  3.67803e-06
112	  0.76953	  0.816497	  7.10354e-05	  9.51314e-06	  12	  3.22187e-06
113	  0.857168	  0.855186	  5.58895e-05	  5.43125e-06	  12	  1.83943e-06
114	  0.948278	  0.883452	  4.45448e-05	  4.70412e-06	  12	  1.59317e-06
115	  0.468321	  0	  0.000205981	  1.22038e-05	  12	  4.13312e-06
116	  0.479886	  0.218218	  0.000195499	  1.67842e-05	  24	  4.26528e-06
117	  0.51302	  0.408248	  0.000170244	  1.67644e-05	  24	  4.26023e-06
118	  0.563933	  0.557086	  0.000139283	  1.464e-05	  24	  3.72039e-06
119	  0.628319	  0.666667	  0.000110542	  1.1255e-05	  24	  2.86017e-06
120	  0.702481	  0.745356	  8.67717e-05	  1.27103e-05	  24	  3.22999e-06
121	  0.783651	  0.801784	  6.82336e-05	  1.0084e-05	  24	  2.5626e-06
122	  0.869868	  0.842701	  5.40893e-05	  6.66978e-06	  24	  1.69495e-06
123	  0.959772	  0.872872	  4.33564e-05	  6.45533e-06	  24	  1.64045e-06
124	  0.523599	  0	  0.000163143	  8.86689e-06	  18	  2.53329e-06
125	  0.533968	  0.196116	  0.000156478	  8.86134e-06	  36	  1.91996e-06
126	  0.563933	  0.371391	  0.000139283	  7.79141e-06	  36	  1.68814e-06
127	  0.610616	  0.514496	  0.000117549	  8.89158e-06	  36	  1.92651e-06
128	  0.670534	  0.624695	  9.6046e-05	  9.44742e-06	  36	  2.04694e-06
129	  0.74048	  0.707107	  7.73204e-05	  9.46438e-06	  36	  2.05062e-06
130	  0.817887	  0.768221	  6.2059e-05	  8.16959e-06	  36	  1.77008e-06
131	  0.900833	  0.813733	  5.00066e-05	  8.18013e-06	  36	  1.77236e-06
132	  0.987924	  0.847998	  4.06016e-05	  6.54304e-06	  36	  1.41766e-06
133	  0.533968	  0	  0.000156478	  8.58845e-06	  12	  2.90869e-06
134	  0.54414	  0.19245	  0.000150265	  1.11406e-05	  24	  2.8311e-06
135	  0.573574	  0.365148	  0.00013443	  8.6344e-06	  24	  2.19421e-06
136	  0.61953	  0.507093	  0.000113955	  9.8743e-06	  24	  2.5093e-06
137	  0.678662	  0.617213	  9.3549e-05	  8.48946e-06	  24	  2.15738e-06
138	  0.747849	  0.70014	  7.56299e-05	  8.62438e-06	  24	  2.19166e-06
139	  0.824564	  0.762001	  6.09362e-05	  3.95038e-06	  24	  1.00389e-06
140	  0.9069	  0.80829	  4.92601e-05	  7.29585e-06	  24	  1.85405e-06
141	  0.993459	  0.843274	  4.00947e-05	  5.1903e-06	  24	  1.31898e-06
142	  0.563933	  0	  0.000139283	  3.72304e-06	  12	  1.2609e-06
143	  0.573574	  0.182574	  0.00013443	  6.94557e-06	  24	  1.76504e-06
144	  0.601569	  0.348155	  0.000121384	  8.02727e-06	  24	  2.03992e-06
145	  0.645536	  0.486664	  0.000104283	  8.83957e-06	  24	  2.24635e-06
146	  0.702481	  0.596285	  8.67717e-05	  8.82616e-06	  24	  2.24294e-06
147	  0.76953	  0.680414	  7.10354e-05	  5.31721e-06	  24	  1.35123e-06
148	  0.844278	  0.744208	  5.78037e-05	  8.86237e-06	  24	  2.25214e-06
149	  0.92486	  0.792594	  4.71351e-05	  6.52625e-06	  24	  1.65848e-06
150	  0.592384	  0	  0.000125493	  2.47655e-06	  6	  1.13487e-06
151	  0.601569	  0.174078	  0.000121384	  5.03591e-06	  12	  1.70554e-06
152	  0.628319	  0.333333	  0.000110542	  6.84726e-06	  12	  2.319e-06
153	  0.670534	  0.468521	  9.6046e-05	  5.73249e-06	  12	  1.94145e-06
154	  0.72552	  0.57735	  8.08652e-05	  9.43474e-06	  12	  3.19531e-06
155	  0.790617	  0.662266	  6.69054e-05	  7.48145e-06	  12	  2.53378e-06
156	  0.863541	  0.727607	  5.49714e-05	  5.54143e-06	  12	  1.87675e-06
157	  0.942478	  0.777778	  4.51737e-05	  5.1434e-06	  12	  1.74194e-06
158	  0.610616	  0	  0.000117549	  6.19877e-06	  12	  2.09937e-06
159	  0.61953	  0.169031	  0.000113955	  5.88029e-06	  24	  1.49432e-06
160	  0.645536	  0.324443	  0.000104283	  7.24783e-06	  24	  1.84185e-06
161	  0.686693	  0.457496	  9.11917e-05	  7.0905e-06	  24	  1.80187e-06
162	  0.74048	  0.565685	  7.73204e-05	  6.86712e-06	  24	  1.7451e-06
163	  0.804368	  0.650945	  6.43985e-05	  8.30024e-06	  24	  2.10929e-06
164	  0.876148	  0.717137	  5.32135e-05	  7.67907e-06	  24	  1.95144e-06
165	  0.954042	  0.76835	  4.39402e-05	  6.00423e-06	  24	  1.52582e-06
166	  0.628319	  0	  0.000110542	  1.49886e-05	  6	  6.8685e-06
167	  0.636985	  0.164399	  0.000107301	  8.76276e-06	  12	  2.96773e-06
168	  0.662306	  0.316228	  9.86289e-05	  5.54517e-06	  12	  1.87801e-06
169	  0.702481	  0.447214	  8.67717e-05	  3.22188e-06	  12	  1.09117e-06
170	  0.755145	  0.5547	  7.40547e-05	  4.32558e-06	  12	  1.46497e-06
171	  0.817887	  0.640184	  6.2059e-05	  5.21242e-06	  12	  1.76532e-06
172	  0.888577	  0.707107	  5.15706e-05	  4.7351e-06	  12	  1.60366e-06
173	  0.965468	  0.759257	  4.27761e-05	  6.21127e-06	  12	  2.1036e-06
174	  0.636985	  0	  0.000107301	  8.89012e-06	  12	  3.01086e-06
175	  0.645536	  0.162221	  0.000104283	  4.70273e-06	  24	  1.19508e-06
176	  0.670534	  0.312348	  9.6046e-05	  4.73811e-06	  24	  1.20407e-06
177	  0.710244	  0.442326	  8.47248e-05	  6.32453e-06	  24	  1.60721e-06
178	  0.762371	  0.549442	  7.24968e-05	  8.48496e-06	  24	  2.15623e-06
179	  0.824564	  0.635001	  6.09362e-05	  4.23462e-06	  24	  1.07612e-06
180	  0.894726	  0.702247	  5.07646e-05	  4.19822e-06	  24	  1.06687e-06
181	  0.971131	  0.754829	  4.22057e-05	  5.72821e-06	  24	  1.45568e-06
182	  0.662306	  0	  9.86289e-05	  4.78952e-06	  12	  1.62209e-06
183	  0.670534	  0.156174	  9.6046e-05	  4.6595e-06	  24	  1.18409e-06
184	  0.694632	  0.301511	  8.89354e-05	  4.23001e-06	  24	  1.07495e-06
185	  0.733038	  0.428571	  7.90303e-05	  7.358e-06	  24	  1.86985e-06
186	  0.783651	  0.534522	  6.82336e-05	  5.14919e-06	  24	  1.30853e-06
187	  0.844278	  0.620174	  5.78037e-05	  5.22098e-06	  24	  1.32678e-06
188	  0.912926	  0.688247	  4.85186e-05	  4.19127e-06	  24	  1.0651e-06
189	  0.987924	  0.741999	  4.06016e-05	  4.59665e-06	  24	  1.16812e-06
190	  0.670534	  0	  9.6046e-05	  5.05621e-06	  12	  1.71241e-06
191	  0.678662	  0.154303	  9.3549e-05	  4.07158e-06	  24	  1.03469e-06
192	  0.702481	  0.298142	  8.67717e-05	  6.00615e-06	  24	  1.52631e-06
193	  0.74048	  0.424264	  7.73204e-05	  5.21434e-06	  24	  1.32509e-06
194	  0.790617	  0.529813	  6.69054e-05	  5.05023e-06	  24	  1.28338e-06
195	  0.850747	  0.615457	  5.6843e-05	  3.88684e-06	  24	  9.87741e-07
196	  0.918912	  0.683763	  4.7822e-05	  5.89424e-06	  24	  1.49787e-06
197	  0.993459	  0.737865	  4.00947e-05	  4.88528e-06	  24	  1.24147e-06
198	  0.702481	  0	  8.67717e-05	  2.76704e-06	  12	  9.37126e-07
199	  0.710244	  0.147442	  8.47248e-05	  5.03594e-06	  24	  1.27976e-06
200	  0.733038	  0.285714	  7.90303e-05	  6.50016e-06	  24	  1.65185e-06
201	  0.76953	  0.408248	  7.10354e-05	  5.46766e-06	  24	  1.38946e-06
202	  0.817887	  0.512148	  6.2059e-05	  7.17124e-06	  24	  1.82238e-06
203	  0.876148	  0.597614	  5.32135e-05	  5.68421e-06	  24	  1.4445e-06
204	  0.942478	  0.666667	  4.51737e-05	  5.06392e-06	  24	  1.28687e-06
205	  0.733038	  0	  7.90303e-05	  3.85065e-06	  6	  1.76455e-06
206	  0.74048	  0.141421	  7.73204e-05	  3.8881e-06	  12	  1.3168e-06
207	  0.762371	  0.274721	  7.24968e-05	  3.87679e-06	  12	  1.31297e-06
208	  0.797522	  0.393919	  6.56259e-05	  5.02965e-06	  12	  1.70342e-06
209	  0.844278	  0.496139	  5.78037e-05	  5.8837e-06	  12	  1.99266e-06
210	  0.900833	  0.581238	  5.00066e-05	  5.55482e-06	  12	  1.88128e-06
211	  0.965468	  0.650791	  4.27761e-05	  4.61317e-06	  12	  1.56237e-06
212	  0.74048	  0	  7.73204e-05	  4.06387e-06	  18	  1.16106e-06
213	  0.747849	  0.140028	  7.56299e-05	  6.01998e-06	  36	  1.30433e-06
214	  0.76953	  0.272166	  7.10354e-05	  4.67087e-06	  36	  1.01202e-06
215	  0.804368	  0.390567	  6.43985e-05	  6.43094e-06	  36	  1.39337e-06
216	  0.850747	  0.492366	  5.6843e-05	  3.64768e-06	  36	  7.90331e-07
217	  0.9069	  0.57735	  4.92601e-05	  3.60819e-06	  36	  7.81775e-07
218	  0.971131	  0.646997	  4.22057e-05	  6.04785e-06	  36	  1.31037e-06
219	  0.755145	  0	  7.40547e-05	  2.67873e-06	  12	  9.0722e-07
220	  0.762371	  0.137361	  7.24968e-05	  5.46247e-06	  24	  1.38815e-06
221	  0.783651	  0.267261	  6.82336e-05	  4.92256e-06	  24	  1.25094e-06
222	  0.817887	  0.384111	  6.2059e-05	  4.89691e-06	  24	  1.24442e-06
223	  0.863541	  0.485071	  5.49714e-05	  3.05009e-06	  24	  7.75101e-07
224	  0.918912	  0.569803	  4.7822e-05	  4.19588e-06	  24	  1.06627e-06
225	  0.982358	  0.639602	  4.11333e-05	  3.19553e-06	  24	  8.12062e-07
226	  0.762371	  0	  7.24968e-05	  2.42162e-06	  12	  8.20144e-07
227	  0.76953	  0.136083	  7.10354e-05	  5.64733e-06	  24	  1.43512e-06
228	  0.790617	  0.264906	  6.69054e-05	  3.90512e-06	  24	  9.92386e-07
229	  0.824564	  0.381	  6.09362e-05	  3.3526e-06	  24	  8.51977e-07
230	  0.869868	  0.481543	  5.40893e-05	  2.67467e-06	  24	  6.79698e-07
231	  0.92486	  0.566139	  4.71351e-05	  4.74215e-06	  24	  1.20509e-06
232	  0.987924	  0.635999	  4.06016e-05	  3.84029e-06	  24	  9.75911e-07
233	  0.797522	  0	  6.56259e-05	  4.51482e-06	  12	  1.52906e-06
234	  0.804368	  0.130189	  6.43985e-05	  5.05294e-06	  24	  1.28407e-06
235	  0.824564	  0.254	  6.09362e-05	  3.14813e-06	  24	  8.00017e-07
236	  0.857168	  0.366508	  5.58895e-05	  4.09383e-06	  24	  1.04034e-06
237	  0.900833	  0.464991	  5.00066e-05	  3.84963e-06	  24	  9.78285e-07
238	  0.954042	  0.548821	  4.39402e-05	  4.17385e-06	  24	  1.06068e-06
239	  0.817887	  0	  6.2059e-05	  3.40958e-06	  12	  1.15474e-06
240	  0.824564	  0.127	  6.09362e-05	  3.42096e-06	  24	  8.69349e-07
241	  0.844278	  0.248069	  5.78037e-05	  3.38643e-06	  24	  8.60575e-07
242	  0.876148	  0.358569	  5.32135e-05	  4.54102e-06	  24	  1.15398e-06
243	  0.918912	  0.455842	  4.7822e-05	  3.59194e-06	  24	  9.12798e-07
244	  0.971131	  0.539164	  4.22057e-05	  4.9268e-06	  24	  1.25202e-06
245	  0.837758	  0	  5.88269e-05	  3.92232e-06	  6	  1.7974e-06
246	  0.844278	  0.124035	  5.78037e-05	  5.33393e-06	  12	  1.80647e-06
247	  0.863541	  0.242536	  5.49714e-05	  1.96281e-06	  12	  6.64755e-07
248	  0.894726	  0.351123	  5.07646e-05	  3.07204e-06	  12	  1.04042e-06
249	  0.936642	  0.447214	  4.58065e-05	  2.79317e-06	  12	  9.45978e-07
250	  0.987924	  0.529999	  4.06016e-05	  5.00534e-06	  12	  1.69518e-06
251	  0.844278	  0	  5.78037e-05	  4.44086e-06	  24	  1.12853e-06
252	  0.850747	  0.123091	  5.6843e-05	  3.64335e-06	  48	  7.0804e-07
253	  0.869868	  0.240772	  5.40893e-05	  3.20134e-06	  48	  6.22141e-07
254	  0.900833	  0.348743	  5.00066e-05	  3.72685e-06	  48	  7.24266e-07
255	  0.942478	  0.444444	  4.51737e-05	  3.51202e-06	  48	  6.82517e-07
256	  0.993459	  0.527046	  4.00947e-05	  3.77524e-06	  48	  7.33671e-07
257	  0.863541	  0	  5.49714e-05	  2.08267e-06	  12	  7.0535e-07
258	  0.869868	  0.120386	  5.40893e-05	  2.89269e-06	  24	  7.35102e-07
259	  0.888577	  0.235702	  5.15706e-05	  2.89212e-06	  24	  7.34957e-07
260	  0.918912	  0.341882	  4.7822e-05	  3.55119e-06	  24	  9.02444e-07
261	  0.959772	  0.436436	  4.33564e-05	  3.13505e-06	  24	  7.96693e-07
262	  0.888577	  0	  5.15706e-05	  3.22919e-06	  6	  1.47977e-06
263	  0.894726	  0.117041	  5.07646e-05	  2.32827e-06	  12	  7.88528e-07
264	  0.912926	  0.229416	  4.85186e-05	  3.13782e-06	  12	  1.0627e-06
265	  0.942478	  0.333333	  4.51737e-05	  3.09087e-06	  12	  1.0468e-06
266	  0.982358	  0.426401	  4.11333e-05	  3.13564e-06	  12	  1.06196e-06
267	  0.894726	  0	  5.07646e-05	  2.65831e-06	  12	  9.00302e-07
268	  0.900833	  0.116248	  5.00066e-05	  3.13611e-06	  24	  7.9696e-07
269	  0.918912	  0.227921	  4.7822e-05	  3.32688e-06	  24	  8.4544e-07
270	  0.948278	  0.331295	  4.45448e-05	  3.28185e-06	  24	  8.33997e-07
271	  0.987924	  0.423999	  4.06016e-05	  2.76813e-06	  24	  7.03449e-07
272	  0.900833	  0	  5.00066e-05	  3.36373e-06	  12	  1.13921e-06
273	  0.9069	  0.11547	  4.92601e-05	  2.74502e-06	  24	  6.97577e-07
274	  0.92486	  0.226455	  4.71351e-05	  2.33316e-06	  24	  5.92913e-07
275	  0.954042	  0.329293	  4.39402e-05	  3.27586e-06	  24	  8.32475e-07
276	  0.993459	  0.421637	  4.00947e-05	  3.01939e-06	  24	  7.673e-07
277	  0.936642	  0	  4.58065e-05	  2.18777e-06	  12	  7.40942e-07
278	  0.942478	  0.111111	  4.51737e-05	  2.7685e-06	  24	  7.03542e-07
279	  0.959772	  0.218218	  4.33564e-05	  2.22289e-06	  24	  5.6489e-07
280	  0.987924	  0.317999	  4.06016e-05	  2.32804e-06	  24	  5.91612e-07
281	  0.942478	  0	  4.51737e-05	  5.65992e-06	  6	  2.59365e-06
282	  0.948278	  0.110432	  4.45448e-05	  3.89069e-06	  12	  1.31768e-06
283	  0.965468	  0.21693	  4.27761e-05	  3.02346e-06	  12	  1.02397e-06
284	  0.993459	  0.316228	  4.00947e-05	  3.33894e-06	  12	  1.13082e-06
285	  0.948278	  0	  4.45448e-05	  3.6584e-06	  12	  1.23901e-06
286	  0.954042	  0.109764	  4.39402e-05	  2.48375e-06	  24	  6.31182e-07
287	  0.971131	  0.215666	  4.22057e-05	  1.96421e-06	  24	  4.99152e-07
288	  0.998963	  0.314485	  3.9601e-05	  2.6051e-06	  24	  6.6202e-07
289	  0.965468	  0	  4.27761e-05	  2.08067e-06	  24	  5.2875e-07
290	  0.971131	  0.107833	  4.22057e-05	  2.77384e-06	  48	  5.3906e-07
291	  0.987924	  0.212	  4.06016e-05	  2.75909e-06	  48	  5.36194e-07
292	  0.987924	  0	  4.06016e-05	  2.81267e-06	  12	  9.52582e-07
293	  0.993459	  0.105409	  4.00947e-05	  2.84911e-06	  24	  7.24027e-07
294	  0.993459	  0	  4.00947e-05	  2.21353e-06	  12	  7.49668e-07
295	  0.998963	  0.104828	  3.9601e-05	  2.06451e-06	  24	  5.24642e-07
296	  1.08818	  0.030936	  3.259e-05	  2.08653e-06	  138	  2.81944e-07
297	  1.08818	  0.0938307	  3.259e-05	  1.92188e-06	  252	  2.17161e-07
298	  1.08818	  0.156319	  3.259e-05	  1.74191e-06	  72	  2.92382e-07
299	  1.08818	  0.218712	  3.259e-05	  1.95478e-06	  216	  2.30745e-07
300	  1.08818	  0.281224	  3.259e-05	  2.28043e-06	  288	  2.48398e-07
301	  1.08818	  0.343807	  3.259e-05	  2.09923e-06	  120	  2.96594e-07
302	  1.08818	  0.406302	  3.259e-05	  2.86847e-06	  180	  3.57226e-07
303	  1.08818	  0.468745	  3.259e-05	  2.92334e-06	  180	  3.6406e-07
304	  1.08818	  0.531226	  3.259e-05	  3.08561e-06	  192	  3.76965e-07
305	  1.08818	  0.593785	  3.259e-05	  3.97705e-06	  192	  4.85872e-07
306	  1.08818	  0.656281	  3.259e-05	  3.38112e-06	  168	  4.29915e-07
307	  1.08818	  0.718743	  3.259e-05	  4.12085e-06	  228	  4.78953e-07
308	  1.08818	  0.781255	  3.259e-05	  5.18302e-06	  144	  6.91069e-07
309	  1.08818	  0.843774	  3.259e-05	  4.67559e-06	  240	  5.35588e-07
310	  1.08818	  0.90628	  3.259e-05	  6.60744e-06	  168	  8.40148e-07
311	  1.08818	  0.968758	  3.259e-05	  6.38112e-06	  150	  8.40072e-07
312	  1.25577	  0.030936	  2.34401e-05	  1.5705e-06	  198	  1.90136e-07
313	  1.25577	  0.0938307	  2.34401e-05	  1.62765e-06	  396	  1.63175e-07
314	  1.25577	  0.156319	  2.34401e-05	  1.56118e-06	  396	  1.56511e-07
315	  1.25577	  0.218712	  2.34401e-05	  1.47462e-06	  204	  1.76975e-07
316	  1.25577	  0.281224	  2.34401e-05	  1.73613e-06	  216	  2.04935e-07
317	  1.25577	  0.343807	  2.34401e-05	  1.73091e-06	  372	  1.76289e-07
318	  1.25577	  0.406302	  2.34401e-05	  1.88282e-06	  312	  2.00734e-07
319	  1.25577	  0.468745	  2.34401e-05	  1.94282e-06	  288	  2.11622e-07
320	  1.25577	  0.531226	  2.34401e-05	  2.45748e-06	  264	  2.74122e-07
321	  1.25577	  0.593785	  2.34401e-05	  2.23039e-06	  312	  2.3779e-07
322	  1.25577	  0.656281	  2.34401e-05	  2.5748e-06	  276	  2.83725e-07
323	  1.25577	  0.718743	  2.34401e-05	  2.77341e-06	  312	  2.95684e-07
324	  1.25577	  0.781255	  2.34401e-05	  3.13866e-06	  276	  3.45858e-07
325	  1.25577	  0.843774	  2.34401e-05	  3.57474e-06	  240	  4.09486e-07
326	  1.25577	  0.90628	  2.34401e-05	  4.13878e-06	  324	  4.36871e-07
327	  1.25577	  0.968758	  2.34401e-05	  4.50731e-06	  315	  4.79323e-07
328	  1.45182	  0.030936	  1.67209e-05	  1.10065e-06	  246	  1.25207e-07
329	  1.45182	  0.0938307	  1.67209e-05	  1.02196e-06	  516	  9.60872e-08
330	  1.45182	  0.156319	  1.67209e-05	  1.11651e-06	  504	  1.05559e-07
331	  1.45182	  0.218712	  1.67209e-05	  1.1071e-06	  528	  1.03535e-07
332	  1.45182	  0.281224	  1.67209e-05	  1.11019e-06	  504	  1.04962e-07
333	  1.45182	  0.343807	  1.67209e-05	  1.34382e-06	  384	  1.35767e-07
334	  1.45182	  0.406302	  1.67209e-05	  1.49152e-06	  420	  1.47354e-07
335	  1.45182	  0.468745	  1.67209e-05	  1.32977e-06	  468	  1.27957e-07
336	  1.45182	  0.531226	  1.67209e-05	  1.46475e-06	  480	  1.40094e-07
337	  1.45182	  0.593785	  1.67209e-05	  1.55991e-06	  468	  1.50102e-07
338	  1.45182	  0.656281	  1.67209e-05	  1.74583e-06	  396	  1.75023e-07
339	  1.45182	  0.718743	  1.67209e-05	  1.82964e-06	  456	  1.77162e-07
340	  1.45182	  0.781255	  1.67209e-05	  2.27482e-06	  432	  2.23189e-07
341	  1.45182	  0.843774	  1.67209e-05	  2.50536e-06	  480	  2.39621e-07
342	  1.45182	  0.90628	  1.67209e-05	  2.91084e-06	  480	  2.78403e-07
343	  1.45182	  0.968758	  1.67209e-05	  3.01035e-06	  414	  2.98468e-07
344	  1.68148	  0.030936	  1.18352e-05	  7.59957e-07	  798	  6.49e-08
345	  1.68148	  0.0938307	  1.18352e-05	  8.50593e-07	  708	  7.44969e-08
346	  1.68148	  0.156319	  1.18352e-05	  7.79011e-07	  684	  6.87368e-08
347	  1.68148	  0.218712	  1.18352e-05	  8.56179e-07	  720	  7.47168e-08
348	  1.68148	  0.281224	  1.18352e-05	  8.43939e-07	  708	  7.39141e-08
349	  1.68148	  0.343807	  1.18352e-05	  8.9286e-07	  720	  7.79179e-08
350	  1.68148	  0.406302	  1.18352e-05	  9.73298e-07	  672	  8.62107e-08
351	  1.68148	  0.468745	  1.18352e-05	  1.06045e-06	  732	  9.2218e-08
352	  1.68148	  0.531226	  1.18352e-05	  1.09258e-06	  672	  9.67765e-08
353	  1.68148	  0.593785	  1.18352e-05	  1.13251e-06	  708	  9.91878e-08
354	  1.68148	  0.656281	  1.18352e-05	  1.16599e-06	  744	  1.01046e-07
355	  1.68148	  0.718743	  1.18352e-05	  1.47694e-06	  744	  1.27994e-07
356	  1.68148	  0.781255	  1.18352e-05	  1.53216e-06	  696	  1.34684e-07
357	  1.68148	  0.843774	  1.18352e-05	  1.72321e-06	  708	  1.50923e-07
358	  1.68148	  0.90628	  1.18352e-05	  1.9399e-06	  696	  1.70527e-07
359	  1.68148	  0.968758	  1.18352e-05	  2.0552e-06	  741	  1.7826e-07
360	  1.94819	  0.030936	  8.33561e-06	  5.65693e-07	  1368	  4.35793e-08
361	  1.94819	  0.0938307	  8.33561e-06	  5.57692e-07	  924	  4.62313e-08
362	  1.94819	  0.156319	  8.33561e-06	  6.06771e-07	  972	  4.98007e-08
363	  1.94819	  0.218712	  8.33561e-06	  6.16234e-07	  972	  5.05774e-08
364	  1.94819	  0.281224	  8.33561e-06	  5.63096e-07	  1200	  4.441e-08
365	  1.94819	  0.343807	  8.33561e-06	  6.06137e-07	  1140	  4.82591e-08
366	  1.94819	  0.406302	  8.33561e-06	  6.51195e-07	  1080	  5.2375e-08
367	  1.94819	  0.468745	  8.33561e-06	  7.23741e-07	  1068	  5.83332e-08
368	  1.94819	  0.531226	  8.33561e-06	  7.14398e-07	  1164	  5.66593e-08
369	  1.94819	  0.593785	  8.33561e-06	  8.18583e-07	  1188	  6.46787e-08
370	  1.94819	  0.656281	  8.33561e-06	  8.57366e-07	  1068	  6.91033e-08
371	  1.94819	  0.718743	  8.33561e-06	  8.79713e-07	  1008	  7.1694e-08
372	  1.94819	  0.781255	  8.33561e-06	  1.04685e-06	  1164	  8.30262e-08
373	  1.94819	  0.843774	  8.33561e-06	  1.05662e-06	  1176	  8.36428e-08
374	  1.94819	  0.90628	  8.33561e-06	  1.2224e-06	  1080	  9.83164e-08
375	  1.94819	  0.968758	  8.33561e-06	  1.31617e-06	  1038	  1.0666e-07
376	  2.25604	  0.030936	  5.85898e-06	  4.09606e-07	  1896	  2.98872e-08
377	  2.25604	  0.0938307	  5.85898e-06	  4.14309e-07	  1272	  3.23321e-08
378	  2.25604	  0.156319	  5.85898e-06	  4.03606e-07	  2040	  2.91163e-08
379	  2.25604	  0.218712	  5.85898e-06	  4.27405e-07	  1740	  3.16165e-08
380	  2.25604	  0.281224	  5.85898e-06	  4.31383e-07	  1584	  3.2408e-08
381	  2.25604	  0.343807	  5.85898e-06	  4.37578e-07	  1764	  3.22974e-08
382	  2.25604	  0.406302	  5.85898e-06	  4.5181e-07	  1632	  3.37745e-08
383	  2.25604	  0.468745	  5.85898e-06	  4.85962e-07	  1860	  3.55661e-08
384	  2.25604	  0.531226	  5.85898e-06	  5.17794e-07	  1560	  3.89995e-08
385	  2.25604	  0.593785	  5.85898e-06	  5.4273e-07	  1692	  4.03307e-08
386	  2.25604	  0.656281	  5.85898e-06	  6.12052e-07	  1704	  4.54296e-08
387	  2.25604	  0.718743	  5.85898e-06	  6.27863e-07	  1824	  4.60943e-08
388	  2.25604	  0.781255	  5.85898e-06	  6.90444e-07	  1668	  5.14278e-08
389	  2.25604	  0.843774	  5.85898e-06	  7.30754e-07	  1680	  5.43663e-08
390	  2.25604	  0.90628	  5.85898e-06	  8.08004e-07	  1776	  5.95733e-08
391	  2.25604	  0.968758	  5.85898e-06	  8.43392e-07	  1656	  6.28949e-08
392	  2.61216	  0.030936	  4.10705e-06	  3.06543e-07	  2586	  2.13552e-08
393	  2.61216	  0.0938307	  4.10705e-06	  2.96767e-07	  3036	  2.02244e-08
394	  2.61216	  0.156319	  4.10705e-06	  3.064e-07	  2124	  2.19683e-08
395	  2.61216	  0.218712	  4.10705e-06	  2.99895e-07	  2940	  2.05257e-08
396	  2.61216	  0.281224	  4.10705e-06	  3.18529e-07	  2616	  2.21542e-08
397	  2.61216	  0.343807	  4.10705e-06	  3.24007e-07	  2448	  2.2749e-08
398	  2.61216	  0.406302	  4.10705e-06	  3.31916e-07	  2916	  2.27424e-08
399	  2.61216	  0.468745	  4.10705e-06	  3.44532e-07	  2544	  2.40574e-08
400	  2.61216	  0.531226	  4.10705e-06	  3.66103e-07	  2652	  2.54143e-08
401	  2.61216	  0.593785	  4.10705e-06	  3.78223e-07	  2748	  2.61262e-08
402	  2.61216	  0.656281	  4.10705e-06	  4.24293e-07	  2676	  2.94167e-08
403	  2.61216	  0.718743	  4.10705e-06	  4.14543e-07	  2472	  2.90648e-08
404	  2.61216	  0.781255	  4.10705e-06	  4.49593e-07	  2616	  3.12699e-08
405	  2.61216	  0.843774	  4.10705e-06	  4.68461e-07	  2736	  3.23791e-08
406	  2.61216	  0.90628	  4.10705e-06	  4.98198e-07	  2568	  3.4741e-08
407	  2.61216	  0.968758	  4.10705e-06	  5.129e-07	  2745	  3.54345e-08
408	  3.02645	  0.030936	  2.86472e-06	  2.18107e-07	  3414	  1.46382e-08
409	  3.02645	  0.0938307	  2.86472e-06	  2.18376e-07	  4512	  1.41698e-08
410	  3.02645	  0.156319	  2.86472e-06	  2.09322e-07	  4632	  1.35417e-08
411	  3.02645	  0.218712	  2.86472e-06	  2.12896e-07	  3972	  1.40228e-08
412	  3.02645	  0.281224	  2.86472e-06	  2.19358e-07	  4176	  1.43624e-08
413	  3.02645	  0.343807	  2.86472e-06	  2.22652e-07	  4344	  1.45108e-08
414	  3.02645	  0.406302	  2.86472e-06	  2.28854e-07	  4044	  1.50414e-08
415	  3.02645	  0.468745	  2.86472e-06	  2.44017e-07	  4092	  1.60155e-08
416	  3.02645	  0.531226	  2.86472e-06	  2.61888e-07	  4296	  1.709e-08
417	  3.02645	  0.593785	  2.86472e-06	  2.64638e-07	  3996	  1.74183e-08
418	  3.02645	  0.656281	  2.86472e-06	  2.76812e-07	  4188	  1.8118e-08
419	  3.02645	  0.718743	  2.86472e-06	  2.9429e-07	  4212	  1.9249e-08
420	  3.02645	  0.781255	  2.86472e-06	  2.98413e-07	  4140	  1.95585e-08
421	  3.02645	  0.843774	  2.86472e-06	  3.06576e-07	  4128	  2.01004e-08
422	  3.02645	  0.90628	  2.86472e-06	  3.20973e-07	  4188	  2.10085e-08
423	  3.02645	  0.968758	  2.86472e-06	  3.19278e-07	  4128	  2.09332e-08
424	  3.50419	  0.030936	  1.99639e-06	  1.55018e-07	  7002	  9.60343e-09
425	  3.50419	  0.0938307	  1.99639e-06	  1.56215e-07	  6240	  9.78831e-09
426	  3.50419	  0.156319	  1.99639e-06	  1.48161e-07	  5964	  9.32654e-09
427	  3.50419	  0.218712	  1.99639e-06	  1.52073e-07	  6180	  9.53811e-09
428	  3.50419	  0.281224	  1.99639e-06	  1.56249e-07	  6420	  9.76254e-09
429	  3.50419	  0.343807	  1.99639e-06	  1.5953e-07	  6516	  9.95276e-09
430	  3.50419	  0.406302	  1.99639e-06	  1.61519e-07	  6312	  1.01089e-08
431	  3.50419	  0.468745	  1.99639e-06	  1.77392e-07	  6276	  1.11088e-08
432	  3.50419	  0.531226	  1.99639e-06	  1.71652e-07	  6360	  1.0735e-08
433	  3.50419	  0.593785	  1.99639e-06	  1.764e-07	  6408	  1.10237e-08
434	  3.50419	  0.656281	  1.99639e-06	  1.90732e-07	  6360	  1.19282e-08
435	  3.50419	  0.718743	  1.99639e-06	  1.90975e-07	  6336	  1.1948e-08
436	  3.50419	  0.781255	  1.99639e-06	  1.9114e-07	  6372	  1.19515e-08
437	  3.50419	  0.843774	  1.99639e-06	  1.98434e-07	  6456	  1.23913e-08
438	  3.50419	  0.90628	  1.99639e-06	  1.92285e-07	  6360	  1.20254e-08
439	  3.50419	  0.968758	  1.99639e-06	  1.91567e-07	  6327	  1.19867e-08
440	  4.05763	  0.030936	  1.3873e-06	  1.10142e-07	  10392	  6.58754e-09
441	  4.05763	  0.0938307	  1.3873e-06	  1.05218e-07	  9420	  6.34498e-09
442	  4.05763	  0.156319	  1.3873e-06	  1.09621e-07	  10176	  6.56772e-09
443	  4.05763	  0.218712	  1.3873e-06	  1.09589e-07	  10260	  6.56134e-09
444	  4.05763	  0.281224	  1.3873e-06	  1.05182e-07	  9528	  6.33668e-09
445	  4.05763	  0.343807	  1.3873e-06	  1.09128e-07	  10140	  6.54011e-09
446	  4.05763	  0.406302	  1.3873e-06	  1.12984e-07	  9960	  6.78129e-09
447	  4.05763	  0.468745	  1.3873e-06	  1.13306e-07	  10068	  6.79455e-09
448	  4.05763	  0.531226	  1.3873e-06	  1.17972e-07	  9996	  7.07854e-09
449	  4.05763	  0.593785	  1.3873e-06	  1.17551e-07	  9828	  7.06333e-09
450	  4.05763	  0.656281	  1.3873e-06	  1.20564e-07	  10032	  7.23193e-09
451	  4.05763	  0.718743	  1.3873e-06	  1.20709e-07	  9924	  7.24713e-09
452	  4.05763	  0.781255	  1.3873e-06	  1.17758e-07	  10116	  7.05871e-09
453	  4.05763	  0.843774	  1.3873e-06	  1.1819e-07	  9888	  7.09808e-09
454	  4.05763	  0.90628	  1.3873e-06	  1.18693e-07	  10008	  7.12112e-09
455	  4.05763	  0.968758	  1.3873e-06	  1.10436e-07	  9978	  6.62735e-09
456	  4.69917	  0.030936	  9.60877e-07	  7.71331e-08	  13626	  4.51743e-09
457	  4.69917	  0.0938307	  9.60877e-07	  7.57346e-08	  16392	  4.37826e-09
458	  4.69917	  0.156319	  9.60877e-07	  7.51448e-08	  15708	  4.35681e-09
459	  4.69917	  0.218712	  9.60877e-07	  7.43188e-08	  15432	  4.3142e-09
460	  4.69917	  0.281224	  9.60877e-07	  7.37604e-08	  15780	  4.2752e-09
461	  4.69917	  0.343807	  9.60877e-07	  7.46854e-08	  15300	  4.33807e-09
462	  4.69917	  0.406302	  9.60877e-07	  7.55097e-08	  15588	  4.38028e-09
463	  4.69917	  0.468745	  9.60877e-07	  7.576e-08	  15396	  4.39857e-09
464	  4.69917	  0.531226	  9.60877e-07	  7.71043e-08	  15504	  4.47445e-09
465	  4.69917	  0.593785	  9.60877e-07	  7.64404e-08	  15660	  4.43286e-09
466	  4.69917	  0.656281	  9.60877e-07	  7.54226e-08	  15192	  4.38305e-09
467	  4.69917	  0.718743	  9.60877e-07	  7.40351e-08	  15600	  4.29451e-09
468	  4.69917	  0.781255	  9.60877e-07	  7.39055e-08	  15216	  4.29441e-09
469	  4.69917	  0.843774	  9.60877e-07	  7.15577e-08	  15516	  4.15235e-09
470	  4.69917	  0.90628	  9.60877e-07	  6.68506e-08	  15540	  3.87879e-09
471	  4.69917	  0.968758	  9.60877e-07	  6.45317e-08	  15405	  3.74651e-09
472	  5.4432	  0.030936	  6.6384e-07	  5.40236e-08	  26250	  3.03462e-09
473	  5.4432	  0.0938307	  6.6384e-07	  5.27446e-08	  22392	  2.98971e-09
474	  5.4432	  0.156319	  6.6384e-07	  5.21034e-08	  24516	  2.93794e-09
475	  5.4432	  0.218712	  6.6384e-07	  5.09613e-08	  23592	  2.87985e-09
476	  5.4432	  0.281224	  6.6384e-07	  5.06799e-08	  24264	  2.85935e-09
477	  5.4432	  0.343807	  6.6384e-07	  5.07185e-08	  23928	  2.8638e-09
478	  5.4432	  0.406302	  6.6384e-07	  4.94275e-08	  24120	  2.78963e-09
479	  5.4432	  0.468745	  6.6384e-07	  4.8716e-08	  23964	  2.7505e-09
480	  5.4432	  0.531226	  6.6384e-07	  4.82156e-08	  24060	  2.72162e-09
481	  5.4432	  0.593785	  6.6384e-07	  4.80581e-08	  24108	  2.71242e-09
482	  5.4432	  0.656281	  6.6384e-07	  4.64238e-08	  24228	  2.61944e-09
483	  5.4432	  0.718743	  6.6384e-07	  4.51422e-08	  24144	  2.54763e-09
484	  5.4432	  0.781255	  6.6384e-07	  4.25047e-08	  23940	  2.39995e-09
485	  5.4432	  0.843774	  6.6384e-07	  3.91668e-08	  24192	  2.21016e-09
486	  5.4432	  0.90628	  6.6384e-07	  3.73844e-08	  23988	  2.1106e-09
487	  5.4432	  0.968758	  6.6384e-07	  3.45887e-08	  24141	  1.95205e-09
488	  6.30378	  0.030936	  4.57865e-07	  3.73686e-08	  35082	  2.06794e-09
489	  6.30378	  0.0938307	  4.57865e-07	  3.58723e-08	  39108	  1.97501e-09
490	  6.30378	  0.156319	  4.57865e-07	  3.51535e-08	  36924	  1.94062e-09
491	  6.30378	  0.218712	  4.57865e-07	  3.43537e-08	  37692	  1.89463e-09
492	  6.30378	  0.281224	  4.57865e-07	  3.31459e-08	  37092	  1.8294e-09
493	  6.30378	  0.343807	  4.57865e-07	  3.27857e-08	  37536	  1.80851e-09
494	  6.30378	  0.406302	  4.57865e-07	  3.21511e-08	  36984	  1.77473e-09
495	  6.30378	  0.468745	  4.57865e-07	  3.10105e-08	  37428	  1.71082e-09
496	  6.30378	  0.531226	  4.57865e-07	  2.9993e-08	  37392	  1.65476e-09
497	  6.30378	  0.593785	  4.57865e-07	  2.8581e-08	  37200	  1.57724e-09
498	  6.30378	  0.656281	  4.57865e-07	  2.69966e-08	  36924	  1.49032e-09
499	  6.30378	  0.718743	  4.57865e-07	  2.53405e-08	  37272	  1.39828e-09
500	  6.30378	  0.781255	  4.57865e-07	  2.33908e-08	  37284	  1.29068e-09
501	  6.30378	  0.843774	  4.57865e-07	  2.13172e-08	  37188	  1.1764e-09
502	  6.30378	  0.90628	  4.57865e-07	  1.94614e-08	  37320	  1.07381e-09
503	  6.30378	  0.968758	  4.57865e-07	  1.71168e-08	  37119	  9.44684e-10
504	  7.30029	  0.030936	  3.15016e-07	  2.49532e-08	  60258	  1.34931e-09
505	  7.30029	  0.0938307	  3.15016e-07	  2.40177e-08	  56916	  1.30156e-09
506	  7.30029	  0.156319	  3.15016e-07	  2.33459e-08	  56820	  1.26523e-09
507	  7.30029	  0.218712	  3.15016e-07	  2.25982e-08	  58716	  1.22317e-09
508	  7.30029	  0.281224	  3.15016e-07	  2.17732e-08	  57840	  1.17919e-09
509	  7.30029	  0.343807	  3.15016e-07	  2.05992e-08	  57612	  1.11578e-09
510	  7.30029	  0.406302	  3.15016e-07	  1.98078e-08	  58464	  1.07231e-09
511	  7.30029	  0.468745	  3.15016e-07	  1.87014e-08	  57948	  1.01276e-09
512	  7.30029	  0.531226	  3.15016e-07	  1.76793e-08	  57708	  9.57561e-10
513	  7.30029	  0.593785	  3.15016e-07	  1.61757e-08	  58236	  8.75817e-10
514	  7.30029	  0.656281	  3.15016e-07	  1.49251e-08	  58008	  8.08226e-10
515	  7.30029	  0.718743	  3.15016e-07	  1.35012e-08	  58200	  7.31022e-10
516	  7.30029	  0.781255	  3.15016e-07	  1.19349e-08	  58128	  6.46246e-10
517	  7.30029	  0.843774	  3.15016e-07	  1.05565e-08	  57972	  5.71668e-10
518	  7.30029	  0.90628	  3.15016e-07	  9.28456e-09	  57960	  5.02794e-10
519	  7.30029	  0.968758	  3.15016e-07	  8.00341e-09	  58122	  4.33368e-10
520	  8.455	  0.030936	  2.16353e-07	  1.62699e-08	  90198	  8.67669e-10
521	  8.455	  0.0938307	  2.16353e-07	  1.56644e-08	  89292	  8.35639e-10
522	  8.455	  0.156319	  2.16353e-07	  1.51273e-08	  90804	  8.06568e-10
523	  8.455	  0.218712	  2.16353e-07	  1.42371e-08	  89628	  7.59411e-10
524	  8.455	  0.281224	  2.16353e-07	  1.34612e-08	  89844	  7.17969e-10
525	  8.455	  0.343807	  2.16353e-07	  1.25817e-08	  90636	  6.70878e-10
526	  8.455	  0.406302	  2.16353e-07	  1.16899e-08	  89628	  6.2354e-10
527	  8.455	  0.468745	  2.16353e-07	  1.07649e-08	  89772	  5.74172e-10
528	  8.455	  0.531226	  2.16353e-07	  9.76341e-09	  90324	  5.20657e-10
529	  8.455	  0.593785	  2.16353e-07	  8.60157e-09	  89784	  4.58785e-10
530	  8.455	  0.656281	  2.16353e-07	  7.56955e-09	  90216	  4.03679e-10
531	  8.455	  0.718743	  2.16353e-07	  6.62333e-09	  89796	  3.53269e-10
532	  8.455	  0.781255	  2.16353e-07	  5.67828e-09	  90120	  3.02829e-10
533	  8.455	  0.843774	  2.16353e-07	  4.8538e-09	  90132	  2.58858e-10
534	  8.455	  0.90628	  2.16353e-07	  4.12168e-09	  89916	  2.1983e-10
535	  8.455	  0.968758	  2.16353e-07	  3.40834e-09	  89964	  1.8178e-10
536	  9.79129	  0.030936	  1.48293e-07	  1.03235e-08	  139068	  5.43859e-10
537	  9.79129	  0.0938307	  1.48293e-07	  9.7776e-09	  141180	  5.14903e-10
538	  9.79129	  0.156319	  1.48293e-07	  9.30086e-09	  139380	  4.89956e-10
539	  9.79129	  0.218712	  1.48293e-07	  8.67908e-09	  138804	  4.57249e-10
540	  9.79129	  0.281224	  1.48293e-07	  8.00354e-09	  140952	  4.21495e-10
541	  9.79129	  0.343807	  1.48293e-07	  7.22033e-09	  139668	  3.80336e-10
542	  9.79129	  0.406302	  1.48293e-07	  6.46159e-09	  139464	  3.40382e-10
543	  9.79129	  0.468745	  1.48293e-07	  5.70389e-09	  139812	  3.00449e-10
544	  9.79129	  0.531226	  1.48293e-07	  4.9124e-09	  139884	  2.58754e-10
545	  9.79129	  0.593785	  1.48293e-07	  4.24214e-09	  140184	  2.23437e-10
546	  9.79129	  0.656281	  1.48293e-07	  3.59162e-09	  139404	  1.892e-10
547	  9.79129	  0.718743	  1.48293e-07	  3.01033e-09	  139932	  1.58564e-10
548	  9.79129	  0.781255	  1.48293e-07	  2.49406e-09	  139980	  1.31369e-10
549	  9.79129	  0.843774	  1.48293e-07	  2.03683e-09	  139632	  1.07292e-10
550	  9.79129	  0.90628	  1.48293e-07	  1.67679e-09	  140088	  8.83194e-11
551	  9.79129	  0.968758	  1.48293e-07	  1.33162e-09	  139623	  7.01446e-11
