#n	   k	      mu	    PL	    Pf	     w	     err  
0	  0.10472	  1	  0.00306127	  0.000553682	  3	  0.000347353
1	  0.20944	  1	  0.0010874	  0.000160161	  3	  0.000100477
2	  0.314159	  1	  0.000509336	  0.00014601	  3	  9.15991e-05
3	  0.418879	  1	  0.00028546	  2.52532e-05	  3	  1.58426e-05
4	  0.523599	  1	  0.000180467	  9.10324e-06	  3	  5.71092e-06
5	  0.628319	  1	  0.000122281	  4.84565e-05	  3	  3.03992e-05
6	  0.733038	  1	  8.74227e-05	  2.04045e-05	  3	  1.28008e-05
7	  0.837758	  1	  6.50738e-05	  1.56617e-05	  3	  9.82536e-06
8	  0.942478	  1	  4.99708e-05	  2.49413e-06	  3	  1.56469e-06
9	  0.10472	  0	  0.00306127	  9.64913e-05	  6	  4.4217e-05
10	  0.148096	  0.707107	  0.00194673	  0.000136457	  12	  4.62146e-05
11	  0.23416	  0.894427	  0.000861366	  0.00016268	  12	  5.50958e-05
12	  0.331153	  0.948683	  0.000461248	  6.76914e-05	  12	  2.29254e-05
13	  0.431771	  0.970143	  0.000268642	  3.42061e-05	  12	  1.15847e-05
14	  0.533968	  0.980581	  0.000173094	  2.25712e-05	  12	  7.64431e-06
15	  0.636985	  0.986394	  0.000118696	  1.52966e-05	  12	  5.18059e-06
16	  0.74048	  0.989949	  8.55312e-05	  1.77579e-05	  12	  6.01416e-06
17	  0.844278	  0.992278	  6.3942e-05	  9.97194e-06	  12	  3.37725e-06
18	  0.948278	  0.993884	  4.92751e-05	  9.34912e-06	  12	  3.16631e-06
19	  0.148096	  0	  0.00194673	  5.44547e-05	  6	  2.49538e-05
20	  0.18138	  0.57735	  0.00138108	  7.49194e-05	  12	  2.53733e-05
21	  0.25651	  0.816497	  0.000758093	  8.18667e-05	  12	  2.77262e-05
22	  0.347316	  0.904534	  0.00041546	  4.54987e-05	  12	  1.54093e-05
23	  0.444288	  0.942809	  0.000253958	  2.72737e-05	  12	  9.23692e-06
24	  0.54414	  0.96225	  0.000166222	  2.78491e-05	  12	  9.43179e-06
25	  0.645536	  0.973329	  0.000115357	  1.5614e-05	  12	  5.28807e-06
26	  0.747849	  0.980196	  8.36612e-05	  1.18168e-05	  12	  4.00207e-06
27	  0.850747	  0.984732	  6.28792e-05	  1.22754e-05	  12	  4.15736e-06
28	  0.954042	  0.987878	  4.86063e-05	  8.48926e-06	  12	  2.8751e-06
29	  0.20944	  0	  0.0010874	  3.24813e-05	  6	  1.48845e-05
30	  0.23416	  0.447214	  0.000861366	  5.2528e-05	  12	  1.77899e-05
31	  0.296192	  0.707107	  0.000560902	  6.09729e-05	  12	  2.065e-05
32	  0.377572	  0.83205	  0.000353507	  4.25102e-05	  12	  1.43971e-05
33	  0.468321	  0.894427	  0.000227855	  3.42768e-05	  12	  1.16087e-05
34	  0.563933	  0.928477	  0.000154074	  1.21218e-05	  12	  4.10534e-06
35	  0.662306	  0.948683	  0.000109103	  1.36177e-05	  12	  4.61199e-06
36	  0.762371	  0.961524	  8.01954e-05	  1.14274e-05	  12	  3.87016e-06
37	  0.863541	  0.970143	  6.0809e-05	  4.50967e-06	  12	  1.52731e-06
38	  0.965468	  0.976187	  4.73186e-05	  6.3399e-06	  12	  2.14716e-06
39	  0.23416	  0	  0.000861366	  3.41967e-05	  12	  1.15816e-05
40	  0.25651	  0.408248	  0.000758093	  3.34453e-05	  24	  8.49926e-06
41	  0.314159	  0.666667	  0.000509336	  4.46256e-05	  24	  1.13404e-05
42	  0.391825	  0.801784	  0.00032913	  3.14238e-05	  24	  7.98555e-06
43	  0.479886	  0.872872	  0.00021626	  3.80417e-05	  24	  9.66731e-06
44	  0.573574	  0.912871	  0.000148705	  1.66427e-05	  24	  4.2293e-06
45	  0.670534	  0.937043	  0.000106245	  1.14667e-05	  24	  2.91396e-06
46	  0.76953	  0.952579	  7.85788e-05	  1.11572e-05	  24	  2.83531e-06
47	  0.869868	  0.963087	  5.98331e-05	  9.41973e-06	  24	  2.39378e-06
48	  0.971131	  0.970495	  4.66877e-05	  7.02785e-06	  24	  1.78595e-06
49	  0.296192	  0	  0.000560902	  1.93871e-05	  6	  8.88413e-06
50	  0.314159	  0.333333	  0.000509336	  2.4886e-05	  12	  8.42826e-06
51	  0.36276	  0.57735	  0.000380271	  2.12934e-05	  12	  7.21155e-06
52	  0.431771	  0.727607	  0.000268642	  2.62311e-05	  12	  8.88384e-06
53	  0.51302	  0.816497	  0.000188322	  2.39862e-05	  12	  8.12353e-06
54	  0.601569	  0.870388	  0.000134274	  1.70995e-05	  12	  5.79118e-06
55	  0.694632	  0.904534	  9.83796e-05	  1.66891e-05	  12	  5.65218e-06
56	  0.790617	  0.927173	  7.40102e-05	  8.462e-06	  12	  2.86587e-06
57	  0.888577	  0.942809	  5.7047e-05	  7.6143e-06	  12	  2.57877e-06
58	  0.987924	  0.953998	  4.49132e-05	  4.03995e-06	  12	  1.36823e-06
59	  0.314159	  0	  0.000509336	  2.45954e-05	  6	  1.12708e-05
60	  0.331153	  0.316228	  0.000461248	  2.12686e-05	  12	  7.20315e-06
61	  0.377572	  0.5547	  0.000353507	  2.76258e-05	  12	  9.35618e-06
62	  0.444288	  0.707107	  0.000253958	  1.53759e-05	  12	  5.20743e-06
63	  0.523599	  0.8	  0.000180467	  2.26882e-05	  12	  7.68392e-06
64	  0.610616	  0.857493	  0.000130032	  8.4865e-06	  12	  2.87417e-06
65	  0.702481	  0.894427	  9.59862e-05	  9.93398e-06	  12	  3.36439e-06
66	  0.797522	  0.919145	  7.25949e-05	  9.61184e-06	  12	  3.25529e-06
67	  0.894726	  0.936329	  5.61554e-05	  4.45374e-06	  12	  1.50837e-06
68	  0.993459	  0.948683	  4.43525e-05	  6.17194e-06	  12	  2.09028e-06
69	  0.331153	  0	  0.000461248	  1.55436e-05	  12	  5.26423e-06
70	  0.347316	  0.301511	  0.00041546	  1.47255e-05	  24	  3.7421e-06
71	  0.391825	  0.534522	  0.00032913	  1.47373e-05	  24	  3.74511e-06
72	  0.456463	  0.688247	  0.000240494	  2.66482e-05	  24	  6.77195e-06
73	  0.533968	  0.784465	  0.000173094	  1.37126e-05	  24	  3.4847e-06
74	  0.61953	  0.845154	  0.000126056	  1.08491e-05	  24	  2.75701e-06
75	  0.710244	  0.884652	  9.37219e-05	  1.50591e-05	  24	  3.82689e-06
76	  0.804368	  0.911322	  7.12372e-05	  9.74072e-06	  24	  2.47535e-06
77	  0.900833	  0.929981	  5.53169e-05	  6.6777e-06	  24	  1.69696e-06
78	  0.998963	  0.943456	  4.38063e-05	  4.75896e-06	  24	  1.20937e-06
79	  0.377572	  0	  0.000353507	  1.33114e-05	  12	  4.50823e-06
80	  0.391825	  0.267261	  0.00032913	  9.67388e-06	  24	  2.45837e-06
81	  0.431771	  0.485071	  0.000268642	  1.77923e-05	  24	  4.52146e-06
82	  0.491179	  0.639602	  0.000205912	  1.17263e-05	  24	  2.97993e-06
83	  0.563933	  0.742781	  0.000154074	  1.58243e-05	  24	  4.02133e-06
84	  0.645536	  0.811107	  0.000115357	  1.2871e-05	  24	  3.27084e-06
85	  0.733038	  0.857143	  8.74227e-05	  1.12469e-05	  24	  2.85812e-06
86	  0.824564	  0.889001	  6.74072e-05	  5.15971e-06	  24	  1.31121e-06
87	  0.918912	  0.911685	  5.29003e-05	  7.28458e-06	  24	  1.85119e-06
88	  0.418879	  0	  0.00028546	  3.52836e-06	  6	  1.61687e-06
89	  0.431771	  0.242536	  0.000268642	  7.35908e-06	  12	  2.49234e-06
90	  0.468321	  0.447214	  0.000227855	  1.3083e-05	  12	  4.4309e-06
91	  0.523599	  0.6	  0.000180467	  1.24597e-05	  12	  4.2198e-06
92	  0.592384	  0.707107	  0.000138819	  5.27546e-06	  12	  1.78667e-06
93	  0.670534	  0.780869	  0.000106245	  1.25766e-05	  12	  4.2594e-06
94	  0.755145	  0.83205	  8.19187e-05	  7.54317e-06	  12	  2.55468e-06
95	  0.844278	  0.868243	  6.3942e-05	  7.21548e-06	  12	  2.4437e-06
96	  0.936642	  0.894427	  5.06708e-05	  4.24623e-06	  12	  1.43809e-06
97	  0.431771	  0	  0.000268642	  7.38075e-06	  12	  2.49968e-06
98	  0.444288	  0.235702	  0.000253958	  4.32292e-06	  24	  1.09856e-06
99	  0.479886	  0.436436	  0.00021626	  1.54446e-05	  24	  3.92484e-06
100	  0.533968	  0.588348	  0.000173094	  8.41126e-06	  24	  2.1375e-06
101	  0.601569	  0.696311	  0.000134274	  7.24632e-06	  24	  1.84147e-06
102	  0.678662	  0.771517	  0.000103483	  6.89334e-06	  24	  1.75176e-06
103	  0.762371	  0.824163	  8.01954e-05	  1.07471e-05	  24	  2.73109e-06
104	  0.850747	  0.86164	  6.28792e-05	  8.66437e-06	  24	  2.20183e-06
105	  0.942478	  0.888889	  4.99708e-05	  7.18217e-06	  24	  1.82516e-06
106	  0.444288	  0	  0.000253958	  6.92621e-06	  6	  3.17392e-06
107	  0.456463	  0.229416	  0.000240494	  1.18517e-05	  12	  4.01387e-06
108	  0.491179	  0.426401	  0.000205912	  1.01161e-05	  12	  3.42609e-06
109	  0.54414	  0.57735	  0.000166222	  3.80119e-06	  12	  1.28737e-06
110	  0.610616	  0.685994	  0.000130032	  1.29827e-05	  12	  4.39691e-06
111	  0.686693	  0.762493	  0.000100876	  8.10451e-06	  12	  2.7448e-06
112	  0.76953	  0.816497	  7.85788e-05	  7.14876e-06	  12	  2.42111e-06
113	  0.857168	  0.855186	  6.18245e-05	  4.02967e-06	  12	  1.36475e-06
114	  0.948278	  0.883452	  4.92751e-05	  3.42091e-06	  12	  1.15858e-06
115	  0.468321	  0	  0.000227855	  8.509e-06	  12	  2.88179e-06
116	  0.479886	  0.218218	  0.00021626	  1.18415e-05	  24	  3.00921e-06
117	  0.51302	  0.408248	  0.000188322	  1.20726e-05	  24	  3.06794e-06
118	  0.563933	  0.557086	  0.000154074	  1.09062e-05	  24	  2.77153e-06
119	  0.628319	  0.666667	  0.000122281	  8.28541e-06	  24	  2.10552e-06
120	  0.702481	  0.745356	  9.59862e-05	  9.4971e-06	  24	  2.41344e-06
121	  0.783651	  0.801784	  7.54794e-05	  7.67034e-06	  24	  1.94922e-06
122	  0.869868	  0.842701	  5.98331e-05	  5.06407e-06	  24	  1.2869e-06
123	  0.959772	  0.872872	  4.79605e-05	  4.92947e-06	  24	  1.2527e-06
124	  0.523599	  0	  0.000180467	  6.17442e-06	  18	  1.76405e-06
125	  0.533968	  0.196116	  0.000173094	  5.97836e-06	  36	  1.29531e-06
126	  0.563933	  0.371391	  0.000154074	  5.52589e-06	  36	  1.19728e-06
127	  0.610616	  0.514496	  0.000130032	  6.46868e-06	  36	  1.40155e-06
128	  0.670534	  0.624695	  0.000106245	  6.84925e-06	  36	  1.484e-06
129	  0.74048	  0.707107	  8.55312e-05	  7.07663e-06	  36	  1.53327e-06
130	  0.817887	  0.768221	  6.86491e-05	  6.1038e-06	  36	  1.32249e-06
131	  0.900833	  0.813733	  5.53169e-05	  5.88e-06	  36	  1.274e-06
132	  0.987924	  0.847998	  4.49132e-05	  4.79958e-06	  36	  1.03991e-06
133	  0.533968	  0	  0.000173094	  5.80221e-06	  12	  1.96506e-06
134	  0.54414	  0.19245	  0.000166222	  7.99117e-06	  24	  2.03075e-06
135	  0.573574	  0.365148	  0.000148705	  6.06535e-06	  24	  1.54135e-06
136	  0.61953	  0.507093	  0.000126056	  7.18159e-06	  24	  1.82502e-06
137	  0.678662	  0.617213	  0.000103483	  6.44956e-06	  24	  1.63899e-06
138	  0.747849	  0.70014	  8.36612e-05	  6.37867e-06	  24	  1.62097e-06
139	  0.824564	  0.762001	  6.74072e-05	  2.77327e-06	  24	  7.04755e-07
140	  0.9069	  0.80829	  5.44911e-05	  5.60639e-06	  24	  1.42472e-06
141	  0.993459	  0.843274	  4.43525e-05	  4.06998e-06	  24	  1.03428e-06
142	  0.563933	  0	  0.000154074	  2.51004e-06	  12	  8.50087e-07
143	  0.573574	  0.182574	  0.000148705	  4.87408e-06	  24	  1.23862e-06
144	  0.601569	  0.348155	  0.000134274	  5.77649e-06	  24	  1.46795e-06
145	  0.645536	  0.486664	  0.000115357	  6.53105e-06	  24	  1.6597e-06
146	  0.702481	  0.596285	  9.59862e-05	  6.64303e-06	  24	  1.68815e-06
147	  0.76953	  0.680414	  7.85788e-05	  3.9178e-06	  24	  9.95607e-07
148	  0.844278	  0.744208	  6.3942e-05	  6.51555e-06	  24	  1.65576e-06
149	  0.92486	  0.792594	  5.21404e-05	  4.95216e-06	  24	  1.25846e-06
150	  0.592384	  0	  0.000138819	  1.64832e-06	  6	  7.55339e-07
151	  0.601569	  0.174078	  0.000134274	  3.5369e-06	  12	  1.19786e-06
152	  0.628319	  0.333333	  0.000122281	  4.80983e-06	  12	  1.62897e-06
153	  0.670534	  0.468521	  0.000106245	  4.12606e-06	  12	  1.3974e-06
154	  0.72552	  0.57735	  8.94525e-05	  7.24321e-06	  12	  2.4531e-06
155	  0.790617	  0.662266	  7.40102e-05	  5.55044e-06	  12	  1.8798e-06
156	  0.863541	  0.727607	  6.0809e-05	  4.2969e-06	  12	  1.45525e-06
157	  0.942478	  0.777778	  4.99708e-05	  3.73915e-06	  12	  1.26636e-06
158	  0.610616	  0	  0.000130032	  4.07562e-06	  12	  1.38031e-06
159	  0.61953	  0.169031	  0.000126056	  4.14668e-06	  24	  1.05377e-06
160	  0.645536	  0.324443	  0.000115357	  5.1055e-06	  24	  1.29743e-06
161	  0.686693	  0.457496	  0.000100876	  5.1717e-06	  24	  1.31425e-06
162	  0.74048	  0.565685	  8.55312e-05	  4.85664e-06	  24	  1.23419e-06
163	  0.804368	  0.650945	  7.12372e-05	  6.15509e-06	  24	  1.56416e-06
164	  0.876148	  0.717137	  5.88643e-05	  5.62755e-06	  24	  1.4301e-06
165	  0.954042	  0.76835	  4.86063e-05	  4.40647e-06	  24	  1.11979e-06
166	  0.628319	  0	  0.000122281	  1.08348e-05	  6	  4.96504e-06
167	  0.636985	  0.164399	  0.000118696	  6.11377e-06	  12	  2.07058e-06
168	  0.662306	  0.316228	  0.000109103	  3.89672e-06	  12	  1.31972e-06
169	  0.702481	  0.447214	  9.59862e-05	  2.23301e-06	  12	  7.56264e-07
170	  0.755145	  0.5547	  8.19187e-05	  3.07483e-06	  12	  1.04137e-06
171	  0.817887	  0.640184	  6.86491e-05	  3.67157e-06	  12	  1.24347e-06
172	  0.888577	  0.707107	  5.7047e-05	  3.70236e-06	  12	  1.2539e-06
173	  0.965468	  0.759257	  4.73186e-05	  4.58579e-06	  12	  1.55309e-06
174	  0.636985	  0	  0.000118696	  6.10877e-06	  12	  2.06889e-06
175	  0.645536	  0.162221	  0.000115357	  3.20483e-06	  24	  8.14424e-07
176	  0.670534	  0.312348	  0.000106245	  3.38177e-06	  24	  8.5939e-07
177	  0.710244	  0.442326	  9.37219e-05	  4.63499e-06	  24	  1.17786e-06
178	  0.762371	  0.549442	  8.01954e-05	  6.05065e-06	  24	  1.53762e-06
179	  0.824564	  0.635001	  6.74072e-05	  3.01094e-06	  24	  7.65152e-07
180	  0.894726	  0.702247	  5.61554e-05	  3.12277e-06	  24	  7.93571e-07
181	  0.971131	  0.754829	  4.66877e-05	  4.12639e-06	  24	  1.04862e-06
182	  0.662306	  0	  0.000109103	  3.42703e-06	  12	  1.16065e-06
183	  0.670534	  0.156174	  0.000106245	  3.25694e-06	  24	  8.27667e-07
184	  0.694632	  0.301511	  9.83796e-05	  3.14452e-06	  24	  7.99098e-07
185	  0.733038	  0.428571	  8.74227e-05	  5.0857e-06	  24	  1.2924e-06
186	  0.783651	  0.534522	  7.54794e-05	  3.69495e-06	  24	  9.38975e-07
187	  0.844278	  0.620174	  6.3942e-05	  3.73138e-06	  24	  9.48233e-07
188	  0.912926	  0.688247	  5.36709e-05	  2.96421e-06	  24	  7.53279e-07
189	  0.987924	  0.741999	  4.49132e-05	  3.35738e-06	  24	  8.53191e-07
190	  0.670534	  0	  0.000106245	  3.78922e-06	  12	  1.28332e-06
191	  0.678662	  0.154303	  0.000103483	  2.84306e-06	  24	  7.22489e-07
192	  0.702481	  0.298142	  9.59862e-05	  4.32036e-06	  24	  1.09791e-06
193	  0.74048	  0.424264	  8.55312e-05	  3.65767e-06	  24	  9.29501e-07
194	  0.790617	  0.529813	  7.40102e-05	  3.68468e-06	  24	  9.36365e-07
195	  0.850747	  0.615457	  6.28792e-05	  2.81967e-06	  24	  7.16546e-07
196	  0.918912	  0.683763	  5.29003e-05	  4.315e-06	  24	  1.09655e-06
197	  0.993459	  0.737865	  4.43525e-05	  3.59393e-06	  24	  9.13305e-07
198	  0.702481	  0	  9.59862e-05	  1.88495e-06	  12	  6.38387e-07
199	  0.710244	  0.147442	  9.37219e-05	  3.57462e-06	  24	  9.08397e-07
200	  0.733038	  0.285714	  8.74227e-05	  4.58097e-06	  24	  1.16413e-06
201	  0.76953	  0.408248	  7.85788e-05	  3.83941e-06	  24	  9.75687e-07
202	  0.817887	  0.512148	  6.86491e-05	  5.26003e-06	  24	  1.3367e-06
203	  0.876148	  0.597614	  5.88643e-05	  4.16627e-06	  24	  1.05875e-06
204	  0.942478	  0.666667	  4.99708e-05	  3.67055e-06	  24	  9.32775e-07
205	  0.733038	  0	  8.74227e-05	  2.43616e-06	  6	  1.11637e-06
206	  0.74048	  0.141421	  8.55312e-05	  2.76846e-06	  12	  9.37609e-07
207	  0.762371	  0.274721	  8.01954e-05	  2.56275e-06	  12	  8.67939e-07
208	  0.797522	  0.393919	  7.25949e-05	  3.50182e-06	  12	  1.18598e-06
209	  0.844278	  0.496139	  6.3942e-05	  4.15364e-06	  12	  1.40673e-06
210	  0.900833	  0.581238	  5.53169e-05	  4.17268e-06	  12	  1.41318e-06
211	  0.965468	  0.650791	  4.73186e-05	  3.40409e-06	  12	  1.15288e-06
212	  0.74048	  0	  8.55312e-05	  2.84515e-06	  18	  8.12867e-07
213	  0.747849	  0.140028	  8.36612e-05	  4.12951e-06	  36	  8.94727e-07
214	  0.76953	  0.272166	  7.85788e-05	  3.1961e-06	  36	  6.92488e-07
215	  0.804368	  0.390567	  7.12372e-05	  4.53254e-06	  36	  9.82051e-07
216	  0.850747	  0.492366	  6.28792e-05	  2.6448e-06	  36	  5.7304e-07
217	  0.9069	  0.57735	  5.44911e-05	  2.6129e-06	  36	  5.66128e-07
218	  0.971131	  0.646997	  4.66877e-05	  4.44865e-06	  36	  9.63874e-07
219	  0.755145	  0	  8.19187e-05	  1.88852e-06	  12	  6.39595e-07
220	  0.762371	  0.137361	  8.01954e-05	  3.76546e-06	  24	  9.56895e-07
221	  0.783651	  0.267261	  7.54794e-05	  3.384e-06	  24	  8.59956e-07
222	  0.817887	  0.384111	  6.86491e-05	  3.51453e-06	  24	  8.93126e-07
223	  0.863541	  0.485071	  6.0809e-05	  2.09826e-06	  24	  5.33219e-07
224	  0.918912	  0.569803	  5.29003e-05	  3.02837e-06	  24	  7.69581e-07
225	  0.982358	  0.639602	  4.55013e-05	  2.43327e-06	  24	  6.18353e-07
226	  0.762371	  0	  8.01954e-05	  1.66136e-06	  12	  5.62661e-07
227	  0.76953	  0.136083	  7.85788e-05	  3.82546e-06	  24	  9.72142e-07
228	  0.790617	  0.264906	  7.40102e-05	  2.70232e-06	  24	  6.86726e-07
229	  0.824564	  0.381	  6.74072e-05	  2.44884e-06	  24	  6.22309e-07
230	  0.869868	  0.481543	  5.98331e-05	  1.86138e-06	  24	  4.7302e-07
231	  0.92486	  0.566139	  5.21404e-05	  3.47741e-06	  24	  8.83694e-07
232	  0.987924	  0.635999	  4.49132e-05	  2.78665e-06	  24	  7.08154e-07
233	  0.797522	  0	  7.25949e-05	  3.08662e-06	  12	  1.04536e-06
234	  0.804368	  0.130189	  7.12372e-05	  3.49382e-06	  24	  8.87863e-07
235	  0.824564	  0.254	  6.74072e-05	  2.17669e-06	  24	  5.53148e-07
236	  0.857168	  0.366508	  6.18245e-05	  2.8359e-06	  24	  7.20671e-07
237	  0.900833	  0.464991	  5.53169e-05	  2.68806e-06	  24	  6.831e-07
238	  0.954042	  0.548821	  4.86063e-05	  3.02586e-06	  24	  7.68944e-07
239	  0.817887	  0	  6.86491e-05	  2.2997e-06	  12	  7.78851e-07
240	  0.824564	  0.127	  6.74072e-05	  2.26658e-06	  24	  5.75994e-07
241	  0.844278	  0.248069	  6.3942e-05	  2.35819e-06	  24	  5.99272e-07
242	  0.876148	  0.358569	  5.88643e-05	  3.15926e-06	  24	  8.02845e-07
243	  0.918912	  0.455842	  5.29003e-05	  2.66158e-06	  24	  6.76372e-07
244	  0.971131	  0.539164	  4.66877e-05	  3.4399e-06	  24	  8.74161e-07
245	  0.837758	  0	  6.50738e-05	  2.50892e-06	  6	  1.14971e-06
246	  0.844278	  0.124035	  6.3942e-05	  3.64642e-06	  12	  1.23495e-06
247	  0.863541	  0.242536	  6.0809e-05	  1.26958e-06	  12	  4.29974e-07
248	  0.894726	  0.351123	  5.61554e-05	  2.20469e-06	  12	  7.46674e-07
249	  0.936642	  0.447214	  5.06708e-05	  2.07035e-06	  12	  7.01177e-07
250	  0.987924	  0.529999	  4.49132e-05	  3.67072e-06	  12	  1.24318e-06
251	  0.844278	  0	  6.3942e-05	  3.09268e-06	  24	  7.85925e-07
252	  0.850747	  0.123091	  6.28792e-05	  2.56543e-06	  48	  4.98559e-07
253	  0.869868	  0.240772	  5.98331e-05	  2.20834e-06	  48	  4.29163e-07
254	  0.900833	  0.348743	  5.53169e-05	  2.58269e-06	  48	  5.01914e-07
255	  0.942478	  0.444444	  4.99708e-05	  2.50045e-06	  48	  4.8593e-07
256	  0.993459	  0.527046	  4.43525e-05	  2.71701e-06	  48	  5.28017e-07
257	  0.863541	  0	  6.0809e-05	  1.35091e-06	  12	  4.5752e-07
258	  0.869868	  0.120386	  5.98331e-05	  2.09733e-06	  24	  5.32982e-07
259	  0.888577	  0.235702	  5.7047e-05	  2.10088e-06	  24	  5.33883e-07
260	  0.918912	  0.341882	  5.29003e-05	  2.49274e-06	  24	  6.33465e-07
261	  0.959772	  0.436436	  4.79605e-05	  2.26561e-06	  24	  5.75746e-07
262	  0.888577	  0	  5.7047e-05	  2.26664e-06	  6	  1.03868e-06
263	  0.894726	  0.117041	  5.61554e-05	  1.60324e-06	  12	  5.42976e-07
264	  0.912926	  0.229416	  5.36709e-05	  2.19992e-06	  12	  7.45057e-07
265	  0.942478	  0.333333	  4.99708e-05	  2.33244e-06	  12	  7.89939e-07
266	  0.982358	  0.426401	  4.55013e-05	  2.25641e-06	  12	  7.64191e-07
267	  0.894726	  0	  5.61554e-05	  1.73382e-06	  12	  5.87203e-07
268	  0.900833	  0.116248	  5.53169e-05	  2.11951e-06	  24	  5.38619e-07
269	  0.918912	  0.227921	  5.29003e-05	  2.36694e-06	  24	  6.01497e-07
270	  0.948278	  0.331295	  4.92751e-05	  2.35414e-06	  24	  5.98243e-07
271	  0.987924	  0.423999	  4.49132e-05	  1.98085e-06	  24	  5.03381e-07
272	  0.900833	  0	  5.53169e-05	  2.501e-06	  12	  8.47027e-07
273	  0.9069	  0.11547	  5.44911e-05	  1.9228e-06	  24	  4.88631e-07
274	  0.92486	  0.226455	  5.21404e-05	  1.6116e-06	  24	  4.09547e-07
275	  0.954042	  0.329293	  4.86063e-05	  2.36886e-06	  24	  6.01985e-07
276	  0.993459	  0.421637	  4.43525e-05	  2.15029e-06	  24	  5.4644e-07
277	  0.936642	  0	  5.06708e-05	  1.46468e-06	  12	  4.9605e-07
278	  0.942478	  0.111111	  4.99708e-05	  1.95949e-06	  24	  4.97953e-07
279	  0.959772	  0.218218	  4.79605e-05	  1.60031e-06	  24	  4.06678e-07
280	  0.987924	  0.317999	  4.49132e-05	  1.65195e-06	  24	  4.19801e-07
281	  0.942478	  0	  4.99708e-05	  3.77661e-06	  6	  1.73062e-06
282	  0.948278	  0.110432	  4.92751e-05	  2.62657e-06	  12	  8.89553e-07
283	  0.965468	  0.21693	  4.73186e-05	  2.13883e-06	  12	  7.24367e-07
284	  0.993459	  0.316228	  4.43525e-05	  2.34438e-06	  12	  7.93984e-07
285	  0.948278	  0	  4.92751e-05	  2.44814e-06	  12	  8.29124e-07
286	  0.954042	  0.109764	  4.86063e-05	  1.69161e-06	  24	  4.29878e-07
287	  0.971131	  0.215666	  4.66877e-05	  1.36343e-06	  24	  3.4648e-07
288	  0.998963	  0.314485	  4.38063e-05	  1.8346e-06	  24	  4.66215e-07
289	  0.965468	  0	  4.73186e-05	  1.52254e-06	  24	  3.86914e-07
290	  0.971131	  0.107833	  4.66877e-05	  1.91668e-06	  48	  3.72484e-07
291	  0.987924	  0.212	  4.49132e-05	  1.97121e-06	  48	  3.83081e-07
292	  0.987924	  0	  4.49132e-05	  1.87404e-06	  12	  6.3469e-07
293	  0.993459	  0.105409	  4.43525e-05	  1.92054e-06	  24	  4.88056e-07
294	  0.993459	  0	  4.43525e-05	  1.53841e-06	  12	  5.21021e-07
295	  0.998963	  0.104828	  4.38063e-05	  1.47998e-06	  24	  3.76098e-07
296	  1.08818	  0.030936	  3.60508e-05	  1.45104e-06	  138	  1.96073e-07
297	  1.08818	  0.0938307	  3.60508e-05	  1.32413e-06	  252	  1.49618e-07
298	  1.08818	  0.156319	  3.60508e-05	  1.20783e-06	  72	  2.02735e-07
299	  1.08818	  0.218712	  3.60508e-05	  1.36073e-06	  216	  1.60623e-07
300	  1.08818	  0.281224	  3.60508e-05	  1.60746e-06	  288	  1.75094e-07
301	  1.08818	  0.343807	  3.60508e-05	  1.5043e-06	  120	  2.12538e-07
302	  1.08818	  0.406302	  3.60508e-05	  2.06779e-06	  180	  2.57513e-07
303	  1.08818	  0.468745	  3.60508e-05	  2.06656e-06	  180	  2.5736e-07
304	  1.08818	  0.531226	  3.60508e-05	  2.23997e-06	  192	  2.73654e-07
305	  1.08818	  0.593785	  3.60508e-05	  2.90468e-06	  192	  3.54862e-07
306	  1.08818	  0.656281	  3.60508e-05	  2.46761e-06	  168	  3.13761e-07
307	  1.08818	  0.718743	  3.60508e-05	  3.04901e-06	  228	  3.54376e-07
308	  1.08818	  0.781255	  3.60508e-05	  3.97771e-06	  144	  5.30361e-07
309	  1.08818	  0.843774	  3.60508e-05	  3.51047e-06	  240	  4.02123e-07
310	  1.08818	  0.90628	  3.60508e-05	  4.81754e-06	  168	  6.12558e-07
311	  1.08818	  0.968758	  3.60508e-05	  4.70148e-06	  150	  6.18948e-07
312	  1.25577	  0.030936	  2.59292e-05	  1.09219e-06	  198	  1.32228e-07
313	  1.25577	  0.0938307	  2.59292e-05	  1.14028e-06	  396	  1.14315e-07
314	  1.25577	  0.156319	  2.59292e-05	  1.08917e-06	  396	  1.09191e-07
315	  1.25577	  0.218712	  2.59292e-05	  1.03539e-06	  204	  1.24262e-07
316	  1.25577	  0.281224	  2.59292e-05	  1.22109e-06	  216	  1.4414e-07
317	  1.25577	  0.343807	  2.59292e-05	  1.22396e-06	  372	  1.24657e-07
318	  1.25577	  0.406302	  2.59292e-05	  1.36466e-06	  312	  1.45491e-07
319	  1.25577	  0.468745	  2.59292e-05	  1.3839e-06	  288	  1.50742e-07
320	  1.25577	  0.531226	  2.59292e-05	  1.80486e-06	  264	  2.01324e-07
321	  1.25577	  0.593785	  2.59292e-05	  1.64136e-06	  312	  1.74992e-07
322	  1.25577	  0.656281	  2.59292e-05	  1.87468e-06	  276	  2.06577e-07
323	  1.25577	  0.718743	  2.59292e-05	  2.05568e-06	  312	  2.19164e-07
324	  1.25577	  0.781255	  2.59292e-05	  2.34324e-06	  276	  2.58209e-07
325	  1.25577	  0.843774	  2.59292e-05	  2.57965e-06	  240	  2.95498e-07
326	  1.25577	  0.90628	  2.59292e-05	  2.96971e-06	  324	  3.13469e-07
327	  1.25577	  0.968758	  2.59292e-05	  3.31124e-06	  315	  3.52129e-07
328	  1.45182	  0.030936	  1.84965e-05	  7.73227e-07	  246	  8.79606e-08
329	  1.45182	  0.0938307	  1.84965e-05	  7.0826e-07	  516	  6.65924e-08
330	  1.45182	  0.156319	  1.84965e-05	  7.81764e-07	  504	  7.39107e-08
331	  1.45182	  0.218712	  1.84965e-05	  7.62273e-07	  528	  7.12873e-08
332	  1.45182	  0.281224	  1.84965e-05	  7.90434e-07	  504	  7.47304e-08
333	  1.45182	  0.343807	  1.84965e-05	  9.40552e-07	  384	  9.50249e-08
334	  1.45182	  0.406302	  1.84965e-05	  1.08123e-06	  420	  1.0682e-07
335	  1.45182	  0.468745	  1.84965e-05	  9.53554e-07	  468	  9.17557e-08
336	  1.45182	  0.531226	  1.84965e-05	  1.06655e-06	  480	  1.02009e-07
337	  1.45182	  0.593785	  1.84965e-05	  1.13373e-06	  468	  1.09093e-07
338	  1.45182	  0.656281	  1.84965e-05	  1.25323e-06	  396	  1.25639e-07
339	  1.45182	  0.718743	  1.84965e-05	  1.35636e-06	  456	  1.31335e-07
340	  1.45182	  0.781255	  1.84965e-05	  1.69036e-06	  432	  1.65845e-07
341	  1.45182	  0.843774	  1.84965e-05	  1.78529e-06	  480	  1.70752e-07
342	  1.45182	  0.90628	  1.84965e-05	  2.12001e-06	  480	  2.02765e-07
343	  1.45182	  0.968758	  1.84965e-05	  2.21408e-06	  414	  2.1952e-07
344	  1.68148	  0.030936	  1.3092e-05	  5.2746e-07	  798	  4.50449e-08
345	  1.68148	  0.0938307	  1.3092e-05	  5.97947e-07	  708	  5.23696e-08
346	  1.68148	  0.156319	  1.3092e-05	  5.40272e-07	  684	  4.76714e-08
347	  1.68148	  0.218712	  1.3092e-05	  6.01522e-07	  720	  5.24935e-08
348	  1.68148	  0.281224	  1.3092e-05	  5.99017e-07	  708	  5.24633e-08
349	  1.68148	  0.343807	  1.3092e-05	  6.3143e-07	  720	  5.51035e-08
350	  1.68148	  0.406302	  1.3092e-05	  6.91845e-07	  672	  6.12807e-08
351	  1.68148	  0.468745	  1.3092e-05	  7.75156e-07	  732	  6.74084e-08
352	  1.68148	  0.531226	  1.3092e-05	  7.97704e-07	  672	  7.06573e-08
353	  1.68148	  0.593785	  1.3092e-05	  8.23307e-07	  708	  7.21071e-08
354	  1.68148	  0.656281	  1.3092e-05	  8.58796e-07	  744	  7.44248e-08
355	  1.68148	  0.718743	  1.3092e-05	  1.08708e-06	  744	  9.4208e-08
356	  1.68148	  0.781255	  1.3092e-05	  1.14329e-06	  696	  1.00501e-07
357	  1.68148	  0.843774	  1.3092e-05	  1.25553e-06	  708	  1.09962e-07
358	  1.68148	  0.90628	  1.3092e-05	  1.40073e-06	  696	  1.23131e-07
359	  1.68148	  0.968758	  1.3092e-05	  1.49533e-06	  741	  1.29698e-07
360	  1.94819	  0.030936	  9.22078e-06	  3.90415e-07	  1368	  3.00764e-08
361	  1.94819	  0.0938307	  9.22078e-06	  3.8758e-07	  924	  3.21294e-08
362	  1.94819	  0.156319	  9.22078e-06	  4.20572e-07	  972	  3.45184e-08
363	  1.94819	  0.218712	  9.22078e-06	  4.35813e-07	  972	  3.57693e-08
364	  1.94819	  0.281224	  9.22078e-06	  4.01294e-07	  1200	  3.1649e-08
365	  1.94819	  0.343807	  9.22078e-06	  4.29944e-07	  1140	  3.42311e-08
366	  1.94819	  0.406302	  9.22078e-06	  4.70025e-07	  1080	  3.78036e-08
367	  1.94819	  0.468745	  9.22078e-06	  5.25928e-07	  1068	  4.23895e-08
368	  1.94819	  0.531226	  9.22078e-06	  5.10767e-07	  1164	  4.05092e-08
369	  1.94819	  0.593785	  9.22078e-06	  6.05092e-07	  1188	  4.78101e-08
370	  1.94819	  0.656281	  9.22078e-06	  6.22134e-07	  1068	  5.01437e-08
371	  1.94819	  0.718743	  9.22078e-06	  6.49171e-07	  1008	  5.29055e-08
372	  1.94819	  0.781255	  9.22078e-06	  7.52217e-07	  1164	  5.96587e-08
373	  1.94819	  0.843774	  9.22078e-06	  7.82189e-07	  1176	  6.19186e-08
374	  1.94819	  0.90628	  9.22078e-06	  8.70136e-07	  1080	  6.99842e-08
375	  1.94819	  0.968758	  9.22078e-06	  9.29094e-07	  1038	  7.52924e-08
376	  2.25604	  0.030936	  6.48115e-06	  2.87962e-07	  1896	  2.10114e-08
377	  2.25604	  0.0938307	  6.48115e-06	  2.90272e-07	  1272	  2.26524e-08
378	  2.25604	  0.156319	  6.48115e-06	  2.83912e-07	  2040	  2.04815e-08
379	  2.25604	  0.218712	  6.48115e-06	  3.01336e-07	  1740	  2.22908e-08
380	  2.25604	  0.281224	  6.48115e-06	  3.05289e-07	  1584	  2.29351e-08
381	  2.25604	  0.343807	  6.48115e-06	  3.13169e-07	  1764	  2.31149e-08
382	  2.25604	  0.406302	  6.48115e-06	  3.26592e-07	  1632	  2.4414e-08
383	  2.25604	  0.468745	  6.48115e-06	  3.52354e-07	  1860	  2.57877e-08
384	  2.25604	  0.531226	  6.48115e-06	  3.77367e-07	  1560	  2.84227e-08
385	  2.25604	  0.593785	  6.48115e-06	  3.95543e-07	  1692	  2.93931e-08
386	  2.25604	  0.656281	  6.48115e-06	  4.40884e-07	  1704	  3.27247e-08
387	  2.25604	  0.718743	  6.48115e-06	  4.57815e-07	  1824	  3.36103e-08
388	  2.25604	  0.781255	  6.48115e-06	  4.96471e-07	  1668	  3.69797e-08
389	  2.25604	  0.843774	  6.48115e-06	  5.29529e-07	  1680	  3.93956e-08
390	  2.25604	  0.90628	  6.48115e-06	  5.77e-07	  1776	  4.25416e-08
391	  2.25604	  0.968758	  6.48115e-06	  5.96255e-07	  1656	  4.44649e-08
392	  2.61216	  0.030936	  4.54319e-06	  2.13723e-07	  2586	  1.4889e-08
393	  2.61216	  0.0938307	  4.54319e-06	  2.07265e-07	  3036	  1.41249e-08
394	  2.61216	  0.156319	  4.54319e-06	  2.18055e-07	  2124	  1.56342e-08
395	  2.61216	  0.218712	  4.54319e-06	  2.11899e-07	  2940	  1.4503e-08
396	  2.61216	  0.281224	  4.54319e-06	  2.2354e-07	  2616	  1.55476e-08
397	  2.61216	  0.343807	  4.54319e-06	  2.31473e-07	  2448	  1.6252e-08
398	  2.61216	  0.406302	  4.54319e-06	  2.39569e-07	  2916	  1.64149e-08
399	  2.61216	  0.468745	  4.54319e-06	  2.49053e-07	  2544	  1.73904e-08
400	  2.61216	  0.531226	  4.54319e-06	  2.61966e-07	  2652	  1.81853e-08
401	  2.61216	  0.593785	  4.54319e-06	  2.71537e-07	  2748	  1.87567e-08
402	  2.61216	  0.656281	  4.54319e-06	  3.02743e-07	  2676	  2.09895e-08
403	  2.61216	  0.718743	  4.54319e-06	  2.97074e-07	  2472	  2.08288e-08
404	  2.61216	  0.781255	  4.54319e-06	  3.20777e-07	  2616	  2.23106e-08
405	  2.61216	  0.843774	  4.54319e-06	  3.31901e-07	  2736	  2.29403e-08
406	  2.61216	  0.90628	  4.54319e-06	  3.51178e-07	  2568	  2.44889e-08
407	  2.61216	  0.968758	  4.54319e-06	  3.56886e-07	  2745	  2.46561e-08
408	  3.02645	  0.030936	  3.16893e-06	  1.55526e-07	  3414	  1.04381e-08
409	  3.02645	  0.0938307	  3.16893e-06	  1.52235e-07	  4512	  9.87814e-09
410	  3.02645	  0.156319	  3.16893e-06	  1.4927e-07	  4632	  9.65676e-09
411	  3.02645	  0.218712	  3.16893e-06	  1.49671e-07	  3972	  9.85836e-09
412	  3.02645	  0.281224	  3.16893e-06	  1.55714e-07	  4176	  1.01953e-08
413	  3.02645	  0.343807	  3.16893e-06	  1.60873e-07	  4344	  1.04845e-08
414	  3.02645	  0.406302	  3.16893e-06	  1.68443e-07	  4044	  1.1071e-08
415	  3.02645	  0.468745	  3.16893e-06	  1.74958e-07	  4092	  1.14829e-08
416	  3.02645	  0.531226	  3.16893e-06	  1.89927e-07	  4296	  1.2394e-08
417	  3.02645	  0.593785	  3.16893e-06	  1.9037e-07	  3996	  1.253e-08
418	  3.02645	  0.656281	  3.16893e-06	  1.97919e-07	  4188	  1.29543e-08
419	  3.02645	  0.718743	  3.16893e-06	  2.10128e-07	  4212	  1.37441e-08
420	  3.02645	  0.781255	  3.16893e-06	  2.09081e-07	  4140	  1.37035e-08
421	  3.02645	  0.843774	  3.16893e-06	  2.14101e-07	  4128	  1.40374e-08
422	  3.02645	  0.90628	  3.16893e-06	  2.20347e-07	  4188	  1.44223e-08
423	  3.02645	  0.968758	  3.16893e-06	  2.17903e-07	  4128	  1.42867e-08
424	  3.50419	  0.030936	  2.20839e-06	  1.09653e-07	  7002	  6.79307e-09
425	  3.50419	  0.0938307	  2.20839e-06	  1.10887e-07	  6240	  6.94807e-09
426	  3.50419	  0.156319	  2.20839e-06	  1.05524e-07	  5964	  6.64261e-09
427	  3.50419	  0.218712	  2.20839e-06	  1.09271e-07	  6180	  6.85353e-09
428	  3.50419	  0.281224	  2.20839e-06	  1.12137e-07	  6420	  7.00639e-09
429	  3.50419	  0.343807	  2.20839e-06	  1.14871e-07	  6516	  7.16657e-09
430	  3.50419	  0.406302	  2.20839e-06	  1.17409e-07	  6312	  7.34826e-09
431	  3.50419	  0.468745	  2.20839e-06	  1.26953e-07	  6276	  7.95017e-09
432	  3.50419	  0.531226	  2.20839e-06	  1.24361e-07	  6360	  7.77742e-09
433	  3.50419	  0.593785	  2.20839e-06	  1.26505e-07	  6408	  7.90558e-09
434	  3.50419	  0.656281	  2.20839e-06	  1.36605e-07	  6360	  8.54315e-09
435	  3.50419	  0.718743	  2.20839e-06	  1.34039e-07	  6336	  8.38588e-09
436	  3.50419	  0.781255	  2.20839e-06	  1.32287e-07	  6372	  8.27159e-09
437	  3.50419	  0.843774	  2.20839e-06	  1.36934e-07	  6456	  8.55093e-09
438	  3.50419	  0.90628	  2.20839e-06	  1.3177e-07	  6360	  8.24079e-09
439	  3.50419	  0.968758	  2.20839e-06	  1.27359e-07	  6327	  7.96908e-09
440	  4.05763	  0.030936	  1.53462e-06	  7.82257e-08	  10392	  4.67865e-09
441	  4.05763	  0.0938307	  1.53462e-06	  7.56183e-08	  9420	  4.56003e-09
442	  4.05763	  0.156319	  1.53462e-06	  7.82547e-08	  10176	  4.68849e-09
443	  4.05763	  0.218712	  1.53462e-06	  7.85194e-08	  10260	  4.70115e-09
444	  4.05763	  0.281224	  1.53462e-06	  7.59007e-08	  9528	  4.57261e-09
445	  4.05763	  0.343807	  1.53462e-06	  7.82295e-08	  10140	  4.68835e-09
446	  4.05763	  0.406302	  1.53462e-06	  8.2082e-08	  9960	  4.92656e-09
447	  4.05763	  0.468745	  1.53462e-06	  8.20337e-08	  10068	  4.91924e-09
448	  4.05763	  0.531226	  1.53462e-06	  8.52579e-08	  9996	  5.11565e-09
449	  4.05763	  0.593785	  1.53462e-06	  8.33788e-08	  9828	  5.00999e-09
450	  4.05763	  0.656281	  1.53462e-06	  8.41692e-08	  10032	  5.04881e-09
451	  4.05763	  0.718743	  1.53462e-06	  8.34289e-08	  9924	  5.00893e-09
452	  4.05763	  0.781255	  1.53462e-06	  8.02356e-08	  10116	  4.80952e-09
453	  4.05763	  0.843774	  1.53462e-06	  7.94214e-08	  9888	  4.76977e-09
454	  4.05763	  0.90628	  1.53462e-06	  7.85385e-08	  10008	  4.712e-09
455	  4.05763	  0.968758	  1.53462e-06	  7.16969e-08	  9978	  4.30261e-09
456	  4.69917	  0.030936	  1.06291e-06	  5.51567e-08	  13626	  3.23035e-09
457	  4.69917	  0.0938307	  1.06291e-06	  5.53113e-08	  16392	  3.19758e-09
458	  4.69917	  0.156319	  1.06291e-06	  5.46375e-08	  15708	  3.16782e-09
459	  4.69917	  0.218712	  1.06291e-06	  5.37387e-08	  15432	  3.11952e-09
460	  4.69917	  0.281224	  1.06291e-06	  5.36409e-08	  15780	  3.10906e-09
461	  4.69917	  0.343807	  1.06291e-06	  5.43049e-08	  15300	  3.15427e-09
462	  4.69917	  0.406302	  1.06291e-06	  5.40418e-08	  15588	  3.13494e-09
463	  4.69917	  0.468745	  1.06291e-06	  5.4691e-08	  15396	  3.17532e-09
464	  4.69917	  0.531226	  1.06291e-06	  5.45964e-08	  15504	  3.16829e-09
465	  4.69917	  0.593785	  1.06291e-06	  5.32007e-08	  15660	  3.08517e-09
466	  4.69917	  0.656281	  1.06291e-06	  5.18651e-08	  15192	  3.01404e-09
467	  4.69917	  0.718743	  1.06291e-06	  5.06912e-08	  15600	  2.94042e-09
468	  4.69917	  0.781255	  1.06291e-06	  4.92775e-08	  15216	  2.86336e-09
469	  4.69917	  0.843774	  1.06291e-06	  4.67608e-08	  15516	  2.71344e-09
470	  4.69917	  0.90628	  1.06291e-06	  4.28132e-08	  15540	  2.4841e-09
471	  4.69917	  0.968758	  1.06291e-06	  4.02542e-08	  15405	  2.33704e-09
472	  5.4432	  0.030936	  7.34335e-07	  3.94235e-08	  26250	  2.2145e-09
473	  5.4432	  0.0938307	  7.34335e-07	  3.87736e-08	  22392	  2.19779e-09
474	  5.4432	  0.156319	  7.34335e-07	  3.82981e-08	  24516	  2.1595e-09
475	  5.4432	  0.218712	  7.34335e-07	  3.7196e-08	  23592	  2.10197e-09
476	  5.4432	  0.281224	  7.34335e-07	  3.72231e-08	  24264	  2.10012e-09
477	  5.4432	  0.343807	  7.34335e-07	  3.66827e-08	  23928	  2.07128e-09
478	  5.4432	  0.406302	  7.34335e-07	  3.56237e-08	  24120	  2.01056e-09
479	  5.4432	  0.468745	  7.34335e-07	  3.45884e-08	  23964	  1.95285e-09
480	  5.4432	  0.531226	  7.34335e-07	  3.38932e-08	  24060	  1.91316e-09
481	  5.4432	  0.593785	  7.34335e-07	  3.2902e-08	  24108	  1.857e-09
482	  5.4432	  0.656281	  7.34335e-07	  3.13632e-08	  24228	  1.76966e-09
483	  5.4432	  0.718743	  7.34335e-07	  2.98716e-08	  24144	  1.68583e-09
484	  5.4432	  0.781255	  7.34335e-07	  2.74595e-08	  23940	  1.55045e-09
485	  5.4432	  0.843774	  7.34335e-07	  2.49026e-08	  24192	  1.40524e-09
486	  5.4432	  0.90628	  7.34335e-07	  2.33216e-08	  23988	  1.31666e-09
487	  5.4432	  0.968758	  7.34335e-07	  2.09527e-08	  24141	  1.18249e-09
488	  6.30378	  0.030936	  5.06487e-07	  2.75397e-08	  35082	  1.52402e-09
489	  6.30378	  0.0938307	  5.06487e-07	  2.68357e-08	  39108	  1.47749e-09
490	  6.30378	  0.156319	  5.06487e-07	  2.64159e-08	  36924	  1.45827e-09
491	  6.30378	  0.218712	  5.06487e-07	  2.55592e-08	  37692	  1.40961e-09
492	  6.30378	  0.281224	  5.06487e-07	  2.44277e-08	  37092	  1.34822e-09
493	  6.30378	  0.343807	  5.06487e-07	  2.39497e-08	  37536	  1.3211e-09
494	  6.30378	  0.406302	  5.06487e-07	  2.31492e-08	  36984	  1.27784e-09
495	  6.30378	  0.468745	  5.06487e-07	  2.18226e-08	  37428	  1.20393e-09
496	  6.30378	  0.531226	  5.06487e-07	  2.06478e-08	  37392	  1.13917e-09
497	  6.30378	  0.593785	  5.06487e-07	  1.92774e-08	  37200	  1.06382e-09
498	  6.30378	  0.656281	  5.06487e-07	  1.77349e-08	  36924	  9.7904e-10
499	  6.30378	  0.718743	  5.06487e-07	  1.6325e-08	  37272	  9.00811e-10
500	  6.30378	  0.781255	  5.06487e-07	  1.45939e-08	  37284	  8.05274e-10
501	  6.30378	  0.843774	  5.06487e-07	  1.31307e-08	  37188	  7.24624e-10
502	  6.30378	  0.90628	  5.06487e-07	  1.17403e-08	  37320	  6.47788e-10
503	  6.30378	  0.968758	  5.06487e-07	  1.03666e-08	  37119	  5.72137e-10
504	  7.30029	  0.030936	  3.48469e-07	  1.88704e-08	  60258	  1.02039e-09
505	  7.30029	  0.0938307	  3.48469e-07	  1.84958e-08	  56916	  1.00232e-09
506	  7.30029	  0.156319	  3.48469e-07	  1.78506e-08	  56820	  9.67414e-10
507	  7.30029	  0.218712	  3.48469e-07	  1.71007e-08	  58716	  9.2561e-10
508	  7.30029	  0.281224	  3.48469e-07	  1.62321e-08	  57840	  8.79099e-10
509	  7.30029	  0.343807	  3.48469e-07	  1.50994e-08	  57612	  8.17877e-10
510	  7.30029	  0.406302	  3.48469e-07	  1.42193e-08	  58464	  7.69773e-10
511	  7.30029	  0.468745	  3.48469e-07	  1.3095e-08	  57948	  7.09149e-10
512	  7.30029	  0.531226	  3.48469e-07	  1.20185e-08	  57708	  6.50958e-10
513	  7.30029	  0.593785	  3.48469e-07	  1.06499e-08	  58236	  5.76628e-10
514	  7.30029	  0.656281	  3.48469e-07	  9.54522e-09	  58008	  5.16893e-10
515	  7.30029	  0.718743	  3.48469e-07	  8.43761e-09	  58200	  4.56855e-10
516	  7.30029	  0.781255	  3.48469e-07	  7.31135e-09	  58128	  3.95893e-10
517	  7.30029	  0.843774	  3.48469e-07	  6.37075e-09	  57972	  3.44997e-10
518	  7.30029	  0.90628	  3.48469e-07	  5.5846e-09	  57960	  3.02427e-10
519	  7.30029	  0.968758	  3.48469e-07	  5.06594e-09	  58122	  2.7431e-10
520	  8.455	  0.030936	  2.39328e-07	  1.26977e-08	  90198	  6.77164e-10
521	  8.455	  0.0938307	  2.39328e-07	  1.24952e-08	  89292	  6.66577e-10
522	  8.455	  0.156319	  2.39328e-07	  1.20062e-08	  90804	  6.40152e-10
523	  8.455	  0.218712	  2.39328e-07	  1.11702e-08	  89628	  5.95821e-10
524	  8.455	  0.281224	  2.39328e-07	  1.03238e-08	  89844	  5.50635e-10
525	  8.455	  0.343807	  2.39328e-07	  9.39204e-09	  90636	  5.00799e-10
526	  8.455	  0.406302	  2.39328e-07	  8.46362e-09	  89628	  4.51452e-10
527	  8.455	  0.468745	  2.39328e-07	  7.43838e-09	  89772	  3.96745e-10
528	  8.455	  0.531226	  2.39328e-07	  6.5731e-09	  90324	  3.50526e-10
529	  8.455	  0.593785	  2.39328e-07	  5.59091e-09	  89784	  2.98204e-10
530	  8.455	  0.656281	  2.39328e-07	  4.77385e-09	  90216	  2.54586e-10
531	  8.455	  0.718743	  2.39328e-07	  4.09267e-09	  89796	  2.18291e-10
532	  8.455	  0.781255	  2.39328e-07	  3.48132e-09	  90120	  1.85663e-10
533	  8.455	  0.843774	  2.39328e-07	  2.94906e-09	  90132	  1.57276e-10
534	  8.455	  0.90628	  2.39328e-07	  2.58833e-09	  89916	  1.38049e-10
535	  8.455	  0.968758	  2.39328e-07	  2.42705e-09	  89964	  1.29444e-10
536	  9.79129	  0.030936	  1.64041e-07	  8.55397e-09	  139068	  4.50636e-10
537	  9.79129	  0.0938307	  1.64041e-07	  8.37298e-09	  141180	  4.40933e-10
538	  9.79129	  0.156319	  1.64041e-07	  7.87986e-09	  139380	  4.151e-10
539	  9.79129	  0.218712	  1.64041e-07	  7.21565e-09	  138804	  3.8015e-10
540	  9.79129	  0.281224	  1.64041e-07	  6.42139e-09	  140952	  3.38174e-10
541	  9.79129	  0.343807	  1.64041e-07	  5.57313e-09	  139668	  2.93569e-10
542	  9.79129	  0.406302	  1.64041e-07	  4.75525e-09	  139464	  2.50496e-10
543	  9.79129	  0.468745	  1.64041e-07	  4.02408e-09	  139812	  2.11966e-10
544	  9.79129	  0.531226	  1.64041e-07	  3.35614e-09	  139884	  1.7678e-10
545	  9.79129	  0.593785	  1.64041e-07	  2.79442e-09	  140184	  1.47184e-10
546	  9.79129	  0.656281	  1.64041e-07	  2.31023e-09	  139404	  1.21699e-10
547	  9.79129	  0.718743	  1.64041e-07	  1.92146e-09	  139932	  1.01209e-10
548	  9.79129	  0.781255	  1.64041e-07	  1.59535e-09	  139980	  8.40318e-11
549	  9.79129	  0.843774	  1.64041e-07	  1.32146e-09	  139632	  6.96093e-11
550	  9.79129	  0.90628	  1.64041e-07	  1.13965e-09	  140088	  6.00275e-11
551	  9.79129	  0.968758	  1.64041e-07	  1.04187e-09	  139623	  5.48819e-11
