#n	   k	      mu	    PL	    Pf	     w	     err  
0	  0.10472	  1	  0.00379853	  0.000201981	  3	  0.000126713
1	  0.20944	  1	  0.00134928	  8.08943e-05	  3	  5.07491e-05
2	  0.314159	  1	  0.000632002	  9.1668e-05	  3	  5.7508e-05
3	  0.418879	  1	  0.000354209	  4.17799e-06	  3	  2.62106e-06
4	  0.523599	  1	  0.00022393	  1.91363e-05	  3	  1.20052e-05
5	  0.628319	  1	  0.000151731	  3.27535e-06	  3	  2.05479e-06
6	  0.733038	  1	  0.000108477	  1.1294e-05	  3	  7.0853e-06
7	  0.837758	  1	  8.07459e-05	  1.53988e-05	  3	  9.66043e-06
8	  0.942478	  1	  6.20055e-05	  2.05708e-06	  3	  1.29051e-06
9	  0.10472	  0	  0.00379853	  3.9263e-05	  6	  1.79922e-05
10	  0.148096	  0.707107	  0.00241558	  7.39202e-05	  12	  2.50349e-05
11	  0.23416	  0.894427	  0.00106881	  3.40711e-05	  12	  1.1539e-05
12	  0.331153	  0.948683	  0.000572332	  2.12779e-05	  12	  7.2063e-06
13	  0.431771	  0.970143	  0.00033334	  2.18658e-05	  12	  7.40542e-06
14	  0.533968	  0.980581	  0.000214781	  1.54447e-05	  12	  5.23072e-06
15	  0.636985	  0.986394	  0.000147282	  7.2369e-06	  12	  2.45096e-06
16	  0.74048	  0.989949	  0.00010613	  7.5593e-06	  12	  2.56015e-06
17	  0.844278	  0.992278	  7.93415e-05	  4.56459e-06	  12	  1.54591e-06
18	  0.948278	  0.993884	  6.11422e-05	  3.07548e-06	  12	  1.04159e-06
19	  0.148096	  0	  0.00241558	  2.25574e-05	  6	  1.03369e-05
20	  0.18138	  0.57735	  0.0017137	  9.94568e-05	  12	  3.36835e-05
21	  0.25651	  0.816497	  0.000940668	  3.29172e-05	  12	  1.11482e-05
22	  0.347316	  0.904534	  0.000515517	  3.22415e-05	  12	  1.09194e-05
23	  0.444288	  0.942809	  0.00031512	  2.3576e-05	  12	  7.9846e-06
24	  0.54414	  0.96225	  0.000206254	  1.547e-05	  12	  5.23929e-06
25	  0.645536	  0.973329	  0.000143139	  1.69605e-05	  12	  5.7441e-06
26	  0.747849	  0.980196	  0.00010381	  7.43865e-06	  12	  2.51929e-06
27	  0.850747	  0.984732	  7.80228e-05	  5.15916e-06	  12	  1.74728e-06
28	  0.954042	  0.987878	  6.03124e-05	  4.08551e-06	  12	  1.38366e-06
29	  0.20944	  0	  0.00134928	  1.70177e-05	  6	  7.79835e-06
30	  0.23416	  0.447214	  0.00106881	  1.0647e-05	  12	  3.60586e-06
31	  0.296192	  0.707107	  0.000695986	  4.19555e-05	  12	  1.42093e-05
32	  0.377572	  0.83205	  0.000438644	  3.14791e-05	  12	  1.06612e-05
33	  0.468321	  0.894427	  0.00028273	  2.99042e-05	  12	  1.01278e-05
34	  0.563933	  0.928477	  0.000191181	  1.52484e-05	  12	  5.16425e-06
35	  0.662306	  0.948683	  0.000135378	  1.22719e-05	  12	  4.1562e-06
36	  0.762371	  0.961524	  9.95093e-05	  8.4628e-06	  12	  2.86614e-06
37	  0.863541	  0.970143	  7.54539e-05	  4.12905e-06	  12	  1.39841e-06
38	  0.965468	  0.976187	  5.87146e-05	  2.54021e-06	  12	  8.60305e-07
39	  0.23416	  0	  0.00106881	  6.73754e-06	  12	  2.28184e-06
40	  0.25651	  0.408248	  0.000940668	  1.42458e-05	  24	  3.62021e-06
41	  0.314159	  0.666667	  0.000632002	  2.46437e-05	  24	  6.26257e-06
42	  0.391825	  0.801784	  0.000408396	  2.13931e-05	  24	  5.43651e-06
43	  0.479886	  0.872872	  0.000268343	  1.40975e-05	  24	  3.58251e-06
44	  0.573574	  0.912871	  0.000184519	  1.32973e-05	  24	  3.37916e-06
45	  0.670534	  0.937043	  0.000131833	  9.04424e-06	  24	  2.29836e-06
46	  0.76953	  0.952579	  9.75033e-05	  9.38906e-06	  24	  2.38599e-06
47	  0.869868	  0.963087	  7.4243e-05	  5.21031e-06	  24	  1.32407e-06
48	  0.971131	  0.970495	  5.79317e-05	  2.03559e-06	  24	  5.17292e-07
49	  0.296192	  0	  0.000695986	  1.67922e-05	  6	  7.69499e-06
50	  0.314159	  0.333333	  0.000632002	  1.17942e-05	  12	  3.9944e-06
51	  0.36276	  0.57735	  0.000471853	  2.64924e-05	  12	  8.97233e-06
52	  0.431771	  0.727607	  0.00033334	  8.63047e-06	  12	  2.92293e-06
53	  0.51302	  0.816497	  0.000233677	  1.62512e-05	  12	  5.50389e-06
54	  0.601569	  0.870388	  0.000166611	  8.08352e-06	  12	  2.73769e-06
55	  0.694632	  0.904534	  0.000122073	  7.48913e-06	  12	  2.53638e-06
56	  0.790617	  0.927173	  9.18345e-05	  8.96467e-06	  12	  3.03611e-06
57	  0.888577	  0.942809	  7.0786e-05	  3.35701e-06	  12	  1.13693e-06
58	  0.987924	  0.953998	  5.57298e-05	  5.25468e-06	  12	  1.77963e-06
59	  0.314159	  0	  0.000632002	  1.47312e-05	  6	  6.75053e-06
60	  0.331153	  0.316228	  0.000572332	  8.19837e-06	  12	  2.77658e-06
61	  0.377572	  0.5547	  0.000438644	  1.90721e-05	  12	  6.45925e-06
62	  0.444288	  0.707107	  0.00031512	  1.66932e-05	  12	  5.65356e-06
63	  0.523599	  0.8	  0.00022393	  2.35296e-05	  12	  7.96888e-06
64	  0.610616	  0.857493	  0.000161348	  8.28561e-06	  12	  2.80613e-06
65	  0.702481	  0.894427	  0.000119103	  7.77891e-06	  12	  2.63452e-06
66	  0.797522	  0.919145	  9.00783e-05	  7.63953e-06	  12	  2.58732e-06
67	  0.894726	  0.936329	  6.96796e-05	  3.62475e-06	  12	  1.22761e-06
68	  0.993459	  0.948683	  5.50341e-05	  4.03674e-06	  12	  1.36714e-06
69	  0.331153	  0	  0.000572332	  6.2275e-06	  12	  2.1091e-06
70	  0.347316	  0.301511	  0.000515517	  9.43029e-06	  24	  2.39647e-06
71	  0.391825	  0.534522	  0.000408396	  1.10157e-05	  24	  2.79936e-06
72	  0.456463	  0.688247	  0.000298414	  8.90978e-06	  24	  2.26419e-06
73	  0.533968	  0.784465	  0.000214781	  1.12191e-05	  24	  2.85105e-06
74	  0.61953	  0.845154	  0.000156415	  1.23306e-05	  24	  3.13351e-06
75	  0.710244	  0.884652	  0.000116293	  7.24113e-06	  24	  1.84014e-06
76	  0.804368	  0.911322	  8.83936e-05	  4.65646e-06	  24	  1.18332e-06
77	  0.900833	  0.929981	  6.86392e-05	  7.01436e-06	  24	  1.78252e-06
78	  0.998963	  0.943456	  5.43564e-05	  4.44219e-06	  24	  1.12887e-06
79	  0.377572	  0	  0.000438644	  9.27883e-06	  12	  3.14251e-06
80	  0.391825	  0.267261	  0.000408396	  6.84743e-06	  24	  1.7401e-06
81	  0.431771	  0.485071	  0.00033334	  6.01466e-06	  24	  1.52847e-06
82	  0.491179	  0.639602	  0.000255503	  8.41204e-06	  24	  2.1377e-06
83	  0.563933	  0.742781	  0.000191181	  9.99654e-06	  24	  2.54036e-06
84	  0.645536	  0.811107	  0.000143139	  9.57036e-06	  24	  2.43206e-06
85	  0.733038	  0.857143	  0.000108477	  7.72129e-06	  24	  1.96217e-06
86	  0.824564	  0.889001	  8.36412e-05	  5.79041e-06	  24	  1.47148e-06
87	  0.918912	  0.911685	  6.56405e-05	  3.7489e-06	  24	  9.52686e-07
88	  0.418879	  0	  0.000354209	  2.84398e-06	  6	  1.30325e-06
89	  0.431771	  0.242536	  0.00033334	  6.8989e-06	  12	  2.33649e-06
90	  0.468321	  0.447214	  0.00028273	  1.09592e-05	  12	  3.7116e-06
91	  0.523599	  0.6	  0.00022393	  1.38601e-05	  12	  4.69407e-06
92	  0.592384	  0.707107	  0.000172252	  7.94992e-06	  12	  2.69244e-06
93	  0.670534	  0.780869	  0.000131833	  5.52662e-06	  12	  1.87173e-06
94	  0.755145	  0.83205	  0.000101648	  7.6477e-06	  12	  2.59009e-06
95	  0.844278	  0.868243	  7.93415e-05	  3.2708e-06	  12	  1.10774e-06
96	  0.936642	  0.894427	  6.28741e-05	  3.16523e-06	  12	  1.07198e-06
97	  0.431771	  0	  0.00033334	  5.30981e-06	  12	  1.7983e-06
98	  0.444288	  0.235702	  0.00031512	  6.34632e-06	  24	  1.61275e-06
99	  0.479886	  0.436436	  0.000268343	  5.99987e-06	  24	  1.52471e-06
100	  0.533968	  0.588348	  0.000214781	  5.90291e-06	  24	  1.50007e-06
101	  0.601569	  0.696311	  0.000166611	  7.11538e-06	  24	  1.80819e-06
102	  0.678662	  0.771517	  0.000128405	  4.639e-06	  24	  1.17888e-06
103	  0.762371	  0.824163	  9.95093e-05	  4.5705e-06	  24	  1.16147e-06
104	  0.850747	  0.86164	  7.80228e-05	  3.39997e-06	  24	  8.64014e-07
105	  0.942478	  0.888889	  6.20055e-05	  2.36686e-06	  24	  6.01476e-07
106	  0.444288	  0	  0.00031512	  5.38033e-06	  6	  2.46553e-06
107	  0.456463	  0.229416	  0.000298414	  3.39118e-06	  12	  1.14851e-06
108	  0.491179	  0.426401	  0.000255503	  6.91241e-06	  12	  2.34106e-06
109	  0.54414	  0.57735	  0.000206254	  5.18357e-06	  12	  1.75554e-06
110	  0.610616	  0.685994	  0.000161348	  6.6922e-06	  12	  2.26648e-06
111	  0.686693	  0.762493	  0.00012517	  7.93001e-06	  12	  2.6857e-06
112	  0.76953	  0.816497	  9.75033e-05	  3.80821e-06	  12	  1.28974e-06
113	  0.857168	  0.855186	  7.6714e-05	  4.4907e-06	  12	  1.52089e-06
114	  0.948278	  0.883452	  6.11422e-05	  3.01482e-06	  12	  1.02105e-06
115	  0.468321	  0	  0.00028273	  8.17579e-06	  12	  2.76894e-06
116	  0.479886	  0.218218	  0.000268343	  4.02868e-06	  24	  1.02378e-06
117	  0.51302	  0.408248	  0.000233677	  6.99225e-06	  24	  1.7769e-06
118	  0.563933	  0.557086	  0.000191181	  5.71509e-06	  24	  1.45234e-06
119	  0.628319	  0.666667	  0.000151731	  4.79558e-06	  24	  1.21867e-06
120	  0.702481	  0.745356	  0.000119103	  4.50937e-06	  24	  1.14594e-06
121	  0.783651	  0.801784	  9.36575e-05	  5.41794e-06	  24	  1.37683e-06
122	  0.869868	  0.842701	  7.4243e-05	  4.28343e-06	  24	  1.08852e-06
123	  0.959772	  0.872872	  5.95111e-05	  2.66321e-06	  24	  6.76785e-07
124	  0.523599	  0	  0.00022393	  6.419e-06	  18	  1.83392e-06
125	  0.533968	  0.196116	  0.000214781	  4.07171e-06	  36	  8.82203e-07
126	  0.563933	  0.371391	  0.000191181	  4.90779e-06	  36	  1.06336e-06
127	  0.610616	  0.514496	  0.000161348	  3.41779e-06	  36	  7.40521e-07
128	  0.670534	  0.624695	  0.000131833	  3.86767e-06	  36	  8.37996e-07
129	  0.74048	  0.707107	  0.00010613	  4.0231e-06	  36	  8.71671e-07
130	  0.817887	  0.768221	  8.51823e-05	  4.07609e-06	  36	  8.83153e-07
131	  0.900833	  0.813733	  6.86392e-05	  3.48148e-06	  36	  7.5432e-07
132	  0.987924	  0.847998	  5.57298e-05	  3.28362e-06	  36	  7.11452e-07
133	  0.533968	  0	  0.000214781	  4.16612e-06	  12	  1.41096e-06
134	  0.54414	  0.19245	  0.000206254	  4.68803e-06	  24	  1.19134e-06
135	  0.573574	  0.365148	  0.000184519	  4.09275e-06	  24	  1.04007e-06
136	  0.61953	  0.507093	  0.000156415	  5.3159e-06	  24	  1.3509e-06
137	  0.678662	  0.617213	  0.000128405	  3.67631e-06	  24	  9.34239e-07
138	  0.747849	  0.70014	  0.00010381	  4.66569e-06	  24	  1.18566e-06
139	  0.824564	  0.762001	  8.36412e-05	  3.85165e-06	  24	  9.78798e-07
140	  0.9069	  0.80829	  6.76145e-05	  3.38025e-06	  24	  8.59003e-07
141	  0.993459	  0.843274	  5.50341e-05	  2.08849e-06	  24	  5.30736e-07
142	  0.563933	  0	  0.000191181	  3.93471e-06	  12	  1.33259e-06
143	  0.573574	  0.182574	  0.000184519	  3.05148e-06	  24	  7.75455e-07
144	  0.601569	  0.348155	  0.000166611	  3.25463e-06	  24	  8.2708e-07
145	  0.645536	  0.486664	  0.000143139	  4.92927e-06	  24	  1.25265e-06
146	  0.702481	  0.596285	  0.000119103	  3.1435e-06	  24	  7.9884e-07
147	  0.76953	  0.680414	  9.75033e-05	  3.75449e-06	  24	  9.54106e-07
148	  0.844278	  0.744208	  7.93415e-05	  2.50765e-06	  24	  6.37255e-07
149	  0.92486	  0.792594	  6.46977e-05	  2.97435e-06	  24	  7.55854e-07
150	  0.592384	  0	  0.000172252	  2.57299e-06	  6	  1.17907e-06
151	  0.601569	  0.174078	  0.000166611	  2.66141e-06	  12	  9.01352e-07
152	  0.628319	  0.333333	  0.000151731	  2.63116e-06	  12	  8.91107e-07
153	  0.670534	  0.468521	  0.000131833	  3.64654e-06	  12	  1.23499e-06
154	  0.72552	  0.57735	  0.000110996	  2.74698e-06	  12	  9.30332e-07
155	  0.790617	  0.662266	  9.18345e-05	  3.72357e-06	  12	  1.26108e-06
156	  0.863541	  0.727607	  7.54539e-05	  5.71527e-06	  12	  1.93562e-06
157	  0.942478	  0.777778	  6.20055e-05	  1.90635e-06	  12	  6.45634e-07
158	  0.610616	  0	  0.000161348	  2.57276e-06	  12	  8.71328e-07
159	  0.61953	  0.169031	  0.000156415	  3.44545e-06	  24	  8.75572e-07
160	  0.645536	  0.324443	  0.000143139	  3.67182e-06	  24	  9.33097e-07
161	  0.686693	  0.457496	  0.00012517	  4.64983e-06	  24	  1.18163e-06
162	  0.74048	  0.565685	  0.00010613	  3.39185e-06	  24	  8.61952e-07
163	  0.804368	  0.650945	  8.83936e-05	  3.528e-06	  24	  8.9655e-07
164	  0.876148	  0.717137	  7.30409e-05	  3.38434e-06	  24	  8.60044e-07
165	  0.954042	  0.76835	  6.03124e-05	  2.38285e-06	  24	  6.05541e-07
166	  0.628319	  0	  0.000151731	  9.64184e-07	  6	  4.41836e-07
167	  0.636985	  0.164399	  0.000147282	  1.51093e-06	  12	  5.11714e-07
168	  0.662306	  0.316228	  0.000135378	  4.61999e-06	  12	  1.56467e-06
169	  0.702481	  0.447214	  0.000119103	  2.64824e-06	  12	  8.96894e-07
170	  0.755145	  0.5547	  0.000101648	  2.28783e-06	  12	  7.74831e-07
171	  0.817887	  0.640184	  8.51823e-05	  3.98822e-06	  12	  1.35071e-06
172	  0.888577	  0.707107	  7.0786e-05	  3.93991e-06	  12	  1.33435e-06
173	  0.965468	  0.759257	  5.87146e-05	  2.77599e-06	  12	  9.40157e-07
174	  0.636985	  0	  0.000147282	  1.58364e-06	  12	  5.3634e-07
175	  0.645536	  0.162221	  0.000143139	  4.10399e-06	  24	  1.04292e-06
176	  0.670534	  0.312348	  0.000131833	  2.45898e-06	  24	  6.24887e-07
177	  0.710244	  0.442326	  0.000116293	  3.93826e-06	  24	  1.00081e-06
178	  0.762371	  0.549442	  9.95093e-05	  3.28594e-06	  24	  8.35036e-07
179	  0.824564	  0.635001	  8.36412e-05	  2.81185e-06	  24	  7.14558e-07
180	  0.894726	  0.702247	  6.96796e-05	  2.77834e-06	  24	  7.06043e-07
181	  0.971131	  0.754829	  5.79317e-05	  2.6125e-06	  24	  6.63899e-07
182	  0.662306	  0	  0.000135378	  3.35562e-06	  12	  1.13646e-06
183	  0.670534	  0.156174	  0.000131833	  2.57367e-06	  24	  6.54033e-07
184	  0.694632	  0.301511	  0.000122073	  2.59202e-06	  24	  6.58696e-07
185	  0.733038	  0.428571	  0.000108477	  3.36188e-06	  24	  8.54334e-07
186	  0.783651	  0.534522	  9.36575e-05	  2.27996e-06	  24	  5.79392e-07
187	  0.844278	  0.620174	  7.93415e-05	  1.84537e-06	  24	  4.68953e-07
188	  0.912926	  0.688247	  6.65967e-05	  1.80139e-06	  24	  4.57777e-07
189	  0.987924	  0.741999	  5.57298e-05	  2.07361e-06	  24	  5.26956e-07
190	  0.670534	  0	  0.000131833	  1.33284e-06	  12	  4.514e-07
191	  0.678662	  0.154303	  0.000128405	  2.153e-06	  24	  5.4713e-07
192	  0.702481	  0.298142	  0.000119103	  2.24662e-06	  24	  5.7092e-07
193	  0.74048	  0.424264	  0.00010613	  3.07665e-06	  24	  7.8185e-07
194	  0.790617	  0.529813	  9.18345e-05	  2.87143e-06	  24	  7.29699e-07
195	  0.850747	  0.615457	  7.80228e-05	  2.8598e-06	  24	  7.26744e-07
196	  0.918912	  0.683763	  6.56405e-05	  2.70864e-06	  24	  6.88331e-07
197	  0.993459	  0.737865	  5.50341e-05	  2.90928e-06	  24	  7.39318e-07
198	  0.702481	  0	  0.000119103	  2.00197e-06	  12	  6.78017e-07
199	  0.710244	  0.147442	  0.000116293	  2.41644e-06	  24	  6.14077e-07
200	  0.733038	  0.285714	  0.000108477	  2.06362e-06	  24	  5.24415e-07
201	  0.76953	  0.408248	  9.75033e-05	  2.53091e-06	  24	  6.43165e-07
202	  0.817887	  0.512148	  8.51823e-05	  2.35773e-06	  24	  5.99155e-07
203	  0.876148	  0.597614	  7.30409e-05	  1.99366e-06	  24	  5.06636e-07
204	  0.942478	  0.666667	  6.20055e-05	  2.15851e-06	  24	  5.48528e-07
205	  0.733038	  0	  0.000108477	  1.12828e-06	  6	  5.17034e-07
206	  0.74048	  0.141421	  0.00010613	  2.91567e-06	  12	  9.87465e-07
207	  0.762371	  0.274721	  9.95093e-05	  1.67933e-06	  12	  5.68749e-07
208	  0.797522	  0.393919	  9.00783e-05	  2.3158e-06	  12	  7.84305e-07
209	  0.844278	  0.496139	  7.93415e-05	  1.8436e-06	  12	  6.24382e-07
210	  0.900833	  0.581238	  6.86392e-05	  2.52409e-06	  12	  8.54847e-07
211	  0.965468	  0.650791	  5.87146e-05	  2.54697e-06	  12	  8.62597e-07
212	  0.74048	  0	  0.00010613	  2.12837e-06	  18	  6.08081e-07
213	  0.747849	  0.140028	  0.00010381	  2.34489e-06	  36	  5.08059e-07
214	  0.76953	  0.272166	  9.75033e-05	  1.90252e-06	  36	  4.12212e-07
215	  0.804368	  0.390567	  8.83936e-05	  2.4573e-06	  36	  5.32415e-07
216	  0.850747	  0.492366	  7.80228e-05	  1.97121e-06	  36	  4.27095e-07
217	  0.9069	  0.57735	  6.76145e-05	  1.54954e-06	  36	  3.35733e-07
218	  0.971131	  0.646997	  5.79317e-05	  2.30908e-06	  36	  5.00301e-07
219	  0.755145	  0	  0.000101648	  1.89097e-06	  12	  6.40426e-07
220	  0.762371	  0.137361	  9.95093e-05	  1.70507e-06	  24	  4.333e-07
221	  0.783651	  0.267261	  9.36575e-05	  1.62644e-06	  24	  4.13319e-07
222	  0.817887	  0.384111	  8.51823e-05	  1.66574e-06	  24	  4.23306e-07
223	  0.863541	  0.485071	  7.54539e-05	  2.7391e-06	  24	  6.96071e-07
224	  0.918912	  0.569803	  6.56405e-05	  2.19372e-06	  24	  5.57478e-07
225	  0.982358	  0.639602	  5.64596e-05	  1.76212e-06	  24	  4.47798e-07
226	  0.762371	  0	  9.95093e-05	  1.40017e-06	  12	  4.74204e-07
227	  0.76953	  0.136083	  9.75033e-05	  1.69642e-06	  24	  4.31102e-07
228	  0.790617	  0.264906	  9.18345e-05	  1.46023e-06	  24	  3.7108e-07
229	  0.824564	  0.381	  8.36412e-05	  1.68062e-06	  24	  4.27086e-07
230	  0.869868	  0.481543	  7.4243e-05	  2.18954e-06	  24	  5.56414e-07
231	  0.92486	  0.566139	  6.46977e-05	  1.5078e-06	  24	  3.83167e-07
232	  0.987924	  0.635999	  5.57298e-05	  1.5318e-06	  24	  3.89268e-07
233	  0.797522	  0	  9.00783e-05	  1.63714e-06	  12	  5.54458e-07
234	  0.804368	  0.130189	  8.83936e-05	  1.65322e-06	  24	  4.20122e-07
235	  0.824564	  0.254	  8.36412e-05	  1.07719e-06	  24	  2.73739e-07
236	  0.857168	  0.366508	  7.6714e-05	  1.80002e-06	  24	  4.57429e-07
237	  0.900833	  0.464991	  6.86392e-05	  1.58504e-06	  24	  4.02796e-07
238	  0.954042	  0.548821	  6.03124e-05	  2.02728e-06	  24	  5.15181e-07
239	  0.817887	  0	  8.51823e-05	  1.47683e-06	  12	  5.00164e-07
240	  0.824564	  0.127	  8.36412e-05	  1.30289e-06	  24	  3.31096e-07
241	  0.844278	  0.248069	  7.93415e-05	  1.491e-06	  24	  3.78899e-07
242	  0.876148	  0.358569	  7.30409e-05	  1.70484e-06	  24	  4.33241e-07
243	  0.918912	  0.455842	  6.56405e-05	  1.67058e-06	  24	  4.24533e-07
244	  0.971131	  0.539164	  5.79317e-05	  1.95306e-06	  24	  4.9632e-07
245	  0.837758	  0	  8.07459e-05	  3.54707e-06	  6	  1.62544e-06
246	  0.844278	  0.124035	  7.93415e-05	  1.4015e-06	  12	  4.74652e-07
247	  0.863541	  0.242536	  7.54539e-05	  9.15143e-07	  12	  3.09936e-07
248	  0.894726	  0.351123	  6.96796e-05	  1.82097e-06	  12	  6.16717e-07
249	  0.936642	  0.447214	  6.28741e-05	  1.7222e-06	  12	  5.83266e-07
250	  0.987924	  0.529999	  5.57298e-05	  1.37961e-06	  12	  4.67238e-07
251	  0.844278	  0	  7.93415e-05	  1.18948e-06	  24	  3.02277e-07
252	  0.850747	  0.123091	  7.80228e-05	  1.17445e-06	  48	  2.28239e-07
253	  0.869868	  0.240772	  7.4243e-05	  1.51905e-06	  48	  2.95209e-07
254	  0.900833	  0.348743	  6.86392e-05	  1.43916e-06	  48	  2.79683e-07
255	  0.942478	  0.444444	  6.20055e-05	  1.36824e-06	  48	  2.65901e-07
256	  0.993459	  0.527046	  5.50341e-05	  1.36585e-06	  48	  2.65436e-07
257	  0.863541	  0	  7.54539e-05	  7.68309e-07	  12	  2.60207e-07
258	  0.869868	  0.120386	  7.4243e-05	  1.56287e-06	  24	  3.97163e-07
259	  0.888577	  0.235702	  7.0786e-05	  1.34146e-06	  24	  3.40896e-07
260	  0.918912	  0.341882	  6.56405e-05	  1.68905e-06	  24	  4.29227e-07
261	  0.959772	  0.436436	  5.95111e-05	  1.29582e-06	  24	  3.293e-07
262	  0.888577	  0	  7.0786e-05	  1.16871e-06	  6	  5.3556e-07
263	  0.894726	  0.117041	  6.96796e-05	  1.13858e-06	  12	  3.85609e-07
264	  0.912926	  0.229416	  6.65967e-05	  1.23443e-06	  12	  4.1807e-07
265	  0.942478	  0.333333	  6.20055e-05	  1.18116e-06	  12	  4.00029e-07
266	  0.982358	  0.426401	  5.64596e-05	  1.35576e-06	  12	  4.59163e-07
267	  0.894726	  0	  6.96796e-05	  1.26913e-06	  12	  4.29822e-07
268	  0.900833	  0.116248	  6.86392e-05	  1.48435e-06	  24	  3.7721e-07
269	  0.918912	  0.227921	  6.56405e-05	  1.72065e-06	  24	  4.37258e-07
270	  0.948278	  0.331295	  6.11422e-05	  1.51388e-06	  24	  3.84712e-07
271	  0.987924	  0.423999	  5.57298e-05	  2.09109e-06	  24	  5.31396e-07
272	  0.900833	  0	  6.86392e-05	  1.19157e-06	  12	  4.03556e-07
273	  0.9069	  0.11547	  6.76145e-05	  1.1788e-06	  24	  2.99561e-07
274	  0.92486	  0.226455	  6.46977e-05	  1.07763e-06	  24	  2.73851e-07
275	  0.954042	  0.329293	  6.03124e-05	  1.26595e-06	  24	  3.21708e-07
276	  0.993459	  0.421637	  5.50341e-05	  1.52795e-06	  24	  3.8829e-07
277	  0.936642	  0	  6.28741e-05	  7.99053e-07	  12	  2.70619e-07
278	  0.942478	  0.111111	  6.20055e-05	  9.57398e-07	  24	  2.43298e-07
279	  0.959772	  0.218218	  5.95111e-05	  9.90448e-07	  24	  2.51697e-07
280	  0.987924	  0.317999	  5.57298e-05	  1.46701e-06	  24	  3.72801e-07
281	  0.942478	  0	  6.20055e-05	  6.42357e-07	  6	  2.94359e-07
282	  0.948278	  0.110432	  6.11422e-05	  1.34771e-06	  12	  4.56436e-07
283	  0.965468	  0.21693	  5.87146e-05	  1.53763e-06	  12	  5.20759e-07
284	  0.993459	  0.316228	  5.50341e-05	  9.32756e-07	  12	  3.15901e-07
285	  0.948278	  0	  6.11422e-05	  1.11766e-06	  12	  3.78524e-07
286	  0.954042	  0.109764	  6.03124e-05	  1.035e-06	  24	  2.63018e-07
287	  0.971131	  0.215666	  5.79317e-05	  1.49448e-06	  24	  3.79784e-07
288	  0.998963	  0.314485	  5.43564e-05	  1.46048e-06	  24	  3.71144e-07
289	  0.965468	  0	  5.87146e-05	  1.25904e-06	  24	  3.19954e-07
290	  0.971131	  0.107833	  5.79317e-05	  1.34241e-06	  48	  2.60881e-07
291	  0.987924	  0.212	  5.57298e-05	  9.68585e-07	  48	  1.88233e-07
292	  0.987924	  0	  5.57298e-05	  6.09755e-07	  12	  2.06509e-07
293	  0.993459	  0.105409	  5.50341e-05	  6.19827e-07	  24	  1.57513e-07
294	  0.993459	  0	  5.50341e-05	  7.77392e-07	  12	  2.63283e-07
295	  0.998963	  0.104828	  5.43564e-05	  1.34213e-06	  24	  3.41069e-07
296	  1.08818	  0.030936	  4.47331e-05	  7.91079e-07	  138	  1.06895e-07
297	  1.08818	  0.0938307	  4.47331e-05	  8.25985e-07	  252	  9.33314e-08
298	  1.08818	  0.156319	  4.47331e-05	  7.009e-07	  72	  1.17647e-07
299	  1.08818	  0.218712	  4.47331e-05	  8.64348e-07	  216	  1.02029e-07
300	  1.08818	  0.281224	  4.47331e-05	  9.3131e-07	  288	  1.01444e-07
301	  1.08818	  0.343807	  4.47331e-05	  9.56585e-07	  120	  1.35153e-07
302	  1.08818	  0.406302	  4.47331e-05	  1.19943e-06	  180	  1.49372e-07
303	  1.08818	  0.468745	  4.47331e-05	  1.23162e-06	  180	  1.5338e-07
304	  1.08818	  0.531226	  4.47331e-05	  1.28021e-06	  192	  1.56401e-07
305	  1.08818	  0.593785	  4.47331e-05	  1.8379e-06	  192	  2.24534e-07
306	  1.08818	  0.656281	  4.47331e-05	  1.81474e-06	  168	  2.30748e-07
307	  1.08818	  0.718743	  4.47331e-05	  1.99216e-06	  228	  2.31542e-07
308	  1.08818	  0.781255	  4.47331e-05	  2.16882e-06	  144	  2.89176e-07
309	  1.08818	  0.843774	  4.47331e-05	  2.3288e-06	  240	  2.66763e-07
310	  1.08818	  0.90628	  4.47331e-05	  2.49366e-06	  168	  3.17073e-07
311	  1.08818	  0.968758	  4.47331e-05	  3.04504e-06	  150	  4.00879e-07
312	  1.25577	  0.030936	  3.21739e-05	  6.25031e-07	  198	  7.56705e-08
313	  1.25577	  0.0938307	  3.21739e-05	  6.69932e-07	  396	  6.7162e-08
314	  1.25577	  0.156319	  3.21739e-05	  6.45288e-07	  396	  6.46914e-08
315	  1.25577	  0.218712	  3.21739e-05	  5.89873e-07	  204	  7.0793e-08
316	  1.25577	  0.281224	  3.21739e-05	  7.74565e-07	  216	  9.14307e-08
317	  1.25577	  0.343807	  3.21739e-05	  7.04535e-07	  372	  7.17552e-08
318	  1.25577	  0.406302	  3.21739e-05	  7.76967e-07	  312	  8.28354e-08
319	  1.25577	  0.468745	  3.21739e-05	  9.43719e-07	  288	  1.02795e-07
320	  1.25577	  0.531226	  3.21739e-05	  1.03638e-06	  264	  1.15604e-07
321	  1.25577	  0.593785	  3.21739e-05	  1.0869e-06	  312	  1.15878e-07
322	  1.25577	  0.656281	  3.21739e-05	  1.14195e-06	  276	  1.25835e-07
323	  1.25577	  0.718743	  3.21739e-05	  1.31255e-06	  312	  1.39936e-07
324	  1.25577	  0.781255	  3.21739e-05	  1.62481e-06	  276	  1.79043e-07
325	  1.25577	  0.843774	  3.21739e-05	  1.77228e-06	  240	  2.03014e-07
326	  1.25577	  0.90628	  3.21739e-05	  1.85159e-06	  324	  1.95445e-07
327	  1.25577	  0.968758	  3.21739e-05	  1.99576e-06	  315	  2.12236e-07
328	  1.45182	  0.030936	  2.29512e-05	  4.84749e-07	  246	  5.51439e-08
329	  1.45182	  0.0938307	  2.29512e-05	  4.557e-07	  516	  4.28461e-08
330	  1.45182	  0.156319	  2.29512e-05	  4.32352e-07	  504	  4.08761e-08
331	  1.45182	  0.218712	  2.29512e-05	  4.68139e-07	  528	  4.37801e-08
332	  1.45182	  0.281224	  2.29512e-05	  5.51955e-07	  504	  5.21838e-08
333	  1.45182	  0.343807	  2.29512e-05	  5.00119e-07	  384	  5.05276e-08
334	  1.45182	  0.406302	  2.29512e-05	  5.27565e-07	  420	  5.21208e-08
335	  1.45182	  0.468745	  2.29512e-05	  6.41901e-07	  468	  6.17669e-08
336	  1.45182	  0.531226	  2.29512e-05	  7.08742e-07	  480	  6.77866e-08
337	  1.45182	  0.593785	  2.29512e-05	  7.87481e-07	  468	  7.57754e-08
338	  1.45182	  0.656281	  2.29512e-05	  8.59817e-07	  396	  8.61983e-08
339	  1.45182	  0.718743	  2.29512e-05	  8.58796e-07	  456	  8.31566e-08
340	  1.45182	  0.781255	  2.29512e-05	  9.17675e-07	  432	  9.00355e-08
341	  1.45182	  0.843774	  2.29512e-05	  1.17319e-06	  480	  1.12208e-07
342	  1.45182	  0.90628	  2.29512e-05	  1.12964e-06	  480	  1.08043e-07
343	  1.45182	  0.968758	  2.29512e-05	  1.26043e-06	  414	  1.24968e-07
344	  1.68148	  0.030936	  1.6245e-05	  3.18481e-07	  798	  2.71982e-08
345	  1.68148	  0.0938307	  1.6245e-05	  3.55474e-07	  708	  3.11332e-08
346	  1.68148	  0.156319	  1.6245e-05	  3.7209e-07	  684	  3.28317e-08
347	  1.68148	  0.218712	  1.6245e-05	  3.98509e-07	  720	  3.4777e-08
348	  1.68148	  0.281224	  1.6245e-05	  3.99549e-07	  708	  3.49935e-08
349	  1.68148	  0.343807	  1.6245e-05	  3.84435e-07	  720	  3.35488e-08
350	  1.68148	  0.406302	  1.6245e-05	  4.3784e-07	  672	  3.8782e-08
351	  1.68148	  0.468745	  1.6245e-05	  4.81695e-07	  732	  4.18887e-08
352	  1.68148	  0.531226	  1.6245e-05	  5.3246e-07	  672	  4.71631e-08
353	  1.68148	  0.593785	  1.6245e-05	  5.74286e-07	  708	  5.02972e-08
354	  1.68148	  0.656281	  1.6245e-05	  5.74084e-07	  744	  4.97512e-08
355	  1.68148	  0.718743	  1.6245e-05	  6.27945e-07	  744	  5.44188e-08
356	  1.68148	  0.781255	  1.6245e-05	  7.22343e-07	  696	  6.34974e-08
357	  1.68148	  0.843774	  1.6245e-05	  8.12795e-07	  708	  7.11864e-08
358	  1.68148	  0.90628	  1.6245e-05	  7.63257e-07	  696	  6.7094e-08
359	  1.68148	  0.968758	  1.6245e-05	  8.25689e-07	  741	  7.16169e-08
360	  1.94819	  0.030936	  1.14415e-05	  2.54547e-07	  1368	  1.96095e-08
361	  1.94819	  0.0938307	  1.14415e-05	  2.40897e-07	  924	  1.99698e-08
362	  1.94819	  0.156319	  1.14415e-05	  2.63285e-07	  972	  2.16091e-08
363	  1.94819	  0.218712	  1.14415e-05	  2.54722e-07	  972	  2.09063e-08
364	  1.94819	  0.281224	  1.14415e-05	  2.61831e-07	  1200	  2.06499e-08
365	  1.94819	  0.343807	  1.14415e-05	  2.86983e-07	  1140	  2.28489e-08
366	  1.94819	  0.406302	  1.14415e-05	  3.022e-07	  1080	  2.43056e-08
367	  1.94819	  0.468745	  1.14415e-05	  3.45421e-07	  1068	  2.78408e-08
368	  1.94819	  0.531226	  1.14415e-05	  3.63687e-07	  1164	  2.88442e-08
369	  1.94819	  0.593785	  1.14415e-05	  3.66241e-07	  1188	  2.89378e-08
370	  1.94819	  0.656281	  1.14415e-05	  3.97301e-07	  1068	  3.20223e-08
371	  1.94819	  0.718743	  1.14415e-05	  4.34374e-07	  1008	  3.54002e-08
372	  1.94819	  0.781255	  1.14415e-05	  4.65094e-07	  1164	  3.68869e-08
373	  1.94819	  0.843774	  1.14415e-05	  5.08479e-07	  1176	  4.02515e-08
374	  1.94819	  0.90628	  1.14415e-05	  5.14958e-07	  1080	  4.14176e-08
375	  1.94819	  0.968758	  1.14415e-05	  5.41327e-07	  1038	  4.38683e-08
376	  2.25604	  0.030936	  8.04204e-06	  1.87073e-07	  1896	  1.36499e-08
377	  2.25604	  0.0938307	  8.04204e-06	  1.87184e-07	  1272	  1.46076e-08
378	  2.25604	  0.156319	  8.04204e-06	  1.74959e-07	  2040	  1.26216e-08
379	  2.25604	  0.218712	  8.04204e-06	  2.00262e-07	  1740	  1.4814e-08
380	  2.25604	  0.281224	  8.04204e-06	  2.10752e-07	  1584	  1.58329e-08
381	  2.25604	  0.343807	  8.04204e-06	  2.03063e-07	  1764	  1.4988e-08
382	  2.25604	  0.406302	  8.04204e-06	  2.13854e-07	  1632	  1.59864e-08
383	  2.25604	  0.468745	  8.04204e-06	  2.2017e-07	  1860	  1.61136e-08
384	  2.25604	  0.531226	  8.04204e-06	  2.48441e-07	  1560	  1.87122e-08
385	  2.25604	  0.593785	  8.04204e-06	  2.54801e-07	  1692	  1.89345e-08
386	  2.25604	  0.656281	  8.04204e-06	  2.63206e-07	  1704	  1.95365e-08
387	  2.25604	  0.718743	  8.04204e-06	  2.79686e-07	  1824	  2.05331e-08
388	  2.25604	  0.781255	  8.04204e-06	  3.10699e-07	  1668	  2.31424e-08
389	  2.25604	  0.843774	  8.04204e-06	  3.0215e-07	  1680	  2.24792e-08
390	  2.25604	  0.90628	  8.04204e-06	  3.19813e-07	  1776	  2.35795e-08
391	  2.25604	  0.968758	  8.04204e-06	  3.30154e-07	  1656	  2.46208e-08
392	  2.61216	  0.030936	  5.63734e-06	  1.35793e-07	  2586	  9.45999e-09
393	  2.61216	  0.0938307	  5.63734e-06	  1.33309e-07	  3036	  9.08487e-09
394	  2.61216	  0.156319	  5.63734e-06	  1.49804e-07	  2124	  1.07407e-08
395	  2.61216	  0.218712	  5.63734e-06	  1.3304e-07	  2940	  9.10563e-09
396	  2.61216	  0.281224	  5.63734e-06	  1.4178e-07	  2616	  9.86101e-09
397	  2.61216	  0.343807	  5.63734e-06	  1.38419e-07	  2448	  9.71857e-09
398	  2.61216	  0.406302	  5.63734e-06	  1.53894e-07	  2916	  1.05446e-08
399	  2.61216	  0.468745	  5.63734e-06	  1.57467e-07	  2544	  1.09953e-08
400	  2.61216	  0.531226	  5.63734e-06	  1.78213e-07	  2652	  1.23713e-08
401	  2.61216	  0.593785	  5.63734e-06	  1.71222e-07	  2748	  1.18274e-08
402	  2.61216	  0.656281	  5.63734e-06	  1.81996e-07	  2676	  1.2618e-08
403	  2.61216	  0.718743	  5.63734e-06	  1.89369e-07	  2472	  1.32772e-08
404	  2.61216	  0.781255	  5.63734e-06	  1.95923e-07	  2616	  1.36268e-08
405	  2.61216	  0.843774	  5.63734e-06	  2.08239e-07	  2736	  1.43931e-08
406	  2.61216	  0.90628	  5.63734e-06	  1.96199e-07	  2568	  1.36816e-08
407	  2.61216	  0.968758	  5.63734e-06	  2.00662e-07	  2745	  1.38631e-08
408	  3.02645	  0.030936	  3.93212e-06	  9.63905e-08	  3414	  6.46922e-09
409	  3.02645	  0.0938307	  3.93212e-06	  1.01809e-07	  4512	  6.6061e-09
410	  3.02645	  0.156319	  3.93212e-06	  9.77589e-08	  4632	  6.32433e-09
411	  3.02645	  0.218712	  3.93212e-06	  9.75999e-08	  3972	  6.42862e-09
412	  3.02645	  0.281224	  3.93212e-06	  1.02208e-07	  4176	  6.69206e-09
413	  3.02645	  0.343807	  3.93212e-06	  1.04391e-07	  4344	  6.8034e-09
414	  3.02645	  0.406302	  3.93212e-06	  1.06562e-07	  4044	  7.00382e-09
415	  3.02645	  0.468745	  3.93212e-06	  1.07416e-07	  4092	  7.05001e-09
416	  3.02645	  0.531226	  3.93212e-06	  1.14013e-07	  4296	  7.44012e-09
417	  3.02645	  0.593785	  3.93212e-06	  1.17083e-07	  3996	  7.70631e-09
418	  3.02645	  0.656281	  3.93212e-06	  1.21581e-07	  4188	  7.95776e-09
419	  3.02645	  0.718743	  3.93212e-06	  1.20586e-07	  4212	  7.88736e-09
420	  3.02645	  0.781255	  3.93212e-06	  1.21508e-07	  4140	  7.96385e-09
421	  3.02645	  0.843774	  3.93212e-06	  1.25897e-07	  4128	  8.25438e-09
422	  3.02645	  0.90628	  3.93212e-06	  1.20422e-07	  4188	  7.88193e-09
423	  3.02645	  0.968758	  3.93212e-06	  1.14423e-07	  4128	  7.50206e-09
424	  3.50419	  0.030936	  2.74025e-06	  7.17408e-08	  7002	  4.44438e-09
425	  3.50419	  0.0938307	  2.74025e-06	  7.19206e-08	  6240	  4.50649e-09
426	  3.50419	  0.156319	  2.74025e-06	  6.98432e-08	  5964	  4.39655e-09
427	  3.50419	  0.218712	  2.74025e-06	  7.2029e-08	  6180	  4.5177e-09
428	  3.50419	  0.281224	  2.74025e-06	  7.41236e-08	  6420	  4.63128e-09
429	  3.50419	  0.343807	  2.74025e-06	  7.30078e-08	  6516	  4.55483e-09
430	  3.50419	  0.406302	  2.74025e-06	  7.51181e-08	  6312	  4.7014e-09
431	  3.50419	  0.468745	  2.74025e-06	  7.66148e-08	  6276	  4.79784e-09
432	  3.50419	  0.531226	  2.74025e-06	  7.58857e-08	  6360	  4.74583e-09
433	  3.50419	  0.593785	  2.74025e-06	  7.78806e-08	  6408	  4.86693e-09
434	  3.50419	  0.656281	  2.74025e-06	  7.87891e-08	  6360	  4.92741e-09
435	  3.50419	  0.718743	  2.74025e-06	  7.8827e-08	  6336	  4.93165e-09
436	  3.50419	  0.781255	  2.74025e-06	  7.50588e-08	  6372	  4.69324e-09
437	  3.50419	  0.843774	  2.74025e-06	  7.45671e-08	  6456	  4.65639e-09
438	  3.50419	  0.90628	  2.74025e-06	  7.05969e-08	  6360	  4.41508e-09
439	  3.50419	  0.968758	  2.74025e-06	  6.83802e-08	  6327	  4.27868e-09
440	  4.05763	  0.030936	  1.90421e-06	  5.31071e-08	  10392	  3.17631e-09
441	  4.05763	  0.0938307	  1.90421e-06	  5.10504e-08	  9420	  3.07851e-09
442	  4.05763	  0.156319	  1.90421e-06	  5.13467e-08	  10176	  3.07634e-09
443	  4.05763	  0.218712	  1.90421e-06	  5.25409e-08	  10260	  3.14575e-09
444	  4.05763	  0.281224	  1.90421e-06	  5.20216e-08	  9528	  3.13403e-09
445	  4.05763	  0.343807	  1.90421e-06	  5.10087e-08	  10140	  3.05699e-09
446	  4.05763	  0.406302	  1.90421e-06	  5.16825e-08	  9960	  3.10199e-09
447	  4.05763	  0.468745	  1.90421e-06	  5.13803e-08	  10068	  3.08108e-09
448	  4.05763	  0.531226	  1.90421e-06	  5.19554e-08	  9996	  3.11743e-09
449	  4.05763	  0.593785	  1.90421e-06	  4.9798e-08	  9828	  2.99222e-09
450	  4.05763	  0.656281	  1.90421e-06	  4.96211e-08	  10032	  2.97647e-09
451	  4.05763	  0.718743	  1.90421e-06	  4.8049e-08	  9924	  2.88477e-09
452	  4.05763	  0.781255	  1.90421e-06	  4.58936e-08	  10116	  2.75098e-09
453	  4.05763	  0.843774	  1.90421e-06	  4.35488e-08	  9888	  2.61539e-09
454	  4.05763	  0.90628	  1.90421e-06	  4.22441e-08	  10008	  2.53448e-09
455	  4.05763	  0.968758	  1.90421e-06	  3.74427e-08	  9978	  2.24697e-09
456	  4.69917	  0.030936	  1.3189e-06	  3.89969e-08	  13626	  2.28392e-09
457	  4.69917	  0.0938307	  1.3189e-06	  3.74512e-08	  16392	  2.16507e-09
458	  4.69917	  0.156319	  1.3189e-06	  3.61974e-08	  15708	  2.09868e-09
459	  4.69917	  0.218712	  1.3189e-06	  3.66175e-08	  15432	  2.12564e-09
460	  4.69917	  0.281224	  1.3189e-06	  3.56099e-08	  15780	  2.06397e-09
461	  4.69917	  0.343807	  1.3189e-06	  3.43475e-08	  15300	  1.99506e-09
462	  4.69917	  0.406302	  1.3189e-06	  3.44726e-08	  15588	  1.99974e-09
463	  4.69917	  0.468745	  1.3189e-06	  3.38962e-08	  15396	  1.96799e-09
464	  4.69917	  0.531226	  1.3189e-06	  3.25598e-08	  15504	  1.88948e-09
465	  4.69917	  0.593785	  1.3189e-06	  3.16925e-08	  15660	  1.83788e-09
466	  4.69917	  0.656281	  1.3189e-06	  2.99097e-08	  15192	  1.73815e-09
467	  4.69917	  0.718743	  1.3189e-06	  2.82541e-08	  15600	  1.63892e-09
468	  4.69917	  0.781255	  1.3189e-06	  2.67841e-08	  15216	  1.55634e-09
469	  4.69917	  0.843774	  1.3189e-06	  2.44252e-08	  15516	  1.41735e-09
470	  4.69917	  0.90628	  1.3189e-06	  2.23483e-08	  15540	  1.29669e-09
471	  4.69917	  0.968758	  1.3189e-06	  1.96793e-08	  15405	  1.14252e-09
472	  5.4432	  0.030936	  9.11188e-07	  2.7167e-08	  26250	  1.52603e-09
473	  5.4432	  0.0938307	  9.11188e-07	  2.67942e-08	  22392	  1.51877e-09
474	  5.4432	  0.156319	  9.11188e-07	  2.56095e-08	  24516	  1.44403e-09
475	  5.4432	  0.218712	  9.11188e-07	  2.51168e-08	  23592	  1.41937e-09
476	  5.4432	  0.281224	  9.11188e-07	  2.39846e-08	  24264	  1.35321e-09
477	  5.4432	  0.343807	  9.11188e-07	  2.34305e-08	  23928	  1.323e-09
478	  5.4432	  0.406302	  9.11188e-07	  2.24083e-08	  24120	  1.2647e-09
479	  5.4432	  0.468745	  9.11188e-07	  2.13e-08	  23964	  1.20259e-09
480	  5.4432	  0.531226	  9.11188e-07	  1.99493e-08	  24060	  1.12608e-09
481	  5.4432	  0.593785	  9.11188e-07	  1.90353e-08	  24108	  1.07436e-09
482	  5.4432	  0.656281	  9.11188e-07	  1.73743e-08	  24228	  9.80335e-10
483	  5.4432	  0.718743	  9.11188e-07	  1.59979e-08	  24144	  9.02855e-10
484	  5.4432	  0.781255	  9.11188e-07	  1.46381e-08	  23940	  8.26511e-10
485	  5.4432	  0.843774	  9.11188e-07	  1.30364e-08	  24192	  7.35636e-10
486	  5.4432	  0.90628	  9.11188e-07	  1.14771e-08	  23988	  6.47957e-10
487	  5.4432	  0.968758	  9.11188e-07	  9.7697e-09	  24141	  5.51363e-10
488	  6.30378	  0.030936	  6.28467e-07	  1.94358e-08	  35082	  1.07556e-09
489	  6.30378	  0.0938307	  6.28467e-07	  1.86029e-08	  39108	  1.02421e-09
490	  6.30378	  0.156319	  6.28467e-07	  1.80072e-08	  36924	  9.94071e-10
491	  6.30378	  0.218712	  6.28467e-07	  1.70807e-08	  37692	  9.42012e-10
492	  6.30378	  0.281224	  6.28467e-07	  1.60436e-08	  37092	  8.85486e-10
493	  6.30378	  0.343807	  6.28467e-07	  1.51421e-08	  37536	  8.35262e-10
494	  6.30378	  0.406302	  6.28467e-07	  1.40706e-08	  36984	  7.76693e-10
495	  6.30378	  0.468745	  6.28467e-07	  1.28639e-08	  37428	  7.09687e-10
496	  6.30378	  0.531226	  6.28467e-07	  1.19865e-08	  37392	  6.61312e-10
497	  6.30378	  0.593785	  6.28467e-07	  1.06531e-08	  37200	  5.87891e-10
498	  6.30378	  0.656281	  6.28467e-07	  9.4887e-09	  36924	  5.23815e-10
499	  6.30378	  0.718743	  6.28467e-07	  8.43857e-09	  37272	  4.65638e-10
500	  6.30378	  0.781255	  6.28467e-07	  7.42322e-09	  37284	  4.09605e-10
501	  6.30378	  0.843774	  6.28467e-07	  6.40909e-09	  37188	  3.53689e-10
502	  6.30378	  0.90628	  6.28467e-07	  5.4815e-09	  37320	  3.02449e-10
503	  6.30378	  0.968758	  6.28467e-07	  4.46618e-09	  37119	  2.46491e-10
504	  7.30029	  0.030936	  4.32392e-07	  1.3542e-08	  60258	  7.32267e-10
505	  7.30029	  0.0938307	  4.32392e-07	  1.29522e-08	  56916	  7.01899e-10
506	  7.30029	  0.156319	  4.32392e-07	  1.21535e-08	  56820	  6.58658e-10
507	  7.30029	  0.218712	  4.32392e-07	  1.13029e-08	  58716	  6.11793e-10
508	  7.30029	  0.281224	  4.32392e-07	  1.03316e-08	  57840	  5.59537e-10
509	  7.30029	  0.343807	  4.32392e-07	  9.43515e-09	  57612	  5.11067e-10
510	  7.30029	  0.406302	  4.32392e-07	  8.41109e-09	  58464	  4.55341e-10
511	  7.30029	  0.468745	  4.32392e-07	  7.52848e-09	  57948	  4.07698e-10
512	  7.30029	  0.531226	  4.32392e-07	  6.63192e-09	  57708	  3.59203e-10
513	  7.30029	  0.593785	  4.32392e-07	  5.66053e-09	  58236	  3.06483e-10
514	  7.30029	  0.656281	  4.32392e-07	  4.8738e-09	  58008	  2.63926e-10
515	  7.30029	  0.718743	  4.32392e-07	  4.07258e-09	  58200	  2.2051e-10
516	  7.30029	  0.781255	  4.32392e-07	  3.45122e-09	  58128	  1.86876e-10
517	  7.30029	  0.843774	  4.32392e-07	  2.88657e-09	  57972	  1.56317e-10
518	  7.30029	  0.90628	  4.32392e-07	  2.35719e-09	  57960	  1.2765e-10
519	  7.30029	  0.968758	  4.32392e-07	  1.8473e-09	  58122	  1.00027e-10
520	  8.455	  0.030936	  2.96967e-07	  9.14001e-09	  90198	  4.87434e-10
521	  8.455	  0.0938307	  2.96967e-07	  8.60595e-09	  89292	  4.59097e-10
522	  8.455	  0.156319	  2.96967e-07	  7.9787e-09	  90804	  4.25413e-10
523	  8.455	  0.218712	  2.96967e-07	  7.13539e-09	  89628	  3.80603e-10
524	  8.455	  0.281224	  2.96967e-07	  6.35259e-09	  89844	  3.38823e-10
525	  8.455	  0.343807	  2.96967e-07	  5.5212e-09	  90636	  2.944e-10
526	  8.455	  0.406302	  2.96967e-07	  4.71164e-09	  89628	  2.5132e-10
527	  8.455	  0.468745	  2.96967e-07	  3.99015e-09	  89772	  2.12825e-10
528	  8.455	  0.531226	  2.96967e-07	  3.36546e-09	  90324	  1.79471e-10
529	  8.455	  0.593785	  2.96967e-07	  2.74302e-09	  89784	  1.46305e-10
530	  8.455	  0.656281	  2.96967e-07	  2.25876e-09	  90216	  1.20458e-10
531	  8.455	  0.718743	  2.96967e-07	  1.81733e-09	  89796	  9.69313e-11
532	  8.455	  0.781255	  2.96967e-07	  1.47821e-09	  90120	  7.88347e-11
533	  8.455	  0.843774	  2.96967e-07	  1.17073e-09	  90132	  6.24359e-11
534	  8.455	  0.90628	  2.96967e-07	  9.28677e-10	  89916	  4.95309e-11
535	  8.455	  0.968758	  2.96967e-07	  7.02798e-10	  89964	  3.7483e-11
536	  9.79129	  0.030936	  2.03548e-07	  5.98805e-09	  139068	  3.1546e-10
537	  9.79129	  0.0938307	  2.03548e-07	  5.56994e-09	  141180	  2.93321e-10
538	  9.79129	  0.156319	  2.03548e-07	  4.99373e-09	  139380	  2.63062e-10
539	  9.79129	  0.218712	  2.03548e-07	  4.33137e-09	  138804	  2.28195e-10
540	  9.79129	  0.281224	  2.03548e-07	  3.64882e-09	  140952	  1.9216e-10
541	  9.79129	  0.343807	  2.03548e-07	  2.99582e-09	  139668	  1.57807e-10
542	  9.79129	  0.406302	  2.03548e-07	  2.43376e-09	  139464	  1.28205e-10
543	  9.79129	  0.468745	  2.03548e-07	  1.94076e-09	  139812	  1.02229e-10
544	  9.79129	  0.531226	  2.03548e-07	  1.54454e-09	  139884	  8.13566e-11
545	  9.79129	  0.593785	  2.03548e-07	  1.2186e-09	  140184	  6.41847e-11
546	  9.79129	  0.656281	  2.03548e-07	  9.50789e-10	  139404	  5.0086e-11
547	  9.79129	  0.718743	  2.03548e-07	  7.38378e-10	  139932	  3.88928e-11
548	  9.79129	  0.781255	  2.03548e-07	  5.74706e-10	  139980	  3.02714e-11
549	  9.79129	  0.843774	  2.03548e-07	  4.36474e-10	  139632	  2.29917e-11
550	  9.79129	  0.90628	  2.03548e-07	  3.30919e-10	  140088	  1.74301e-11
551	  9.79129	  0.968758	  2.03548e-07	  2.40058e-10	  139623	  1.26454e-11
