#n	   k	      mu	    PL	    Pf	     w	     err  
0	  0.10472	  1	  0.00379853	  0.00033164	  3	  0.000208055
1	  0.20944	  1	  0.00134928	  0.000141224	  3	  8.85969e-05
2	  0.314159	  1	  0.000632002	  0.000105434	  3	  6.61444e-05
3	  0.418879	  1	  0.000354209	  5.56595e-05	  3	  3.4918e-05
4	  0.523599	  1	  0.00022393	  6.09687e-06	  3	  3.82488e-06
5	  0.628319	  1	  0.000151731	  9.07879e-06	  3	  5.69558e-06
6	  0.733038	  1	  0.000108477	  7.67726e-06	  3	  4.81633e-06
7	  0.837758	  1	  8.07459e-05	  1.43593e-05	  3	  9.00829e-06
8	  0.942478	  1	  6.20055e-05	  6.04345e-06	  3	  3.79136e-06
9	  0.10472	  0	  0.00379853	  6.51457e-05	  6	  2.98529e-05
10	  0.148096	  0.707107	  0.00241558	  7.93797e-05	  12	  2.68839e-05
11	  0.23416	  0.894427	  0.00106881	  8.41873e-05	  12	  2.85122e-05
12	  0.331153	  0.948683	  0.000572332	  6.30903e-05	  12	  2.13671e-05
13	  0.431771	  0.970143	  0.00033334	  2.00119e-05	  12	  6.77753e-06
14	  0.533968	  0.980581	  0.000214781	  1.38053e-05	  12	  4.67551e-06
15	  0.636985	  0.986394	  0.000147282	  1.06421e-05	  12	  3.60421e-06
16	  0.74048	  0.989949	  0.00010613	  8.05022e-06	  12	  2.72641e-06
17	  0.844278	  0.992278	  7.93415e-05	  9.89489e-06	  12	  3.35115e-06
18	  0.948278	  0.993884	  6.11422e-05	  3.46301e-06	  12	  1.17283e-06
19	  0.148096	  0	  0.00241558	  2.79719e-05	  6	  1.28181e-05
20	  0.18138	  0.57735	  0.0017137	  5.03846e-05	  12	  1.7064e-05
21	  0.25651	  0.816497	  0.000940668	  5.50064e-05	  12	  1.86293e-05
22	  0.347316	  0.904534	  0.000515517	  2.99895e-05	  12	  1.01567e-05
23	  0.444288	  0.942809	  0.00031512	  2.21054e-05	  12	  7.48656e-06
24	  0.54414	  0.96225	  0.000206254	  2.01501e-05	  12	  6.82434e-06
25	  0.645536	  0.973329	  0.000143139	  1.15004e-05	  12	  3.89491e-06
26	  0.747849	  0.980196	  0.00010381	  9.74528e-06	  12	  3.30048e-06
27	  0.850747	  0.984732	  7.80228e-05	  8.81897e-06	  12	  2.98677e-06
28	  0.954042	  0.987878	  6.03124e-05	  3.75593e-06	  12	  1.27204e-06
29	  0.20944	  0	  0.00134928	  2.31494e-05	  6	  1.06082e-05
30	  0.23416	  0.447214	  0.00106881	  2.97484e-05	  12	  1.0075e-05
31	  0.296192	  0.707107	  0.000695986	  2.61265e-05	  12	  8.84839e-06
32	  0.377572	  0.83205	  0.000438644	  1.8478e-05	  12	  6.25805e-06
33	  0.468321	  0.894427	  0.00028273	  3.32823e-05	  12	  1.12719e-05
34	  0.563933	  0.928477	  0.000191181	  1.00477e-05	  12	  3.40291e-06
35	  0.662306	  0.948683	  0.000135378	  9.66227e-06	  12	  3.27237e-06
36	  0.762371	  0.961524	  9.95093e-05	  7.33663e-06	  12	  2.48473e-06
37	  0.863541	  0.970143	  7.54539e-05	  7.06862e-06	  12	  2.39397e-06
38	  0.965468	  0.976187	  5.87146e-05	  7.53955e-06	  12	  2.55346e-06
39	  0.23416	  0	  0.00106881	  1.89058e-05	  12	  6.40291e-06
40	  0.25651	  0.408248	  0.000940668	  2.55674e-05	  24	  6.49728e-06
41	  0.314159	  0.666667	  0.000632002	  3.10782e-05	  24	  7.89773e-06
42	  0.391825	  0.801784	  0.000408396	  1.62433e-05	  24	  4.12782e-06
43	  0.479886	  0.872872	  0.000268343	  2.24484e-05	  24	  5.70468e-06
44	  0.573574	  0.912871	  0.000184519	  1.00863e-05	  24	  2.56317e-06
45	  0.670534	  0.937043	  0.000131833	  1.01189e-05	  24	  2.57147e-06
46	  0.76953	  0.952579	  9.75033e-05	  5.63511e-06	  24	  1.43202e-06
47	  0.869868	  0.963087	  7.4243e-05	  4.40509e-06	  24	  1.11944e-06
48	  0.971131	  0.970495	  5.79317e-05	  4.42472e-06	  24	  1.12443e-06
49	  0.296192	  0	  0.000695986	  1.09405e-05	  6	  5.01344e-06
50	  0.314159	  0.333333	  0.000632002	  1.41961e-05	  12	  4.80787e-06
51	  0.36276	  0.57735	  0.000471853	  2.06414e-05	  12	  6.99073e-06
52	  0.431771	  0.727607	  0.00033334	  1.80653e-05	  12	  6.11827e-06
53	  0.51302	  0.816497	  0.000233677	  1.60238e-05	  12	  5.42687e-06
54	  0.601569	  0.870388	  0.000166611	  1.3789e-05	  12	  4.67001e-06
55	  0.694632	  0.904534	  0.000122073	  8.75404e-06	  12	  2.96477e-06
56	  0.790617	  0.927173	  9.18345e-05	  6.74126e-06	  12	  2.2831e-06
57	  0.888577	  0.942809	  7.0786e-05	  4.8233e-06	  12	  1.63353e-06
58	  0.987924	  0.953998	  5.57298e-05	  2.70305e-06	  12	  9.15457e-07
59	  0.314159	  0	  0.000632002	  1.52957e-05	  6	  7.00925e-06
60	  0.331153	  0.316228	  0.000572332	  1.84455e-05	  12	  6.24705e-06
61	  0.377572	  0.5547	  0.000438644	  1.48097e-05	  12	  5.01568e-06
62	  0.444288	  0.707107	  0.00031512	  1.00167e-05	  12	  3.39242e-06
63	  0.523599	  0.8	  0.00022393	  1.14041e-05	  12	  3.86229e-06
64	  0.610616	  0.857493	  0.000161348	  1.04973e-05	  12	  3.55516e-06
65	  0.702481	  0.894427	  0.000119103	  7.13096e-06	  12	  2.41508e-06
66	  0.797522	  0.919145	  9.00783e-05	  1.06352e-05	  12	  3.60187e-06
67	  0.894726	  0.936329	  6.96796e-05	  7.693e-06	  12	  2.60543e-06
68	  0.993459	  0.948683	  5.50341e-05	  5.67003e-06	  12	  1.9203e-06
69	  0.331153	  0	  0.000572332	  1.64214e-05	  12	  5.56153e-06
70	  0.347316	  0.301511	  0.000515517	  5.98654e-06	  24	  1.52133e-06
71	  0.391825	  0.534522	  0.000408396	  1.03379e-05	  24	  2.62712e-06
72	  0.456463	  0.688247	  0.000298414	  1.14213e-05	  24	  2.90242e-06
73	  0.533968	  0.784465	  0.000214781	  8.5282e-06	  24	  2.16722e-06
74	  0.61953	  0.845154	  0.000156415	  9.28385e-06	  24	  2.35925e-06
75	  0.710244	  0.884652	  0.000116293	  8.07555e-06	  24	  2.05219e-06
76	  0.804368	  0.911322	  8.83936e-05	  5.08402e-06	  24	  1.29197e-06
77	  0.900833	  0.929981	  6.86392e-05	  4.12967e-06	  24	  1.04945e-06
78	  0.998963	  0.943456	  5.43564e-05	  3.50078e-06	  24	  8.89634e-07
79	  0.377572	  0	  0.000438644	  7.25231e-06	  12	  2.45618e-06
80	  0.391825	  0.267261	  0.000408396	  6.21223e-06	  24	  1.57868e-06
81	  0.431771	  0.485071	  0.00033334	  1.27058e-05	  24	  3.22885e-06
82	  0.491179	  0.639602	  0.000255503	  6.71539e-06	  24	  1.70654e-06
83	  0.563933	  0.742781	  0.000191181	  1.02386e-05	  24	  2.60187e-06
84	  0.645536	  0.811107	  0.000143139	  7.14172e-06	  24	  1.81488e-06
85	  0.733038	  0.857143	  0.000108477	  6.11719e-06	  24	  1.55452e-06
86	  0.824564	  0.889001	  8.36412e-05	  4.19591e-06	  24	  1.06628e-06
87	  0.918912	  0.911685	  6.56405e-05	  3.17988e-06	  24	  8.08083e-07
88	  0.418879	  0	  0.000354209	  7.72308e-06	  6	  3.53909e-06
89	  0.431771	  0.242536	  0.00033334	  6.15867e-06	  12	  2.08579e-06
90	  0.468321	  0.447214	  0.00028273	  1.1987e-05	  12	  4.0597e-06
91	  0.523599	  0.6	  0.00022393	  6.46962e-06	  12	  2.1911e-06
92	  0.592384	  0.707107	  0.000172252	  1.3559e-05	  12	  4.5921e-06
93	  0.670534	  0.780869	  0.000131833	  4.8286e-06	  12	  1.63533e-06
94	  0.755145	  0.83205	  0.000101648	  5.55886e-06	  12	  1.88265e-06
95	  0.844278	  0.868243	  7.93415e-05	  5.91709e-06	  12	  2.00397e-06
96	  0.936642	  0.894427	  6.28741e-05	  4.73084e-06	  12	  1.60222e-06
97	  0.431771	  0	  0.00033334	  5.48181e-06	  12	  1.85655e-06
98	  0.444288	  0.235702	  0.00031512	  3.97726e-06	  24	  1.01072e-06
99	  0.479886	  0.436436	  0.000268343	  8.55656e-06	  24	  2.17443e-06
100	  0.533968	  0.588348	  0.000214781	  6.86339e-06	  24	  1.74415e-06
101	  0.601569	  0.696311	  0.000166611	  5.62708e-06	  24	  1.42998e-06
102	  0.678662	  0.771517	  0.000128405	  5.48867e-06	  24	  1.3948e-06
103	  0.762371	  0.824163	  9.95093e-05	  4.76311e-06	  24	  1.21042e-06
104	  0.850747	  0.86164	  7.80228e-05	  5.50177e-06	  24	  1.39813e-06
105	  0.942478	  0.888889	  6.20055e-05	  3.80373e-06	  24	  9.66621e-07
106	  0.444288	  0	  0.00031512	  3.69708e-06	  6	  1.69418e-06
107	  0.456463	  0.229416	  0.000298414	  6.17288e-06	  12	  2.0906e-06
108	  0.491179	  0.426401	  0.000255503	  3.5909e-06	  12	  1.21615e-06
109	  0.54414	  0.57735	  0.000206254	  3.60468e-06	  12	  1.22081e-06
110	  0.610616	  0.685994	  0.000161348	  3.26984e-06	  12	  1.10741e-06
111	  0.686693	  0.762493	  0.00012517	  2.48215e-06	  12	  8.40642e-07
112	  0.76953	  0.816497	  9.75033e-05	  5.10486e-06	  12	  1.72889e-06
113	  0.857168	  0.855186	  7.6714e-05	  5.82013e-06	  12	  1.97113e-06
114	  0.948278	  0.883452	  6.11422e-05	  4.37611e-06	  12	  1.48208e-06
115	  0.468321	  0	  0.00028273	  7.0059e-06	  12	  2.37272e-06
116	  0.479886	  0.218218	  0.000268343	  6.59452e-06	  24	  1.67583e-06
117	  0.51302	  0.408248	  0.000233677	  5.6349e-06	  24	  1.43197e-06
118	  0.563933	  0.557086	  0.000191181	  6.42461e-06	  24	  1.63265e-06
119	  0.628319	  0.666667	  0.000151731	  6.59834e-06	  24	  1.6768e-06
120	  0.702481	  0.745356	  0.000119103	  6.17563e-06	  24	  1.56938e-06
121	  0.783651	  0.801784	  9.36575e-05	  4.16238e-06	  24	  1.05776e-06
122	  0.869868	  0.842701	  7.4243e-05	  4.69457e-06	  24	  1.193e-06
123	  0.959772	  0.872872	  5.95111e-05	  4.53077e-06	  24	  1.15138e-06
124	  0.523599	  0	  0.00022393	  3.02434e-06	  18	  8.6406e-07
125	  0.533968	  0.196116	  0.000214781	  3.00038e-06	  36	  6.50082e-07
126	  0.563933	  0.371391	  0.000191181	  4.40439e-06	  36	  9.54285e-07
127	  0.610616	  0.514496	  0.000161348	  3.93247e-06	  36	  8.52035e-07
128	  0.670534	  0.624695	  0.000131833	  4.55842e-06	  36	  9.87657e-07
129	  0.74048	  0.707107	  0.00010613	  4.03335e-06	  36	  8.73893e-07
130	  0.817887	  0.768221	  8.51823e-05	  3.60991e-06	  36	  7.82147e-07
131	  0.900833	  0.813733	  6.86392e-05	  3.60999e-06	  36	  7.82164e-07
132	  0.987924	  0.847998	  5.57298e-05	  3.5695e-06	  36	  7.73391e-07
133	  0.533968	  0	  0.000214781	  2.32673e-06	  12	  7.88007e-07
134	  0.54414	  0.19245	  0.000206254	  4.73182e-06	  24	  1.20247e-06
135	  0.573574	  0.365148	  0.000184519	  3.01388e-06	  24	  7.65899e-07
136	  0.61953	  0.507093	  0.000156415	  4.10995e-06	  24	  1.04444e-06
137	  0.678662	  0.617213	  0.000128405	  3.90764e-06	  24	  9.93026e-07
138	  0.747849	  0.70014	  0.00010381	  5.56762e-06	  24	  1.41487e-06
139	  0.824564	  0.762001	  8.36412e-05	  3.39244e-06	  24	  8.621e-07
140	  0.9069	  0.80829	  6.76145e-05	  3.29356e-06	  24	  8.36974e-07
141	  0.993459	  0.843274	  5.50341e-05	  3.00749e-06	  24	  7.64277e-07
142	  0.563933	  0	  0.000191181	  1.97645e-06	  12	  6.69373e-07
143	  0.573574	  0.182574	  0.000184519	  2.46234e-06	  24	  6.2574e-07
144	  0.601569	  0.348155	  0.000166611	  3.18854e-06	  24	  8.10285e-07
145	  0.645536	  0.486664	  0.000143139	  4.21695e-06	  24	  1.07163e-06
146	  0.702481	  0.596285	  0.000119103	  3.42598e-06	  24	  8.70625e-07
147	  0.76953	  0.680414	  9.75033e-05	  4.4684e-06	  24	  1.13553e-06
148	  0.844278	  0.744208	  7.93415e-05	  4.14132e-06	  24	  1.05241e-06
149	  0.92486	  0.792594	  6.46977e-05	  3.31968e-06	  24	  8.4361e-07
150	  0.592384	  0	  0.000172252	  5.15148e-06	  6	  2.36066e-06
151	  0.601569	  0.174078	  0.000166611	  3.3991e-06	  12	  1.15119e-06
152	  0.628319	  0.333333	  0.000151731	  3.35347e-06	  12	  1.13574e-06
153	  0.670534	  0.468521	  0.000131833	  3.94531e-06	  12	  1.33618e-06
154	  0.72552	  0.57735	  0.000110996	  4.82181e-06	  12	  1.63303e-06
155	  0.790617	  0.662266	  9.18345e-05	  5.16769e-06	  12	  1.75017e-06
156	  0.863541	  0.727607	  7.54539e-05	  2.24808e-06	  12	  7.61369e-07
157	  0.942478	  0.777778	  6.20055e-05	  3.36982e-06	  12	  1.14128e-06
158	  0.610616	  0	  0.000161348	  3.67421e-06	  12	  1.24436e-06
159	  0.61953	  0.169031	  0.000156415	  3.27444e-06	  24	  8.32113e-07
160	  0.645536	  0.324443	  0.000143139	  3.73191e-06	  24	  9.48367e-07
161	  0.686693	  0.457496	  0.00012517	  1.45824e-06	  24	  3.70573e-07
162	  0.74048	  0.565685	  0.00010613	  3.13111e-06	  24	  7.95692e-07
163	  0.804368	  0.650945	  8.83936e-05	  2.60605e-06	  24	  6.62261e-07
164	  0.876148	  0.717137	  7.30409e-05	  3.19834e-06	  24	  8.12776e-07
165	  0.954042	  0.76835	  6.03124e-05	  2.33751e-06	  24	  5.94019e-07
166	  0.628319	  0	  0.000151731	  1.0865e-06	  6	  4.97886e-07
167	  0.636985	  0.164399	  0.000147282	  3.03499e-06	  12	  1.02788e-06
168	  0.662306	  0.316228	  0.000135378	  2.88498e-06	  12	  9.7707e-07
169	  0.702481	  0.447214	  0.000119103	  2.58018e-06	  12	  8.73843e-07
170	  0.755145	  0.5547	  0.000101648	  1.62209e-06	  12	  5.49361e-07
171	  0.817887	  0.640184	  8.51823e-05	  2.94929e-06	  12	  9.98852e-07
172	  0.888577	  0.707107	  7.0786e-05	  3.41622e-06	  12	  1.15699e-06
173	  0.965468	  0.759257	  5.87146e-05	  2.63766e-06	  12	  8.93309e-07
174	  0.636985	  0	  0.000147282	  3.06382e-06	  12	  1.03764e-06
175	  0.645536	  0.162221	  0.000143139	  2.28126e-06	  24	  5.79724e-07
176	  0.670534	  0.312348	  0.000131833	  3.51988e-06	  24	  8.94487e-07
177	  0.710244	  0.442326	  0.000116293	  3.76254e-06	  24	  9.56153e-07
178	  0.762371	  0.549442	  9.95093e-05	  3.31571e-06	  24	  8.42602e-07
179	  0.824564	  0.635001	  8.36412e-05	  3.12825e-06	  24	  7.94963e-07
180	  0.894726	  0.702247	  6.96796e-05	  3.66091e-06	  24	  9.30327e-07
181	  0.971131	  0.754829	  5.79317e-05	  2.38515e-06	  24	  6.06124e-07
182	  0.662306	  0	  0.000135378	  2.0835e-06	  12	  7.05628e-07
183	  0.670534	  0.156174	  0.000131833	  3.01983e-06	  24	  7.67413e-07
184	  0.694632	  0.301511	  0.000122073	  2.35929e-06	  24	  5.99552e-07
185	  0.733038	  0.428571	  0.000108477	  2.44518e-06	  24	  6.21379e-07
186	  0.783651	  0.534522	  9.36575e-05	  2.44289e-06	  24	  6.20796e-07
187	  0.844278	  0.620174	  7.93415e-05	  3.06945e-06	  24	  7.8002e-07
188	  0.912926	  0.688247	  6.65967e-05	  3.06159e-06	  24	  7.78025e-07
189	  0.987924	  0.741999	  5.57298e-05	  2.08552e-06	  24	  5.29982e-07
190	  0.670534	  0	  0.000131833	  1.13826e-06	  12	  3.85501e-07
191	  0.678662	  0.154303	  0.000128405	  1.61569e-06	  24	  4.10586e-07
192	  0.702481	  0.298142	  0.000119103	  2.56391e-06	  24	  6.51551e-07
193	  0.74048	  0.424264	  0.00010613	  2.87211e-06	  24	  7.29873e-07
194	  0.790617	  0.529813	  9.18345e-05	  3.06159e-06	  24	  7.78023e-07
195	  0.850747	  0.615457	  7.80228e-05	  2.79799e-06	  24	  7.11036e-07
196	  0.918912	  0.683763	  6.56405e-05	  3.07361e-06	  24	  7.81077e-07
197	  0.993459	  0.737865	  5.50341e-05	  2.4739e-06	  24	  6.28677e-07
198	  0.702481	  0	  0.000119103	  1.54374e-06	  12	  5.22825e-07
199	  0.710244	  0.147442	  0.000116293	  2.65416e-06	  24	  6.74486e-07
200	  0.733038	  0.285714	  0.000108477	  1.73744e-06	  24	  4.41525e-07
201	  0.76953	  0.408248	  9.75033e-05	  2.37011e-06	  24	  6.02303e-07
202	  0.817887	  0.512148	  8.51823e-05	  2.21417e-06	  24	  5.62675e-07
203	  0.876148	  0.597614	  7.30409e-05	  1.36248e-06	  24	  3.4624e-07
204	  0.942478	  0.666667	  6.20055e-05	  2.72235e-06	  24	  6.91814e-07
205	  0.733038	  0	  0.000108477	  1.92503e-06	  6	  8.82141e-07
206	  0.74048	  0.141421	  0.00010613	  2.23136e-06	  12	  7.55707e-07
207	  0.762371	  0.274721	  9.95093e-05	  3.04915e-06	  12	  1.03267e-06
208	  0.797522	  0.393919	  9.00783e-05	  2.94386e-06	  12	  9.97013e-07
209	  0.844278	  0.496139	  7.93415e-05	  1.93678e-06	  12	  6.55941e-07
210	  0.900833	  0.581238	  6.86392e-05	  2.11141e-06	  12	  7.15082e-07
211	  0.965468	  0.650791	  5.87146e-05	  1.21579e-06	  12	  4.11758e-07
212	  0.74048	  0	  0.00010613	  2.2506e-06	  18	  6.43002e-07
213	  0.747849	  0.140028	  0.00010381	  2.68836e-06	  36	  5.82477e-07
214	  0.76953	  0.272166	  9.75033e-05	  1.93638e-06	  36	  4.1955e-07
215	  0.804368	  0.390567	  8.83936e-05	  2.02175e-06	  36	  4.38045e-07
216	  0.850747	  0.492366	  7.80228e-05	  2.03516e-06	  36	  4.40951e-07
217	  0.9069	  0.57735	  6.76145e-05	  2.55183e-06	  36	  5.52896e-07
218	  0.971131	  0.646997	  5.79317e-05	  3.06812e-06	  36	  6.64759e-07
219	  0.755145	  0	  0.000101648	  1.49359e-06	  12	  5.05843e-07
220	  0.762371	  0.137361	  9.95093e-05	  2.04355e-06	  24	  5.19316e-07
221	  0.783651	  0.267261	  9.36575e-05	  1.69424e-06	  24	  4.30547e-07
222	  0.817887	  0.384111	  8.51823e-05	  1.99046e-06	  24	  5.05824e-07
223	  0.863541	  0.485071	  7.54539e-05	  1.47108e-06	  24	  3.73837e-07
224	  0.918912	  0.569803	  6.56405e-05	  1.77373e-06	  24	  4.50747e-07
225	  0.982358	  0.639602	  5.64596e-05	  2.54043e-06	  24	  6.45585e-07
226	  0.762371	  0	  9.95093e-05	  2.24327e-06	  12	  7.5974e-07
227	  0.76953	  0.136083	  9.75033e-05	  1.68126e-06	  24	  4.27248e-07
228	  0.790617	  0.264906	  9.18345e-05	  2.53033e-06	  24	  6.43017e-07
229	  0.824564	  0.381	  8.36412e-05	  1.05312e-06	  24	  2.67624e-07
230	  0.869868	  0.481543	  7.4243e-05	  2.06439e-06	  24	  5.2461e-07
231	  0.92486	  0.566139	  6.46977e-05	  2.15554e-06	  24	  5.47775e-07
232	  0.987924	  0.635999	  5.57298e-05	  1.40835e-06	  24	  3.57896e-07
233	  0.797522	  0	  9.00783e-05	  2.08559e-06	  12	  7.06339e-07
234	  0.804368	  0.130189	  8.83936e-05	  1.33639e-06	  24	  3.39608e-07
235	  0.824564	  0.254	  8.36412e-05	  8.98558e-07	  24	  2.28345e-07
236	  0.857168	  0.366508	  7.6714e-05	  1.82875e-06	  24	  4.64729e-07
237	  0.900833	  0.464991	  6.86392e-05	  2.00699e-06	  24	  5.10025e-07
238	  0.954042	  0.548821	  6.03124e-05	  2.20451e-06	  24	  5.60219e-07
239	  0.817887	  0	  8.51823e-05	  1.26961e-06	  12	  4.29986e-07
240	  0.824564	  0.127	  8.36412e-05	  1.48429e-06	  24	  3.77195e-07
241	  0.844278	  0.248069	  7.93415e-05	  1.58102e-06	  24	  4.01776e-07
242	  0.876148	  0.358569	  7.30409e-05	  1.45579e-06	  24	  3.6995e-07
243	  0.918912	  0.455842	  6.56405e-05	  1.63998e-06	  24	  4.16758e-07
244	  0.971131	  0.539164	  5.79317e-05	  1.87418e-06	  24	  4.76274e-07
245	  0.837758	  0	  8.07459e-05	  9.0174e-07	  6	  4.13221e-07
246	  0.844278	  0.124035	  7.93415e-05	  1.38951e-06	  12	  4.70593e-07
247	  0.863541	  0.242536	  7.54539e-05	  1.60352e-06	  12	  5.43072e-07
248	  0.894726	  0.351123	  6.96796e-05	  1.76049e-06	  12	  5.96236e-07
249	  0.936642	  0.447214	  6.28741e-05	  2.08939e-06	  12	  7.07623e-07
250	  0.987924	  0.529999	  5.57298e-05	  2.36446e-06	  12	  8.00782e-07
251	  0.844278	  0	  7.93415e-05	  1.09496e-06	  24	  2.78256e-07
252	  0.850747	  0.123091	  7.80228e-05	  1.47986e-06	  48	  2.87593e-07
253	  0.869868	  0.240772	  7.4243e-05	  1.53517e-06	  48	  2.98341e-07
254	  0.900833	  0.348743	  6.86392e-05	  1.68737e-06	  48	  3.2792e-07
255	  0.942478	  0.444444	  6.20055e-05	  1.4823e-06	  48	  2.88066e-07
256	  0.993459	  0.527046	  5.50341e-05	  1.83021e-06	  48	  3.55678e-07
257	  0.863541	  0	  7.54539e-05	  1.4076e-06	  12	  4.7672e-07
258	  0.869868	  0.120386	  7.4243e-05	  1.4105e-06	  24	  3.58442e-07
259	  0.888577	  0.235702	  7.0786e-05	  1.72185e-06	  24	  4.37565e-07
260	  0.918912	  0.341882	  6.56405e-05	  1.36213e-06	  24	  3.46149e-07
261	  0.959772	  0.436436	  5.95111e-05	  1.69858e-06	  24	  4.31651e-07
262	  0.888577	  0	  7.0786e-05	  9.66034e-07	  6	  4.42683e-07
263	  0.894726	  0.117041	  6.96796e-05	  1.69355e-06	  12	  5.73564e-07
264	  0.912926	  0.229416	  6.65967e-05	  1.77614e-06	  12	  6.01533e-07
265	  0.942478	  0.333333	  6.20055e-05	  1.56213e-06	  12	  5.29056e-07
266	  0.982358	  0.426401	  5.64596e-05	  1.36573e-06	  12	  4.62538e-07
267	  0.894726	  0	  6.96796e-05	  1.53129e-06	  12	  5.1861e-07
268	  0.900833	  0.116248	  6.86392e-05	  1.26308e-06	  24	  3.20979e-07
269	  0.918912	  0.227921	  6.56405e-05	  1.25391e-06	  24	  3.18649e-07
270	  0.948278	  0.331295	  6.11422e-05	  1.96937e-06	  24	  5.00465e-07
271	  0.987924	  0.423999	  5.57298e-05	  1.48346e-06	  24	  3.76982e-07
272	  0.900833	  0	  6.86392e-05	  1.61068e-06	  12	  5.45499e-07
273	  0.9069	  0.11547	  6.76145e-05	  1.17773e-06	  24	  2.99288e-07
274	  0.92486	  0.226455	  6.46977e-05	  1.02584e-06	  24	  2.60692e-07
275	  0.954042	  0.329293	  6.03124e-05	  1.72156e-06	  24	  4.37491e-07
276	  0.993459	  0.421637	  5.50341e-05	  1.42973e-06	  24	  3.63329e-07
277	  0.936642	  0	  6.28741e-05	  1.18235e-06	  12	  4.00431e-07
278	  0.942478	  0.111111	  6.20055e-05	  1.22258e-06	  24	  3.10687e-07
279	  0.959772	  0.218218	  5.95111e-05	  1.21584e-06	  24	  3.08974e-07
280	  0.987924	  0.317999	  5.57298e-05	  1.14484e-06	  24	  2.90932e-07
281	  0.942478	  0	  6.20055e-05	  3.26762e-06	  6	  1.49738e-06
282	  0.948278	  0.110432	  6.11422e-05	  1.19918e-06	  12	  4.06132e-07
283	  0.965468	  0.21693	  5.87146e-05	  1.91084e-06	  12	  6.47155e-07
284	  0.993459	  0.316228	  5.50341e-05	  1.16123e-06	  12	  3.93279e-07
285	  0.948278	  0	  6.11422e-05	  1.07137e-06	  12	  3.62845e-07
286	  0.954042	  0.109764	  6.03124e-05	  1.24037e-06	  24	  3.15208e-07
287	  0.971131	  0.215666	  5.79317e-05	  9.8795e-07	  24	  2.51062e-07
288	  0.998963	  0.314485	  5.43564e-05	  1.95186e-06	  24	  4.96014e-07
289	  0.965468	  0	  5.87146e-05	  1.3167e-06	  24	  3.34604e-07
290	  0.971131	  0.107833	  5.79317e-05	  1.04897e-06	  48	  2.03855e-07
291	  0.987924	  0.212	  5.57298e-05	  9.8269e-07	  48	  1.90974e-07
292	  0.987924	  0	  5.57298e-05	  1.11768e-06	  12	  3.78529e-07
293	  0.993459	  0.105409	  5.50341e-05	  1.52794e-06	  24	  3.88285e-07
294	  0.993459	  0	  5.50341e-05	  8.59434e-07	  12	  2.91069e-07
295	  0.998963	  0.104828	  5.43564e-05	  1.26098e-06	  24	  3.20445e-07
296	  1.08818	  0.030936	  4.47331e-05	  7.25368e-07	  138	  9.80158e-08
297	  1.08818	  0.0938307	  4.47331e-05	  8.32975e-07	  252	  9.41212e-08
298	  1.08818	  0.156319	  4.47331e-05	  6.99566e-07	  72	  1.17423e-07
299	  1.08818	  0.218712	  4.47331e-05	  9.49818e-07	  216	  1.12118e-07
300	  1.08818	  0.281224	  4.47331e-05	  9.47868e-07	  288	  1.03247e-07
301	  1.08818	  0.343807	  4.47331e-05	  9.80675e-07	  120	  1.38557e-07
302	  1.08818	  0.406302	  4.47331e-05	  1.1768e-06	  180	  1.46553e-07
303	  1.08818	  0.468745	  4.47331e-05	  1.22745e-06	  180	  1.52862e-07
304	  1.08818	  0.531226	  4.47331e-05	  1.1762e-06	  192	  1.43695e-07
305	  1.08818	  0.593785	  4.47331e-05	  1.62611e-06	  192	  1.9866e-07
306	  1.08818	  0.656281	  4.47331e-05	  1.54305e-06	  168	  1.96201e-07
307	  1.08818	  0.718743	  4.47331e-05	  1.72417e-06	  228	  2.00394e-07
308	  1.08818	  0.781255	  4.47331e-05	  2.15628e-06	  144	  2.87504e-07
309	  1.08818	  0.843774	  4.47331e-05	  2.32689e-06	  240	  2.66545e-07
310	  1.08818	  0.90628	  4.47331e-05	  2.57509e-06	  168	  3.27427e-07
311	  1.08818	  0.968758	  4.47331e-05	  3.10876e-06	  150	  4.09268e-07
312	  1.25577	  0.030936	  3.21739e-05	  7.33219e-07	  198	  8.87686e-08
313	  1.25577	  0.0938307	  3.21739e-05	  6.55909e-07	  396	  6.57561e-08
314	  1.25577	  0.156319	  3.21739e-05	  6.10025e-07	  396	  6.11562e-08
315	  1.25577	  0.218712	  3.21739e-05	  5.76434e-07	  204	  6.91801e-08
316	  1.25577	  0.281224	  3.21739e-05	  7.65598e-07	  216	  9.03722e-08
317	  1.25577	  0.343807	  3.21739e-05	  6.59115e-07	  372	  6.71293e-08
318	  1.25577	  0.406302	  3.21739e-05	  8.10903e-07	  312	  8.64535e-08
319	  1.25577	  0.468745	  3.21739e-05	  8.5431e-07	  288	  9.30562e-08
320	  1.25577	  0.531226	  3.21739e-05	  9.99723e-07	  264	  1.11515e-07
321	  1.25577	  0.593785	  3.21739e-05	  1.10061e-06	  312	  1.1734e-07
322	  1.25577	  0.656281	  3.21739e-05	  1.14013e-06	  276	  1.25634e-07
323	  1.25577	  0.718743	  3.21739e-05	  1.33631e-06	  312	  1.42469e-07
324	  1.25577	  0.781255	  3.21739e-05	  1.41329e-06	  276	  1.55734e-07
325	  1.25577	  0.843774	  3.21739e-05	  1.86002e-06	  240	  2.13064e-07
326	  1.25577	  0.90628	  3.21739e-05	  1.70138e-06	  324	  1.7959e-07
327	  1.25577	  0.968758	  3.21739e-05	  1.9909e-06	  315	  2.1172e-07
328	  1.45182	  0.030936	  2.29512e-05	  4.95244e-07	  246	  5.63379e-08
329	  1.45182	  0.0938307	  2.29512e-05	  4.64749e-07	  516	  4.36969e-08
330	  1.45182	  0.156319	  2.29512e-05	  4.52574e-07	  504	  4.27879e-08
331	  1.45182	  0.218712	  2.29512e-05	  5.19981e-07	  528	  4.86283e-08
332	  1.45182	  0.281224	  2.29512e-05	  4.90991e-07	  504	  4.642e-08
333	  1.45182	  0.343807	  2.29512e-05	  6.03736e-07	  384	  6.09961e-08
334	  1.45182	  0.406302	  2.29512e-05	  6.17361e-07	  420	  6.09921e-08
335	  1.45182	  0.468745	  2.29512e-05	  6.60382e-07	  468	  6.35453e-08
336	  1.45182	  0.531226	  2.29512e-05	  6.72688e-07	  480	  6.43382e-08
337	  1.45182	  0.593785	  2.29512e-05	  8.89431e-07	  468	  8.55856e-08
338	  1.45182	  0.656281	  2.29512e-05	  7.89076e-07	  396	  7.91063e-08
339	  1.45182	  0.718743	  2.29512e-05	  8.36846e-07	  456	  8.10312e-08
340	  1.45182	  0.781255	  2.29512e-05	  9.86189e-07	  432	  9.67575e-08
341	  1.45182	  0.843774	  2.29512e-05	  1.07258e-06	  480	  1.02585e-07
342	  1.45182	  0.90628	  2.29512e-05	  1.20982e-06	  480	  1.15712e-07
343	  1.45182	  0.968758	  2.29512e-05	  1.2672e-06	  414	  1.25639e-07
344	  1.68148	  0.030936	  1.6245e-05	  3.37804e-07	  798	  2.88484e-08
345	  1.68148	  0.0938307	  1.6245e-05	  3.4528e-07	  708	  3.02404e-08
346	  1.68148	  0.156319	  1.6245e-05	  3.53308e-07	  684	  3.11745e-08
347	  1.68148	  0.218712	  1.6245e-05	  3.48982e-07	  720	  3.04549e-08
348	  1.68148	  0.281224	  1.6245e-05	  3.71435e-07	  708	  3.25311e-08
349	  1.68148	  0.343807	  1.6245e-05	  3.93233e-07	  720	  3.43166e-08
350	  1.68148	  0.406302	  1.6245e-05	  3.9518e-07	  672	  3.50034e-08
351	  1.68148	  0.468745	  1.6245e-05	  4.58292e-07	  732	  3.98535e-08
352	  1.68148	  0.531226	  1.6245e-05	  5.12049e-07	  672	  4.53552e-08
353	  1.68148	  0.593785	  1.6245e-05	  5.35623e-07	  708	  4.69111e-08
354	  1.68148	  0.656281	  1.6245e-05	  5.44328e-07	  744	  4.71725e-08
355	  1.68148	  0.718743	  1.6245e-05	  6.01698e-07	  744	  5.21443e-08
356	  1.68148	  0.781255	  1.6245e-05	  7.04289e-07	  696	  6.19105e-08
357	  1.68148	  0.843774	  1.6245e-05	  7.73949e-07	  708	  6.77842e-08
358	  1.68148	  0.90628	  1.6245e-05	  7.48404e-07	  696	  6.57884e-08
359	  1.68148	  0.968758	  1.6245e-05	  8.14822e-07	  741	  7.06743e-08
360	  1.94819	  0.030936	  1.14415e-05	  2.56819e-07	  1368	  1.97846e-08
361	  1.94819	  0.0938307	  1.14415e-05	  2.44461e-07	  924	  2.02652e-08
362	  1.94819	  0.156319	  1.14415e-05	  2.45486e-07	  972	  2.01483e-08
363	  1.94819	  0.218712	  1.14415e-05	  2.51684e-07	  972	  2.0657e-08
364	  1.94819	  0.281224	  1.14415e-05	  2.53095e-07	  1200	  1.9961e-08
365	  1.94819	  0.343807	  1.14415e-05	  2.70209e-07	  1140	  2.15133e-08
366	  1.94819	  0.406302	  1.14415e-05	  2.96753e-07	  1080	  2.38675e-08
367	  1.94819	  0.468745	  1.14415e-05	  3.23375e-07	  1068	  2.60638e-08
368	  1.94819	  0.531226	  1.14415e-05	  3.29446e-07	  1164	  2.61285e-08
369	  1.94819	  0.593785	  1.14415e-05	  3.70688e-07	  1188	  2.92891e-08
370	  1.94819	  0.656281	  1.14415e-05	  3.9988e-07	  1068	  3.22301e-08
371	  1.94819	  0.718743	  1.14415e-05	  4.13e-07	  1008	  3.36582e-08
372	  1.94819	  0.781255	  1.14415e-05	  4.32313e-07	  1164	  3.4287e-08
373	  1.94819	  0.843774	  1.14415e-05	  4.93875e-07	  1176	  3.90955e-08
374	  1.94819	  0.90628	  1.14415e-05	  4.98585e-07	  1080	  4.01007e-08
375	  1.94819	  0.968758	  1.14415e-05	  4.79903e-07	  1038	  3.88906e-08
376	  2.25604	  0.030936	  8.04204e-06	  1.86187e-07	  1896	  1.35853e-08
377	  2.25604	  0.0938307	  8.04204e-06	  1.94305e-07	  1272	  1.51633e-08
378	  2.25604	  0.156319	  8.04204e-06	  1.88144e-07	  2040	  1.35728e-08
379	  2.25604	  0.218712	  8.04204e-06	  1.92117e-07	  1740	  1.42115e-08
380	  2.25604	  0.281224	  8.04204e-06	  1.92703e-07	  1584	  1.4477e-08
381	  2.25604	  0.343807	  8.04204e-06	  2.06854e-07	  1764	  1.52678e-08
382	  2.25604	  0.406302	  8.04204e-06	  2.10927e-07	  1632	  1.57676e-08
383	  2.25604	  0.468745	  8.04204e-06	  2.21898e-07	  1860	  1.62401e-08
384	  2.25604	  0.531226	  8.04204e-06	  2.44567e-07	  1560	  1.84204e-08
385	  2.25604	  0.593785	  8.04204e-06	  2.42033e-07	  1692	  1.79857e-08
386	  2.25604	  0.656281	  8.04204e-06	  2.79489e-07	  1704	  2.07451e-08
387	  2.25604	  0.718743	  8.04204e-06	  2.72363e-07	  1824	  1.99954e-08
388	  2.25604	  0.781255	  8.04204e-06	  2.89552e-07	  1668	  2.15673e-08
389	  2.25604	  0.843774	  8.04204e-06	  3.1778e-07	  1680	  2.36421e-08
390	  2.25604	  0.90628	  8.04204e-06	  3.12374e-07	  1776	  2.3031e-08
391	  2.25604	  0.968758	  8.04204e-06	  3.19893e-07	  1656	  2.38556e-08
392	  2.61216	  0.030936	  5.63734e-06	  1.3549e-07	  2586	  9.43885e-09
393	  2.61216	  0.0938307	  5.63734e-06	  1.36586e-07	  3036	  9.30817e-09
394	  2.61216	  0.156319	  5.63734e-06	  1.41871e-07	  2124	  1.01719e-08
395	  2.61216	  0.218712	  5.63734e-06	  1.36016e-07	  2940	  9.30933e-09
396	  2.61216	  0.281224	  5.63734e-06	  1.44298e-07	  2616	  1.00361e-08
397	  2.61216	  0.343807	  5.63734e-06	  1.45494e-07	  2448	  1.02153e-08
398	  2.61216	  0.406302	  5.63734e-06	  1.48516e-07	  2916	  1.01761e-08
399	  2.61216	  0.468745	  5.63734e-06	  1.54349e-07	  2544	  1.07776e-08
400	  2.61216	  0.531226	  5.63734e-06	  1.68929e-07	  2652	  1.17268e-08
401	  2.61216	  0.593785	  5.63734e-06	  1.67242e-07	  2748	  1.15524e-08
402	  2.61216	  0.656281	  5.63734e-06	  1.77891e-07	  2676	  1.23334e-08
403	  2.61216	  0.718743	  5.63734e-06	  1.84263e-07	  2472	  1.29192e-08
404	  2.61216	  0.781255	  5.63734e-06	  1.88997e-07	  2616	  1.31451e-08
405	  2.61216	  0.843774	  5.63734e-06	  1.9889e-07	  2736	  1.37469e-08
406	  2.61216	  0.90628	  5.63734e-06	  1.99362e-07	  2568	  1.39022e-08
407	  2.61216	  0.968758	  5.63734e-06	  1.9331e-07	  2745	  1.33551e-08
408	  3.02645	  0.030936	  3.93212e-06	  9.81836e-08	  3414	  6.58956e-09
409	  3.02645	  0.0938307	  3.93212e-06	  1.00413e-07	  4512	  6.51552e-09
410	  3.02645	  0.156319	  3.93212e-06	  1.01642e-07	  4632	  6.57556e-09
411	  3.02645	  0.218712	  3.93212e-06	  9.77131e-08	  3972	  6.43607e-09
412	  3.02645	  0.281224	  3.93212e-06	  9.96531e-08	  4176	  6.52475e-09
413	  3.02645	  0.343807	  3.93212e-06	  1.02458e-07	  4344	  6.67741e-09
414	  3.02645	  0.406302	  3.93212e-06	  1.0479e-07	  4044	  6.88733e-09
415	  3.02645	  0.468745	  3.93212e-06	  1.10319e-07	  4092	  7.24055e-09
416	  3.02645	  0.531226	  3.93212e-06	  1.15412e-07	  4296	  7.53141e-09
417	  3.02645	  0.593785	  3.93212e-06	  1.15412e-07	  3996	  7.59631e-09
418	  3.02645	  0.656281	  3.93212e-06	  1.22186e-07	  4188	  7.99738e-09
419	  3.02645	  0.718743	  3.93212e-06	  1.21428e-07	  4212	  7.94241e-09
420	  3.02645	  0.781255	  3.93212e-06	  1.21359e-07	  4140	  7.9541e-09
421	  3.02645	  0.843774	  3.93212e-06	  1.20774e-07	  4128	  7.91847e-09
422	  3.02645	  0.90628	  3.93212e-06	  1.21443e-07	  4188	  7.94873e-09
423	  3.02645	  0.968758	  3.93212e-06	  1.13844e-07	  4128	  7.46411e-09
424	  3.50419	  0.030936	  2.74025e-06	  6.9647e-08	  7002	  4.31467e-09
425	  3.50419	  0.0938307	  2.74025e-06	  7.21448e-08	  6240	  4.52054e-09
426	  3.50419	  0.156319	  2.74025e-06	  7.04337e-08	  5964	  4.43372e-09
427	  3.50419	  0.218712	  2.74025e-06	  6.95773e-08	  6180	  4.36392e-09
428	  3.50419	  0.281224	  2.74025e-06	  7.34217e-08	  6420	  4.58742e-09
429	  3.50419	  0.343807	  2.74025e-06	  7.14887e-08	  6516	  4.46005e-09
430	  3.50419	  0.406302	  2.74025e-06	  7.38849e-08	  6312	  4.62422e-09
431	  3.50419	  0.468745	  2.74025e-06	  7.4689e-08	  6276	  4.67724e-09
432	  3.50419	  0.531226	  2.74025e-06	  7.63482e-08	  6360	  4.77476e-09
433	  3.50419	  0.593785	  2.74025e-06	  7.59596e-08	  6408	  4.74688e-09
434	  3.50419	  0.656281	  2.74025e-06	  7.54642e-08	  6360	  4.71947e-09
435	  3.50419	  0.718743	  2.74025e-06	  7.59968e-08	  6336	  4.75458e-09
436	  3.50419	  0.781255	  2.74025e-06	  7.49559e-08	  6372	  4.6868e-09
437	  3.50419	  0.843774	  2.74025e-06	  7.30471e-08	  6456	  4.56147e-09
438	  3.50419	  0.90628	  2.74025e-06	  6.91496e-08	  6360	  4.32457e-09
439	  3.50419	  0.968758	  2.74025e-06	  6.53862e-08	  6327	  4.09134e-09
440	  4.05763	  0.030936	  1.90421e-06	  5.18764e-08	  10392	  3.1027e-09
441	  4.05763	  0.0938307	  1.90421e-06	  5.13054e-08	  9420	  3.09388e-09
442	  4.05763	  0.156319	  1.90421e-06	  5.18322e-08	  10176	  3.10543e-09
443	  4.05763	  0.218712	  1.90421e-06	  5.09498e-08	  10260	  3.05049e-09
444	  4.05763	  0.281224	  1.90421e-06	  5.03664e-08	  9528	  3.03431e-09
445	  4.05763	  0.343807	  1.90421e-06	  5.00101e-08	  10140	  2.99714e-09
446	  4.05763	  0.406302	  1.90421e-06	  5.03487e-08	  9960	  3.02193e-09
447	  4.05763	  0.468745	  1.90421e-06	  5.01563e-08	  10068	  3.00768e-09
448	  4.05763	  0.531226	  1.90421e-06	  5.06182e-08	  9996	  3.0372e-09
449	  4.05763	  0.593785	  1.90421e-06	  4.90087e-08	  9828	  2.94479e-09
450	  4.05763	  0.656281	  1.90421e-06	  4.7294e-08	  10032	  2.83688e-09
451	  4.05763	  0.718743	  1.90421e-06	  4.63236e-08	  9924	  2.78119e-09
452	  4.05763	  0.781255	  1.90421e-06	  4.52208e-08	  10116	  2.71065e-09
453	  4.05763	  0.843774	  1.90421e-06	  4.26586e-08	  9888	  2.56192e-09
454	  4.05763	  0.90628	  1.90421e-06	  3.99387e-08	  10008	  2.39616e-09
455	  4.05763	  0.968758	  1.90421e-06	  3.62812e-08	  9978	  2.17727e-09
456	  4.69917	  0.030936	  1.3189e-06	  3.8039e-08	  13626	  2.22782e-09
457	  4.69917	  0.0938307	  1.3189e-06	  3.76188e-08	  16392	  2.17477e-09
458	  4.69917	  0.156319	  1.3189e-06	  3.7014e-08	  15708	  2.14603e-09
459	  4.69917	  0.218712	  1.3189e-06	  3.56701e-08	  15432	  2.07064e-09
460	  4.69917	  0.281224	  1.3189e-06	  3.53003e-08	  15780	  2.04603e-09
461	  4.69917	  0.343807	  1.3189e-06	  3.45499e-08	  15300	  2.00682e-09
462	  4.69917	  0.406302	  1.3189e-06	  3.29302e-08	  15588	  1.91027e-09
463	  4.69917	  0.468745	  1.3189e-06	  3.27711e-08	  15396	  1.90266e-09
464	  4.69917	  0.531226	  1.3189e-06	  3.24569e-08	  15504	  1.88351e-09
465	  4.69917	  0.593785	  1.3189e-06	  3.14271e-08	  15660	  1.82249e-09
466	  4.69917	  0.656281	  1.3189e-06	  2.92917e-08	  15192	  1.70223e-09
467	  4.69917	  0.718743	  1.3189e-06	  2.76265e-08	  15600	  1.60251e-09
468	  4.69917	  0.781255	  1.3189e-06	  2.55324e-08	  15216	  1.48361e-09
469	  4.69917	  0.843774	  1.3189e-06	  2.40233e-08	  15516	  1.39403e-09
470	  4.69917	  0.90628	  1.3189e-06	  2.17654e-08	  15540	  1.26287e-09
471	  4.69917	  0.968758	  1.3189e-06	  1.9433e-08	  15405	  1.12822e-09
472	  5.4432	  0.030936	  9.11188e-07	  2.73652e-08	  26250	  1.53716e-09
473	  5.4432	  0.0938307	  9.11188e-07	  2.67476e-08	  22392	  1.51613e-09
474	  5.4432	  0.156319	  9.11188e-07	  2.58092e-08	  24516	  1.45529e-09
475	  5.4432	  0.218712	  9.11188e-07	  2.53018e-08	  23592	  1.42982e-09
476	  5.4432	  0.281224	  9.11188e-07	  2.40156e-08	  24264	  1.35496e-09
477	  5.4432	  0.343807	  9.11188e-07	  2.30429e-08	  23928	  1.30111e-09
478	  5.4432	  0.406302	  9.11188e-07	  2.19758e-08	  24120	  1.24029e-09
479	  5.4432	  0.468745	  9.11188e-07	  2.09145e-08	  23964	  1.18083e-09
480	  5.4432	  0.531226	  9.11188e-07	  1.98327e-08	  24060	  1.1195e-09
481	  5.4432	  0.593785	  9.11188e-07	  1.85691e-08	  24108	  1.04805e-09
482	  5.4432	  0.656281	  9.11188e-07	  1.6797e-08	  24228	  9.4776e-10
483	  5.4432	  0.718743	  9.11188e-07	  1.58837e-08	  24144	  8.96408e-10
484	  5.4432	  0.781255	  9.11188e-07	  1.42867e-08	  23940	  8.06674e-10
485	  5.4432	  0.843774	  9.11188e-07	  1.27116e-08	  24192	  7.17306e-10
486	  5.4432	  0.90628	  9.11188e-07	  1.10707e-08	  23988	  6.25013e-10
487	  5.4432	  0.968758	  9.11188e-07	  9.66522e-09	  24141	  5.45467e-10
488	  6.30378	  0.030936	  6.28467e-07	  1.93346e-08	  35082	  1.06996e-09
489	  6.30378	  0.0938307	  6.28467e-07	  1.87917e-08	  39108	  1.03461e-09
490	  6.30378	  0.156319	  6.28467e-07	  1.80259e-08	  36924	  9.95103e-10
491	  6.30378	  0.218712	  6.28467e-07	  1.69585e-08	  37692	  9.35277e-10
492	  6.30378	  0.281224	  6.28467e-07	  1.60411e-08	  37092	  8.85345e-10
493	  6.30378	  0.343807	  6.28467e-07	  1.48815e-08	  37536	  8.20888e-10
494	  6.30378	  0.406302	  6.28467e-07	  1.39703e-08	  36984	  7.7116e-10
495	  6.30378	  0.468745	  6.28467e-07	  1.2905e-08	  37428	  7.11955e-10
496	  6.30378	  0.531226	  6.28467e-07	  1.16298e-08	  37392	  6.41632e-10
497	  6.30378	  0.593785	  6.28467e-07	  1.06045e-08	  37200	  5.85208e-10
498	  6.30378	  0.656281	  6.28467e-07	  9.41447e-09	  36924	  5.19718e-10
499	  6.30378	  0.718743	  6.28467e-07	  8.23002e-09	  37272	  4.5413e-10
500	  6.30378	  0.781255	  6.28467e-07	  7.23122e-09	  37284	  3.99011e-10
501	  6.30378	  0.843774	  6.28467e-07	  6.2199e-09	  37188	  3.43249e-10
502	  6.30378	  0.90628	  6.28467e-07	  5.27997e-09	  37320	  2.9133e-10
503	  6.30378	  0.968758	  6.28467e-07	  4.33305e-09	  37119	  2.39143e-10
504	  7.30029	  0.030936	  4.32392e-07	  1.34584e-08	  60258	  7.27748e-10
505	  7.30029	  0.0938307	  4.32392e-07	  1.2876e-08	  56916	  6.97769e-10
506	  7.30029	  0.156319	  4.32392e-07	  1.22067e-08	  56820	  6.61546e-10
507	  7.30029	  0.218712	  4.32392e-07	  1.12112e-08	  58716	  6.06825e-10
508	  7.30029	  0.281224	  4.32392e-07	  1.03091e-08	  57840	  5.58318e-10
509	  7.30029	  0.343807	  4.32392e-07	  9.34994e-09	  57612	  5.06451e-10
510	  7.30029	  0.406302	  4.32392e-07	  8.32934e-09	  58464	  4.50915e-10
511	  7.30029	  0.468745	  4.32392e-07	  7.44357e-09	  57948	  4.031e-10
512	  7.30029	  0.531226	  4.32392e-07	  6.49837e-09	  57708	  3.5197e-10
513	  7.30029	  0.593785	  4.32392e-07	  5.60524e-09	  58236	  3.03489e-10
514	  7.30029	  0.656281	  4.32392e-07	  4.8038e-09	  58008	  2.60136e-10
515	  7.30029	  0.718743	  4.32392e-07	  3.99278e-09	  58200	  2.16189e-10
516	  7.30029	  0.781255	  4.32392e-07	  3.35603e-09	  58128	  1.81721e-10
517	  7.30029	  0.843774	  4.32392e-07	  2.80353e-09	  57972	  1.5182e-10
518	  7.30029	  0.90628	  4.32392e-07	  2.26677e-09	  57960	  1.22754e-10
519	  7.30029	  0.968758	  4.32392e-07	  1.79376e-09	  58122	  9.71286e-11
520	  8.455	  0.030936	  2.96967e-07	  9.09258e-09	  90198	  4.84904e-10
521	  8.455	  0.0938307	  2.96967e-07	  8.75892e-09	  89292	  4.67258e-10
522	  8.455	  0.156319	  2.96967e-07	  8.03553e-09	  90804	  4.28443e-10
523	  8.455	  0.218712	  2.96967e-07	  7.12226e-09	  89628	  3.79903e-10
524	  8.455	  0.281224	  2.96967e-07	  6.34961e-09	  89844	  3.38664e-10
525	  8.455	  0.343807	  2.96967e-07	  5.49575e-09	  90636	  2.93042e-10
526	  8.455	  0.406302	  2.96967e-07	  4.71884e-09	  89628	  2.51704e-10
527	  8.455	  0.468745	  2.96967e-07	  3.95859e-09	  89772	  2.11141e-10
528	  8.455	  0.531226	  2.96967e-07	  3.30229e-09	  90324	  1.76102e-10
529	  8.455	  0.593785	  2.96967e-07	  2.74909e-09	  89784	  1.46629e-10
530	  8.455	  0.656281	  2.96967e-07	  2.22717e-09	  90216	  1.18774e-10
531	  8.455	  0.718743	  2.96967e-07	  1.78266e-09	  89796	  9.5082e-11
532	  8.455	  0.781255	  2.96967e-07	  1.43624e-09	  90120	  7.65962e-11
533	  8.455	  0.843774	  2.96967e-07	  1.13479e-09	  90132	  6.05191e-11
534	  8.455	  0.90628	  2.96967e-07	  8.94619e-10	  89916	  4.77144e-11
535	  8.455	  0.968758	  2.96967e-07	  6.77109e-10	  89964	  3.61129e-11
536	  9.79129	  0.030936	  2.03548e-07	  6.05219e-09	  139068	  3.18839e-10
537	  9.79129	  0.0938307	  2.03548e-07	  5.60685e-09	  141180	  2.95265e-10
538	  9.79129	  0.156319	  2.03548e-07	  5.01416e-09	  139380	  2.64139e-10
539	  9.79129	  0.218712	  2.03548e-07	  4.33416e-09	  138804	  2.28341e-10
540	  9.79129	  0.281224	  2.03548e-07	  3.67572e-09	  140952	  1.93576e-10
541	  9.79129	  0.343807	  2.03548e-07	  3.01858e-09	  139668	  1.59006e-10
542	  9.79129	  0.406302	  2.03548e-07	  2.44796e-09	  139464	  1.28953e-10
543	  9.79129	  0.468745	  2.03548e-07	  1.95335e-09	  139812	  1.02892e-10
544	  9.79129	  0.531226	  2.03548e-07	  1.53165e-09	  139884	  8.06777e-11
545	  9.79129	  0.593785	  2.03548e-07	  1.20748e-09	  140184	  6.35991e-11
546	  9.79129	  0.656281	  2.03548e-07	  9.45076e-10	  139404	  4.9785e-11
547	  9.79129	  0.718743	  2.03548e-07	  7.355e-10	  139932	  3.87412e-11
548	  9.79129	  0.781255	  2.03548e-07	  5.62889e-10	  139980	  2.96489e-11
549	  9.79129	  0.843774	  2.03548e-07	  4.27753e-10	  139632	  2.25324e-11
550	  9.79129	  0.90628	  2.03548e-07	  3.20384e-10	  140088	  1.68752e-11
551	  9.79129	  0.968758	  2.03548e-07	  2.32806e-10	  139623	  1.22633e-11
