#n	   k	      mu	    PL	    Pf	     w	     err  
0	  0.10472	  1	  0.00340069	  0.000489785	  3	  0.000307267
1	  0.20944	  1	  0.00120796	  0.000140358	  3	  8.80534e-05
2	  0.314159	  1	  0.00056581	  0.000130197	  3	  8.16791e-05
3	  0.418879	  1	  0.000317111	  2.37445e-05	  3	  1.48961e-05
4	  0.523599	  1	  0.000200477	  7.70052e-06	  3	  4.83092e-06
5	  0.628319	  1	  0.000135839	  3.95024e-05	  3	  2.47818e-05
6	  0.733038	  1	  9.71158e-05	  1.72241e-05	  3	  1.08056e-05
7	  0.837758	  1	  7.2289e-05	  1.4042e-05	  3	  8.80926e-06
8	  0.942478	  1	  5.55114e-05	  2.21406e-06	  3	  1.38899e-06
9	  0.10472	  0	  0.00340069	  8.48662e-05	  6	  3.88898e-05
10	  0.148096	  0.707107	  0.00216258	  0.000119523	  12	  4.04795e-05
11	  0.23416	  0.894427	  0.000956871	  0.000143457	  12	  4.85854e-05
12	  0.331153	  0.948683	  0.000512389	  5.88117e-05	  12	  1.99181e-05
13	  0.431771	  0.970143	  0.000298428	  3.10273e-05	  12	  1.05082e-05
14	  0.533968	  0.980581	  0.000192286	  2.03166e-05	  12	  6.88073e-06
15	  0.636985	  0.986394	  0.000131856	  1.3069e-05	  12	  4.42614e-06
16	  0.74048	  0.989949	  9.50147e-05	  1.61789e-05	  12	  5.47939e-06
17	  0.844278	  0.992278	  7.10317e-05	  8.43807e-06	  12	  2.85776e-06
18	  0.948278	  0.993884	  5.47385e-05	  8.04531e-06	  12	  2.72475e-06
19	  0.148096	  0	  0.00216258	  4.60196e-05	  6	  2.10884e-05
20	  0.18138	  0.57735	  0.00153421	  6.35096e-05	  12	  2.15091e-05
21	  0.25651	  0.816497	  0.000842148	  7.03267e-05	  12	  2.38179e-05
22	  0.347316	  0.904534	  0.000461525	  3.99921e-05	  12	  1.35443e-05
23	  0.444288	  0.942809	  0.000282116	  2.52488e-05	  12	  8.55115e-06
24	  0.54414	  0.96225	  0.000184652	  2.36613e-05	  12	  8.01351e-06
25	  0.645536	  0.973329	  0.000128147	  1.39455e-05	  12	  4.723e-06
26	  0.747849	  0.980196	  9.29373e-05	  9.70979e-06	  12	  3.28847e-06
27	  0.850747	  0.984732	  6.98511e-05	  1.051e-05	  12	  3.55947e-06
28	  0.954042	  0.987878	  5.39956e-05	  7.56235e-06	  12	  2.56118e-06
29	  0.20944	  0	  0.00120796	  2.82735e-05	  6	  1.29563e-05
30	  0.23416	  0.447214	  0.000956871	  4.5836e-05	  12	  1.55235e-05
31	  0.296192	  0.707107	  0.000623093	  5.39857e-05	  12	  1.82836e-05
32	  0.377572	  0.83205	  0.000392702	  3.70845e-05	  12	  1.25596e-05
33	  0.468321	  0.894427	  0.000253118	  2.98219e-05	  12	  1.00999e-05
34	  0.563933	  0.928477	  0.000171157	  1.10669e-05	  12	  3.74809e-06
35	  0.662306	  0.948683	  0.000121199	  1.16792e-05	  12	  3.95546e-06
36	  0.762371	  0.961524	  8.90872e-05	  1.0977e-05	  12	  3.71763e-06
37	  0.863541	  0.970143	  6.75513e-05	  3.58848e-06	  12	  1.21533e-06
38	  0.965468	  0.976187	  5.25652e-05	  5.39516e-06	  12	  1.8272e-06
39	  0.23416	  0	  0.000956871	  2.88759e-05	  12	  9.77954e-06
40	  0.25651	  0.408248	  0.000842148	  2.82697e-05	  24	  7.18402e-06
41	  0.314159	  0.666667	  0.00056581	  3.856e-05	  24	  9.79903e-06
42	  0.391825	  0.801784	  0.000365623	  2.75972e-05	  24	  7.01312e-06
43	  0.479886	  0.872872	  0.000240238	  3.28824e-05	  24	  8.35621e-06
44	  0.573574	  0.912871	  0.000165194	  1.44631e-05	  24	  3.67543e-06
45	  0.670534	  0.937043	  0.000118025	  9.83192e-06	  24	  2.49853e-06
46	  0.76953	  0.952579	  8.72914e-05	  9.56369e-06	  24	  2.43037e-06
47	  0.869868	  0.963087	  6.64672e-05	  7.88541e-06	  24	  2.00387e-06
48	  0.971131	  0.970495	  5.18642e-05	  6.22663e-06	  24	  1.58234e-06
49	  0.296192	  0	  0.000623093	  1.63582e-05	  6	  7.49612e-06
50	  0.314159	  0.333333	  0.00056581	  2.11931e-05	  12	  7.17756e-06
51	  0.36276	  0.57735	  0.000422434	  1.80607e-05	  12	  6.1167e-06
52	  0.431771	  0.727607	  0.000298428	  2.28767e-05	  12	  7.74778e-06
53	  0.51302	  0.816497	  0.000209203	  2.03012e-05	  12	  6.87551e-06
54	  0.601569	  0.870388	  0.000149161	  1.52189e-05	  12	  5.15425e-06
55	  0.694632	  0.904534	  0.000109288	  1.50465e-05	  12	  5.09588e-06
56	  0.790617	  0.927173	  8.22162e-05	  7.92759e-06	  12	  2.68488e-06
57	  0.888577	  0.942809	  6.33722e-05	  6.52232e-06	  12	  2.20895e-06
58	  0.987924	  0.953998	  4.9893e-05	  3.21726e-06	  12	  1.08961e-06
59	  0.314159	  0	  0.00056581	  2.11715e-05	  6	  9.70181e-06
60	  0.331153	  0.316228	  0.000512389	  1.76274e-05	  12	  5.96995e-06
61	  0.377572	  0.5547	  0.000392702	  2.40699e-05	  12	  8.15189e-06
62	  0.444288	  0.707107	  0.000282116	  1.30344e-05	  12	  4.41441e-06
63	  0.523599	  0.8	  0.000200477	  1.9639e-05	  12	  6.65123e-06
64	  0.610616	  0.857493	  0.00014445	  7.7457e-06	  12	  2.62328e-06
65	  0.702481	  0.894427	  0.000106629	  9.24364e-06	  12	  3.13059e-06
66	  0.797522	  0.919145	  8.0644e-05	  8.38536e-06	  12	  2.83991e-06
67	  0.894726	  0.936329	  6.23818e-05	  4.03412e-06	  12	  1.36626e-06
68	  0.993459	  0.948683	  4.92701e-05	  5.32614e-06	  12	  1.80383e-06
69	  0.331153	  0	  0.000512389	  1.33537e-05	  12	  4.52257e-06
70	  0.347316	  0.301511	  0.000461525	  1.24771e-05	  24	  3.17073e-06
71	  0.391825	  0.534522	  0.000365623	  1.28673e-05	  24	  3.2699e-06
72	  0.456463	  0.688247	  0.00026716	  2.32993e-05	  24	  5.92093e-06
73	  0.533968	  0.784465	  0.000192286	  1.21678e-05	  24	  3.09212e-06
74	  0.61953	  0.845154	  0.000140033	  9.22312e-06	  24	  2.34382e-06
75	  0.710244	  0.884652	  0.000104113	  1.36764e-05	  24	  3.4755e-06
76	  0.804368	  0.911322	  7.91357e-05	  7.93656e-06	  24	  2.01687e-06
77	  0.900833	  0.929981	  6.14503e-05	  5.89501e-06	  24	  1.49806e-06
78	  0.998963	  0.943456	  4.86634e-05	  4.01245e-06	  24	  1.01966e-06
79	  0.377572	  0	  0.000392702	  1.12042e-05	  12	  3.79457e-06
80	  0.391825	  0.267261	  0.000365623	  8.47257e-06	  24	  2.15308e-06
81	  0.431771	  0.485071	  0.000298428	  1.49955e-05	  24	  3.81071e-06
82	  0.491179	  0.639602	  0.000228743	  1.02769e-05	  24	  2.61161e-06
83	  0.563933	  0.742781	  0.000171157	  1.37281e-05	  24	  3.48863e-06
84	  0.645536	  0.811107	  0.000128147	  1.1226e-05	  24	  2.85279e-06
85	  0.733038	  0.857143	  9.71158e-05	  9.78594e-06	  24	  2.48684e-06
86	  0.824564	  0.889001	  7.48811e-05	  4.49635e-06	  24	  1.14263e-06
87	  0.918912	  0.911685	  5.87657e-05	  6.4237e-06	  24	  1.63242e-06
88	  0.418879	  0	  0.000317111	  2.72236e-06	  6	  1.24752e-06
89	  0.431771	  0.242536	  0.000298428	  6.3613e-06	  12	  2.15441e-06
90	  0.468321	  0.447214	  0.000253118	  1.13511e-05	  12	  3.84433e-06
91	  0.523599	  0.6	  0.000200477	  1.06532e-05	  12	  3.60798e-06
92	  0.592384	  0.707107	  0.000154211	  4.77162e-06	  12	  1.61603e-06
93	  0.670534	  0.780869	  0.000118025	  1.09979e-05	  12	  3.72472e-06
94	  0.755145	  0.83205	  9.10016e-05	  6.5453e-06	  12	  2.21673e-06
95	  0.844278	  0.868243	  7.10317e-05	  6.27517e-06	  12	  2.12524e-06
96	  0.936642	  0.894427	  5.6289e-05	  3.42251e-06	  12	  1.15912e-06
97	  0.431771	  0	  0.000298428	  6.19662e-06	  12	  2.09864e-06
98	  0.444288	  0.235702	  0.000282116	  3.79499e-06	  24	  9.64399e-07
99	  0.479886	  0.436436	  0.000240238	  1.30413e-05	  24	  3.31411e-06
100	  0.533968	  0.588348	  0.000192286	  7.00091e-06	  24	  1.7791e-06
101	  0.601569	  0.696311	  0.000149161	  6.3795e-06	  24	  1.62119e-06
102	  0.678662	  0.771517	  0.000114957	  5.9555e-06	  24	  1.51344e-06
103	  0.762371	  0.824163	  8.90872e-05	  9.10061e-06	  24	  2.31268e-06
104	  0.850747	  0.86164	  6.98511e-05	  7.51536e-06	  24	  1.90984e-06
105	  0.942478	  0.888889	  5.55114e-05	  6.23379e-06	  24	  1.58416e-06
106	  0.444288	  0	  0.000282116	  5.67396e-06	  6	  2.60008e-06
107	  0.456463	  0.229416	  0.00026716	  1.00656e-05	  12	  3.40897e-06
108	  0.491179	  0.426401	  0.000228743	  8.59944e-06	  12	  2.91242e-06
109	  0.54414	  0.57735	  0.000184652	  3.1472e-06	  12	  1.06588e-06
110	  0.610616	  0.685994	  0.00014445	  1.10544e-05	  12	  3.74384e-06
111	  0.686693	  0.762493	  0.00011206	  7.0107e-06	  12	  2.37435e-06
112	  0.76953	  0.816497	  8.72914e-05	  6.21099e-06	  12	  2.10351e-06
113	  0.857168	  0.855186	  6.86794e-05	  3.56934e-06	  12	  1.20885e-06
114	  0.948278	  0.883452	  5.47385e-05	  2.84972e-06	  12	  9.6513e-07
115	  0.468321	  0	  0.000253118	  7.15848e-06	  12	  2.4244e-06
116	  0.479886	  0.218218	  0.000240238	  9.95938e-06	  24	  2.53092e-06
117	  0.51302	  0.408248	  0.000209203	  1.01843e-05	  24	  2.58807e-06
118	  0.563933	  0.557086	  0.000171157	  9.35603e-06	  24	  2.37759e-06
119	  0.628319	  0.666667	  0.000135839	  7.03997e-06	  24	  1.78903e-06
120	  0.702481	  0.745356	  0.000106629	  8.10216e-06	  24	  2.05895e-06
121	  0.783651	  0.801784	  8.38484e-05	  6.77034e-06	  24	  1.72051e-06
122	  0.869868	  0.842701	  6.64672e-05	  4.51384e-06	  24	  1.14707e-06
123	  0.959772	  0.872872	  5.32783e-05	  4.31879e-06	  24	  1.09751e-06
124	  0.523599	  0	  0.000200477	  5.04119e-06	  18	  1.44028e-06
125	  0.533968	  0.196116	  0.000192286	  4.79998e-06	  36	  1.04e-06
126	  0.563933	  0.371391	  0.000171157	  4.63881e-06	  36	  1.00508e-06
127	  0.610616	  0.514496	  0.00014445	  5.46938e-06	  36	  1.18503e-06
128	  0.670534	  0.624695	  0.000118025	  5.76793e-06	  36	  1.24972e-06
129	  0.74048	  0.707107	  9.50147e-05	  6.14654e-06	  36	  1.33175e-06
130	  0.817887	  0.768221	  7.62607e-05	  5.27896e-06	  36	  1.14377e-06
131	  0.900833	  0.813733	  6.14503e-05	  4.82106e-06	  36	  1.04456e-06
132	  0.987924	  0.847998	  4.9893e-05	  4.0744e-06	  36	  8.82787e-07
133	  0.533968	  0	  0.000192286	  4.74035e-06	  12	  1.60544e-06
134	  0.54414	  0.19245	  0.000184652	  6.84255e-06	  24	  1.73886e-06
135	  0.573574	  0.365148	  0.000165194	  4.89797e-06	  24	  1.24469e-06
136	  0.61953	  0.507093	  0.000140033	  6.08073e-06	  24	  1.54526e-06
137	  0.678662	  0.617213	  0.000114957	  5.67543e-06	  24	  1.44226e-06
138	  0.747849	  0.70014	  9.29373e-05	  5.49438e-06	  24	  1.39625e-06
139	  0.824564	  0.762001	  7.48811e-05	  2.30656e-06	  24	  5.86153e-07
140	  0.9069	  0.80829	  6.0533e-05	  4.92456e-06	  24	  1.25145e-06
141	  0.993459	  0.843274	  4.92701e-05	  3.61872e-06	  24	  9.19604e-07
142	  0.563933	  0	  0.000171157	  2.0282e-06	  12	  6.86902e-07
143	  0.573574	  0.182574	  0.000165194	  3.98788e-06	  24	  1.01342e-06
144	  0.601569	  0.348155	  0.000149161	  4.93521e-06	  24	  1.25416e-06
145	  0.645536	  0.486664	  0.000128147	  5.69971e-06	  24	  1.44843e-06
146	  0.702481	  0.596285	  0.000106629	  5.83774e-06	  24	  1.48351e-06
147	  0.76953	  0.680414	  8.72914e-05	  3.39818e-06	  24	  8.63559e-07
148	  0.844278	  0.744208	  7.10317e-05	  5.56838e-06	  24	  1.41506e-06
149	  0.92486	  0.792594	  5.79216e-05	  4.33346e-06	  24	  1.10124e-06
150	  0.592384	  0	  0.000154211	  1.34488e-06	  6	  6.16287e-07
151	  0.601569	  0.174078	  0.000149161	  2.89945e-06	  12	  9.81972e-07
152	  0.628319	  0.333333	  0.000135839	  4.01569e-06	  12	  1.36002e-06
153	  0.670534	  0.468521	  0.000118025	  3.43323e-06	  12	  1.16275e-06
154	  0.72552	  0.57735	  9.93707e-05	  6.45613e-06	  12	  2.18653e-06
155	  0.790617	  0.662266	  8.22162e-05	  4.76185e-06	  12	  1.61272e-06
156	  0.863541	  0.727607	  6.75513e-05	  3.82589e-06	  12	  1.29573e-06
157	  0.942478	  0.777778	  5.55114e-05	  3.08219e-06	  12	  1.04386e-06
158	  0.610616	  0	  0.00014445	  3.12656e-06	  12	  1.05889e-06
159	  0.61953	  0.169031	  0.000140033	  3.47998e-06	  24	  8.84347e-07
160	  0.645536	  0.324443	  0.000128147	  4.22964e-06	  24	  1.07485e-06
161	  0.686693	  0.457496	  0.00011206	  4.49958e-06	  24	  1.14345e-06
162	  0.74048	  0.565685	  9.50147e-05	  4.03985e-06	  24	  1.02662e-06
163	  0.804368	  0.650945	  7.91357e-05	  5.26007e-06	  24	  1.33671e-06
164	  0.876148	  0.717137	  6.5391e-05	  4.67386e-06	  24	  1.18774e-06
165	  0.954042	  0.76835	  5.39956e-05	  3.70961e-06	  24	  9.42702e-07
166	  0.628319	  0	  0.000135839	  9.6842e-06	  6	  4.43777e-06
167	  0.636985	  0.164399	  0.000131856	  5.05928e-06	  12	  1.71345e-06
168	  0.662306	  0.316228	  0.000121199	  3.21668e-06	  12	  1.08941e-06
169	  0.702481	  0.447214	  0.000106629	  1.85265e-06	  12	  6.27447e-07
170	  0.755145	  0.5547	  9.10016e-05	  2.59222e-06	  12	  8.77922e-07
171	  0.817887	  0.640184	  7.62607e-05	  3.06074e-06	  12	  1.0366e-06
172	  0.888577	  0.707107	  6.33722e-05	  3.20122e-06	  12	  1.08417e-06
173	  0.965468	  0.759257	  5.25652e-05	  3.91916e-06	  12	  1.32732e-06
174	  0.636985	  0	  0.000131856	  4.97434e-06	  12	  1.68469e-06
175	  0.645536	  0.162221	  0.000128147	  2.65041e-06	  24	  6.73532e-07
176	  0.670534	  0.312348	  0.000118025	  2.88992e-06	  24	  7.34399e-07
177	  0.710244	  0.442326	  0.000104113	  3.9099e-06	  24	  9.93599e-07
178	  0.762371	  0.549442	  8.90872e-05	  5.08291e-06	  24	  1.29169e-06
179	  0.824564	  0.635001	  7.48811e-05	  2.53727e-06	  24	  6.44781e-07
180	  0.894726	  0.702247	  6.23818e-05	  2.63863e-06	  24	  6.70539e-07
181	  0.971131	  0.754829	  5.18642e-05	  3.37344e-06	  24	  8.57273e-07
182	  0.662306	  0	  0.000121199	  2.87985e-06	  12	  9.75335e-07
183	  0.670534	  0.156174	  0.000118025	  2.72263e-06	  24	  6.91887e-07
184	  0.694632	  0.301511	  0.000109288	  2.8168e-06	  24	  7.15818e-07
185	  0.733038	  0.428571	  9.71158e-05	  4.10826e-06	  24	  1.04401e-06
186	  0.783651	  0.534522	  8.38484e-05	  3.12908e-06	  24	  7.95174e-07
187	  0.844278	  0.620174	  7.10317e-05	  3.17292e-06	  24	  8.06316e-07
188	  0.912926	  0.688247	  5.96217e-05	  2.44496e-06	  24	  6.21324e-07
189	  0.987924	  0.741999	  4.9893e-05	  2.79827e-06	  24	  7.11107e-07
190	  0.670534	  0	  0.000118025	  3.31102e-06	  12	  1.12136e-06
191	  0.678662	  0.154303	  0.000114957	  2.38923e-06	  24	  6.07161e-07
192	  0.702481	  0.298142	  0.000106629	  3.73346e-06	  24	  9.48762e-07
193	  0.74048	  0.424264	  9.50147e-05	  3.05624e-06	  24	  7.76666e-07
194	  0.790617	  0.529813	  8.22162e-05	  3.19466e-06	  24	  8.1184e-07
195	  0.850747	  0.615457	  6.98511e-05	  2.34774e-06	  24	  5.96617e-07
196	  0.918912	  0.683763	  5.87657e-05	  3.61704e-06	  24	  9.19176e-07
197	  0.993459	  0.737865	  4.92701e-05	  3.0086e-06	  24	  7.64557e-07
198	  0.702481	  0	  0.000106629	  1.55293e-06	  12	  5.25938e-07
199	  0.710244	  0.147442	  0.000104113	  3.00467e-06	  24	  7.63559e-07
200	  0.733038	  0.285714	  9.71158e-05	  3.82838e-06	  24	  9.72885e-07
201	  0.76953	  0.408248	  8.72914e-05	  3.19309e-06	  24	  8.1144e-07
202	  0.817887	  0.512148	  7.62607e-05	  4.47625e-06	  24	  1.13752e-06
203	  0.876148	  0.597614	  6.5391e-05	  3.62647e-06	  24	  9.21574e-07
204	  0.942478	  0.666667	  5.55114e-05	  3.09482e-06	  24	  7.86468e-07
205	  0.733038	  0	  9.71158e-05	  2.29504e-06	  6	  1.0517e-06
206	  0.74048	  0.141421	  9.50147e-05	  2.36893e-06	  12	  8.02299e-07
207	  0.762371	  0.274721	  8.90872e-05	  2.16008e-06	  12	  7.31566e-07
208	  0.797522	  0.393919	  8.0644e-05	  2.84569e-06	  12	  9.63763e-07
209	  0.844278	  0.496139	  7.10317e-05	  3.41564e-06	  12	  1.15679e-06
210	  0.900833	  0.581238	  6.14503e-05	  3.57155e-06	  12	  1.2096e-06
211	  0.965468	  0.650791	  5.25652e-05	  2.91416e-06	  12	  9.86954e-07
212	  0.74048	  0	  9.50147e-05	  2.42228e-06	  18	  6.9205e-07
213	  0.747849	  0.140028	  9.29373e-05	  3.34818e-06	  36	  7.25439e-07
214	  0.76953	  0.272166	  8.72914e-05	  2.59046e-06	  36	  5.61266e-07
215	  0.804368	  0.390567	  7.91357e-05	  3.70827e-06	  36	  8.03459e-07
216	  0.850747	  0.492366	  6.98511e-05	  2.23871e-06	  36	  4.85054e-07
217	  0.9069	  0.57735	  6.0533e-05	  2.25872e-06	  36	  4.89389e-07
218	  0.971131	  0.646997	  5.18642e-05	  3.78246e-06	  36	  8.19533e-07
219	  0.755145	  0	  9.10016e-05	  1.56724e-06	  12	  5.30787e-07
220	  0.762371	  0.137361	  8.90872e-05	  3.12337e-06	  24	  7.93724e-07
221	  0.783651	  0.267261	  8.38484e-05	  2.71802e-06	  24	  6.90716e-07
222	  0.817887	  0.384111	  7.62607e-05	  2.97474e-06	  24	  7.55954e-07
223	  0.863541	  0.485071	  6.75513e-05	  1.67744e-06	  24	  4.26277e-07
224	  0.918912	  0.569803	  5.87657e-05	  2.57621e-06	  24	  6.54678e-07
225	  0.982358	  0.639602	  5.05463e-05	  2.07579e-06	  24	  5.2751e-07
226	  0.762371	  0	  8.90872e-05	  1.37475e-06	  12	  4.65593e-07
227	  0.76953	  0.136083	  8.72914e-05	  3.18559e-06	  24	  8.09536e-07
228	  0.790617	  0.264906	  8.22162e-05	  2.19732e-06	  24	  5.58393e-07
229	  0.824564	  0.381	  7.48811e-05	  2.103e-06	  24	  5.34422e-07
230	  0.869868	  0.481543	  6.64672e-05	  1.55188e-06	  24	  3.94369e-07
231	  0.92486	  0.566139	  5.79216e-05	  2.96402e-06	  24	  7.5323e-07
232	  0.987924	  0.635999	  4.9893e-05	  2.28603e-06	  24	  5.80934e-07
233	  0.797522	  0	  8.0644e-05	  2.46351e-06	  12	  8.34331e-07
234	  0.804368	  0.130189	  7.91357e-05	  2.95313e-06	  24	  7.50462e-07
235	  0.824564	  0.254	  7.48811e-05	  1.8574e-06	  24	  4.72011e-07
236	  0.857168	  0.366508	  6.86794e-05	  2.3262e-06	  24	  5.91142e-07
237	  0.900833	  0.464991	  6.14503e-05	  2.19655e-06	  24	  5.58198e-07
238	  0.954042	  0.548821	  5.39956e-05	  2.51937e-06	  24	  6.40232e-07
239	  0.817887	  0	  7.62607e-05	  1.83184e-06	  12	  6.20398e-07
240	  0.824564	  0.127	  7.48811e-05	  1.78526e-06	  24	  4.53679e-07
241	  0.844278	  0.248069	  7.10317e-05	  1.98748e-06	  24	  5.05067e-07
242	  0.876148	  0.358569	  6.5391e-05	  2.57684e-06	  24	  6.54839e-07
243	  0.918912	  0.455842	  5.87657e-05	  2.2786e-06	  24	  5.79046e-07
244	  0.971131	  0.539164	  5.18642e-05	  2.78624e-06	  24	  7.08052e-07
245	  0.837758	  0	  7.2289e-05	  2.22686e-06	  6	  1.02045e-06
246	  0.844278	  0.124035	  7.10317e-05	  2.98932e-06	  12	  1.01241e-06
247	  0.863541	  0.242536	  6.75513e-05	  1.00666e-06	  12	  3.40931e-07
248	  0.894726	  0.351123	  6.23818e-05	  1.8339e-06	  12	  6.21095e-07
249	  0.936642	  0.447214	  5.6289e-05	  1.7984e-06	  12	  6.09074e-07
250	  0.987924	  0.529999	  4.9893e-05	  3.0959e-06	  12	  1.0485e-06
251	  0.844278	  0	  7.10317e-05	  2.5756e-06	  24	  6.54521e-07
252	  0.850747	  0.123091	  6.98511e-05	  2.13901e-06	  48	  4.1569e-07
253	  0.869868	  0.240772	  6.64672e-05	  1.82943e-06	  48	  3.55527e-07
254	  0.900833	  0.348743	  6.14503e-05	  2.14877e-06	  48	  4.17588e-07
255	  0.942478	  0.444444	  5.55114e-05	  2.06159e-06	  48	  4.00644e-07
256	  0.993459	  0.527046	  4.92701e-05	  2.28077e-06	  48	  4.43239e-07
257	  0.863541	  0	  6.75513e-05	  1.12447e-06	  12	  3.8083e-07
258	  0.869868	  0.120386	  6.64672e-05	  1.8384e-06	  24	  4.67182e-07
259	  0.888577	  0.235702	  6.33722e-05	  1.81659e-06	  24	  4.61641e-07
260	  0.918912	  0.341882	  5.87657e-05	  2.03769e-06	  24	  5.17827e-07
261	  0.959772	  0.436436	  5.32783e-05	  1.93379e-06	  24	  4.91422e-07
262	  0.888577	  0	  6.33722e-05	  1.76983e-06	  6	  8.11022e-07
263	  0.894726	  0.117041	  6.23818e-05	  1.30687e-06	  12	  4.42603e-07
264	  0.912926	  0.229416	  5.96217e-05	  1.84128e-06	  12	  6.23597e-07
265	  0.942478	  0.333333	  5.55114e-05	  1.98623e-06	  12	  6.72688e-07
266	  0.982358	  0.426401	  5.05463e-05	  1.94933e-06	  12	  6.60191e-07
267	  0.894726	  0	  6.23818e-05	  1.35649e-06	  12	  4.59408e-07
268	  0.900833	  0.116248	  6.14503e-05	  1.6933e-06	  24	  4.30309e-07
269	  0.918912	  0.227921	  5.87657e-05	  1.9974e-06	  24	  5.07588e-07
270	  0.948278	  0.331295	  5.47385e-05	  1.96619e-06	  24	  4.99657e-07
271	  0.987924	  0.423999	  4.9893e-05	  1.69064e-06	  24	  4.29632e-07
272	  0.900833	  0	  6.14503e-05	  2.21711e-06	  12	  7.5088e-07
273	  0.9069	  0.11547	  6.0533e-05	  1.63409e-06	  24	  4.15261e-07
274	  0.92486	  0.226455	  5.79216e-05	  1.30937e-06	  24	  3.32741e-07
275	  0.954042	  0.329293	  5.39956e-05	  1.99715e-06	  24	  5.07525e-07
276	  0.993459	  0.421637	  4.92701e-05	  1.78039e-06	  24	  4.5244e-07
277	  0.936642	  0	  5.6289e-05	  1.18201e-06	  12	  4.00317e-07
278	  0.942478	  0.111111	  5.55114e-05	  1.69747e-06	  24	  4.31368e-07
279	  0.959772	  0.218218	  5.32783e-05	  1.41613e-06	  24	  3.59872e-07
280	  0.987924	  0.317999	  4.9893e-05	  1.38872e-06	  24	  3.52907e-07
281	  0.942478	  0	  5.55114e-05	  3.08716e-06	  6	  1.41468e-06
282	  0.948278	  0.110432	  5.47385e-05	  2.11741e-06	  12	  7.17113e-07
283	  0.965468	  0.21693	  5.25652e-05	  1.76721e-06	  12	  5.9851e-07
284	  0.993459	  0.316228	  4.92701e-05	  1.92377e-06	  12	  6.51532e-07
285	  0.948278	  0	  5.47385e-05	  1.93476e-06	  12	  6.55254e-07
286	  0.954042	  0.109764	  5.39956e-05	  1.42122e-06	  24	  3.61166e-07
287	  0.971131	  0.215666	  5.18642e-05	  1.11558e-06	  24	  2.83496e-07
288	  0.998963	  0.314485	  4.86634e-05	  1.53764e-06	  24	  3.90753e-07
289	  0.965468	  0	  5.25652e-05	  1.30554e-06	  24	  3.3177e-07
290	  0.971131	  0.107833	  5.18642e-05	  1.57411e-06	  48	  3.05909e-07
291	  0.987924	  0.212	  4.9893e-05	  1.67185e-06	  48	  3.24903e-07
292	  0.987924	  0	  4.9893e-05	  1.50452e-06	  12	  5.09542e-07
293	  0.993459	  0.105409	  4.92701e-05	  1.54657e-06	  24	  3.93021e-07
294	  0.993459	  0	  4.92701e-05	  1.26248e-06	  12	  4.27572e-07
295	  0.998963	  0.104828	  4.86634e-05	  1.27081e-06	  24	  3.22945e-07
296	  1.08818	  0.030936	  4.0048e-05	  1.21292e-06	  138	  1.63897e-07
297	  1.08818	  0.0938307	  4.0048e-05	  1.114e-06	  252	  1.25876e-07
298	  1.08818	  0.156319	  4.0048e-05	  9.98858e-07	  72	  1.67659e-07
299	  1.08818	  0.218712	  4.0048e-05	  1.13252e-06	  216	  1.33684e-07
300	  1.08818	  0.281224	  4.0048e-05	  1.33397e-06	  288	  1.45304e-07
301	  1.08818	  0.343807	  4.0048e-05	  1.26579e-06	  120	  1.7884e-07
302	  1.08818	  0.406302	  4.0048e-05	  1.75163e-06	  180	  2.1814e-07
303	  1.08818	  0.468745	  4.0048e-05	  1.69229e-06	  180	  2.1075e-07
304	  1.08818	  0.531226	  4.0048e-05	  1.88789e-06	  192	  2.30641e-07
305	  1.08818	  0.593785	  4.0048e-05	  2.45088e-06	  192	  2.99421e-07
306	  1.08818	  0.656281	  4.0048e-05	  2.05252e-06	  168	  2.60982e-07
307	  1.08818	  0.718743	  4.0048e-05	  2.58543e-06	  228	  3.00496e-07
308	  1.08818	  0.781255	  4.0048e-05	  3.49243e-06	  144	  4.65657e-07
309	  1.08818	  0.843774	  4.0048e-05	  3.01718e-06	  240	  3.45617e-07
310	  1.08818	  0.90628	  4.0048e-05	  4.03184e-06	  168	  5.12656e-07
311	  1.08818	  0.968758	  4.0048e-05	  3.98097e-06	  150	  5.24093e-07
312	  1.25577	  0.030936	  2.88042e-05	  9.26695e-07	  198	  1.12192e-07
313	  1.25577	  0.0938307	  2.88042e-05	  9.52666e-07	  396	  9.55065e-08
314	  1.25577	  0.156319	  2.88042e-05	  9.12015e-07	  396	  9.14312e-08
315	  1.25577	  0.218712	  2.88042e-05	  8.63762e-07	  204	  1.03663e-07
316	  1.25577	  0.281224	  2.88042e-05	  1.02493e-06	  216	  1.20984e-07
317	  1.25577	  0.343807	  2.88042e-05	  1.01893e-06	  372	  1.03775e-07
318	  1.25577	  0.406302	  2.88042e-05	  1.14794e-06	  312	  1.22386e-07
319	  1.25577	  0.468745	  2.88042e-05	  1.15173e-06	  288	  1.25453e-07
320	  1.25577	  0.531226	  2.88042e-05	  1.51884e-06	  264	  1.6942e-07
321	  1.25577	  0.593785	  2.88042e-05	  1.41018e-06	  312	  1.50345e-07
322	  1.25577	  0.656281	  2.88042e-05	  1.57543e-06	  276	  1.73602e-07
323	  1.25577	  0.718743	  2.88042e-05	  1.75808e-06	  312	  1.87436e-07
324	  1.25577	  0.781255	  2.88042e-05	  2.02302e-06	  276	  2.22923e-07
325	  1.25577	  0.843774	  2.88042e-05	  2.14724e-06	  240	  2.45966e-07
326	  1.25577	  0.90628	  2.88042e-05	  2.4608e-06	  324	  2.59752e-07
327	  1.25577	  0.968758	  2.88042e-05	  2.79169e-06	  315	  2.96878e-07
328	  1.45182	  0.030936	  2.05474e-05	  6.48375e-07	  246	  7.37577e-08
329	  1.45182	  0.0938307	  2.05474e-05	  5.9237e-07	  516	  5.56961e-08
330	  1.45182	  0.156319	  2.05474e-05	  6.57114e-07	  504	  6.21259e-08
331	  1.45182	  0.218712	  2.05474e-05	  6.25756e-07	  528	  5.85203e-08
332	  1.45182	  0.281224	  2.05474e-05	  6.6381e-07	  504	  6.27589e-08
333	  1.45182	  0.343807	  2.05474e-05	  7.68643e-07	  384	  7.76568e-08
334	  1.45182	  0.406302	  2.05474e-05	  9.16803e-07	  420	  9.05756e-08
335	  1.45182	  0.468745	  2.05474e-05	  8.01914e-07	  468	  7.71642e-08
336	  1.45182	  0.531226	  2.05474e-05	  9.03704e-07	  480	  8.64334e-08
337	  1.45182	  0.593785	  2.05474e-05	  9.59763e-07	  468	  9.23532e-08
338	  1.45182	  0.656281	  2.05474e-05	  1.04662e-06	  396	  1.04925e-07
339	  1.45182	  0.718743	  2.05474e-05	  1.15e-06	  456	  1.11354e-07
340	  1.45182	  0.781255	  2.05474e-05	  1.43043e-06	  432	  1.40343e-07
341	  1.45182	  0.843774	  2.05474e-05	  1.46367e-06	  480	  1.39991e-07
342	  1.45182	  0.90628	  2.05474e-05	  1.76971e-06	  480	  1.69261e-07
343	  1.45182	  0.968758	  2.05474e-05	  1.89464e-06	  414	  1.87849e-07
344	  1.68148	  0.030936	  1.45436e-05	  4.42079e-07	  798	  3.77534e-08
345	  1.68148	  0.0938307	  1.45436e-05	  5.00859e-07	  708	  4.38664e-08
346	  1.68148	  0.156319	  1.45436e-05	  4.54688e-07	  684	  4.01199e-08
347	  1.68148	  0.218712	  1.45436e-05	  4.99693e-07	  720	  4.36071e-08
348	  1.68148	  0.281224	  1.45436e-05	  5.07111e-07	  708	  4.44139e-08
349	  1.68148	  0.343807	  1.45436e-05	  5.33217e-07	  720	  4.65327e-08
350	  1.68148	  0.406302	  1.45436e-05	  5.77243e-07	  672	  5.11298e-08
351	  1.68148	  0.468745	  1.45436e-05	  6.57341e-07	  732	  5.71631e-08
352	  1.68148	  0.531226	  1.45436e-05	  6.75473e-07	  672	  5.98306e-08
353	  1.68148	  0.593785	  1.45436e-05	  6.95085e-07	  708	  6.08772e-08
354	  1.68148	  0.656281	  1.45436e-05	  7.28275e-07	  744	  6.31136e-08
355	  1.68148	  0.718743	  1.45436e-05	  9.15101e-07	  744	  7.93042e-08
356	  1.68148	  0.781255	  1.45436e-05	  9.79877e-07	  696	  8.6136e-08
357	  1.68148	  0.843774	  1.45436e-05	  1.03798e-06	  708	  9.09084e-08
358	  1.68148	  0.90628	  1.45436e-05	  1.15645e-06	  696	  1.01658e-07
359	  1.68148	  0.968758	  1.45436e-05	  1.2532e-06	  741	  1.08698e-07
360	  1.94819	  0.030936	  1.02432e-05	  3.28116e-07	  1368	  2.5277e-08
361	  1.94819	  0.0938307	  1.02432e-05	  3.2692e-07	  924	  2.71009e-08
362	  1.94819	  0.156319	  1.02432e-05	  3.49563e-07	  972	  2.86904e-08
363	  1.94819	  0.218712	  1.02432e-05	  3.69493e-07	  972	  3.03261e-08
364	  1.94819	  0.281224	  1.02432e-05	  3.38033e-07	  1200	  2.66598e-08
365	  1.94819	  0.343807	  1.02432e-05	  3.63235e-07	  1140	  2.89199e-08
366	  1.94819	  0.406302	  1.02432e-05	  3.96898e-07	  1080	  3.19221e-08
367	  1.94819	  0.468745	  1.02432e-05	  4.44211e-07	  1068	  3.58032e-08
368	  1.94819	  0.531226	  1.02432e-05	  4.25525e-07	  1164	  3.37486e-08
369	  1.94819	  0.593785	  1.02432e-05	  5.11952e-07	  1188	  4.04508e-08
370	  1.94819	  0.656281	  1.02432e-05	  5.19969e-07	  1068	  4.19092e-08
371	  1.94819	  0.718743	  1.02432e-05	  5.50207e-07	  1008	  4.48403e-08
372	  1.94819	  0.781255	  1.02432e-05	  6.26797e-07	  1164	  4.97116e-08
373	  1.94819	  0.843774	  1.02432e-05	  6.63692e-07	  1176	  5.25383e-08
374	  1.94819	  0.90628	  1.02432e-05	  7.19685e-07	  1080	  5.78835e-08
375	  1.94819	  0.968758	  1.02432e-05	  7.67796e-07	  1038	  6.2221e-08
376	  2.25604	  0.030936	  7.19976e-06	  2.42028e-07	  1896	  1.76597e-08
377	  2.25604	  0.0938307	  7.19976e-06	  2.4551e-07	  1272	  1.91592e-08
378	  2.25604	  0.156319	  7.19976e-06	  2.39399e-07	  2040	  1.72704e-08
379	  2.25604	  0.218712	  7.19976e-06	  2.54147e-07	  1740	  1.88001e-08
380	  2.25604	  0.281224	  7.19976e-06	  2.57915e-07	  1584	  1.93761e-08
381	  2.25604	  0.343807	  7.19976e-06	  2.64778e-07	  1764	  1.95432e-08
382	  2.25604	  0.406302	  7.19976e-06	  2.7673e-07	  1632	  2.06866e-08
383	  2.25604	  0.468745	  7.19976e-06	  2.9754e-07	  1860	  2.1776e-08
384	  2.25604	  0.531226	  7.19976e-06	  3.19602e-07	  1560	  2.40719e-08
385	  2.25604	  0.593785	  7.19976e-06	  3.33348e-07	  1692	  2.47714e-08
386	  2.25604	  0.656281	  7.19976e-06	  3.67598e-07	  1704	  2.7285e-08
387	  2.25604	  0.718743	  7.19976e-06	  3.84962e-07	  1824	  2.82619e-08
388	  2.25604	  0.781255	  7.19976e-06	  4.11671e-07	  1668	  3.06634e-08
389	  2.25604	  0.843774	  7.19976e-06	  4.39825e-07	  1680	  3.27219e-08
390	  2.25604	  0.90628	  7.19976e-06	  4.75353e-07	  1776	  3.50473e-08
391	  2.25604	  0.968758	  7.19976e-06	  4.92704e-07	  1656	  3.67427e-08
392	  2.61216	  0.030936	  5.04692e-06	  1.81714e-07	  2586	  1.2659e-08
393	  2.61216	  0.0938307	  5.04692e-06	  1.75258e-07	  3036	  1.19436e-08
394	  2.61216	  0.156319	  5.04692e-06	  1.86163e-07	  2124	  1.33476e-08
395	  2.61216	  0.218712	  5.04692e-06	  1.7827e-07	  2940	  1.22013e-08
396	  2.61216	  0.281224	  5.04692e-06	  1.85747e-07	  2616	  1.2919e-08
397	  2.61216	  0.343807	  5.04692e-06	  1.95059e-07	  2448	  1.36953e-08
398	  2.61216	  0.406302	  5.04692e-06	  2.02954e-07	  2916	  1.39061e-08
399	  2.61216	  0.468745	  5.04692e-06	  2.09228e-07	  2544	  1.46096e-08
400	  2.61216	  0.531226	  5.04692e-06	  2.19546e-07	  2652	  1.52406e-08
401	  2.61216	  0.593785	  5.04692e-06	  2.28461e-07	  2748	  1.57812e-08
402	  2.61216	  0.656281	  5.04692e-06	  2.50328e-07	  2676	  1.73555e-08
403	  2.61216	  0.718743	  5.04692e-06	  2.47133e-07	  2472	  1.73272e-08
404	  2.61216	  0.781255	  5.04692e-06	  2.66929e-07	  2616	  1.85653e-08
405	  2.61216	  0.843774	  5.04692e-06	  2.74933e-07	  2736	  1.90028e-08
406	  2.61216	  0.90628	  5.04692e-06	  2.89782e-07	  2568	  2.02075e-08
407	  2.61216	  0.968758	  5.04692e-06	  2.94729e-07	  2745	  2.03618e-08
408	  3.02645	  0.030936	  3.52029e-06	  1.34279e-07	  3414	  9.0121e-09
409	  3.02645	  0.0938307	  3.52029e-06	  1.30165e-07	  4512	  8.44605e-09
410	  3.02645	  0.156319	  3.52029e-06	  1.28483e-07	  4632	  8.312e-09
411	  3.02645	  0.218712	  3.52029e-06	  1.2595e-07	  3972	  8.29596e-09
412	  3.02645	  0.281224	  3.52029e-06	  1.31613e-07	  4176	  8.6173e-09
413	  3.02645	  0.343807	  3.52029e-06	  1.38463e-07	  4344	  9.02397e-09
414	  3.02645	  0.406302	  3.52029e-06	  1.43728e-07	  4044	  9.44654e-09
415	  3.02645	  0.468745	  3.52029e-06	  1.47547e-07	  4092	  9.68388e-09
416	  3.02645	  0.531226	  3.52029e-06	  1.58714e-07	  4296	  1.03572e-08
417	  3.02645	  0.593785	  3.52029e-06	  1.60412e-07	  3996	  1.05582e-08
418	  3.02645	  0.656281	  3.52029e-06	  1.64445e-07	  4188	  1.07633e-08
419	  3.02645	  0.718743	  3.52029e-06	  1.77032e-07	  4212	  1.15794e-08
420	  3.02645	  0.781255	  3.52029e-06	  1.72114e-07	  4140	  1.12806e-08
421	  3.02645	  0.843774	  3.52029e-06	  1.75434e-07	  4128	  1.15022e-08
422	  3.02645	  0.90628	  3.52029e-06	  1.81152e-07	  4188	  1.18568e-08
423	  3.02645	  0.968758	  3.52029e-06	  1.77303e-07	  4128	  1.16248e-08
424	  3.50419	  0.030936	  2.45325e-06	  9.47067e-08	  7002	  5.86713e-09
425	  3.50419	  0.0938307	  2.45325e-06	  9.52257e-08	  6240	  5.96677e-09
426	  3.50419	  0.156319	  2.45325e-06	  9.08648e-08	  5964	  5.71983e-09
427	  3.50419	  0.218712	  2.45325e-06	  9.41317e-08	  6180	  5.90399e-09
428	  3.50419	  0.281224	  2.45325e-06	  9.51002e-08	  6420	  5.94191e-09
429	  3.50419	  0.343807	  2.45325e-06	  9.75332e-08	  6516	  6.08492e-09
430	  3.50419	  0.406302	  2.45325e-06	  1.00593e-07	  6312	  6.29582e-09
431	  3.50419	  0.468745	  2.45325e-06	  1.06398e-07	  6276	  6.66293e-09
432	  3.50419	  0.531226	  2.45325e-06	  1.05276e-07	  6360	  6.58391e-09
433	  3.50419	  0.593785	  2.45325e-06	  1.06914e-07	  6408	  6.68127e-09
434	  3.50419	  0.656281	  2.45325e-06	  1.14582e-07	  6360	  7.16589e-09
435	  3.50419	  0.718743	  2.45325e-06	  1.118e-07	  6336	  6.99455e-09
436	  3.50419	  0.781255	  2.45325e-06	  1.08425e-07	  6372	  6.77954e-09
437	  3.50419	  0.843774	  2.45325e-06	  1.14446e-07	  6456	  7.14663e-09
438	  3.50419	  0.90628	  2.45325e-06	  1.0905e-07	  6360	  6.81993e-09
439	  3.50419	  0.968758	  2.45325e-06	  1.04094e-07	  6327	  6.51339e-09
440	  4.05763	  0.030936	  1.70477e-06	  6.84594e-08	  10392	  4.09453e-09
441	  4.05763	  0.0938307	  1.70477e-06	  6.59695e-08	  9420	  3.97818e-09
442	  4.05763	  0.156319	  1.70477e-06	  6.75258e-08	  10176	  4.04568e-09
443	  4.05763	  0.218712	  1.70477e-06	  6.72954e-08	  10260	  4.02914e-09
444	  4.05763	  0.281224	  1.70477e-06	  6.50663e-08	  9528	  3.9199e-09
445	  4.05763	  0.343807	  1.70477e-06	  6.68239e-08	  10140	  4.0048e-09
446	  4.05763	  0.406302	  1.70477e-06	  7.0269e-08	  9960	  4.21755e-09
447	  4.05763	  0.468745	  1.70477e-06	  7.0034e-08	  10068	  4.19967e-09
448	  4.05763	  0.531226	  1.70477e-06	  7.24521e-08	  9996	  4.34727e-09
449	  4.05763	  0.593785	  1.70477e-06	  7.00545e-08	  9828	  4.20938e-09
450	  4.05763	  0.656281	  1.70477e-06	  6.98371e-08	  10032	  4.18911e-09
451	  4.05763	  0.718743	  1.70477e-06	  6.94214e-08	  9924	  4.16794e-09
452	  4.05763	  0.781255	  1.70477e-06	  6.69277e-08	  10116	  4.01181e-09
453	  4.05763	  0.843774	  1.70477e-06	  6.62241e-08	  9888	  3.97719e-09
454	  4.05763	  0.90628	  1.70477e-06	  6.40846e-08	  10008	  3.84482e-09
455	  4.05763	  0.968758	  1.70477e-06	  5.87381e-08	  9978	  3.52493e-09
456	  4.69917	  0.030936	  1.18077e-06	  4.87223e-08	  13626	  2.85351e-09
457	  4.69917	  0.0938307	  1.18077e-06	  4.86055e-08	  16392	  2.80992e-09
458	  4.69917	  0.156319	  1.18077e-06	  4.76274e-08	  15708	  2.76138e-09
459	  4.69917	  0.218712	  1.18077e-06	  4.6752e-08	  15432	  2.71395e-09
460	  4.69917	  0.281224	  1.18077e-06	  4.59476e-08	  15780	  2.66315e-09
461	  4.69917	  0.343807	  1.18077e-06	  4.65684e-08	  15300	  2.70491e-09
462	  4.69917	  0.406302	  1.18077e-06	  4.57831e-08	  15588	  2.65586e-09
463	  4.69917	  0.468745	  1.18077e-06	  4.66661e-08	  15396	  2.7094e-09
464	  4.69917	  0.531226	  1.18077e-06	  4.6427e-08	  15504	  2.69421e-09
465	  4.69917	  0.593785	  1.18077e-06	  4.49808e-08	  15660	  2.60849e-09
466	  4.69917	  0.656281	  1.18077e-06	  4.34417e-08	  15192	  2.52454e-09
467	  4.69917	  0.718743	  1.18077e-06	  4.26508e-08	  15600	  2.47402e-09
468	  4.69917	  0.781255	  1.18077e-06	  4.09468e-08	  15216	  2.37929e-09
469	  4.69917	  0.843774	  1.18077e-06	  3.85813e-08	  15516	  2.2388e-09
470	  4.69917	  0.90628	  1.18077e-06	  3.56163e-08	  15540	  2.06652e-09
471	  4.69917	  0.968758	  1.18077e-06	  3.29951e-08	  15405	  1.91559e-09
472	  5.4432	  0.030936	  8.15755e-07	  3.48963e-08	  26250	  1.9602e-09
473	  5.4432	  0.0938307	  8.15755e-07	  3.41598e-08	  22392	  1.93627e-09
474	  5.4432	  0.156319	  8.15755e-07	  3.34455e-08	  24516	  1.88588e-09
475	  5.4432	  0.218712	  8.15755e-07	  3.23362e-08	  23592	  1.82734e-09
476	  5.4432	  0.281224	  8.15755e-07	  3.20753e-08	  24264	  1.80968e-09
477	  5.4432	  0.343807	  8.15755e-07	  3.15497e-08	  23928	  1.78145e-09
478	  5.4432	  0.406302	  8.15755e-07	  3.05768e-08	  24120	  1.72572e-09
479	  5.4432	  0.468745	  8.15755e-07	  2.95692e-08	  23964	  1.66947e-09
480	  5.4432	  0.531226	  8.15755e-07	  2.90459e-08	  24060	  1.63955e-09
481	  5.4432	  0.593785	  8.15755e-07	  2.78546e-08	  24108	  1.57213e-09
482	  5.4432	  0.656281	  8.15755e-07	  2.63689e-08	  24228	  1.48785e-09
483	  5.4432	  0.718743	  8.15755e-07	  2.50709e-08	  24144	  1.41489e-09
484	  5.4432	  0.781255	  8.15755e-07	  2.30413e-08	  23940	  1.30098e-09
485	  5.4432	  0.843774	  8.15755e-07	  2.08362e-08	  24192	  1.17577e-09
486	  5.4432	  0.90628	  8.15755e-07	  1.93173e-08	  23988	  1.09059e-09
487	  5.4432	  0.968758	  8.15755e-07	  1.71814e-08	  24141	  9.6965e-10
488	  6.30378	  0.030936	  5.62645e-07	  2.45431e-08	  35082	  1.35819e-09
489	  6.30378	  0.0938307	  5.62645e-07	  2.37283e-08	  39108	  1.3064e-09
490	  6.30378	  0.156319	  5.62645e-07	  2.30132e-08	  36924	  1.27042e-09
491	  6.30378	  0.218712	  5.62645e-07	  2.22849e-08	  37692	  1.22903e-09
492	  6.30378	  0.281224	  5.62645e-07	  2.10883e-08	  37092	  1.16391e-09
493	  6.30378	  0.343807	  5.62645e-07	  2.08301e-08	  37536	  1.14902e-09
494	  6.30378	  0.406302	  5.62645e-07	  1.97457e-08	  36984	  1.08996e-09
495	  6.30378	  0.468745	  5.62645e-07	  1.87833e-08	  37428	  1.03626e-09
496	  6.30378	  0.531226	  5.62645e-07	  1.75758e-08	  37392	  9.69684e-10
497	  6.30378	  0.593785	  5.62645e-07	  1.63792e-08	  37200	  9.03881e-10
498	  6.30378	  0.656281	  5.62645e-07	  1.5091e-08	  36924	  8.33087e-10
499	  6.30378	  0.718743	  5.62645e-07	  1.3793e-08	  37272	  7.61095e-10
500	  6.30378	  0.781255	  5.62645e-07	  1.21958e-08	  37284	  6.72948e-10
501	  6.30378	  0.843774	  5.62645e-07	  1.09084e-08	  37188	  6.01984e-10
502	  6.30378	  0.90628	  5.62645e-07	  9.61853e-09	  37320	  5.30716e-10
503	  6.30378	  0.968758	  5.62645e-07	  8.23955e-09	  37119	  4.54744e-10
504	  7.30029	  0.030936	  3.87106e-07	  1.68695e-08	  60258	  9.12197e-10
505	  7.30029	  0.0938307	  3.87106e-07	  1.62614e-08	  56916	  8.81232e-10
506	  7.30029	  0.156319	  3.87106e-07	  1.55496e-08	  56820	  8.42711e-10
507	  7.30029	  0.218712	  3.87106e-07	  1.47932e-08	  58716	  8.0071e-10
508	  7.30029	  0.281224	  3.87106e-07	  1.3925e-08	  57840	  7.54152e-10
509	  7.30029	  0.343807	  3.87106e-07	  1.30151e-08	  57612	  7.04979e-10
510	  7.30029	  0.406302	  3.87106e-07	  1.22174e-08	  58464	  6.614e-10
511	  7.30029	  0.468745	  3.87106e-07	  1.12336e-08	  57948	  6.08348e-10
512	  7.30029	  0.531226	  3.87106e-07	  1.02862e-08	  57708	  5.5713e-10
513	  7.30029	  0.593785	  3.87106e-07	  9.1107e-09	  58236	  4.93288e-10
514	  7.30029	  0.656281	  3.87106e-07	  8.07905e-09	  58008	  4.37496e-10
515	  7.30029	  0.718743	  3.87106e-07	  7.09359e-09	  58200	  3.84083e-10
516	  7.30029	  0.781255	  3.87106e-07	  6.03823e-09	  58128	  3.26956e-10
517	  7.30029	  0.843774	  3.87106e-07	  5.18778e-09	  57972	  2.80935e-10
518	  7.30029	  0.90628	  3.87106e-07	  4.35044e-09	  57960	  2.35592e-10
519	  7.30029	  0.968758	  3.87106e-07	  3.61745e-09	  58122	  1.95877e-10
520	  8.455	  0.030936	  2.65864e-07	  1.12672e-08	  90198	  6.00878e-10
521	  8.455	  0.0938307	  2.65864e-07	  1.08634e-08	  89292	  5.79524e-10
522	  8.455	  0.156319	  2.65864e-07	  1.03177e-08	  90804	  5.50126e-10
523	  8.455	  0.218712	  2.65864e-07	  9.4541e-09	  89628	  5.04284e-10
524	  8.455	  0.281224	  2.65864e-07	  8.73789e-09	  89844	  4.66046e-10
525	  8.455	  0.343807	  2.65864e-07	  7.98317e-09	  90636	  4.25675e-10
526	  8.455	  0.406302	  2.65864e-07	  7.15812e-09	  89628	  3.81816e-10
527	  8.455	  0.468745	  2.65864e-07	  6.30593e-09	  89772	  3.36343e-10
528	  8.455	  0.531226	  2.65864e-07	  5.55131e-09	  90324	  2.96036e-10
529	  8.455	  0.593785	  2.65864e-07	  4.721e-09	  89784	  2.51806e-10
530	  8.455	  0.656281	  2.65864e-07	  3.95804e-09	  90216	  2.11079e-10
531	  8.455	  0.718743	  2.65864e-07	  3.33274e-09	  89796	  1.77759e-10
532	  8.455	  0.781255	  2.65864e-07	  2.74614e-09	  90120	  1.46455e-10
533	  8.455	  0.843774	  2.65864e-07	  2.24052e-09	  90132	  1.19489e-10
534	  8.455	  0.90628	  2.65864e-07	  1.83145e-09	  89916	  9.768e-11
535	  8.455	  0.968758	  2.65864e-07	  1.44866e-09	  89964	  7.72627e-11
536	  9.79129	  0.030936	  1.82229e-07	  7.37468e-09	  139068	  3.8851e-10
537	  9.79129	  0.0938307	  1.82229e-07	  7.00147e-09	  141180	  3.68708e-10
538	  9.79129	  0.156319	  1.82229e-07	  6.50881e-09	  139380	  3.42875e-10
539	  9.79129	  0.218712	  1.82229e-07	  5.8792e-09	  138804	  3.09741e-10
540	  9.79129	  0.281224	  1.82229e-07	  5.24952e-09	  140952	  2.76458e-10
541	  9.79129	  0.343807	  1.82229e-07	  4.56483e-09	  139668	  2.40456e-10
542	  9.79129	  0.406302	  1.82229e-07	  3.92164e-09	  139464	  2.06583e-10
543	  9.79129	  0.468745	  1.82229e-07	  3.29425e-09	  139812	  1.73523e-10
544	  9.79129	  0.531226	  1.82229e-07	  2.72551e-09	  139884	  1.43563e-10
545	  9.79129	  0.593785	  1.82229e-07	  2.22605e-09	  140184	  1.17248e-10
546	  9.79129	  0.656281	  1.82229e-07	  1.78951e-09	  139404	  9.42683e-11
547	  9.79129	  0.718743	  1.82229e-07	  1.43928e-09	  139932	  7.58113e-11
548	  9.79129	  0.781255	  1.82229e-07	  1.14282e-09	  139980	  6.01953e-11
549	  9.79129	  0.843774	  1.82229e-07	  8.97194e-10	  139632	  4.72607e-11
550	  9.79129	  0.90628	  1.82229e-07	  7.02587e-10	  140088	  3.70065e-11
551	  9.79129	  0.968758	  1.82229e-07	  5.28141e-10	  139623	  2.78205e-11
