#n	   k	      mu	    PL	    Pf	     w	     err  
0	  0.10472	  1	  0.00306127	  0.000581135	  3	  0.000364575
1	  0.20944	  1	  0.0010874	  0.000168231	  3	  0.00010554
2	  0.314159	  1	  0.000509336	  0.00015273	  3	  9.58149e-05
3	  0.418879	  1	  0.00028546	  2.69639e-05	  3	  1.69158e-05
4	  0.523599	  1	  0.000180467	  9.46914e-06	  3	  5.94047e-06
5	  0.628319	  1	  0.000122281	  5.07896e-05	  3	  3.18629e-05
6	  0.733038	  1	  8.74227e-05	  2.08684e-05	  3	  1.30918e-05
7	  0.837758	  1	  6.50738e-05	  1.62499e-05	  3	  1.01944e-05
8	  0.942478	  1	  4.99708e-05	  2.6695e-06	  3	  1.67471e-06
9	  0.10472	  0	  0.00306127	  0.000100117	  6	  4.58786e-05
10	  0.148096	  0.707107	  0.00194673	  0.000142614	  12	  4.82998e-05
11	  0.23416	  0.894427	  0.000861366	  0.000169957	  12	  5.75603e-05
12	  0.331153	  0.948683	  0.000461248	  7.08719e-05	  12	  2.40025e-05
13	  0.431771	  0.970143	  0.000268642	  3.61396e-05	  12	  1.22396e-05
14	  0.533968	  0.980581	  0.000173094	  2.35858e-05	  12	  7.98793e-06
15	  0.636985	  0.986394	  0.000118696	  1.61271e-05	  12	  5.46183e-06
16	  0.74048	  0.989949	  8.55312e-05	  1.86978e-05	  12	  6.33248e-06
17	  0.844278	  0.992278	  6.3942e-05	  1.0446e-05	  12	  3.53781e-06
18	  0.948278	  0.993884	  4.92751e-05	  9.88886e-06	  12	  3.34911e-06
19	  0.148096	  0	  0.00194673	  5.58087e-05	  6	  2.55742e-05
20	  0.18138	  0.57735	  0.00138108	  7.7718e-05	  12	  2.63212e-05
21	  0.25651	  0.816497	  0.000758093	  8.53602e-05	  12	  2.89094e-05
22	  0.347316	  0.904534	  0.00041546	  4.75633e-05	  12	  1.61085e-05
23	  0.444288	  0.942809	  0.000253958	  2.84941e-05	  12	  9.65024e-06
24	  0.54414	  0.96225	  0.000166222	  2.91309e-05	  12	  9.86593e-06
25	  0.645536	  0.973329	  0.000115357	  1.63224e-05	  12	  5.52798e-06
26	  0.747849	  0.980196	  8.36612e-05	  1.24034e-05	  12	  4.20073e-06
27	  0.850747	  0.984732	  6.28792e-05	  1.27897e-05	  12	  4.33154e-06
28	  0.954042	  0.987878	  4.86063e-05	  8.84487e-06	  12	  2.99554e-06
29	  0.20944	  0	  0.0010874	  3.41224e-05	  6	  1.56365e-05
30	  0.23416	  0.447214	  0.000861366	  5.42367e-05	  12	  1.83686e-05
31	  0.296192	  0.707107	  0.000560902	  6.34775e-05	  12	  2.14982e-05
32	  0.377572	  0.83205	  0.000353507	  4.44527e-05	  12	  1.5055e-05
33	  0.468321	  0.894427	  0.000227855	  3.5757e-05	  12	  1.211e-05
34	  0.563933	  0.928477	  0.000154074	  1.28166e-05	  12	  4.34068e-06
35	  0.662306	  0.948683	  0.000109103	  1.42818e-05	  12	  4.8369e-06
36	  0.762371	  0.961524	  8.01954e-05	  1.21088e-05	  12	  4.10095e-06
37	  0.863541	  0.970143	  6.0809e-05	  4.70548e-06	  12	  1.59363e-06
38	  0.965468	  0.976187	  4.73186e-05	  6.61181e-06	  12	  2.23926e-06
39	  0.23416	  0	  0.000861366	  3.47561e-05	  12	  1.1771e-05
40	  0.25651	  0.408248	  0.000758093	  3.43548e-05	  24	  8.73038e-06
41	  0.314159	  0.666667	  0.000509336	  4.63707e-05	  24	  1.17839e-05
42	  0.391825	  0.801784	  0.00032913	  3.28592e-05	  24	  8.3503e-06
43	  0.479886	  0.872872	  0.00021626	  3.99716e-05	  24	  1.01577e-05
44	  0.573574	  0.912871	  0.000148705	  1.73768e-05	  24	  4.41586e-06
45	  0.670534	  0.937043	  0.000106245	  1.20542e-05	  24	  3.06326e-06
46	  0.76953	  0.952579	  7.85788e-05	  1.16766e-05	  24	  2.9673e-06
47	  0.869868	  0.963087	  5.98331e-05	  9.85886e-06	  24	  2.50537e-06
48	  0.971131	  0.970495	  4.66877e-05	  7.38121e-06	  24	  1.87574e-06
49	  0.296192	  0	  0.000560902	  1.96264e-05	  6	  8.99376e-06
50	  0.314159	  0.333333	  0.000509336	  2.55463e-05	  12	  8.65189e-06
51	  0.36276	  0.57735	  0.000380271	  2.2013e-05	  12	  7.45524e-06
52	  0.431771	  0.727607	  0.000268642	  2.73599e-05	  12	  9.26612e-06
53	  0.51302	  0.816497	  0.000188322	  2.50166e-05	  12	  8.47249e-06
54	  0.601569	  0.870388	  0.000134274	  1.79641e-05	  12	  6.08399e-06
55	  0.694632	  0.904534	  9.83796e-05	  1.74698e-05	  12	  5.91659e-06
56	  0.790617	  0.927173	  7.40102e-05	  8.92636e-06	  12	  3.02314e-06
57	  0.888577	  0.942809	  5.7047e-05	  7.91356e-06	  12	  2.68013e-06
58	  0.987924	  0.953998	  4.49132e-05	  4.16525e-06	  12	  1.41067e-06
59	  0.314159	  0	  0.000509336	  2.45352e-05	  6	  1.12432e-05
60	  0.331153	  0.316228	  0.000461248	  2.1798e-05	  12	  7.38245e-06
61	  0.377572	  0.5547	  0.000353507	  2.87385e-05	  12	  9.73302e-06
62	  0.444288	  0.707107	  0.000253958	  1.59914e-05	  12	  5.41588e-06
63	  0.523599	  0.8	  0.000180467	  2.3694e-05	  12	  8.02458e-06
64	  0.610616	  0.857493	  0.000130032	  8.81658e-06	  12	  2.98596e-06
65	  0.702481	  0.894427	  9.59862e-05	  1.05375e-05	  12	  3.56879e-06
66	  0.797522	  0.919145	  7.25949e-05	  1.00475e-05	  12	  3.40285e-06
67	  0.894726	  0.936329	  5.61554e-05	  4.69355e-06	  12	  1.58959e-06
68	  0.993459	  0.948683	  4.43525e-05	  6.43715e-06	  12	  2.1801e-06
69	  0.331153	  0	  0.000461248	  1.59268e-05	  12	  5.39402e-06
70	  0.347316	  0.301511	  0.00041546	  1.51593e-05	  24	  3.85235e-06
71	  0.391825	  0.534522	  0.00032913	  1.53796e-05	  24	  3.90832e-06
72	  0.456463	  0.688247	  0.000240494	  2.76598e-05	  24	  7.02903e-06
73	  0.533968	  0.784465	  0.000173094	  1.42771e-05	  24	  3.62816e-06
74	  0.61953	  0.845154	  0.000126056	  1.13483e-05	  24	  2.88388e-06
75	  0.710244	  0.884652	  9.37219e-05	  1.57415e-05	  24	  4.00029e-06
76	  0.804368	  0.911322	  7.12372e-05	  1.01133e-05	  24	  2.57002e-06
77	  0.900833	  0.929981	  5.53169e-05	  7.01647e-06	  24	  1.78306e-06
78	  0.998963	  0.943456	  4.38063e-05	  4.96358e-06	  24	  1.26137e-06
79	  0.377572	  0	  0.000353507	  1.36024e-05	  12	  4.60681e-06
80	  0.391825	  0.267261	  0.00032913	  1.00177e-05	  24	  2.54575e-06
81	  0.431771	  0.485071	  0.000268642	  1.83866e-05	  24	  4.67248e-06
82	  0.491179	  0.639602	  0.000205912	  1.22378e-05	  24	  3.10991e-06
83	  0.563933	  0.742781	  0.000154074	  1.6438e-05	  24	  4.17728e-06
84	  0.645536	  0.811107	  0.000115357	  1.34323e-05	  24	  3.41347e-06
85	  0.733038	  0.857143	  8.74227e-05	  1.18011e-05	  24	  2.99894e-06
86	  0.824564	  0.889001	  6.74072e-05	  5.35708e-06	  24	  1.36136e-06
87	  0.918912	  0.911685	  5.29003e-05	  7.55655e-06	  24	  1.9203e-06
88	  0.418879	  0	  0.00028546	  3.31382e-06	  6	  1.51855e-06
89	  0.431771	  0.242536	  0.000268642	  7.56396e-06	  12	  2.56172e-06
90	  0.468321	  0.447214	  0.000227855	  1.34829e-05	  12	  4.56632e-06
91	  0.523599	  0.6	  0.000180467	  1.28787e-05	  12	  4.36169e-06
92	  0.592384	  0.707107	  0.000138819	  5.49238e-06	  12	  1.86013e-06
93	  0.670534	  0.780869	  0.000106245	  1.30918e-05	  12	  4.43387e-06
94	  0.755145	  0.83205	  8.19187e-05	  7.85182e-06	  12	  2.65921e-06
95	  0.844278	  0.868243	  6.3942e-05	  7.50747e-06	  12	  2.54259e-06
96	  0.936642	  0.894427	  5.06708e-05	  4.43001e-06	  12	  1.50034e-06
97	  0.431771	  0	  0.000268642	  7.52694e-06	  12	  2.54919e-06
98	  0.444288	  0.235702	  0.000253958	  4.43676e-06	  24	  1.12749e-06
99	  0.479886	  0.436436	  0.00021626	  1.59339e-05	  24	  4.0492e-06
100	  0.533968	  0.588348	  0.000173094	  8.69705e-06	  24	  2.21013e-06
101	  0.601569	  0.696311	  0.000134274	  7.50172e-06	  24	  1.90637e-06
102	  0.678662	  0.771517	  0.000103483	  7.24681e-06	  24	  1.84159e-06
103	  0.762371	  0.824163	  8.01954e-05	  1.12267e-05	  24	  2.85297e-06
104	  0.850747	  0.86164	  6.28792e-05	  9.04203e-06	  24	  2.2978e-06
105	  0.942478	  0.888889	  4.99708e-05	  7.57134e-06	  24	  1.92406e-06
106	  0.444288	  0	  0.000253958	  7.06282e-06	  6	  3.23653e-06
107	  0.456463	  0.229416	  0.000240494	  1.21306e-05	  12	  4.10834e-06
108	  0.491179	  0.426401	  0.000205912	  1.04119e-05	  12	  3.52625e-06
109	  0.54414	  0.57735	  0.000166222	  3.95793e-06	  12	  1.34045e-06
110	  0.610616	  0.685994	  0.000130032	  1.35351e-05	  12	  4.58401e-06
111	  0.686693	  0.762493	  0.000100876	  8.47186e-06	  12	  2.86921e-06
112	  0.76953	  0.816497	  7.85788e-05	  7.38571e-06	  12	  2.50136e-06
113	  0.857168	  0.855186	  6.18245e-05	  4.21725e-06	  12	  1.42828e-06
114	  0.948278	  0.883452	  4.92751e-05	  3.55442e-06	  12	  1.20379e-06
115	  0.468321	  0	  0.000227855	  8.69619e-06	  12	  2.94518e-06
116	  0.479886	  0.218218	  0.00021626	  1.20701e-05	  24	  3.06731e-06
117	  0.51302	  0.408248	  0.000188322	  1.23962e-05	  24	  3.15018e-06
118	  0.563933	  0.557086	  0.000154074	  1.12043e-05	  24	  2.84728e-06
119	  0.628319	  0.666667	  0.000122281	  8.48117e-06	  24	  2.15527e-06
120	  0.702481	  0.745356	  9.59862e-05	  9.88693e-06	  24	  2.51251e-06
121	  0.783651	  0.801784	  7.54794e-05	  8.01235e-06	  24	  2.03613e-06
122	  0.869868	  0.842701	  5.98331e-05	  5.30061e-06	  24	  1.34701e-06
123	  0.959772	  0.872872	  4.79605e-05	  5.15299e-06	  24	  1.3095e-06
124	  0.523599	  0	  0.000180467	  6.17426e-06	  18	  1.764e-06
125	  0.533968	  0.196116	  0.000173094	  6.05617e-06	  36	  1.31217e-06
126	  0.563933	  0.371391	  0.000154074	  5.67589e-06	  36	  1.22978e-06
127	  0.610616	  0.514496	  0.000130032	  6.65705e-06	  36	  1.44236e-06
128	  0.670534	  0.624695	  0.000106245	  7.09954e-06	  36	  1.53823e-06
129	  0.74048	  0.707107	  8.55312e-05	  7.35444e-06	  36	  1.59346e-06
130	  0.817887	  0.768221	  6.86491e-05	  6.40027e-06	  36	  1.38672e-06
131	  0.900833	  0.813733	  5.53169e-05	  6.12648e-06	  36	  1.3274e-06
132	  0.987924	  0.847998	  4.49132e-05	  4.99528e-06	  36	  1.08231e-06
133	  0.533968	  0	  0.000173094	  5.91849e-06	  12	  2.00445e-06
134	  0.54414	  0.19245	  0.000166222	  8.18474e-06	  24	  2.07994e-06
135	  0.573574	  0.365148	  0.000148705	  6.18606e-06	  24	  1.57203e-06
136	  0.61953	  0.507093	  0.000126056	  7.41094e-06	  24	  1.8833e-06
137	  0.678662	  0.617213	  0.000103483	  6.6995e-06	  24	  1.7025e-06
138	  0.747849	  0.70014	  8.36612e-05	  6.6502e-06	  24	  1.68998e-06
139	  0.824564	  0.762001	  6.74072e-05	  2.89036e-06	  24	  7.34509e-07
140	  0.9069	  0.80829	  5.44911e-05	  5.85399e-06	  24	  1.48764e-06
141	  0.993459	  0.843274	  4.43525e-05	  4.19371e-06	  24	  1.06572e-06
142	  0.563933	  0	  0.000154074	  2.56423e-06	  12	  8.6844e-07
143	  0.573574	  0.182574	  0.000148705	  4.95102e-06	  24	  1.25817e-06
144	  0.601569	  0.348155	  0.000134274	  5.94509e-06	  24	  1.51079e-06
145	  0.645536	  0.486664	  0.000115357	  6.78603e-06	  24	  1.72449e-06
146	  0.702481	  0.596285	  9.59862e-05	  6.86461e-06	  24	  1.74446e-06
147	  0.76953	  0.680414	  7.85788e-05	  4.05767e-06	  24	  1.03115e-06
148	  0.844278	  0.744208	  6.3942e-05	  6.7604e-06	  24	  1.71798e-06
149	  0.92486	  0.792594	  5.21404e-05	  5.18029e-06	  24	  1.31644e-06
150	  0.592384	  0	  0.000138819	  1.67697e-06	  6	  7.68469e-07
151	  0.601569	  0.174078	  0.000134274	  3.59518e-06	  12	  1.2176e-06
152	  0.628319	  0.333333	  0.000122281	  4.93094e-06	  12	  1.66999e-06
153	  0.670534	  0.468521	  0.000106245	  4.19833e-06	  12	  1.42187e-06
154	  0.72552	  0.57735	  8.94525e-05	  7.53738e-06	  12	  2.55272e-06
155	  0.790617	  0.662266	  7.40102e-05	  5.77013e-06	  12	  1.9542e-06
156	  0.863541	  0.727607	  6.0809e-05	  4.43785e-06	  12	  1.50299e-06
157	  0.942478	  0.777778	  4.99708e-05	  3.85628e-06	  12	  1.30603e-06
158	  0.610616	  0	  0.000130032	  4.04983e-06	  12	  1.37158e-06
159	  0.61953	  0.169031	  0.000126056	  4.2165e-06	  24	  1.07152e-06
160	  0.645536	  0.324443	  0.000115357	  5.22448e-06	  24	  1.32767e-06
161	  0.686693	  0.457496	  0.000100876	  5.35742e-06	  24	  1.36145e-06
162	  0.74048	  0.565685	  8.55312e-05	  5.01645e-06	  24	  1.2748e-06
163	  0.804368	  0.650945	  7.12372e-05	  6.35681e-06	  24	  1.61542e-06
164	  0.876148	  0.717137	  5.88643e-05	  5.83929e-06	  24	  1.48391e-06
165	  0.954042	  0.76835	  4.86063e-05	  4.58293e-06	  24	  1.16463e-06
166	  0.628319	  0	  0.000122281	  1.13318e-05	  6	  5.19277e-06
167	  0.636985	  0.164399	  0.000118696	  6.16804e-06	  12	  2.08896e-06
168	  0.662306	  0.316228	  0.000109103	  3.9678e-06	  12	  1.3438e-06
169	  0.702481	  0.447214	  9.59862e-05	  2.31376e-06	  12	  7.83612e-07
170	  0.755145	  0.5547	  8.19187e-05	  3.19753e-06	  12	  1.08292e-06
171	  0.817887	  0.640184	  6.86491e-05	  3.80016e-06	  12	  1.28702e-06
172	  0.888577	  0.707107	  5.7047e-05	  3.76294e-06	  12	  1.27442e-06
173	  0.965468	  0.759257	  4.73186e-05	  4.75115e-06	  12	  1.6091e-06
174	  0.636985	  0	  0.000118696	  6.18048e-06	  12	  2.09317e-06
175	  0.645536	  0.162221	  0.000115357	  3.24572e-06	  24	  8.24815e-07
176	  0.670534	  0.312348	  0.000106245	  3.48671e-06	  24	  8.86056e-07
177	  0.710244	  0.442326	  9.37219e-05	  4.74428e-06	  24	  1.20564e-06
178	  0.762371	  0.549442	  8.01954e-05	  6.28654e-06	  24	  1.59756e-06
179	  0.824564	  0.635001	  6.74072e-05	  3.12671e-06	  24	  7.94573e-07
180	  0.894726	  0.702247	  5.61554e-05	  3.22851e-06	  24	  8.20443e-07
181	  0.971131	  0.754829	  4.66877e-05	  4.28149e-06	  24	  1.08803e-06
182	  0.662306	  0	  0.000109103	  3.4739e-06	  12	  1.17652e-06
183	  0.670534	  0.156174	  0.000106245	  3.32968e-06	  24	  8.46152e-07
184	  0.694632	  0.301511	  9.83796e-05	  3.23252e-06	  24	  8.21461e-07
185	  0.733038	  0.428571	  8.74227e-05	  5.20716e-06	  24	  1.32327e-06
186	  0.783651	  0.534522	  7.54794e-05	  3.7817e-06	  24	  9.61022e-07
187	  0.844278	  0.620174	  6.3942e-05	  3.87988e-06	  24	  9.85972e-07
188	  0.912926	  0.688247	  5.36709e-05	  3.09198e-06	  24	  7.85746e-07
189	  0.987924	  0.741999	  4.49132e-05	  3.51957e-06	  24	  8.94407e-07
190	  0.670534	  0	  0.000106245	  3.86555e-06	  12	  1.30916e-06
191	  0.678662	  0.154303	  0.000103483	  2.94136e-06	  24	  7.47471e-07
192	  0.702481	  0.298142	  9.59862e-05	  4.4728e-06	  24	  1.13665e-06
193	  0.74048	  0.424264	  8.55312e-05	  3.79921e-06	  24	  9.65472e-07
194	  0.790617	  0.529813	  7.40102e-05	  3.83963e-06	  24	  9.75742e-07
195	  0.850747	  0.615457	  6.28792e-05	  2.87461e-06	  24	  7.30507e-07
196	  0.918912	  0.683763	  5.29003e-05	  4.48872e-06	  24	  1.14069e-06
197	  0.993459	  0.737865	  4.43525e-05	  3.71604e-06	  24	  9.44336e-07
198	  0.702481	  0	  9.59862e-05	  1.92733e-06	  12	  6.5274e-07
199	  0.710244	  0.147442	  9.37219e-05	  3.6633e-06	  24	  9.30933e-07
200	  0.733038	  0.285714	  8.74227e-05	  4.68785e-06	  24	  1.19129e-06
201	  0.76953	  0.408248	  7.85788e-05	  3.92694e-06	  24	  9.97929e-07
202	  0.817887	  0.512148	  6.86491e-05	  5.42571e-06	  24	  1.3788e-06
203	  0.876148	  0.597614	  5.88643e-05	  4.33751e-06	  24	  1.10227e-06
204	  0.942478	  0.666667	  4.99708e-05	  3.82774e-06	  24	  9.72721e-07
205	  0.733038	  0	  8.74227e-05	  2.71468e-06	  6	  1.244e-06
206	  0.74048	  0.141421	  8.55312e-05	  2.78826e-06	  12	  9.44315e-07
207	  0.762371	  0.274721	  8.01954e-05	  2.67152e-06	  12	  9.04778e-07
208	  0.797522	  0.393919	  7.25949e-05	  3.55698e-06	  12	  1.20466e-06
209	  0.844278	  0.496139	  6.3942e-05	  4.24645e-06	  12	  1.43817e-06
210	  0.900833	  0.581238	  5.53169e-05	  4.30694e-06	  12	  1.45865e-06
211	  0.965468	  0.650791	  4.73186e-05	  3.5311e-06	  12	  1.1959e-06
212	  0.74048	  0	  8.55312e-05	  2.88321e-06	  18	  8.2374e-07
213	  0.747849	  0.140028	  8.36612e-05	  4.20511e-06	  36	  9.11108e-07
214	  0.76953	  0.272166	  7.85788e-05	  3.24935e-06	  36	  7.04026e-07
215	  0.804368	  0.390567	  7.12372e-05	  4.60379e-06	  36	  9.97488e-07
216	  0.850747	  0.492366	  6.28792e-05	  2.72146e-06	  36	  5.89651e-07
217	  0.9069	  0.57735	  5.44911e-05	  2.71428e-06	  36	  5.88094e-07
218	  0.971131	  0.646997	  4.66877e-05	  4.61598e-06	  36	  1.00013e-06
219	  0.755145	  0	  8.19187e-05	  1.92063e-06	  12	  6.5047e-07
220	  0.762371	  0.137361	  8.01954e-05	  3.81476e-06	  24	  9.69422e-07
221	  0.783651	  0.267261	  7.54794e-05	  3.41657e-06	  24	  8.68233e-07
222	  0.817887	  0.384111	  6.86491e-05	  3.61046e-06	  24	  9.17506e-07
223	  0.863541	  0.485071	  6.0809e-05	  2.13474e-06	  24	  5.42489e-07
224	  0.918912	  0.569803	  5.29003e-05	  3.13144e-06	  24	  7.95775e-07
225	  0.982358	  0.639602	  4.55013e-05	  2.52267e-06	  24	  6.41071e-07
226	  0.762371	  0	  8.01954e-05	  1.67348e-06	  12	  5.66767e-07
227	  0.76953	  0.136083	  7.85788e-05	  3.92608e-06	  24	  9.97712e-07
228	  0.790617	  0.264906	  7.40102e-05	  2.7453e-06	  24	  6.97647e-07
229	  0.824564	  0.381	  6.74072e-05	  2.49719e-06	  24	  6.34595e-07
230	  0.869868	  0.481543	  5.98331e-05	  1.90283e-06	  24	  4.83555e-07
231	  0.92486	  0.566139	  5.21404e-05	  3.59596e-06	  24	  9.13821e-07
232	  0.987924	  0.635999	  4.49132e-05	  2.8688e-06	  24	  7.29031e-07
233	  0.797522	  0	  7.25949e-05	  3.08713e-06	  12	  1.04553e-06
234	  0.804368	  0.130189	  7.12372e-05	  3.5676e-06	  24	  9.06614e-07
235	  0.824564	  0.254	  6.74072e-05	  2.22071e-06	  24	  5.64337e-07
236	  0.857168	  0.366508	  6.18245e-05	  2.92915e-06	  24	  7.44367e-07
237	  0.900833	  0.464991	  5.53169e-05	  2.77473e-06	  24	  7.05127e-07
238	  0.954042	  0.548821	  4.86063e-05	  3.10495e-06	  24	  7.89043e-07
239	  0.817887	  0	  6.86491e-05	  2.34114e-06	  12	  7.92886e-07
240	  0.824564	  0.127	  6.74072e-05	  2.3083e-06	  24	  5.86595e-07
241	  0.844278	  0.248069	  6.3942e-05	  2.43406e-06	  24	  6.18554e-07
242	  0.876148	  0.358569	  5.88643e-05	  3.2241e-06	  24	  8.19322e-07
243	  0.918912	  0.455842	  5.29003e-05	  2.7371e-06	  24	  6.95563e-07
244	  0.971131	  0.539164	  4.66877e-05	  3.52353e-06	  24	  8.95413e-07
245	  0.837758	  0	  6.50738e-05	  2.78816e-06	  6	  1.27767e-06
246	  0.844278	  0.124035	  6.3942e-05	  3.70637e-06	  12	  1.25525e-06
247	  0.863541	  0.242536	  6.0809e-05	  1.27679e-06	  12	  4.32417e-07
248	  0.894726	  0.351123	  5.61554e-05	  2.24744e-06	  12	  7.61152e-07
249	  0.936642	  0.447214	  5.06708e-05	  2.11191e-06	  12	  7.1525e-07
250	  0.987924	  0.529999	  4.49132e-05	  3.75291e-06	  12	  1.27102e-06
251	  0.844278	  0	  6.3942e-05	  3.16301e-06	  24	  8.03798e-07
252	  0.850747	  0.123091	  6.28792e-05	  2.58743e-06	  48	  5.02836e-07
253	  0.869868	  0.240772	  5.98331e-05	  2.25571e-06	  48	  4.3837e-07
254	  0.900833	  0.348743	  5.53169e-05	  2.64333e-06	  48	  5.13698e-07
255	  0.942478	  0.444444	  4.99708e-05	  2.57303e-06	  48	  5.00037e-07
256	  0.993459	  0.527046	  4.43525e-05	  2.80274e-06	  48	  5.44677e-07
257	  0.863541	  0	  6.0809e-05	  1.38209e-06	  12	  4.6808e-07
258	  0.869868	  0.120386	  5.98331e-05	  2.14393e-06	  24	  5.44823e-07
259	  0.888577	  0.235702	  5.7047e-05	  2.1515e-06	  24	  5.46749e-07
260	  0.918912	  0.341882	  5.29003e-05	  2.51739e-06	  24	  6.39731e-07
261	  0.959772	  0.436436	  4.79605e-05	  2.36769e-06	  24	  6.01687e-07
262	  0.888577	  0	  5.7047e-05	  2.26262e-06	  6	  1.03684e-06
263	  0.894726	  0.117041	  5.61554e-05	  1.6087e-06	  12	  5.44827e-07
264	  0.912926	  0.229416	  5.36709e-05	  2.2599e-06	  12	  7.65373e-07
265	  0.942478	  0.333333	  4.99708e-05	  2.35499e-06	  12	  7.97578e-07
266	  0.982358	  0.426401	  4.55013e-05	  2.33247e-06	  12	  7.8995e-07
267	  0.894726	  0	  5.61554e-05	  1.75327e-06	  12	  5.93789e-07
268	  0.900833	  0.116248	  5.53169e-05	  2.14148e-06	  24	  5.44203e-07
269	  0.918912	  0.227921	  5.29003e-05	  2.40104e-06	  24	  6.10162e-07
270	  0.948278	  0.331295	  4.92751e-05	  2.39831e-06	  24	  6.09468e-07
271	  0.987924	  0.423999	  4.49132e-05	  2.02456e-06	  24	  5.14489e-07
272	  0.900833	  0	  5.53169e-05	  2.58564e-06	  12	  8.75693e-07
273	  0.9069	  0.11547	  5.44911e-05	  1.97066e-06	  24	  5.00792e-07
274	  0.92486	  0.226455	  5.21404e-05	  1.62602e-06	  24	  4.1321e-07
275	  0.954042	  0.329293	  4.86063e-05	  2.42222e-06	  24	  6.15545e-07
276	  0.993459	  0.421637	  4.43525e-05	  2.20896e-06	  24	  5.6135e-07
277	  0.936642	  0	  5.06708e-05	  1.46309e-06	  12	  4.95512e-07
278	  0.942478	  0.111111	  4.99708e-05	  2.03119e-06	  24	  5.16175e-07
279	  0.959772	  0.218218	  4.79605e-05	  1.66576e-06	  24	  4.23311e-07
280	  0.987924	  0.317999	  4.49132e-05	  1.67871e-06	  24	  4.266e-07
281	  0.942478	  0	  4.99708e-05	  3.97394e-06	  6	  1.82105e-06
282	  0.948278	  0.110432	  4.92751e-05	  2.66547e-06	  12	  9.0273e-07
283	  0.965468	  0.21693	  4.73186e-05	  2.18449e-06	  12	  7.39832e-07
284	  0.993459	  0.316228	  4.43525e-05	  2.36823e-06	  12	  8.0206e-07
285	  0.948278	  0	  4.92751e-05	  2.46317e-06	  12	  8.34215e-07
286	  0.954042	  0.109764	  4.86063e-05	  1.73102e-06	  24	  4.39894e-07
287	  0.971131	  0.215666	  4.66877e-05	  1.36403e-06	  24	  3.46633e-07
288	  0.998963	  0.314485	  4.38063e-05	  1.88796e-06	  24	  4.79777e-07
289	  0.965468	  0	  4.73186e-05	  1.55061e-06	  24	  3.94046e-07
290	  0.971131	  0.107833	  4.66877e-05	  1.94297e-06	  48	  3.77593e-07
291	  0.987924	  0.212	  4.49132e-05	  2.00918e-06	  48	  3.9046e-07
292	  0.987924	  0	  4.49132e-05	  1.89335e-06	  12	  6.41231e-07
293	  0.993459	  0.105409	  4.43525e-05	  1.94573e-06	  24	  4.94457e-07
294	  0.993459	  0	  4.43525e-05	  1.56281e-06	  12	  5.29285e-07
295	  0.998963	  0.104828	  4.38063e-05	  1.50875e-06	  24	  3.83409e-07
296	  1.08818	  0.030936	  3.60508e-05	  1.48005e-06	  138	  1.99992e-07
297	  1.08818	  0.0938307	  3.60508e-05	  1.3557e-06	  252	  1.53186e-07
298	  1.08818	  0.156319	  3.60508e-05	  1.22904e-06	  72	  2.06296e-07
299	  1.08818	  0.218712	  3.60508e-05	  1.38399e-06	  216	  1.63368e-07
300	  1.08818	  0.281224	  3.60508e-05	  1.63725e-06	  288	  1.78338e-07
301	  1.08818	  0.343807	  3.60508e-05	  1.53397e-06	  120	  2.1673e-07
302	  1.08818	  0.406302	  3.60508e-05	  2.11637e-06	  180	  2.63563e-07
303	  1.08818	  0.468745	  3.60508e-05	  2.11708e-06	  180	  2.63652e-07
304	  1.08818	  0.531226	  3.60508e-05	  2.30507e-06	  192	  2.81607e-07
305	  1.08818	  0.593785	  3.60508e-05	  3.00126e-06	  192	  3.66661e-07
306	  1.08818	  0.656281	  3.60508e-05	  2.54718e-06	  168	  3.23879e-07
307	  1.08818	  0.718743	  3.60508e-05	  3.15544e-06	  228	  3.66746e-07
308	  1.08818	  0.781255	  3.60508e-05	  4.13786e-06	  144	  5.51715e-07
309	  1.08818	  0.843774	  3.60508e-05	  3.64245e-06	  240	  4.17242e-07
310	  1.08818	  0.90628	  3.60508e-05	  5.03511e-06	  168	  6.40223e-07
311	  1.08818	  0.968758	  3.60508e-05	  4.87562e-06	  150	  6.41873e-07
312	  1.25577	  0.030936	  2.59292e-05	  1.12342e-06	  198	  1.36009e-07
313	  1.25577	  0.0938307	  2.59292e-05	  1.15656e-06	  396	  1.15948e-07
314	  1.25577	  0.156319	  2.59292e-05	  1.11154e-06	  396	  1.11434e-07
315	  1.25577	  0.218712	  2.59292e-05	  1.05669e-06	  204	  1.26818e-07
316	  1.25577	  0.281224	  2.59292e-05	  1.2462e-06	  216	  1.47103e-07
317	  1.25577	  0.343807	  2.59292e-05	  1.24743e-06	  372	  1.27048e-07
318	  1.25577	  0.406302	  2.59292e-05	  1.39321e-06	  312	  1.48535e-07
319	  1.25577	  0.468745	  2.59292e-05	  1.41839e-06	  288	  1.54499e-07
320	  1.25577	  0.531226	  2.59292e-05	  1.85599e-06	  264	  2.07028e-07
321	  1.25577	  0.593785	  2.59292e-05	  1.69569e-06	  312	  1.80784e-07
322	  1.25577	  0.656281	  2.59292e-05	  1.94129e-06	  276	  2.13916e-07
323	  1.25577	  0.718743	  2.59292e-05	  2.13371e-06	  312	  2.27483e-07
324	  1.25577	  0.781255	  2.59292e-05	  2.43285e-06	  276	  2.68083e-07
325	  1.25577	  0.843774	  2.59292e-05	  2.68443e-06	  240	  3.07501e-07
326	  1.25577	  0.90628	  2.59292e-05	  3.1029e-06	  324	  3.27528e-07
327	  1.25577	  0.968758	  2.59292e-05	  3.44886e-06	  315	  3.66764e-07
328	  1.45182	  0.030936	  1.84965e-05	  7.76749e-07	  246	  8.83612e-08
329	  1.45182	  0.0938307	  1.84965e-05	  7.17636e-07	  516	  6.74739e-08
330	  1.45182	  0.156319	  1.84965e-05	  7.95708e-07	  504	  7.5229e-08
331	  1.45182	  0.218712	  1.84965e-05	  7.75289e-07	  528	  7.25045e-08
332	  1.45182	  0.281224	  1.84965e-05	  8.05605e-07	  504	  7.61647e-08
333	  1.45182	  0.343807	  1.84965e-05	  9.52285e-07	  384	  9.62103e-08
334	  1.45182	  0.406302	  1.84965e-05	  1.10896e-06	  420	  1.09559e-07
335	  1.45182	  0.468745	  1.84965e-05	  9.80413e-07	  468	  9.43403e-08
336	  1.45182	  0.531226	  1.84965e-05	  1.09306e-06	  480	  1.04544e-07
337	  1.45182	  0.593785	  1.84965e-05	  1.17153e-06	  468	  1.1273e-07
338	  1.45182	  0.656281	  1.84965e-05	  1.29729e-06	  396	  1.30056e-07
339	  1.45182	  0.718743	  1.84965e-05	  1.4028e-06	  456	  1.35833e-07
340	  1.45182	  0.781255	  1.84965e-05	  1.74977e-06	  432	  1.71675e-07
341	  1.45182	  0.843774	  1.84965e-05	  1.84899e-06	  480	  1.76844e-07
342	  1.45182	  0.90628	  1.84965e-05	  2.21057e-06	  480	  2.11427e-07
343	  1.45182	  0.968758	  1.84965e-05	  2.30587e-06	  414	  2.28621e-07
344	  1.68148	  0.030936	  1.3092e-05	  5.3497e-07	  798	  4.56862e-08
345	  1.68148	  0.0938307	  1.3092e-05	  6.05416e-07	  708	  5.30238e-08
346	  1.68148	  0.156319	  1.3092e-05	  5.50323e-07	  684	  4.85583e-08
347	  1.68148	  0.218712	  1.3092e-05	  6.10178e-07	  720	  5.32489e-08
348	  1.68148	  0.281224	  1.3092e-05	  6.11872e-07	  708	  5.35891e-08
349	  1.68148	  0.343807	  1.3092e-05	  6.45041e-07	  720	  5.62913e-08
350	  1.68148	  0.406302	  1.3092e-05	  7.06331e-07	  672	  6.25639e-08
351	  1.68148	  0.468745	  1.3092e-05	  7.9288e-07	  732	  6.89497e-08
352	  1.68148	  0.531226	  1.3092e-05	  8.21061e-07	  672	  7.27262e-08
353	  1.68148	  0.593785	  1.3092e-05	  8.47258e-07	  708	  7.42048e-08
354	  1.68148	  0.656281	  1.3092e-05	  8.84882e-07	  744	  7.66854e-08
355	  1.68148	  0.718743	  1.3092e-05	  1.11786e-06	  744	  9.6876e-08
356	  1.68148	  0.781255	  1.3092e-05	  1.18132e-06	  696	  1.03844e-07
357	  1.68148	  0.843774	  1.3092e-05	  1.2981e-06	  708	  1.13691e-07
358	  1.68148	  0.90628	  1.3092e-05	  1.45189e-06	  696	  1.27628e-07
359	  1.68148	  0.968758	  1.3092e-05	  1.55135e-06	  741	  1.34558e-07
360	  1.94819	  0.030936	  9.22078e-06	  3.99011e-07	  1368	  3.07386e-08
361	  1.94819	  0.0938307	  9.22078e-06	  3.94835e-07	  924	  3.27309e-08
362	  1.94819	  0.156319	  9.22078e-06	  4.27441e-07	  972	  3.50822e-08
363	  1.94819	  0.218712	  9.22078e-06	  4.43385e-07	  972	  3.63908e-08
364	  1.94819	  0.281224	  9.22078e-06	  4.08269e-07	  1200	  3.21991e-08
365	  1.94819	  0.343807	  9.22078e-06	  4.38001e-07	  1140	  3.48725e-08
366	  1.94819	  0.406302	  9.22078e-06	  4.80097e-07	  1080	  3.86138e-08
367	  1.94819	  0.468745	  9.22078e-06	  5.37495e-07	  1068	  4.33218e-08
368	  1.94819	  0.531226	  9.22078e-06	  5.23578e-07	  1164	  4.15252e-08
369	  1.94819	  0.593785	  9.22078e-06	  6.18885e-07	  1188	  4.88999e-08
370	  1.94819	  0.656281	  9.22078e-06	  6.35864e-07	  1068	  5.12504e-08
371	  1.94819	  0.718743	  9.22078e-06	  6.64764e-07	  1008	  5.41763e-08
372	  1.94819	  0.781255	  9.22078e-06	  7.75723e-07	  1164	  6.1523e-08
373	  1.94819	  0.843774	  9.22078e-06	  8.06064e-07	  1176	  6.38085e-08
374	  1.94819	  0.90628	  9.22078e-06	  9.02168e-07	  1080	  7.25605e-08
375	  1.94819	  0.968758	  9.22078e-06	  9.60773e-07	  1038	  7.78596e-08
376	  2.25604	  0.030936	  6.48115e-06	  2.90499e-07	  1896	  2.11965e-08
377	  2.25604	  0.0938307	  6.48115e-06	  2.94452e-07	  1272	  2.29786e-08
378	  2.25604	  0.156319	  6.48115e-06	  2.88212e-07	  2040	  2.07917e-08
379	  2.25604	  0.218712	  6.48115e-06	  3.06188e-07	  1740	  2.26497e-08
380	  2.25604	  0.281224	  6.48115e-06	  3.10395e-07	  1584	  2.33187e-08
381	  2.25604	  0.343807	  6.48115e-06	  3.20037e-07	  1764	  2.36218e-08
382	  2.25604	  0.406302	  6.48115e-06	  3.33109e-07	  1632	  2.49011e-08
383	  2.25604	  0.468745	  6.48115e-06	  3.59455e-07	  1860	  2.63074e-08
384	  2.25604	  0.531226	  6.48115e-06	  3.8583e-07	  1560	  2.90601e-08
385	  2.25604	  0.593785	  6.48115e-06	  4.03942e-07	  1692	  3.00172e-08
386	  2.25604	  0.656281	  6.48115e-06	  4.51138e-07	  1704	  3.34857e-08
387	  2.25604	  0.718743	  6.48115e-06	  4.69756e-07	  1824	  3.44869e-08
388	  2.25604	  0.781255	  6.48115e-06	  5.10012e-07	  1668	  3.79883e-08
389	  2.25604	  0.843774	  6.48115e-06	  5.43811e-07	  1680	  4.04582e-08
390	  2.25604	  0.90628	  6.48115e-06	  5.95546e-07	  1776	  4.3909e-08
391	  2.25604	  0.968758	  6.48115e-06	  6.16004e-07	  1656	  4.59377e-08
392	  2.61216	  0.030936	  4.54319e-06	  2.17981e-07	  2586	  1.51856e-08
393	  2.61216	  0.0938307	  4.54319e-06	  2.10954e-07	  3036	  1.43763e-08
394	  2.61216	  0.156319	  4.54319e-06	  2.2136e-07	  2124	  1.58711e-08
395	  2.61216	  0.218712	  4.54319e-06	  2.14853e-07	  2940	  1.47052e-08
396	  2.61216	  0.281224	  4.54319e-06	  2.2668e-07	  2616	  1.5766e-08
397	  2.61216	  0.343807	  4.54319e-06	  2.34138e-07	  2448	  1.64392e-08
398	  2.61216	  0.406302	  4.54319e-06	  2.43649e-07	  2916	  1.66945e-08
399	  2.61216	  0.468745	  4.54319e-06	  2.52864e-07	  2544	  1.76565e-08
400	  2.61216	  0.531226	  4.54319e-06	  2.67019e-07	  2652	  1.8536e-08
401	  2.61216	  0.593785	  4.54319e-06	  2.77105e-07	  2748	  1.91414e-08
402	  2.61216	  0.656281	  4.54319e-06	  3.0917e-07	  2676	  2.14351e-08
403	  2.61216	  0.718743	  4.54319e-06	  3.02944e-07	  2472	  2.12403e-08
404	  2.61216	  0.781255	  4.54319e-06	  3.27774e-07	  2616	  2.27972e-08
405	  2.61216	  0.843774	  4.54319e-06	  3.39207e-07	  2736	  2.34453e-08
406	  2.61216	  0.90628	  4.54319e-06	  3.60558e-07	  2568	  2.51429e-08
407	  2.61216	  0.968758	  4.54319e-06	  3.66957e-07	  2745	  2.53518e-08
408	  3.02645	  0.030936	  3.16893e-06	  1.58031e-07	  3414	  1.06062e-08
409	  3.02645	  0.0938307	  3.16893e-06	  1.55423e-07	  4512	  1.0085e-08
410	  3.02645	  0.156319	  3.16893e-06	  1.51593e-07	  4632	  9.80703e-09
411	  3.02645	  0.218712	  3.16893e-06	  1.51953e-07	  3972	  1.00087e-08
412	  3.02645	  0.281224	  3.16893e-06	  1.57804e-07	  4176	  1.03322e-08
413	  3.02645	  0.343807	  3.16893e-06	  1.63603e-07	  4344	  1.06624e-08
414	  3.02645	  0.406302	  3.16893e-06	  1.70238e-07	  4044	  1.11889e-08
415	  3.02645	  0.468745	  3.16893e-06	  1.77593e-07	  4092	  1.16559e-08
416	  3.02645	  0.531226	  3.16893e-06	  1.92042e-07	  4296	  1.25321e-08
417	  3.02645	  0.593785	  3.16893e-06	  1.93407e-07	  3996	  1.27299e-08
418	  3.02645	  0.656281	  3.16893e-06	  2.01408e-07	  4188	  1.31826e-08
419	  3.02645	  0.718743	  3.16893e-06	  2.14744e-07	  4212	  1.4046e-08
420	  3.02645	  0.781255	  3.16893e-06	  2.12769e-07	  4140	  1.39452e-08
421	  3.02645	  0.843774	  3.16893e-06	  2.17764e-07	  4128	  1.42775e-08
422	  3.02645	  0.90628	  3.16893e-06	  2.24496e-07	  4188	  1.46938e-08
423	  3.02645	  0.968758	  3.16893e-06	  2.21977e-07	  4128	  1.45538e-08
424	  3.50419	  0.030936	  2.20839e-06	  1.11858e-07	  7002	  6.92968e-09
425	  3.50419	  0.0938307	  2.20839e-06	  1.12461e-07	  6240	  7.04669e-09
426	  3.50419	  0.156319	  2.20839e-06	  1.07251e-07	  5964	  6.75134e-09
427	  3.50419	  0.218712	  2.20839e-06	  1.105e-07	  6180	  6.93063e-09
428	  3.50419	  0.281224	  2.20839e-06	  1.135e-07	  6420	  7.09152e-09
429	  3.50419	  0.343807	  2.20839e-06	  1.16244e-07	  6516	  7.25226e-09
430	  3.50419	  0.406302	  2.20839e-06	  1.18614e-07	  6312	  7.42369e-09
431	  3.50419	  0.468745	  2.20839e-06	  1.28503e-07	  6276	  8.04726e-09
432	  3.50419	  0.531226	  2.20839e-06	  1.25333e-07	  6360	  7.83824e-09
433	  3.50419	  0.593785	  2.20839e-06	  1.27495e-07	  6408	  7.96741e-09
434	  3.50419	  0.656281	  2.20839e-06	  1.38028e-07	  6360	  8.63214e-09
435	  3.50419	  0.718743	  2.20839e-06	  1.35613e-07	  6336	  8.48436e-09
436	  3.50419	  0.781255	  2.20839e-06	  1.33691e-07	  6372	  8.35936e-09
437	  3.50419	  0.843774	  2.20839e-06	  1.38417e-07	  6456	  8.64356e-09
438	  3.50419	  0.90628	  2.20839e-06	  1.33251e-07	  6360	  8.3334e-09
439	  3.50419	  0.968758	  2.20839e-06	  1.28925e-07	  6327	  8.06707e-09
440	  4.05763	  0.030936	  1.53462e-06	  7.99859e-08	  10392	  4.78393e-09
441	  4.05763	  0.0938307	  1.53462e-06	  7.66149e-08	  9420	  4.62013e-09
442	  4.05763	  0.156319	  1.53462e-06	  7.91575e-08	  10176	  4.74257e-09
443	  4.05763	  0.218712	  1.53462e-06	  7.94752e-08	  10260	  4.75838e-09
444	  4.05763	  0.281224	  1.53462e-06	  7.63802e-08	  9528	  4.6015e-09
445	  4.05763	  0.343807	  1.53462e-06	  7.87579e-08	  10140	  4.72002e-09
446	  4.05763	  0.406302	  1.53462e-06	  8.25601e-08	  9960	  4.95526e-09
447	  4.05763	  0.468745	  1.53462e-06	  8.22076e-08	  10068	  4.92967e-09
448	  4.05763	  0.531226	  1.53462e-06	  8.55703e-08	  9996	  5.13439e-09
449	  4.05763	  0.593785	  1.53462e-06	  8.37485e-08	  9828	  5.0322e-09
450	  4.05763	  0.656281	  1.53462e-06	  8.44448e-08	  10032	  5.06534e-09
451	  4.05763	  0.718743	  1.53462e-06	  8.3656e-08	  9924	  5.02256e-09
452	  4.05763	  0.781255	  1.53462e-06	  8.05036e-08	  10116	  4.82559e-09
453	  4.05763	  0.843774	  1.53462e-06	  7.95522e-08	  9888	  4.77763e-09
454	  4.05763	  0.90628	  1.53462e-06	  7.85375e-08	  10008	  4.71193e-09
455	  4.05763	  0.968758	  1.53462e-06	  7.16454e-08	  9978	  4.29951e-09
456	  4.69917	  0.030936	  1.06291e-06	  5.65205e-08	  13626	  3.31022e-09
457	  4.69917	  0.0938307	  1.06291e-06	  5.59134e-08	  16392	  3.23239e-09
458	  4.69917	  0.156319	  1.06291e-06	  5.50441e-08	  15708	  3.19139e-09
459	  4.69917	  0.218712	  1.06291e-06	  5.40729e-08	  15432	  3.13893e-09
460	  4.69917	  0.281224	  1.06291e-06	  5.36729e-08	  15780	  3.11091e-09
461	  4.69917	  0.343807	  1.06291e-06	  5.42863e-08	  15300	  3.1532e-09
462	  4.69917	  0.406302	  1.06291e-06	  5.38706e-08	  15588	  3.125e-09
463	  4.69917	  0.468745	  1.06291e-06	  5.43814e-08	  15396	  3.15734e-09
464	  4.69917	  0.531226	  1.06291e-06	  5.45339e-08	  15504	  3.16466e-09
465	  4.69917	  0.593785	  1.06291e-06	  5.29848e-08	  15660	  3.07265e-09
466	  4.69917	  0.656281	  1.06291e-06	  5.1525e-08	  15192	  2.99429e-09
467	  4.69917	  0.718743	  1.06291e-06	  5.03401e-08	  15600	  2.92005e-09
468	  4.69917	  0.781255	  1.06291e-06	  4.90024e-08	  15216	  2.84737e-09
469	  4.69917	  0.843774	  1.06291e-06	  4.6307e-08	  15516	  2.6871e-09
470	  4.69917	  0.90628	  1.06291e-06	  4.23136e-08	  15540	  2.45511e-09
471	  4.69917	  0.968758	  1.06291e-06	  3.97272e-08	  15405	  2.30644e-09
472	  5.4432	  0.030936	  7.34335e-07	  3.99948e-08	  26250	  2.2466e-09
473	  5.4432	  0.0938307	  7.34335e-07	  3.90686e-08	  22392	  2.21452e-09
474	  5.4432	  0.156319	  7.34335e-07	  3.84589e-08	  24516	  2.16857e-09
475	  5.4432	  0.218712	  7.34335e-07	  3.70938e-08	  23592	  2.09619e-09
476	  5.4432	  0.281224	  7.34335e-07	  3.69153e-08	  24264	  2.08275e-09
477	  5.4432	  0.343807	  7.34335e-07	  3.63923e-08	  23928	  2.05488e-09
478	  5.4432	  0.406302	  7.34335e-07	  3.51608e-08	  24120	  1.98443e-09
479	  5.4432	  0.468745	  7.34335e-07	  3.41439e-08	  23964	  1.92776e-09
480	  5.4432	  0.531226	  7.34335e-07	  3.3479e-08	  24060	  1.88979e-09
481	  5.4432	  0.593785	  7.34335e-07	  3.24359e-08	  24108	  1.8307e-09
482	  5.4432	  0.656281	  7.34335e-07	  3.07457e-08	  24228	  1.73481e-09
483	  5.4432	  0.718743	  7.34335e-07	  2.93123e-08	  24144	  1.65426e-09
484	  5.4432	  0.781255	  7.34335e-07	  2.67549e-08	  23940	  1.51066e-09
485	  5.4432	  0.843774	  7.34335e-07	  2.43022e-08	  24192	  1.37136e-09
486	  5.4432	  0.90628	  7.34335e-07	  2.25523e-08	  23988	  1.27323e-09
487	  5.4432	  0.968758	  7.34335e-07	  2.01887e-08	  24141	  1.13937e-09
488	  6.30378	  0.030936	  5.06487e-07	  2.79896e-08	  35082	  1.54891e-09
489	  6.30378	  0.0938307	  5.06487e-07	  2.67894e-08	  39108	  1.47494e-09
490	  6.30378	  0.156319	  5.06487e-07	  2.60805e-08	  36924	  1.43975e-09
491	  6.30378	  0.218712	  5.06487e-07	  2.52552e-08	  37692	  1.39285e-09
492	  6.30378	  0.281224	  5.06487e-07	  2.39245e-08	  37092	  1.32045e-09
493	  6.30378	  0.343807	  5.06487e-07	  2.34681e-08	  37536	  1.29453e-09
494	  6.30378	  0.406302	  5.06487e-07	  2.25116e-08	  36984	  1.24264e-09
495	  6.30378	  0.468745	  5.06487e-07	  2.11282e-08	  37428	  1.16562e-09
496	  6.30378	  0.531226	  5.06487e-07	  1.99337e-08	  37392	  1.09977e-09
497	  6.30378	  0.593785	  5.06487e-07	  1.86453e-08	  37200	  1.02894e-09
498	  6.30378	  0.656281	  5.06487e-07	  1.71498e-08	  36924	  9.46738e-10
499	  6.30378	  0.718743	  5.06487e-07	  1.56679e-08	  37272	  8.64553e-10
500	  6.30378	  0.781255	  5.06487e-07	  1.39421e-08	  37284	  7.69311e-10
501	  6.30378	  0.843774	  5.06487e-07	  1.24967e-08	  37188	  6.89637e-10
502	  6.30378	  0.90628	  5.06487e-07	  1.10271e-08	  37320	  6.08439e-10
503	  6.30378	  0.968758	  5.06487e-07	  9.44623e-09	  37119	  5.21341e-10
504	  7.30029	  0.030936	  3.48469e-07	  1.89388e-08	  60258	  1.02409e-09
505	  7.30029	  0.0938307	  3.48469e-07	  1.81466e-08	  56916	  9.83394e-10
506	  7.30029	  0.156319	  3.48469e-07	  1.73726e-08	  56820	  9.41509e-10
507	  7.30029	  0.218712	  3.48469e-07	  1.65521e-08	  58716	  8.95912e-10
508	  7.30029	  0.281224	  3.48469e-07	  1.56195e-08	  57840	  8.45919e-10
509	  7.30029	  0.343807	  3.48469e-07	  1.44524e-08	  57612	  7.82829e-10
510	  7.30029	  0.406302	  3.48469e-07	  1.35075e-08	  58464	  7.3124e-10
511	  7.30029	  0.468745	  3.48469e-07	  1.24367e-08	  57948	  6.73501e-10
512	  7.30029	  0.531226	  3.48469e-07	  1.1379e-08	  57708	  6.16319e-10
513	  7.30029	  0.593785	  3.48469e-07	  1.00408e-08	  58236	  5.43647e-10
514	  7.30029	  0.656281	  3.48469e-07	  8.95426e-09	  58008	  4.84891e-10
515	  7.30029	  0.718743	  3.48469e-07	  7.8515e-09	  58200	  4.25121e-10
516	  7.30029	  0.781255	  3.48469e-07	  6.73323e-09	  58128	  3.64589e-10
517	  7.30029	  0.843774	  3.48469e-07	  5.78324e-09	  57972	  3.13181e-10
518	  7.30029	  0.90628	  3.48469e-07	  4.89708e-09	  57960	  2.65195e-10
519	  7.30029	  0.968758	  3.48469e-07	  4.10601e-09	  58122	  2.22332e-10
520	  8.455	  0.030936	  2.39328e-07	  1.25074e-08	  90198	  6.67017e-10
521	  8.455	  0.0938307	  2.39328e-07	  1.19335e-08	  89292	  6.36611e-10
522	  8.455	  0.156319	  2.39328e-07	  1.13431e-08	  90804	  6.04796e-10
523	  8.455	  0.218712	  2.39328e-07	  1.03926e-08	  89628	  5.54345e-10
524	  8.455	  0.281224	  2.39328e-07	  9.57812e-09	  89844	  5.10861e-10
525	  8.455	  0.343807	  2.39328e-07	  8.65635e-09	  90636	  4.61571e-10
526	  8.455	  0.406302	  2.39328e-07	  7.74354e-09	  89628	  4.13042e-10
527	  8.455	  0.468745	  2.39328e-07	  6.80652e-09	  89772	  3.63043e-10
528	  8.455	  0.531226	  2.39328e-07	  5.96576e-09	  90324	  3.18138e-10
529	  8.455	  0.593785	  2.39328e-07	  5.03739e-09	  89784	  2.68681e-10
530	  8.455	  0.656281	  2.39328e-07	  4.27652e-09	  90216	  2.28064e-10
531	  8.455	  0.718743	  2.39328e-07	  3.61868e-09	  89796	  1.9301e-10
532	  8.455	  0.781255	  2.39328e-07	  3.00298e-09	  90120	  1.60152e-10
533	  8.455	  0.843774	  2.39328e-07	  2.48327e-09	  90132	  1.32435e-10
534	  8.455	  0.90628	  2.39328e-07	  2.04094e-09	  89916	  1.08854e-10
535	  8.455	  0.968758	  2.39328e-07	  1.63377e-09	  89964	  8.71353e-11
536	  9.79129	  0.030936	  1.64041e-07	  8.04616e-09	  139068	  4.23884e-10
537	  9.79129	  0.0938307	  1.64041e-07	  7.54602e-09	  141180	  3.97384e-10
538	  9.79129	  0.156319	  1.64041e-07	  7.00111e-09	  139380	  3.68808e-10
539	  9.79129	  0.218712	  1.64041e-07	  6.30656e-09	  138804	  3.32255e-10
540	  9.79129	  0.281224	  1.64041e-07	  5.58923e-09	  140952	  2.94349e-10
541	  9.79129	  0.343807	  1.64041e-07	  4.80599e-09	  139668	  2.53159e-10
542	  9.79129	  0.406302	  1.64041e-07	  4.1031e-09	  139464	  2.16142e-10
543	  9.79129	  0.468745	  1.64041e-07	  3.43675e-09	  139812	  1.81029e-10
544	  9.79129	  0.531226	  1.64041e-07	  2.82985e-09	  139884	  1.49059e-10
545	  9.79129	  0.593785	  1.64041e-07	  2.341e-09	  140184	  1.23303e-10
546	  9.79129	  0.656281	  1.64041e-07	  1.90511e-09	  139404	  1.00358e-10
547	  9.79129	  0.718743	  1.64041e-07	  1.54851e-09	  139932	  8.15649e-11
548	  9.79129	  0.781255	  1.64041e-07	  1.24829e-09	  139980	  6.5751e-11
549	  9.79129	  0.843774	  1.64041e-07	  9.87e-10	  139632	  5.19914e-11
550	  9.79129	  0.90628	  1.64041e-07	  7.84842e-10	  140088	  4.1339e-11
551	  9.79129	  0.968758	  1.64041e-07	  5.96455e-10	  139623	  3.1419e-11
