#n	   k	      mu	    PL	    Pf	     w	     err  
0	  0.10472	  1	  0.00271432	  0.000535093	  3	  0.000335691
1	  0.20944	  1	  0.000953676	  0.000156306	  3	  9.80583e-05
2	  0.314159	  1	  0.000435744	  0.000136856	  3	  8.58564e-05
3	  0.418879	  1	  0.000244591	  2.36289e-05	  3	  1.48236e-05
4	  0.523599	  1	  0.000153247	  8.81903e-06	  3	  5.53262e-06
5	  0.628319	  1	  0.000103254	  4.88763e-05	  3	  3.06625e-05
6	  0.733038	  1	  7.35347e-05	  1.90884e-05	  3	  1.19751e-05
7	  0.837758	  1	  5.45005e-05	  1.40781e-05	  3	  8.8319e-06
8	  0.942478	  1	  4.16669e-05	  2.59878e-06	  3	  1.63035e-06
9	  0.10472	  0	  0.00271432	  9.71282e-05	  6	  4.45089e-05
10	  0.148096	  0.707107	  0.00172488	  0.00013616	  12	  4.61141e-05
11	  0.23416	  0.894427	  0.000747623	  0.000153441	  12	  5.19665e-05
12	  0.331153	  0.948683	  0.000396461	  6.49779e-05	  12	  2.20064e-05
13	  0.431771	  0.970143	  0.000229453	  3.27062e-05	  12	  1.10768e-05
14	  0.533968	  0.980581	  0.000146895	  2.13094e-05	  12	  7.21696e-06
15	  0.636985	  0.986394	  0.000100257	  1.52778e-05	  12	  5.17422e-06
16	  0.74048	  0.989949	  7.18667e-05	  1.70049e-05	  12	  5.75912e-06
17	  0.844278	  0.992278	  5.3538e-05	  9.86511e-06	  12	  3.34107e-06
18	  0.948278	  0.993884	  4.11062e-05	  9.32886e-06	  12	  3.15945e-06
19	  0.148096	  0	  0.00172488	  5.51691e-05	  6	  2.52812e-05
20	  0.18138	  0.57735	  0.00118968	  7.25539e-05	  12	  2.45722e-05
21	  0.25651	  0.816497	  0.000650911	  7.85994e-05	  12	  2.66197e-05
22	  0.347316	  0.904534	  0.000358505	  4.37284e-05	  12	  1.48097e-05
23	  0.444288	  0.942809	  0.000216443	  2.49218e-05	  12	  8.44039e-06
24	  0.54414	  0.96225	  0.000141133	  2.75153e-05	  12	  9.31875e-06
25	  0.645536	  0.973329	  9.73667e-05	  1.48034e-05	  12	  5.01355e-06
26	  0.747849	  0.980196	  7.02931e-05	  1.21591e-05	  12	  4.118e-06
27	  0.850747	  0.984732	  5.25865e-05	  1.20426e-05	  12	  4.07852e-06
28	  0.954042	  0.987878	  4.05489e-05	  7.92346e-06	  12	  2.68348e-06
29	  0.20944	  0	  0.000953676	  3.39462e-05	  6	  1.55558e-05
30	  0.23416	  0.447214	  0.000747623	  5.06604e-05	  12	  1.71574e-05
31	  0.296192	  0.707107	  0.000485064	  5.85045e-05	  12	  1.9814e-05
32	  0.377572	  0.83205	  0.000302111	  4.09132e-05	  12	  1.38563e-05
33	  0.468321	  0.894427	  0.000194178	  3.20573e-05	  12	  1.0857e-05
34	  0.563933	  0.928477	  0.000130628	  1.16074e-05	  12	  3.93113e-06
35	  0.662306	  0.948683	  9.20549e-05	  1.34275e-05	  12	  4.54757e-06
36	  0.762371	  0.961524	  6.73601e-05	  1.03912e-05	  12	  3.51925e-06
37	  0.863541	  0.970143	  5.08863e-05	  4.58008e-06	  12	  1.55116e-06
38	  0.965468	  0.976187	  3.94442e-05	  6.1525e-06	  12	  2.0837e-06
39	  0.23416	  0	  0.000747623	  3.33898e-05	  12	  1.13083e-05
40	  0.25651	  0.408248	  0.000650911	  3.26603e-05	  24	  8.29977e-06
41	  0.314159	  0.666667	  0.000435744	  4.23533e-05	  24	  1.0763e-05
42	  0.391825	  0.801784	  0.000281341	  3.00796e-05	  24	  7.64396e-06
43	  0.479886	  0.872872	  0.000184317	  3.68271e-05	  24	  9.35864e-06
44	  0.573574	  0.912871	  0.000125897	  1.58255e-05	  24	  4.02164e-06
45	  0.670534	  0.937043	  8.95434e-05	  1.13284e-05	  24	  2.87881e-06
46	  0.76953	  0.952579	  6.59143e-05	  1.093e-05	  24	  2.77757e-06
47	  0.869868	  0.963087	  5.00456e-05	  9.41023e-06	  24	  2.39137e-06
48	  0.971131	  0.970495	  3.88968e-05	  6.69376e-06	  24	  1.70105e-06
49	  0.296192	  0	  0.000485064	  1.88099e-05	  6	  8.6196e-06
50	  0.314159	  0.333333	  0.000435744	  2.37731e-05	  12	  8.05135e-06
51	  0.36276	  0.57735	  0.000326787	  2.05978e-05	  12	  6.97596e-06
52	  0.431771	  0.727607	  0.000229453	  2.49097e-05	  12	  8.43628e-06
53	  0.51302	  0.816497	  0.000159933	  2.33961e-05	  12	  7.92369e-06
54	  0.601569	  0.870388	  0.000113622	  1.6219e-05	  12	  5.49299e-06
55	  0.694632	  0.904534	  8.28033e-05	  1.53713e-05	  12	  5.20589e-06
56	  0.790617	  0.927173	  6.20726e-05	  7.88508e-06	  12	  2.67048e-06
57	  0.888577	  0.942809	  4.76824e-05	  7.49294e-06	  12	  2.53767e-06
58	  0.987924	  0.953998	  3.74285e-05	  4.19933e-06	  12	  1.42221e-06
59	  0.314159	  0	  0.000435744	  2.31195e-05	  6	  1.05945e-05
60	  0.331153	  0.316228	  0.000396461	  2.07449e-05	  12	  7.02578e-06
61	  0.377572	  0.5547	  0.000302111	  2.64509e-05	  12	  8.95825e-06
62	  0.444288	  0.707107	  0.000216443	  1.4863e-05	  12	  5.03372e-06
63	  0.523599	  0.8	  0.000153247	  2.17477e-05	  12	  7.36541e-06
64	  0.610616	  0.857493	  0.000109916	  7.81267e-06	  12	  2.64596e-06
65	  0.702481	  0.894427	  8.08066e-05	  9.40217e-06	  12	  3.18428e-06
66	  0.797522	  0.919145	  6.0849e-05	  9.32929e-06	  12	  3.1596e-06
67	  0.894726	  0.936329	  4.69469e-05	  4.34915e-06	  12	  1.47295e-06
68	  0.993459	  0.948683	  3.69467e-05	  5.91596e-06	  12	  2.00359e-06
69	  0.331153	  0	  0.000396461	  1.51913e-05	  12	  5.14493e-06
70	  0.347316	  0.301511	  0.000358505	  1.45162e-05	  24	  3.68891e-06
71	  0.391825	  0.534522	  0.000281341	  1.4497e-05	  24	  3.68404e-06
72	  0.456463	  0.688247	  0.000204859	  2.51585e-05	  24	  6.39338e-06
73	  0.533968	  0.784465	  0.000146895	  1.27773e-05	  24	  3.24701e-06
74	  0.61953	  0.845154	  0.000106561	  1.07455e-05	  24	  2.73068e-06
75	  0.710244	  0.884652	  7.88786e-05	  1.39015e-05	  24	  3.5327e-06
76	  0.804368	  0.911322	  5.9727e-05	  9.71843e-06	  24	  2.46969e-06
77	  0.900833	  0.929981	  4.62166e-05	  6.58874e-06	  24	  1.67436e-06
78	  0.998963	  0.943456	  3.64677e-05	  4.7881e-06	  24	  1.21677e-06
79	  0.377572	  0	  0.000302111	  1.29983e-05	  12	  4.4022e-06
80	  0.391825	  0.267261	  0.000281341	  9.37208e-06	  24	  2.38167e-06
81	  0.431771	  0.485071	  0.000229453	  1.7144e-05	  24	  4.3567e-06
82	  0.491179	  0.639602	  0.00017542	  1.12562e-05	  24	  2.86048e-06
83	  0.563933	  0.742781	  0.000130628	  1.50029e-05	  24	  3.8126e-06
84	  0.645536	  0.811107	  9.73667e-05	  1.21045e-05	  24	  3.07605e-06
85	  0.733038	  0.857143	  7.35347e-05	  1.09205e-05	  24	  2.77515e-06
86	  0.824564	  0.889001	  5.64483e-05	  4.96923e-06	  24	  1.2628e-06
87	  0.918912	  0.911685	  4.41728e-05	  6.8214e-06	  24	  1.73348e-06
88	  0.418879	  0	  0.000244591	  3.2894e-06	  6	  1.50736e-06
89	  0.431771	  0.242536	  0.000229453	  7.15495e-06	  12	  2.4232e-06
90	  0.468321	  0.447214	  0.000194178	  1.23564e-05	  12	  4.1848e-06
91	  0.523599	  0.6	  0.000153247	  1.21164e-05	  12	  4.10353e-06
92	  0.592384	  0.707107	  0.000117432	  5.09558e-06	  12	  1.72575e-06
93	  0.670534	  0.780869	  8.95434e-05	  1.19422e-05	  12	  4.04452e-06
94	  0.755145	  0.83205	  6.88195e-05	  7.12212e-06	  12	  2.41209e-06
95	  0.844278	  0.868243	  5.3538e-05	  6.84496e-06	  12	  2.31822e-06
96	  0.936642	  0.894427	  4.22669e-05	  4.33015e-06	  12	  1.46652e-06
97	  0.431771	  0	  0.000229453	  7.14349e-06	  12	  2.41932e-06
98	  0.444288	  0.235702	  0.000216443	  4.12101e-06	  24	  1.04725e-06
99	  0.479886	  0.436436	  0.000184317	  1.4914e-05	  24	  3.79001e-06
100	  0.533968	  0.588348	  0.000146895	  8.09946e-06	  24	  2.05827e-06
101	  0.601569	  0.696311	  0.000113622	  6.71512e-06	  24	  1.70647e-06
102	  0.678662	  0.771517	  8.72128e-05	  6.80731e-06	  24	  1.7299e-06
103	  0.762371	  0.824163	  6.73601e-05	  1.03846e-05	  24	  2.63898e-06
104	  0.850747	  0.86164	  5.25865e-05	  8.3063e-06	  24	  2.11083e-06
105	  0.942478	  0.888889	  4.16669e-05	  7.05484e-06	  24	  1.79281e-06
106	  0.444288	  0	  0.000216443	  6.64592e-06	  6	  3.04548e-06
107	  0.456463	  0.229416	  0.000204859	  1.12807e-05	  12	  3.82048e-06
108	  0.491179	  0.426401	  0.00017542	  9.70928e-06	  12	  3.28829e-06
109	  0.54414	  0.57735	  0.000141133	  3.77981e-06	  12	  1.28013e-06
110	  0.610616	  0.685994	  0.000109916	  1.26744e-05	  12	  4.29251e-06
111	  0.686693	  0.762493	  8.49952e-05	  7.8152e-06	  12	  2.64681e-06
112	  0.76953	  0.816497	  6.59143e-05	  6.77037e-06	  12	  2.29295e-06
113	  0.857168	  0.855186	  5.17333e-05	  3.96028e-06	  12	  1.34125e-06
114	  0.948278	  0.883452	  4.11062e-05	  3.43695e-06	  12	  1.16401e-06
115	  0.468321	  0	  0.000194178	  8.16565e-06	  12	  2.7655e-06
116	  0.479886	  0.218218	  0.000184317	  1.13468e-05	  24	  2.8835e-06
117	  0.51302	  0.408248	  0.000159933	  1.16594e-05	  24	  2.96292e-06
118	  0.563933	  0.557086	  0.000130628	  1.0347e-05	  24	  2.62941e-06
119	  0.628319	  0.666667	  0.000103254	  7.65963e-06	  24	  1.9465e-06
120	  0.702481	  0.745356	  8.08066e-05	  9.17119e-06	  24	  2.33062e-06
121	  0.783651	  0.801784	  6.33414e-05	  7.23172e-06	  24	  1.83775e-06
122	  0.869868	  0.842701	  5.00456e-05	  4.76129e-06	  24	  1.20996e-06
123	  0.959772	  0.872872	  3.99949e-05	  4.71096e-06	  24	  1.19717e-06
124	  0.523599	  0	  0.000153247	  5.95542e-06	  18	  1.70148e-06
125	  0.533968	  0.196116	  0.000146895	  5.82773e-06	  36	  1.26268e-06
126	  0.563933	  0.371391	  0.000130628	  5.36937e-06	  36	  1.16336e-06
127	  0.610616	  0.514496	  0.000109916	  6.19663e-06	  36	  1.3426e-06
128	  0.670534	  0.624695	  8.95434e-05	  6.60609e-06	  36	  1.43132e-06
129	  0.74048	  0.707107	  7.18667e-05	  6.67607e-06	  36	  1.44648e-06
130	  0.817887	  0.768221	  5.7511e-05	  5.904e-06	  36	  1.2792e-06
131	  0.900833	  0.813733	  4.62166e-05	  5.84041e-06	  36	  1.26542e-06
132	  0.987924	  0.847998	  3.74285e-05	  4.66472e-06	  36	  1.01069e-06
133	  0.533968	  0	  0.000146895	  5.68017e-06	  12	  1.92373e-06
134	  0.54414	  0.19245	  0.000141133	  7.70957e-06	  24	  1.95919e-06
135	  0.573574	  0.365148	  0.000125897	  5.93562e-06	  24	  1.50839e-06
136	  0.61953	  0.507093	  0.000106561	  6.90271e-06	  24	  1.75415e-06
137	  0.678662	  0.617213	  8.72128e-05	  6.05178e-06	  24	  1.5379e-06
138	  0.747849	  0.70014	  7.02931e-05	  6.19132e-06	  24	  1.57336e-06
139	  0.824564	  0.762001	  5.64483e-05	  2.84106e-06	  24	  7.21983e-07
140	  0.9069	  0.80829	  4.54911e-05	  5.27121e-06	  24	  1.33954e-06
141	  0.993459	  0.843274	  3.69467e-05	  3.76992e-06	  24	  9.58028e-07
142	  0.563933	  0	  0.000130628	  2.49254e-06	  12	  8.4416e-07
143	  0.573574	  0.182574	  0.000125897	  4.72974e-06	  24	  1.20194e-06
144	  0.601569	  0.348155	  0.000113622	  5.41309e-06	  24	  1.3756e-06
145	  0.645536	  0.486664	  9.73667e-05	  6.24403e-06	  24	  1.58676e-06
146	  0.702481	  0.596285	  8.08066e-05	  6.27195e-06	  24	  1.59385e-06
147	  0.76953	  0.680414	  6.59143e-05	  3.79286e-06	  24	  9.63857e-07
148	  0.844278	  0.744208	  5.3538e-05	  6.20425e-06	  24	  1.57665e-06
149	  0.92486	  0.792594	  4.35334e-05	  4.70286e-06	  24	  1.19511e-06
150	  0.592384	  0	  0.000117432	  1.63492e-06	  6	  7.49198e-07
151	  0.601569	  0.174078	  0.000113622	  3.37437e-06	  12	  1.14281e-06
152	  0.628319	  0.333333	  0.000103254	  4.53231e-06	  12	  1.53498e-06
153	  0.670534	  0.468521	  8.95434e-05	  3.94228e-06	  12	  1.33515e-06
154	  0.72552	  0.57735	  7.52199e-05	  6.81029e-06	  12	  2.30648e-06
155	  0.790617	  0.662266	  6.20726e-05	  5.34315e-06	  12	  1.80959e-06
156	  0.863541	  0.727607	  5.08863e-05	  3.96622e-06	  12	  1.34326e-06
157	  0.942478	  0.777778	  4.16669e-05	  3.67311e-06	  12	  1.24399e-06
158	  0.610616	  0	  0.000109916	  3.94831e-06	  12	  1.33719e-06
159	  0.61953	  0.169031	  0.000106561	  4.04677e-06	  24	  1.02838e-06
160	  0.645536	  0.324443	  9.73667e-05	  4.97512e-06	  24	  1.2643e-06
161	  0.686693	  0.457496	  8.49952e-05	  4.96865e-06	  24	  1.26265e-06
162	  0.74048	  0.565685	  7.18667e-05	  4.69627e-06	  24	  1.19344e-06
163	  0.804368	  0.650945	  5.9727e-05	  6.00565e-06	  24	  1.52618e-06
164	  0.876148	  0.717137	  4.9211e-05	  5.48517e-06	  24	  1.39391e-06
165	  0.954042	  0.76835	  4.05489e-05	  4.32942e-06	  24	  1.10021e-06
166	  0.628319	  0	  0.000103254	  1.04485e-05	  6	  4.78801e-06
167	  0.636985	  0.164399	  0.000100257	  5.75075e-06	  12	  1.94763e-06
168	  0.662306	  0.316228	  9.20549e-05	  3.87964e-06	  12	  1.31394e-06
169	  0.702481	  0.447214	  8.08066e-05	  2.24333e-06	  12	  7.59759e-07
170	  0.755145	  0.5547	  6.88195e-05	  3.0026e-06	  12	  1.01691e-06
171	  0.817887	  0.640184	  5.7511e-05	  3.69637e-06	  12	  1.25187e-06
172	  0.888577	  0.707107	  4.76824e-05	  3.3929e-06	  12	  1.14909e-06
173	  0.965468	  0.759257	  3.94442e-05	  4.41673e-06	  12	  1.49584e-06
174	  0.636985	  0	  0.000100257	  5.85517e-06	  12	  1.983e-06
175	  0.645536	  0.162221	  9.73667e-05	  3.13644e-06	  24	  7.97045e-07
176	  0.670534	  0.312348	  8.95434e-05	  3.30099e-06	  24	  8.38861e-07
177	  0.710244	  0.442326	  7.88786e-05	  4.44134e-06	  24	  1.12865e-06
178	  0.762371	  0.549442	  6.73601e-05	  5.91476e-06	  24	  1.50308e-06
179	  0.824564	  0.635001	  5.64483e-05	  2.98006e-06	  24	  7.57305e-07
180	  0.894726	  0.702247	  4.69469e-05	  3.10085e-06	  24	  7.88002e-07
181	  0.971131	  0.754829	  3.88968e-05	  4.15951e-06	  24	  1.05703e-06
182	  0.662306	  0	  9.20549e-05	  3.2726e-06	  12	  1.10835e-06
183	  0.670534	  0.156174	  8.95434e-05	  3.18179e-06	  24	  8.0857e-07
184	  0.694632	  0.301511	  8.28033e-05	  2.91729e-06	  24	  7.41353e-07
185	  0.733038	  0.428571	  7.35347e-05	  4.96876e-06	  24	  1.26268e-06
186	  0.783651	  0.534522	  6.33414e-05	  3.53728e-06	  24	  8.98909e-07
187	  0.844278	  0.620174	  5.3538e-05	  3.53922e-06	  24	  8.99402e-07
188	  0.912926	  0.688247	  4.48163e-05	  2.93929e-06	  24	  7.46945e-07
189	  0.987924	  0.741999	  3.74285e-05	  3.38898e-06	  24	  8.61223e-07
190	  0.670534	  0	  8.95434e-05	  3.59255e-06	  12	  1.21671e-06
191	  0.678662	  0.154303	  8.72128e-05	  2.78428e-06	  24	  7.07552e-07
192	  0.702481	  0.298142	  8.08066e-05	  4.12531e-06	  24	  1.04834e-06
193	  0.74048	  0.424264	  7.18667e-05	  3.56212e-06	  24	  9.05221e-07
194	  0.790617	  0.529813	  6.20726e-05	  3.50706e-06	  24	  8.91229e-07
195	  0.850747	  0.615457	  5.25865e-05	  2.70033e-06	  24	  6.86219e-07
196	  0.918912	  0.683763	  4.41728e-05	  4.14593e-06	  24	  1.05358e-06
197	  0.993459	  0.737865	  3.69467e-05	  3.50095e-06	  24	  8.89676e-07
198	  0.702481	  0	  8.08066e-05	  1.85663e-06	  12	  6.28795e-07
199	  0.710244	  0.147442	  7.88786e-05	  3.39726e-06	  24	  8.63325e-07
200	  0.733038	  0.285714	  7.35347e-05	  4.40196e-06	  24	  1.11864e-06
201	  0.76953	  0.408248	  6.59143e-05	  3.62611e-06	  24	  9.21482e-07
202	  0.817887	  0.512148	  5.7511e-05	  5.04872e-06	  24	  1.283e-06
203	  0.876148	  0.597614	  4.9211e-05	  3.88969e-06	  24	  9.88465e-07
204	  0.942478	  0.666667	  4.16669e-05	  3.56234e-06	  24	  9.05277e-07
205	  0.733038	  0	  7.35347e-05	  2.47341e-06	  6	  1.13344e-06
206	  0.74048	  0.141421	  7.18667e-05	  2.62171e-06	  12	  8.87908e-07
207	  0.762371	  0.274721	  6.73601e-05	  2.4395e-06	  12	  8.26199e-07
208	  0.797522	  0.393919	  6.0849e-05	  3.38773e-06	  12	  1.14734e-06
209	  0.844278	  0.496139	  5.3538e-05	  4.03312e-06	  12	  1.36592e-06
210	  0.900833	  0.581238	  4.62166e-05	  4.02275e-06	  12	  1.36241e-06
211	  0.965468	  0.650791	  3.94442e-05	  3.24292e-06	  12	  1.09829e-06
212	  0.74048	  0	  7.18667e-05	  2.75392e-06	  18	  7.86801e-07
213	  0.747849	  0.140028	  7.02931e-05	  3.96677e-06	  36	  8.59466e-07
214	  0.76953	  0.272166	  6.59143e-05	  3.11252e-06	  36	  6.74378e-07
215	  0.804368	  0.390567	  5.9727e-05	  4.3401e-06	  36	  9.40355e-07
216	  0.850747	  0.492366	  5.25865e-05	  2.55666e-06	  36	  5.53943e-07
217	  0.9069	  0.57735	  4.54911e-05	  2.55458e-06	  36	  5.53493e-07
218	  0.971131	  0.646997	  3.88968e-05	  4.34852e-06	  36	  9.42179e-07
219	  0.755145	  0	  6.88195e-05	  1.86145e-06	  12	  6.30428e-07
220	  0.762371	  0.137361	  6.73601e-05	  3.57976e-06	  24	  9.09704e-07
221	  0.783651	  0.267261	  6.33414e-05	  3.2416e-06	  24	  8.2377e-07
222	  0.817887	  0.384111	  5.7511e-05	  3.38621e-06	  24	  8.60518e-07
223	  0.863541	  0.485071	  5.08863e-05	  2.05744e-06	  24	  5.22845e-07
224	  0.918912	  0.569803	  4.41728e-05	  2.86354e-06	  24	  7.27693e-07
225	  0.982358	  0.639602	  3.7913e-05	  2.34352e-06	  24	  5.95546e-07
226	  0.762371	  0	  6.73601e-05	  1.58085e-06	  12	  5.35393e-07
227	  0.76953	  0.136083	  6.59143e-05	  3.75522e-06	  24	  9.54293e-07
228	  0.790617	  0.264906	  6.20726e-05	  2.6159e-06	  24	  6.64764e-07
229	  0.824564	  0.381	  5.64483e-05	  2.28553e-06	  24	  5.80809e-07
230	  0.869868	  0.481543	  5.00456e-05	  1.82435e-06	  24	  4.63612e-07
231	  0.92486	  0.566139	  4.35334e-05	  3.32589e-06	  24	  8.45188e-07
232	  0.987924	  0.635999	  3.74285e-05	  2.7055e-06	  24	  6.87533e-07
233	  0.797522	  0	  6.0849e-05	  2.95819e-06	  12	  1.00187e-06
234	  0.804368	  0.130189	  5.9727e-05	  3.29879e-06	  24	  8.38303e-07
235	  0.824564	  0.254	  5.64483e-05	  2.06262e-06	  24	  5.24161e-07
236	  0.857168	  0.366508	  5.17333e-05	  2.81671e-06	  24	  7.15795e-07
237	  0.900833	  0.464991	  4.62166e-05	  2.65378e-06	  24	  6.74389e-07
238	  0.954042	  0.548821	  4.05489e-05	  2.87885e-06	  24	  7.31585e-07
239	  0.817887	  0	  5.7511e-05	  2.31195e-06	  12	  7.83e-07
240	  0.824564	  0.127	  5.64483e-05	  2.24237e-06	  24	  5.6984e-07
241	  0.844278	  0.248069	  5.3538e-05	  2.24873e-06	  24	  5.71457e-07
242	  0.876148	  0.358569	  4.9211e-05	  2.97124e-06	  24	  7.55065e-07
243	  0.918912	  0.455842	  4.41728e-05	  2.37993e-06	  24	  6.04799e-07
244	  0.971131	  0.539164	  3.88968e-05	  3.29195e-06	  24	  8.36564e-07
245	  0.837758	  0	  5.45005e-05	  2.57606e-06	  6	  1.18048e-06
246	  0.844278	  0.124035	  5.3538e-05	  3.56109e-06	  12	  1.20605e-06
247	  0.863541	  0.242536	  5.08863e-05	  1.24384e-06	  12	  4.21259e-07
248	  0.894726	  0.351123	  4.69469e-05	  2.05409e-06	  12	  6.95669e-07
249	  0.936642	  0.447214	  4.22669e-05	  1.90707e-06	  12	  6.45876e-07
250	  0.987924	  0.529999	  3.74285e-05	  3.46176e-06	  12	  1.17241e-06
251	  0.844278	  0	  5.3538e-05	  2.9754e-06	  24	  7.56122e-07
252	  0.850747	  0.123091	  5.25865e-05	  2.41064e-06	  48	  4.68477e-07
253	  0.869868	  0.240772	  5.00456e-05	  2.16051e-06	  48	  4.19869e-07
254	  0.900833	  0.348743	  4.62166e-05	  2.49453e-06	  48	  4.8478e-07
255	  0.942478	  0.444444	  4.16669e-05	  2.43964e-06	  48	  4.74114e-07
256	  0.993459	  0.527046	  3.69467e-05	  2.62126e-06	  48	  5.0941e-07
257	  0.863541	  0	  5.08863e-05	  1.32348e-06	  12	  4.48228e-07
258	  0.869868	  0.120386	  5.00456e-05	  1.95051e-06	  24	  4.95672e-07
259	  0.888577	  0.235702	  4.76824e-05	  1.97536e-06	  24	  5.01986e-07
260	  0.918912	  0.341882	  4.41728e-05	  2.32336e-06	  24	  5.90423e-07
261	  0.959772	  0.436436	  3.99949e-05	  2.20458e-06	  24	  5.60236e-07
262	  0.888577	  0	  4.76824e-05	  2.17969e-06	  6	  9.9884e-07
263	  0.894726	  0.117041	  4.69469e-05	  1.58166e-06	  12	  5.35669e-07
264	  0.912926	  0.229416	  4.48163e-05	  2.07225e-06	  12	  7.0182e-07
265	  0.942478	  0.333333	  4.16669e-05	  2.11651e-06	  12	  7.1681e-07
266	  0.982358	  0.426401	  3.7913e-05	  2.09781e-06	  12	  7.10475e-07
267	  0.894726	  0	  4.69469e-05	  1.71914e-06	  12	  5.82229e-07
268	  0.900833	  0.116248	  4.62166e-05	  2.09992e-06	  24	  5.3364e-07
269	  0.918912	  0.227921	  4.41728e-05	  2.16833e-06	  24	  5.51025e-07
270	  0.948278	  0.331295	  4.11062e-05	  2.25608e-06	  24	  5.73325e-07
271	  0.987924	  0.423999	  3.74285e-05	  1.88318e-06	  24	  4.78561e-07
272	  0.900833	  0	  4.62166e-05	  2.36521e-06	  12	  8.01039e-07
273	  0.9069	  0.11547	  4.54911e-05	  1.79219e-06	  24	  4.5544e-07
274	  0.92486	  0.226455	  4.35334e-05	  1.54377e-06	  24	  3.9231e-07
275	  0.954042	  0.329293	  4.05489e-05	  2.21007e-06	  24	  5.61631e-07
276	  0.993459	  0.421637	  3.69467e-05	  2.10476e-06	  24	  5.34871e-07
277	  0.936642	  0	  4.22669e-05	  1.39862e-06	  12	  4.73678e-07
278	  0.942478	  0.111111	  4.16669e-05	  1.87883e-06	  24	  4.77457e-07
279	  0.959772	  0.218218	  3.99949e-05	  1.478e-06	  24	  3.75597e-07
280	  0.987924	  0.317999	  3.74285e-05	  1.52817e-06	  24	  3.88346e-07
281	  0.942478	  0	  4.16669e-05	  3.90385e-06	  6	  1.78893e-06
282	  0.948278	  0.110432	  4.11062e-05	  2.54289e-06	  12	  8.61214e-07
283	  0.965468	  0.21693	  3.94442e-05	  2.01151e-06	  12	  6.81247e-07
284	  0.993459	  0.316228	  3.69467e-05	  2.16134e-06	  12	  7.31991e-07
285	  0.948278	  0	  4.11062e-05	  2.37528e-06	  12	  8.04447e-07
286	  0.954042	  0.109764	  4.05489e-05	  1.54499e-06	  24	  3.92619e-07
287	  0.971131	  0.215666	  3.88968e-05	  1.28582e-06	  24	  3.26758e-07
288	  0.998963	  0.314485	  3.64677e-05	  1.79268e-06	  24	  4.55563e-07
289	  0.965468	  0	  3.94442e-05	  1.40605e-06	  24	  3.5731e-07
290	  0.971131	  0.107833	  3.88968e-05	  1.83724e-06	  48	  3.57045e-07
291	  0.987924	  0.212	  3.74285e-05	  1.85048e-06	  48	  3.59617e-07
292	  0.987924	  0	  3.74285e-05	  1.78177e-06	  12	  6.03441e-07
293	  0.993459	  0.105409	  3.69467e-05	  1.85747e-06	  24	  4.72027e-07
294	  0.993459	  0	  3.69467e-05	  1.44187e-06	  12	  4.88325e-07
295	  0.998963	  0.104828	  3.64677e-05	  1.41298e-06	  24	  3.59071e-07
296	  1.08818	  0.030936	  2.99441e-05	  1.38787e-06	  138	  1.87536e-07
297	  1.08818	  0.0938307	  2.99441e-05	  1.2723e-06	  252	  1.43762e-07
298	  1.08818	  0.156319	  2.99441e-05	  1.15912e-06	  72	  1.94559e-07
299	  1.08818	  0.218712	  2.99441e-05	  1.29745e-06	  216	  1.53153e-07
300	  1.08818	  0.281224	  2.99441e-05	  1.52697e-06	  288	  1.66326e-07
301	  1.08818	  0.343807	  2.99441e-05	  1.39466e-06	  120	  1.97047e-07
302	  1.08818	  0.406302	  2.99441e-05	  1.9492e-06	  180	  2.42745e-07
303	  1.08818	  0.468745	  2.99441e-05	  1.99763e-06	  180	  2.48776e-07
304	  1.08818	  0.531226	  2.99441e-05	  2.1399e-06	  192	  2.61429e-07
305	  1.08818	  0.593785	  2.99441e-05	  2.78741e-06	  192	  3.40535e-07
306	  1.08818	  0.656281	  2.99441e-05	  2.40016e-06	  168	  3.05184e-07
307	  1.08818	  0.718743	  2.99441e-05	  2.93121e-06	  228	  3.40684e-07
308	  1.08818	  0.781255	  2.99441e-05	  3.78282e-06	  144	  5.04376e-07
309	  1.08818	  0.843774	  2.99441e-05	  3.37677e-06	  240	  3.86808e-07
310	  1.08818	  0.90628	  2.99441e-05	  4.83411e-06	  168	  6.14665e-07
311	  1.08818	  0.968758	  2.99441e-05	  4.58083e-06	  150	  6.03065e-07
312	  1.25577	  0.030936	  2.14362e-05	  1.03749e-06	  198	  1.25605e-07
313	  1.25577	  0.0938307	  2.14362e-05	  1.06763e-06	  396	  1.07032e-07
314	  1.25577	  0.156319	  2.14362e-05	  1.03497e-06	  396	  1.03757e-07
315	  1.25577	  0.218712	  2.14362e-05	  9.87047e-07	  204	  1.18459e-07
316	  1.25577	  0.281224	  2.14362e-05	  1.14937e-06	  216	  1.35673e-07
317	  1.25577	  0.343807	  2.14362e-05	  1.16186e-06	  372	  1.18332e-07
318	  1.25577	  0.406302	  2.14362e-05	  1.28922e-06	  312	  1.37449e-07
319	  1.25577	  0.468745	  2.14362e-05	  1.32701e-06	  288	  1.44546e-07
320	  1.25577	  0.531226	  2.14362e-05	  1.72087e-06	  264	  1.91955e-07
321	  1.25577	  0.593785	  2.14362e-05	  1.55374e-06	  312	  1.6565e-07
322	  1.25577	  0.656281	  2.14362e-05	  1.83154e-06	  276	  2.01823e-07
323	  1.25577	  0.718743	  2.14362e-05	  1.9805e-06	  312	  2.11149e-07
324	  1.25577	  0.781255	  2.14362e-05	  2.26123e-06	  276	  2.49172e-07
325	  1.25577	  0.843774	  2.14362e-05	  2.58626e-06	  240	  2.96255e-07
326	  1.25577	  0.90628	  2.14362e-05	  3.04338e-06	  324	  3.21246e-07
327	  1.25577	  0.968758	  2.14362e-05	  3.34621e-06	  315	  3.55848e-07
328	  1.45182	  0.030936	  1.52076e-05	  7.22743e-07	  246	  8.22175e-08
329	  1.45182	  0.0938307	  1.52076e-05	  6.69345e-07	  516	  6.29335e-08
330	  1.45182	  0.156319	  1.52076e-05	  7.42708e-07	  504	  7.02182e-08
331	  1.45182	  0.218712	  1.52076e-05	  7.2928e-07	  528	  6.82019e-08
332	  1.45182	  0.281224	  1.52076e-05	  7.45341e-07	  504	  7.04672e-08
333	  1.45182	  0.343807	  1.52076e-05	  8.89734e-07	  384	  8.98907e-08
334	  1.45182	  0.406302	  1.52076e-05	  1.0247e-06	  420	  1.01235e-07
335	  1.45182	  0.468745	  1.52076e-05	  9.09361e-07	  468	  8.75033e-08
336	  1.45182	  0.531226	  1.52076e-05	  1.00723e-06	  480	  9.63354e-08
337	  1.45182	  0.593785	  1.52076e-05	  1.09527e-06	  468	  1.05392e-07
338	  1.45182	  0.656281	  1.52076e-05	  1.23152e-06	  396	  1.23462e-07
339	  1.45182	  0.718743	  1.52076e-05	  1.30352e-06	  456	  1.26219e-07
340	  1.45182	  0.781255	  1.52076e-05	  1.63742e-06	  432	  1.60651e-07
341	  1.45182	  0.843774	  1.52076e-05	  1.79755e-06	  480	  1.71924e-07
342	  1.45182	  0.90628	  1.52076e-05	  2.14187e-06	  480	  2.04856e-07
343	  1.45182	  0.968758	  1.52076e-05	  2.21409e-06	  414	  2.19521e-07
344	  1.68148	  0.030936	  1.07182e-05	  4.94302e-07	  798	  4.22132e-08
345	  1.68148	  0.0938307	  1.07182e-05	  5.59913e-07	  708	  4.90385e-08
346	  1.68148	  0.156319	  1.07182e-05	  5.11516e-07	  684	  4.51341e-08
347	  1.68148	  0.218712	  1.07182e-05	  5.67669e-07	  720	  4.95392e-08
348	  1.68148	  0.281224	  1.07182e-05	  5.65559e-07	  708	  4.9533e-08
349	  1.68148	  0.343807	  1.07182e-05	  5.98685e-07	  720	  5.22459e-08
350	  1.68148	  0.406302	  1.07182e-05	  6.56348e-07	  672	  5.81365e-08
351	  1.68148	  0.468745	  1.07182e-05	  7.26298e-07	  732	  6.31596e-08
352	  1.68148	  0.531226	  1.07182e-05	  7.65937e-07	  672	  6.78435e-08
353	  1.68148	  0.593785	  1.07182e-05	  7.91561e-07	  708	  6.93268e-08
354	  1.68148	  0.656281	  1.07182e-05	  8.24117e-07	  744	  7.14195e-08
355	  1.68148	  0.718743	  1.07182e-05	  1.05022e-06	  744	  9.10139e-08
356	  1.68148	  0.781255	  1.07182e-05	  1.1084e-06	  696	  9.74335e-08
357	  1.68148	  0.843774	  1.07182e-05	  1.25071e-06	  708	  1.0954e-07
358	  1.68148	  0.90628	  1.07182e-05	  1.42926e-06	  696	  1.25639e-07
359	  1.68148	  0.968758	  1.07182e-05	  1.52485e-06	  741	  1.3226e-07
360	  1.94819	  0.030936	  7.50817e-06	  3.71104e-07	  1368	  2.85887e-08
361	  1.94819	  0.0938307	  7.50817e-06	  3.67928e-07	  924	  3.05003e-08
362	  1.94819	  0.156319	  7.50817e-06	  4.0156e-07	  972	  3.29581e-08
363	  1.94819	  0.218712	  7.50817e-06	  4.07994e-07	  972	  3.34861e-08
364	  1.94819	  0.281224	  7.50817e-06	  3.77252e-07	  1200	  2.97529e-08
365	  1.94819	  0.343807	  7.50817e-06	  4.04236e-07	  1140	  3.21842e-08
366	  1.94819	  0.406302	  7.50817e-06	  4.42359e-07	  1080	  3.55785e-08
367	  1.94819	  0.468745	  7.50817e-06	  4.97428e-07	  1068	  4.00925e-08
368	  1.94819	  0.531226	  7.50817e-06	  4.94636e-07	  1164	  3.92298e-08
369	  1.94819	  0.593785	  7.50817e-06	  5.75263e-07	  1188	  4.54532e-08
370	  1.94819	  0.656281	  7.50817e-06	  6.02232e-07	  1068	  4.85396e-08
371	  1.94819	  0.718743	  7.50817e-06	  6.26347e-07	  1008	  5.10455e-08
372	  1.94819	  0.781255	  7.50817e-06	  7.55683e-07	  1164	  5.99336e-08
373	  1.94819	  0.843774	  7.50817e-06	  7.70863e-07	  1176	  6.1022e-08
374	  1.94819	  0.90628	  7.50817e-06	  9.05606e-07	  1080	  7.28371e-08
375	  1.94819	  0.968758	  7.50817e-06	  9.75004e-07	  1038	  7.90129e-08
376	  2.25604	  0.030936	  5.25273e-06	  2.69513e-07	  1896	  1.96652e-08
377	  2.25604	  0.0938307	  5.25273e-06	  2.72305e-07	  1272	  2.12503e-08
378	  2.25604	  0.156319	  5.25273e-06	  2.65488e-07	  2040	  1.91524e-08
379	  2.25604	  0.218712	  5.25273e-06	  2.83745e-07	  1740	  2.09895e-08
380	  2.25604	  0.281224	  5.25273e-06	  2.91099e-07	  1584	  2.18691e-08
381	  2.25604	  0.343807	  5.25273e-06	  2.96347e-07	  1764	  2.18732e-08
382	  2.25604	  0.406302	  5.25273e-06	  3.08859e-07	  1632	  2.30884e-08
383	  2.25604	  0.468745	  5.25273e-06	  3.32453e-07	  1860	  2.43312e-08
384	  2.25604	  0.531226	  5.25273e-06	  3.59556e-07	  1560	  2.70812e-08
385	  2.25604	  0.593785	  5.25273e-06	  3.83525e-07	  1692	  2.85001e-08
386	  2.25604	  0.656281	  5.25273e-06	  4.33655e-07	  1704	  3.21881e-08
387	  2.25604	  0.718743	  5.25273e-06	  4.48988e-07	  1824	  3.29623e-08
388	  2.25604	  0.781255	  5.25273e-06	  4.98512e-07	  1668	  3.71317e-08
389	  2.25604	  0.843774	  5.25273e-06	  5.32194e-07	  1680	  3.95939e-08
390	  2.25604	  0.90628	  5.25273e-06	  5.97052e-07	  1776	  4.402e-08
391	  2.25604	  0.968758	  5.25273e-06	  6.28153e-07	  1656	  4.68437e-08
392	  2.61216	  0.030936	  3.66342e-06	  2.00224e-07	  2586	  1.39485e-08
393	  2.61216	  0.0938307	  3.66342e-06	  1.94997e-07	  3036	  1.32888e-08
394	  2.61216	  0.156319	  3.66342e-06	  2.02042e-07	  2124	  1.44861e-08
395	  2.61216	  0.218712	  3.66342e-06	  1.9923e-07	  2940	  1.36358e-08
396	  2.61216	  0.281224	  3.66342e-06	  2.1302e-07	  2616	  1.48159e-08
397	  2.61216	  0.343807	  3.66342e-06	  2.16805e-07	  2448	  1.52222e-08
398	  2.61216	  0.406302	  3.66342e-06	  2.25595e-07	  2916	  1.54574e-08
399	  2.61216	  0.468745	  3.66342e-06	  2.38055e-07	  2544	  1.66225e-08
400	  2.61216	  0.531226	  3.66342e-06	  2.54667e-07	  2652	  1.76785e-08
401	  2.61216	  0.593785	  3.66342e-06	  2.64511e-07	  2748	  1.82714e-08
402	  2.61216	  0.656281	  3.66342e-06	  3.00584e-07	  2676	  2.08398e-08
403	  2.61216	  0.718743	  3.66342e-06	  2.97169e-07	  2472	  2.08354e-08
404	  2.61216	  0.781255	  3.66342e-06	  3.26412e-07	  2616	  2.27024e-08
405	  2.61216	  0.843774	  3.66342e-06	  3.44129e-07	  2736	  2.37855e-08
406	  2.61216	  0.90628	  3.66342e-06	  3.69354e-07	  2568	  2.57564e-08
407	  2.61216	  0.968758	  3.66342e-06	  3.85313e-07	  2745	  2.662e-08
408	  3.02645	  0.030936	  2.54078e-06	  1.44411e-07	  3414	  9.69212e-09
409	  3.02645	  0.0938307	  2.54078e-06	  1.43505e-07	  4512	  9.31167e-09
410	  3.02645	  0.156319	  2.54078e-06	  1.38849e-07	  4632	  8.98256e-09
411	  3.02645	  0.218712	  2.54078e-06	  1.41715e-07	  3972	  9.33433e-09
412	  3.02645	  0.281224	  2.54078e-06	  1.46985e-07	  4176	  9.6238e-09
413	  3.02645	  0.343807	  2.54078e-06	  1.51299e-07	  4344	  9.86053e-09
414	  3.02645	  0.406302	  2.54078e-06	  1.56702e-07	  4044	  1.02992e-08
415	  3.02645	  0.468745	  2.54078e-06	  1.68665e-07	  4092	  1.107e-08
416	  3.02645	  0.531226	  2.54078e-06	  1.83023e-07	  4296	  1.19435e-08
417	  3.02645	  0.593785	  2.54078e-06	  1.86838e-07	  3996	  1.22976e-08
418	  3.02645	  0.656281	  2.54078e-06	  1.97773e-07	  4188	  1.29447e-08
419	  3.02645	  0.718743	  2.54078e-06	  2.11342e-07	  4212	  1.38235e-08
420	  3.02645	  0.781255	  2.54078e-06	  2.17174e-07	  4140	  1.4234e-08
421	  3.02645	  0.843774	  2.54078e-06	  2.26308e-07	  4128	  1.48377e-08
422	  3.02645	  0.90628	  2.54078e-06	  2.396e-07	  4188	  1.56824e-08
423	  3.02645	  0.968758	  2.54078e-06	  2.39617e-07	  4128	  1.57104e-08
424	  3.50419	  0.030936	  1.76288e-06	  1.0315e-07	  7002	  6.39021e-09
425	  3.50419	  0.0938307	  1.76288e-06	  1.03898e-07	  6240	  6.51016e-09
426	  3.50419	  0.156319	  1.76288e-06	  9.93041e-08	  5964	  6.25108e-09
427	  3.50419	  0.218712	  1.76288e-06	  1.02049e-07	  6180	  6.4006e-09
428	  3.50419	  0.281224	  1.76288e-06	  1.05734e-07	  6420	  6.60631e-09
429	  3.50419	  0.343807	  1.76288e-06	  1.08466e-07	  6516	  6.76702e-09
430	  3.50419	  0.406302	  1.76288e-06	  1.11197e-07	  6312	  6.95945e-09
431	  3.50419	  0.468745	  1.76288e-06	  1.22627e-07	  6276	  7.67924e-09
432	  3.50419	  0.531226	  1.76288e-06	  1.20371e-07	  6360	  7.5279e-09
433	  3.50419	  0.593785	  1.76288e-06	  1.24763e-07	  6408	  7.79674e-09
434	  3.50419	  0.656281	  1.76288e-06	  1.36058e-07	  6360	  8.50898e-09
435	  3.50419	  0.718743	  1.76288e-06	  1.38115e-07	  6336	  8.64087e-09
436	  3.50419	  0.781255	  1.76288e-06	  1.39604e-07	  6372	  8.7291e-09
437	  3.50419	  0.843774	  1.76288e-06	  1.46299e-07	  6456	  9.13573e-09
438	  3.50419	  0.90628	  1.76288e-06	  1.44123e-07	  6360	  9.01333e-09
439	  3.50419	  0.968758	  1.76288e-06	  1.45102e-07	  6327	  9.07933e-09
440	  4.05763	  0.030936	  1.2177e-06	  7.40537e-08	  10392	  4.42912e-09
441	  4.05763	  0.0938307	  1.2177e-06	  7.05049e-08	  9420	  4.25167e-09
442	  4.05763	  0.156319	  1.2177e-06	  7.37371e-08	  10176	  4.41782e-09
443	  4.05763	  0.218712	  1.2177e-06	  7.42315e-08	  10260	  4.44442e-09
444	  4.05763	  0.281224	  1.2177e-06	  7.15495e-08	  9528	  4.31048e-09
445	  4.05763	  0.343807	  1.2177e-06	  7.47652e-08	  10140	  4.48074e-09
446	  4.05763	  0.406302	  1.2177e-06	  7.82955e-08	  9960	  4.6993e-09
447	  4.05763	  0.468745	  1.2177e-06	  7.90552e-08	  10068	  4.74064e-09
448	  4.05763	  0.531226	  1.2177e-06	  8.32316e-08	  9996	  4.99406e-09
449	  4.05763	  0.593785	  1.2177e-06	  8.38903e-08	  9828	  5.04073e-09
450	  4.05763	  0.656281	  1.2177e-06	  8.71013e-08	  10032	  5.22469e-09
451	  4.05763	  0.718743	  1.2177e-06	  8.82042e-08	  9924	  5.29563e-09
452	  4.05763	  0.781255	  1.2177e-06	  8.71554e-08	  10116	  5.22431e-09
453	  4.05763	  0.843774	  1.2177e-06	  8.8369e-08	  9888	  5.30713e-09
454	  4.05763	  0.90628	  1.2177e-06	  8.95516e-08	  10008	  5.37274e-09
455	  4.05763	  0.968758	  1.2177e-06	  8.54289e-08	  9978	  5.12668e-09
456	  4.69917	  0.030936	  8.3954e-07	  5.2238e-08	  13626	  3.05941e-09
457	  4.69917	  0.0938307	  8.3954e-07	  5.13821e-08	  16392	  2.97043e-09
458	  4.69917	  0.156319	  8.3954e-07	  5.12416e-08	  15708	  2.97093e-09
459	  4.69917	  0.218712	  8.3954e-07	  5.06774e-08	  15432	  2.94181e-09
460	  4.69917	  0.281224	  8.3954e-07	  5.08546e-08	  15780	  2.94756e-09
461	  4.69917	  0.343807	  8.3954e-07	  5.14051e-08	  15300	  2.98584e-09
462	  4.69917	  0.406302	  8.3954e-07	  5.27478e-08	  15588	  3.05987e-09
463	  4.69917	  0.468745	  8.3954e-07	  5.32673e-08	  15396	  3.09266e-09
464	  4.69917	  0.531226	  8.3954e-07	  5.48698e-08	  15504	  3.18416e-09
465	  4.69917	  0.593785	  8.3954e-07	  5.53444e-08	  15660	  3.20948e-09
466	  4.69917	  0.656281	  8.3954e-07	  5.50838e-08	  15192	  3.20109e-09
467	  4.69917	  0.718743	  8.3954e-07	  5.47315e-08	  15600	  3.17478e-09
468	  4.69917	  0.781255	  8.3954e-07	  5.54776e-08	  15216	  3.22362e-09
469	  4.69917	  0.843774	  8.3954e-07	  5.43958e-08	  15516	  3.15648e-09
470	  4.69917	  0.90628	  8.3954e-07	  5.15511e-08	  15540	  2.99109e-09
471	  4.69917	  0.968758	  8.3954e-07	  5.0656e-08	  15405	  2.94093e-09
472	  5.4432	  0.030936	  5.76983e-07	  3.73817e-08	  26250	  2.09981e-09
473	  5.4432	  0.0938307	  5.76983e-07	  3.64766e-08	  22392	  2.0676e-09
474	  5.4432	  0.156319	  5.76983e-07	  3.62548e-08	  24516	  2.04429e-09
475	  5.4432	  0.218712	  5.76983e-07	  3.54742e-08	  23592	  2.00467e-09
476	  5.4432	  0.281224	  5.76983e-07	  3.54289e-08	  24264	  1.99889e-09
477	  5.4432	  0.343807	  5.76983e-07	  3.56022e-08	  23928	  2.01027e-09
478	  5.4432	  0.406302	  5.76983e-07	  3.50516e-08	  24120	  1.97827e-09
479	  5.4432	  0.468745	  5.76983e-07	  3.50174e-08	  23964	  1.97707e-09
480	  5.4432	  0.531226	  5.76983e-07	  3.5129e-08	  24060	  1.98292e-09
481	  5.4432	  0.593785	  5.76983e-07	  3.53373e-08	  24108	  1.99445e-09
482	  5.4432	  0.656281	  5.76983e-07	  3.45526e-08	  24228	  1.94961e-09
483	  5.4432	  0.718743	  5.76983e-07	  3.40138e-08	  24144	  1.91959e-09
484	  5.4432	  0.781255	  5.76983e-07	  3.28134e-08	  23940	  1.85274e-09
485	  5.4432	  0.843774	  5.76983e-07	  3.06924e-08	  24192	  1.73195e-09
486	  5.4432	  0.90628	  5.76983e-07	  2.96823e-08	  23988	  1.67576e-09
487	  5.4432	  0.968758	  5.76983e-07	  2.81634e-08	  24141	  1.58943e-09
488	  6.30378	  0.030936	  3.95533e-07	  2.64894e-08	  35082	  1.4659e-09
489	  6.30378	  0.0938307	  3.95533e-07	  2.53946e-08	  39108	  1.39814e-09
490	  6.30378	  0.156319	  3.95533e-07	  2.50218e-08	  36924	  1.3813e-09
491	  6.30378	  0.218712	  3.95533e-07	  2.44272e-08	  37692	  1.34718e-09
492	  6.30378	  0.281224	  3.95533e-07	  2.36478e-08	  37092	  1.30518e-09
493	  6.30378	  0.343807	  3.95533e-07	  2.3532e-08	  37536	  1.29806e-09
494	  6.30378	  0.406302	  3.95533e-07	  2.32983e-08	  36984	  1.28606e-09
495	  6.30378	  0.468745	  3.95533e-07	  2.26937e-08	  37428	  1.25199e-09
496	  6.30378	  0.531226	  3.95533e-07	  2.22892e-08	  37392	  1.22973e-09
497	  6.30378	  0.593785	  3.95533e-07	  2.16013e-08	  37200	  1.19206e-09
498	  6.30378	  0.656281	  3.95533e-07	  2.07106e-08	  36924	  1.14331e-09
499	  6.30378	  0.718743	  3.95533e-07	  1.97747e-08	  37272	  1.09116e-09
500	  6.30378	  0.781255	  3.95533e-07	  1.86785e-08	  37284	  1.03066e-09
501	  6.30378	  0.843774	  3.95533e-07	  1.73698e-08	  37188	  9.58562e-10
502	  6.30378	  0.90628	  3.95533e-07	  1.61901e-08	  37320	  8.93309e-10
503	  6.30378	  0.968758	  3.95533e-07	  1.46428e-08	  37119	  8.08142e-10
504	  7.30029	  0.030936	  2.70991e-07	  1.82229e-08	  60258	  9.85381e-10
505	  7.30029	  0.0938307	  2.70991e-07	  1.76147e-08	  56916	  9.54567e-10
506	  7.30029	  0.156319	  2.70991e-07	  1.71619e-08	  56820	  9.30091e-10
507	  7.30029	  0.218712	  2.70991e-07	  1.66125e-08	  58716	  8.99185e-10
508	  7.30029	  0.281224	  2.70991e-07	  1.60271e-08	  57840	  8.67995e-10
509	  7.30029	  0.343807	  2.70991e-07	  1.52642e-08	  57612	  8.26805e-10
510	  7.30029	  0.406302	  2.70991e-07	  1.48421e-08	  58464	  8.03487e-10
511	  7.30029	  0.468745	  2.70991e-07	  1.41642e-08	  57948	  7.67053e-10
512	  7.30029	  0.531226	  2.70991e-07	  1.36099e-08	  57708	  7.3715e-10
513	  7.30029	  0.593785	  2.70991e-07	  1.26784e-08	  58236	  6.86458e-10
514	  7.30029	  0.656281	  2.70991e-07	  1.19355e-08	  58008	  6.46333e-10
515	  7.30029	  0.718743	  2.70991e-07	  1.10252e-08	  58200	  5.96962e-10
516	  7.30029	  0.781255	  2.70991e-07	  9.97972e-09	  58128	  5.40379e-10
517	  7.30029	  0.843774	  2.70991e-07	  9.09364e-09	  57972	  4.9245e-10
518	  7.30029	  0.90628	  2.70991e-07	  8.20089e-09	  57960	  4.44109e-10
519	  7.30029	  0.968758	  2.70991e-07	  7.29436e-09	  58122	  3.94974e-10
520	  8.455	  0.030936	  1.84942e-07	  1.24759e-08	  90198	  6.65334e-10
521	  8.455	  0.0938307	  1.84942e-07	  1.19638e-08	  89292	  6.38225e-10
522	  8.455	  0.156319	  1.84942e-07	  1.15738e-08	  90804	  6.171e-10
523	  8.455	  0.218712	  1.84942e-07	  1.08841e-08	  89628	  5.80562e-10
524	  8.455	  0.281224	  1.84942e-07	  1.03541e-08	  89844	  5.52251e-10
525	  8.455	  0.343807	  1.84942e-07	  9.72878e-09	  90636	  5.18754e-10
526	  8.455	  0.406302	  1.84942e-07	  9.15386e-09	  89628	  4.88269e-10
527	  8.455	  0.468745	  1.84942e-07	  8.52542e-09	  89772	  4.54725e-10
528	  8.455	  0.531226	  1.84942e-07	  7.88502e-09	  90324	  4.20487e-10
529	  8.455	  0.593785	  1.84942e-07	  7.09033e-09	  89784	  3.78179e-10
530	  8.455	  0.656281	  1.84942e-07	  6.4019e-09	  90216	  3.41409e-10
531	  8.455	  0.718743	  1.84942e-07	  5.76251e-09	  89796	  3.07355e-10
532	  8.455	  0.781255	  1.84942e-07	  5.08734e-09	  90120	  2.71313e-10
533	  8.455	  0.843774	  1.84942e-07	  4.48253e-09	  90132	  2.39057e-10
534	  8.455	  0.90628	  1.84942e-07	  3.93454e-09	  89916	  2.09848e-10
535	  8.455	  0.968758	  1.84942e-07	  3.38745e-09	  89964	  1.80666e-10
536	  9.79129	  0.030936	  1.26189e-07	  8.35122e-09	  139068	  4.39955e-10
537	  9.79129	  0.0938307	  1.26189e-07	  7.93659e-09	  141180	  4.17952e-10
538	  9.79129	  0.156319	  1.26189e-07	  7.51293e-09	  139380	  3.9577e-10
539	  9.79129	  0.218712	  1.26189e-07	  7.03638e-09	  138804	  3.70706e-10
540	  9.79129	  0.281224	  1.26189e-07	  6.49355e-09	  140952	  3.41974e-10
541	  9.79129	  0.343807	  1.26189e-07	  5.89532e-09	  139668	  3.10541e-10
542	  9.79129	  0.406302	  1.26189e-07	  5.34273e-09	  139464	  2.81443e-10
543	  9.79129	  0.468745	  1.26189e-07	  4.80491e-09	  139812	  2.53096e-10
544	  9.79129	  0.531226	  1.26189e-07	  4.23541e-09	  139884	  2.23095e-10
545	  9.79129	  0.593785	  1.26189e-07	  3.74659e-09	  140184	  1.97336e-10
546	  9.79129	  0.656281	  1.26189e-07	  3.26313e-09	  139404	  1.71896e-10
547	  9.79129	  0.718743	  1.26189e-07	  2.81778e-09	  139932	  1.48422e-10
548	  9.79129	  0.781255	  1.26189e-07	  2.41006e-09	  139980	  1.26945e-10
549	  9.79129	  0.843774	  1.26189e-07	  2.03633e-09	  139632	  1.07266e-10
550	  9.79129	  0.90628	  1.26189e-07	  1.74122e-09	  140088	  9.17132e-11
551	  9.79129	  0.968758	  1.26189e-07	  1.44761e-09	  139623	  7.62547e-11
