#n	   k	      mu	    PL	    Pf	     w	     err  
0	  0.125664	  1	  0.0045406	  0.000809545	  3	  0.000507868
1	  0.251327	  1	  0.00130284	  0.000183004	  3	  0.000114807
2	  0.376991	  1	  0.000572878	  0.000173866	  3	  0.000109075
3	  0.502655	  1	  0.000311359	  3.73095e-05	  3	  2.34062e-05
4	  0.628319	  1	  0.000191182	  9.34425e-06	  3	  5.86212e-06
5	  0.753982	  1	  0.000127062	  4.24771e-05	  3	  2.6648e-05
6	  0.879646	  1	  8.94885e-05	  2.22243e-05	  3	  1.39424e-05
7	  1.00531	  1	  6.57349e-05	  1.81278e-05	  3	  1.13725e-05
8	  0.125664	  0	  0.0045406	  0.000153421	  6	  7.0305e-05
9	  0.177715	  0.707107	  0.00243597	  0.000163495	  12	  5.53716e-05
10	  0.280993	  0.894427	  0.00102013	  0.000198782	  12	  6.73225e-05
11	  0.397384	  0.948683	  0.000511842	  7.55772e-05	  12	  2.55961e-05
12	  0.518125	  0.970143	  0.00029163	  3.78745e-05	  12	  1.28271e-05
13	  0.640762	  0.980581	  0.000182897	  2.80224e-05	  12	  9.49048e-06
14	  0.764382	  0.986394	  0.000123243	  1.47331e-05	  12	  4.98972e-06
15	  0.888577	  0.989949	  8.73998e-05	  2.03159e-05	  12	  6.8805e-06
16	  1.01313	  0.992278	  6.45422e-05	  9.47037e-06	  12	  3.20738e-06
17	  0.177715	  0	  0.00243597	  6.80827e-05	  6	  3.11988e-05
18	  0.217656	  0.57735	  0.00164271	  8.53154e-05	  12	  2.88942e-05
19	  0.307812	  0.816497	  0.000866449	  9.08267e-05	  12	  3.07608e-05
20	  0.416779	  0.904534	  0.000462316	  5.15276e-05	  12	  1.74511e-05
21	  0.533146	  0.942809	  0.000274028	  3.64894e-05	  12	  1.2358e-05
22	  0.652968	  0.96225	  0.000175533	  2.63218e-05	  12	  8.91455e-06
23	  0.774643	  0.973329	  0.000119575	  1.73528e-05	  12	  5.87697e-06
24	  0.897418	  0.980196	  8.54187e-05	  1.05488e-05	  12	  3.57262e-06
25	  1.0209	  0.984732	  6.33585e-05	  1.19365e-05	  12	  4.0426e-06
26	  0.251327	  0	  0.00130284	  3.75606e-05	  6	  1.72121e-05
27	  0.280993	  0.447214	  0.00102013	  6.31567e-05	  12	  2.13896e-05
28	  0.355431	  0.707107	  0.00064199	  7.27093e-05	  12	  2.46248e-05
29	  0.453087	  0.83205	  0.000388906	  4.77396e-05	  12	  1.61682e-05
30	  0.561985	  0.894427	  0.000244247	  3.77031e-05	  12	  1.27691e-05
31	  0.67672	  0.928477	  0.000162081	  1.4344e-05	  12	  4.85797e-06
32	  0.794767	  0.948683	  0.000112833	  1.33571e-05	  12	  4.52371e-06
33	  0.914846	  0.961524	  8.17554e-05	  1.57445e-05	  12	  5.33227e-06
34	  1.03625	  0.970143	  6.12528e-05	  3.58032e-06	  12	  1.21257e-06
35	  0.280993	  0	  0.00102013	  4.20073e-05	  12	  1.42268e-05
36	  0.307812	  0.408248	  0.000866449	  3.75789e-05	  24	  9.5497e-06
37	  0.376991	  0.666667	  0.000572878	  4.97461e-05	  24	  1.26417e-05
38	  0.470191	  0.801784	  0.000358862	  3.45883e-05	  24	  8.78971e-06
39	  0.575863	  0.872872	  0.000231624	  3.87274e-05	  24	  9.84158e-06
40	  0.688288	  0.912871	  0.000155997	  1.86331e-05	  24	  4.73512e-06
41	  0.80464	  0.937043	  0.000109659	  1.08931e-05	  24	  2.76821e-06
42	  0.923436	  0.952579	  7.99496e-05	  1.13102e-05	  24	  2.8742e-06
43	  1.04384	  0.963087	  6.02138e-05	  8.50787e-06	  24	  2.16205e-06
44	  0.355431	  0	  0.00064199	  2.24616e-05	  6	  1.0293e-05
45	  0.376991	  0.333333	  0.000572878	  2.90788e-05	  12	  9.84826e-06
46	  0.435312	  0.57735	  0.000423317	  2.26447e-05	  12	  7.66919e-06
47	  0.518125	  0.727607	  0.00029163	  2.97294e-05	  12	  1.00686e-05
48	  0.615624	  0.816497	  0.00019993	  2.29789e-05	  12	  7.78239e-06
49	  0.721883	  0.870388	  0.000140237	  1.89101e-05	  12	  6.40437e-06
50	  0.833559	  0.904534	  0.000101156	  1.95893e-05	  12	  6.6344e-06
51	  0.94874	  0.927173	  7.51585e-05	  1.03873e-05	  12	  3.51792e-06
52	  0.376991	  0	  0.000572878	  2.92116e-05	  6	  1.33862e-05
53	  0.397384	  0.316228	  0.000511842	  2.30569e-05	  12	  7.80881e-06
54	  0.453087	  0.5547	  0.000388906	  3.12118e-05	  12	  1.05707e-05
55	  0.533146	  0.707107	  0.000274028	  1.65625e-05	  12	  5.60932e-06
56	  0.628319	  0.8	  0.000191182	  2.40574e-05	  12	  8.14763e-06
57	  0.732739	  0.857493	  0.000135492	  9.52171e-06	  12	  3.22477e-06
58	  0.842978	  0.894427	  9.86304e-05	  1.16238e-05	  12	  3.9367e-06
59	  0.957026	  0.919145	  7.36255e-05	  9.62356e-06	  12	  3.25926e-06
60	  0.397384	  0	  0.000511842	  1.7331e-05	  12	  5.86957e-06
61	  0.416779	  0.301511	  0.000462316	  1.62875e-05	  24	  4.13904e-06
62	  0.470191	  0.534522	  0.000358862	  1.56558e-05	  24	  3.97851e-06
63	  0.547755	  0.688247	  0.000258341	  2.98261e-05	  24	  7.57952e-06
64	  0.640762	  0.784465	  0.000182897	  1.60153e-05	  24	  4.06987e-06
65	  0.743437	  0.845154	  0.000131247	  1.09096e-05	  24	  2.7724e-06
66	  0.852293	  0.884652	  9.62063e-05	  1.75297e-05	  24	  4.45473e-06
67	  0.965241	  0.911322	  7.22316e-05	  8.8414e-06	  24	  2.24681e-06
68	  0.453087	  0	  0.000388906	  1.50996e-05	  12	  5.11386e-06
69	  0.470191	  0.267261	  0.000358862	  1.07914e-05	  24	  2.74237e-06
70	  0.518125	  0.485071	  0.00029163	  1.93136e-05	  24	  4.90804e-06
71	  0.589415	  0.639602	  0.000220142	  1.21719e-05	  24	  3.09318e-06
72	  0.67672	  0.742781	  0.000162081	  1.74406e-05	  24	  4.43207e-06
73	  0.774643	  0.811107	  0.000119575	  1.37529e-05	  24	  3.49494e-06
74	  0.879646	  0.857143	  8.94885e-05	  1.18735e-05	  24	  3.01734e-06
75	  0.989477	  0.889001	  6.81488e-05	  5.77594e-06	  24	  1.46781e-06
76	  0.502655	  0	  0.000311359	  3.37892e-06	  6	  1.54838e-06
77	  0.518125	  0.242536	  0.00029163	  7.68856e-06	  12	  2.60392e-06
78	  0.561985	  0.447214	  0.000244247	  1.49596e-05	  12	  5.06645e-06
79	  0.628319	  0.6	  0.000191182	  1.2597e-05	  12	  4.26629e-06
80	  0.710861	  0.707107	  0.000145099	  6.05468e-06	  12	  2.05057e-06
81	  0.80464	  0.780869	  0.000109659	  1.26726e-05	  12	  4.29191e-06
82	  0.906174	  0.83205	  8.35782e-05	  8.26904e-06	  12	  2.80052e-06
83	  1.01313	  0.868243	  6.45422e-05	  7.84661e-06	  12	  2.65745e-06
84	  0.518125	  0	  0.00029163	  7.82253e-06	  12	  2.6493e-06
85	  0.533146	  0.235702	  0.000274028	  5.33926e-06	  24	  1.35684e-06
86	  0.575863	  0.436436	  0.000231624	  1.63679e-05	  24	  4.15949e-06
87	  0.640762	  0.588348	  0.000182897	  8.93395e-06	  24	  2.27033e-06
88	  0.721883	  0.696311	  0.000140237	  8.01649e-06	  24	  2.03718e-06
89	  0.814394	  0.771517	  0.000106706	  7.07886e-06	  24	  1.79891e-06
90	  0.914846	  0.824163	  8.17554e-05	  1.06071e-05	  24	  2.69551e-06
91	  1.0209	  0.86164	  6.33585e-05	  9.02326e-06	  24	  2.29303e-06
92	  0.533146	  0	  0.000274028	  7.49526e-06	  6	  3.43469e-06
93	  0.547755	  0.229416	  0.000258341	  1.37837e-05	  12	  4.6682e-06
94	  0.589415	  0.426401	  0.000220142	  1.05089e-05	  12	  3.55909e-06
95	  0.652968	  0.57735	  0.000175533	  4.05998e-06	  12	  1.37502e-06
96	  0.732739	  0.685994	  0.000135492	  1.25908e-05	  12	  4.26418e-06
97	  0.824032	  0.762493	  0.000103915	  8.28989e-06	  12	  2.80758e-06
98	  0.923436	  0.816497	  7.99496e-05	  7.09587e-06	  12	  2.40319e-06
99	  1.0286	  0.855186	  6.22994e-05	  4.81926e-06	  12	  1.63216e-06
100	  0.561985	  0	  0.000244247	  9.75113e-06	  12	  3.30247e-06
101	  0.575863	  0.218218	  0.000231624	  1.27017e-05	  24	  3.2278e-06
102	  0.615624	  0.408248	  0.00019993	  1.23386e-05	  24	  3.13553e-06
103	  0.67672	  0.557086	  0.000162081	  1.18443e-05	  24	  3.00992e-06
104	  0.753982	  0.666667	  0.000127062	  9.09971e-06	  24	  2.31246e-06
105	  0.842978	  0.745356	  9.86304e-05	  9.17165e-06	  24	  2.33074e-06
106	  0.940381	  0.801784	  7.67368e-05	  8.08334e-06	  24	  2.05417e-06
107	  1.04384	  0.842701	  6.02138e-05	  5.89251e-06	  24	  1.49743e-06
108	  0.628319	  0	  0.000191182	  6.43446e-06	  18	  1.83834e-06
109	  0.640762	  0.196116	  0.000182897	  6.1821e-06	  36	  1.33945e-06
110	  0.67672	  0.371391	  0.000162081	  5.90097e-06	  36	  1.27854e-06
111	  0.732739	  0.514496	  0.000135492	  6.5467e-06	  36	  1.41845e-06
112	  0.80464	  0.624695	  0.000109659	  6.93026e-06	  36	  1.50156e-06
113	  0.888577	  0.707107	  8.73998e-05	  7.19556e-06	  36	  1.55904e-06
114	  0.981465	  0.768221	  6.94786e-05	  6.34821e-06	  36	  1.37545e-06
115	  0.640762	  0	  0.000182897	  6.0539e-06	  12	  2.05031e-06
116	  0.652968	  0.19245	  0.000175533	  8.54556e-06	  24	  2.17163e-06
117	  0.688288	  0.365148	  0.000155997	  6.01737e-06	  24	  1.52916e-06
118	  0.743437	  0.507093	  0.000131247	  7.48981e-06	  24	  1.90334e-06
119	  0.814394	  0.617213	  0.000106706	  7.1954e-06	  24	  1.82853e-06
120	  0.897418	  0.70014	  8.54187e-05	  6.51123e-06	  24	  1.65466e-06
121	  0.989477	  0.762001	  6.81488e-05	  2.67889e-06	  24	  6.8077e-07
122	  0.67672	  0	  0.000162081	  2.37604e-06	  12	  8.04706e-07
123	  0.688288	  0.182574	  0.000155997	  4.85739e-06	  24	  1.23438e-06
124	  0.721883	  0.348155	  0.000140237	  6.63027e-06	  24	  1.68491e-06
125	  0.774643	  0.486664	  0.000119575	  6.94925e-06	  24	  1.76597e-06
126	  0.842978	  0.596285	  9.86304e-05	  7.24689e-06	  24	  1.84161e-06
127	  0.923436	  0.680414	  7.99496e-05	  4.10112e-06	  24	  1.04219e-06
128	  1.01313	  0.744208	  6.45422e-05	  6.87962e-06	  24	  1.74828e-06
129	  0.710861	  0	  0.000145099	  1.76781e-06	  6	  8.10097e-07
130	  0.721883	  0.174078	  0.000140237	  3.8362e-06	  12	  1.29922e-06
131	  0.753982	  0.333333	  0.000127062	  5.22109e-06	  12	  1.76825e-06
132	  0.80464	  0.468521	  0.000109659	  4.04287e-06	  12	  1.36922e-06
133	  0.870624	  0.57735	  9.15986e-05	  7.488e-06	  12	  2.536e-06
134	  0.94874	  0.662266	  7.51585e-05	  5.91444e-06	  12	  2.00308e-06
135	  1.03625	  0.727607	  6.12528e-05	  4.46715e-06	  12	  1.51291e-06
136	  0.732739	  0	  0.000135492	  3.94769e-06	  12	  1.33698e-06
137	  0.743437	  0.169031	  0.000131247	  4.49579e-06	  24	  1.14249e-06
138	  0.774643	  0.324443	  0.000119575	  5.26417e-06	  24	  1.33775e-06
139	  0.824032	  0.457496	  0.000103915	  5.45279e-06	  24	  1.38569e-06
140	  0.888577	  0.565685	  8.73998e-05	  4.60503e-06	  24	  1.17025e-06
141	  0.965241	  0.650945	  7.22316e-05	  6.60291e-06	  24	  1.67796e-06
142	  0.753982	  0	  0.000127062	  1.34124e-05	  6	  6.14623e-06
143	  0.764382	  0.164399	  0.000123243	  6.34207e-06	  12	  2.1479e-06
144	  0.794767	  0.316228	  0.000112833	  3.86638e-06	  12	  1.30945e-06
145	  0.842978	  0.447214	  9.86304e-05	  2.27289e-06	  12	  7.69772e-07
146	  0.906174	  0.5547	  8.35782e-05	  2.91743e-06	  12	  9.88063e-07
147	  0.981465	  0.640184	  6.94786e-05	  3.5444e-06	  12	  1.2004e-06
148	  0.764382	  0	  0.000123243	  6.2695e-06	  12	  2.12332e-06
149	  0.774643	  0.162221	  0.000119575	  3.41929e-06	  24	  8.68925e-07
150	  0.80464	  0.312348	  0.000109659	  3.53911e-06	  24	  8.99373e-07
151	  0.852293	  0.442326	  9.62063e-05	  4.72419e-06	  24	  1.20053e-06
152	  0.914846	  0.549442	  8.17554e-05	  5.92217e-06	  24	  1.50497e-06
153	  0.989477	  0.635001	  6.81488e-05	  3.20162e-06	  24	  8.13609e-07
154	  0.794767	  0	  0.000112833	  3.63592e-06	  12	  1.2314e-06
155	  0.80464	  0.156174	  0.000109659	  3.30526e-06	  24	  8.39948e-07
156	  0.833559	  0.301511	  0.000101156	  3.87277e-06	  24	  9.84165e-07
157	  0.879646	  0.428571	  8.94885e-05	  4.80141e-06	  24	  1.22016e-06
158	  0.940381	  0.534522	  7.67368e-05	  3.95082e-06	  24	  1.004e-06
159	  1.01313	  0.620174	  6.45422e-05	  4.09188e-06	  24	  1.03984e-06
160	  0.80464	  0	  0.000109659	  4.21884e-06	  12	  1.42882e-06
161	  0.814394	  0.154303	  0.000106706	  3.04927e-06	  24	  7.74893e-07
162	  0.842978	  0.298142	  9.86304e-05	  4.72284e-06	  24	  1.20019e-06
163	  0.888577	  0.424264	  8.73998e-05	  3.4676e-06	  24	  8.812e-07
164	  0.94874	  0.529813	  7.51585e-05	  4.07507e-06	  24	  1.03557e-06
165	  1.0209	  0.615457	  6.33585e-05	  2.52261e-06	  24	  6.41056e-07
166	  0.842978	  0	  9.86304e-05	  1.95721e-06	  12	  6.62859e-07
167	  0.852293	  0.147442	  9.62063e-05	  3.83692e-06	  24	  9.75054e-07
168	  0.879646	  0.285714	  8.94885e-05	  4.71857e-06	  24	  1.1991e-06
169	  0.923436	  0.408248	  7.99496e-05	  4.06811e-06	  24	  1.0338e-06
170	  0.981465	  0.512148	  6.94786e-05	  5.41853e-06	  24	  1.37698e-06
171	  0.879646	  0	  8.94885e-05	  3.45759e-06	  6	  1.58443e-06
172	  0.888577	  0.141421	  8.73998e-05	  3.2125e-06	  12	  1.08799e-06
173	  0.914846	  0.274721	  8.17554e-05	  2.83034e-06	  12	  9.58566e-07
174	  0.957026	  0.393919	  7.36255e-05	  3.10362e-06	  12	  1.05112e-06
175	  1.01313	  0.496139	  6.45422e-05	  4.15616e-06	  12	  1.40759e-06
176	  0.888577	  0	  8.73998e-05	  3.18527e-06	  18	  9.10039e-07
177	  0.897418	  0.140028	  8.54187e-05	  4.31276e-06	  36	  9.34432e-07
178	  0.923436	  0.272166	  7.99496e-05	  3.24433e-06	  36	  7.02938e-07
179	  0.965241	  0.390567	  7.22316e-05	  4.51038e-06	  36	  9.7725e-07
180	  1.0209	  0.492366	  6.33585e-05	  2.66549e-06	  36	  5.77524e-07
181	  0.906174	  0	  8.35782e-05	  1.9572e-06	  12	  6.62853e-07
182	  0.914846	  0.137361	  8.17554e-05	  3.99425e-06	  24	  1.01504e-06
183	  0.940381	  0.267261	  7.67368e-05	  3.44161e-06	  24	  8.74595e-07
184	  0.981465	  0.384111	  6.94786e-05	  3.49956e-06	  24	  8.89323e-07
185	  1.03625	  0.485071	  6.12528e-05	  1.87113e-06	  24	  4.75499e-07
186	  0.914846	  0	  8.17554e-05	  1.67627e-06	  12	  5.67712e-07
187	  0.923436	  0.136083	  7.99496e-05	  3.99324e-06	  24	  1.01478e-06
188	  0.94874	  0.264906	  7.51585e-05	  2.50928e-06	  24	  6.37669e-07
189	  0.989477	  0.381	  6.81488e-05	  2.74203e-06	  24	  6.96815e-07
190	  1.04384	  0.481543	  6.02138e-05	  1.77036e-06	  24	  4.49892e-07
191	  0.957026	  0	  7.36255e-05	  2.86715e-06	  12	  9.71033e-07
192	  0.965241	  0.130189	  7.22316e-05	  3.73368e-06	  24	  9.48819e-07
193	  0.989477	  0.254	  6.81488e-05	  2.48103e-06	  24	  6.30488e-07
194	  1.0286	  0.366508	  6.22994e-05	  2.71864e-06	  24	  6.90872e-07
195	  0.981465	  0	  6.94786e-05	  2.05925e-06	  12	  6.97417e-07
196	  0.989477	  0.127	  6.81488e-05	  2.17313e-06	  24	  5.52246e-07
197	  1.01313	  0.248069	  6.45422e-05	  2.60327e-06	  24	  6.61554e-07
198	  1.00531	  0	  6.57349e-05	  2.90505e-06	  6	  1.33123e-06
199	  1.01313	  0.124035	  6.45422e-05	  3.70847e-06	  12	  1.25597e-06
200	  1.03625	  0.242536	  6.12528e-05	  1.27983e-06	  12	  4.33447e-07
201	  1.01313	  0	  6.45422e-05	  3.16312e-06	  24	  8.03825e-07
202	  1.0209	  0.123091	  6.33585e-05	  2.78694e-06	  48	  5.41608e-07
203	  1.04384	  0.240772	  6.02138e-05	  2.23405e-06	  48	  4.3416e-07
204	  1.03625	  0	  6.12528e-05	  1.53738e-06	  12	  5.20674e-07
205	  1.04384	  0.120386	  6.02138e-05	  2.4035e-06	  24	  6.10786e-07
206	  1.13795	  0.0307688	  4.91897e-05	  2.09767e-06	  108	  3.06732e-07
207	  1.13795	  0.0938409	  4.91897e-05	  1.96052e-06	  216	  2.31423e-07
208	  1.13795	  0.218771	  4.91897e-05	  1.95837e-06	  216	  2.31169e-07
209	  1.13795	  0.343792	  4.91897e-05	  2.35856e-06	  228	  2.74128e-07
210	  1.13795	  0.406346	  4.91897e-05	  2.12144e-06	  84	  3.3754e-07
211	  1.13795	  0.468799	  4.91897e-05	  2.50049e-06	  108	  3.65634e-07
212	  1.13795	  0.531211	  4.91897e-05	  3.13724e-06	  132	  4.29924e-07
213	  1.13795	  0.593752	  4.91897e-05	  3.60272e-06	  120	  5.09017e-07
214	  1.13795	  0.656285	  4.91897e-05	  3.46233e-06	  144	  4.61644e-07
215	  1.13795	  0.718778	  4.91897e-05	  3.50031e-06	  132	  4.79679e-07
216	  1.13795	  0.781285	  4.91897e-05	  4.53896e-06	  120	  6.41296e-07
217	  1.13795	  0.843751	  4.91897e-05	  4.83518e-06	  144	  6.4469e-07
218	  1.13795	  0.906307	  4.91897e-05	  5.78992e-06	  108	  8.46632e-07
219	  1.13795	  0.968805	  4.91897e-05	  6.55525e-06	  123	  9.1883e-07
220	  1.31028	  0.0307688	  3.52609e-05	  1.43022e-06	  138	  1.93259e-07
221	  1.31028	  0.0938409	  3.52609e-05	  1.37234e-06	  276	  1.51223e-07
222	  1.31028	  0.156375	  3.52609e-05	  1.2093e-06	  72	  2.02982e-07
223	  1.31028	  0.218771	  3.52609e-05	  1.39643e-06	  192	  1.70601e-07
224	  1.31028	  0.281239	  3.52609e-05	  1.60473e-06	  288	  1.74797e-07
225	  1.31028	  0.343792	  3.52609e-05	  1.57031e-06	  120	  2.21865e-07
226	  1.31028	  0.406346	  3.52609e-05	  2.10021e-06	  180	  2.6155e-07
227	  1.31028	  0.468799	  3.52609e-05	  1.82209e-06	  192	  2.22603e-07
228	  1.31028	  0.531211	  3.52609e-05	  2.0858e-06	  168	  2.65214e-07
229	  1.31028	  0.593752	  3.52609e-05	  2.8708e-06	  192	  3.50722e-07
230	  1.31028	  0.656285	  3.52609e-05	  2.29122e-06	  192	  2.79915e-07
231	  1.31028	  0.718778	  3.52609e-05	  2.99174e-06	  228	  3.4772e-07
232	  1.31028	  0.781285	  3.52609e-05	  4.27527e-06	  144	  5.70035e-07
233	  1.31028	  0.843751	  3.52609e-05	  3.45123e-06	  216	  4.07388e-07
234	  1.31028	  0.906307	  3.52609e-05	  4.62638e-06	  168	  5.88252e-07
235	  1.31028	  0.968805	  3.52609e-05	  4.73995e-06	  162	  6.09404e-07
236	  1.51187	  0.0307688	  2.50424e-05	  1.15377e-06	  198	  1.39684e-07
237	  1.51187	  0.0938409	  2.50424e-05	  1.11284e-06	  396	  1.11564e-07
238	  1.51187	  0.156375	  2.50424e-05	  1.10801e-06	  396	  1.1108e-07
239	  1.51187	  0.218771	  2.50424e-05	  1.06742e-06	  204	  1.28105e-07
240	  1.51187	  0.281239	  2.50424e-05	  1.20662e-06	  240	  1.38218e-07
241	  1.51187	  0.343792	  2.50424e-05	  1.20997e-06	  372	  1.23232e-07
242	  1.51187	  0.406346	  2.50424e-05	  1.33277e-06	  312	  1.42091e-07
243	  1.51187	  0.468799	  2.50424e-05	  1.38883e-06	  276	  1.5304e-07
244	  1.51187	  0.531211	  2.50424e-05	  1.71762e-06	  288	  1.87092e-07
245	  1.51187	  0.593752	  2.50424e-05	  1.65234e-06	  336	  1.72759e-07
246	  1.51187	  0.656285	  2.50424e-05	  1.74554e-06	  252	  1.97236e-07
247	  1.51187	  0.718778	  2.50424e-05	  2.03685e-06	  312	  2.17156e-07
248	  1.51187	  0.781285	  2.50424e-05	  2.39689e-06	  324	  2.53005e-07
249	  1.51187	  0.843751	  2.50424e-05	  2.46435e-06	  240	  2.8229e-07
250	  1.51187	  0.906307	  2.50424e-05	  2.74697e-06	  324	  2.89958e-07
251	  1.51187	  0.968805	  2.50424e-05	  3.07793e-06	  303	  3.30719e-07
252	  1.74481	  0.0307688	  1.77095e-05	  7.60264e-07	  246	  8.64858e-08
253	  1.74481	  0.0938409	  1.77095e-05	  7.1414e-07	  492	  6.79029e-08
254	  1.74481	  0.156375	  1.77095e-05	  7.84496e-07	  504	  7.4169e-08
255	  1.74481	  0.218771	  1.77095e-05	  7.36574e-07	  528	  6.88839e-08
256	  1.74481	  0.281239	  1.77095e-05	  8.02851e-07	  480	  7.67875e-08
257	  1.74481	  0.343792	  1.77095e-05	  9.11762e-07	  384	  9.21162e-08
258	  1.74481	  0.406346	  1.77095e-05	  1.04657e-06	  420	  1.03396e-07
259	  1.74481	  0.468799	  1.77095e-05	  9.4202e-07	  468	  9.06459e-08
260	  1.74481	  0.531211	  1.77095e-05	  1.07824e-06	  456	  1.04405e-07
261	  1.74481	  0.593752	  1.77095e-05	  1.08218e-06	  444	  1.05467e-07
262	  1.74481	  0.656285	  1.77095e-05	  1.17549e-06	  396	  1.17845e-07
263	  1.74481	  0.718778	  1.77095e-05	  1.33725e-06	  456	  1.29485e-07
264	  1.74481	  0.781285	  1.77095e-05	  1.61818e-06	  384	  1.63486e-07
265	  1.74481	  0.843751	  1.77095e-05	  1.66091e-06	  480	  1.58856e-07
266	  1.74481	  0.906307	  1.77095e-05	  1.99944e-06	  480	  1.91234e-07
267	  1.74481	  0.968805	  1.77095e-05	  2.24378e-06	  414	  2.22465e-07
268	  2.01778	  0.0307688	  1.24372e-05	  5.40911e-07	  798	  4.61936e-08
269	  2.01778	  0.0938409	  1.24372e-05	  5.98228e-07	  708	  5.23942e-08
270	  2.01778	  0.156375	  1.24372e-05	  5.4843e-07	  684	  4.83912e-08
271	  2.01778	  0.218771	  1.24372e-05	  5.86528e-07	  720	  5.1185e-08
272	  2.01778	  0.281239	  1.24372e-05	  6.05123e-07	  708	  5.29981e-08
273	  2.01778	  0.343792	  1.24372e-05	  6.34746e-07	  720	  5.53928e-08
274	  2.01778	  0.406346	  1.24372e-05	  6.75254e-07	  672	  5.98112e-08
275	  2.01778	  0.468799	  1.24372e-05	  7.60176e-07	  732	  6.61057e-08
276	  2.01778	  0.531211	  1.24372e-05	  7.5987e-07	  672	  6.73061e-08
277	  2.01778	  0.593752	  1.24372e-05	  8.20059e-07	  708	  7.18226e-08
278	  2.01778	  0.656285	  1.24372e-05	  8.33683e-07	  744	  7.22484e-08
279	  2.01778	  0.718778	  1.24372e-05	  1.03744e-06	  744	  8.99068e-08
280	  2.01778	  0.781285	  1.24372e-05	  1.13188e-06	  696	  9.94977e-08
281	  2.01778	  0.843751	  1.24372e-05	  1.14601e-06	  708	  1.00371e-07
282	  2.01778	  0.906307	  1.24372e-05	  1.30586e-06	  696	  1.14792e-07
283	  2.01778	  0.968805	  1.24372e-05	  1.47515e-06	  741	  1.27948e-07
284	  2.33149	  0.0307688	  8.71394e-06	  3.92673e-07	  1320	  3.04416e-08
285	  2.33149	  0.0938409	  8.71394e-06	  3.82352e-07	  900	  3.18626e-08
286	  2.33149	  0.156375	  8.71394e-06	  4.12594e-07	  948	  3.40301e-08
287	  2.33149	  0.218771	  8.71394e-06	  4.38782e-07	  924	  3.6374e-08
288	  2.33149	  0.281239	  8.71394e-06	  3.9931e-07	  1128	  3.18548e-08
289	  2.33149	  0.343792	  8.71394e-06	  4.28062e-07	  1116	  3.42168e-08
290	  2.33149	  0.406346	  8.71394e-06	  4.59782e-07	  1080	  3.69798e-08
291	  2.33149	  0.468799	  8.71394e-06	  5.20872e-07	  1020	  4.23527e-08
292	  2.33149	  0.531211	  8.71394e-06	  4.79473e-07	  1092	  3.84832e-08
293	  2.33149	  0.593752	  8.71394e-06	  5.73475e-07	  1140	  4.56587e-08
294	  2.33149	  0.656285	  8.71394e-06	  5.86431e-07	  1008	  4.77924e-08
295	  2.33149	  0.718778	  8.71394e-06	  6.39141e-07	  984	  5.23321e-08
296	  2.33149	  0.781285	  8.71394e-06	  7.19575e-07	  1056	  5.81221e-08
297	  2.33149	  0.843751	  8.71394e-06	  7.72112e-07	  1128	  6.15949e-08
298	  2.33149	  0.906307	  8.71394e-06	  8.13732e-07	  1080	  6.54476e-08
299	  2.33149	  0.968805	  8.71394e-06	  8.99476e-07	  1002	  7.33894e-08
300	  2.69126	  0.0307688	  6.10119e-06	  2.92007e-07	  1902	  2.1296e-08
301	  2.69126	  0.0938409	  6.10119e-06	  2.94676e-07	  1200	  2.32404e-08
302	  2.69126	  0.156375	  6.10119e-06	  2.82954e-07	  1932	  2.05851e-08
303	  2.69126	  0.218771	  6.10119e-06	  3.03868e-07	  1692	  2.25807e-08
304	  2.69126	  0.281239	  6.10119e-06	  3.01242e-07	  1488	  2.28714e-08
305	  2.69126	  0.343792	  6.10119e-06	  3.1278e-07	  1716	  2.31896e-08
306	  2.69126	  0.406346	  6.10119e-06	  3.16483e-07	  1464	  2.40955e-08
307	  2.69126	  0.468799	  6.10119e-06	  3.41562e-07	  1836	  2.50494e-08
308	  2.69126	  0.531211	  6.10119e-06	  3.71412e-07	  1608	  2.78328e-08
309	  2.69126	  0.593752	  6.10119e-06	  3.78921e-07	  1632	  2.83258e-08
310	  2.69126	  0.656285	  6.10119e-06	  4.14884e-07	  1716	  3.07596e-08
311	  2.69126	  0.718778	  6.10119e-06	  4.32378e-07	  1752	  3.19488e-08
312	  2.69126	  0.781285	  6.10119e-06	  4.57206e-07	  1668	  3.4055e-08
313	  2.69126	  0.843751	  6.10119e-06	  4.82337e-07	  1560	  3.63289e-08
314	  2.69126	  0.906307	  6.10119e-06	  5.32662e-07	  1704	  3.95369e-08
315	  2.69126	  0.968805	  6.10119e-06	  5.66951e-07	  1605	  4.24992e-08
316	  3.10927	  0.0307688	  4.25626e-06	  2.12006e-07	  2496	  1.48438e-08
317	  3.10927	  0.0938409	  4.25626e-06	  2.06634e-07	  2892	  1.41741e-08
318	  3.10927	  0.156375	  4.25626e-06	  2.194e-07	  2136	  1.57172e-08
319	  3.10927	  0.218771	  4.25626e-06	  2.07732e-07	  2784	  1.43236e-08
320	  3.10927	  0.281239	  4.25626e-06	  2.1984e-07	  2544	  1.53506e-08
321	  3.10927	  0.343792	  4.25626e-06	  2.22149e-07	  2364	  1.56764e-08
322	  3.10927	  0.406346	  4.25626e-06	  2.35221e-07	  2808	  1.62e-08
323	  3.10927	  0.468799	  4.25626e-06	  2.36849e-07	  2376	  1.67014e-08
324	  3.10927	  0.531211	  4.25626e-06	  2.50378e-07	  2568	  1.74597e-08
325	  3.10927	  0.593752	  4.25626e-06	  2.63048e-07	  2568	  1.83433e-08
326	  3.10927	  0.656285	  4.25626e-06	  2.77922e-07	  2556	  1.93933e-08
327	  3.10927	  0.718778	  4.25626e-06	  2.78791e-07	  2436	  1.95881e-08
328	  3.10927	  0.781285	  4.25626e-06	  3.04967e-07	  2508	  2.13379e-08
329	  3.10927	  0.843751	  4.25626e-06	  3.17854e-07	  2628	  2.2093e-08
330	  3.10927	  0.906307	  4.25626e-06	  3.291e-07	  2532	  2.29952e-08
331	  3.10927	  0.968805	  4.25626e-06	  3.49175e-07	  2580	  2.43331e-08
332	  3.59032	  0.0307688	  2.96248e-06	  1.58086e-07	  3282	  1.06638e-08
333	  3.59032	  0.0938409	  2.96248e-06	  1.53764e-07	  4320	  1.00277e-08
334	  3.59032	  0.156375	  2.96248e-06	  1.53476e-07	  4296	  1.00154e-08
335	  3.59032	  0.218771	  2.96248e-06	  1.48618e-07	  3684	  9.87943e-09
336	  3.59032	  0.281239	  2.96248e-06	  1.54755e-07	  3972	  1.01932e-08
337	  3.59032	  0.343792	  2.96248e-06	  1.62296e-07	  4008	  1.06784e-08
338	  3.59032	  0.406346	  2.96248e-06	  1.63711e-07	  3816	  1.08357e-08
339	  3.59032	  0.468799	  2.96248e-06	  1.69613e-07	  3900	  1.11966e-08
340	  3.59032	  0.531211	  2.96248e-06	  1.77949e-07	  3924	  1.17382e-08
341	  3.59032	  0.593752	  2.96248e-06	  1.84068e-07	  3744	  1.22116e-08
342	  3.59032	  0.656285	  2.96248e-06	  1.84297e-07	  3936	  1.21524e-08
343	  3.59032	  0.718778	  2.96248e-06	  1.97955e-07	  3948	  1.30482e-08
344	  3.59032	  0.781285	  2.96248e-06	  1.93686e-07	  3852	  1.2805e-08
345	  3.59032	  0.843751	  2.96248e-06	  2.01818e-07	  3996	  1.32835e-08
346	  3.59032	  0.906307	  2.96248e-06	  2.0669e-07	  3864	  1.36595e-08
347	  3.59032	  0.968805	  2.96248e-06	  2.05564e-07	  3924	  1.35598e-08
348	  4.14536	  0.0307688	  2.056e-06	  1.09589e-07	  6432	  6.84588e-09
349	  4.14536	  0.0938409	  2.056e-06	  1.10424e-07	  5904	  6.95832e-09
350	  4.14536	  0.156375	  2.056e-06	  1.06259e-07	  5664	  6.72487e-09
351	  4.14536	  0.218771	  2.056e-06	  1.1065e-07	  6060	  6.95392e-09
352	  4.14536	  0.281239	  2.056e-06	  1.0877e-07	  5808	  6.86576e-09
353	  4.14536	  0.343792	  2.056e-06	  1.09412e-07	  6228	  6.85701e-09
354	  4.14536	  0.406346	  2.056e-06	  1.1644e-07	  6120	  7.31042e-09
355	  4.14536	  0.468799	  2.056e-06	  1.20756e-07	  5976	  7.59988e-09
356	  4.14536	  0.531211	  2.056e-06	  1.17657e-07	  5976	  7.40484e-09
357	  4.14536	  0.593752	  2.056e-06	  1.21672e-07	  6072	  7.64504e-09
358	  4.14536	  0.656285	  2.056e-06	  1.26354e-07	  6024	  7.94565e-09
359	  4.14536	  0.718778	  2.056e-06	  1.26522e-07	  6012	  7.95784e-09
360	  4.14536	  0.781285	  2.056e-06	  1.23974e-07	  6060	  7.79128e-09
361	  4.14536	  0.843751	  2.056e-06	  1.27003e-07	  6036	  7.98488e-09
362	  4.14536	  0.906307	  2.056e-06	  1.24293e-07	  5916	  7.83064e-09
363	  4.14536	  0.968805	  2.056e-06	  1.21093e-07	  6075	  7.60828e-09
364	  4.78665	  0.0307688	  1.42591e-06	  8.10693e-08	  9726	  4.8755e-09
365	  4.78665	  0.0938409	  1.42591e-06	  7.85183e-08	  8388	  4.78323e-09
366	  4.78665	  0.156375	  1.42591e-06	  7.83571e-08	  9816	  4.70874e-09
367	  4.78665	  0.218771	  1.42591e-06	  7.79494e-08	  9192	  4.7105e-09
368	  4.78665	  0.281239	  1.42591e-06	  7.55431e-08	  9372	  4.55748e-09
369	  4.78665	  0.343792	  1.42591e-06	  7.71239e-08	  9120	  4.66378e-09
370	  4.78665	  0.406346	  1.42591e-06	  7.98312e-08	  9168	  4.82531e-09
371	  4.78665	  0.468799	  1.42591e-06	  7.96731e-08	  9288	  4.81036e-09
372	  4.78665	  0.531211	  1.42591e-06	  8.05821e-08	  9288	  4.86524e-09
373	  4.78665	  0.593752	  1.42591e-06	  7.96331e-08	  9492	  4.79902e-09
374	  4.78665	  0.656285	  1.42591e-06	  7.91771e-08	  8976	  4.79457e-09
375	  4.78665	  0.718778	  1.42591e-06	  7.73124e-08	  9432	  4.66168e-09
376	  4.78665	  0.781285	  1.42591e-06	  7.64251e-08	  9240	  4.61632e-09
377	  4.78665	  0.843751	  1.42591e-06	  7.61649e-08	  9300	  4.59804e-09
378	  4.78665	  0.906307	  1.42591e-06	  7.57137e-08	  9312	  4.57029e-09
379	  4.78665	  0.968805	  1.42591e-06	  6.89295e-08	  9183	  4.16578e-09
380	  5.52669	  0.0307688	  9.85937e-07	  5.72883e-08	  12906	  3.3687e-09
381	  5.52669	  0.0938409	  9.85937e-07	  5.58463e-08	  15516	  3.24065e-09
382	  5.52669	  0.156375	  9.85937e-07	  5.4719e-08	  14088	  3.19696e-09
383	  5.52669	  0.218771	  9.85937e-07	  5.37904e-08	  14496	  3.13628e-09
384	  5.52669	  0.281239	  9.85937e-07	  5.24564e-08	  14268	  3.06197e-09
385	  5.52669	  0.343792	  9.85937e-07	  5.26856e-08	  14340	  3.07424e-09
386	  5.52669	  0.406346	  9.85937e-07	  5.19805e-08	  14292	  3.03383e-09
387	  5.52669	  0.468799	  9.85937e-07	  5.20678e-08	  14064	  3.04244e-09
388	  5.52669	  0.531211	  9.85937e-07	  5.18755e-08	  14448	  3.02535e-09
389	  5.52669	  0.593752	  9.85937e-07	  5.06585e-08	  14148	  2.95882e-09
390	  5.52669	  0.656285	  9.85937e-07	  4.84446e-08	  14340	  2.82678e-09
391	  5.52669	  0.718778	  9.85937e-07	  4.8166e-08	  14196	  2.81255e-09
392	  5.52669	  0.781285	  9.85937e-07	  4.65211e-08	  14148	  2.71717e-09
393	  5.52669	  0.843751	  9.85937e-07	  4.41828e-08	  14244	  2.57934e-09
394	  5.52669	  0.906307	  9.85937e-07	  4.19427e-08	  14352	  2.44724e-09
395	  5.52669	  0.968805	  9.85937e-07	  3.98288e-08	  14226	  2.32537e-09
396	  6.38202	  0.0307688	  6.79351e-07	  4.01669e-08	  23682	  2.26936e-09
397	  6.38202	  0.0938409	  6.79351e-07	  3.96408e-08	  20736	  2.25733e-09
398	  6.38202	  0.156375	  6.79351e-07	  3.8128e-08	  21744	  2.16496e-09
399	  6.38202	  0.218771	  6.79351e-07	  3.71035e-08	  22008	  2.10528e-09
400	  6.38202	  0.281239	  6.79351e-07	  3.61741e-08	  21600	  2.05484e-09
401	  6.38202	  0.343792	  6.79351e-07	  3.55494e-08	  22332	  2.01536e-09
402	  6.38202	  0.406346	  6.79351e-07	  3.41791e-08	  21948	  1.93966e-09
403	  6.38202	  0.468799	  6.79351e-07	  3.33386e-08	  22008	  1.89166e-09
404	  6.38202	  0.531211	  6.79351e-07	  3.213e-08	  21960	  1.82332e-09
405	  6.38202	  0.593752	  6.79351e-07	  3.10497e-08	  21840	  1.76259e-09
406	  6.38202	  0.656285	  6.79351e-07	  2.96062e-08	  22212	  1.67896e-09
407	  6.38202	  0.718778	  6.79351e-07	  2.789e-08	  21972	  1.58265e-09
408	  6.38202	  0.781285	  6.79351e-07	  2.62976e-08	  21876	  1.49268e-09
409	  6.38202	  0.843751	  6.79351e-07	  2.43552e-08	  22152	  1.3814e-09
410	  6.38202	  0.906307	  6.79351e-07	  2.27163e-08	  21912	  1.28927e-09
411	  6.38202	  0.968805	  6.79351e-07	  2.0817e-08	  22020	  1.18114e-09
412	  7.37039	  0.0307688	  4.67975e-07	  2.83665e-08	  32160	  1.5765e-09
413	  7.37039	  0.0938409	  4.67975e-07	  2.65645e-08	  35364	  1.46949e-09
414	  7.37039	  0.156375	  4.67975e-07	  2.64775e-08	  34104	  1.46725e-09
415	  7.37039	  0.218771	  4.67975e-07	  2.50914e-08	  33708	  1.39123e-09
416	  7.37039	  0.281239	  4.67975e-07	  2.3828e-08	  34344	  1.31998e-09
417	  7.37039	  0.343792	  4.67975e-07	  2.30756e-08	  33612	  1.27964e-09
418	  7.37039	  0.406346	  4.67975e-07	  2.1662e-08	  33732	  1.20104e-09
419	  7.37039	  0.468799	  4.67975e-07	  2.09837e-08	  33960	  1.16305e-09
420	  7.37039	  0.531211	  4.67975e-07	  1.94782e-08	  33816	  1.07983e-09
421	  7.37039	  0.593752	  4.67975e-07	  1.80421e-08	  33960	  1.00001e-09
422	  7.37039	  0.656285	  4.67975e-07	  1.68406e-08	  33516	  9.34017e-10
423	  7.37039	  0.718778	  4.67975e-07	  1.55105e-08	  34056	  8.59575e-10
424	  7.37039	  0.781285	  4.67975e-07	  1.41134e-08	  33984	  7.82229e-10
425	  7.37039	  0.843751	  4.67975e-07	  1.26119e-08	  33768	  6.99228e-10
426	  7.37039	  0.906307	  4.67975e-07	  1.15363e-08	  33972	  6.39407e-10
427	  7.37039	  0.968805	  4.67975e-07	  1.00776e-08	  33804	  5.58692e-10
428	  8.51213	  0.0307688	  3.21498e-07	  1.94003e-08	  54198	  1.05335e-09
429	  8.51213	  0.0938409	  3.21498e-07	  1.85296e-08	  49692	  1.0096e-09
430	  8.51213	  0.156375	  3.21498e-07	  1.72662e-08	  53040	  9.38279e-10
431	  8.51213	  0.218771	  3.21498e-07	  1.65392e-08	  51612	  8.99759e-10
432	  8.51213	  0.281239	  3.21498e-07	  1.53433e-08	  52416	  8.3418e-10
433	  8.51213	  0.343792	  3.21498e-07	  1.4352e-08	  51984	  7.80549e-10
434	  8.51213	  0.406346	  3.21498e-07	  1.33518e-08	  52524	  7.2585e-10
435	  8.51213	  0.468799	  3.21498e-07	  1.22541e-08	  52164	  6.66357e-10
436	  8.51213	  0.531211	  3.21498e-07	  1.11432e-08	  52320	  6.05878e-10
437	  8.51213	  0.593752	  3.21498e-07	  1.00729e-08	  52380	  5.47659e-10
438	  8.51213	  0.656285	  3.21498e-07	  9.00873e-09	  52164	  4.8988e-10
439	  8.51213	  0.718778	  3.21498e-07	  8.03424e-09	  52284	  4.36849e-10
440	  8.51213	  0.781285	  3.21498e-07	  7.03861e-09	  52140	  3.82755e-10
441	  8.51213	  0.843751	  3.21498e-07	  6.25471e-09	  52164	  3.40121e-10
442	  8.51213	  0.906307	  3.21498e-07	  5.38338e-09	  52200	  2.92731e-10
443	  8.51213	  0.968805	  3.21498e-07	  4.62549e-09	  52086	  2.51542e-10
444	  9.82942	  0.0307688	  2.20314e-07	  1.2871e-08	  79470	  6.89207e-10
445	  9.82942	  0.0938409	  2.20314e-07	  1.21844e-08	  82284	  6.51696e-10
446	  9.82942	  0.156375	  2.20314e-07	  1.13637e-08	  78936	  6.08631e-10
447	  9.82942	  0.218771	  2.20314e-07	  1.04931e-08	  80292	  5.61687e-10
448	  9.82942	  0.281239	  2.20314e-07	  9.52497e-09	  80172	  5.09888e-10
449	  9.82942	  0.343792	  2.20314e-07	  8.60316e-09	  80484	  4.60483e-10
450	  9.82942	  0.406346	  2.20314e-07	  7.65348e-09	  80208	  4.09698e-10
451	  9.82942	  0.468799	  2.20314e-07	  6.77567e-09	  79944	  3.62748e-10
452	  9.82942	  0.531211	  2.20314e-07	  5.98818e-09	  79896	  3.20594e-10
453	  9.82942	  0.593752	  2.20314e-07	  5.15933e-09	  80508	  2.7615e-10
454	  9.82942	  0.656285	  2.20314e-07	  4.47948e-09	  80316	  2.3978e-10
455	  9.82942	  0.718778	  2.20314e-07	  3.83945e-09	  80124	  2.05537e-10
456	  9.82942	  0.781285	  2.20314e-07	  3.26356e-09	  80256	  1.74698e-10
457	  9.82942	  0.843751	  2.20314e-07	  2.75922e-09	  80136	  1.47708e-10
458	  9.82942	  0.906307	  2.20314e-07	  2.32348e-09	  80364	  1.2437e-10
459	  9.82942	  0.968805	  2.20314e-07	  1.90447e-09	  80229	  1.01947e-10
