#n	   k	      mu	    PL	    Pf	     w	     err  
0	  0.10472	  1	  0.00276739	  0.000654107	  3	  0.000410355
1	  0.20944	  1	  0.000983009	  0.000189722	  3	  0.000119022
2	  0.314159	  1	  0.000460441	  0.000170931	  3	  0.000107233
3	  0.418879	  1	  0.000258057	  2.85394e-05	  3	  1.79042e-05
4	  0.523599	  1	  0.000163143	  1.14082e-05	  3	  7.15691e-06
5	  0.628319	  1	  0.000110542	  6.106e-05	  3	  3.8306e-05
6	  0.733038	  1	  7.90303e-05	  2.41197e-05	  3	  1.51315e-05
7	  0.837758	  1	  5.88269e-05	  1.80291e-05	  3	  1.13106e-05
8	  0.942478	  1	  4.51737e-05	  3.25045e-06	  3	  2.03917e-06
9	  0.10472	  0	  0.00276739	  0.0001159	  6	  5.31111e-05
10	  0.148096	  0.707107	  0.00175985	  0.000163994	  12	  5.55406e-05
11	  0.23416	  0.894427	  0.000778677	  0.000192832	  12	  6.53073e-05
12	  0.331153	  0.948683	  0.000416969	  8.1819e-05	  12	  2.77101e-05
13	  0.431771	  0.970143	  0.000242853	  3.94206e-05	  12	  1.33508e-05
14	  0.533968	  0.980581	  0.000156478	  2.64328e-05	  12	  8.95212e-06
15	  0.636985	  0.986394	  0.000107301	  1.88842e-05	  12	  6.39562e-06
16	  0.74048	  0.989949	  7.73204e-05	  2.04532e-05	  12	  6.927e-06
17	  0.844278	  0.992278	  5.78037e-05	  1.24294e-05	  12	  4.20952e-06
18	  0.948278	  0.993884	  4.45448e-05	  1.15168e-05	  12	  3.90045e-06
19	  0.148096	  0	  0.00175985	  6.77871e-05	  6	  3.10633e-05
20	  0.18138	  0.57735	  0.0012485	  9.28971e-05	  12	  3.14619e-05
21	  0.25651	  0.816497	  0.000685318	  9.91195e-05	  12	  3.35693e-05
22	  0.347316	  0.904534	  0.000375577	  5.42734e-05	  12	  1.83811e-05
23	  0.444288	  0.942809	  0.000229579	  3.10624e-05	  12	  1.052e-05
24	  0.54414	  0.96225	  0.000150265	  3.39322e-05	  12	  1.1492e-05
25	  0.645536	  0.973329	  0.000104283	  1.80031e-05	  12	  6.0972e-06
26	  0.747849	  0.980196	  7.56299e-05	  1.5065e-05	  12	  5.10214e-06
27	  0.850747	  0.984732	  5.6843e-05	  1.49887e-05	  12	  5.0763e-06
28	  0.954042	  0.987878	  4.39402e-05	  9.89207e-06	  12	  3.3502e-06
29	  0.20944	  0	  0.000983009	  3.88665e-05	  6	  1.78105e-05
30	  0.23416	  0.447214	  0.000778677	  6.30448e-05	  12	  2.13517e-05
31	  0.296192	  0.707107	  0.000507056	  7.20807e-05	  12	  2.44119e-05
32	  0.377572	  0.83205	  0.000319571	  5.12062e-05	  12	  1.73423e-05
33	  0.468321	  0.894427	  0.000205981	  4.14303e-05	  12	  1.40314e-05
34	  0.563933	  0.928477	  0.000139283	  1.39592e-05	  12	  4.72763e-06
35	  0.662306	  0.948683	  9.86289e-05	  1.65144e-05	  12	  5.59303e-06
36	  0.762371	  0.961524	  7.24968e-05	  1.26411e-05	  12	  4.28122e-06
37	  0.863541	  0.970143	  5.49714e-05	  5.84498e-06	  12	  1.97955e-06
38	  0.965468	  0.976187	  4.27761e-05	  7.61581e-06	  12	  2.57928e-06
39	  0.23416	  0	  0.000778677	  4.235e-05	  12	  1.43429e-05
40	  0.25651	  0.408248	  0.000685318	  4.12988e-05	  24	  1.0495e-05
41	  0.314159	  0.666667	  0.000460441	  5.38349e-05	  24	  1.36807e-05
42	  0.391825	  0.801784	  0.000297534	  3.74858e-05	  24	  9.52604e-06
43	  0.479886	  0.872872	  0.000195499	  4.62108e-05	  24	  1.17433e-05
44	  0.573574	  0.912871	  0.00013443	  2.00029e-05	  24	  5.08321e-06
45	  0.670534	  0.937043	  9.6046e-05	  1.39032e-05	  24	  3.53315e-06
46	  0.76953	  0.952579	  7.10354e-05	  1.36601e-05	  24	  3.47135e-06
47	  0.869868	  0.963087	  5.40893e-05	  1.16139e-05	  24	  2.95137e-06
48	  0.971131	  0.970495	  4.22057e-05	  8.23595e-06	  24	  2.09295e-06
49	  0.296192	  0	  0.000507056	  2.36139e-05	  6	  1.0821e-05
50	  0.314159	  0.333333	  0.000460441	  3.06307e-05	  12	  1.03739e-05
51	  0.36276	  0.57735	  0.000343765	  2.63718e-05	  12	  8.93149e-06
52	  0.431771	  0.727607	  0.000242853	  3.18475e-05	  12	  1.0786e-05
53	  0.51302	  0.816497	  0.000170244	  2.96186e-05	  12	  1.00311e-05
54	  0.601569	  0.870388	  0.000121384	  2.0091e-05	  12	  6.80432e-06
55	  0.694632	  0.904534	  8.89354e-05	  1.9415e-05	  12	  6.57539e-06
56	  0.790617	  0.927173	  6.69054e-05	  9.64102e-06	  12	  3.26517e-06
57	  0.888577	  0.942809	  5.15706e-05	  9.25917e-06	  12	  3.13585e-06
58	  0.987924	  0.953998	  4.06016e-05	  5.26122e-06	  12	  1.78184e-06
59	  0.314159	  0	  0.000460441	  2.93547e-05	  6	  1.34517e-05
60	  0.331153	  0.316228	  0.000416969	  2.67177e-05	  12	  9.04863e-06
61	  0.377572	  0.5547	  0.000319571	  3.34794e-05	  12	  1.13386e-05
62	  0.444288	  0.707107	  0.000229579	  1.90361e-05	  12	  6.44705e-06
63	  0.523599	  0.8	  0.000163143	  2.75091e-05	  12	  9.31664e-06
64	  0.610616	  0.857493	  0.000117549	  9.63407e-06	  12	  3.26282e-06
65	  0.702481	  0.894427	  8.67717e-05	  1.13641e-05	  12	  3.84875e-06
66	  0.797522	  0.919145	  6.56259e-05	  1.15157e-05	  12	  3.90008e-06
67	  0.894726	  0.936329	  5.07646e-05	  5.43755e-06	  12	  1.84156e-06
68	  0.993459	  0.948683	  4.00947e-05	  7.48055e-06	  12	  2.53347e-06
69	  0.331153	  0	  0.000416969	  1.90205e-05	  12	  6.44177e-06
70	  0.347316	  0.301511	  0.000375577	  1.80889e-05	  24	  4.59683e-06
71	  0.391825	  0.534522	  0.000297534	  1.78381e-05	  24	  4.53308e-06
72	  0.456463	  0.688247	  0.000217407	  3.17996e-05	  24	  8.08104e-06
73	  0.533968	  0.784465	  0.000156478	  1.63244e-05	  24	  4.14842e-06
74	  0.61953	  0.845154	  0.000113955	  1.32908e-05	  24	  3.3775e-06
75	  0.710244	  0.884652	  8.47248e-05	  1.73542e-05	  24	  4.41011e-06
76	  0.804368	  0.911322	  6.43985e-05	  1.23653e-05	  24	  3.14233e-06
77	  0.900833	  0.929981	  5.00066e-05	  7.99671e-06	  24	  2.03216e-06
78	  0.998963	  0.943456	  3.9601e-05	  5.90119e-06	  24	  1.49964e-06
79	  0.377572	  0	  0.000319571	  1.6675e-05	  12	  5.64741e-06
80	  0.391825	  0.267261	  0.000297534	  1.16892e-05	  24	  2.9705e-06
81	  0.431771	  0.485071	  0.000242853	  2.21852e-05	  24	  5.6378e-06
82	  0.491179	  0.639602	  0.000186145	  1.4136e-05	  24	  3.59231e-06
83	  0.563933	  0.742781	  0.000139283	  1.89839e-05	  24	  4.82427e-06
84	  0.645536	  0.811107	  0.000104283	  1.55308e-05	  24	  3.94675e-06
85	  0.733038	  0.857143	  7.90303e-05	  1.36166e-05	  24	  3.4603e-06
86	  0.824564	  0.889001	  6.09362e-05	  6.21459e-06	  24	  1.57928e-06
87	  0.918912	  0.911685	  4.7822e-05	  8.61443e-06	  24	  2.18914e-06
88	  0.418879	  0	  0.000258057	  4.52794e-06	  6	  2.07492e-06
89	  0.431771	  0.242536	  0.000242853	  8.91979e-06	  12	  3.02091e-06
90	  0.468321	  0.447214	  0.000205981	  1.58433e-05	  12	  5.36572e-06
91	  0.523599	  0.6	  0.000163143	  1.52811e-05	  12	  5.17533e-06
92	  0.592384	  0.707107	  0.000125493	  6.11595e-06	  12	  2.07132e-06
93	  0.670534	  0.780869	  9.6046e-05	  1.48306e-05	  12	  5.02275e-06
94	  0.755145	  0.83205	  7.40547e-05	  9.04902e-06	  12	  3.06468e-06
95	  0.844278	  0.868243	  5.78037e-05	  8.70554e-06	  12	  2.94835e-06
96	  0.936642	  0.894427	  4.58065e-05	  5.40495e-06	  12	  1.83052e-06
97	  0.431771	  0	  0.000242853	  9.1937e-06	  12	  3.11368e-06
98	  0.444288	  0.235702	  0.000229579	  5.2266e-06	  24	  1.32821e-06
99	  0.479886	  0.436436	  0.000195499	  1.92049e-05	  24	  4.88043e-06
100	  0.533968	  0.588348	  0.000156478	  1.06235e-05	  24	  2.69968e-06
101	  0.601569	  0.696311	  0.000121384	  8.55858e-06	  24	  2.17494e-06
102	  0.678662	  0.771517	  9.3549e-05	  8.43486e-06	  24	  2.1435e-06
103	  0.762371	  0.824163	  7.24968e-05	  1.32678e-05	  24	  3.37167e-06
104	  0.850747	  0.86164	  5.6843e-05	  1.03206e-05	  24	  2.62272e-06
105	  0.942478	  0.888889	  4.51737e-05	  8.73879e-06	  24	  2.22074e-06
106	  0.444288	  0	  0.000229579	  8.83361e-06	  6	  4.04798e-06
107	  0.456463	  0.229416	  0.000217407	  1.46738e-05	  12	  4.96966e-06
108	  0.491179	  0.426401	  0.000186145	  1.23975e-05	  12	  4.19873e-06
109	  0.54414	  0.57735	  0.000150265	  4.83625e-06	  12	  1.63792e-06
110	  0.610616	  0.685994	  0.000117549	  1.58688e-05	  12	  5.37437e-06
111	  0.686693	  0.762493	  9.11917e-05	  9.806e-06	  12	  3.32105e-06
112	  0.76953	  0.816497	  7.10354e-05	  8.59047e-06	  12	  2.90938e-06
113	  0.857168	  0.855186	  5.58895e-05	  4.94651e-06	  12	  1.67526e-06
114	  0.948278	  0.883452	  4.45448e-05	  4.33225e-06	  12	  1.46722e-06
115	  0.468321	  0	  0.000205981	  1.05996e-05	  12	  3.58981e-06
116	  0.479886	  0.218218	  0.000195499	  1.46925e-05	  24	  3.73372e-06
117	  0.51302	  0.408248	  0.000170244	  1.48878e-05	  24	  3.78334e-06
118	  0.563933	  0.557086	  0.000139283	  1.31953e-05	  24	  3.35325e-06
119	  0.628319	  0.666667	  0.000110542	  1.01358e-05	  24	  2.57575e-06
120	  0.702481	  0.745356	  8.67717e-05	  1.15356e-05	  24	  2.93148e-06
121	  0.783651	  0.801784	  6.82336e-05	  9.10833e-06	  24	  2.31465e-06
122	  0.869868	  0.842701	  5.40893e-05	  6.03758e-06	  24	  1.5343e-06
123	  0.959772	  0.872872	  4.33564e-05	  5.87699e-06	  24	  1.49349e-06
124	  0.523599	  0	  0.000163143	  7.79707e-06	  18	  2.22764e-06
125	  0.533968	  0.196116	  0.000156478	  7.80792e-06	  36	  1.69172e-06
126	  0.563933	  0.371391	  0.000139283	  6.90744e-06	  36	  1.49661e-06
127	  0.610616	  0.514496	  0.000117549	  7.99672e-06	  36	  1.73262e-06
128	  0.670534	  0.624695	  9.6046e-05	  8.47719e-06	  36	  1.83672e-06
129	  0.74048	  0.707107	  7.73204e-05	  8.52734e-06	  36	  1.84759e-06
130	  0.817887	  0.768221	  6.2059e-05	  7.40824e-06	  36	  1.60512e-06
131	  0.900833	  0.813733	  5.00066e-05	  7.42128e-06	  36	  1.60794e-06
132	  0.987924	  0.847998	  4.06016e-05	  5.89794e-06	  36	  1.27789e-06
133	  0.533968	  0	  0.000156478	  7.52079e-06	  12	  2.54711e-06
134	  0.54414	  0.19245	  0.000150265	  9.77345e-06	  24	  2.48367e-06
135	  0.573574	  0.365148	  0.00013443	  7.64582e-06	  24	  1.94299e-06
136	  0.61953	  0.507093	  0.000113955	  8.85801e-06	  24	  2.25104e-06
137	  0.678662	  0.617213	  9.3549e-05	  7.61752e-06	  24	  1.9358e-06
138	  0.747849	  0.70014	  7.56299e-05	  7.79014e-06	  24	  1.97966e-06
139	  0.824564	  0.762001	  6.09362e-05	  3.59016e-06	  24	  9.12346e-07
140	  0.9069	  0.80829	  4.92601e-05	  6.66858e-06	  24	  1.69465e-06
141	  0.993459	  0.843274	  4.00947e-05	  4.7251e-06	  24	  1.20076e-06
142	  0.563933	  0	  0.000139283	  3.30598e-06	  12	  1.11965e-06
143	  0.573574	  0.182574	  0.00013443	  6.13812e-06	  24	  1.55984e-06
144	  0.601569	  0.348155	  0.000121384	  7.16306e-06	  24	  1.82031e-06
145	  0.645536	  0.486664	  0.000104283	  7.92918e-06	  24	  2.015e-06
146	  0.702481	  0.596285	  8.67717e-05	  7.9672e-06	  24	  2.02466e-06
147	  0.76953	  0.680414	  7.10354e-05	  4.80916e-06	  24	  1.22212e-06
148	  0.844278	  0.744208	  5.78037e-05	  7.92357e-06	  24	  2.01357e-06
149	  0.92486	  0.792594	  4.71351e-05	  5.95177e-06	  24	  1.51249e-06
150	  0.592384	  0	  0.000125493	  2.15874e-06	  6	  9.89238e-07
151	  0.601569	  0.174078	  0.000121384	  4.40371e-06	  12	  1.49143e-06
152	  0.628319	  0.333333	  0.000110542	  6.06313e-06	  12	  2.05343e-06
153	  0.670534	  0.468521	  9.6046e-05	  5.11113e-06	  12	  1.73101e-06
154	  0.72552	  0.57735	  8.08652e-05	  8.48458e-06	  12	  2.87352e-06
155	  0.790617	  0.662266	  6.69054e-05	  6.74112e-06	  12	  2.28305e-06
156	  0.863541	  0.727607	  5.49714e-05	  5.08617e-06	  12	  1.72256e-06
157	  0.942478	  0.777778	  4.51737e-05	  4.62493e-06	  12	  1.56635e-06
158	  0.610616	  0	  0.000117549	  5.42828e-06	  12	  1.83842e-06
159	  0.61953	  0.169031	  0.000113955	  5.16652e-06	  24	  1.31294e-06
160	  0.645536	  0.324443	  0.000104283	  6.45914e-06	  24	  1.64142e-06
161	  0.686693	  0.457496	  9.11917e-05	  6.24193e-06	  24	  1.58623e-06
162	  0.74048	  0.565685	  7.73204e-05	  6.15156e-06	  24	  1.56326e-06
163	  0.804368	  0.650945	  6.43985e-05	  7.44575e-06	  24	  1.89215e-06
164	  0.876148	  0.717137	  5.32135e-05	  6.98345e-06	  24	  1.77466e-06
165	  0.954042	  0.76835	  4.39402e-05	  5.42398e-06	  24	  1.37836e-06
166	  0.628319	  0	  0.000110542	  1.28092e-05	  6	  5.86979e-06
167	  0.636985	  0.164399	  0.000107301	  7.67623e-06	  12	  2.59975e-06
168	  0.662306	  0.316228	  9.86289e-05	  4.96716e-06	  12	  1.68225e-06
169	  0.702481	  0.447214	  8.67717e-05	  2.87312e-06	  12	  9.73055e-07
170	  0.755145	  0.5547	  7.40547e-05	  3.79307e-06	  12	  1.28462e-06
171	  0.817887	  0.640184	  6.2059e-05	  4.67607e-06	  12	  1.58367e-06
172	  0.888577	  0.707107	  5.15706e-05	  4.42063e-06	  12	  1.49716e-06
173	  0.965468	  0.759257	  4.27761e-05	  5.67812e-06	  12	  1.92304e-06
174	  0.636985	  0	  0.000107301	  7.85748e-06	  12	  2.66113e-06
175	  0.645536	  0.162221	  0.000104283	  4.10001e-06	  24	  1.04191e-06
176	  0.670534	  0.312348	  9.6046e-05	  4.18612e-06	  24	  1.0638e-06
177	  0.710244	  0.442326	  8.47248e-05	  5.72604e-06	  24	  1.45512e-06
178	  0.762371	  0.549442	  7.24968e-05	  7.55365e-06	  24	  1.91957e-06
179	  0.824564	  0.635001	  6.09362e-05	  3.81676e-06	  24	  9.69932e-07
180	  0.894726	  0.702247	  5.07646e-05	  3.83393e-06	  24	  9.74294e-07
181	  0.971131	  0.754829	  4.22057e-05	  5.22525e-06	  24	  1.32786e-06
182	  0.662306	  0	  9.86289e-05	  4.26786e-06	  12	  1.44542e-06
183	  0.670534	  0.156174	  9.6046e-05	  4.09977e-06	  24	  1.04185e-06
184	  0.694632	  0.301511	  8.89354e-05	  3.76105e-06	  24	  9.55773e-07
185	  0.733038	  0.428571	  7.90303e-05	  6.55231e-06	  24	  1.6651e-06
186	  0.783651	  0.534522	  6.82336e-05	  4.56566e-06	  24	  1.16024e-06
187	  0.844278	  0.620174	  5.78037e-05	  4.62883e-06	  24	  1.1763e-06
188	  0.912926	  0.688247	  4.85186e-05	  3.7832e-06	  24	  9.61403e-07
189	  0.987924	  0.741999	  4.06016e-05	  4.19629e-06	  24	  1.06638e-06
190	  0.670534	  0	  9.6046e-05	  4.51242e-06	  12	  1.52824e-06
191	  0.678662	  0.154303	  9.3549e-05	  3.52894e-06	  24	  8.96788e-07
192	  0.702481	  0.298142	  8.67717e-05	  5.28624e-06	  24	  1.34336e-06
193	  0.74048	  0.424264	  7.73204e-05	  4.59997e-06	  24	  1.16896e-06
194	  0.790617	  0.529813	  6.69054e-05	  4.50332e-06	  24	  1.1444e-06
195	  0.850747	  0.615457	  5.6843e-05	  3.52241e-06	  24	  8.95128e-07
196	  0.918912	  0.683763	  4.7822e-05	  5.30268e-06	  24	  1.34754e-06
197	  0.993459	  0.737865	  4.00947e-05	  4.44258e-06	  24	  1.12897e-06
198	  0.702481	  0	  8.67717e-05	  2.40661e-06	  12	  8.15059e-07
199	  0.710244	  0.147442	  8.47248e-05	  4.43198e-06	  24	  1.12627e-06
200	  0.733038	  0.285714	  7.90303e-05	  5.71337e-06	  24	  1.4519e-06
201	  0.76953	  0.408248	  7.10354e-05	  4.85271e-06	  24	  1.23319e-06
202	  0.817887	  0.512148	  6.2059e-05	  6.44002e-06	  24	  1.63657e-06
203	  0.876148	  0.597614	  5.32135e-05	  5.05033e-06	  24	  1.28341e-06
204	  0.942478	  0.666667	  4.51737e-05	  4.57305e-06	  24	  1.16212e-06
205	  0.733038	  0	  7.90303e-05	  3.00247e-06	  6	  1.37588e-06
206	  0.74048	  0.141421	  7.73204e-05	  3.38905e-06	  12	  1.14779e-06
207	  0.762371	  0.274721	  7.24968e-05	  3.3192e-06	  12	  1.12413e-06
208	  0.797522	  0.393919	  6.56259e-05	  4.48016e-06	  12	  1.51732e-06
209	  0.844278	  0.496139	  5.78037e-05	  5.27672e-06	  12	  1.78709e-06
210	  0.900833	  0.581238	  5.00066e-05	  5.00855e-06	  12	  1.69627e-06
211	  0.965468	  0.650791	  4.27761e-05	  4.15317e-06	  12	  1.40657e-06
212	  0.74048	  0	  7.73204e-05	  3.57414e-06	  18	  1.02114e-06
213	  0.747849	  0.140028	  7.56299e-05	  5.30902e-06	  36	  1.15029e-06
214	  0.76953	  0.272166	  7.10354e-05	  4.11173e-06	  36	  8.90874e-07
215	  0.804368	  0.390567	  6.43985e-05	  5.7304e-06	  36	  1.24159e-06
216	  0.850747	  0.492366	  5.6843e-05	  3.26479e-06	  36	  7.07371e-07
217	  0.9069	  0.57735	  4.92601e-05	  3.26476e-06	  36	  7.07364e-07
218	  0.971131	  0.646997	  4.22057e-05	  5.48419e-06	  36	  1.18824e-06
219	  0.755145	  0	  7.40547e-05	  2.38193e-06	  12	  8.06702e-07
220	  0.762371	  0.137361	  7.24968e-05	  4.73929e-06	  24	  1.20437e-06
221	  0.783651	  0.267261	  6.82336e-05	  4.35551e-06	  24	  1.10684e-06
222	  0.817887	  0.384111	  6.2059e-05	  4.37159e-06	  24	  1.11093e-06
223	  0.863541	  0.485071	  5.49714e-05	  2.70513e-06	  24	  6.87438e-07
224	  0.918912	  0.569803	  4.7822e-05	  3.76542e-06	  24	  9.56884e-07
225	  0.982358	  0.639602	  4.11333e-05	  2.93015e-06	  24	  7.44621e-07
226	  0.762371	  0	  7.24968e-05	  2.16104e-06	  12	  7.31891e-07
227	  0.76953	  0.136083	  7.10354e-05	  4.89125e-06	  24	  1.24298e-06
228	  0.790617	  0.264906	  6.69054e-05	  3.44276e-06	  24	  8.74888e-07
229	  0.824564	  0.381	  6.09362e-05	  2.98636e-06	  24	  7.58906e-07
230	  0.869868	  0.481543	  5.40893e-05	  2.38673e-06	  24	  6.06526e-07
231	  0.92486	  0.566139	  4.71351e-05	  4.20682e-06	  24	  1.06905e-06
232	  0.987924	  0.635999	  4.06016e-05	  3.4857e-06	  24	  8.858e-07
233	  0.797522	  0	  6.56259e-05	  4.00028e-06	  12	  1.3548e-06
234	  0.804368	  0.130189	  6.43985e-05	  4.41266e-06	  24	  1.12136e-06
235	  0.824564	  0.254	  6.09362e-05	  2.74017e-06	  24	  6.96343e-07
236	  0.857168	  0.366508	  5.58895e-05	  3.65832e-06	  24	  9.29667e-07
237	  0.900833	  0.464991	  5.00066e-05	  3.44781e-06	  24	  8.76171e-07
238	  0.954042	  0.548821	  4.39402e-05	  3.75445e-06	  24	  9.54095e-07
239	  0.817887	  0	  6.2059e-05	  2.98449e-06	  12	  1.01077e-06
240	  0.824564	  0.127	  6.09362e-05	  3.05262e-06	  24	  7.75744e-07
241	  0.844278	  0.248069	  5.78037e-05	  2.95849e-06	  24	  7.51823e-07
242	  0.876148	  0.358569	  5.32135e-05	  3.98384e-06	  24	  1.01239e-06
243	  0.918912	  0.455842	  4.7822e-05	  3.21223e-06	  24	  8.16304e-07
244	  0.971131	  0.539164	  4.22057e-05	  4.45614e-06	  24	  1.13241e-06
245	  0.837758	  0	  5.88269e-05	  3.16069e-06	  6	  1.44838e-06
246	  0.844278	  0.124035	  5.78037e-05	  4.72155e-06	  12	  1.59907e-06
247	  0.863541	  0.242536	  5.49714e-05	  1.72554e-06	  12	  5.84397e-07
248	  0.894726	  0.351123	  5.07646e-05	  2.76122e-06	  12	  9.35157e-07
249	  0.936642	  0.447214	  4.58065e-05	  2.52302e-06	  12	  8.54484e-07
250	  0.987924	  0.529999	  4.06016e-05	  4.45904e-06	  12	  1.51017e-06
251	  0.844278	  0	  5.78037e-05	  3.91474e-06	  24	  9.94829e-07
252	  0.850747	  0.123091	  5.6843e-05	  3.19907e-06	  48	  6.21699e-07
253	  0.869868	  0.240772	  5.40893e-05	  2.79927e-06	  48	  5.44004e-07
254	  0.900833	  0.348743	  5.00066e-05	  3.29852e-06	  48	  6.41026e-07
255	  0.942478	  0.444444	  4.51737e-05	  3.15461e-06	  48	  6.1306e-07
256	  0.993459	  0.527046	  4.00947e-05	  3.39685e-06	  48	  6.60135e-07
257	  0.863541	  0	  5.49714e-05	  1.81521e-06	  12	  6.14768e-07
258	  0.869868	  0.120386	  5.40893e-05	  2.50916e-06	  24	  6.37639e-07
259	  0.888577	  0.235702	  5.15706e-05	  2.53941e-06	  24	  6.45325e-07
260	  0.918912	  0.341882	  4.7822e-05	  3.14746e-06	  24	  7.99845e-07
261	  0.959772	  0.436436	  4.33564e-05	  2.83705e-06	  24	  7.20962e-07
262	  0.888577	  0	  5.15706e-05	  2.88076e-06	  6	  1.3201e-06
263	  0.894726	  0.117041	  5.07646e-05	  2.05437e-06	  12	  6.95763e-07
264	  0.912926	  0.229416	  4.85186e-05	  2.75094e-06	  12	  9.31674e-07
265	  0.942478	  0.333333	  4.51737e-05	  2.78408e-06	  12	  9.429e-07
266	  0.982358	  0.426401	  4.11333e-05	  2.75875e-06	  12	  9.34318e-07
267	  0.894726	  0	  5.07646e-05	  2.31902e-06	  12	  7.85395e-07
268	  0.900833	  0.116248	  5.00066e-05	  2.75181e-06	  24	  6.99302e-07
269	  0.918912	  0.227921	  4.7822e-05	  2.936e-06	  24	  7.46107e-07
270	  0.948278	  0.331295	  4.45448e-05	  2.97182e-06	  24	  7.55212e-07
271	  0.987924	  0.423999	  4.06016e-05	  2.4392e-06	  24	  6.1986e-07
272	  0.900833	  0	  5.00066e-05	  2.95043e-06	  12	  9.99238e-07
273	  0.9069	  0.11547	  4.92601e-05	  2.42865e-06	  24	  6.17179e-07
274	  0.92486	  0.226455	  4.71351e-05	  2.06495e-06	  24	  5.24754e-07
275	  0.954042	  0.329293	  4.39402e-05	  2.87012e-06	  24	  7.29367e-07
276	  0.993459	  0.421637	  4.00947e-05	  2.71639e-06	  24	  6.90299e-07
277	  0.936642	  0	  4.58065e-05	  1.91298e-06	  12	  6.47878e-07
278	  0.942478	  0.111111	  4.51737e-05	  2.43341e-06	  24	  6.18389e-07
279	  0.959772	  0.218218	  4.33564e-05	  1.95638e-06	  24	  4.97164e-07
280	  0.987924	  0.317999	  4.06016e-05	  2.07633e-06	  24	  5.27646e-07
281	  0.942478	  0	  4.51737e-05	  4.90443e-06	  6	  2.24745e-06
282	  0.948278	  0.110432	  4.45448e-05	  3.36816e-06	  12	  1.14071e-06
283	  0.965468	  0.21693	  4.27761e-05	  2.67618e-06	  12	  9.06354e-07
284	  0.993459	  0.316228	  4.00947e-05	  2.99503e-06	  12	  1.01434e-06
285	  0.948278	  0	  4.45448e-05	  3.17993e-06	  12	  1.07696e-06
286	  0.954042	  0.109764	  4.39402e-05	  2.15861e-06	  24	  5.48554e-07
287	  0.971131	  0.215666	  4.22057e-05	  1.75964e-06	  24	  4.47168e-07
288	  0.998963	  0.314485	  3.9601e-05	  2.29503e-06	  24	  5.83223e-07
289	  0.965468	  0	  4.27761e-05	  1.86783e-06	  24	  4.7466e-07
290	  0.971131	  0.107833	  4.22057e-05	  2.44522e-06	  48	  4.75198e-07
291	  0.987924	  0.212	  4.06016e-05	  2.42407e-06	  48	  4.71089e-07
292	  0.987924	  0	  4.06016e-05	  2.40796e-06	  12	  8.15516e-07
293	  0.993459	  0.105409	  4.00947e-05	  2.47425e-06	  24	  6.28767e-07
294	  0.993459	  0	  4.00947e-05	  1.95634e-06	  12	  6.62564e-07
295	  0.998963	  0.104828	  3.9601e-05	  1.83281e-06	  24	  4.65762e-07
296	  1.08818	  0.030936	  3.259e-05	  1.83016e-06	  138	  2.47301e-07
297	  1.08818	  0.0938307	  3.259e-05	  1.68243e-06	  252	  1.90105e-07
298	  1.08818	  0.156319	  3.259e-05	  1.52563e-06	  72	  2.56079e-07
299	  1.08818	  0.218712	  3.259e-05	  1.72012e-06	  216	  2.03045e-07
300	  1.08818	  0.281224	  3.259e-05	  2.02226e-06	  288	  2.20276e-07
301	  1.08818	  0.343807	  3.259e-05	  1.85605e-06	  120	  2.62236e-07
302	  1.08818	  0.406302	  3.259e-05	  2.5569e-06	  180	  3.18425e-07
303	  1.08818	  0.468745	  3.259e-05	  2.62137e-06	  180	  3.26454e-07
304	  1.08818	  0.531226	  3.259e-05	  2.79467e-06	  192	  3.41421e-07
305	  1.08818	  0.593785	  3.259e-05	  3.57713e-06	  192	  4.37014e-07
306	  1.08818	  0.656281	  3.259e-05	  3.05433e-06	  168	  3.88364e-07
307	  1.08818	  0.718743	  3.259e-05	  3.74766e-06	  228	  4.35578e-07
308	  1.08818	  0.781255	  3.259e-05	  4.69636e-06	  144	  6.26182e-07
309	  1.08818	  0.843774	  3.259e-05	  4.25528e-06	  240	  4.87442e-07
310	  1.08818	  0.90628	  3.259e-05	  5.98292e-06	  168	  7.60738e-07
311	  1.08818	  0.968758	  3.259e-05	  5.78089e-06	  150	  7.61052e-07
312	  1.25577	  0.030936	  2.34401e-05	  1.36817e-06	  198	  1.6564e-07
313	  1.25577	  0.0938307	  2.34401e-05	  1.42732e-06	  396	  1.43092e-07
314	  1.25577	  0.156319	  2.34401e-05	  1.37033e-06	  396	  1.37378e-07
315	  1.25577	  0.218712	  2.34401e-05	  1.31139e-06	  204	  1.57386e-07
316	  1.25577	  0.281224	  2.34401e-05	  1.52671e-06	  216	  1.80215e-07
317	  1.25577	  0.343807	  2.34401e-05	  1.54124e-06	  372	  1.56972e-07
318	  1.25577	  0.406302	  2.34401e-05	  1.68733e-06	  312	  1.79892e-07
319	  1.25577	  0.468745	  2.34401e-05	  1.73602e-06	  288	  1.89097e-07
320	  1.25577	  0.531226	  2.34401e-05	  2.22052e-06	  264	  2.4769e-07
321	  1.25577	  0.593785	  2.34401e-05	  2.01231e-06	  312	  2.1454e-07
322	  1.25577	  0.656281	  2.34401e-05	  2.32025e-06	  276	  2.55675e-07
323	  1.25577	  0.718743	  2.34401e-05	  2.52258e-06	  312	  2.68942e-07
324	  1.25577	  0.781255	  2.34401e-05	  2.84944e-06	  276	  3.13988e-07
325	  1.25577	  0.843774	  2.34401e-05	  3.24035e-06	  240	  3.71181e-07
326	  1.25577	  0.90628	  2.34401e-05	  3.74834e-06	  324	  3.95658e-07
327	  1.25577	  0.968758	  2.34401e-05	  4.08656e-06	  315	  4.34579e-07
328	  1.45182	  0.030936	  1.67209e-05	  9.74047e-07	  246	  1.10805e-07
329	  1.45182	  0.0938307	  1.67209e-05	  8.94738e-07	  516	  8.41255e-08
330	  1.45182	  0.156319	  1.67209e-05	  9.85534e-07	  504	  9.31759e-08
331	  1.45182	  0.218712	  1.67209e-05	  9.74172e-07	  528	  9.1104e-08
332	  1.45182	  0.281224	  1.67209e-05	  9.848e-07	  504	  9.31065e-08
333	  1.45182	  0.343807	  1.67209e-05	  1.19168e-06	  384	  1.20397e-07
334	  1.45182	  0.406302	  1.67209e-05	  1.33676e-06	  420	  1.32065e-07
335	  1.45182	  0.468745	  1.67209e-05	  1.19368e-06	  468	  1.14862e-07
336	  1.45182	  0.531226	  1.67209e-05	  1.3225e-06	  480	  1.26489e-07
337	  1.45182	  0.593785	  1.67209e-05	  1.40382e-06	  468	  1.35083e-07
338	  1.45182	  0.656281	  1.67209e-05	  1.57241e-06	  396	  1.57637e-07
339	  1.45182	  0.718743	  1.67209e-05	  1.65468e-06	  456	  1.60222e-07
340	  1.45182	  0.781255	  1.67209e-05	  2.07179e-06	  432	  2.03269e-07
341	  1.45182	  0.843774	  1.67209e-05	  2.26319e-06	  480	  2.1646e-07
342	  1.45182	  0.90628	  1.67209e-05	  2.62851e-06	  480	  2.514e-07
343	  1.45182	  0.968758	  1.67209e-05	  2.72111e-06	  414	  2.6979e-07
344	  1.68148	  0.030936	  1.18352e-05	  6.67673e-07	  798	  5.7019e-08
345	  1.68148	  0.0938307	  1.18352e-05	  7.4555e-07	  708	  6.5297e-08
346	  1.68148	  0.156319	  1.18352e-05	  6.82793e-07	  684	  6.02469e-08
347	  1.68148	  0.218712	  1.18352e-05	  7.55811e-07	  720	  6.5958e-08
348	  1.68148	  0.281224	  1.18352e-05	  7.46168e-07	  708	  6.53511e-08
349	  1.68148	  0.343807	  1.18352e-05	  7.93899e-07	  720	  6.92818e-08
350	  1.68148	  0.406302	  1.18352e-05	  8.68141e-07	  672	  7.68963e-08
351	  1.68148	  0.468745	  1.18352e-05	  9.53607e-07	  732	  8.29267e-08
352	  1.68148	  0.531226	  1.18352e-05	  9.87386e-07	  672	  8.74586e-08
353	  1.68148	  0.593785	  1.18352e-05	  1.02497e-06	  708	  8.97689e-08
354	  1.68148	  0.656281	  1.18352e-05	  1.06192e-06	  744	  9.20283e-08
355	  1.68148	  0.718743	  1.18352e-05	  1.33724e-06	  744	  1.15888e-07
356	  1.68148	  0.781255	  1.18352e-05	  1.39203e-06	  696	  1.22366e-07
357	  1.68148	  0.843774	  1.18352e-05	  1.55474e-06	  708	  1.36168e-07
358	  1.68148	  0.90628	  1.18352e-05	  1.75401e-06	  696	  1.54186e-07
359	  1.68148	  0.968758	  1.18352e-05	  1.85891e-06	  741	  1.61234e-07
360	  1.94819	  0.030936	  8.33561e-06	  4.90089e-07	  1368	  3.77549e-08
361	  1.94819	  0.0938307	  8.33561e-06	  4.88656e-07	  924	  4.05084e-08
362	  1.94819	  0.156319	  8.33561e-06	  5.33287e-07	  972	  4.37695e-08
363	  1.94819	  0.218712	  8.33561e-06	  5.44482e-07	  972	  4.46883e-08
364	  1.94819	  0.281224	  8.33561e-06	  5.00412e-07	  1200	  3.94662e-08
365	  1.94819	  0.343807	  8.33561e-06	  5.36499e-07	  1140	  4.27147e-08
366	  1.94819	  0.406302	  8.33561e-06	  5.81814e-07	  1080	  4.67947e-08
367	  1.94819	  0.468745	  8.33561e-06	  6.49075e-07	  1068	  5.23151e-08
368	  1.94819	  0.531226	  8.33561e-06	  6.43383e-07	  1164	  5.10271e-08
369	  1.94819	  0.593785	  8.33561e-06	  7.41432e-07	  1188	  5.85827e-08
370	  1.94819	  0.656281	  8.33561e-06	  7.75865e-07	  1068	  6.25343e-08
371	  1.94819	  0.718743	  8.33561e-06	  7.9631e-07	  1008	  6.48969e-08
372	  1.94819	  0.781255	  8.33561e-06	  9.46586e-07	  1164	  7.50743e-08
373	  1.94819	  0.843774	  8.33561e-06	  9.57759e-07	  1176	  7.58168e-08
374	  1.94819	  0.90628	  8.33561e-06	  1.10258e-06	  1080	  8.86797e-08
375	  1.94819	  0.968758	  8.33561e-06	  1.18769e-06	  1038	  9.62484e-08
376	  2.25604	  0.030936	  5.85898e-06	  3.6243e-07	  1896	  2.6445e-08
377	  2.25604	  0.0938307	  5.85898e-06	  3.62065e-07	  1272	  2.82551e-08
378	  2.25604	  0.156319	  5.85898e-06	  3.54664e-07	  2040	  2.55856e-08
379	  2.25604	  0.218712	  5.85898e-06	  3.77262e-07	  1740	  2.79072e-08
380	  2.25604	  0.281224	  5.85898e-06	  3.82409e-07	  1584	  2.87289e-08
381	  2.25604	  0.343807	  5.85898e-06	  3.91306e-07	  1764	  2.88821e-08
382	  2.25604	  0.406302	  5.85898e-06	  4.05635e-07	  1632	  3.03227e-08
383	  2.25604	  0.468745	  5.85898e-06	  4.37363e-07	  1860	  3.20092e-08
384	  2.25604	  0.531226	  5.85898e-06	  4.65665e-07	  1560	  3.50731e-08
385	  2.25604	  0.593785	  5.85898e-06	  4.90278e-07	  1692	  3.6433e-08
386	  2.25604	  0.656281	  5.85898e-06	  5.53783e-07	  1704	  4.11046e-08
387	  2.25604	  0.718743	  5.85898e-06	  5.67966e-07	  1824	  4.1697e-08
388	  2.25604	  0.781255	  5.85898e-06	  6.22585e-07	  1668	  4.63733e-08
389	  2.25604	  0.843774	  5.85898e-06	  6.58654e-07	  1680	  4.90022e-08
390	  2.25604	  0.90628	  5.85898e-06	  7.26981e-07	  1776	  5.35995e-08
391	  2.25604	  0.968758	  5.85898e-06	  7.55704e-07	  1656	  5.63556e-08
392	  2.61216	  0.030936	  4.10705e-06	  2.66565e-07	  2586	  1.85702e-08
393	  2.61216	  0.0938307	  4.10705e-06	  2.60201e-07	  3036	  1.77324e-08
394	  2.61216	  0.156319	  4.10705e-06	  2.68878e-07	  2124	  1.9278e-08
395	  2.61216	  0.218712	  4.10705e-06	  2.64188e-07	  2940	  1.80817e-08
396	  2.61216	  0.281224	  4.10705e-06	  2.82643e-07	  2616	  1.96582e-08
397	  2.61216	  0.343807	  4.10705e-06	  2.88401e-07	  2448	  2.0249e-08
398	  2.61216	  0.406302	  4.10705e-06	  2.97067e-07	  2916	  2.03546e-08
399	  2.61216	  0.468745	  4.10705e-06	  3.09804e-07	  2544	  2.16325e-08
400	  2.61216	  0.531226	  4.10705e-06	  3.29988e-07	  2652	  2.29073e-08
401	  2.61216	  0.593785	  4.10705e-06	  3.40729e-07	  2748	  2.35362e-08
402	  2.61216	  0.656281	  4.10705e-06	  3.82135e-07	  2676	  2.64939e-08
403	  2.61216	  0.718743	  4.10705e-06	  3.73167e-07	  2472	  2.61638e-08
404	  2.61216	  0.781255	  4.10705e-06	  4.05378e-07	  2616	  2.81946e-08
405	  2.61216	  0.843774	  4.10705e-06	  4.20277e-07	  2736	  2.90487e-08
406	  2.61216	  0.90628	  4.10705e-06	  4.45926e-07	  2568	  3.1096e-08
407	  2.61216	  0.968758	  4.10705e-06	  4.58039e-07	  2745	  3.16443e-08
408	  3.02645	  0.030936	  2.86472e-06	  1.91408e-07	  3414	  1.28463e-08
409	  3.02645	  0.0938307	  2.86472e-06	  1.90935e-07	  4512	  1.23893e-08
410	  3.02645	  0.156319	  2.86472e-06	  1.83753e-07	  4632	  1.18875e-08
411	  3.02645	  0.218712	  2.86472e-06	  1.88245e-07	  3972	  1.23991e-08
412	  3.02645	  0.281224	  2.86472e-06	  1.94258e-07	  4176	  1.2719e-08
413	  3.02645	  0.343807	  2.86472e-06	  1.98505e-07	  4344	  1.29371e-08
414	  3.02645	  0.406302	  2.86472e-06	  2.0539e-07	  4044	  1.34993e-08
415	  3.02645	  0.468745	  2.86472e-06	  2.17882e-07	  4092	  1.43002e-08
416	  3.02645	  0.531226	  2.86472e-06	  2.34897e-07	  4296	  1.53287e-08
417	  3.02645	  0.593785	  2.86472e-06	  2.37774e-07	  3996	  1.56501e-08
418	  3.02645	  0.656281	  2.86472e-06	  2.49292e-07	  4188	  1.63167e-08
419	  3.02645	  0.718743	  2.86472e-06	  2.6375e-07	  4212	  1.72514e-08
420	  3.02645	  0.781255	  2.86472e-06	  2.67307e-07	  4140	  1.75198e-08
421	  3.02645	  0.843774	  2.86472e-06	  2.7318e-07	  4128	  1.79109e-08
422	  3.02645	  0.90628	  2.86472e-06	  2.85246e-07	  4188	  1.86701e-08
423	  3.02645	  0.968758	  2.86472e-06	  2.81941e-07	  4128	  1.84853e-08
424	  3.50419	  0.030936	  1.99639e-06	  1.35622e-07	  7002	  8.40183e-09
425	  3.50419	  0.0938307	  1.99639e-06	  1.36719e-07	  6240	  8.56671e-09
426	  3.50419	  0.156319	  1.99639e-06	  1.30803e-07	  5964	  8.23388e-09
427	  3.50419	  0.218712	  1.99639e-06	  1.34471e-07	  6180	  8.43413e-09
428	  3.50419	  0.281224	  1.99639e-06	  1.38958e-07	  6420	  8.68216e-09
429	  3.50419	  0.343807	  1.99639e-06	  1.42099e-07	  6516	  8.86531e-09
430	  3.50419	  0.406302	  1.99639e-06	  1.4471e-07	  6312	  9.05692e-09
431	  3.50419	  0.468745	  1.99639e-06	  1.581e-07	  6276	  9.90066e-09
432	  3.50419	  0.531226	  1.99639e-06	  1.53551e-07	  6360	  9.60299e-09
433	  3.50419	  0.593785	  1.99639e-06	  1.5822e-07	  6408	  9.88749e-09
434	  3.50419	  0.656281	  1.99639e-06	  1.69996e-07	  6360	  1.06315e-08
435	  3.50419	  0.718743	  1.99639e-06	  1.70044e-07	  6336	  1.06384e-08
436	  3.50419	  0.781255	  1.99639e-06	  1.70084e-07	  6372	  1.06349e-08
437	  3.50419	  0.843774	  1.99639e-06	  1.75074e-07	  6456	  1.09326e-08
438	  3.50419	  0.90628	  1.99639e-06	  1.68605e-07	  6360	  1.05444e-08
439	  3.50419	  0.968758	  1.99639e-06	  1.66794e-07	  6327	  1.04366e-08
440	  4.05763	  0.030936	  1.3873e-06	  9.60011e-08	  10392	  5.74178e-09
441	  4.05763	  0.0938307	  1.3873e-06	  9.22346e-08	  9420	  5.56205e-09
442	  4.05763	  0.156319	  1.3873e-06	  9.65889e-08	  10176	  5.78695e-09
443	  4.05763	  0.218712	  1.3873e-06	  9.70205e-08	  10260	  5.80886e-09
444	  4.05763	  0.281224	  1.3873e-06	  9.32903e-08	  9528	  5.62025e-09
445	  4.05763	  0.343807	  1.3873e-06	  9.73466e-08	  10140	  5.83405e-09
446	  4.05763	  0.406302	  1.3873e-06	  1.0095e-07	  9960	  6.05905e-09
447	  4.05763	  0.468745	  1.3873e-06	  1.01234e-07	  10068	  6.07063e-09
448	  4.05763	  0.531226	  1.3873e-06	  1.0508e-07	  9996	  6.30504e-09
449	  4.05763	  0.593785	  1.3873e-06	  1.04174e-07	  9828	  6.25954e-09
450	  4.05763	  0.656281	  1.3873e-06	  1.06943e-07	  10032	  6.41487e-09
451	  4.05763	  0.718743	  1.3873e-06	  1.0661e-07	  9924	  6.4007e-09
452	  4.05763	  0.781255	  1.3873e-06	  1.03351e-07	  10116	  6.19514e-09
453	  4.05763	  0.843774	  1.3873e-06	  1.0315e-07	  9888	  6.19481e-09
454	  4.05763	  0.90628	  1.3873e-06	  1.02932e-07	  10008	  6.1755e-09
455	  4.05763	  0.968758	  1.3873e-06	  9.49236e-08	  9978	  5.69646e-09
456	  4.69917	  0.030936	  9.60877e-07	  6.70361e-08	  13626	  3.92609e-09
457	  4.69917	  0.0938307	  9.60877e-07	  6.66234e-08	  16392	  3.85154e-09
458	  4.69917	  0.156319	  9.60877e-07	  6.62535e-08	  15708	  3.8413e-09
459	  4.69917	  0.218712	  9.60877e-07	  6.58591e-08	  15432	  3.82311e-09
460	  4.69917	  0.281224	  9.60877e-07	  6.57043e-08	  15780	  3.80826e-09
461	  4.69917	  0.343807	  9.60877e-07	  6.6427e-08	  15300	  3.85838e-09
462	  4.69917	  0.406302	  9.60877e-07	  6.71352e-08	  15588	  3.89448e-09
463	  4.69917	  0.468745	  9.60877e-07	  6.72544e-08	  15396	  3.90474e-09
464	  4.69917	  0.531226	  9.60877e-07	  6.79899e-08	  15504	  3.94553e-09
465	  4.69917	  0.593785	  9.60877e-07	  6.73228e-08	  15660	  3.90412e-09
466	  4.69917	  0.656281	  9.60877e-07	  6.59227e-08	  15192	  3.83098e-09
467	  4.69917	  0.718743	  9.60877e-07	  6.4262e-08	  15600	  3.72761e-09
468	  4.69917	  0.781255	  9.60877e-07	  6.38204e-08	  15216	  3.7084e-09
469	  4.69917	  0.843774	  9.60877e-07	  6.13827e-08	  15516	  3.56192e-09
470	  4.69917	  0.90628	  9.60877e-07	  5.67793e-08	  15540	  3.29444e-09
471	  4.69917	  0.968758	  9.60877e-07	  5.46663e-08	  15405	  3.17375e-09
472	  5.4432	  0.030936	  6.6384e-07	  4.73431e-08	  26250	  2.65936e-09
473	  5.4432	  0.0938307	  6.6384e-07	  4.65679e-08	  22392	  2.6396e-09
474	  5.4432	  0.156319	  6.6384e-07	  4.62176e-08	  24516	  2.60606e-09
475	  5.4432	  0.218712	  6.6384e-07	  4.55172e-08	  23592	  2.5722e-09
476	  5.4432	  0.281224	  6.6384e-07	  4.52323e-08	  24264	  2.55199e-09
477	  5.4432	  0.343807	  6.6384e-07	  4.50077e-08	  23928	  2.54134e-09
478	  5.4432	  0.406302	  6.6384e-07	  4.38547e-08	  24120	  2.47511e-09
479	  5.4432	  0.468745	  6.6384e-07	  4.3166e-08	  23964	  2.43714e-09
480	  5.4432	  0.531226	  6.6384e-07	  4.25254e-08	  24060	  2.40043e-09
481	  5.4432	  0.593785	  6.6384e-07	  4.1729e-08	  24108	  2.35521e-09
482	  5.4432	  0.656281	  6.6384e-07	  4.01739e-08	  24228	  2.26679e-09
483	  5.4432	  0.718743	  6.6384e-07	  3.84898e-08	  24144	  2.1722e-09
484	  5.4432	  0.781255	  6.6384e-07	  3.61586e-08	  23940	  2.04163e-09
485	  5.4432	  0.843774	  6.6384e-07	  3.30261e-08	  24192	  1.86364e-09
486	  5.4432	  0.90628	  6.6384e-07	  3.13663e-08	  23988	  1.77083e-09
487	  5.4432	  0.968758	  6.6384e-07	  2.89951e-08	  24141	  1.63637e-09
488	  6.30378	  0.030936	  4.57865e-07	  3.281e-08	  35082	  1.81567e-09
489	  6.30378	  0.0938307	  4.57865e-07	  3.19182e-08	  39108	  1.75731e-09
490	  6.30378	  0.156319	  4.57865e-07	  3.15133e-08	  36924	  1.73966e-09
491	  6.30378	  0.218712	  4.57865e-07	  3.07005e-08	  37692	  1.69316e-09
492	  6.30378	  0.281224	  4.57865e-07	  2.96475e-08	  37092	  1.63631e-09
493	  6.30378	  0.343807	  4.57865e-07	  2.9246e-08	  37536	  1.61325e-09
494	  6.30378	  0.406302	  4.57865e-07	  2.85532e-08	  36984	  1.57613e-09
495	  6.30378	  0.468745	  4.57865e-07	  2.72696e-08	  37428	  1.50443e-09
496	  6.30378	  0.531226	  4.57865e-07	  2.60733e-08	  37392	  1.4385e-09
497	  6.30378	  0.593785	  4.57865e-07	  2.46203e-08	  37200	  1.35867e-09
498	  6.30378	  0.656281	  4.57865e-07	  2.30151e-08	  36924	  1.27053e-09
499	  6.30378	  0.718743	  4.57865e-07	  2.13451e-08	  37272	  1.17781e-09
500	  6.30378	  0.781255	  4.57865e-07	  1.955e-08	  37284	  1.07875e-09
501	  6.30378	  0.843774	  4.57865e-07	  1.77274e-08	  37188	  9.78297e-10
502	  6.30378	  0.90628	  4.57865e-07	  1.62171e-08	  37320	  8.94804e-10
503	  6.30378	  0.968758	  4.57865e-07	  1.46158e-08	  37119	  8.06654e-10
504	  7.30029	  0.030936	  3.15016e-07	  2.21128e-08	  60258	  1.19572e-09
505	  7.30029	  0.0938307	  3.15016e-07	  2.17215e-08	  56916	  1.17712e-09
506	  7.30029	  0.156319	  3.15016e-07	  2.12136e-08	  56820	  1.14968e-09
507	  7.30029	  0.218712	  3.15016e-07	  2.05086e-08	  58716	  1.11007e-09
508	  7.30029	  0.281224	  3.15016e-07	  1.96717e-08	  57840	  1.06538e-09
509	  7.30029	  0.343807	  3.15016e-07	  1.84897e-08	  57612	  1.00152e-09
510	  7.30029	  0.406302	  3.15016e-07	  1.75131e-08	  58464	  9.48084e-10
511	  7.30029	  0.468745	  3.15016e-07	  1.63305e-08	  57948	  8.84363e-10
512	  7.30029	  0.531226	  3.15016e-07	  1.52582e-08	  57708	  8.26426e-10
513	  7.30029	  0.593785	  3.15016e-07	  1.37879e-08	  58236	  7.46532e-10
514	  7.30029	  0.656281	  3.15016e-07	  1.25248e-08	  58008	  6.78243e-10
515	  7.30029	  0.718743	  3.15016e-07	  1.1213e-08	  58200	  6.07131e-10
516	  7.30029	  0.781255	  3.15016e-07	  9.9099e-09	  58128	  5.36598e-10
517	  7.30029	  0.843774	  3.15016e-07	  8.78662e-09	  57972	  4.75824e-10
518	  7.30029	  0.90628	  3.15016e-07	  7.9171e-09	  57960	  4.2874e-10
519	  7.30029	  0.968758	  3.15016e-07	  7.53394e-09	  58122	  4.07947e-10
520	  8.455	  0.030936	  2.16353e-07	  1.47722e-08	  90198	  7.87795e-10
521	  8.455	  0.0938307	  2.16353e-07	  1.45954e-08	  89292	  7.78614e-10
522	  8.455	  0.156319	  2.16353e-07	  1.41005e-08	  90804	  7.51819e-10
523	  8.455	  0.218712	  2.16353e-07	  1.32271e-08	  89628	  7.05537e-10
524	  8.455	  0.281224	  2.16353e-07	  1.24211e-08	  89844	  6.62495e-10
525	  8.455	  0.343807	  2.16353e-07	  1.14217e-08	  90636	  6.09025e-10
526	  8.455	  0.406302	  2.16353e-07	  1.04379e-08	  89628	  5.56762e-10
527	  8.455	  0.468745	  2.16353e-07	  9.40059e-09	  89772	  5.01404e-10
528	  8.455	  0.531226	  2.16353e-07	  8.37391e-09	  90324	  4.46558e-10
529	  8.455	  0.593785	  2.16353e-07	  7.27654e-09	  89784	  3.88111e-10
530	  8.455	  0.656281	  2.16353e-07	  6.34983e-09	  90216	  3.38632e-10
531	  8.455	  0.718743	  2.16353e-07	  5.54966e-09	  89796	  2.96003e-10
532	  8.455	  0.781255	  2.16353e-07	  4.78111e-09	  90120	  2.54982e-10
533	  8.455	  0.843774	  2.16353e-07	  4.18502e-09	  90132	  2.23191e-10
534	  8.455	  0.90628	  2.16353e-07	  3.76799e-09	  89916	  2.00965e-10
535	  8.455	  0.968758	  2.16353e-07	  3.74971e-09	  89964	  1.99987e-10
536	  9.79129	  0.030936	  1.48293e-07	  9.84245e-09	  139068	  5.18516e-10
537	  9.79129	  0.0938307	  1.48293e-07	  9.63806e-09	  141180	  5.07554e-10
538	  9.79129	  0.156319	  1.48293e-07	  9.17843e-09	  139380	  4.83507e-10
539	  9.79129	  0.218712	  1.48293e-07	  8.47618e-09	  138804	  4.4656e-10
540	  9.79129	  0.281224	  1.48293e-07	  7.67215e-09	  140952	  4.04043e-10
541	  9.79129	  0.343807	  1.48293e-07	  6.78877e-09	  139668	  3.57604e-10
542	  9.79129	  0.406302	  1.48293e-07	  5.91867e-09	  139464	  3.11782e-10
543	  9.79129	  0.468745	  1.48293e-07	  5.10372e-09	  139812	  2.68835e-10
544	  9.79129	  0.531226	  1.48293e-07	  4.31171e-09	  139884	  2.27114e-10
545	  9.79129	  0.593785	  1.48293e-07	  3.68094e-09	  140184	  1.93878e-10
546	  9.79129	  0.656281	  1.48293e-07	  3.1071e-09	  139404	  1.63677e-10
547	  9.79129	  0.718743	  1.48293e-07	  2.6312e-09	  139932	  1.38594e-10
548	  9.79129	  0.781255	  1.48293e-07	  2.22935e-09	  139980	  1.17426e-10
549	  9.79129	  0.843774	  1.48293e-07	  1.90029e-09	  139632	  1.001e-10
550	  9.79129	  0.90628	  1.48293e-07	  1.68774e-09	  140088	  8.88962e-11
551	  9.79129	  0.968758	  1.48293e-07	  1.6111e-09	  139623	  8.48666e-11
