#n	   k	      mu	    PL	    Pf	     w	     err  
0	  0.10472	  1	  0.00340069	  0.000624623	  3	  0.000391857
1	  0.20944	  1	  0.00120796	  0.000177852	  3	  0.000111575
2	  0.314159	  1	  0.00056581	  0.000165585	  3	  0.00010388
3	  0.418879	  1	  0.000317111	  2.96137e-05	  3	  1.85782e-05
4	  0.523599	  1	  0.000200477	  9.89994e-06	  3	  6.21073e-06
5	  0.628319	  1	  0.000135839	  5.04458e-05	  3	  3.16472e-05
6	  0.733038	  1	  9.71158e-05	  2.2162e-05	  3	  1.39034e-05
7	  0.837758	  1	  7.2289e-05	  1.78455e-05	  3	  1.11954e-05
8	  0.942478	  1	  5.55114e-05	  2.73903e-06	  3	  1.71833e-06
9	  0.10472	  0	  0.00340069	  0.000105209	  6	  4.82119e-05
10	  0.148096	  0.707107	  0.00216258	  0.000150511	  12	  5.09744e-05
11	  0.23416	  0.894427	  0.000956871	  0.000183384	  12	  6.21075e-05
12	  0.331153	  0.948683	  0.000512389	  7.50494e-05	  12	  2.54174e-05
13	  0.431771	  0.970143	  0.000298428	  3.81898e-05	  12	  1.29339e-05
14	  0.533968	  0.980581	  0.000192286	  2.56174e-05	  12	  8.67597e-06
15	  0.636985	  0.986394	  0.000131856	  1.62514e-05	  12	  5.50395e-06
16	  0.74048	  0.989949	  9.50147e-05	  1.98792e-05	  12	  6.73259e-06
17	  0.844278	  0.992278	  7.10317e-05	  1.05574e-05	  12	  3.57552e-06
18	  0.948278	  0.993884	  5.47385e-05	  1.01185e-05	  12	  3.42688e-06
19	  0.148096	  0	  0.00216258	  5.80661e-05	  6	  2.66087e-05
20	  0.18138	  0.57735	  0.00153421	  8.17912e-05	  12	  2.77006e-05
21	  0.25651	  0.816497	  0.000842148	  8.99766e-05	  12	  3.04728e-05
22	  0.347316	  0.904534	  0.000461525	  5.05295e-05	  12	  1.71131e-05
23	  0.444288	  0.942809	  0.000282116	  3.19645e-05	  12	  1.08256e-05
24	  0.54414	  0.96225	  0.000184652	  2.95442e-05	  12	  1.00059e-05
25	  0.645536	  0.973329	  0.000128147	  1.73928e-05	  12	  5.89052e-06
26	  0.747849	  0.980196	  9.29373e-05	  1.22003e-05	  12	  4.13195e-06
27	  0.850747	  0.984732	  6.98511e-05	  1.31838e-05	  12	  4.46502e-06
28	  0.954042	  0.987878	  5.39956e-05	  9.55413e-06	  12	  3.23575e-06
29	  0.20944	  0	  0.00120796	  3.49356e-05	  6	  1.60092e-05
30	  0.23416	  0.447214	  0.000956871	  5.74274e-05	  12	  1.94492e-05
31	  0.296192	  0.707107	  0.000623093	  6.78529e-05	  12	  2.29801e-05
32	  0.377572	  0.83205	  0.000392702	  4.6866e-05	  12	  1.58724e-05
33	  0.468321	  0.894427	  0.000253118	  3.83249e-05	  12	  1.29797e-05
34	  0.563933	  0.928477	  0.000171157	  1.35577e-05	  12	  4.59166e-06
35	  0.662306	  0.948683	  0.000121199	  1.45359e-05	  12	  4.92294e-06
36	  0.762371	  0.961524	  8.90872e-05	  1.36876e-05	  12	  4.63565e-06
37	  0.863541	  0.970143	  6.75513e-05	  4.58231e-06	  12	  1.55191e-06
38	  0.965468	  0.976187	  5.25652e-05	  6.64507e-06	  12	  2.25052e-06
39	  0.23416	  0	  0.000956871	  3.64117e-05	  12	  1.23318e-05
40	  0.25651	  0.408248	  0.000842148	  3.58039e-05	  24	  9.09864e-06
41	  0.314159	  0.666667	  0.00056581	  4.90083e-05	  24	  1.24542e-05
42	  0.391825	  0.801784	  0.000365623	  3.47681e-05	  24	  8.83542e-06
43	  0.479886	  0.872872	  0.000240238	  4.15753e-05	  24	  1.05653e-05
44	  0.573574	  0.912871	  0.000165194	  1.83596e-05	  24	  4.66563e-06
45	  0.670534	  0.937043	  0.000118025	  1.22382e-05	  24	  3.11001e-06
46	  0.76953	  0.952579	  8.72914e-05	  1.19392e-05	  24	  3.03404e-06
47	  0.869868	  0.963087	  6.64672e-05	  9.83155e-06	  24	  2.49843e-06
48	  0.971131	  0.970495	  5.18642e-05	  7.76564e-06	  24	  1.97344e-06
49	  0.296192	  0	  0.000623093	  2.06458e-05	  6	  9.46089e-06
50	  0.314159	  0.333333	  0.00056581	  2.69336e-05	  12	  9.12174e-06
51	  0.36276	  0.57735	  0.000422434	  2.29742e-05	  12	  7.78079e-06
52	  0.431771	  0.727607	  0.000298428	  2.93412e-05	  12	  9.93712e-06
53	  0.51302	  0.816497	  0.000209203	  2.56585e-05	  12	  8.6899e-06
54	  0.601569	  0.870388	  0.000149161	  1.89491e-05	  12	  6.41757e-06
55	  0.694632	  0.904534	  0.000109288	  1.9048e-05	  12	  6.45109e-06
56	  0.790617	  0.927173	  8.22162e-05	  9.79368e-06	  12	  3.31688e-06
57	  0.888577	  0.942809	  6.33722e-05	  8.18422e-06	  12	  2.77179e-06
58	  0.987924	  0.953998	  4.9893e-05	  4.07162e-06	  12	  1.37896e-06
59	  0.314159	  0	  0.00056581	  2.5937e-05	  6	  1.18856e-05
60	  0.331153	  0.316228	  0.000512389	  2.27287e-05	  12	  7.69766e-06
61	  0.377572	  0.5547	  0.000392702	  3.05377e-05	  12	  1.03424e-05
62	  0.444288	  0.707107	  0.000282116	  1.67826e-05	  12	  5.68383e-06
63	  0.523599	  0.8	  0.000200477	  2.49124e-05	  12	  8.43721e-06
64	  0.610616	  0.857493	  0.00014445	  9.56017e-06	  12	  3.23779e-06
65	  0.702481	  0.894427	  0.000106629	  1.13605e-05	  12	  3.84751e-06
66	  0.797522	  0.919145	  8.0644e-05	  1.03821e-05	  12	  3.51616e-06
67	  0.894726	  0.936329	  6.23818e-05	  5.07649e-06	  12	  1.71928e-06
68	  0.993459	  0.948683	  4.92701e-05	  6.75348e-06	  12	  2.28724e-06
69	  0.331153	  0	  0.000512389	  1.66675e-05	  12	  5.64488e-06
70	  0.347316	  0.301511	  0.000461525	  1.56861e-05	  24	  3.98621e-06
71	  0.391825	  0.534522	  0.000365623	  1.59068e-05	  24	  4.04231e-06
72	  0.456463	  0.688247	  0.00026716	  2.95156e-05	  24	  7.50064e-06
73	  0.533968	  0.784465	  0.000192286	  1.53977e-05	  24	  3.91293e-06
74	  0.61953	  0.845154	  0.000140033	  1.15649e-05	  24	  2.93891e-06
75	  0.710244	  0.884652	  0.000104113	  1.71227e-05	  24	  4.35129e-06
76	  0.804368	  0.911322	  7.91357e-05	  1.01065e-05	  24	  2.5683e-06
77	  0.900833	  0.929981	  6.14503e-05	  7.2417e-06	  24	  1.84029e-06
78	  0.998963	  0.943456	  4.86634e-05	  5.01176e-06	  24	  1.27361e-06
79	  0.377572	  0	  0.000392702	  1.4229e-05	  12	  4.819e-06
80	  0.391825	  0.267261	  0.000365623	  1.05073e-05	  24	  2.67016e-06
81	  0.431771	  0.485071	  0.000298428	  1.93823e-05	  24	  4.92552e-06
82	  0.491179	  0.639602	  0.000228743	  1.28842e-05	  24	  3.27417e-06
83	  0.563933	  0.742781	  0.000171157	  1.73711e-05	  24	  4.41442e-06
84	  0.645536	  0.811107	  0.000128147	  1.4289e-05	  24	  3.63119e-06
85	  0.733038	  0.857143	  9.71158e-05	  1.2296e-05	  24	  3.12471e-06
86	  0.824564	  0.889001	  7.48811e-05	  5.70519e-06	  24	  1.44983e-06
87	  0.918912	  0.911685	  5.87657e-05	  8.07861e-06	  24	  2.05297e-06
88	  0.418879	  0	  0.000317111	  3.37198e-06	  6	  1.5452e-06
89	  0.431771	  0.242536	  0.000298428	  7.83368e-06	  12	  2.65307e-06
90	  0.468321	  0.447214	  0.000253118	  1.44811e-05	  12	  4.90439e-06
91	  0.523599	  0.6	  0.000200477	  1.33979e-05	  12	  4.53753e-06
92	  0.592384	  0.707107	  0.000154211	  5.71594e-06	  12	  1.93585e-06
93	  0.670534	  0.780869	  0.000118025	  1.37936e-05	  12	  4.67153e-06
94	  0.755145	  0.83205	  9.10016e-05	  8.26755e-06	  12	  2.80001e-06
95	  0.844278	  0.868243	  7.10317e-05	  7.92358e-06	  12	  2.68352e-06
96	  0.936642	  0.894427	  5.6289e-05	  4.35518e-06	  12	  1.47499e-06
97	  0.431771	  0	  0.000298428	  7.80584e-06	  12	  2.64364e-06
98	  0.444288	  0.235702	  0.000282116	  4.80732e-06	  24	  1.22166e-06
99	  0.479886	  0.436436	  0.000240238	  1.66732e-05	  24	  4.23707e-06
100	  0.533968	  0.588348	  0.000192286	  9.09075e-06	  24	  2.31018e-06
101	  0.601569	  0.696311	  0.000149161	  8.09302e-06	  24	  2.05663e-06
102	  0.678662	  0.771517	  0.000114957	  7.41832e-06	  24	  1.88517e-06
103	  0.762371	  0.824163	  8.90872e-05	  1.15842e-05	  24	  2.94381e-06
104	  0.850747	  0.86164	  6.98511e-05	  9.41236e-06	  24	  2.39191e-06
105	  0.942478	  0.888889	  5.55114e-05	  7.7848e-06	  24	  1.97831e-06
106	  0.444288	  0	  0.000282116	  7.38791e-06	  6	  3.3855e-06
107	  0.456463	  0.229416	  0.00026716	  1.29349e-05	  12	  4.38072e-06
108	  0.491179	  0.426401	  0.000228743	  1.08762e-05	  12	  3.68349e-06
109	  0.54414	  0.57735	  0.000184652	  4.02011e-06	  12	  1.36151e-06
110	  0.610616	  0.685994	  0.00014445	  1.38273e-05	  12	  4.68298e-06
111	  0.686693	  0.762493	  0.00011206	  8.8264e-06	  12	  2.98928e-06
112	  0.76953	  0.816497	  8.72914e-05	  7.79624e-06	  12	  2.64039e-06
113	  0.857168	  0.855186	  6.86794e-05	  4.47539e-06	  12	  1.5157e-06
114	  0.948278	  0.883452	  5.47385e-05	  3.52766e-06	  12	  1.19473e-06
115	  0.468321	  0	  0.000253118	  9.1931e-06	  12	  3.11347e-06
116	  0.479886	  0.218218	  0.000240238	  1.26994e-05	  24	  3.22722e-06
117	  0.51302	  0.408248	  0.000209203	  1.2853e-05	  24	  3.26625e-06
118	  0.563933	  0.557086	  0.000171157	  1.18921e-05	  24	  3.02208e-06
119	  0.628319	  0.666667	  0.000135839	  9.131e-06	  24	  2.32041e-06
120	  0.702481	  0.745356	  0.000106629	  1.01965e-05	  24	  2.59119e-06
121	  0.783651	  0.801784	  8.38484e-05	  8.4956e-06	  24	  2.15894e-06
122	  0.869868	  0.842701	  6.64672e-05	  5.70961e-06	  24	  1.45095e-06
123	  0.959772	  0.872872	  5.32783e-05	  5.33085e-06	  24	  1.3547e-06
124	  0.523599	  0	  0.000200477	  6.4391e-06	  18	  1.83966e-06
125	  0.533968	  0.196116	  0.000192286	  6.2832e-06	  36	  1.36136e-06
126	  0.563933	  0.371391	  0.000171157	  5.89664e-06	  36	  1.27761e-06
127	  0.610616	  0.514496	  0.00014445	  6.93321e-06	  36	  1.5022e-06
128	  0.670534	  0.624695	  0.000118025	  7.32911e-06	  36	  1.58797e-06
129	  0.74048	  0.707107	  9.50147e-05	  7.7808e-06	  36	  1.68584e-06
130	  0.817887	  0.768221	  7.62607e-05	  6.64495e-06	  36	  1.43974e-06
131	  0.900833	  0.813733	  6.14503e-05	  6.10135e-06	  36	  1.32196e-06
132	  0.987924	  0.847998	  4.9893e-05	  5.14591e-06	  36	  1.11495e-06
133	  0.533968	  0	  0.000192286	  6.12782e-06	  12	  2.07534e-06
134	  0.54414	  0.19245	  0.000184652	  8.5388e-06	  24	  2.16991e-06
135	  0.573574	  0.365148	  0.000165194	  6.28662e-06	  24	  1.59758e-06
136	  0.61953	  0.507093	  0.000140033	  7.70323e-06	  24	  1.95758e-06
137	  0.678662	  0.617213	  0.000114957	  7.16824e-06	  24	  1.82162e-06
138	  0.747849	  0.70014	  9.29373e-05	  6.88414e-06	  24	  1.74943e-06
139	  0.824564	  0.762001	  7.48811e-05	  2.88992e-06	  24	  7.34398e-07
140	  0.9069	  0.80829	  6.0533e-05	  6.16897e-06	  24	  1.56768e-06
141	  0.993459	  0.843274	  4.92701e-05	  4.44751e-06	  24	  1.13022e-06
142	  0.563933	  0	  0.000171157	  2.60784e-06	  12	  8.83212e-07
143	  0.573574	  0.182574	  0.000165194	  5.05803e-06	  24	  1.28537e-06
144	  0.601569	  0.348155	  0.000149161	  6.39969e-06	  24	  1.62632e-06
145	  0.645536	  0.486664	  0.000128147	  7.12623e-06	  24	  1.81095e-06
146	  0.702481	  0.596285	  0.000106629	  7.33351e-06	  24	  1.86362e-06
147	  0.76953	  0.680414	  8.72914e-05	  4.23228e-06	  24	  1.07552e-06
148	  0.844278	  0.744208	  7.10317e-05	  7.14127e-06	  24	  1.81477e-06
149	  0.92486	  0.792594	  5.79216e-05	  5.39396e-06	  24	  1.37074e-06
150	  0.592384	  0	  0.000154211	  1.72472e-06	  6	  7.90348e-07
151	  0.601569	  0.174078	  0.000149161	  3.74552e-06	  12	  1.26852e-06
152	  0.628319	  0.333333	  0.000135839	  5.2482e-06	  12	  1.77743e-06
153	  0.670534	  0.468521	  0.000118025	  4.35414e-06	  12	  1.47464e-06
154	  0.72552	  0.57735	  9.93707e-05	  8.00534e-06	  12	  2.71121e-06
155	  0.790617	  0.662266	  8.22162e-05	  5.98682e-06	  12	  2.02759e-06
156	  0.863541	  0.727607	  6.75513e-05	  4.78338e-06	  12	  1.62001e-06
157	  0.942478	  0.777778	  5.55114e-05	  3.90317e-06	  12	  1.32191e-06
158	  0.610616	  0	  0.00014445	  4.20892e-06	  12	  1.42546e-06
159	  0.61953	  0.169031	  0.000140033	  4.39695e-06	  24	  1.11737e-06
160	  0.645536	  0.324443	  0.000128147	  5.41998e-06	  24	  1.37735e-06
161	  0.686693	  0.457496	  0.00011206	  5.63292e-06	  24	  1.43146e-06
162	  0.74048	  0.565685	  9.50147e-05	  5.19291e-06	  24	  1.31964e-06
163	  0.804368	  0.650945	  7.91357e-05	  6.53728e-06	  24	  1.66128e-06
164	  0.876148	  0.717137	  6.5391e-05	  5.86252e-06	  24	  1.48981e-06
165	  0.954042	  0.76835	  5.39956e-05	  4.6569e-06	  24	  1.18343e-06
166	  0.628319	  0	  0.000135839	  1.20757e-05	  6	  5.53368e-06
167	  0.636985	  0.164399	  0.000131856	  6.5621e-06	  12	  2.22242e-06
168	  0.662306	  0.316228	  0.000121199	  4.01387e-06	  12	  1.3594e-06
169	  0.702481	  0.447214	  0.000106629	  2.33112e-06	  12	  7.89492e-07
170	  0.755145	  0.5547	  9.10016e-05	  3.27028e-06	  12	  1.10756e-06
171	  0.817887	  0.640184	  7.62607e-05	  3.82205e-06	  12	  1.29443e-06
172	  0.888577	  0.707107	  6.33722e-05	  4.01606e-06	  12	  1.36014e-06
173	  0.965468	  0.759257	  5.25652e-05	  4.99178e-06	  12	  1.69059e-06
174	  0.636985	  0	  0.000131856	  6.50377e-06	  12	  2.20266e-06
175	  0.645536	  0.162221	  0.000128147	  3.39939e-06	  24	  8.63866e-07
176	  0.670534	  0.312348	  0.000118025	  3.62446e-06	  24	  9.21064e-07
177	  0.710244	  0.442326	  0.000104113	  4.92914e-06	  24	  1.25261e-06
178	  0.762371	  0.549442	  8.90872e-05	  6.46047e-06	  24	  1.64176e-06
179	  0.824564	  0.635001	  7.48811e-05	  3.18181e-06	  24	  8.08575e-07
180	  0.894726	  0.702247	  6.23818e-05	  3.23946e-06	  24	  8.23224e-07
181	  0.971131	  0.754829	  5.18642e-05	  4.21783e-06	  24	  1.07185e-06
182	  0.662306	  0	  0.000121199	  3.62018e-06	  12	  1.22606e-06
183	  0.670534	  0.156174	  0.000118025	  3.4306e-06	  24	  8.71798e-07
184	  0.694632	  0.301511	  0.000109288	  3.5386e-06	  24	  8.99243e-07
185	  0.733038	  0.428571	  9.71158e-05	  5.29585e-06	  24	  1.3458e-06
186	  0.783651	  0.534522	  8.38484e-05	  4.0055e-06	  24	  1.01789e-06
187	  0.844278	  0.620174	  7.10317e-05	  4.11439e-06	  24	  1.04557e-06
188	  0.912926	  0.688247	  5.96217e-05	  3.11827e-06	  24	  7.92428e-07
189	  0.987924	  0.741999	  4.9893e-05	  3.48153e-06	  24	  8.8474e-07
190	  0.670534	  0	  0.000118025	  4.0308e-06	  12	  1.36513e-06
191	  0.678662	  0.154303	  0.000114957	  3.03388e-06	  24	  7.70983e-07
192	  0.702481	  0.298142	  0.000106629	  4.71672e-06	  24	  1.19863e-06
193	  0.74048	  0.424264	  9.50147e-05	  3.88978e-06	  24	  9.88488e-07
194	  0.790617	  0.529813	  8.22162e-05	  4.04011e-06	  24	  1.02669e-06
195	  0.850747	  0.615457	  6.98511e-05	  2.96345e-06	  24	  7.53084e-07
196	  0.918912	  0.683763	  5.87657e-05	  4.62402e-06	  24	  1.17507e-06
197	  0.993459	  0.737865	  4.92701e-05	  3.80419e-06	  24	  9.66737e-07
198	  0.702481	  0	  0.000106629	  1.95676e-06	  12	  6.62705e-07
199	  0.710244	  0.147442	  0.000104113	  3.83999e-06	  24	  9.75833e-07
200	  0.733038	  0.285714	  9.71158e-05	  4.9033e-06	  24	  1.24605e-06
201	  0.76953	  0.408248	  8.72914e-05	  4.17988e-06	  24	  1.06221e-06
202	  0.817887	  0.512148	  7.62607e-05	  5.62976e-06	  24	  1.43066e-06
203	  0.876148	  0.597614	  6.5391e-05	  4.64636e-06	  24	  1.18075e-06
204	  0.942478	  0.666667	  5.55114e-05	  3.91152e-06	  24	  9.94011e-07
205	  0.733038	  0	  9.71158e-05	  3.03893e-06	  6	  1.39259e-06
206	  0.74048	  0.141421	  9.50147e-05	  2.96911e-06	  12	  1.00556e-06
207	  0.762371	  0.274721	  8.90872e-05	  2.86319e-06	  12	  9.69691e-07
208	  0.797522	  0.393919	  8.0644e-05	  3.60987e-06	  12	  1.22257e-06
209	  0.844278	  0.496139	  7.10317e-05	  4.36615e-06	  12	  1.47871e-06
210	  0.900833	  0.581238	  6.14503e-05	  4.38839e-06	  12	  1.48624e-06
211	  0.965468	  0.650791	  5.25652e-05	  3.73811e-06	  12	  1.266e-06
212	  0.74048	  0	  9.50147e-05	  3.03636e-06	  18	  8.67496e-07
213	  0.747849	  0.140028	  9.29373e-05	  4.38804e-06	  36	  9.50743e-07
214	  0.76953	  0.272166	  8.72914e-05	  3.35266e-06	  36	  7.2641e-07
215	  0.804368	  0.390567	  7.91357e-05	  4.76789e-06	  36	  1.03304e-06
216	  0.850747	  0.492366	  6.98511e-05	  2.81377e-06	  36	  6.0965e-07
217	  0.9069	  0.57735	  6.0533e-05	  2.81445e-06	  36	  6.09798e-07
218	  0.971131	  0.646997	  5.18642e-05	  4.72879e-06	  36	  1.02457e-06
219	  0.755145	  0	  9.10016e-05	  1.95716e-06	  12	  6.62841e-07
220	  0.762371	  0.137361	  8.90872e-05	  4.0513e-06	  24	  1.02953e-06
221	  0.783651	  0.267261	  8.38484e-05	  3.5604e-06	  24	  9.04782e-07
222	  0.817887	  0.384111	  7.62607e-05	  3.70269e-06	  24	  9.40942e-07
223	  0.863541	  0.485071	  6.75513e-05	  2.16593e-06	  24	  5.50415e-07
224	  0.918912	  0.569803	  5.87657e-05	  3.31163e-06	  24	  8.41566e-07
225	  0.982358	  0.639602	  5.05463e-05	  2.53942e-06	  24	  6.45329e-07
226	  0.762371	  0	  8.90872e-05	  1.76084e-06	  12	  5.96353e-07
227	  0.76953	  0.136083	  8.72914e-05	  4.09382e-06	  24	  1.04034e-06
228	  0.790617	  0.264906	  8.22162e-05	  2.81837e-06	  24	  7.16216e-07
229	  0.824564	  0.381	  7.48811e-05	  2.68944e-06	  24	  6.83452e-07
230	  0.869868	  0.481543	  6.64672e-05	  1.98338e-06	  24	  5.04026e-07
231	  0.92486	  0.566139	  5.79216e-05	  3.72504e-06	  24	  9.46622e-07
232	  0.987924	  0.635999	  4.9893e-05	  2.91388e-06	  24	  7.40488e-07
233	  0.797522	  0	  8.0644e-05	  3.12532e-06	  12	  1.05847e-06
234	  0.804368	  0.130189	  7.91357e-05	  3.82522e-06	  24	  9.72082e-07
235	  0.824564	  0.254	  7.48811e-05	  2.39529e-06	  24	  6.08701e-07
236	  0.857168	  0.366508	  6.86794e-05	  2.94713e-06	  24	  7.48938e-07
237	  0.900833	  0.464991	  6.14503e-05	  2.8019e-06	  24	  7.12031e-07
238	  0.954042	  0.548821	  5.39956e-05	  3.22864e-06	  24	  8.20476e-07
239	  0.817887	  0	  7.62607e-05	  2.31842e-06	  12	  7.85193e-07
240	  0.824564	  0.127	  7.48811e-05	  2.32204e-06	  24	  5.90088e-07
241	  0.844278	  0.248069	  7.10317e-05	  2.5623e-06	  24	  6.51142e-07
242	  0.876148	  0.358569	  6.5391e-05	  3.37009e-06	  24	  8.5642e-07
243	  0.918912	  0.455842	  5.87657e-05	  2.95645e-06	  24	  7.51306e-07
244	  0.971131	  0.539164	  5.18642e-05	  3.65231e-06	  24	  9.28141e-07
245	  0.837758	  0	  7.2289e-05	  2.95793e-06	  6	  1.35547e-06
246	  0.844278	  0.124035	  7.10317e-05	  3.83592e-06	  12	  1.29913e-06
247	  0.863541	  0.242536	  6.75513e-05	  1.33113e-06	  12	  4.50821e-07
248	  0.894726	  0.351123	  6.23818e-05	  2.36688e-06	  12	  8.01603e-07
249	  0.936642	  0.447214	  5.6289e-05	  2.25133e-06	  12	  7.62469e-07
250	  0.987924	  0.529999	  4.9893e-05	  3.92774e-06	  12	  1.33023e-06
251	  0.844278	  0	  7.10317e-05	  3.27491e-06	  24	  8.32234e-07
252	  0.850747	  0.123091	  6.98511e-05	  2.75839e-06	  48	  5.36058e-07
253	  0.869868	  0.240772	  6.64672e-05	  2.32282e-06	  48	  4.51411e-07
254	  0.900833	  0.348743	  6.14503e-05	  2.76649e-06	  48	  5.37633e-07
255	  0.942478	  0.444444	  5.55114e-05	  2.60959e-06	  48	  5.07142e-07
256	  0.993459	  0.527046	  4.92701e-05	  2.88879e-06	  48	  5.614e-07
257	  0.863541	  0	  6.75513e-05	  1.47821e-06	  12	  5.00634e-07
258	  0.869868	  0.120386	  6.64672e-05	  2.30466e-06	  24	  5.8567e-07
259	  0.888577	  0.235702	  6.33722e-05	  2.29238e-06	  24	  5.8255e-07
260	  0.918912	  0.341882	  5.87657e-05	  2.66757e-06	  24	  6.77894e-07
261	  0.959772	  0.436436	  5.32783e-05	  2.44061e-06	  24	  6.20218e-07
262	  0.888577	  0	  6.33722e-05	  2.26737e-06	  6	  1.03902e-06
263	  0.894726	  0.117041	  6.23818e-05	  1.61519e-06	  12	  5.47023e-07
264	  0.912926	  0.229416	  5.96217e-05	  2.36164e-06	  12	  7.9983e-07
265	  0.942478	  0.333333	  5.55114e-05	  2.50728e-06	  12	  8.49153e-07
266	  0.982358	  0.426401	  5.05463e-05	  2.46494e-06	  12	  8.34814e-07
267	  0.894726	  0	  6.23818e-05	  1.77892e-06	  12	  6.02477e-07
268	  0.900833	  0.116248	  6.14503e-05	  2.16446e-06	  24	  5.50041e-07
269	  0.918912	  0.227921	  5.87657e-05	  2.59572e-06	  24	  6.59635e-07
270	  0.948278	  0.331295	  5.47385e-05	  2.4776e-06	  24	  6.29618e-07
271	  0.987924	  0.423999	  4.9893e-05	  2.16063e-06	  24	  5.49067e-07
272	  0.900833	  0	  6.14503e-05	  2.72053e-06	  12	  9.21377e-07
273	  0.9069	  0.11547	  6.0533e-05	  2.1172e-06	  24	  5.3803e-07
274	  0.92486	  0.226455	  5.79216e-05	  1.66575e-06	  24	  4.23308e-07
275	  0.954042	  0.329293	  5.39956e-05	  2.53182e-06	  24	  6.43397e-07
276	  0.993459	  0.421637	  4.92701e-05	  2.24185e-06	  24	  5.69709e-07
277	  0.936642	  0	  5.6289e-05	  1.54814e-06	  12	  5.24316e-07
278	  0.942478	  0.111111	  5.55114e-05	  2.13993e-06	  24	  5.43808e-07
279	  0.959772	  0.218218	  5.32783e-05	  1.80563e-06	  24	  4.58854e-07
280	  0.987924	  0.317999	  4.9893e-05	  1.80804e-06	  24	  4.59467e-07
281	  0.942478	  0	  5.55114e-05	  3.93521e-06	  6	  1.8033e-06
282	  0.948278	  0.110432	  5.47385e-05	  2.7276e-06	  12	  9.2377e-07
283	  0.965468	  0.21693	  5.25652e-05	  2.27352e-06	  12	  7.69986e-07
284	  0.993459	  0.316228	  4.92701e-05	  2.55313e-06	  12	  8.64683e-07
285	  0.948278	  0	  5.47385e-05	  2.50317e-06	  12	  8.4776e-07
286	  0.954042	  0.109764	  5.39956e-05	  1.87706e-06	  24	  4.77006e-07
287	  0.971131	  0.215666	  5.18642e-05	  1.45212e-06	  24	  3.69018e-07
288	  0.998963	  0.314485	  4.86634e-05	  1.91849e-06	  24	  4.87535e-07
289	  0.965468	  0	  5.25652e-05	  1.64648e-06	  24	  4.1841e-07
290	  0.971131	  0.107833	  5.18642e-05	  2.01572e-06	  48	  3.91731e-07
291	  0.987924	  0.212	  4.9893e-05	  2.12006e-06	  48	  4.12007e-07
292	  0.987924	  0	  4.9893e-05	  1.96883e-06	  12	  6.66795e-07
293	  0.993459	  0.105409	  4.92701e-05	  2.02005e-06	  24	  5.13343e-07
294	  0.993459	  0	  4.92701e-05	  1.66658e-06	  12	  5.6443e-07
295	  0.998963	  0.104828	  4.86634e-05	  1.60688e-06	  24	  4.08348e-07
296	  1.08818	  0.030936	  4.0048e-05	  1.5368e-06	  138	  2.07662e-07
297	  1.08818	  0.0938307	  4.0048e-05	  1.41666e-06	  252	  1.60074e-07
298	  1.08818	  0.156319	  4.0048e-05	  1.27836e-06	  72	  2.14575e-07
299	  1.08818	  0.218712	  4.0048e-05	  1.44757e-06	  216	  1.70873e-07
300	  1.08818	  0.281224	  4.0048e-05	  1.69888e-06	  288	  1.85051e-07
301	  1.08818	  0.343807	  4.0048e-05	  1.62269e-06	  120	  2.29265e-07
302	  1.08818	  0.406302	  4.0048e-05	  2.22282e-06	  180	  2.7682e-07
303	  1.08818	  0.468745	  4.0048e-05	  2.15692e-06	  180	  2.68614e-07
304	  1.08818	  0.531226	  4.0048e-05	  2.39112e-06	  192	  2.9212e-07
305	  1.08818	  0.593785	  4.0048e-05	  3.10228e-06	  192	  3.79002e-07
306	  1.08818	  0.656281	  4.0048e-05	  2.5745e-06	  168	  3.27352e-07
307	  1.08818	  0.718743	  4.0048e-05	  3.26033e-06	  228	  3.78937e-07
308	  1.08818	  0.781255	  4.0048e-05	  4.32993e-06	  144	  5.77324e-07
309	  1.08818	  0.843774	  4.0048e-05	  3.77592e-06	  240	  4.3253e-07
310	  1.08818	  0.90628	  4.0048e-05	  5.05503e-06	  168	  6.42756e-07
311	  1.08818	  0.968758	  4.0048e-05	  5.02521e-06	  150	  6.61567e-07
312	  1.25577	  0.030936	  2.88042e-05	  1.18537e-06	  198	  1.43509e-07
313	  1.25577	  0.0938307	  2.88042e-05	  1.22198e-06	  396	  1.22506e-07
314	  1.25577	  0.156319	  2.88042e-05	  1.1634e-06	  396	  1.16633e-07
315	  1.25577	  0.218712	  2.88042e-05	  1.09958e-06	  204	  1.31965e-07
316	  1.25577	  0.281224	  2.88042e-05	  1.31274e-06	  216	  1.54958e-07
317	  1.25577	  0.343807	  2.88042e-05	  1.29739e-06	  372	  1.32136e-07
318	  1.25577	  0.406302	  2.88042e-05	  1.45236e-06	  312	  1.54841e-07
319	  1.25577	  0.468745	  2.88042e-05	  1.46126e-06	  288	  1.59169e-07
320	  1.25577	  0.531226	  2.88042e-05	  1.91203e-06	  264	  2.13278e-07
321	  1.25577	  0.593785	  2.88042e-05	  1.77507e-06	  312	  1.89247e-07
322	  1.25577	  0.656281	  2.88042e-05	  1.96658e-06	  276	  2.16703e-07
323	  1.25577	  0.718743	  2.88042e-05	  2.2025e-06	  312	  2.34817e-07
324	  1.25577	  0.781255	  2.88042e-05	  2.52684e-06	  276	  2.7844e-07
325	  1.25577	  0.843774	  2.88042e-05	  2.68181e-06	  240	  3.07201e-07
326	  1.25577	  0.90628	  2.88042e-05	  3.06358e-06	  324	  3.23378e-07
327	  1.25577	  0.968758	  2.88042e-05	  3.46019e-06	  315	  3.67969e-07
328	  1.45182	  0.030936	  2.05474e-05	  8.19913e-07	  246	  9.32713e-08
329	  1.45182	  0.0938307	  2.05474e-05	  7.54778e-07	  516	  7.09661e-08
330	  1.45182	  0.156319	  2.05474e-05	  8.30819e-07	  504	  7.85485e-08
331	  1.45182	  0.218712	  2.05474e-05	  8.01e-07	  528	  7.49091e-08
332	  1.45182	  0.281224	  2.05474e-05	  8.42994e-07	  504	  7.96996e-08
333	  1.45182	  0.343807	  2.05474e-05	  9.86594e-07	  384	  9.96766e-08
334	  1.45182	  0.406302	  2.05474e-05	  1.15318e-06	  420	  1.13928e-07
335	  1.45182	  0.468745	  2.05474e-05	  1.01691e-06	  468	  9.78521e-08
336	  1.45182	  0.531226	  2.05474e-05	  1.14266e-06	  480	  1.09288e-07
337	  1.45182	  0.593785	  2.05474e-05	  1.19739e-06	  468	  1.15219e-07
338	  1.45182	  0.656281	  2.05474e-05	  1.30921e-06	  396	  1.3125e-07
339	  1.45182	  0.718743	  2.05474e-05	  1.44076e-06	  456	  1.39507e-07
340	  1.45182	  0.781255	  2.05474e-05	  1.78228e-06	  432	  1.74864e-07
341	  1.45182	  0.843774	  2.05474e-05	  1.83979e-06	  480	  1.75964e-07
342	  1.45182	  0.90628	  2.05474e-05	  2.19799e-06	  480	  2.10223e-07
343	  1.45182	  0.968758	  2.05474e-05	  2.35945e-06	  414	  2.33933e-07
344	  1.68148	  0.030936	  1.45436e-05	  5.65379e-07	  798	  4.82832e-08
345	  1.68148	  0.0938307	  1.45436e-05	  6.37847e-07	  708	  5.58641e-08
346	  1.68148	  0.156319	  1.45436e-05	  5.77337e-07	  684	  5.09418e-08
347	  1.68148	  0.218712	  1.45436e-05	  6.35275e-07	  720	  5.5439e-08
348	  1.68148	  0.281224	  1.45436e-05	  6.40796e-07	  708	  5.61224e-08
349	  1.68148	  0.343807	  1.45436e-05	  6.77022e-07	  720	  5.90822e-08
350	  1.68148	  0.406302	  1.45436e-05	  7.33133e-07	  672	  6.49378e-08
351	  1.68148	  0.468745	  1.45436e-05	  8.26892e-07	  732	  7.19074e-08
352	  1.68148	  0.531226	  1.45436e-05	  8.44789e-07	  672	  7.48279e-08
353	  1.68148	  0.593785	  1.45436e-05	  8.72044e-07	  708	  7.63756e-08
354	  1.68148	  0.656281	  1.45436e-05	  9.09049e-07	  744	  7.87798e-08
355	  1.68148	  0.718743	  1.45436e-05	  1.14199e-06	  744	  9.89666e-08
356	  1.68148	  0.781255	  1.45436e-05	  1.21621e-06	  696	  1.0691e-07
357	  1.68148	  0.843774	  1.45436e-05	  1.29225e-06	  708	  1.13178e-07
358	  1.68148	  0.90628	  1.45436e-05	  1.43001e-06	  696	  1.25705e-07
359	  1.68148	  0.968758	  1.45436e-05	  1.54895e-06	  741	  1.3435e-07
360	  1.94819	  0.030936	  1.02432e-05	  4.15702e-07	  1368	  3.20244e-08
361	  1.94819	  0.0938307	  1.02432e-05	  4.11238e-07	  924	  3.40906e-08
362	  1.94819	  0.156319	  1.02432e-05	  4.41276e-07	  972	  3.62177e-08
363	  1.94819	  0.218712	  1.02432e-05	  4.67378e-07	  972	  3.83601e-08
364	  1.94819	  0.281224	  1.02432e-05	  4.25599e-07	  1200	  3.35659e-08
365	  1.94819	  0.343807	  1.02432e-05	  4.59599e-07	  1140	  3.65921e-08
366	  1.94819	  0.406302	  1.02432e-05	  4.98488e-07	  1080	  4.00929e-08
367	  1.94819	  0.468745	  1.02432e-05	  5.57213e-07	  1068	  4.49111e-08
368	  1.94819	  0.531226	  1.02432e-05	  5.30874e-07	  1164	  4.21039e-08
369	  1.94819	  0.593785	  1.02432e-05	  6.38131e-07	  1188	  5.04206e-08
370	  1.94819	  0.656281	  1.02432e-05	  6.48182e-07	  1068	  5.22431e-08
371	  1.94819	  0.718743	  1.02432e-05	  6.83257e-07	  1008	  5.56834e-08
372	  1.94819	  0.781255	  1.02432e-05	  7.76687e-07	  1164	  6.15994e-08
373	  1.94819	  0.843774	  1.02432e-05	  8.19905e-07	  1176	  6.49042e-08
374	  1.94819	  0.90628	  1.02432e-05	  8.86676e-07	  1080	  7.13145e-08
375	  1.94819	  0.968758	  1.02432e-05	  9.46437e-07	  1038	  7.66979e-08
376	  2.25604	  0.030936	  7.19976e-06	  3.04635e-07	  1896	  2.22279e-08
377	  2.25604	  0.0938307	  7.19976e-06	  3.08809e-07	  1272	  2.40991e-08
378	  2.25604	  0.156319	  7.19976e-06	  3.03081e-07	  2040	  2.18644e-08
379	  2.25604	  0.218712	  7.19976e-06	  3.20105e-07	  1740	  2.36791e-08
380	  2.25604	  0.281224	  7.19976e-06	  3.2252e-07	  1584	  2.42296e-08
381	  2.25604	  0.343807	  7.19976e-06	  3.32054e-07	  1764	  2.45087e-08
382	  2.25604	  0.406302	  7.19976e-06	  3.4604e-07	  1632	  2.58678e-08
383	  2.25604	  0.468745	  7.19976e-06	  3.72641e-07	  1860	  2.72725e-08
384	  2.25604	  0.531226	  7.19976e-06	  3.9748e-07	  1560	  2.99376e-08
385	  2.25604	  0.593785	  7.19976e-06	  4.12828e-07	  1692	  3.06776e-08
386	  2.25604	  0.656281	  7.19976e-06	  4.56233e-07	  1704	  3.38639e-08
387	  2.25604	  0.718743	  7.19976e-06	  4.75286e-07	  1824	  3.48929e-08
388	  2.25604	  0.781255	  7.19976e-06	  5.0734e-07	  1668	  3.77893e-08
389	  2.25604	  0.843774	  7.19976e-06	  5.41323e-07	  1680	  4.02731e-08
390	  2.25604	  0.90628	  7.19976e-06	  5.82883e-07	  1776	  4.29754e-08
391	  2.25604	  0.968758	  7.19976e-06	  6.03789e-07	  1656	  4.50267e-08
392	  2.61216	  0.030936	  5.04692e-06	  2.2903e-07	  2586	  1.59553e-08
393	  2.61216	  0.0938307	  5.04692e-06	  2.20425e-07	  3036	  1.50217e-08
394	  2.61216	  0.156319	  5.04692e-06	  2.32957e-07	  2124	  1.67026e-08
395	  2.61216	  0.218712	  5.04692e-06	  2.23694e-07	  2940	  1.53102e-08
396	  2.61216	  0.281224	  5.04692e-06	  2.32951e-07	  2616	  1.62021e-08
397	  2.61216	  0.343807	  5.04692e-06	  2.44365e-07	  2448	  1.71572e-08
398	  2.61216	  0.406302	  5.04692e-06	  2.52793e-07	  2916	  1.7321e-08
399	  2.61216	  0.468745	  5.04692e-06	  2.59427e-07	  2544	  1.81148e-08
400	  2.61216	  0.531226	  5.04692e-06	  2.72474e-07	  2652	  1.89147e-08
401	  2.61216	  0.593785	  5.04692e-06	  2.82998e-07	  2748	  1.95484e-08
402	  2.61216	  0.656281	  5.04692e-06	  3.08839e-07	  2676	  2.14122e-08
403	  2.61216	  0.718743	  5.04692e-06	  3.03007e-07	  2472	  2.12447e-08
404	  2.61216	  0.781255	  5.04692e-06	  3.27012e-07	  2616	  2.27442e-08
405	  2.61216	  0.843774	  5.04692e-06	  3.35845e-07	  2736	  2.3213e-08
406	  2.61216	  0.90628	  5.04692e-06	  3.5185e-07	  2568	  2.45357e-08
407	  2.61216	  0.968758	  5.04692e-06	  3.5739e-07	  2745	  2.46909e-08
408	  3.02645	  0.030936	  3.52029e-06	  1.67163e-07	  3414	  1.12191e-08
409	  3.02645	  0.0938307	  3.52029e-06	  1.62795e-07	  4512	  1.05634e-08
410	  3.02645	  0.156319	  3.52029e-06	  1.60007e-07	  4632	  1.03514e-08
411	  3.02645	  0.218712	  3.52029e-06	  1.57217e-07	  3972	  1.03554e-08
412	  3.02645	  0.281224	  3.52029e-06	  1.63982e-07	  4176	  1.07367e-08
413	  3.02645	  0.343807	  3.52029e-06	  1.71522e-07	  4344	  1.11785e-08
414	  3.02645	  0.406302	  3.52029e-06	  1.7743e-07	  4044	  1.16616e-08
415	  3.02645	  0.468745	  3.52029e-06	  1.81272e-07	  4092	  1.18974e-08
416	  3.02645	  0.531226	  3.52029e-06	  1.951e-07	  4296	  1.27316e-08
417	  3.02645	  0.593785	  3.52029e-06	  1.96232e-07	  3996	  1.29159e-08
418	  3.02645	  0.656281	  3.52029e-06	  2.0092e-07	  4188	  1.31507e-08
419	  3.02645	  0.718743	  3.52029e-06	  2.15466e-07	  4212	  1.40932e-08
420	  3.02645	  0.781255	  3.52029e-06	  2.08753e-07	  4140	  1.3682e-08
421	  3.02645	  0.843774	  3.52029e-06	  2.11907e-07	  4128	  1.38935e-08
422	  3.02645	  0.90628	  3.52029e-06	  2.17146e-07	  4188	  1.42127e-08
423	  3.02645	  0.968758	  3.52029e-06	  2.1289e-07	  4128	  1.3958e-08
424	  3.50419	  0.030936	  2.45325e-06	  1.17166e-07	  7002	  7.25849e-09
425	  3.50419	  0.0938307	  2.45325e-06	  1.17872e-07	  6240	  7.38579e-09
426	  3.50419	  0.156319	  2.45325e-06	  1.12165e-07	  5964	  7.06068e-09
427	  3.50419	  0.218712	  2.45325e-06	  1.16281e-07	  6180	  7.29318e-09
428	  3.50419	  0.281224	  2.45325e-06	  1.17261e-07	  6420	  7.3265e-09
429	  3.50419	  0.343807	  2.45325e-06	  1.19845e-07	  6516	  7.47693e-09
430	  3.50419	  0.406302	  2.45325e-06	  1.22994e-07	  6312	  7.69779e-09
431	  3.50419	  0.468745	  2.45325e-06	  1.30141e-07	  6276	  8.1498e-09
432	  3.50419	  0.531226	  2.45325e-06	  1.28086e-07	  6360	  8.01043e-09
433	  3.50419	  0.593785	  2.45325e-06	  1.29599e-07	  6408	  8.09893e-09
434	  3.50419	  0.656281	  2.45325e-06	  1.38251e-07	  6360	  8.64611e-09
435	  3.50419	  0.718743	  2.45325e-06	  1.34369e-07	  6336	  8.40652e-09
436	  3.50419	  0.781255	  2.45325e-06	  1.30158e-07	  6372	  8.13846e-09
437	  3.50419	  0.843774	  2.45325e-06	  1.36396e-07	  6456	  8.51736e-09
438	  3.50419	  0.90628	  2.45325e-06	  1.2971e-07	  6360	  8.11197e-09
439	  3.50419	  0.968758	  2.45325e-06	  1.22987e-07	  6327	  7.69553e-09
440	  4.05763	  0.030936	  1.70477e-06	  8.4051e-08	  10392	  5.02706e-09
441	  4.05763	  0.0938307	  1.70477e-06	  8.08371e-08	  9420	  4.87474e-09
442	  4.05763	  0.156319	  1.70477e-06	  8.28603e-08	  10176	  4.96442e-09
443	  4.05763	  0.218712	  1.70477e-06	  8.24433e-08	  10260	  4.93609e-09
444	  4.05763	  0.281224	  1.70477e-06	  7.94212e-08	  9528	  4.78471e-09
445	  4.05763	  0.343807	  1.70477e-06	  8.13156e-08	  10140	  4.8733e-09
446	  4.05763	  0.406302	  1.70477e-06	  8.51131e-08	  9960	  5.1085e-09
447	  4.05763	  0.468745	  1.70477e-06	  8.43629e-08	  10068	  5.05892e-09
448	  4.05763	  0.531226	  1.70477e-06	  8.69802e-08	  9996	  5.21899e-09
449	  4.05763	  0.593785	  1.70477e-06	  8.37295e-08	  9828	  5.03106e-09
450	  4.05763	  0.656281	  1.70477e-06	  8.31952e-08	  10032	  4.99038e-09
451	  4.05763	  0.718743	  1.70477e-06	  8.2285e-08	  9924	  4.94024e-09
452	  4.05763	  0.781255	  1.70477e-06	  7.90195e-08	  10116	  4.73663e-09
453	  4.05763	  0.843774	  1.70477e-06	  7.76782e-08	  9888	  4.66508e-09
454	  4.05763	  0.90628	  1.70477e-06	  7.47902e-08	  10008	  4.48711e-09
455	  4.05763	  0.968758	  1.70477e-06	  6.81883e-08	  9978	  4.09205e-09
456	  4.69917	  0.030936	  1.18077e-06	  5.93983e-08	  13626	  3.47876e-09
457	  4.69917	  0.0938307	  1.18077e-06	  5.89743e-08	  16392	  3.40934e-09
458	  4.69917	  0.156319	  1.18077e-06	  5.77129e-08	  15708	  3.34613e-09
459	  4.69917	  0.218712	  1.18077e-06	  5.65042e-08	  15432	  3.28006e-09
460	  4.69917	  0.281224	  1.18077e-06	  5.54e-08	  15780	  3.21102e-09
461	  4.69917	  0.343807	  1.18077e-06	  5.59608e-08	  15300	  3.25046e-09
462	  4.69917	  0.406302	  1.18077e-06	  5.47638e-08	  15588	  3.17682e-09
463	  4.69917	  0.468745	  1.18077e-06	  5.54025e-08	  15396	  3.21663e-09
464	  4.69917	  0.531226	  1.18077e-06	  5.48523e-08	  15504	  3.18315e-09
465	  4.69917	  0.593785	  1.18077e-06	  5.28015e-08	  15660	  3.06201e-09
466	  4.69917	  0.656281	  1.18077e-06	  5.07124e-08	  15192	  2.94706e-09
467	  4.69917	  0.718743	  1.18077e-06	  4.9462e-08	  15600	  2.86911e-09
468	  4.69917	  0.781255	  1.18077e-06	  4.71929e-08	  15216	  2.74223e-09
469	  4.69917	  0.843774	  1.18077e-06	  4.42392e-08	  15516	  2.56711e-09
470	  4.69917	  0.90628	  1.18077e-06	  4.06226e-08	  15540	  2.357e-09
471	  4.69917	  0.968758	  1.18077e-06	  3.74448e-08	  15405	  2.17393e-09
472	  5.4432	  0.030936	  8.15755e-07	  4.18651e-08	  26250	  2.35165e-09
473	  5.4432	  0.0938307	  8.15755e-07	  4.09119e-08	  22392	  2.319e-09
474	  5.4432	  0.156319	  8.15755e-07	  3.99151e-08	  24516	  2.25068e-09
475	  5.4432	  0.218712	  8.15755e-07	  3.85082e-08	  23592	  2.17612e-09
476	  5.4432	  0.281224	  8.15755e-07	  3.80385e-08	  24264	  2.14612e-09
477	  5.4432	  0.343807	  8.15755e-07	  3.72774e-08	  23928	  2.10485e-09
478	  5.4432	  0.406302	  8.15755e-07	  3.57935e-08	  24120	  2.02014e-09
479	  5.4432	  0.468745	  8.15755e-07	  3.43524e-08	  23964	  1.93953e-09
480	  5.4432	  0.531226	  8.15755e-07	  3.34733e-08	  24060	  1.88946e-09
481	  5.4432	  0.593785	  8.15755e-07	  3.19452e-08	  24108	  1.80301e-09
482	  5.4432	  0.656281	  8.15755e-07	  2.99537e-08	  24228	  1.69012e-09
483	  5.4432	  0.718743	  8.15755e-07	  2.83566e-08	  24144	  1.60032e-09
484	  5.4432	  0.781255	  8.15755e-07	  2.58558e-08	  23940	  1.4599e-09
485	  5.4432	  0.843774	  8.15755e-07	  2.3224e-08	  24192	  1.31052e-09
486	  5.4432	  0.90628	  8.15755e-07	  2.14668e-08	  23988	  1.21194e-09
487	  5.4432	  0.968758	  8.15755e-07	  1.89256e-08	  24141	  1.06808e-09
488	  6.30378	  0.030936	  5.62645e-07	  2.91757e-08	  35082	  1.61455e-09
489	  6.30378	  0.0938307	  5.62645e-07	  2.79342e-08	  39108	  1.53796e-09
490	  6.30378	  0.156319	  5.62645e-07	  2.70355e-08	  36924	  1.49247e-09
491	  6.30378	  0.218712	  5.62645e-07	  2.6094e-08	  37692	  1.4391e-09
492	  6.30378	  0.281224	  5.62645e-07	  2.45141e-08	  37092	  1.35299e-09
493	  6.30378	  0.343807	  5.62645e-07	  2.40255e-08	  37536	  1.32528e-09
494	  6.30378	  0.406302	  5.62645e-07	  2.2526e-08	  36984	  1.24343e-09
495	  6.30378	  0.468745	  5.62645e-07	  2.12541e-08	  37428	  1.17257e-09
496	  6.30378	  0.531226	  5.62645e-07	  1.96557e-08	  37392	  1.08443e-09
497	  6.30378	  0.593785	  5.62645e-07	  1.8192e-08	  37200	  1.00392e-09
498	  6.30378	  0.656281	  5.62645e-07	  1.65984e-08	  36924	  9.16299e-10
499	  6.30378	  0.718743	  5.62645e-07	  1.50692e-08	  37272	  8.31512e-10
500	  6.30378	  0.781255	  5.62645e-07	  1.32381e-08	  37284	  7.30467e-10
501	  6.30378	  0.843774	  5.62645e-07	  1.17856e-08	  37188	  6.50396e-10
502	  6.30378	  0.90628	  5.62645e-07	  1.03525e-08	  37320	  5.71212e-10
503	  6.30378	  0.968758	  5.62645e-07	  8.81533e-09	  37119	  4.86521e-10
504	  7.30029	  0.030936	  3.87106e-07	  1.9659e-08	  60258	  1.06303e-09
505	  7.30029	  0.0938307	  3.87106e-07	  1.8753e-08	  56916	  1.01626e-09
506	  7.30029	  0.156319	  3.87106e-07	  1.78573e-08	  56820	  9.6778e-10
507	  7.30029	  0.218712	  3.87106e-07	  1.6903e-08	  58716	  9.14908e-10
508	  7.30029	  0.281224	  3.87106e-07	  1.57551e-08	  57840	  8.53265e-10
509	  7.30029	  0.343807	  3.87106e-07	  1.45511e-08	  57612	  7.88178e-10
510	  7.30029	  0.406302	  3.87106e-07	  1.34907e-08	  58464	  7.30331e-10
511	  7.30029	  0.468745	  3.87106e-07	  1.22846e-08	  57948	  6.65262e-10
512	  7.30029	  0.531226	  3.87106e-07	  1.1097e-08	  57708	  6.01045e-10
513	  7.30029	  0.593785	  3.87106e-07	  9.73094e-09	  58236	  5.26871e-10
514	  7.30029	  0.656281	  3.87106e-07	  8.55719e-09	  58008	  4.63389e-10
515	  7.30029	  0.718743	  3.87106e-07	  7.4866e-09	  58200	  4.05363e-10
516	  7.30029	  0.781255	  3.87106e-07	  6.33975e-09	  58128	  3.43283e-10
517	  7.30029	  0.843774	  3.87106e-07	  5.43826e-09	  57972	  2.945e-10
518	  7.30029	  0.90628	  3.87106e-07	  4.55757e-09	  57960	  2.46809e-10
519	  7.30029	  0.968758	  3.87106e-07	  3.76946e-09	  58122	  2.04108e-10
520	  8.455	  0.030936	  2.65864e-07	  1.28366e-08	  90198	  6.84569e-10
521	  8.455	  0.0938307	  2.65864e-07	  1.22259e-08	  89292	  6.52207e-10
522	  8.455	  0.156319	  2.65864e-07	  1.15326e-08	  90804	  6.14902e-10
523	  8.455	  0.218712	  2.65864e-07	  1.04634e-08	  89628	  5.58122e-10
524	  8.455	  0.281224	  2.65864e-07	  9.55202e-09	  89844	  5.09469e-10
525	  8.455	  0.343807	  2.65864e-07	  8.58519e-09	  90636	  4.57776e-10
526	  8.455	  0.406302	  2.65864e-07	  7.59309e-09	  89628	  4.05017e-10
527	  8.455	  0.468745	  2.65864e-07	  6.59458e-09	  89772	  3.51739e-10
528	  8.455	  0.531226	  2.65864e-07	  5.72377e-09	  90324	  3.05233e-10
529	  8.455	  0.593785	  2.65864e-07	  4.84176e-09	  89784	  2.58246e-10
530	  8.455	  0.656281	  2.65864e-07	  4.03474e-09	  90216	  2.1517e-10
531	  8.455	  0.718743	  2.65864e-07	  3.39625e-09	  89796	  1.81146e-10
532	  8.455	  0.781255	  2.65864e-07	  2.8018e-09	  90120	  1.49423e-10
533	  8.455	  0.843774	  2.65864e-07	  2.29676e-09	  90132	  1.22488e-10
534	  8.455	  0.90628	  2.65864e-07	  1.87746e-09	  89916	  1.00134e-10
535	  8.455	  0.968758	  2.65864e-07	  1.4852e-09	  89964	  7.92118e-11
536	  9.79129	  0.030936	  1.82229e-07	  8.17712e-09	  139068	  4.30784e-10
537	  9.79129	  0.0938307	  1.82229e-07	  7.63045e-09	  141180	  4.0183e-10
538	  9.79129	  0.156319	  1.82229e-07	  7.02222e-09	  139380	  3.69921e-10
539	  9.79129	  0.218712	  1.82229e-07	  6.25152e-09	  138804	  3.29356e-10
540	  9.79129	  0.281224	  1.82229e-07	  5.48744e-09	  140952	  2.88988e-10
541	  9.79129	  0.343807	  1.82229e-07	  4.68284e-09	  139668	  2.46673e-10
542	  9.79129	  0.406302	  1.82229e-07	  3.95406e-09	  139464	  2.08291e-10
543	  9.79129	  0.468745	  1.82229e-07	  3.28508e-09	  139812	  1.7304e-10
544	  9.79129	  0.531226	  1.82229e-07	  2.69693e-09	  139884	  1.42058e-10
545	  9.79129	  0.593785	  1.82229e-07	  2.19965e-09	  140184	  1.15858e-10
546	  9.79129	  0.656281	  1.82229e-07	  1.7742e-09	  139404	  9.34616e-11
547	  9.79129	  0.718743	  1.82229e-07	  1.43507e-09	  139932	  7.559e-11
548	  9.79129	  0.781255	  1.82229e-07	  1.14846e-09	  139980	  6.04928e-11
549	  9.79129	  0.843774	  1.82229e-07	  9.09039e-10	  139632	  4.78847e-11
550	  9.79129	  0.90628	  1.82229e-07	  7.1387e-10	  140088	  3.76008e-11
551	  9.79129	  0.968758	  1.82229e-07	  5.38549e-10	  139623	  2.83687e-11
