#n	   k	      mu	    PL	    Pf	     w	     err  
0	  0.10472	  1	  0.00146375	  0.000459529	  3	  0.000288286
1	  0.20944	  1	  0.000519939	  0.000145229	  3	  9.11096e-05
2	  0.314159	  1	  0.000243539	  0.000114814	  3	  7.20288e-05
3	  0.418879	  1	  0.000136493	  2.0348e-05	  3	  1.27653e-05
4	  0.523599	  1	  8.62903e-05	  1.29462e-05	  3	  8.12179e-06
5	  0.628319	  1	  5.84687e-05	  5.4929e-05	  3	  3.44597e-05
6	  0.733038	  1	  4.18011e-05	  1.1639e-05	  3	  7.30174e-06
7	  0.837758	  1	  3.11151e-05	  8.15235e-06	  3	  5.11438e-06
8	  0.942478	  1	  2.38935e-05	  6.91646e-06	  3	  4.33904e-06
9	  0.10472	  0	  0.00146375	  0.000109059	  6	  4.99759e-05
10	  0.148096	  0.707107	  0.000930831	  0.000135063	  12	  4.57423e-05
11	  0.23416	  0.894427	  0.000411862	  0.000131701	  12	  4.46039e-05
12	  0.331153	  0.948683	  0.000220546	  6.29863e-05	  12	  2.13319e-05
13	  0.431771	  0.970143	  0.000128451	  2.93425e-05	  12	  9.93759e-06
14	  0.533968	  0.980581	  8.2765e-05	  1.92645e-05	  12	  6.52442e-06
15	  0.636985	  0.986394	  5.67543e-05	  1.84712e-05	  12	  6.25573e-06
16	  0.74048	  0.989949	  4.08967e-05	  1.32227e-05	  12	  4.47822e-06
17	  0.844278	  0.992278	  3.05739e-05	  1.07434e-05	  12	  3.63852e-06
18	  0.948278	  0.993884	  2.35609e-05	  9.17045e-06	  12	  3.1058e-06
19	  0.148096	  0	  0.000930831	  6.45868e-05	  6	  2.95968e-05
20	  0.18138	  0.57735	  0.000660365	  7.5495e-05	  12	  2.55683e-05
21	  0.25651	  0.816497	  0.000362482	  7.61254e-05	  12	  2.57818e-05
22	  0.347316	  0.904534	  0.000198652	  4.25366e-05	  12	  1.44061e-05
23	  0.444288	  0.942809	  0.00012143	  1.92617e-05	  12	  6.52347e-06
24	  0.54414	  0.96225	  7.94789e-05	  3.08953e-05	  12	  1.04635e-05
25	  0.645536	  0.973329	  5.51579e-05	  1.18425e-05	  12	  4.01077e-06
26	  0.747849	  0.980196	  4.00026e-05	  1.53845e-05	  12	  5.21035e-06
27	  0.850747	  0.984732	  3.00657e-05	  1.06607e-05	  12	  3.6105e-06
28	  0.954042	  0.987878	  2.32411e-05	  5.0416e-06	  12	  1.70746e-06
29	  0.20944	  0	  0.000519939	  4.05095e-05	  6	  1.85634e-05
30	  0.23416	  0.447214	  0.000411862	  5.06894e-05	  12	  1.71672e-05
31	  0.296192	  0.707107	  0.000268195	  5.38057e-05	  12	  1.82227e-05
32	  0.377572	  0.83205	  0.000169029	  3.96061e-05	  12	  1.34136e-05
33	  0.468321	  0.894427	  0.000108949	  2.80829e-05	  12	  9.51097e-06
34	  0.563933	  0.928477	  7.36706e-05	  1.01356e-05	  12	  3.43268e-06
35	  0.662306	  0.948683	  5.21674e-05	  1.37199e-05	  12	  4.64658e-06
36	  0.762371	  0.961524	  3.83454e-05	  7.87478e-06	  12	  2.66699e-06
37	  0.863541	  0.970143	  2.90758e-05	  4.99189e-06	  12	  1.69063e-06
38	  0.965468	  0.976187	  2.26254e-05	  5.62271e-06	  12	  1.90427e-06
39	  0.23416	  0	  0.000411862	  3.81451e-05	  12	  1.29188e-05
40	  0.25651	  0.408248	  0.000362482	  3.62676e-05	  24	  9.21647e-06
41	  0.314159	  0.666667	  0.000243539	  4.18585e-05	  24	  1.06372e-05
42	  0.391825	  0.801784	  0.000157373	  2.8963e-05	  24	  7.3602e-06
43	  0.479886	  0.872872	  0.000103405	  3.57875e-05	  24	  9.09447e-06
44	  0.573574	  0.912871	  7.11035e-05	  1.58299e-05	  24	  4.02276e-06
45	  0.670534	  0.937043	  5.08012e-05	  1.17002e-05	  24	  2.9733e-06
46	  0.76953	  0.952579	  3.75724e-05	  1.20885e-05	  24	  3.07199e-06
47	  0.869868	  0.963087	  2.86092e-05	  8.91738e-06	  24	  2.26612e-06
48	  0.971131	  0.970495	  2.23237e-05	  5.36283e-06	  24	  1.36283e-06
49	  0.296192	  0	  0.000268195	  2.06798e-05	  6	  9.47648e-06
50	  0.314159	  0.333333	  0.000243539	  2.58522e-05	  12	  8.75549e-06
51	  0.36276	  0.57735	  0.000181826	  2.24948e-05	  12	  7.61843e-06
52	  0.431771	  0.727607	  0.000128451	  2.31889e-05	  12	  7.85352e-06
53	  0.51302	  0.816497	  9.00463e-05	  2.6128e-05	  12	  8.84891e-06
54	  0.601569	  0.870388	  6.42029e-05	  1.4508e-05	  12	  4.91351e-06
55	  0.694632	  0.904534	  4.70402e-05	  1.13852e-05	  12	  3.85589e-06
56	  0.790617	  0.927173	  3.5388e-05	  7.78922e-06	  12	  2.63802e-06
57	  0.888577	  0.942809	  2.7277e-05	  8.20286e-06	  12	  2.77811e-06
58	  0.987924	  0.953998	  2.14752e-05	  6.39218e-06	  12	  2.16487e-06
59	  0.314159	  0	  0.000243539	  2.39774e-05	  6	  1.09876e-05
60	  0.331153	  0.316228	  0.000220546	  2.22545e-05	  12	  7.53706e-06
61	  0.377572	  0.5547	  0.000169029	  2.6421e-05	  12	  8.94813e-06
62	  0.444288	  0.707107	  0.00012143	  1.60606e-05	  12	  5.43932e-06
63	  0.523599	  0.8	  8.62903e-05	  2.07634e-05	  12	  7.03204e-06
64	  0.610616	  0.857493	  6.21748e-05	  7.8427e-06	  12	  2.65613e-06
65	  0.702481	  0.894427	  4.58958e-05	  8.76825e-06	  12	  2.96959e-06
66	  0.797522	  0.919145	  3.47112e-05	  1.04173e-05	  12	  3.5281e-06
67	  0.894726	  0.936329	  2.68507e-05	  5.36306e-06	  12	  1.81633e-06
68	  0.993459	  0.948683	  2.12071e-05	  4.39634e-06	  12	  1.48893e-06
69	  0.331153	  0	  0.000220546	  1.73249e-05	  12	  5.86752e-06
70	  0.347316	  0.301511	  0.000198652	  1.6454e-05	  24	  4.18135e-06
71	  0.391825	  0.534522	  0.000157373	  1.66527e-05	  24	  4.23185e-06
72	  0.456463	  0.688247	  0.000114992	  2.27575e-05	  24	  5.78322e-06
73	  0.533968	  0.784465	  8.2765e-05	  1.18175e-05	  24	  3.00312e-06
74	  0.61953	  0.845154	  6.02738e-05	  1.13471e-05	  24	  2.88358e-06
75	  0.710244	  0.884652	  4.48131e-05	  1.10572e-05	  24	  2.8099e-06
76	  0.804368	  0.911322	  3.4062e-05	  1.1015e-05	  24	  2.79917e-06
77	  0.900833	  0.929981	  2.64498e-05	  6.59123e-06	  24	  1.67499e-06
78	  0.998963	  0.943456	  2.0946e-05	  6.56332e-06	  24	  1.6679e-06
79	  0.377572	  0	  0.000169029	  1.46036e-05	  12	  4.94587e-06
80	  0.391825	  0.267261	  0.000157373	  1.10446e-05	  24	  2.8067e-06
81	  0.431771	  0.485071	  0.000128451	  1.73131e-05	  24	  4.39968e-06
82	  0.491179	  0.639602	  9.84567e-05	  1.20854e-05	  24	  3.07118e-06
83	  0.563933	  0.742781	  7.36706e-05	  1.45837e-05	  24	  3.70608e-06
84	  0.645536	  0.811107	  5.51579e-05	  1.13964e-05	  24	  2.8961e-06
85	  0.733038	  0.857143	  4.18011e-05	  1.04672e-05	  24	  2.65997e-06
86	  0.824564	  0.889001	  3.22307e-05	  5.08139e-06	  24	  1.2913e-06
87	  0.918912	  0.911685	  2.52943e-05	  6.00213e-06	  24	  1.52529e-06
88	  0.418879	  0	  0.000136493	  4.50674e-06	  6	  2.0652e-06
89	  0.431771	  0.242536	  0.000128451	  8.6069e-06	  12	  2.91494e-06
90	  0.468321	  0.447214	  0.000108949	  1.25693e-05	  12	  4.25691e-06
91	  0.523599	  0.6	  8.62903e-05	  1.33205e-05	  12	  4.51132e-06
92	  0.592384	  0.707107	  6.63764e-05	  5.49915e-06	  12	  1.86242e-06
93	  0.670534	  0.780869	  5.08012e-05	  1.19288e-05	  12	  4.04e-06
94	  0.755145	  0.83205	  3.91694e-05	  6.76617e-06	  12	  2.29153e-06
95	  0.844278	  0.868243	  3.05739e-05	  6.91059e-06	  12	  2.34045e-06
96	  0.936642	  0.894427	  2.42282e-05	  4.86794e-06	  12	  1.64865e-06
97	  0.431771	  0	  0.000128451	  8.80809e-06	  12	  2.98308e-06
98	  0.444288	  0.235702	  0.00012143	  4.9932e-06	  24	  1.26889e-06
99	  0.479886	  0.436436	  0.000103405	  1.55104e-05	  24	  3.94156e-06
100	  0.533968	  0.588348	  8.2765e-05	  9.238e-06	  24	  2.3476e-06
101	  0.601569	  0.696311	  6.42029e-05	  6.73365e-06	  24	  1.71118e-06
102	  0.678662	  0.771517	  4.94804e-05	  8.0702e-06	  24	  2.05083e-06
103	  0.762371	  0.824163	  3.83454e-05	  1.0586e-05	  24	  2.69017e-06
104	  0.850747	  0.86164	  3.00657e-05	  7.73197e-06	  24	  1.96488e-06
105	  0.942478	  0.888889	  2.38935e-05	  6.98889e-06	  24	  1.77605e-06
106	  0.444288	  0	  0.00012143	  7.85815e-06	  6	  3.60098e-06
107	  0.456463	  0.229416	  0.000114992	  1.10911e-05	  12	  3.75629e-06
108	  0.491179	  0.426401	  9.84567e-05	  1.0252e-05	  12	  3.47211e-06
109	  0.54414	  0.57735	  7.94789e-05	  5.55176e-06	  12	  1.88024e-06
110	  0.610616	  0.685994	  6.21748e-05	  1.38361e-05	  12	  4.68594e-06
111	  0.686693	  0.762493	  4.82336e-05	  8.06283e-06	  12	  2.73068e-06
112	  0.76953	  0.816497	  3.75724e-05	  6.47829e-06	  12	  2.19404e-06
113	  0.857168	  0.855186	  2.95614e-05	  5.54388e-06	  12	  1.87757e-06
114	  0.948278	  0.883452	  2.35609e-05	  4.71907e-06	  12	  1.59823e-06
115	  0.468321	  0	  0.000108949	  8.54064e-06	  12	  2.8925e-06
116	  0.479886	  0.218218	  0.000103405	  1.21479e-05	  24	  3.08707e-06
117	  0.51302	  0.408248	  9.00463e-05	  1.26314e-05	  24	  3.20994e-06
118	  0.563933	  0.557086	  7.36706e-05	  1.04333e-05	  24	  2.65134e-06
119	  0.628319	  0.666667	  5.84687e-05	  7.28689e-06	  24	  1.85177e-06
120	  0.702481	  0.745356	  4.58958e-05	  9.52692e-06	  24	  2.42102e-06
121	  0.783651	  0.801784	  3.60905e-05	  6.18841e-06	  24	  1.57262e-06
122	  0.869868	  0.842701	  2.86092e-05	  4.86192e-06	  24	  1.23553e-06
123	  0.959772	  0.872872	  2.29323e-05	  4.60185e-06	  24	  1.16944e-06
124	  0.523599	  0	  8.62903e-05	  6.84645e-06	  18	  1.95605e-06
125	  0.533968	  0.196116	  8.2765e-05	  6.95235e-06	  36	  1.50634e-06
126	  0.563933	  0.371391	  7.36706e-05	  6.0899e-06	  36	  1.31948e-06
127	  0.610616	  0.514496	  6.21748e-05	  6.96717e-06	  36	  1.50955e-06
128	  0.670534	  0.624695	  5.08012e-05	  7.58122e-06	  36	  1.6426e-06
129	  0.74048	  0.707107	  4.08967e-05	  6.44389e-06	  36	  1.39618e-06
130	  0.817887	  0.768221	  3.28246e-05	  6.40118e-06	  36	  1.38692e-06
131	  0.900833	  0.813733	  2.64498e-05	  6.81928e-06	  36	  1.47751e-06
132	  0.987924	  0.847998	  2.14752e-05	  4.47409e-06	  36	  9.69386e-07
133	  0.533968	  0	  8.2765e-05	  6.25401e-06	  12	  2.11808e-06
134	  0.54414	  0.19245	  7.94789e-05	  9.03217e-06	  24	  2.29529e-06
135	  0.573574	  0.365148	  7.11035e-05	  7.2839e-06	  24	  1.85101e-06
136	  0.61953	  0.507093	  6.02738e-05	  7.38224e-06	  24	  1.87601e-06
137	  0.678662	  0.617213	  4.94804e-05	  5.86424e-06	  24	  1.49025e-06
138	  0.747849	  0.70014	  4.00026e-05	  6.36878e-06	  24	  1.61846e-06
139	  0.824564	  0.762001	  3.22307e-05	  4.16568e-06	  24	  1.0586e-06
140	  0.9069	  0.80829	  2.60549e-05	  4.63412e-06	  24	  1.17764e-06
141	  0.993459	  0.843274	  2.12071e-05	  4.2164e-06	  24	  1.07149e-06
142	  0.563933	  0	  7.36706e-05	  3.44102e-06	  12	  1.16539e-06
143	  0.573574	  0.182574	  7.11035e-05	  6.01952e-06	  24	  1.5297e-06
144	  0.601569	  0.348155	  6.42029e-05	  5.38909e-06	  24	  1.3695e-06
145	  0.645536	  0.486664	  5.51579e-05	  7.04147e-06	  24	  1.78941e-06
146	  0.702481	  0.596285	  4.58958e-05	  6.22991e-06	  24	  1.58317e-06
147	  0.76953	  0.680414	  3.75724e-05	  4.38225e-06	  24	  1.11364e-06
148	  0.844278	  0.744208	  3.05739e-05	  5.18736e-06	  24	  1.31823e-06
149	  0.92486	  0.792594	  2.49309e-05	  4.13337e-06	  24	  1.05039e-06
150	  0.592384	  0	  6.63764e-05	  2.49642e-06	  6	  1.14398e-06
151	  0.601569	  0.174078	  6.42029e-05	  4.06348e-06	  12	  1.3762e-06
152	  0.628319	  0.333333	  5.84687e-05	  4.70967e-06	  12	  1.59505e-06
153	  0.670534	  0.468521	  5.08012e-05	  5.1211e-06	  12	  1.73439e-06
154	  0.72552	  0.57735	  4.27717e-05	  6.65104e-06	  12	  2.25254e-06
155	  0.790617	  0.662266	  3.5388e-05	  5.29345e-06	  12	  1.79276e-06
156	  0.863541	  0.727607	  2.90758e-05	  4.52786e-06	  12	  1.53347e-06
157	  0.942478	  0.777778	  2.38935e-05	  4.77718e-06	  12	  1.61791e-06
158	  0.610616	  0	  6.21748e-05	  4.71918e-06	  12	  1.59827e-06
159	  0.61953	  0.169031	  6.02738e-05	  4.73976e-06	  24	  1.20449e-06
160	  0.645536	  0.324443	  5.51579e-05	  5.97627e-06	  24	  1.51871e-06
161	  0.686693	  0.457496	  4.82336e-05	  5.4816e-06	  24	  1.39301e-06
162	  0.74048	  0.565685	  4.08967e-05	  5.06578e-06	  24	  1.28734e-06
163	  0.804368	  0.650945	  3.4062e-05	  7.09295e-06	  24	  1.80249e-06
164	  0.876148	  0.717137	  2.8146e-05	  6.07353e-06	  24	  1.54343e-06
165	  0.954042	  0.76835	  2.32411e-05	  4.95e-06	  24	  1.25791e-06
166	  0.628319	  0	  5.84687e-05	  1.02263e-05	  6	  4.6862e-06
167	  0.636985	  0.164399	  5.67543e-05	  6.27874e-06	  12	  2.12645e-06
168	  0.662306	  0.316228	  5.21674e-05	  4.77763e-06	  12	  1.61806e-06
169	  0.702481	  0.447214	  4.58958e-05	  3.21866e-06	  12	  1.09008e-06
170	  0.755145	  0.5547	  3.91694e-05	  3.82248e-06	  12	  1.29458e-06
171	  0.817887	  0.640184	  3.28246e-05	  4.86324e-06	  12	  1.64706e-06
172	  0.888577	  0.707107	  2.7277e-05	  3.96901e-06	  12	  1.3442e-06
173	  0.965468	  0.759257	  2.26254e-05	  4.75169e-06	  12	  1.60928e-06
174	  0.636985	  0	  5.67543e-05	  6.50786e-06	  12	  2.20405e-06
175	  0.645536	  0.162221	  5.51579e-05	  3.86554e-06	  24	  9.82326e-07
176	  0.670534	  0.312348	  5.08012e-05	  3.98476e-06	  24	  1.01262e-06
177	  0.710244	  0.442326	  4.48131e-05	  5.25991e-06	  24	  1.33667e-06
178	  0.762371	  0.549442	  3.83454e-05	  6.04291e-06	  24	  1.53565e-06
179	  0.824564	  0.635001	  3.22307e-05	  3.72658e-06	  24	  9.47015e-07
180	  0.894726	  0.702247	  2.68507e-05	  4.03811e-06	  24	  1.02618e-06
181	  0.971131	  0.754829	  2.23237e-05	  5.00226e-06	  24	  1.2712e-06
182	  0.662306	  0	  5.21674e-05	  3.84198e-06	  12	  1.30118e-06
183	  0.670534	  0.156174	  5.08012e-05	  3.86752e-06	  24	  9.8283e-07
184	  0.694632	  0.301511	  4.70402e-05	  3.38789e-06	  24	  8.60945e-07
185	  0.733038	  0.428571	  4.18011e-05	  5.81943e-06	  24	  1.47886e-06
186	  0.783651	  0.534522	  3.60905e-05	  3.73257e-06	  24	  9.48535e-07
187	  0.844278	  0.620174	  3.05739e-05	  3.70257e-06	  24	  9.40912e-07
188	  0.912926	  0.688247	  2.56627e-05	  3.85415e-06	  24	  9.79434e-07
189	  0.987924	  0.741999	  2.14752e-05	  3.47251e-06	  24	  8.82448e-07
190	  0.670534	  0	  5.08012e-05	  4.34116e-06	  12	  1.47024e-06
191	  0.678662	  0.154303	  4.94804e-05	  3.305e-06	  24	  8.39879e-07
192	  0.702481	  0.298142	  4.58958e-05	  4.16104e-06	  24	  1.05742e-06
193	  0.74048	  0.424264	  4.08967e-05	  4.20873e-06	  24	  1.06954e-06
194	  0.790617	  0.529813	  3.5388e-05	  3.73896e-06	  24	  9.5016e-07
195	  0.850747	  0.615457	  3.00657e-05	  3.7218e-06	  24	  9.45799e-07
196	  0.918912	  0.683763	  2.52943e-05	  3.72216e-06	  24	  9.45891e-07
197	  0.993459	  0.737865	  2.12071e-05	  3.87026e-06	  24	  9.83526e-07
198	  0.702481	  0	  4.58958e-05	  2.57948e-06	  12	  8.73605e-07
199	  0.710244	  0.147442	  4.48131e-05	  3.84199e-06	  24	  9.76342e-07
200	  0.733038	  0.285714	  4.18011e-05	  4.9125e-06	  24	  1.24838e-06
201	  0.76953	  0.408248	  3.75724e-05	  4.08753e-06	  24	  1.03874e-06
202	  0.817887	  0.512148	  3.28246e-05	  5.14258e-06	  24	  1.30685e-06
203	  0.876148	  0.597614	  2.8146e-05	  3.85762e-06	  24	  9.80314e-07
204	  0.942478	  0.666667	  2.38935e-05	  4.17528e-06	  24	  1.06104e-06
205	  0.733038	  0	  4.18011e-05	  2.54338e-06	  6	  1.1655e-06
206	  0.74048	  0.141421	  4.08967e-05	  3.1847e-06	  12	  1.07858e-06
207	  0.762371	  0.274721	  3.83454e-05	  2.55123e-06	  12	  8.64039e-07
208	  0.797522	  0.393919	  3.47112e-05	  4.37832e-06	  12	  1.48283e-06
209	  0.844278	  0.496139	  3.05739e-05	  4.56838e-06	  12	  1.5472e-06
210	  0.900833	  0.581238	  2.64498e-05	  4.4334e-06	  12	  1.50148e-06
211	  0.965468	  0.650791	  2.26254e-05	  3.46955e-06	  12	  1.17505e-06
212	  0.74048	  0	  4.08967e-05	  3.38744e-06	  18	  9.67798e-07
213	  0.747849	  0.140028	  4.00026e-05	  4.08494e-06	  36	  8.8507e-07
214	  0.76953	  0.272166	  3.75724e-05	  3.64333e-06	  36	  7.89387e-07
215	  0.804368	  0.390567	  3.4062e-05	  4.78433e-06	  36	  1.03661e-06
216	  0.850747	  0.492366	  3.00657e-05	  3.0214e-06	  36	  6.54637e-07
217	  0.9069	  0.57735	  2.60549e-05	  2.78356e-06	  36	  6.03106e-07
218	  0.971131	  0.646997	  2.23237e-05	  4.48196e-06	  36	  9.71092e-07
219	  0.755145	  0	  3.91694e-05	  2.63649e-06	  12	  8.92914e-07
220	  0.762371	  0.137361	  3.83454e-05	  3.95696e-06	  24	  1.00556e-06
221	  0.783651	  0.267261	  3.60905e-05	  3.69964e-06	  24	  9.40167e-07
222	  0.817887	  0.384111	  3.28246e-05	  3.82903e-06	  24	  9.73048e-07
223	  0.863541	  0.485071	  2.90758e-05	  3.20756e-06	  24	  8.15119e-07
224	  0.918912	  0.569803	  2.52943e-05	  2.95413e-06	  24	  7.50717e-07
225	  0.982358	  0.639602	  2.17564e-05	  2.52514e-06	  24	  6.41698e-07
226	  0.762371	  0	  3.83454e-05	  1.9878e-06	  12	  6.73219e-07
227	  0.76953	  0.136083	  3.75724e-05	  4.24039e-06	  24	  1.07759e-06
228	  0.790617	  0.264906	  3.5388e-05	  3.01062e-06	  24	  7.6507e-07
229	  0.824564	  0.381	  3.22307e-05	  2.34621e-06	  24	  5.96229e-07
230	  0.869868	  0.481543	  2.86092e-05	  2.68826e-06	  24	  6.83151e-07
231	  0.92486	  0.566139	  2.49309e-05	  3.36355e-06	  24	  8.5476e-07
232	  0.987924	  0.635999	  2.14752e-05	  3.03408e-06	  24	  7.71034e-07
233	  0.797522	  0	  3.47112e-05	  3.96072e-06	  12	  1.3414e-06
234	  0.804368	  0.130189	  3.4062e-05	  3.52392e-06	  24	  8.95512e-07
235	  0.824564	  0.254	  3.22307e-05	  2.02435e-06	  24	  5.14436e-07
236	  0.857168	  0.366508	  2.95614e-05	  3.23917e-06	  24	  8.2315e-07
237	  0.900833	  0.464991	  2.64498e-05	  3.43474e-06	  24	  8.7285e-07
238	  0.954042	  0.548821	  2.32411e-05	  3.0494e-06	  24	  7.74926e-07
239	  0.817887	  0	  3.28246e-05	  2.92712e-06	  12	  9.91342e-07
240	  0.824564	  0.127	  3.22307e-05	  2.72635e-06	  24	  6.92832e-07
241	  0.844278	  0.248069	  3.05739e-05	  2.33581e-06	  24	  5.93586e-07
242	  0.876148	  0.358569	  2.8146e-05	  3.19017e-06	  24	  8.10699e-07
243	  0.918912	  0.455842	  2.52943e-05	  2.08882e-06	  24	  5.3082e-07
244	  0.971131	  0.539164	  2.23237e-05	  3.64839e-06	  24	  9.27145e-07
245	  0.837758	  0	  3.11151e-05	  3.02919e-06	  6	  1.38812e-06
246	  0.844278	  0.124035	  3.05739e-05	  4.27723e-06	  12	  1.44859e-06
247	  0.863541	  0.242536	  2.90758e-05	  1.721e-06	  12	  5.8286e-07
248	  0.894726	  0.351123	  2.68507e-05	  2.33547e-06	  12	  7.90966e-07
249	  0.936642	  0.447214	  2.42282e-05	  1.94281e-06	  12	  6.57982e-07
250	  0.987924	  0.529999	  2.14752e-05	  3.24072e-06	  12	  1.09755e-06
251	  0.844278	  0	  3.05739e-05	  3.33681e-06	  24	  8.47963e-07
252	  0.850747	  0.123091	  3.00657e-05	  2.47209e-06	  48	  4.8042e-07
253	  0.869868	  0.240772	  2.86092e-05	  2.60838e-06	  48	  5.06907e-07
254	  0.900833	  0.348743	  2.64498e-05	  2.8715e-06	  48	  5.5804e-07
255	  0.942478	  0.444444	  2.38935e-05	  2.86931e-06	  48	  5.57615e-07
256	  0.993459	  0.527046	  2.12071e-05	  3.00068e-06	  48	  5.83144e-07
257	  0.863541	  0	  2.90758e-05	  1.71108e-06	  12	  5.79499e-07
258	  0.869868	  0.120386	  2.86092e-05	  2.09852e-06	  24	  5.33284e-07
259	  0.888577	  0.235702	  2.7277e-05	  2.02343e-06	  24	  5.14203e-07
260	  0.918912	  0.341882	  2.52943e-05	  2.56968e-06	  24	  6.53019e-07
261	  0.959772	  0.436436	  2.29323e-05	  2.28481e-06	  24	  5.80626e-07
262	  0.888577	  0	  2.7277e-05	  2.85942e-06	  6	  1.31032e-06
263	  0.894726	  0.117041	  2.68507e-05	  2.30734e-06	  12	  7.8144e-07
264	  0.912926	  0.229416	  2.56627e-05	  2.47309e-06	  12	  8.37573e-07
265	  0.942478	  0.333333	  2.38935e-05	  2.20647e-06	  12	  7.47278e-07
266	  0.982358	  0.426401	  2.17564e-05	  1.86431e-06	  12	  6.31395e-07
267	  0.894726	  0	  2.68507e-05	  2.10569e-06	  12	  7.13144e-07
268	  0.900833	  0.116248	  2.64498e-05	  2.45908e-06	  24	  6.24912e-07
269	  0.918912	  0.227921	  2.52943e-05	  2.34731e-06	  24	  5.96509e-07
270	  0.948278	  0.331295	  2.35609e-05	  2.80228e-06	  24	  7.12128e-07
271	  0.987924	  0.423999	  2.14752e-05	  1.98506e-06	  24	  5.04453e-07
272	  0.900833	  0	  2.64498e-05	  2.5264e-06	  12	  8.5563e-07
273	  0.9069	  0.11547	  2.60549e-05	  1.55937e-06	  24	  3.96273e-07
274	  0.92486	  0.226455	  2.49309e-05	  1.86348e-06	  24	  4.73555e-07
275	  0.954042	  0.329293	  2.32411e-05	  2.27869e-06	  24	  5.79071e-07
276	  0.993459	  0.421637	  2.12071e-05	  2.59733e-06	  24	  6.60044e-07
277	  0.936642	  0	  2.42282e-05	  1.4995e-06	  12	  5.07844e-07
278	  0.942478	  0.111111	  2.38935e-05	  2.06134e-06	  24	  5.23837e-07
279	  0.959772	  0.218218	  2.29323e-05	  1.4202e-06	  24	  3.60906e-07
280	  0.987924	  0.317999	  2.14752e-05	  1.70738e-06	  24	  4.33886e-07
281	  0.942478	  0	  2.38935e-05	  4.97583e-06	  6	  2.28017e-06
282	  0.948278	  0.110432	  2.35609e-05	  2.7982e-06	  12	  9.47682e-07
283	  0.965468	  0.21693	  2.26254e-05	  2.02588e-06	  12	  6.86116e-07
284	  0.993459	  0.316228	  2.12071e-05	  2.0515e-06	  12	  6.94791e-07
285	  0.948278	  0	  2.35609e-05	  2.75919e-06	  12	  9.34468e-07
286	  0.954042	  0.109764	  2.32411e-05	  1.70974e-06	  24	  4.34485e-07
287	  0.971131	  0.215666	  2.23237e-05	  1.49929e-06	  24	  3.81007e-07
288	  0.998963	  0.314485	  2.0946e-05	  2.06371e-06	  24	  5.24438e-07
289	  0.965468	  0	  2.26254e-05	  1.62762e-06	  24	  4.13617e-07
290	  0.971131	  0.107833	  2.23237e-05	  2.11308e-06	  48	  4.1065e-07
291	  0.987924	  0.212	  2.14752e-05	  2.05207e-06	  48	  3.98793e-07
292	  0.987924	  0	  2.14752e-05	  1.97136e-06	  12	  6.67649e-07
293	  0.993459	  0.105409	  2.12071e-05	  2.2224e-06	  24	  5.64765e-07
294	  0.993459	  0	  2.12071e-05	  1.51325e-06	  12	  5.125e-07
295	  0.998963	  0.104828	  2.0946e-05	  1.66505e-06	  24	  4.23128e-07
296	  1.08818	  0.030936	  1.72377e-05	  1.63633e-06	  138	  2.21111e-07
297	  1.08818	  0.0938307	  1.72377e-05	  1.48149e-06	  252	  1.674e-07
298	  1.08818	  0.156319	  1.72377e-05	  1.36331e-06	  72	  2.28833e-07
299	  1.08818	  0.218712	  1.72377e-05	  1.49737e-06	  216	  1.76752e-07
300	  1.08818	  0.281224	  1.72377e-05	  1.78832e-06	  288	  1.94794e-07
301	  1.08818	  0.343807	  1.72377e-05	  1.50801e-06	  120	  2.13062e-07
302	  1.08818	  0.406302	  1.72377e-05	  2.21661e-06	  180	  2.76047e-07
303	  1.08818	  0.468745	  1.72377e-05	  2.37884e-06	  180	  2.9625e-07
304	  1.08818	  0.531226	  1.72377e-05	  2.36218e-06	  192	  2.88585e-07
305	  1.08818	  0.593785	  1.72377e-05	  2.98126e-06	  192	  3.64217e-07
306	  1.08818	  0.656281	  1.72377e-05	  2.74019e-06	  168	  3.48419e-07
307	  1.08818	  0.718743	  1.72377e-05	  3.11945e-06	  228	  3.62563e-07
308	  1.08818	  0.781255	  1.72377e-05	  3.68908e-06	  144	  4.91877e-07
309	  1.08818	  0.843774	  1.72377e-05	  3.63334e-06	  240	  4.16198e-07
310	  1.08818	  0.90628	  1.72377e-05	  4.85624e-06	  168	  6.17478e-07
311	  1.08818	  0.968758	  1.72377e-05	  4.75618e-06	  150	  6.2615e-07
312	  1.25577	  0.030936	  1.23981e-05	  1.12041e-06	  198	  1.35645e-07
313	  1.25577	  0.0938307	  1.23981e-05	  1.13963e-06	  396	  1.1425e-07
314	  1.25577	  0.156319	  1.23981e-05	  1.19956e-06	  396	  1.20258e-07
315	  1.25577	  0.218712	  1.23981e-05	  1.12689e-06	  204	  1.35243e-07
316	  1.25577	  0.281224	  1.23981e-05	  1.28491e-06	  216	  1.51673e-07
317	  1.25577	  0.343807	  1.23981e-05	  1.32943e-06	  372	  1.35399e-07
318	  1.25577	  0.406302	  1.23981e-05	  1.41895e-06	  312	  1.5128e-07
319	  1.25577	  0.468745	  1.23981e-05	  1.5346e-06	  288	  1.67157e-07
320	  1.25577	  0.531226	  1.23981e-05	  1.81797e-06	  264	  2.02787e-07
321	  1.25577	  0.593785	  1.23981e-05	  1.70269e-06	  312	  1.8153e-07
322	  1.25577	  0.656281	  1.23981e-05	  1.99712e-06	  276	  2.20068e-07
323	  1.25577	  0.718743	  1.23981e-05	  2.14919e-06	  312	  2.29133e-07
324	  1.25577	  0.781255	  1.23981e-05	  2.44466e-06	  276	  2.69385e-07
325	  1.25577	  0.843774	  1.23981e-05	  3.06824e-06	  240	  3.51466e-07
326	  1.25577	  0.90628	  1.23981e-05	  3.56303e-06	  324	  3.76097e-07
327	  1.25577	  0.968758	  1.23981e-05	  4.08471e-06	  315	  4.34383e-07
328	  1.45182	  0.030936	  8.84412e-06	  8.55676e-07	  246	  9.73397e-08
329	  1.45182	  0.0938307	  8.84412e-06	  7.98852e-07	  516	  7.51101e-08
330	  1.45182	  0.156319	  8.84412e-06	  8.90903e-07	  504	  8.42291e-08
331	  1.45182	  0.218712	  8.84412e-06	  8.8289e-07	  528	  8.25674e-08
332	  1.45182	  0.281224	  8.84412e-06	  8.55379e-07	  504	  8.08705e-08
333	  1.45182	  0.343807	  8.84412e-06	  9.81968e-07	  384	  9.92092e-08
334	  1.45182	  0.406302	  8.84412e-06	  1.12743e-06	  420	  1.11385e-07
335	  1.45182	  0.468745	  8.84412e-06	  9.88001e-07	  468	  9.50704e-08
336	  1.45182	  0.531226	  8.84412e-06	  1.17443e-06	  480	  1.12326e-07
337	  1.45182	  0.593785	  8.84412e-06	  1.2988e-06	  468	  1.24977e-07
338	  1.45182	  0.656281	  8.84412e-06	  1.43949e-06	  396	  1.44311e-07
339	  1.45182	  0.718743	  8.84412e-06	  1.42537e-06	  456	  1.38018e-07
340	  1.45182	  0.781255	  8.84412e-06	  1.70788e-06	  432	  1.67565e-07
341	  1.45182	  0.843774	  8.84412e-06	  2.06682e-06	  480	  1.97678e-07
342	  1.45182	  0.90628	  8.84412e-06	  2.27838e-06	  480	  2.17912e-07
343	  1.45182	  0.968758	  8.84412e-06	  2.5413e-06	  414	  2.51963e-07
344	  1.68148	  0.030936	  6.25992e-06	  5.43059e-07	  798	  4.6377e-08
345	  1.68148	  0.0938307	  6.25992e-06	  6.0952e-07	  708	  5.33832e-08
346	  1.68148	  0.156319	  6.25992e-06	  5.95829e-07	  684	  5.25736e-08
347	  1.68148	  0.218712	  6.25992e-06	  6.44529e-07	  720	  5.62466e-08
348	  1.68148	  0.281224	  6.25992e-06	  6.2403e-07	  708	  5.4654e-08
349	  1.68148	  0.343807	  6.25992e-06	  6.7408e-07	  720	  5.88255e-08
350	  1.68148	  0.406302	  6.25992e-06	  7.38405e-07	  672	  6.54048e-08
351	  1.68148	  0.468745	  6.25992e-06	  7.69514e-07	  732	  6.69177e-08
352	  1.68148	  0.531226	  6.25992e-06	  8.43862e-07	  672	  7.47458e-08
353	  1.68148	  0.593785	  6.25992e-06	  9.25533e-07	  708	  8.10603e-08
354	  1.68148	  0.656281	  6.25992e-06	  9.28501e-07	  744	  8.04656e-08
355	  1.68148	  0.718743	  6.25992e-06	  1.16782e-06	  744	  1.01205e-07
356	  1.68148	  0.781255	  6.25992e-06	  1.18591e-06	  696	  1.04247e-07
357	  1.68148	  0.843774	  6.25992e-06	  1.33887e-06	  708	  1.17261e-07
358	  1.68148	  0.90628	  6.25992e-06	  1.59947e-06	  696	  1.40601e-07
359	  1.68148	  0.968758	  6.25992e-06	  1.76109e-06	  741	  1.5275e-07
360	  1.94819	  0.030936	  4.40892e-06	  4.39257e-07	  1368	  3.3839e-08
361	  1.94819	  0.0938307	  4.40892e-06	  4.42854e-07	  924	  3.67115e-08
362	  1.94819	  0.156319	  4.40892e-06	  4.73296e-07	  972	  3.88458e-08
363	  1.94819	  0.218712	  4.40892e-06	  4.47663e-07	  972	  3.67419e-08
364	  1.94819	  0.281224	  4.40892e-06	  4.44809e-07	  1200	  3.5081e-08
365	  1.94819	  0.343807	  4.40892e-06	  4.83499e-07	  1140	  3.8495e-08
366	  1.94819	  0.406302	  4.40892e-06	  5.13554e-07	  1080	  4.13047e-08
367	  1.94819	  0.468745	  4.40892e-06	  5.60757e-07	  1068	  4.51967e-08
368	  1.94819	  0.531226	  4.40892e-06	  5.84362e-07	  1164	  4.6346e-08
369	  1.94819	  0.593785	  4.40892e-06	  6.21613e-07	  1188	  4.91155e-08
370	  1.94819	  0.656281	  4.40892e-06	  6.85063e-07	  1068	  5.52157e-08
371	  1.94819	  0.718743	  4.40892e-06	  7.19327e-07	  1008	  5.8623e-08
372	  1.94819	  0.781255	  4.40892e-06	  9.01446e-07	  1164	  7.14942e-08
373	  1.94819	  0.843774	  4.40892e-06	  9.06699e-07	  1176	  7.17748e-08
374	  1.94819	  0.90628	  4.40892e-06	  1.07379e-06	  1080	  8.63636e-08
375	  1.94819	  0.968758	  4.40892e-06	  1.20333e-06	  1038	  9.75159e-08
376	  2.25604	  0.030936	  3.09896e-06	  3.03647e-07	  1896	  2.21558e-08
377	  2.25604	  0.0938307	  3.09896e-06	  3.04632e-07	  1272	  2.3773e-08
378	  2.25604	  0.156319	  3.09896e-06	  3.02396e-07	  2040	  2.18149e-08
379	  2.25604	  0.218712	  3.09896e-06	  3.30304e-07	  1740	  2.44337e-08
380	  2.25604	  0.281224	  3.09896e-06	  3.39535e-07	  1584	  2.55079e-08
381	  2.25604	  0.343807	  3.09896e-06	  3.38514e-07	  1764	  2.49855e-08
382	  2.25604	  0.406302	  3.09896e-06	  3.58137e-07	  1632	  2.67721e-08
383	  2.25604	  0.468745	  3.09896e-06	  3.84731e-07	  1860	  2.81573e-08
384	  2.25604	  0.531226	  3.09896e-06	  4.02881e-07	  1560	  3.03444e-08
385	  2.25604	  0.593785	  3.09896e-06	  4.38259e-07	  1692	  3.25674e-08
386	  2.25604	  0.656281	  3.09896e-06	  5.01787e-07	  1704	  3.72452e-08
387	  2.25604	  0.718743	  3.09896e-06	  5.25981e-07	  1824	  3.86147e-08
388	  2.25604	  0.781255	  3.09896e-06	  5.90022e-07	  1668	  4.39479e-08
389	  2.25604	  0.843774	  3.09896e-06	  6.45747e-07	  1680	  4.8042e-08
390	  2.25604	  0.90628	  3.09896e-06	  6.9194e-07	  1776	  5.1016e-08
391	  2.25604	  0.968758	  3.09896e-06	  7.99021e-07	  1656	  5.95859e-08
392	  2.61216	  0.030936	  2.17232e-06	  2.18581e-07	  2586	  1.52274e-08
393	  2.61216	  0.0938307	  2.17232e-06	  2.16981e-07	  3036	  1.4787e-08
394	  2.61216	  0.156319	  2.17232e-06	  2.2538e-07	  2124	  1.61593e-08
395	  2.61216	  0.218712	  2.17232e-06	  2.22214e-07	  2940	  1.52089e-08
396	  2.61216	  0.281224	  2.17232e-06	  2.40452e-07	  2616	  1.67238e-08
397	  2.61216	  0.343807	  2.17232e-06	  2.41597e-07	  2448	  1.69629e-08
398	  2.61216	  0.406302	  2.17232e-06	  2.52976e-07	  2916	  1.73335e-08
399	  2.61216	  0.468745	  2.17232e-06	  2.73692e-07	  2544	  1.91109e-08
400	  2.61216	  0.531226	  2.17232e-06	  2.90946e-07	  2652	  2.0197e-08
401	  2.61216	  0.593785	  2.17232e-06	  3.02318e-07	  2748	  2.0883e-08
402	  2.61216	  0.656281	  2.17232e-06	  3.46662e-07	  2676	  2.40345e-08
403	  2.61216	  0.718743	  2.17232e-06	  3.54127e-07	  2472	  2.48289e-08
404	  2.61216	  0.781255	  2.17232e-06	  3.98265e-07	  2616	  2.77e-08
405	  2.61216	  0.843774	  2.17232e-06	  4.30003e-07	  2736	  2.97209e-08
406	  2.61216	  0.90628	  2.17232e-06	  4.58358e-07	  2568	  3.19628e-08
407	  2.61216	  0.968758	  2.17232e-06	  5.02927e-07	  2745	  3.47456e-08
408	  3.02645	  0.030936	  1.51522e-06	  1.60289e-07	  3414	  1.07577e-08
409	  3.02645	  0.0938307	  1.51522e-06	  1.58317e-07	  4512	  1.02727e-08
410	  3.02645	  0.156319	  1.51522e-06	  1.57624e-07	  4632	  1.01972e-08
411	  3.02645	  0.218712	  1.51522e-06	  1.54876e-07	  3972	  1.02012e-08
412	  3.02645	  0.281224	  1.51522e-06	  1.69475e-07	  4176	  1.10963e-08
413	  3.02645	  0.343807	  1.51522e-06	  1.74029e-07	  4344	  1.13419e-08
414	  3.02645	  0.406302	  1.51522e-06	  1.76904e-07	  4044	  1.1627e-08
415	  3.02645	  0.468745	  1.51522e-06	  1.90925e-07	  4092	  1.25309e-08
416	  3.02645	  0.531226	  1.51522e-06	  2.06276e-07	  4296	  1.34609e-08
417	  3.02645	  0.593785	  1.51522e-06	  2.08988e-07	  3996	  1.37555e-08
418	  3.02645	  0.656281	  1.51522e-06	  2.29754e-07	  4188	  1.5038e-08
419	  3.02645	  0.718743	  1.51522e-06	  2.52568e-07	  4212	  1.65201e-08
420	  3.02645	  0.781255	  1.51522e-06	  2.55187e-07	  4140	  1.67254e-08
421	  3.02645	  0.843774	  1.51522e-06	  2.78396e-07	  4128	  1.82528e-08
422	  3.02645	  0.90628	  1.51522e-06	  3.17674e-07	  4188	  2.07926e-08
423	  3.02645	  0.968758	  1.51522e-06	  3.31203e-07	  4128	  2.17151e-08
424	  3.50419	  0.030936	  1.05594e-06	  1.13491e-07	  7002	  7.03081e-09
425	  3.50419	  0.0938307	  1.05594e-06	  1.12241e-07	  6240	  7.03293e-09
426	  3.50419	  0.156319	  1.05594e-06	  1.11813e-07	  5964	  7.03852e-09
427	  3.50419	  0.218712	  1.05594e-06	  1.15792e-07	  6180	  7.26251e-09
428	  3.50419	  0.281224	  1.05594e-06	  1.14993e-07	  6420	  7.18484e-09
429	  3.50419	  0.343807	  1.05594e-06	  1.18495e-07	  6516	  7.39268e-09
430	  3.50419	  0.406302	  1.05594e-06	  1.25773e-07	  6312	  7.87174e-09
431	  3.50419	  0.468745	  1.05594e-06	  1.31731e-07	  6276	  8.24935e-09
432	  3.50419	  0.531226	  1.05594e-06	  1.36347e-07	  6360	  8.52707e-09
433	  3.50419	  0.593785	  1.05594e-06	  1.44678e-07	  6408	  9.04127e-09
434	  3.50419	  0.656281	  1.05594e-06	  1.55886e-07	  6360	  9.749e-09
435	  3.50419	  0.718743	  1.05594e-06	  1.55421e-07	  6336	  9.72359e-09
436	  3.50419	  0.781255	  1.05594e-06	  1.69205e-07	  6372	  1.05799e-08
437	  3.50419	  0.843774	  1.05594e-06	  1.769e-07	  6456	  1.10466e-08
438	  3.50419	  0.90628	  1.05594e-06	  1.88514e-07	  6360	  1.17895e-08
439	  3.50419	  0.968758	  1.05594e-06	  1.94014e-07	  6327	  1.21398e-08
440	  4.05763	  0.030936	  7.33777e-07	  7.9391e-08	  10392	  4.74834e-09
441	  4.05763	  0.0938307	  7.33777e-07	  7.66386e-08	  9420	  4.62156e-09
442	  4.05763	  0.156319	  7.33777e-07	  8.02243e-08	  10176	  4.80649e-09
443	  4.05763	  0.218712	  7.33777e-07	  7.85765e-08	  10260	  4.70457e-09
444	  4.05763	  0.281224	  7.33777e-07	  8.04196e-08	  9528	  4.84486e-09
445	  4.05763	  0.343807	  7.33777e-07	  8.33979e-08	  10140	  4.9981e-09
446	  4.05763	  0.406302	  7.33777e-07	  8.4519e-08	  9960	  5.07284e-09
447	  4.05763	  0.468745	  7.33777e-07	  8.71653e-08	  10068	  5.22697e-09
448	  4.05763	  0.531226	  7.33777e-07	  9.16918e-08	  9996	  5.50169e-09
449	  4.05763	  0.593785	  7.33777e-07	  9.53401e-08	  9828	  5.72871e-09
450	  4.05763	  0.656281	  7.33777e-07	  9.79807e-08	  10032	  5.87728e-09
451	  4.05763	  0.718743	  7.33777e-07	  1.04461e-07	  9924	  6.27163e-09
452	  4.05763	  0.781255	  7.33777e-07	  1.05124e-07	  10116	  6.30141e-09
453	  4.05763	  0.843774	  7.33777e-07	  1.10205e-07	  9888	  6.61855e-09
454	  4.05763	  0.90628	  7.33777e-07	  1.11278e-07	  10008	  6.67626e-09
455	  4.05763	  0.968758	  7.33777e-07	  1.14287e-07	  9978	  6.85847e-09
456	  4.69917	  0.030936	  5.08233e-07	  5.61215e-08	  13626	  3.28685e-09
457	  4.69917	  0.0938307	  5.08233e-07	  5.41886e-08	  16392	  3.13268e-09
458	  4.69917	  0.156319	  5.08233e-07	  5.40108e-08	  15708	  3.13148e-09
459	  4.69917	  0.218712	  5.08233e-07	  5.41019e-08	  15432	  3.14061e-09
460	  4.69917	  0.281224	  5.08233e-07	  5.43024e-08	  15780	  3.1474e-09
461	  4.69917	  0.343807	  5.08233e-07	  5.40762e-08	  15300	  3.14099e-09
462	  4.69917	  0.406302	  5.08233e-07	  5.64151e-08	  15588	  3.27261e-09
463	  4.69917	  0.468745	  5.08233e-07	  5.64954e-08	  15396	  3.28008e-09
464	  4.69917	  0.531226	  5.08233e-07	  5.95619e-08	  15504	  3.45645e-09
465	  4.69917	  0.593785	  5.08233e-07	  6.11541e-08	  15660	  3.54639e-09
466	  4.69917	  0.656281	  5.08233e-07	  6.23934e-08	  15192	  3.62588e-09
467	  4.69917	  0.718743	  5.08233e-07	  6.22036e-08	  15600	  3.60821e-09
468	  4.69917	  0.781255	  5.08233e-07	  6.33988e-08	  15216	  3.6839e-09
469	  4.69917	  0.843774	  5.08233e-07	  6.49956e-08	  15516	  3.77157e-09
470	  4.69917	  0.90628	  5.08233e-07	  6.43349e-08	  15540	  3.73283e-09
471	  4.69917	  0.968758	  5.08233e-07	  6.54415e-08	  15405	  3.79933e-09
472	  5.4432	  0.030936	  3.51122e-07	  3.83892e-08	  26250	  2.1564e-09
473	  5.4432	  0.0938307	  3.51122e-07	  3.69816e-08	  22392	  2.09622e-09
474	  5.4432	  0.156319	  3.51122e-07	  3.70493e-08	  24516	  2.08909e-09
475	  5.4432	  0.218712	  3.51122e-07	  3.72475e-08	  23592	  2.10488e-09
476	  5.4432	  0.281224	  3.51122e-07	  3.62613e-08	  24264	  2.04585e-09
477	  5.4432	  0.343807	  3.51122e-07	  3.65961e-08	  23928	  2.06639e-09
478	  5.4432	  0.406302	  3.51122e-07	  3.65351e-08	  24120	  2.062e-09
479	  5.4432	  0.468745	  3.51122e-07	  3.70879e-08	  23964	  2.09397e-09
480	  5.4432	  0.531226	  3.51122e-07	  3.69478e-08	  24060	  2.08559e-09
481	  5.4432	  0.593785	  3.51122e-07	  3.71378e-08	  24108	  2.09607e-09
482	  5.4432	  0.656281	  3.51122e-07	  3.74319e-08	  24228	  2.11208e-09
483	  5.4432	  0.718743	  3.51122e-07	  3.74378e-08	  24144	  2.11283e-09
484	  5.4432	  0.781255	  3.51122e-07	  3.67351e-08	  23940	  2.07418e-09
485	  5.4432	  0.843774	  3.51122e-07	  3.60565e-08	  24192	  2.03464e-09
486	  5.4432	  0.90628	  3.51122e-07	  3.45269e-08	  23988	  1.94927e-09
487	  5.4432	  0.968758	  3.51122e-07	  3.38849e-08	  24141	  1.91233e-09
488	  6.30378	  0.030936	  2.42177e-07	  2.63418e-08	  35082	  1.45773e-09
489	  6.30378	  0.0938307	  2.42177e-07	  2.49821e-08	  39108	  1.37543e-09
490	  6.30378	  0.156319	  2.42177e-07	  2.48938e-08	  36924	  1.37424e-09
491	  6.30378	  0.218712	  2.42177e-07	  2.42344e-08	  37692	  1.33655e-09
492	  6.30378	  0.281224	  2.42177e-07	  2.37816e-08	  37092	  1.31256e-09
493	  6.30378	  0.343807	  2.42177e-07	  2.34601e-08	  37536	  1.2941e-09
494	  6.30378	  0.406302	  2.42177e-07	  2.30349e-08	  36984	  1.27153e-09
495	  6.30378	  0.468745	  2.42177e-07	  2.26861e-08	  37428	  1.25157e-09
496	  6.30378	  0.531226	  2.42177e-07	  2.23159e-08	  37392	  1.2312e-09
497	  6.30378	  0.593785	  2.42177e-07	  2.19597e-08	  37200	  1.21184e-09
498	  6.30378	  0.656281	  2.42177e-07	  2.12402e-08	  36924	  1.17255e-09
499	  6.30378	  0.718743	  2.42177e-07	  2.06637e-08	  37272	  1.14022e-09
500	  6.30378	  0.781255	  2.42177e-07	  1.95595e-08	  37284	  1.07927e-09
501	  6.30378	  0.843774	  2.42177e-07	  1.8472e-08	  37188	  1.01939e-09
502	  6.30378	  0.90628	  2.42177e-07	  1.74778e-08	  37320	  9.6436e-10
503	  6.30378	  0.968758	  2.42177e-07	  1.62568e-08	  37119	  8.97222e-10
504	  7.30029	  0.030936	  1.6662e-07	  1.75013e-08	  60258	  9.46361e-10
505	  7.30029	  0.0938307	  1.6662e-07	  1.64622e-08	  56916	  8.92115e-10
506	  7.30029	  0.156319	  1.6662e-07	  1.61446e-08	  56820	  8.74959e-10
507	  7.30029	  0.218712	  1.6662e-07	  1.56077e-08	  58716	  8.44798e-10
508	  7.30029	  0.281224	  1.6662e-07	  1.51271e-08	  57840	  8.19253e-10
509	  7.30029	  0.343807	  1.6662e-07	  1.469e-08	  57612	  7.95704e-10
510	  7.30029	  0.406302	  1.6662e-07	  1.39418e-08	  58464	  7.54751e-10
511	  7.30029	  0.468745	  1.6662e-07	  1.34775e-08	  57948	  7.29862e-10
512	  7.30029	  0.531226	  1.6662e-07	  1.28137e-08	  57708	  6.94025e-10
513	  7.30029	  0.593785	  1.6662e-07	  1.20964e-08	  58236	  6.54945e-10
514	  7.30029	  0.656281	  1.6662e-07	  1.1412e-08	  58008	  6.17982e-10
515	  7.30029	  0.718743	  1.6662e-07	  1.06653e-08	  58200	  5.77477e-10
516	  7.30029	  0.781255	  1.6662e-07	  9.69689e-09	  58128	  5.25065e-10
517	  7.30029	  0.843774	  1.6662e-07	  8.88793e-09	  57972	  4.81311e-10
518	  7.30029	  0.90628	  1.6662e-07	  8.15197e-09	  57960	  4.41459e-10
519	  7.30029	  0.968758	  1.6662e-07	  7.18548e-09	  58122	  3.89078e-10
520	  8.455	  0.030936	  1.14435e-07	  1.14118e-08	  90198	  6.08589e-10
521	  8.455	  0.0938307	  1.14435e-07	  1.06392e-08	  89292	  5.67565e-10
522	  8.455	  0.156319	  1.14435e-07	  1.02454e-08	  90804	  5.4627e-10
523	  8.455	  0.218712	  1.14435e-07	  9.65804e-09	  89628	  5.15162e-10
524	  8.455	  0.281224	  1.14435e-07	  9.14508e-09	  89844	  4.87764e-10
525	  8.455	  0.343807	  1.14435e-07	  8.60658e-09	  90636	  4.58917e-10
526	  8.455	  0.406302	  1.14435e-07	  8.09057e-09	  89628	  4.31553e-10
527	  8.455	  0.468745	  1.14435e-07	  7.4047e-09	  89772	  3.94949e-10
528	  8.455	  0.531226	  1.14435e-07	  6.83792e-09	  90324	  3.64648e-10
529	  8.455	  0.593785	  1.14435e-07	  6.17859e-09	  89784	  3.2955e-10
530	  8.455	  0.656281	  1.14435e-07	  5.57258e-09	  90216	  2.97182e-10
531	  8.455	  0.718743	  1.14435e-07	  4.99227e-09	  89796	  2.66273e-10
532	  8.455	  0.781255	  1.14435e-07	  4.46162e-09	  90120	  2.37943e-10
533	  8.455	  0.843774	  1.14435e-07	  3.87839e-09	  90132	  2.06838e-10
534	  8.455	  0.90628	  1.14435e-07	  3.40864e-09	  89916	  1.81799e-10
535	  8.455	  0.968758	  1.14435e-07	  2.8932e-09	  89964	  1.54306e-10
536	  9.79129	  0.030936	  7.84361e-08	  7.16693e-09	  139068	  3.77565e-10
537	  9.79129	  0.0938307	  7.84361e-08	  6.50748e-09	  141180	  3.42693e-10
538	  9.79129	  0.156319	  7.84361e-08	  6.17952e-09	  139380	  3.25528e-10
539	  9.79129	  0.218712	  7.84361e-08	  5.74379e-09	  138804	  3.02606e-10
540	  9.79129	  0.281224	  7.84361e-08	  5.27373e-09	  140952	  2.77734e-10
541	  9.79129	  0.343807	  7.84361e-08	  4.72968e-09	  139668	  2.49139e-10
542	  9.79129	  0.406302	  7.84361e-08	  4.28288e-09	  139464	  2.25613e-10
543	  9.79129	  0.468745	  7.84361e-08	  3.8122e-09	  139812	  2.00805e-10
544	  9.79129	  0.531226	  7.84361e-08	  3.31425e-09	  139884	  1.74574e-10
545	  9.79129	  0.593785	  7.84361e-08	  2.90971e-09	  140184	  1.53257e-10
546	  9.79129	  0.656281	  7.84361e-08	  2.52197e-09	  139404	  1.32853e-10
547	  9.79129	  0.718743	  7.84361e-08	  2.15515e-09	  139932	  1.13519e-10
548	  9.79129	  0.781255	  7.84361e-08	  1.82879e-09	  139980	  9.63274e-11
549	  9.79129	  0.843774	  7.84361e-08	  1.55033e-09	  139632	  8.16654e-11
550	  9.79129	  0.90628	  7.84361e-08	  1.28593e-09	  140088	  6.77324e-11
551	  9.79129	  0.968758	  7.84361e-08	  1.04346e-09	  139623	  5.49654e-11
