#n	   k	      mu	    PL	    Pf	     w	     err  
0	  0.10472	  1	  0.0037933	  0.000473084	  3	  0.000296789
1	  0.20944	  1	  0.00133278	  0.000129031	  3	  8.09476e-05
2	  0.314159	  1	  0.00060896	  0.000125212	  3	  7.85521e-05
3	  0.418879	  1	  0.00034182	  2.45722e-05	  3	  1.54153e-05
4	  0.523599	  1	  0.000214165	  7.0925e-06	  3	  4.44948e-06
5	  0.628319	  1	  0.000144299	  2.98284e-05	  3	  1.87129e-05
6	  0.733038	  1	  0.000102766	  1.51636e-05	  3	  9.51289e-06
7	  0.837758	  1	  7.61654e-05	  1.34169e-05	  3	  8.41712e-06
8	  0.942478	  1	  5.82302e-05	  2.18917e-06	  3	  1.37338e-06
9	  0.10472	  0	  0.0037933	  7.56588e-05	  6	  3.46705e-05
10	  0.148096	  0.707107	  0.00241055	  0.000109923	  12	  3.72282e-05
11	  0.23416	  0.894427	  0.00104482	  0.000136731	  12	  4.63072e-05
12	  0.331153	  0.948683	  0.000554061	  5.39197e-05	  12	  1.82613e-05
13	  0.431771	  0.970143	  0.000320665	  2.80275e-05	  12	  9.49222e-06
14	  0.533968	  0.980581	  0.000205289	  2.01037e-05	  12	  6.80862e-06
15	  0.636985	  0.986394	  0.000140111	  1.0868e-05	  12	  3.68073e-06
16	  0.74048	  0.989949	  0.000100435	  1.49298e-05	  12	  5.05634e-06
17	  0.844278	  0.992278	  7.48203e-05	  6.91332e-06	  12	  2.34137e-06
18	  0.948278	  0.993884	  5.74466e-05	  6.62296e-06	  12	  2.24303e-06
19	  0.148096	  0	  0.00241055	  4.02991e-05	  6	  1.8467e-05
20	  0.18138	  0.57735	  0.0016626	  5.56572e-05	  12	  1.88497e-05
21	  0.25651	  0.816497	  0.000909659	  6.2456e-05	  12	  2.11523e-05
22	  0.347316	  0.904534	  0.000501017	  3.71483e-05	  12	  1.25812e-05
23	  0.444288	  0.942809	  0.000302482	  2.6947e-05	  12	  9.12629e-06
24	  0.54414	  0.96225	  0.000197236	  1.93094e-05	  12	  6.53961e-06
25	  0.645536	  0.973329	  0.000136072	  1.28166e-05	  12	  4.34065e-06
26	  0.747849	  0.980196	  9.82357e-05	  7.45534e-06	  12	  2.52494e-06
27	  0.850747	  0.984732	  7.34906e-05	  8.79666e-06	  12	  2.97921e-06
28	  0.954042	  0.987878	  5.66677e-05	  6.7527e-06	  12	  2.28697e-06
29	  0.20944	  0	  0.00133278	  2.44318e-05	  6	  1.11958e-05
30	  0.23416	  0.447214	  0.00104482	  4.12284e-05	  12	  1.3963e-05
31	  0.296192	  0.707107	  0.000677885	  5.04002e-05	  12	  1.70693e-05
32	  0.377572	  0.83205	  0.000422205	  3.33161e-05	  12	  1.12833e-05
33	  0.468321	  0.894427	  0.000271367	  2.75239e-05	  12	  9.32167e-06
34	  0.563933	  0.928477	  0.000182555	  1.01326e-05	  12	  3.43166e-06
35	  0.662306	  0.948683	  0.000128648	  9.68361e-06	  12	  3.2796e-06
36	  0.762371	  0.961524	  9.41368e-05	  1.14253e-05	  12	  3.86948e-06
37	  0.863541	  0.970143	  7.11145e-05	  2.57919e-06	  12	  8.73508e-07
38	  0.965468	  0.976187	  5.5124e-05	  4.12103e-06	  12	  1.39569e-06
39	  0.23416	  0	  0.00104482	  2.55348e-05	  12	  8.64801e-06
40	  0.25651	  0.408248	  0.000909659	  2.4502e-05	  24	  6.22655e-06
41	  0.314159	  0.666667	  0.00060896	  3.37286e-05	  24	  8.57125e-06
42	  0.391825	  0.801784	  0.000393178	  2.48036e-05	  24	  6.30318e-06
43	  0.479886	  0.872872	  0.000257585	  2.79759e-05	  24	  7.10936e-06
44	  0.573574	  0.912871	  0.000175943	  1.31033e-05	  24	  3.32986e-06
45	  0.670534	  0.937043	  0.000125138	  7.90618e-06	  24	  2.00915e-06
46	  0.76953	  0.952579	  9.21163e-05	  7.85298e-06	  24	  1.99563e-06
47	  0.869868	  0.963087	  6.99396e-05	  6.18455e-06	  24	  1.57164e-06
48	  0.971131	  0.970495	  5.43589e-05	  5.28187e-06	  24	  1.34225e-06
49	  0.296192	  0	  0.000677885	  1.45433e-05	  6	  6.66446e-06
50	  0.314159	  0.333333	  0.00060896	  1.85264e-05	  12	  6.27444e-06
51	  0.36276	  0.57735	  0.000456691	  1.5614e-05	  12	  5.28808e-06
52	  0.431771	  0.727607	  0.000320665	  2.12518e-05	  12	  7.19745e-06
53	  0.51302	  0.816497	  0.000223509	  1.68447e-05	  12	  5.70488e-06
54	  0.601569	  0.870388	  0.000158789	  1.34197e-05	  12	  4.54491e-06
55	  0.694632	  0.904534	  0.000115719	  1.40983e-05	  12	  4.77475e-06
56	  0.790617	  0.927173	  8.67475e-05	  7.81786e-06	  12	  2.64771e-06
57	  0.888577	  0.942809	  6.66369e-05	  5.98304e-06	  12	  2.02631e-06
58	  0.987924	  0.953998	  5.2307e-05	  2.75483e-06	  12	  9.32993e-07
59	  0.314159	  0	  0.00060896	  1.90754e-05	  6	  8.74128e-06
60	  0.331153	  0.316228	  0.000554061	  1.50949e-05	  12	  5.11228e-06
61	  0.377572	  0.5547	  0.000422205	  2.1791e-05	  12	  7.38008e-06
62	  0.444288	  0.707107	  0.000302482	  1.15583e-05	  12	  3.9145e-06
63	  0.523599	  0.8	  0.000214165	  1.70822e-05	  12	  5.7853e-06
64	  0.610616	  0.857493	  0.000153609	  7.26272e-06	  12	  2.4597e-06
65	  0.702481	  0.894427	  0.000112929	  8.66266e-06	  12	  2.93383e-06
66	  0.797522	  0.919145	  8.50375e-05	  7.1458e-06	  12	  2.4201e-06
67	  0.894726	  0.936329	  6.56091e-05	  4.20505e-06	  12	  1.42414e-06
68	  0.993459	  0.948683	  5.16337e-05	  4.52056e-06	  12	  1.531e-06
69	  0.331153	  0	  0.000554061	  1.17419e-05	  12	  3.9767e-06
70	  0.347316	  0.301511	  0.000501017	  1.06877e-05	  24	  2.71601e-06
71	  0.391825	  0.534522	  0.000393178	  1.09986e-05	  24	  2.79502e-06
72	  0.456463	  0.688247	  0.000286294	  2.11485e-05	  24	  5.37434e-06
73	  0.533968	  0.784465	  0.000205289	  1.1706e-05	  24	  2.97478e-06
74	  0.61953	  0.845154	  0.000148921	  7.625e-06	  24	  1.9377e-06
75	  0.710244	  0.884652	  0.000110234	  1.32517e-05	  24	  3.36757e-06
76	  0.804368	  0.911322	  8.34695e-05	  6.36811e-06	  24	  1.61829e-06
77	  0.900833	  0.929981	  6.45884e-05	  5.24873e-06	  24	  1.33383e-06
78	  0.998963	  0.943456	  5.09642e-05	  3.45897e-06	  24	  8.79007e-07
79	  0.377572	  0	  0.000422205	  9.79199e-06	  12	  3.3163e-06
80	  0.391825	  0.267261	  0.000393178	  7.20842e-06	  24	  1.83183e-06
81	  0.431771	  0.485071	  0.000320665	  1.32716e-05	  24	  3.37263e-06
82	  0.491179	  0.639602	  0.000245153	  9.16779e-06	  24	  2.32976e-06
83	  0.563933	  0.742781	  0.000182555	  1.23314e-05	  24	  3.13371e-06
84	  0.645536	  0.811107	  0.000136072	  1.02464e-05	  24	  2.60386e-06
85	  0.733038	  0.857143	  0.000102766	  8.64608e-06	  24	  2.19718e-06
86	  0.824564	  0.889001	  7.88875e-05	  4.29465e-06	  24	  1.09137e-06
87	  0.918912	  0.911685	  6.17322e-05	  6.12747e-06	  24	  1.55714e-06
88	  0.418879	  0	  0.00034182	  2.12926e-06	  6	  9.75728e-07
89	  0.431771	  0.242536	  0.000320665	  5.31481e-06	  12	  1.79999e-06
90	  0.468321	  0.447214	  0.000271367	  1.03202e-05	  12	  3.49519e-06
91	  0.523599	  0.6	  0.000214165	  9.1728e-06	  12	  3.1066e-06
92	  0.592384	  0.707107	  0.000164113	  4.37039e-06	  12	  1.48014e-06
93	  0.670534	  0.780869	  0.000125138	  9.59632e-06	  12	  3.25004e-06
94	  0.755145	  0.83205	  9.61764e-05	  5.72033e-06	  12	  1.93733e-06
95	  0.844278	  0.868243	  7.48203e-05	  5.6392e-06	  12	  1.90986e-06
96	  0.936642	  0.894427	  5.90687e-05	  2.78691e-06	  12	  9.43856e-07
97	  0.431771	  0	  0.000320665	  5.01158e-06	  12	  1.6973e-06
98	  0.444288	  0.235702	  0.000302482	  3.57283e-06	  24	  9.07943e-07
99	  0.479886	  0.436436	  0.000257585	  1.11583e-05	  24	  2.83559e-06
100	  0.533968	  0.588348	  0.000205289	  6.19756e-06	  24	  1.57495e-06
101	  0.601569	  0.696311	  0.000158789	  6.06199e-06	  24	  1.5405e-06
102	  0.678662	  0.771517	  0.000121881	  5.04614e-06	  24	  1.28235e-06
103	  0.762371	  0.824163	  9.41368e-05	  7.55399e-06	  24	  1.91965e-06
104	  0.850747	  0.86164	  7.34906e-05	  6.44893e-06	  24	  1.63883e-06
105	  0.942478	  0.888889	  5.82302e-05	  5.14981e-06	  24	  1.30869e-06
106	  0.444288	  0	  0.000302482	  4.92988e-06	  6	  2.25911e-06
107	  0.456463	  0.229416	  0.000286294	  9.13556e-06	  12	  3.09399e-06
108	  0.491179	  0.426401	  0.000245153	  7.46368e-06	  12	  2.52776e-06
109	  0.54414	  0.57735	  0.000197236	  2.59395e-06	  12	  8.78507e-07
110	  0.610616	  0.685994	  0.000153609	  8.94944e-06	  12	  3.03095e-06
111	  0.686693	  0.762493	  0.000118782	  6.02422e-06	  12	  2.04025e-06
112	  0.76953	  0.816497	  9.21163e-05	  5.71381e-06	  12	  1.93513e-06
113	  0.857168	  0.855186	  7.22981e-05	  3.48145e-06	  12	  1.17908e-06
114	  0.948278	  0.883452	  5.74466e-05	  2.49109e-06	  12	  8.43671e-07
115	  0.468321	  0	  0.000271367	  6.2913e-06	  12	  2.13071e-06
116	  0.479886	  0.218218	  0.000257585	  8.60447e-06	  24	  2.1866e-06
117	  0.51302	  0.408248	  0.000223509	  8.47077e-06	  24	  2.15263e-06
118	  0.563933	  0.557086	  0.000182555	  8.33888e-06	  24	  2.11911e-06
119	  0.628319	  0.666667	  0.000144299	  6.7073e-06	  24	  1.70449e-06
120	  0.702481	  0.745356	  0.000112929	  6.89733e-06	  24	  1.75278e-06
121	  0.783651	  0.801784	  8.85207e-05	  5.96878e-06	  24	  1.51681e-06
122	  0.869868	  0.842701	  6.99396e-05	  4.16145e-06	  24	  1.05752e-06
123	  0.959772	  0.872872	  5.58936e-05	  3.62934e-06	  24	  9.22302e-07
124	  0.523599	  0	  0.000214165	  4.2888e-06	  18	  1.22532e-06
125	  0.533968	  0.196116	  0.000205289	  4.1408e-06	  36	  8.97173e-07
126	  0.563933	  0.371391	  0.000182555	  3.87244e-06	  36	  8.3903e-07
127	  0.610616	  0.514496	  0.000153609	  4.7395e-06	  36	  1.02689e-06
128	  0.670534	  0.624695	  0.000125138	  4.92631e-06	  36	  1.06737e-06
129	  0.74048	  0.707107	  0.000100435	  5.4869e-06	  36	  1.18883e-06
130	  0.817887	  0.768221	  8.03727e-05	  4.51082e-06	  36	  9.77345e-07
131	  0.900833	  0.813733	  6.45884e-05	  3.74052e-06	  36	  8.10446e-07
132	  0.987924	  0.847998	  5.2307e-05	  3.44555e-06	  36	  7.46537e-07
133	  0.533968	  0	  0.000205289	  4.01303e-06	  12	  1.35911e-06
134	  0.54414	  0.19245	  0.000197236	  5.78653e-06	  24	  1.4705e-06
135	  0.573574	  0.365148	  0.000175943	  3.92414e-06	  24	  9.97218e-07
136	  0.61953	  0.507093	  0.000148921	  5.18424e-06	  24	  1.31744e-06
137	  0.678662	  0.617213	  0.000121881	  5.09386e-06	  24	  1.29447e-06
138	  0.747849	  0.70014	  9.82357e-05	  4.63737e-06	  24	  1.17847e-06
139	  0.824564	  0.762001	  7.88875e-05	  1.9767e-06	  24	  5.02326e-07
140	  0.9069	  0.80829	  6.35745e-05	  4.35279e-06	  24	  1.10615e-06
141	  0.993459	  0.843274	  5.16337e-05	  3.31625e-06	  24	  8.42739e-07
142	  0.563933	  0	  0.000182555	  1.61042e-06	  12	  5.45409e-07
143	  0.573574	  0.182574	  0.000175943	  3.25669e-06	  24	  8.27603e-07
144	  0.601569	  0.348155	  0.000158789	  4.47916e-06	  24	  1.13826e-06
145	  0.645536	  0.486664	  0.000136072	  4.99027e-06	  24	  1.26815e-06
146	  0.702481	  0.596285	  0.000112929	  5.48001e-06	  24	  1.3926e-06
147	  0.76953	  0.680414	  9.21163e-05	  3.04517e-06	  24	  7.73851e-07
148	  0.844278	  0.744208	  7.48203e-05	  4.92993e-06	  24	  1.25282e-06
149	  0.92486	  0.792594	  6.08387e-05	  3.56048e-06	  24	  9.04805e-07
150	  0.592384	  0	  0.000164113	  1.132e-06	  6	  5.18737e-07
151	  0.601569	  0.174078	  0.000158789	  2.48394e-06	  12	  8.4125e-07
152	  0.628319	  0.333333	  0.000144299	  3.53118e-06	  12	  1.19592e-06
153	  0.670534	  0.468521	  0.000125138	  3.03867e-06	  12	  1.02912e-06
154	  0.72552	  0.57735	  0.000105121	  5.70338e-06	  12	  1.93159e-06
155	  0.790617	  0.662266	  8.67475e-05	  4.02618e-06	  12	  1.36357e-06
156	  0.863541	  0.727607	  7.11145e-05	  3.55201e-06	  12	  1.20298e-06
157	  0.942478	  0.777778	  5.82302e-05	  2.6624e-06	  12	  9.01689e-07
158	  0.610616	  0	  0.000153609	  2.70965e-06	  12	  9.17691e-07
159	  0.61953	  0.169031	  0.000148921	  3.07794e-06	  24	  7.8218e-07
160	  0.645536	  0.324443	  0.000136072	  3.60233e-06	  24	  9.15438e-07
161	  0.686693	  0.457496	  0.000118782	  3.91401e-06	  24	  9.94644e-07
162	  0.74048	  0.565685	  0.000100435	  3.38383e-06	  24	  8.59912e-07
163	  0.804368	  0.650945	  8.34695e-05	  4.50865e-06	  24	  1.14576e-06
164	  0.876148	  0.717137	  6.87731e-05	  3.67201e-06	  24	  9.33145e-07
165	  0.954042	  0.76835	  5.66677e-05	  3.04133e-06	  24	  7.72876e-07
166	  0.628319	  0	  0.000144299	  8.45046e-06	  6	  3.87241e-06
167	  0.636985	  0.164399	  0.000140111	  4.4547e-06	  12	  1.5087e-06
168	  0.662306	  0.316228	  0.000128648	  2.60418e-06	  12	  8.8197e-07
169	  0.702481	  0.447214	  0.000112929	  1.44926e-06	  12	  4.90829e-07
170	  0.755145	  0.5547	  9.61764e-05	  2.01741e-06	  12	  6.83246e-07
171	  0.817887	  0.640184	  8.03727e-05	  2.56226e-06	  12	  8.67775e-07
172	  0.888577	  0.707107	  6.66369e-05	  3.04752e-06	  12	  1.03212e-06
173	  0.965468	  0.759257	  5.5124e-05	  3.6401e-06	  12	  1.23281e-06
174	  0.636985	  0	  0.000140111	  4.27304e-06	  12	  1.44717e-06
175	  0.645536	  0.162221	  0.000136072	  2.33394e-06	  24	  5.9311e-07
176	  0.670534	  0.312348	  0.000125138	  2.47694e-06	  24	  6.2945e-07
177	  0.710244	  0.442326	  0.000110234	  3.39521e-06	  24	  8.62805e-07
178	  0.762371	  0.549442	  9.41368e-05	  4.22667e-06	  24	  1.0741e-06
179	  0.824564	  0.635001	  7.88875e-05	  2.14741e-06	  24	  5.45708e-07
180	  0.894726	  0.702247	  6.56091e-05	  2.151e-06	  24	  5.4662e-07
181	  0.971131	  0.754829	  5.43589e-05	  2.5448e-06	  24	  6.46695e-07
182	  0.662306	  0	  0.000128648	  2.52129e-06	  12	  8.539e-07
183	  0.670534	  0.156174	  0.000125138	  2.29047e-06	  24	  5.82063e-07
184	  0.694632	  0.301511	  0.000115719	  2.74249e-06	  24	  6.96933e-07
185	  0.733038	  0.428571	  0.000102766	  3.25581e-06	  24	  8.2738e-07
186	  0.783651	  0.534522	  8.85207e-05	  2.89961e-06	  24	  7.3686e-07
187	  0.844278	  0.620174	  7.48203e-05	  2.91085e-06	  24	  7.39716e-07
188	  0.912926	  0.688247	  6.26316e-05	  1.9917e-06	  24	  5.0614e-07
189	  0.987924	  0.741999	  5.2307e-05	  2.1396e-06	  24	  5.43725e-07
190	  0.670534	  0	  0.000125138	  2.91625e-06	  12	  9.87662e-07
191	  0.678662	  0.154303	  0.000121881	  1.97287e-06	  24	  5.01354e-07
192	  0.702481	  0.298142	  0.000112929	  3.2947e-06	  24	  8.37264e-07
193	  0.74048	  0.424264	  0.000100435	  2.50453e-06	  24	  6.36461e-07
194	  0.790617	  0.529813	  8.67475e-05	  2.72508e-06	  24	  6.92509e-07
195	  0.850747	  0.615457	  7.34906e-05	  2.00501e-06	  24	  5.09522e-07
196	  0.918912	  0.683763	  6.17322e-05	  2.88547e-06	  24	  7.33268e-07
197	  0.993459	  0.737865	  5.16337e-05	  2.51204e-06	  24	  6.3837e-07
198	  0.702481	  0	  0.000112929	  1.18313e-06	  12	  4.00697e-07
199	  0.710244	  0.147442	  0.000110234	  2.52929e-06	  24	  6.42752e-07
200	  0.733038	  0.285714	  0.000102766	  3.29056e-06	  24	  8.36212e-07
201	  0.76953	  0.408248	  9.21163e-05	  2.86613e-06	  24	  7.28352e-07
202	  0.817887	  0.512148	  8.03727e-05	  3.79913e-06	  24	  9.65452e-07
203	  0.876148	  0.597614	  6.87731e-05	  3.27219e-06	  24	  8.31541e-07
204	  0.942478	  0.666667	  5.82302e-05	  2.58729e-06	  24	  6.57493e-07
205	  0.733038	  0	  0.000102766	  2.37975e-06	  6	  1.09052e-06
206	  0.74048	  0.141421	  0.000100435	  2.14517e-06	  12	  7.26516e-07
207	  0.762371	  0.274721	  9.41368e-05	  1.80545e-06	  12	  6.11461e-07
208	  0.797522	  0.393919	  8.50375e-05	  2.24482e-06	  12	  7.60264e-07
209	  0.844278	  0.496139	  7.48203e-05	  2.85948e-06	  12	  9.68434e-07
210	  0.900833	  0.581238	  6.45884e-05	  2.85936e-06	  12	  9.68395e-07
211	  0.965468	  0.650791	  5.5124e-05	  2.56835e-06	  12	  8.69835e-07
212	  0.74048	  0	  0.000100435	  2.25787e-06	  18	  6.45078e-07
213	  0.747849	  0.140028	  9.82357e-05	  2.81998e-06	  36	  6.10996e-07
214	  0.76953	  0.272166	  9.21163e-05	  2.15609e-06	  36	  4.67153e-07
215	  0.804368	  0.390567	  8.34695e-05	  3.11114e-06	  36	  6.7408e-07
216	  0.850747	  0.492366	  7.34906e-05	  1.97131e-06	  36	  4.27118e-07
217	  0.9069	  0.57735	  6.35745e-05	  1.96055e-06	  36	  4.24785e-07
218	  0.971131	  0.646997	  5.43589e-05	  3.13046e-06	  36	  6.78265e-07
219	  0.755145	  0	  9.61764e-05	  1.35518e-06	  12	  4.58966e-07
220	  0.762371	  0.137361	  9.41368e-05	  2.78489e-06	  24	  7.07709e-07
221	  0.783651	  0.267261	  8.85207e-05	  2.4024e-06	  24	  6.10508e-07
222	  0.817887	  0.384111	  8.03727e-05	  2.40677e-06	  24	  6.11617e-07
223	  0.863541	  0.485071	  7.11145e-05	  1.3947e-06	  24	  3.54428e-07
224	  0.918912	  0.569803	  6.17322e-05	  2.33768e-06	  24	  5.94061e-07
225	  0.982358	  0.639602	  5.2984e-05	  1.57488e-06	  24	  4.00214e-07
226	  0.762371	  0	  9.41368e-05	  1.17224e-06	  12	  3.97008e-07
227	  0.76953	  0.136083	  9.21163e-05	  2.57615e-06	  24	  6.54661e-07
228	  0.790617	  0.264906	  8.67475e-05	  1.81531e-06	  24	  4.61313e-07
229	  0.824564	  0.381	  7.88875e-05	  1.91703e-06	  24	  4.87163e-07
230	  0.869868	  0.481543	  6.99396e-05	  1.35285e-06	  24	  3.43792e-07
231	  0.92486	  0.566139	  6.08387e-05	  2.47344e-06	  24	  6.2856e-07
232	  0.987924	  0.635999	  5.2307e-05	  1.78853e-06	  24	  4.54509e-07
233	  0.797522	  0	  8.50375e-05	  1.93677e-06	  12	  6.55934e-07
234	  0.804368	  0.130189	  8.34695e-05	  2.64685e-06	  24	  6.72629e-07
235	  0.824564	  0.254	  7.88875e-05	  1.71124e-06	  24	  4.34867e-07
236	  0.857168	  0.366508	  7.22981e-05	  1.85475e-06	  24	  4.71338e-07
237	  0.900833	  0.464991	  6.45884e-05	  1.78515e-06	  24	  4.5365e-07
238	  0.954042	  0.548821	  5.66677e-05	  2.16324e-06	  24	  5.49731e-07
239	  0.817887	  0	  8.03727e-05	  1.4125e-06	  12	  4.7838e-07
240	  0.824564	  0.127	  7.88875e-05	  1.39788e-06	  24	  3.55235e-07
241	  0.844278	  0.248069	  7.48203e-05	  1.75732e-06	  24	  4.46578e-07
242	  0.876148	  0.358569	  6.87731e-05	  2.15625e-06	  24	  5.47954e-07
243	  0.918912	  0.455842	  6.17322e-05	  2.04609e-06	  24	  5.1996e-07
244	  0.971131	  0.539164	  5.43589e-05	  2.40667e-06	  24	  6.11592e-07
245	  0.837758	  0	  7.61654e-05	  1.95739e-06	  6	  8.96972e-07
246	  0.844278	  0.124035	  7.48203e-05	  2.52084e-06	  12	  8.53745e-07
247	  0.863541	  0.242536	  7.11145e-05	  8.42149e-07	  12	  2.85215e-07
248	  0.894726	  0.351123	  6.56091e-05	  1.59565e-06	  12	  5.40406e-07
249	  0.936642	  0.447214	  5.90687e-05	  1.68129e-06	  12	  5.69411e-07
250	  0.987924	  0.529999	  5.2307e-05	  2.64489e-06	  12	  8.95758e-07
251	  0.844278	  0	  7.48203e-05	  2.20114e-06	  24	  5.59362e-07
252	  0.850747	  0.123091	  7.34906e-05	  1.96498e-06	  48	  3.8187e-07
253	  0.869868	  0.240772	  6.99396e-05	  1.54555e-06	  48	  3.00358e-07
254	  0.900833	  0.348743	  6.45884e-05	  1.88101e-06	  48	  3.65551e-07
255	  0.942478	  0.444444	  5.82302e-05	  1.70067e-06	  48	  3.30503e-07
256	  0.993459	  0.527046	  5.16337e-05	  1.89527e-06	  48	  3.68323e-07
257	  0.863541	  0	  7.11145e-05	  1.05101e-06	  12	  3.55952e-07
258	  0.869868	  0.120386	  6.99396e-05	  1.67158e-06	  24	  4.2479e-07
259	  0.888577	  0.235702	  6.66369e-05	  1.56427e-06	  24	  3.97518e-07
260	  0.918912	  0.341882	  6.17322e-05	  1.78982e-06	  24	  4.54836e-07
261	  0.959772	  0.436436	  5.58936e-05	  1.61136e-06	  24	  4.09485e-07
262	  0.888577	  0	  6.66369e-05	  1.4393e-06	  6	  6.59556e-07
263	  0.894726	  0.117041	  6.56091e-05	  1.06003e-06	  12	  3.59005e-07
264	  0.912926	  0.229416	  6.26316e-05	  1.61732e-06	  12	  5.47747e-07
265	  0.942478	  0.333333	  5.82302e-05	  1.74339e-06	  12	  5.90444e-07
266	  0.982358	  0.426401	  5.2984e-05	  1.58184e-06	  12	  5.35731e-07
267	  0.894726	  0	  6.56091e-05	  1.10128e-06	  12	  3.72976e-07
268	  0.900833	  0.116248	  6.45884e-05	  1.32481e-06	  24	  3.36666e-07
269	  0.918912	  0.227921	  6.17322e-05	  1.8232e-06	  24	  4.6332e-07
270	  0.948278	  0.331295	  5.74466e-05	  1.69268e-06	  24	  4.30152e-07
271	  0.987924	  0.423999	  5.2307e-05	  1.54942e-06	  24	  3.93746e-07
272	  0.900833	  0	  6.45884e-05	  1.90271e-06	  12	  6.44401e-07
273	  0.9069	  0.11547	  6.35745e-05	  1.45449e-06	  24	  3.6962e-07
274	  0.92486	  0.226455	  6.08387e-05	  1.1429e-06	  24	  2.90438e-07
275	  0.954042	  0.329293	  5.66677e-05	  1.68711e-06	  24	  4.28735e-07
276	  0.993459	  0.421637	  5.16337e-05	  1.44541e-06	  24	  3.67315e-07
277	  0.936642	  0	  5.90687e-05	  1.12873e-06	  12	  3.82274e-07
278	  0.942478	  0.111111	  5.82302e-05	  1.42759e-06	  24	  3.62785e-07
279	  0.959772	  0.218218	  5.58936e-05	  1.32682e-06	  24	  3.37177e-07
280	  0.987924	  0.317999	  5.2307e-05	  1.27007e-06	  24	  3.22756e-07
281	  0.942478	  0	  5.82302e-05	  2.28209e-06	  6	  1.04576e-06
282	  0.948278	  0.110432	  5.74466e-05	  1.75583e-06	  12	  5.94656e-07
283	  0.965468	  0.21693	  5.5124e-05	  1.44023e-06	  12	  4.87769e-07
284	  0.993459	  0.316228	  5.16337e-05	  1.68246e-06	  12	  5.69806e-07
285	  0.948278	  0	  5.74466e-05	  1.54725e-06	  12	  5.24014e-07
286	  0.954042	  0.109764	  5.66677e-05	  1.32378e-06	  24	  3.36404e-07
287	  0.971131	  0.215666	  5.43589e-05	  1.10068e-06	  24	  2.79709e-07
288	  0.998963	  0.314485	  5.09642e-05	  1.20168e-06	  24	  3.05375e-07
289	  0.965468	  0	  5.5124e-05	  1.19249e-06	  24	  3.03041e-07
290	  0.971131	  0.107833	  5.43589e-05	  1.34173e-06	  48	  2.60748e-07
291	  0.987924	  0.212	  5.2307e-05	  1.44839e-06	  48	  2.81476e-07
292	  0.987924	  0	  5.2307e-05	  1.29205e-06	  12	  4.37586e-07
293	  0.993459	  0.105409	  5.16337e-05	  1.29717e-06	  24	  3.29641e-07
294	  0.993459	  0	  5.16337e-05	  1.16104e-06	  12	  3.93216e-07
295	  0.998963	  0.104828	  5.09642e-05	  1.09992e-06	  24	  2.79517e-07
296	  1.08818	  0.030936	  4.18473e-05	  1.03878e-06	  138	  1.40366e-07
297	  1.08818	  0.0938307	  4.18473e-05	  9.61088e-07	  252	  1.08597e-07
298	  1.08818	  0.156319	  4.18473e-05	  8.64015e-07	  72	  1.45026e-07
299	  1.08818	  0.218712	  4.18473e-05	  9.85236e-07	  216	  1.16299e-07
300	  1.08818	  0.281224	  4.18473e-05	  1.13518e-06	  288	  1.2365e-07
301	  1.08818	  0.343807	  4.18473e-05	  1.10885e-06	  120	  1.56667e-07
302	  1.08818	  0.406302	  4.18473e-05	  1.52168e-06	  180	  1.89503e-07
303	  1.08818	  0.468745	  4.18473e-05	  1.39467e-06	  180	  1.73686e-07
304	  1.08818	  0.531226	  4.18473e-05	  1.63579e-06	  192	  1.99842e-07
305	  1.08818	  0.593785	  4.18473e-05	  2.05459e-06	  192	  2.51007e-07
306	  1.08818	  0.656281	  4.18473e-05	  1.63194e-06	  168	  2.07504e-07
307	  1.08818	  0.718743	  4.18473e-05	  2.16902e-06	  228	  2.52098e-07
308	  1.08818	  0.781255	  4.18473e-05	  3.03069e-06	  144	  4.04091e-07
309	  1.08818	  0.843774	  4.18473e-05	  2.64706e-06	  240	  3.0322e-07
310	  1.08818	  0.90628	  4.18473e-05	  3.26355e-06	  168	  4.14966e-07
311	  1.08818	  0.968758	  4.18473e-05	  3.41246e-06	  150	  4.49249e-07
312	  1.25577	  0.030936	  2.99574e-05	  7.9822e-07	  198	  9.6638e-08
313	  1.25577	  0.0938307	  2.99574e-05	  8.32826e-07	  396	  8.34924e-08
314	  1.25577	  0.156319	  2.99574e-05	  7.88571e-07	  396	  7.90557e-08
315	  1.25577	  0.218712	  2.99574e-05	  7.35304e-07	  204	  8.82468e-08
316	  1.25577	  0.281224	  2.99574e-05	  8.90807e-07	  216	  1.05152e-07
317	  1.25577	  0.343807	  2.99574e-05	  8.73093e-07	  372	  8.89224e-08
318	  1.25577	  0.406302	  2.99574e-05	  1.00007e-06	  312	  1.06622e-07
319	  1.25577	  0.468745	  2.99574e-05	  9.80714e-07	  288	  1.06825e-07
320	  1.25577	  0.531226	  2.99574e-05	  1.28204e-06	  264	  1.43007e-07
321	  1.25577	  0.593785	  2.99574e-05	  1.24765e-06	  312	  1.33017e-07
322	  1.25577	  0.656281	  2.99574e-05	  1.28986e-06	  276	  1.42134e-07
323	  1.25577	  0.718743	  2.99574e-05	  1.50413e-06	  312	  1.60361e-07
324	  1.25577	  0.781255	  2.99574e-05	  1.79047e-06	  276	  1.97297e-07
325	  1.25577	  0.843774	  2.99574e-05	  1.7592e-06	  240	  2.01516e-07
326	  1.25577	  0.90628	  2.99574e-05	  1.99045e-06	  324	  2.10103e-07
327	  1.25577	  0.968758	  2.99574e-05	  2.30239e-06	  315	  2.44845e-07
328	  1.45182	  0.030936	  2.12529e-05	  5.58269e-07	  246	  6.35074e-08
329	  1.45182	  0.0938307	  2.12529e-05	  5.19583e-07	  516	  4.88525e-08
330	  1.45182	  0.156319	  2.12529e-05	  5.67155e-07	  504	  5.36208e-08
331	  1.45182	  0.218712	  2.12529e-05	  5.25403e-07	  528	  4.91353e-08
332	  1.45182	  0.281224	  2.12529e-05	  5.72375e-07	  504	  5.41144e-08
333	  1.45182	  0.343807	  2.12529e-05	  6.46622e-07	  384	  6.53289e-08
334	  1.45182	  0.406302	  2.12529e-05	  7.82e-07	  420	  7.72577e-08
335	  1.45182	  0.468745	  2.12529e-05	  6.92221e-07	  468	  6.6609e-08
336	  1.45182	  0.531226	  2.12529e-05	  7.92427e-07	  480	  7.57905e-08
337	  1.45182	  0.593785	  2.12529e-05	  7.96897e-07	  468	  7.66815e-08
338	  1.45182	  0.656281	  2.12529e-05	  8.56836e-07	  396	  8.58994e-08
339	  1.45182	  0.718743	  2.12529e-05	  9.82946e-07	  456	  9.5178e-08
340	  1.45182	  0.781255	  2.12529e-05	  1.16283e-06	  432	  1.14088e-07
341	  1.45182	  0.843774	  2.12529e-05	  1.19795e-06	  480	  1.14577e-07
342	  1.45182	  0.90628	  2.12529e-05	  1.36529e-06	  480	  1.30581e-07
343	  1.45182	  0.968758	  2.12529e-05	  1.61703e-06	  414	  1.60324e-07
344	  1.68148	  0.030936	  1.49789e-05	  3.88044e-07	  798	  3.31388e-08
345	  1.68148	  0.0938307	  1.49789e-05	  4.29496e-07	  708	  3.76162e-08
346	  1.68148	  0.156319	  1.49789e-05	  4.03098e-07	  684	  3.55678e-08
347	  1.68148	  0.218712	  1.49789e-05	  4.31349e-07	  720	  3.76429e-08
348	  1.68148	  0.281224	  1.49789e-05	  4.40285e-07	  708	  3.85612e-08
349	  1.68148	  0.343807	  1.49789e-05	  4.70874e-07	  720	  4.10921e-08
350	  1.68148	  0.406302	  1.49789e-05	  4.98516e-07	  672	  4.41565e-08
351	  1.68148	  0.468745	  1.49789e-05	  5.72494e-07	  732	  4.97847e-08
352	  1.68148	  0.531226	  1.49789e-05	  5.75926e-07	  672	  5.10131e-08
353	  1.68148	  0.593785	  1.49789e-05	  6.05599e-07	  708	  5.30398e-08
354	  1.68148	  0.656281	  1.49789e-05	  6.19178e-07	  744	  5.3659e-08
355	  1.68148	  0.718743	  1.49789e-05	  7.64894e-07	  744	  6.62871e-08
356	  1.68148	  0.781255	  1.49789e-05	  8.38563e-07	  696	  7.37138e-08
357	  1.68148	  0.843774	  1.49789e-05	  8.38484e-07	  708	  7.34363e-08
358	  1.68148	  0.90628	  1.49789e-05	  9.0061e-07	  696	  7.9168e-08
359	  1.68148	  0.968758	  1.49789e-05	  1.07508e-06	  741	  9.32482e-08
360	  1.94819	  0.030936	  1.04928e-05	  2.82618e-07	  1368	  2.1772e-08
361	  1.94819	  0.0938307	  1.04928e-05	  2.82638e-07	  924	  2.343e-08
362	  1.94819	  0.156319	  1.04928e-05	  2.95944e-07	  972	  2.42896e-08
363	  1.94819	  0.218712	  1.04928e-05	  3.25003e-07	  972	  2.66747e-08
364	  1.94819	  0.281224	  1.04928e-05	  2.94333e-07	  1200	  2.32133e-08
365	  1.94819	  0.343807	  1.04928e-05	  3.22921e-07	  1140	  2.57102e-08
366	  1.94819	  0.406302	  1.04928e-05	  3.44294e-07	  1080	  2.76912e-08
367	  1.94819	  0.468745	  1.04928e-05	  3.80932e-07	  1068	  3.0703e-08
368	  1.94819	  0.531226	  1.04928e-05	  3.5953e-07	  1164	  2.85145e-08
369	  1.94819	  0.593785	  1.04928e-05	  4.32738e-07	  1188	  3.41919e-08
370	  1.94819	  0.656281	  1.04928e-05	  4.40112e-07	  1068	  3.54728e-08
371	  1.94819	  0.718743	  1.04928e-05	  4.81249e-07	  1008	  3.92203e-08
372	  1.94819	  0.781255	  1.04928e-05	  5.26614e-07	  1164	  4.17661e-08
373	  1.94819	  0.843774	  1.04928e-05	  5.45069e-07	  1176	  4.3148e-08
374	  1.94819	  0.90628	  1.04928e-05	  5.80104e-07	  1080	  4.66572e-08
375	  1.94819	  0.968758	  1.04928e-05	  6.28506e-07	  1038	  5.09332e-08
376	  2.25604	  0.030936	  7.34078e-06	  2.1206e-07	  1896	  1.54732e-08
377	  2.25604	  0.0938307	  7.34078e-06	  2.14732e-07	  1272	  1.67574e-08
378	  2.25604	  0.156319	  7.34078e-06	  2.09253e-07	  2040	  1.50956e-08
379	  2.25604	  0.218712	  7.34078e-06	  2.22872e-07	  1740	  1.64866e-08
380	  2.25604	  0.281224	  7.34078e-06	  2.29034e-07	  1584	  1.72064e-08
381	  2.25604	  0.343807	  7.34078e-06	  2.31358e-07	  1764	  1.70764e-08
382	  2.25604	  0.406302	  7.34078e-06	  2.40835e-07	  1632	  1.80033e-08
383	  2.25604	  0.468745	  7.34078e-06	  2.57427e-07	  1860	  1.88403e-08
384	  2.25604	  0.531226	  7.34078e-06	  2.7438e-07	  1560	  2.06658e-08
385	  2.25604	  0.593785	  7.34078e-06	  2.89187e-07	  1692	  2.14897e-08
386	  2.25604	  0.656281	  7.34078e-06	  3.10122e-07	  1704	  2.30188e-08
387	  2.25604	  0.718743	  7.34078e-06	  3.23533e-07	  1824	  2.37521e-08
388	  2.25604	  0.781255	  7.34078e-06	  3.34916e-07	  1668	  2.49462e-08
389	  2.25604	  0.843774	  7.34078e-06	  3.51461e-07	  1680	  2.61478e-08
390	  2.25604	  0.90628	  7.34078e-06	  3.76829e-07	  1776	  2.77832e-08
391	  2.25604	  0.968758	  7.34078e-06	  3.90085e-07	  1656	  2.909e-08
392	  2.61216	  0.030936	  5.1197e-06	  1.56948e-07	  2586	  1.09337e-08
393	  2.61216	  0.0938307	  5.1197e-06	  1.52075e-07	  3036	  1.03638e-08
394	  2.61216	  0.156319	  5.1197e-06	  1.62856e-07	  2124	  1.16765e-08
395	  2.61216	  0.218712	  5.1197e-06	  1.54474e-07	  2940	  1.05727e-08
396	  2.61216	  0.281224	  5.1197e-06	  1.60435e-07	  2616	  1.11585e-08
397	  2.61216	  0.343807	  5.1197e-06	  1.72029e-07	  2448	  1.20784e-08
398	  2.61216	  0.406302	  5.1197e-06	  1.77784e-07	  2916	  1.21815e-08
399	  2.61216	  0.468745	  5.1197e-06	  1.78171e-07	  2544	  1.2441e-08
400	  2.61216	  0.531226	  5.1197e-06	  1.91932e-07	  2652	  1.33236e-08
401	  2.61216	  0.593785	  5.1197e-06	  1.97922e-07	  2748	  1.36717e-08
402	  2.61216	  0.656281	  5.1197e-06	  2.0406e-07	  2676	  1.41477e-08
403	  2.61216	  0.718743	  5.1197e-06	  2.11559e-07	  2472	  1.4833e-08
404	  2.61216	  0.781255	  5.1197e-06	  2.19255e-07	  2616	  1.52495e-08
405	  2.61216	  0.843774	  5.1197e-06	  2.24981e-07	  2736	  1.55502e-08
406	  2.61216	  0.90628	  5.1197e-06	  2.33111e-07	  2568	  1.62556e-08
407	  2.61216	  0.968758	  5.1197e-06	  2.38959e-07	  2745	  1.65089e-08
408	  3.02645	  0.030936	  3.55078e-06	  1.20857e-07	  3414	  8.11127e-09
409	  3.02645	  0.0938307	  3.55078e-06	  1.14849e-07	  4512	  7.45226e-09
410	  3.02645	  0.156319	  3.55078e-06	  1.15886e-07	  4632	  7.497e-09
411	  3.02645	  0.218712	  3.55078e-06	  1.0927e-07	  3972	  7.19726e-09
412	  3.02645	  0.281224	  3.55078e-06	  1.14813e-07	  4176	  7.51736e-09
413	  3.02645	  0.343807	  3.55078e-06	  1.23978e-07	  4344	  8.07997e-09
414	  3.02645	  0.406302	  3.55078e-06	  1.25484e-07	  4044	  8.24745e-09
415	  3.02645	  0.468745	  3.55078e-06	  1.2672e-07	  4092	  8.317e-09
416	  3.02645	  0.531226	  3.55078e-06	  1.33996e-07	  4296	  8.74415e-09
417	  3.02645	  0.593785	  3.55078e-06	  1.37918e-07	  3996	  9.07765e-09
418	  3.02645	  0.656281	  3.55078e-06	  1.35934e-07	  4188	  8.89718e-09
419	  3.02645	  0.718743	  3.55078e-06	  1.46933e-07	  4212	  9.61068e-09
420	  3.02645	  0.781255	  3.55078e-06	  1.42052e-07	  4140	  9.31034e-09
421	  3.02645	  0.843774	  3.55078e-06	  1.4346e-07	  4128	  9.40585e-09
422	  3.02645	  0.90628	  3.55078e-06	  1.44678e-07	  4188	  9.46954e-09
423	  3.02645	  0.968758	  3.55078e-06	  1.38115e-07	  4128	  9.05544e-09
424	  3.50419	  0.030936	  2.46365e-06	  8.2819e-08	  7002	  5.13068e-09
425	  3.50419	  0.0938307	  2.46365e-06	  8.36439e-08	  6240	  5.24107e-09
426	  3.50419	  0.156319	  2.46365e-06	  8.10342e-08	  5964	  5.10101e-09
427	  3.50419	  0.218712	  2.46365e-06	  8.42258e-08	  6180	  5.28269e-09
428	  3.50419	  0.281224	  2.46365e-06	  8.26083e-08	  6420	  5.16141e-09
429	  3.50419	  0.343807	  2.46365e-06	  8.46832e-08	  6516	  5.28324e-09
430	  3.50419	  0.406302	  2.46365e-06	  8.93857e-08	  6312	  5.59437e-09
431	  3.50419	  0.468745	  2.46365e-06	  8.93399e-08	  6276	  5.59472e-09
432	  3.50419	  0.531226	  2.46365e-06	  9.0713e-08	  6360	  5.67312e-09
433	  3.50419	  0.593785	  2.46365e-06	  9.20163e-08	  6408	  5.7503e-09
434	  3.50419	  0.656281	  2.46365e-06	  9.4912e-08	  6360	  5.93572e-09
435	  3.50419	  0.718743	  2.46365e-06	  9.14129e-08	  6336	  5.71907e-09
436	  3.50419	  0.781255	  2.46365e-06	  8.83385e-08	  6372	  5.52358e-09
437	  3.50419	  0.843774	  2.46365e-06	  9.08363e-08	  6456	  5.67233e-09
438	  3.50419	  0.90628	  2.46365e-06	  8.66051e-08	  6360	  5.41622e-09
439	  3.50419	  0.968758	  2.46365e-06	  8.43668e-08	  6327	  5.27899e-09
440	  4.05763	  0.030936	  1.70175e-06	  6.11181e-08	  10392	  3.65545e-09
441	  4.05763	  0.0938307	  1.70175e-06	  5.98897e-08	  9420	  3.61154e-09
442	  4.05763	  0.156319	  1.70175e-06	  6.06941e-08	  10176	  3.63637e-09
443	  4.05763	  0.218712	  1.70175e-06	  5.92104e-08	  10260	  3.54507e-09
444	  4.05763	  0.281224	  1.70175e-06	  5.8263e-08	  9528	  3.51004e-09
445	  4.05763	  0.343807	  1.70175e-06	  5.91924e-08	  10140	  3.54744e-09
446	  4.05763	  0.406302	  1.70175e-06	  6.13037e-08	  9960	  3.67945e-09
447	  4.05763	  0.468745	  1.70175e-06	  6.13876e-08	  10068	  3.68118e-09
448	  4.05763	  0.531226	  1.70175e-06	  6.14877e-08	  9996	  3.68939e-09
449	  4.05763	  0.593785	  1.70175e-06	  5.92759e-08	  9828	  3.56172e-09
450	  4.05763	  0.656281	  1.70175e-06	  5.80431e-08	  10032	  3.48166e-09
451	  4.05763	  0.718743	  1.70175e-06	  5.84372e-08	  9924	  3.50847e-09
452	  4.05763	  0.781255	  1.70175e-06	  5.45806e-08	  10116	  3.2717e-09
453	  4.05763	  0.843774	  1.70175e-06	  5.40645e-08	  9888	  3.24693e-09
454	  4.05763	  0.90628	  1.70175e-06	  5.27696e-08	  10008	  3.16596e-09
455	  4.05763	  0.968758	  1.70175e-06	  4.65768e-08	  9978	  2.79512e-09
456	  4.69917	  0.030936	  1.17327e-06	  4.44297e-08	  13626	  2.6021e-09
457	  4.69917	  0.0938307	  1.17327e-06	  4.43816e-08	  16392	  2.56573e-09
458	  4.69917	  0.156319	  1.17327e-06	  4.31867e-08	  15708	  2.50392e-09
459	  4.69917	  0.218712	  1.17327e-06	  4.20586e-08	  15432	  2.4415e-09
460	  4.69917	  0.281224	  1.17327e-06	  4.11245e-08	  15780	  2.3836e-09
461	  4.69917	  0.343807	  1.17327e-06	  4.12632e-08	  15300	  2.39675e-09
462	  4.69917	  0.406302	  1.17327e-06	  4.03141e-08	  15588	  2.3386e-09
463	  4.69917	  0.468745	  1.17327e-06	  4.02678e-08	  15396	  2.33792e-09
464	  4.69917	  0.531226	  1.17327e-06	  3.98185e-08	  15504	  2.31071e-09
465	  4.69917	  0.593785	  1.17327e-06	  3.84913e-08	  15660	  2.23215e-09
466	  4.69917	  0.656281	  1.17327e-06	  3.68771e-08	  15192	  2.14305e-09
467	  4.69917	  0.718743	  1.17327e-06	  3.55422e-08	  15600	  2.06167e-09
468	  4.69917	  0.781255	  1.17327e-06	  3.35259e-08	  15216	  1.94808e-09
469	  4.69917	  0.843774	  1.17327e-06	  3.17123e-08	  15516	  1.84021e-09
470	  4.69917	  0.90628	  1.17327e-06	  2.96966e-08	  15540	  1.72305e-09
471	  4.69917	  0.968758	  1.17327e-06	  2.71104e-08	  15405	  1.57394e-09
472	  5.4432	  0.030936	  8.06344e-07	  3.22623e-08	  26250	  1.81224e-09
473	  5.4432	  0.0938307	  8.06344e-07	  3.17484e-08	  22392	  1.79958e-09
474	  5.4432	  0.156319	  8.06344e-07	  3.03509e-08	  24516	  1.71139e-09
475	  5.4432	  0.218712	  8.06344e-07	  2.96965e-08	  23592	  1.67817e-09
476	  5.4432	  0.281224	  8.06344e-07	  2.85119e-08	  24264	  1.60864e-09
477	  5.4432	  0.343807	  8.06344e-07	  2.81211e-08	  23928	  1.58785e-09
478	  5.4432	  0.406302	  8.06344e-07	  2.7409e-08	  24120	  1.54693e-09
479	  5.4432	  0.468745	  8.06344e-07	  2.60301e-08	  23964	  1.46965e-09
480	  5.4432	  0.531226	  8.06344e-07	  2.52368e-08	  24060	  1.42454e-09
481	  5.4432	  0.593785	  8.06344e-07	  2.41288e-08	  24108	  1.36184e-09
482	  5.4432	  0.656281	  8.06344e-07	  2.28879e-08	  24228	  1.29144e-09
483	  5.4432	  0.718743	  8.06344e-07	  2.11015e-08	  24144	  1.19088e-09
484	  5.4432	  0.781255	  8.06344e-07	  1.95833e-08	  23940	  1.10573e-09
485	  5.4432	  0.843774	  8.06344e-07	  1.78706e-08	  24192	  1.00843e-09
486	  5.4432	  0.90628	  8.06344e-07	  1.63524e-08	  23988	  9.23203e-10
487	  5.4432	  0.968758	  8.06344e-07	  1.45544e-08	  24141	  8.21391e-10
488	  6.30378	  0.030936	  5.52764e-07	  2.30338e-08	  35082	  1.27467e-09
489	  6.30378	  0.0938307	  5.52764e-07	  2.22587e-08	  39108	  1.22549e-09
490	  6.30378	  0.156319	  5.52764e-07	  2.15327e-08	  36924	  1.18869e-09
491	  6.30378	  0.218712	  5.52764e-07	  2.07201e-08	  37692	  1.14273e-09
492	  6.30378	  0.281224	  5.52764e-07	  1.94875e-08	  37092	  1.07556e-09
493	  6.30378	  0.343807	  5.52764e-07	  1.89161e-08	  37536	  1.04344e-09
494	  6.30378	  0.406302	  5.52764e-07	  1.77127e-08	  36984	  9.77737e-10
495	  6.30378	  0.468745	  5.52764e-07	  1.67524e-08	  37428	  9.24212e-10
496	  6.30378	  0.531226	  5.52764e-07	  1.55378e-08	  37392	  8.57242e-10
497	  6.30378	  0.593785	  5.52764e-07	  1.43791e-08	  37200	  7.93505e-10
498	  6.30378	  0.656281	  5.52764e-07	  1.32482e-08	  36924	  7.31357e-10
499	  6.30378	  0.718743	  5.52764e-07	  1.19204e-08	  37272	  6.57765e-10
500	  6.30378	  0.781255	  5.52764e-07	  1.06908e-08	  37284	  5.89908e-10
501	  6.30378	  0.843774	  5.52764e-07	  9.38803e-09	  37188	  5.18084e-10
502	  6.30378	  0.90628	  5.52764e-07	  8.46487e-09	  37320	  4.67061e-10
503	  6.30378	  0.968758	  5.52764e-07	  7.24411e-09	  37119	  3.99805e-10
504	  7.30029	  0.030936	  3.78715e-07	  1.62304e-08	  60258	  8.77637e-10
505	  7.30029	  0.0938307	  3.78715e-07	  1.5448e-08	  56916	  8.3715e-10
506	  7.30029	  0.156319	  3.78715e-07	  1.46231e-08	  56820	  7.92501e-10
507	  7.30029	  0.218712	  3.78715e-07	  1.3848e-08	  58716	  7.49548e-10
508	  7.30029	  0.281224	  3.78715e-07	  1.29029e-08	  57840	  6.98794e-10
509	  7.30029	  0.343807	  3.78715e-07	  1.2074e-08	  57612	  6.54005e-10
510	  7.30029	  0.406302	  3.78715e-07	  1.11992e-08	  58464	  6.06275e-10
511	  7.30029	  0.468745	  3.78715e-07	  1.01812e-08	  57948	  5.51353e-10
512	  7.30029	  0.531226	  3.78715e-07	  9.27021e-09	  57708	  5.021e-10
513	  7.30029	  0.593785	  3.78715e-07	  8.21164e-09	  58236	  4.4461e-10
514	  7.30029	  0.656281	  3.78715e-07	  7.30072e-09	  58008	  3.95348e-10
515	  7.30029	  0.718743	  3.78715e-07	  6.36584e-09	  58200	  3.44679e-10
516	  7.30029	  0.781255	  3.78715e-07	  5.4394e-09	  58128	  2.94531e-10
517	  7.30029	  0.843774	  3.78715e-07	  4.72518e-09	  57972	  2.55884e-10
518	  7.30029	  0.90628	  3.78715e-07	  4.02393e-09	  57960	  2.1791e-10
519	  7.30029	  0.968758	  3.78715e-07	  3.3974e-09	  58122	  1.83962e-10
520	  8.455	  0.030936	  2.5846e-07	  1.10796e-08	  90198	  5.9087e-10
521	  8.455	  0.0938307	  2.5846e-07	  1.06501e-08	  89292	  5.68145e-10
522	  8.455	  0.156319	  2.5846e-07	  9.94284e-09	  90804	  5.30138e-10
523	  8.455	  0.218712	  2.5846e-07	  9.07813e-09	  89628	  4.8423e-10
524	  8.455	  0.281224	  2.5846e-07	  8.32662e-09	  89844	  4.44111e-10
525	  8.455	  0.343807	  2.5846e-07	  7.48817e-09	  90636	  3.99281e-10
526	  8.455	  0.406302	  2.5846e-07	  6.70478e-09	  89628	  3.57634e-10
527	  8.455	  0.468745	  2.5846e-07	  5.90864e-09	  89772	  3.15153e-10
528	  8.455	  0.531226	  2.5846e-07	  5.10657e-09	  90324	  2.7232e-10
529	  8.455	  0.593785	  2.5846e-07	  4.34308e-09	  89784	  2.31649e-10
530	  8.455	  0.656281	  2.5846e-07	  3.70655e-09	  90216	  1.97668e-10
531	  8.455	  0.718743	  2.5846e-07	  3.13287e-09	  89796	  1.67098e-10
532	  8.455	  0.781255	  2.5846e-07	  2.61587e-09	  90120	  1.39507e-10
533	  8.455	  0.843774	  2.5846e-07	  2.15866e-09	  90132	  1.15123e-10
534	  8.455	  0.90628	  2.5846e-07	  1.77368e-09	  89916	  9.45988e-11
535	  8.455	  0.968758	  2.5846e-07	  1.44736e-09	  89964	  7.71935e-11
536	  9.79129	  0.030936	  1.76351e-07	  7.45457e-09	  139068	  3.92719e-10
537	  9.79129	  0.0938307	  1.76351e-07	  7.01718e-09	  141180	  3.69535e-10
538	  9.79129	  0.156319	  1.76351e-07	  6.49587e-09	  139380	  3.42193e-10
539	  9.79129	  0.218712	  1.76351e-07	  5.8271e-09	  138804	  3.06996e-10
540	  9.79129	  0.281224	  1.76351e-07	  5.08918e-09	  140952	  2.68014e-10
541	  9.79129	  0.343807	  1.76351e-07	  4.44012e-09	  139668	  2.33887e-10
542	  9.79129	  0.406302	  1.76351e-07	  3.79017e-09	  139464	  1.99658e-10
543	  9.79129	  0.468745	  1.76351e-07	  3.18839e-09	  139812	  1.67947e-10
544	  9.79129	  0.531226	  1.76351e-07	  2.63659e-09	  139884	  1.38879e-10
545	  9.79129	  0.593785	  1.76351e-07	  2.16193e-09	  140184	  1.13871e-10
546	  9.79129	  0.656281	  1.76351e-07	  1.75841e-09	  139404	  9.26301e-11
547	  9.79129	  0.718743	  1.76351e-07	  1.43315e-09	  139932	  7.54884e-11
548	  9.79129	  0.781255	  1.76351e-07	  1.14648e-09	  139980	  6.03884e-11
549	  9.79129	  0.843774	  1.76351e-07	  9.10862e-10	  139632	  4.79807e-11
550	  9.79129	  0.90628	  1.76351e-07	  7.30389e-10	  140088	  3.84709e-11
551	  9.79129	  0.968758	  1.76351e-07	  5.68346e-10	  139623	  2.99383e-11
