#n	   k	      mu	    PL	    Pf	     w	     err  
0	  0.10472	  1	  0.00379853	  0.000509361	  3	  0.000319548
1	  0.20944	  1	  0.00134928	  0.000143158	  3	  8.981e-05
2	  0.314159	  1	  0.000632002	  0.000136663	  3	  8.57355e-05
3	  0.418879	  1	  0.000354209	  2.54501e-05	  3	  1.59661e-05
4	  0.523599	  1	  0.00022393	  7.77934e-06	  3	  4.88037e-06
5	  0.628319	  1	  0.000151731	  3.72484e-05	  3	  2.33678e-05
6	  0.733038	  1	  0.000108477	  1.71899e-05	  3	  1.07841e-05
7	  0.837758	  1	  8.07459e-05	  1.46273e-05	  3	  9.17645e-06
8	  0.942478	  1	  6.20055e-05	  2.2668e-06	  3	  1.42208e-06
9	  0.10472	  0	  0.00379853	  8.46236e-05	  6	  3.87786e-05
10	  0.148096	  0.707107	  0.00241558	  0.000121135	  12	  4.10253e-05
11	  0.23416	  0.894427	  0.00106881	  0.000149606	  12	  5.06679e-05
12	  0.331153	  0.948683	  0.000572332	  6.01971e-05	  12	  2.03873e-05
13	  0.431771	  0.970143	  0.00033334	  3.16399e-05	  12	  1.07156e-05
14	  0.533968	  0.980581	  0.000214781	  2.13582e-05	  12	  7.23349e-06
15	  0.636985	  0.986394	  0.000147282	  1.27979e-05	  12	  4.33433e-06
16	  0.74048	  0.989949	  0.00010613	  1.65147e-05	  12	  5.5931e-06
17	  0.844278	  0.992278	  7.93415e-05	  8.16493e-06	  12	  2.76526e-06
18	  0.948278	  0.993884	  6.11422e-05	  7.87267e-06	  12	  2.66628e-06
19	  0.148096	  0	  0.00241558	  4.54169e-05	  6	  2.08122e-05
20	  0.18138	  0.57735	  0.0017137	  6.36267e-05	  12	  2.15488e-05
21	  0.25651	  0.816497	  0.000940668	  7.12972e-05	  12	  2.41466e-05
22	  0.347316	  0.904534	  0.000515517	  4.11251e-05	  12	  1.39281e-05
23	  0.444288	  0.942809	  0.00031512	  2.75625e-05	  12	  9.33474e-06
24	  0.54414	  0.96225	  0.000206254	  2.30055e-05	  12	  7.79138e-06
25	  0.645536	  0.973329	  0.000143139	  1.42629e-05	  12	  4.83048e-06
26	  0.747849	  0.980196	  0.00010381	  9.14754e-06	  12	  3.09804e-06
27	  0.850747	  0.984732	  7.80228e-05	  1.03483e-05	  12	  3.50473e-06
28	  0.954042	  0.987878	  6.03124e-05	  7.64757e-06	  12	  2.59004e-06
29	  0.20944	  0	  0.00134928	  2.75567e-05	  6	  1.26278e-05
30	  0.23416	  0.447214	  0.00106881	  4.64432e-05	  12	  1.57292e-05
31	  0.296192	  0.707107	  0.000695986	  5.57404e-05	  12	  1.88779e-05
32	  0.377572	  0.83205	  0.000438644	  3.77095e-05	  12	  1.27713e-05
33	  0.468321	  0.894427	  0.00028273	  3.07993e-05	  12	  1.04309e-05
34	  0.563933	  0.928477	  0.000191181	  1.13346e-05	  12	  3.83873e-06
35	  0.662306	  0.948683	  0.000135378	  1.14603e-05	  12	  3.88131e-06
36	  0.762371	  0.961524	  9.95093e-05	  1.19152e-05	  12	  4.03537e-06
37	  0.863541	  0.970143	  7.54539e-05	  3.2875e-06	  12	  1.1134e-06
38	  0.965468	  0.976187	  5.87146e-05	  5.10901e-06	  12	  1.73029e-06
39	  0.23416	  0	  0.00106881	  2.89045e-05	  12	  9.78923e-06
40	  0.25651	  0.408248	  0.000940668	  2.81544e-05	  24	  7.1547e-06
41	  0.314159	  0.666667	  0.000632002	  3.9002e-05	  24	  9.91136e-06
42	  0.391825	  0.801784	  0.000408396	  2.81488e-05	  24	  7.15329e-06
43	  0.479886	  0.872872	  0.000268343	  3.27516e-05	  24	  8.32298e-06
44	  0.573574	  0.912871	  0.000184519	  1.48099e-05	  24	  3.76356e-06
45	  0.670534	  0.937043	  0.000131833	  9.55396e-06	  24	  2.42789e-06
46	  0.76953	  0.952579	  9.75033e-05	  9.3175e-06	  24	  2.3678e-06
47	  0.869868	  0.963087	  7.4243e-05	  7.48112e-06	  24	  1.90113e-06
48	  0.971131	  0.970495	  5.79317e-05	  6.16733e-06	  24	  1.56727e-06
49	  0.296192	  0	  0.000695986	  1.64469e-05	  6	  7.53676e-06
50	  0.314159	  0.333333	  0.000632002	  2.13192e-05	  12	  7.22028e-06
51	  0.36276	  0.57735	  0.000471853	  1.81294e-05	  12	  6.13999e-06
52	  0.431771	  0.727607	  0.00033334	  2.36293e-05	  12	  8.00265e-06
53	  0.51302	  0.816497	  0.000233677	  2.01067e-05	  12	  6.80965e-06
54	  0.601569	  0.870388	  0.000166611	  1.53839e-05	  12	  5.21014e-06
55	  0.694632	  0.904534	  0.000122073	  1.56482e-05	  12	  5.29966e-06
56	  0.790617	  0.927173	  9.18345e-05	  8.38378e-06	  12	  2.83938e-06
57	  0.888577	  0.942809	  7.0786e-05	  6.57024e-06	  12	  2.22518e-06
58	  0.987924	  0.953998	  5.57298e-05	  3.0997e-06	  12	  1.04979e-06
59	  0.314159	  0	  0.000632002	  2.13957e-05	  6	  9.80456e-06
60	  0.331153	  0.316228	  0.000572332	  1.74719e-05	  12	  5.9173e-06
61	  0.377572	  0.5547	  0.000438644	  2.45706e-05	  12	  8.32144e-06
62	  0.444288	  0.707107	  0.00031512	  1.31752e-05	  12	  4.46212e-06
63	  0.523599	  0.8	  0.00022393	  1.97773e-05	  12	  6.69809e-06
64	  0.610616	  0.857493	  0.000161348	  8.05032e-06	  12	  2.72644e-06
65	  0.702481	  0.894427	  0.000119103	  9.55075e-06	  12	  3.2346e-06
66	  0.797522	  0.919145	  9.00783e-05	  8.32848e-06	  12	  2.82065e-06
67	  0.894726	  0.936329	  6.96796e-05	  4.29923e-06	  12	  1.45604e-06
68	  0.993459	  0.948683	  5.50341e-05	  5.29209e-06	  12	  1.7923e-06
69	  0.331153	  0	  0.000572332	  1.32892e-05	  12	  4.50072e-06
70	  0.347316	  0.301511	  0.000515517	  1.23406e-05	  24	  3.13604e-06
71	  0.391825	  0.534522	  0.000408396	  1.27925e-05	  24	  3.25087e-06
72	  0.456463	  0.688247	  0.000298414	  2.38215e-05	  24	  6.05362e-06
73	  0.533968	  0.784465	  0.000214781	  1.27254e-05	  24	  3.23383e-06
74	  0.61953	  0.845154	  0.000156415	  9.03542e-06	  24	  2.29612e-06
75	  0.710244	  0.884652	  0.000116293	  1.43724e-05	  24	  3.65237e-06
76	  0.804368	  0.911322	  8.83936e-05	  7.62647e-06	  24	  1.93807e-06
77	  0.900833	  0.929981	  6.86392e-05	  5.90663e-06	  24	  1.50102e-06
78	  0.998963	  0.943456	  5.43564e-05	  3.91545e-06	  24	  9.9501e-07
79	  0.377572	  0	  0.000438644	  1.12316e-05	  12	  3.80385e-06
80	  0.391825	  0.267261	  0.000408396	  8.42811e-06	  24	  2.14179e-06
81	  0.431771	  0.485071	  0.00033334	  1.5117e-05	  24	  3.84159e-06
82	  0.491179	  0.639602	  0.000255503	  1.04704e-05	  24	  2.66079e-06
83	  0.563933	  0.742781	  0.000191181	  1.39839e-05	  24	  3.55364e-06
84	  0.645536	  0.811107	  0.000143139	  1.15313e-05	  24	  2.93039e-06
85	  0.733038	  0.857143	  0.000108477	  9.80638e-06	  24	  2.49204e-06
86	  0.824564	  0.889001	  8.36412e-05	  4.63033e-06	  24	  1.17668e-06
87	  0.918912	  0.911685	  6.56405e-05	  6.63476e-06	  24	  1.68605e-06
88	  0.418879	  0	  0.000354209	  2.52462e-06	  6	  1.15691e-06
89	  0.431771	  0.242536	  0.00033334	  6.24995e-06	  12	  2.1167e-06
90	  0.468321	  0.447214	  0.00028273	  1.16347e-05	  12	  3.94038e-06
91	  0.523599	  0.6	  0.00022393	  1.06543e-05	  12	  3.60835e-06
92	  0.592384	  0.707107	  0.000172252	  4.86375e-06	  12	  1.64723e-06
93	  0.670534	  0.780869	  0.000131833	  1.10925e-05	  12	  3.75676e-06
94	  0.755145	  0.83205	  0.000101648	  6.56696e-06	  12	  2.22407e-06
95	  0.844278	  0.868243	  7.93415e-05	  6.34241e-06	  12	  2.14802e-06
96	  0.936642	  0.894427	  6.28741e-05	  3.26644e-06	  12	  1.10626e-06
97	  0.431771	  0	  0.00033334	  6.07729e-06	  12	  2.05823e-06
98	  0.444288	  0.235702	  0.00031512	  3.92139e-06	  24	  9.9652e-07
99	  0.479886	  0.436436	  0.000268343	  1.30639e-05	  24	  3.31984e-06
100	  0.533968	  0.588348	  0.000214781	  7.08468e-06	  24	  1.80039e-06
101	  0.601569	  0.696311	  0.000166611	  6.64258e-06	  24	  1.68804e-06
102	  0.678662	  0.771517	  0.000128405	  5.92337e-06	  24	  1.50527e-06
103	  0.762371	  0.824163	  9.95093e-05	  8.96659e-06	  24	  2.27863e-06
104	  0.850747	  0.86164	  7.80228e-05	  7.49564e-06	  24	  1.90482e-06
105	  0.942478	  0.888889	  6.20055e-05	  6.11645e-06	  24	  1.55434e-06
106	  0.444288	  0	  0.00031512	  5.69684e-06	  6	  2.61057e-06
107	  0.456463	  0.229416	  0.000298414	  1.02306e-05	  12	  3.46487e-06
108	  0.491179	  0.426401	  0.000255503	  8.60134e-06	  12	  2.91306e-06
109	  0.54414	  0.57735	  0.000206254	  3.10534e-06	  12	  1.0517e-06
110	  0.610616	  0.685994	  0.000161348	  1.08471e-05	  12	  3.67364e-06
111	  0.686693	  0.762493	  0.00012517	  6.99877e-06	  12	  2.37031e-06
112	  0.76953	  0.816497	  9.75033e-05	  6.30221e-06	  12	  2.1344e-06
113	  0.857168	  0.855186	  7.6714e-05	  3.71764e-06	  12	  1.25907e-06
114	  0.948278	  0.883452	  6.11422e-05	  2.78655e-06	  12	  9.43734e-07
115	  0.468321	  0	  0.00028273	  7.18527e-06	  12	  2.43347e-06
116	  0.479886	  0.218218	  0.000268343	  9.96513e-06	  24	  2.53238e-06
117	  0.51302	  0.408248	  0.000233677	  1.00387e-05	  24	  2.55108e-06
118	  0.563933	  0.557086	  0.000191181	  9.53189e-06	  24	  2.42228e-06
119	  0.628319	  0.666667	  0.000151731	  7.3175e-06	  24	  1.85955e-06
120	  0.702481	  0.745356	  0.000119103	  8.02149e-06	  24	  2.03845e-06
121	  0.783651	  0.801784	  9.36575e-05	  6.84496e-06	  24	  1.73947e-06
122	  0.869868	  0.842701	  7.4243e-05	  4.64612e-06	  24	  1.18069e-06
123	  0.959772	  0.872872	  5.95111e-05	  4.24794e-06	  24	  1.0795e-06
124	  0.523599	  0	  0.00022393	  4.97013e-06	  18	  1.41998e-06
125	  0.533968	  0.196116	  0.000214781	  4.74317e-06	  36	  1.02769e-06
126	  0.563933	  0.371391	  0.000191181	  4.57735e-06	  36	  9.9176e-07
127	  0.610616	  0.514496	  0.000161348	  5.47999e-06	  36	  1.18733e-06
128	  0.670534	  0.624695	  0.000131833	  5.72369e-06	  36	  1.24013e-06
129	  0.74048	  0.707107	  0.00010613	  6.22956e-06	  36	  1.34974e-06
130	  0.817887	  0.768221	  8.51823e-05	  5.2722e-06	  36	  1.14231e-06
131	  0.900833	  0.813733	  6.86392e-05	  4.57634e-06	  36	  9.91541e-07
132	  0.987924	  0.847998	  5.57298e-05	  4.01742e-06	  36	  8.70441e-07
133	  0.533968	  0	  0.000214781	  4.64321e-06	  12	  1.57254e-06
134	  0.54414	  0.19245	  0.000206254	  6.80685e-06	  24	  1.72978e-06
135	  0.573574	  0.365148	  0.000184519	  4.75338e-06	  24	  1.20795e-06
136	  0.61953	  0.507093	  0.000156415	  6.05981e-06	  24	  1.53994e-06
137	  0.678662	  0.617213	  0.000128405	  5.81232e-06	  24	  1.47705e-06
138	  0.747849	  0.70014	  0.00010381	  5.45066e-06	  24	  1.38515e-06
139	  0.824564	  0.762001	  8.36412e-05	  2.24954e-06	  24	  5.71663e-07
140	  0.9069	  0.80829	  6.76145e-05	  5.01407e-06	  24	  1.2742e-06
141	  0.993459	  0.843274	  5.50341e-05	  3.709e-06	  24	  9.42546e-07
142	  0.563933	  0	  0.000191181	  1.92864e-06	  12	  6.53182e-07
143	  0.573574	  0.182574	  0.000184519	  3.87583e-06	  24	  9.84942e-07
144	  0.601569	  0.348155	  0.000166611	  5.09407e-06	  24	  1.29453e-06
145	  0.645536	  0.486664	  0.000143139	  5.78802e-06	  24	  1.47087e-06
146	  0.702481	  0.596285	  0.000119103	  6.02761e-06	  24	  1.53176e-06
147	  0.76953	  0.680414	  9.75033e-05	  3.42208e-06	  24	  8.69634e-07
148	  0.844278	  0.744208	  7.93415e-05	  5.62493e-06	  24	  1.42943e-06
149	  0.92486	  0.792594	  6.46977e-05	  4.26857e-06	  24	  1.08475e-06
150	  0.592384	  0	  0.000172252	  1.35199e-06	  6	  6.19547e-07
151	  0.601569	  0.174078	  0.000166611	  2.86869e-06	  12	  9.71554e-07
152	  0.628319	  0.333333	  0.000151731	  4.06479e-06	  12	  1.37664e-06
153	  0.670534	  0.468521	  0.000131833	  3.44665e-06	  12	  1.16729e-06
154	  0.72552	  0.57735	  0.000110996	  6.53988e-06	  12	  2.2149e-06
155	  0.790617	  0.662266	  9.18345e-05	  4.75679e-06	  12	  1.61101e-06
156	  0.863541	  0.727607	  7.54539e-05	  3.96324e-06	  12	  1.34225e-06
157	  0.942478	  0.777778	  6.20055e-05	  3.04368e-06	  12	  1.03082e-06
158	  0.610616	  0	  0.000161348	  3.08159e-06	  12	  1.04366e-06
159	  0.61953	  0.169031	  0.000156415	  3.49608e-06	  24	  8.88439e-07
160	  0.645536	  0.324443	  0.000143139	  4.19707e-06	  24	  1.06658e-06
161	  0.686693	  0.457496	  0.00012517	  4.52379e-06	  24	  1.1496e-06
162	  0.74048	  0.565685	  0.00010613	  4.00644e-06	  24	  1.01813e-06
163	  0.804368	  0.650945	  8.83936e-05	  5.2056e-06	  24	  1.32287e-06
164	  0.876148	  0.717137	  7.30409e-05	  4.47933e-06	  24	  1.1383e-06
165	  0.954042	  0.76835	  6.03124e-05	  3.62079e-06	  24	  9.20131e-07
166	  0.628319	  0	  0.000151731	  9.88718e-06	  6	  4.53078e-06
167	  0.636985	  0.164399	  0.000147282	  5.05872e-06	  12	  1.71326e-06
168	  0.662306	  0.316228	  0.000135378	  3.10754e-06	  12	  1.05245e-06
169	  0.702481	  0.447214	  0.000119103	  1.7825e-06	  12	  6.03687e-07
170	  0.755145	  0.5547	  0.000101648	  2.49078e-06	  12	  8.43565e-07
171	  0.817887	  0.640184	  8.51823e-05	  2.98929e-06	  12	  1.0124e-06
172	  0.888577	  0.707107	  7.0786e-05	  3.3422e-06	  12	  1.13192e-06
173	  0.965468	  0.759257	  5.87146e-05	  3.98828e-06	  12	  1.35073e-06
174	  0.636985	  0	  0.000147282	  4.92825e-06	  12	  1.66907e-06
175	  0.645536	  0.162221	  0.000143139	  2.63383e-06	  24	  6.6932e-07
176	  0.670534	  0.312348	  0.000131833	  2.88569e-06	  24	  7.33325e-07
177	  0.710244	  0.442326	  0.000116293	  3.9333e-06	  24	  9.99547e-07
178	  0.762371	  0.549442	  9.95093e-05	  5.00337e-06	  24	  1.27148e-06
179	  0.824564	  0.635001	  8.36412e-05	  2.48011e-06	  24	  6.30256e-07
180	  0.894726	  0.702247	  6.96796e-05	  2.54081e-06	  24	  6.45681e-07
181	  0.971131	  0.754829	  5.79317e-05	  3.17125e-06	  24	  8.05891e-07
182	  0.662306	  0	  0.000135378	  2.89764e-06	  12	  9.81357e-07
183	  0.670534	  0.156174	  0.000131833	  2.69174e-06	  24	  6.84036e-07
184	  0.694632	  0.301511	  0.000122073	  2.97816e-06	  24	  7.56821e-07
185	  0.733038	  0.428571	  0.000108477	  3.97265e-06	  24	  1.00955e-06
186	  0.783651	  0.534522	  9.36575e-05	  3.21525e-06	  24	  8.17072e-07
187	  0.844278	  0.620174	  7.93415e-05	  3.25352e-06	  24	  8.26799e-07
188	  0.912926	  0.688247	  6.65967e-05	  2.35656e-06	  24	  5.98858e-07
189	  0.987924	  0.741999	  5.57298e-05	  2.6316e-06	  24	  6.68753e-07
190	  0.670534	  0	  0.000131833	  3.35578e-06	  12	  1.13652e-06
191	  0.678662	  0.154303	  0.000128405	  2.33914e-06	  24	  5.94432e-07
192	  0.702481	  0.298142	  0.000119103	  3.76425e-06	  24	  9.56587e-07
193	  0.74048	  0.424264	  0.00010613	  2.97576e-06	  24	  7.56213e-07
194	  0.790617	  0.529813	  9.18345e-05	  3.20693e-06	  24	  8.14958e-07
195	  0.850747	  0.615457	  7.80228e-05	  2.32557e-06	  24	  5.90985e-07
196	  0.918912	  0.683763	  6.56405e-05	  3.53314e-06	  24	  8.97855e-07
197	  0.993459	  0.737865	  5.50341e-05	  2.96869e-06	  24	  7.54415e-07
198	  0.702481	  0	  0.000119103	  1.48752e-06	  12	  5.03787e-07
199	  0.710244	  0.147442	  0.000116293	  2.99488e-06	  24	  7.61073e-07
200	  0.733038	  0.285714	  0.000108477	  3.84619e-06	  24	  9.77411e-07
201	  0.76953	  0.408248	  9.75033e-05	  3.24872e-06	  24	  8.25579e-07
202	  0.817887	  0.512148	  8.51823e-05	  4.43964e-06	  24	  1.12822e-06
203	  0.876148	  0.597614	  7.30409e-05	  3.71998e-06	  24	  9.45338e-07
204	  0.942478	  0.666667	  6.20055e-05	  3.04507e-06	  24	  7.73826e-07
205	  0.733038	  0	  0.000108477	  2.43627e-06	  6	  1.11642e-06
206	  0.74048	  0.141421	  0.00010613	  2.37042e-06	  12	  8.02801e-07
207	  0.762371	  0.274721	  9.95093e-05	  2.13294e-06	  12	  7.22373e-07
208	  0.797522	  0.393919	  9.00783e-05	  2.74316e-06	  12	  9.2904e-07
209	  0.844278	  0.496139	  7.93415e-05	  3.35111e-06	  12	  1.13494e-06
210	  0.900833	  0.581238	  6.86392e-05	  3.46069e-06	  12	  1.17205e-06
211	  0.965468	  0.650791	  5.87146e-05	  2.93634e-06	  12	  9.94464e-07
212	  0.74048	  0	  0.00010613	  2.45231e-06	  18	  7.00632e-07
213	  0.747849	  0.140028	  0.00010381	  3.31916e-06	  36	  7.19151e-07
214	  0.76953	  0.272166	  9.75033e-05	  2.5369e-06	  36	  5.49661e-07
215	  0.804368	  0.390567	  8.83936e-05	  3.66383e-06	  36	  7.93829e-07
216	  0.850747	  0.492366	  7.80228e-05	  2.25446e-06	  36	  4.88467e-07
217	  0.9069	  0.57735	  6.76145e-05	  2.26133e-06	  36	  4.89954e-07
218	  0.971131	  0.646997	  5.79317e-05	  3.70168e-06	  36	  8.0203e-07
219	  0.755145	  0	  0.000101648	  1.54873e-06	  12	  5.24516e-07
220	  0.762371	  0.137361	  9.95093e-05	  3.15805e-06	  24	  8.02536e-07
221	  0.783651	  0.267261	  9.36575e-05	  2.72908e-06	  24	  6.93524e-07
222	  0.817887	  0.384111	  8.51823e-05	  2.90082e-06	  24	  7.37168e-07
223	  0.863541	  0.485071	  7.54539e-05	  1.62903e-06	  24	  4.13976e-07
224	  0.918912	  0.569803	  6.56405e-05	  2.64504e-06	  24	  6.72168e-07
225	  0.982358	  0.639602	  5.64596e-05	  1.98489e-06	  24	  5.04407e-07
226	  0.762371	  0	  9.95093e-05	  1.35579e-06	  12	  4.59173e-07
227	  0.76953	  0.136083	  9.75033e-05	  3.10369e-06	  24	  7.88721e-07
228	  0.790617	  0.264906	  9.18345e-05	  2.13804e-06	  24	  5.43327e-07
229	  0.824564	  0.381	  8.36412e-05	  2.15282e-06	  24	  5.47083e-07
230	  0.869868	  0.481543	  7.4243e-05	  1.55707e-06	  24	  3.95688e-07
231	  0.92486	  0.566139	  6.46977e-05	  2.94479e-06	  24	  7.48342e-07
232	  0.987924	  0.635999	  5.57298e-05	  2.20777e-06	  24	  5.61047e-07
233	  0.797522	  0	  9.00783e-05	  2.35733e-06	  12	  7.9837e-07
234	  0.804368	  0.130189	  8.83936e-05	  3.00583e-06	  24	  7.63853e-07
235	  0.824564	  0.254	  8.36412e-05	  1.90819e-06	  24	  4.84917e-07
236	  0.857168	  0.366508	  7.6714e-05	  2.23782e-06	  24	  5.68685e-07
237	  0.900833	  0.464991	  6.86392e-05	  2.14519e-06	  24	  5.45145e-07
238	  0.954042	  0.548821	  6.03124e-05	  2.5094e-06	  24	  6.37699e-07
239	  0.817887	  0	  8.51823e-05	  1.72082e-06	  12	  5.828e-07
240	  0.824564	  0.127	  8.36412e-05	  1.69852e-06	  24	  4.31635e-07
241	  0.844278	  0.248069	  7.93415e-05	  2.0048e-06	  24	  5.09468e-07
242	  0.876148	  0.358569	  7.30409e-05	  2.54292e-06	  24	  6.46217e-07
243	  0.918912	  0.455842	  6.56405e-05	  2.35043e-06	  24	  5.97302e-07
244	  0.971131	  0.539164	  5.79317e-05	  2.77449e-06	  24	  7.05065e-07
245	  0.837758	  0	  8.07459e-05	  2.27676e-06	  6	  1.04332e-06
246	  0.844278	  0.124035	  7.93415e-05	  2.95146e-06	  12	  9.99586e-07
247	  0.863541	  0.242536	  7.54539e-05	  9.72685e-07	  12	  3.29424e-07
248	  0.894726	  0.351123	  6.96796e-05	  1.85061e-06	  12	  6.26755e-07
249	  0.936642	  0.447214	  6.28741e-05	  1.83872e-06	  12	  6.22728e-07
250	  0.987924	  0.529999	  5.57298e-05	  3.06729e-06	  12	  1.03881e-06
251	  0.844278	  0	  7.93415e-05	  2.55136e-06	  24	  6.48362e-07
252	  0.850747	  0.123091	  7.80228e-05	  2.18424e-06	  48	  4.2448e-07
253	  0.869868	  0.240772	  7.4243e-05	  1.79149e-06	  48	  3.48153e-07
254	  0.900833	  0.348743	  6.86392e-05	  2.15639e-06	  48	  4.19067e-07
255	  0.942478	  0.444444	  6.20055e-05	  2.01946e-06	  48	  3.92457e-07
256	  0.993459	  0.527046	  5.50341e-05	  2.24506e-06	  48	  4.36299e-07
257	  0.863541	  0	  7.54539e-05	  1.15465e-06	  12	  3.91052e-07
258	  0.869868	  0.120386	  7.4243e-05	  1.88533e-06	  24	  4.79109e-07
259	  0.888577	  0.235702	  7.0786e-05	  1.83858e-06	  24	  4.67227e-07
260	  0.918912	  0.341882	  6.56405e-05	  2.04953e-06	  24	  5.20836e-07
261	  0.959772	  0.436436	  5.95111e-05	  1.92868e-06	  24	  4.90125e-07
262	  0.888577	  0	  7.0786e-05	  1.70021e-06	  6	  7.79117e-07
263	  0.894726	  0.117041	  6.96796e-05	  1.24908e-06	  12	  4.23033e-07
264	  0.912926	  0.229416	  6.65967e-05	  1.8571e-06	  12	  6.28952e-07
265	  0.942478	  0.333333	  6.20055e-05	  2.01366e-06	  12	  6.81978e-07
266	  0.982358	  0.426401	  5.64596e-05	  1.92071e-06	  12	  6.50495e-07
267	  0.894726	  0	  6.96796e-05	  1.30402e-06	  12	  4.41639e-07
268	  0.900833	  0.116248	  6.86392e-05	  1.60629e-06	  24	  4.08197e-07
269	  0.918912	  0.227921	  6.56405e-05	  2.04742e-06	  24	  5.20298e-07
270	  0.948278	  0.331295	  6.11422e-05	  1.95713e-06	  24	  4.97354e-07
271	  0.987924	  0.423999	  5.57298e-05	  1.72255e-06	  24	  4.37742e-07
272	  0.900833	  0	  6.86392e-05	  2.25128e-06	  12	  7.62451e-07
273	  0.9069	  0.11547	  6.76145e-05	  1.65377e-06	  24	  4.20262e-07
274	  0.92486	  0.226455	  6.46977e-05	  1.29979e-06	  24	  3.30309e-07
275	  0.954042	  0.329293	  6.03124e-05	  1.97702e-06	  24	  5.02409e-07
276	  0.993459	  0.421637	  5.50341e-05	  1.74137e-06	  24	  4.42525e-07
277	  0.936642	  0	  6.28741e-05	  1.22011e-06	  12	  4.13222e-07
278	  0.942478	  0.111111	  6.20055e-05	  1.69039e-06	  24	  4.2957e-07
279	  0.959772	  0.218218	  5.95111e-05	  1.48582e-06	  24	  3.77583e-07
280	  0.987924	  0.317999	  5.57298e-05	  1.4289e-06	  24	  3.63117e-07
281	  0.942478	  0	  6.20055e-05	  2.91049e-06	  6	  1.33373e-06
282	  0.948278	  0.110432	  6.11422e-05	  2.06577e-06	  12	  6.99627e-07
283	  0.965468	  0.21693	  5.87146e-05	  1.76483e-06	  12	  5.97703e-07
284	  0.993459	  0.316228	  5.50341e-05	  1.9434e-06	  12	  6.58181e-07
285	  0.948278	  0	  6.11422e-05	  1.85137e-06	  12	  6.27013e-07
286	  0.954042	  0.109764	  6.03124e-05	  1.45504e-06	  24	  3.69762e-07
287	  0.971131	  0.215666	  5.79317e-05	  1.16734e-06	  24	  2.96648e-07
288	  0.998963	  0.314485	  5.43564e-05	  1.46962e-06	  24	  3.73467e-07
289	  0.965468	  0	  5.87146e-05	  1.3428e-06	  24	  3.41237e-07
290	  0.971131	  0.107833	  5.79317e-05	  1.55826e-06	  48	  3.02828e-07
291	  0.987924	  0.212	  5.57298e-05	  1.67744e-06	  48	  3.25989e-07
292	  0.987924	  0	  5.57298e-05	  1.48156e-06	  12	  5.01766e-07
293	  0.993459	  0.105409	  5.50341e-05	  1.53333e-06	  24	  3.89657e-07
294	  0.993459	  0	  5.50341e-05	  1.2913e-06	  12	  4.3733e-07
295	  0.998963	  0.104828	  5.43564e-05	  1.2842e-06	  24	  3.26345e-07
296	  1.08818	  0.030936	  4.47331e-05	  1.20355e-06	  138	  1.6263e-07
297	  1.08818	  0.0938307	  4.47331e-05	  1.10841e-06	  252	  1.25244e-07
298	  1.08818	  0.156319	  4.47331e-05	  1.00133e-06	  72	  1.68075e-07
299	  1.08818	  0.218712	  4.47331e-05	  1.13267e-06	  216	  1.33702e-07
300	  1.08818	  0.281224	  4.47331e-05	  1.32522e-06	  288	  1.4435e-07
301	  1.08818	  0.343807	  4.47331e-05	  1.27932e-06	  120	  1.80751e-07
302	  1.08818	  0.406302	  4.47331e-05	  1.76145e-06	  180	  2.19364e-07
303	  1.08818	  0.468745	  4.47331e-05	  1.65521e-06	  180	  2.06133e-07
304	  1.08818	  0.531226	  4.47331e-05	  1.88855e-06	  192	  2.30722e-07
305	  1.08818	  0.593785	  4.47331e-05	  2.41635e-06	  192	  2.95202e-07
306	  1.08818	  0.656281	  4.47331e-05	  1.98289e-06	  168	  2.52128e-07
307	  1.08818	  0.718743	  4.47331e-05	  2.5592e-06	  228	  2.97447e-07
308	  1.08818	  0.781255	  4.47331e-05	  3.48719e-06	  144	  4.64959e-07
309	  1.08818	  0.843774	  4.47331e-05	  3.00363e-06	  240	  3.44065e-07
310	  1.08818	  0.90628	  4.47331e-05	  3.85648e-06	  168	  4.90357e-07
311	  1.08818	  0.968758	  4.47331e-05	  3.91788e-06	  150	  5.15787e-07
312	  1.25577	  0.030936	  3.21739e-05	  9.2955e-07	  198	  1.12538e-07
313	  1.25577	  0.0938307	  3.21739e-05	  9.58585e-07	  396	  9.61e-08
314	  1.25577	  0.156319	  3.21739e-05	  9.13022e-07	  396	  9.15322e-08
315	  1.25577	  0.218712	  3.21739e-05	  8.57188e-07	  204	  1.02875e-07
316	  1.25577	  0.281224	  3.21739e-05	  1.02701e-06	  216	  1.21229e-07
317	  1.25577	  0.343807	  3.21739e-05	  1.0134e-06	  372	  1.03212e-07
318	  1.25577	  0.406302	  3.21739e-05	  1.15094e-06	  312	  1.22706e-07
319	  1.25577	  0.468745	  3.21739e-05	  1.14064e-06	  288	  1.24245e-07
320	  1.25577	  0.531226	  3.21739e-05	  1.50322e-06	  264	  1.67678e-07
321	  1.25577	  0.593785	  3.21739e-05	  1.42386e-06	  312	  1.51803e-07
322	  1.25577	  0.656281	  3.21739e-05	  1.52313e-06	  276	  1.67839e-07
323	  1.25577	  0.718743	  3.21739e-05	  1.74132e-06	  312	  1.85649e-07
324	  1.25577	  0.781255	  3.21739e-05	  2.02398e-06	  276	  2.23028e-07
325	  1.25577	  0.843774	  3.21739e-05	  2.06427e-06	  240	  2.36462e-07
326	  1.25577	  0.90628	  3.21739e-05	  2.33525e-06	  324	  2.46499e-07
327	  1.25577	  0.968758	  3.21739e-05	  2.68528e-06	  315	  2.85562e-07
328	  1.45182	  0.030936	  2.29512e-05	  6.47122e-07	  246	  7.36151e-08
329	  1.45182	  0.0938307	  2.29512e-05	  5.96279e-07	  516	  5.60636e-08
330	  1.45182	  0.156319	  2.29512e-05	  6.57036e-07	  504	  6.21185e-08
331	  1.45182	  0.218712	  2.29512e-05	  6.16232e-07	  528	  5.76297e-08
332	  1.45182	  0.281224	  2.29512e-05	  6.63978e-07	  504	  6.27749e-08
333	  1.45182	  0.343807	  2.29512e-05	  7.58922e-07	  384	  7.66746e-08
334	  1.45182	  0.406302	  2.29512e-05	  9.10028e-07	  420	  8.99062e-08
335	  1.45182	  0.468745	  2.29512e-05	  7.99702e-07	  468	  7.69514e-08
336	  1.45182	  0.531226	  2.29512e-05	  9.04506e-07	  480	  8.65101e-08
337	  1.45182	  0.593785	  2.29512e-05	  9.3627e-07	  468	  9.00926e-08
338	  1.45182	  0.656281	  2.29512e-05	  1.01081e-06	  396	  1.01336e-07
339	  1.45182	  0.718743	  2.29512e-05	  1.12997e-06	  456	  1.09414e-07
340	  1.45182	  0.781255	  2.29512e-05	  1.38562e-06	  432	  1.35946e-07
341	  1.45182	  0.843774	  2.29512e-05	  1.39887e-06	  480	  1.33793e-07
342	  1.45182	  0.90628	  2.29512e-05	  1.65343e-06	  480	  1.5814e-07
343	  1.45182	  0.968758	  2.29512e-05	  1.84835e-06	  414	  1.83259e-07
344	  1.68148	  0.030936	  1.6245e-05	  4.46191e-07	  798	  3.81046e-08
345	  1.68148	  0.0938307	  1.6245e-05	  4.98866e-07	  708	  4.36918e-08
346	  1.68148	  0.156319	  1.6245e-05	  4.58586e-07	  684	  4.04638e-08
347	  1.68148	  0.218712	  1.6245e-05	  4.98164e-07	  720	  4.34737e-08
348	  1.68148	  0.281224	  1.6245e-05	  5.08077e-07	  708	  4.44985e-08
349	  1.68148	  0.343807	  1.6245e-05	  5.36726e-07	  720	  4.68389e-08
350	  1.68148	  0.406302	  1.6245e-05	  5.72239e-07	  672	  5.06865e-08
351	  1.68148	  0.468745	  1.6245e-05	  6.55587e-07	  732	  5.70105e-08
352	  1.68148	  0.531226	  1.6245e-05	  6.69085e-07	  672	  5.92648e-08
353	  1.68148	  0.593785	  1.6245e-05	  6.88146e-07	  708	  6.02694e-08
354	  1.68148	  0.656281	  1.6245e-05	  7.15567e-07	  744	  6.20123e-08
355	  1.68148	  0.718743	  1.6245e-05	  8.9022e-07	  744	  7.7148e-08
356	  1.68148	  0.781255	  1.6245e-05	  9.64565e-07	  696	  8.479e-08
357	  1.68148	  0.843774	  1.6245e-05	  9.79502e-07	  708	  8.5787e-08
358	  1.68148	  0.90628	  1.6245e-05	  1.07406e-06	  696	  9.44155e-08
359	  1.68148	  0.968758	  1.6245e-05	  1.20596e-06	  741	  1.046e-07
360	  1.94819	  0.030936	  1.14415e-05	  3.27257e-07	  1368	  2.52109e-08
361	  1.94819	  0.0938307	  1.14415e-05	  3.262e-07	  924	  2.70412e-08
362	  1.94819	  0.156319	  1.14415e-05	  3.44403e-07	  972	  2.82669e-08
363	  1.94819	  0.218712	  1.14415e-05	  3.70496e-07	  972	  3.04085e-08
364	  1.94819	  0.281224	  1.14415e-05	  3.38027e-07	  1200	  2.66594e-08
365	  1.94819	  0.343807	  1.14415e-05	  3.66191e-07	  1140	  2.91552e-08
366	  1.94819	  0.406302	  1.14415e-05	  3.94471e-07	  1080	  3.17269e-08
367	  1.94819	  0.468745	  1.14415e-05	  4.40244e-07	  1068	  3.54834e-08
368	  1.94819	  0.531226	  1.14415e-05	  4.13796e-07	  1164	  3.28183e-08
369	  1.94819	  0.593785	  1.14415e-05	  5.02391e-07	  1188	  3.96954e-08
370	  1.94819	  0.656281	  1.14415e-05	  5.06707e-07	  1068	  4.08404e-08
371	  1.94819	  0.718743	  1.14415e-05	  5.41355e-07	  1008	  4.41188e-08
372	  1.94819	  0.781255	  1.14415e-05	  5.99802e-07	  1164	  4.75706e-08
373	  1.94819	  0.843774	  1.14415e-05	  6.35317e-07	  1176	  5.02921e-08
374	  1.94819	  0.90628	  1.14415e-05	  6.71362e-07	  1080	  5.3997e-08
375	  1.94819	  0.968758	  1.14415e-05	  7.2038e-07	  1038	  5.83785e-08
376	  2.25604	  0.030936	  8.04204e-06	  2.42956e-07	  1896	  1.77275e-08
377	  2.25604	  0.0938307	  8.04204e-06	  2.46276e-07	  1272	  1.92191e-08
378	  2.25604	  0.156319	  8.04204e-06	  2.40252e-07	  2040	  1.73318e-08
379	  2.25604	  0.218712	  8.04204e-06	  2.55143e-07	  1740	  1.88737e-08
380	  2.25604	  0.281224	  8.04204e-06	  2.58701e-07	  1584	  1.94352e-08
381	  2.25604	  0.343807	  8.04204e-06	  2.62938e-07	  1764	  1.94073e-08
382	  2.25604	  0.406302	  8.04204e-06	  2.74871e-07	  1632	  2.05476e-08
383	  2.25604	  0.468745	  8.04204e-06	  2.94168e-07	  1860	  2.15293e-08
384	  2.25604	  0.531226	  8.04204e-06	  3.13333e-07	  1560	  2.35998e-08
385	  2.25604	  0.593785	  8.04204e-06	  3.25492e-07	  1692	  2.41876e-08
386	  2.25604	  0.656281	  8.04204e-06	  3.54883e-07	  1704	  2.63412e-08
387	  2.25604	  0.718743	  8.04204e-06	  3.70519e-07	  1824	  2.72015e-08
388	  2.25604	  0.781255	  8.04204e-06	  3.86287e-07	  1668	  2.87726e-08
389	  2.25604	  0.843774	  8.04204e-06	  4.08837e-07	  1680	  3.04164e-08
390	  2.25604	  0.90628	  8.04204e-06	  4.35555e-07	  1776	  3.2113e-08
391	  2.25604	  0.968758	  8.04204e-06	  4.50798e-07	  1656	  3.36177e-08
392	  2.61216	  0.030936	  5.63734e-06	  1.81551e-07	  2586	  1.26477e-08
393	  2.61216	  0.0938307	  5.63734e-06	  1.7462e-07	  3036	  1.19002e-08
394	  2.61216	  0.156319	  5.63734e-06	  1.86571e-07	  2124	  1.33768e-08
395	  2.61216	  0.218712	  5.63734e-06	  1.76823e-07	  2940	  1.21022e-08
396	  2.61216	  0.281224	  5.63734e-06	  1.83426e-07	  2616	  1.27576e-08
397	  2.61216	  0.343807	  5.63734e-06	  1.94102e-07	  2448	  1.36282e-08
398	  2.61216	  0.406302	  5.63734e-06	  2.0177e-07	  2916	  1.3825e-08
399	  2.61216	  0.468745	  5.63734e-06	  2.0335e-07	  2544	  1.41992e-08
400	  2.61216	  0.531226	  5.63734e-06	  2.14721e-07	  2652	  1.49056e-08
401	  2.61216	  0.593785	  5.63734e-06	  2.22271e-07	  2748	  1.53536e-08
402	  2.61216	  0.656281	  5.63734e-06	  2.35913e-07	  2676	  1.63561e-08
403	  2.61216	  0.718743	  5.63734e-06	  2.35581e-07	  2472	  1.65173e-08
404	  2.61216	  0.781255	  5.63734e-06	  2.49866e-07	  2616	  1.73786e-08
405	  2.61216	  0.843774	  5.63734e-06	  2.55225e-07	  2736	  1.76406e-08
406	  2.61216	  0.90628	  5.63734e-06	  2.63782e-07	  2568	  1.83944e-08
407	  2.61216	  0.968758	  5.63734e-06	  2.6786e-07	  2745	  1.85055e-08
408	  3.02645	  0.030936	  3.93212e-06	  1.36567e-07	  3414	  9.16567e-09
409	  3.02645	  0.0938307	  3.93212e-06	  1.30568e-07	  4512	  8.47223e-09
410	  3.02645	  0.156319	  3.93212e-06	  1.30007e-07	  4632	  8.41054e-09
411	  3.02645	  0.218712	  3.93212e-06	  1.24631e-07	  3972	  8.20909e-09
412	  3.02645	  0.281224	  3.93212e-06	  1.30383e-07	  4176	  8.5368e-09
413	  3.02645	  0.343807	  3.93212e-06	  1.38548e-07	  4344	  9.02951e-09
414	  3.02645	  0.406302	  3.93212e-06	  1.42247e-07	  4044	  9.34923e-09
415	  3.02645	  0.468745	  3.93212e-06	  1.42824e-07	  4092	  9.37392e-09
416	  3.02645	  0.531226	  3.93212e-06	  1.52298e-07	  4296	  9.9385e-09
417	  3.02645	  0.593785	  3.93212e-06	  1.53738e-07	  3996	  1.01189e-08
418	  3.02645	  0.656281	  3.93212e-06	  1.53862e-07	  4188	  1.00706e-08
419	  3.02645	  0.718743	  3.93212e-06	  1.65647e-07	  4212	  1.08347e-08
420	  3.02645	  0.781255	  3.93212e-06	  1.58401e-07	  4140	  1.03819e-08
421	  3.02645	  0.843774	  3.93212e-06	  1.59184e-07	  4128	  1.04368e-08
422	  3.02645	  0.90628	  3.93212e-06	  1.62412e-07	  4188	  1.06303e-08
423	  3.02645	  0.968758	  3.93212e-06	  1.55152e-07	  4128	  1.01724e-08
424	  3.50419	  0.030936	  2.74025e-06	  9.4663e-08	  7002	  5.86443e-09
425	  3.50419	  0.0938307	  2.74025e-06	  9.50696e-08	  6240	  5.95699e-09
426	  3.50419	  0.156319	  2.74025e-06	  9.1164e-08	  5964	  5.73867e-09
427	  3.50419	  0.218712	  2.74025e-06	  9.44801e-08	  6180	  5.92584e-09
428	  3.50419	  0.281224	  2.74025e-06	  9.33945e-08	  6420	  5.83534e-09
429	  3.50419	  0.343807	  2.74025e-06	  9.53404e-08	  6516	  5.94812e-09
430	  3.50419	  0.406302	  2.74025e-06	  9.92626e-08	  6312	  6.21253e-09
431	  3.50419	  0.468745	  2.74025e-06	  1.01335e-07	  6276	  6.34587e-09
432	  3.50419	  0.531226	  2.74025e-06	  1.00794e-07	  6360	  6.30355e-09
433	  3.50419	  0.593785	  2.74025e-06	  1.02153e-07	  6408	  6.38377e-09
434	  3.50419	  0.656281	  2.74025e-06	  1.06085e-07	  6360	  6.63446e-09
435	  3.50419	  0.718743	  2.74025e-06	  1.02209e-07	  6336	  6.39451e-09
436	  3.50419	  0.781255	  2.74025e-06	  9.71672e-08	  6372	  6.07562e-09
437	  3.50419	  0.843774	  2.74025e-06	  1.01409e-07	  6456	  6.33257e-09
438	  3.50419	  0.90628	  2.74025e-06	  9.56184e-08	  6360	  5.9799e-09
439	  3.50419	  0.968758	  2.74025e-06	  9.05173e-08	  6327	  5.66384e-09
440	  4.05763	  0.030936	  1.90421e-06	  6.8779e-08	  10392	  4.11364e-09
441	  4.05763	  0.0938307	  1.90421e-06	  6.65883e-08	  9420	  4.01549e-09
442	  4.05763	  0.156319	  1.90421e-06	  6.74052e-08	  10176	  4.03846e-09
443	  4.05763	  0.218712	  1.90421e-06	  6.62909e-08	  10260	  3.969e-09
444	  4.05763	  0.281224	  1.90421e-06	  6.3995e-08	  9528	  3.85536e-09
445	  4.05763	  0.343807	  1.90421e-06	  6.52693e-08	  10140	  3.91164e-09
446	  4.05763	  0.406302	  1.90421e-06	  6.79591e-08	  9960	  4.07891e-09
447	  4.05763	  0.468745	  1.90421e-06	  6.71528e-08	  10068	  4.0269e-09
448	  4.05763	  0.531226	  1.90421e-06	  6.79977e-08	  9996	  4.08e-09
449	  4.05763	  0.593785	  1.90421e-06	  6.47399e-08	  9828	  3.89004e-09
450	  4.05763	  0.656281	  1.90421e-06	  6.32896e-08	  10032	  3.79636e-09
451	  4.05763	  0.718743	  1.90421e-06	  6.24446e-08	  9924	  3.74906e-09
452	  4.05763	  0.781255	  1.90421e-06	  5.92905e-08	  10116	  3.55402e-09
453	  4.05763	  0.843774	  1.90421e-06	  5.79519e-08	  9888	  3.48039e-09
454	  4.05763	  0.90628	  1.90421e-06	  5.48817e-08	  10008	  3.29268e-09
455	  4.05763	  0.968758	  1.90421e-06	  4.91845e-08	  9978	  2.95161e-09
456	  4.69917	  0.030936	  1.3189e-06	  4.90965e-08	  13626	  2.87542e-09
457	  4.69917	  0.0938307	  1.3189e-06	  4.87809e-08	  16392	  2.82005e-09
458	  4.69917	  0.156319	  1.3189e-06	  4.74218e-08	  15708	  2.74946e-09
459	  4.69917	  0.218712	  1.3189e-06	  4.62311e-08	  15432	  2.68371e-09
460	  4.69917	  0.281224	  1.3189e-06	  4.48118e-08	  15780	  2.59732e-09
461	  4.69917	  0.343807	  1.3189e-06	  4.48653e-08	  15300	  2.60598e-09
462	  4.69917	  0.406302	  1.3189e-06	  4.36471e-08	  15588	  2.53195e-09
463	  4.69917	  0.468745	  1.3189e-06	  4.37866e-08	  15396	  2.54222e-09
464	  4.69917	  0.531226	  1.3189e-06	  4.27145e-08	  15504	  2.47877e-09
465	  4.69917	  0.593785	  1.3189e-06	  4.09373e-08	  15660	  2.374e-09
466	  4.69917	  0.656281	  1.3189e-06	  3.86294e-08	  15192	  2.24488e-09
467	  4.69917	  0.718743	  1.3189e-06	  3.71997e-08	  15600	  2.15782e-09
468	  4.69917	  0.781255	  1.3189e-06	  3.48362e-08	  15216	  2.02422e-09
469	  4.69917	  0.843774	  1.3189e-06	  3.23823e-08	  15516	  1.87908e-09
470	  4.69917	  0.90628	  1.3189e-06	  2.96986e-08	  15540	  1.72317e-09
471	  4.69917	  0.968758	  1.3189e-06	  2.67642e-08	  15405	  1.55385e-09
472	  5.4432	  0.030936	  9.11188e-07	  3.49769e-08	  26250	  1.96473e-09
473	  5.4432	  0.0938307	  9.11188e-07	  3.40782e-08	  22392	  1.93165e-09
474	  5.4432	  0.156319	  9.11188e-07	  3.27194e-08	  24516	  1.84494e-09
475	  5.4432	  0.218712	  9.11188e-07	  3.17213e-08	  23592	  1.79259e-09
476	  5.4432	  0.281224	  9.11188e-07	  3.07617e-08	  24264	  1.73557e-09
477	  5.4432	  0.343807	  9.11188e-07	  2.99441e-08	  23928	  1.69078e-09
478	  5.4432	  0.406302	  9.11188e-07	  2.8639e-08	  24120	  1.61635e-09
479	  5.4432	  0.468745	  9.11188e-07	  2.71564e-08	  23964	  1.53325e-09
480	  5.4432	  0.531226	  9.11188e-07	  2.61484e-08	  24060	  1.476e-09
481	  5.4432	  0.593785	  9.11188e-07	  2.44714e-08	  24108	  1.38118e-09
482	  5.4432	  0.656281	  9.11188e-07	  2.28227e-08	  24228	  1.28776e-09
483	  5.4432	  0.718743	  9.11188e-07	  2.09677e-08	  24144	  1.18333e-09
484	  5.4432	  0.781255	  9.11188e-07	  1.90406e-08	  23940	  1.07509e-09
485	  5.4432	  0.843774	  9.11188e-07	  1.69161e-08	  24192	  9.54561e-10
486	  5.4432	  0.90628	  9.11188e-07	  1.54351e-08	  23988	  8.71411e-10
487	  5.4432	  0.968758	  9.11188e-07	  1.3452e-08	  24141	  7.59178e-10
488	  6.30378	  0.030936	  6.28467e-07	  2.45448e-08	  35082	  1.35828e-09
489	  6.30378	  0.0938307	  6.28467e-07	  2.3479e-08	  39108	  1.29268e-09
490	  6.30378	  0.156319	  6.28467e-07	  2.25474e-08	  36924	  1.24471e-09
491	  6.30378	  0.218712	  6.28467e-07	  2.15307e-08	  37692	  1.18744e-09
492	  6.30378	  0.281224	  6.28467e-07	  2.01081e-08	  37092	  1.10981e-09
493	  6.30378	  0.343807	  6.28467e-07	  1.94329e-08	  37536	  1.07195e-09
494	  6.30378	  0.406302	  6.28467e-07	  1.78404e-08	  36984	  9.84791e-10
495	  6.30378	  0.468745	  6.28467e-07	  1.67773e-08	  37428	  9.25588e-10
496	  6.30378	  0.531226	  6.28467e-07	  1.52536e-08	  37392	  8.41562e-10
497	  6.30378	  0.593785	  6.28467e-07	  1.38534e-08	  37200	  7.64499e-10
498	  6.30378	  0.656281	  6.28467e-07	  1.25122e-08	  36924	  6.90726e-10
499	  6.30378	  0.718743	  6.28467e-07	  1.11075e-08	  37272	  6.1291e-10
500	  6.30378	  0.781255	  6.28467e-07	  9.69183e-09	  37284	  5.34785e-10
501	  6.30378	  0.843774	  6.28467e-07	  8.40853e-09	  37188	  4.64029e-10
502	  6.30378	  0.90628	  6.28467e-07	  7.36412e-09	  37320	  4.06326e-10
503	  6.30378	  0.968758	  6.28467e-07	  6.17709e-09	  37119	  3.40916e-10
504	  7.30029	  0.030936	  4.32392e-07	  1.66844e-08	  60258	  9.02186e-10
505	  7.30029	  0.0938307	  4.32392e-07	  1.5822e-08	  56916	  8.57422e-10
506	  7.30029	  0.156319	  4.32392e-07	  1.49256e-08	  56820	  8.08893e-10
507	  7.30029	  0.218712	  4.32392e-07	  1.39916e-08	  58716	  7.57322e-10
508	  7.30029	  0.281224	  4.32392e-07	  1.2809e-08	  57840	  6.9371e-10
509	  7.30029	  0.343807	  4.32392e-07	  1.17394e-08	  57612	  6.3588e-10
510	  7.30029	  0.406302	  4.32392e-07	  1.07473e-08	  58464	  5.81816e-10
511	  7.30029	  0.468745	  4.32392e-07	  9.60511e-09	  57948	  5.20156e-10
512	  7.30029	  0.531226	  4.32392e-07	  8.49989e-09	  57708	  4.60377e-10
513	  7.30029	  0.593785	  4.32392e-07	  7.35937e-09	  58236	  3.98464e-10
514	  7.30029	  0.656281	  4.32392e-07	  6.38451e-09	  58008	  3.45734e-10
515	  7.30029	  0.718743	  4.32392e-07	  5.43928e-09	  58200	  2.9451e-10
516	  7.30029	  0.781255	  4.32392e-07	  4.55341e-09	  58128	  2.46557e-10
517	  7.30029	  0.843774	  4.32392e-07	  3.8676e-09	  57972	  2.09443e-10
518	  7.30029	  0.90628	  4.32392e-07	  3.18511e-09	  57960	  1.72486e-10
519	  7.30029	  0.968758	  4.32392e-07	  2.57458e-09	  58122	  1.39408e-10
520	  8.455	  0.030936	  2.96967e-07	  1.10227e-08	  90198	  5.87835e-10
521	  8.455	  0.0938307	  2.96967e-07	  1.04942e-08	  89292	  5.59829e-10
522	  8.455	  0.156319	  2.96967e-07	  9.69918e-09	  90804	  5.17146e-10
523	  8.455	  0.218712	  2.96967e-07	  8.70285e-09	  89628	  4.64212e-10
524	  8.455	  0.281224	  2.96967e-07	  7.79036e-09	  89844	  4.15509e-10
525	  8.455	  0.343807	  2.96967e-07	  6.89433e-09	  90636	  3.67617e-10
526	  8.455	  0.406302	  2.96967e-07	  5.96514e-09	  89628	  3.18182e-10
527	  8.455	  0.468745	  2.96967e-07	  5.09812e-09	  89772	  2.71921e-10
528	  8.455	  0.531226	  2.96967e-07	  4.31729e-09	  90324	  2.30229e-10
529	  8.455	  0.593785	  2.96967e-07	  3.58185e-09	  89784	  1.91047e-10
530	  8.455	  0.656281	  2.96967e-07	  2.94961e-09	  90216	  1.57301e-10
531	  8.455	  0.718743	  2.96967e-07	  2.43389e-09	  89796	  1.29816e-10
532	  8.455	  0.781255	  2.96967e-07	  1.96946e-09	  90120	  1.05033e-10
533	  8.455	  0.843774	  2.96967e-07	  1.58864e-09	  90132	  8.47234e-11
534	  8.455	  0.90628	  2.96967e-07	  1.2715e-09	  89916	  6.78153e-11
535	  8.455	  0.968758	  2.96967e-07	  9.83535e-10	  89964	  5.24559e-11
536	  9.79129	  0.030936	  2.03548e-07	  7.07337e-09	  139068	  3.72636e-10
537	  9.79129	  0.0938307	  2.03548e-07	  6.56403e-09	  141180	  3.45671e-10
538	  9.79129	  0.156319	  2.03548e-07	  5.96823e-09	  139380	  3.14398e-10
539	  9.79129	  0.218712	  2.03548e-07	  5.21669e-09	  138804	  2.74837e-10
540	  9.79129	  0.281224	  2.03548e-07	  4.44297e-09	  140952	  2.33983e-10
541	  9.79129	  0.343807	  2.03548e-07	  3.74459e-09	  139668	  1.97249e-10
542	  9.79129	  0.406302	  2.03548e-07	  3.07686e-09	  139464	  1.62082e-10
543	  9.79129	  0.468745	  2.03548e-07	  2.5051e-09	  139812	  1.31955e-10
544	  9.79129	  0.531226	  2.03548e-07	  2.0084e-09	  139884	  1.0579e-10
545	  9.79129	  0.593785	  2.03548e-07	  1.599e-09	  140184	  8.42209e-11
546	  9.79129	  0.656281	  2.03548e-07	  1.26072e-09	  139404	  6.64124e-11
547	  9.79129	  0.718743	  2.03548e-07	  1.00251e-09	  139932	  5.28053e-11
548	  9.79129	  0.781255	  2.03548e-07	  7.8569e-10	  139980	  4.13845e-11
549	  9.79129	  0.843774	  2.03548e-07	  6.06248e-10	  139632	  3.19348e-11
550	  9.79129	  0.90628	  2.03548e-07	  4.70442e-10	  140088	  2.4779e-11
551	  9.79129	  0.968758	  2.03548e-07	  3.4728e-10	  139623	  1.82934e-11
