#n	   k	      mu	    PL	    Pf	     w	     err  
0	  0.10472	  1	  0.00427213	  0.00028053	  3	  0.000175991
1	  0.20944	  1	  0.00151751	  7.82766e-05	  3	  4.91069e-05
2	  0.314159	  1	  0.0007108	  7.57425e-05	  3	  4.75171e-05
3	  0.418879	  1	  0.000398371	  1.50216e-05	  3	  9.42379e-06
4	  0.523599	  1	  0.000251849	  4.23648e-06	  3	  2.65776e-06
5	  0.628319	  1	  0.000170648	  1.78817e-05	  3	  1.12181e-05
6	  0.733038	  1	  0.000122002	  8.69293e-06	  3	  5.45351e-06
7	  0.837758	  1	  9.08132e-05	  7.94828e-06	  3	  4.98636e-06
8	  0.942478	  1	  6.97363e-05	  1.2336e-06	  3	  7.73899e-07
9	  0.10472	  0	  0.00427213	  4.61878e-05	  6	  2.11655e-05
10	  0.148096	  0.707107	  0.00271675	  6.61781e-05	  12	  2.24129e-05
11	  0.23416	  0.894427	  0.00120207	  8.19428e-05	  12	  2.7752e-05
12	  0.331153	  0.948683	  0.00064369	  3.2655e-05	  12	  1.10594e-05
13	  0.431771	  0.970143	  0.000374901	  1.80153e-05	  12	  6.10132e-06
14	  0.533968	  0.980581	  0.00024156	  1.20297e-05	  12	  4.07416e-06
15	  0.636985	  0.986394	  0.000165645	  6.92062e-06	  12	  2.34384e-06
16	  0.74048	  0.989949	  0.000119362	  9.33025e-06	  12	  3.15992e-06
17	  0.844278	  0.992278	  8.92337e-05	  4.23581e-06	  12	  1.43456e-06
18	  0.948278	  0.993884	  6.87654e-05	  4.08618e-06	  12	  1.38389e-06
19	  0.148096	  0	  0.00271675	  2.40384e-05	  6	  1.10155e-05
20	  0.18138	  0.57735	  0.00192736	  3.2823e-05	  12	  1.11163e-05
21	  0.25651	  0.816497	  0.00105795	  3.78727e-05	  12	  1.28265e-05
22	  0.347316	  0.904534	  0.000579791	  2.29303e-05	  12	  7.76592e-06
23	  0.444288	  0.942809	  0.000354409	  1.61359e-05	  12	  5.46484e-06
24	  0.54414	  0.96225	  0.000231969	  1.22001e-05	  12	  4.13187e-06
25	  0.645536	  0.973329	  0.000160985	  7.84878e-06	  12	  2.65819e-06
26	  0.747849	  0.980196	  0.000116753	  4.65497e-06	  12	  1.57652e-06
27	  0.850747	  0.984732	  8.77505e-05	  5.49069e-06	  12	  1.85956e-06
28	  0.954042	  0.987878	  6.78321e-05	  3.9824e-06	  12	  1.34874e-06
29	  0.20944	  0	  0.00151751	  1.50155e-05	  6	  6.88081e-06
30	  0.23416	  0.447214	  0.00120207	  2.55706e-05	  12	  8.66013e-06
31	  0.296192	  0.707107	  0.000782761	  3.12767e-05	  12	  1.05926e-05
32	  0.377572	  0.83205	  0.000493333	  2.06052e-05	  12	  6.97846e-06
33	  0.468321	  0.894427	  0.00031798	  1.64874e-05	  12	  5.58386e-06
34	  0.563933	  0.928477	  0.000215017	  6.59156e-06	  12	  2.2324e-06
35	  0.662306	  0.948683	  0.000152257	  6.13021e-06	  12	  2.07615e-06
36	  0.762371	  0.961524	  0.000111916	  6.9455e-06	  12	  2.35227e-06
37	  0.863541	  0.970143	  8.48614e-05	  1.53321e-06	  12	  5.19259e-07
38	  0.965468	  0.976187	  6.60351e-05	  2.61457e-06	  12	  8.85491e-07
39	  0.23416	  0	  0.00120207	  1.55809e-05	  12	  5.27686e-06
40	  0.25651	  0.408248	  0.00105795	  1.49691e-05	  24	  3.804e-06
41	  0.314159	  0.666667	  0.0007108	  2.07276e-05	  24	  5.26738e-06
42	  0.391825	  0.801784	  0.000459314	  1.55174e-05	  24	  3.94335e-06
43	  0.479886	  0.872872	  0.000301799	  1.73494e-05	  24	  4.4089e-06
44	  0.573574	  0.912871	  0.000207525	  8.03733e-06	  24	  2.04248e-06
45	  0.670534	  0.937043	  0.00014827	  5.02273e-06	  24	  1.2764e-06
46	  0.76953	  0.952579	  0.00010966	  4.86966e-06	  24	  1.2375e-06
47	  0.869868	  0.963087	  8.34996e-05	  3.86774e-06	  24	  9.82887e-07
48	  0.971131	  0.970495	  6.51545e-05	  3.22224e-06	  24	  8.1885e-07
49	  0.296192	  0	  0.000782761	  8.99657e-06	  6	  4.12266e-06
50	  0.314159	  0.333333	  0.0007108	  1.14166e-05	  12	  3.86653e-06
51	  0.36276	  0.57735	  0.000530683	  9.61412e-06	  12	  3.25606e-06
52	  0.431771	  0.727607	  0.000374901	  1.27643e-05	  12	  4.32296e-06
53	  0.51302	  0.816497	  0.000262812	  1.07473e-05	  12	  3.63983e-06
54	  0.601569	  0.870388	  0.000187384	  8.55078e-06	  12	  2.89594e-06
55	  0.694632	  0.904534	  0.000137293	  8.54518e-06	  12	  2.89404e-06
56	  0.790617	  0.927173	  0.000103284	  4.8065e-06	  12	  1.62784e-06
57	  0.888577	  0.942809	  7.96115e-05	  3.68114e-06	  12	  1.24671e-06
58	  0.987924	  0.953998	  6.26782e-05	  1.66108e-06	  12	  5.62566e-07
59	  0.314159	  0	  0.0007108	  1.20451e-05	  6	  5.51966e-06
60	  0.331153	  0.316228	  0.00064369	  8.93562e-06	  12	  3.02627e-06
61	  0.377572	  0.5547	  0.000493333	  1.34047e-05	  12	  4.53982e-06
62	  0.444288	  0.707107	  0.000354409	  6.89734e-06	  12	  2.33596e-06
63	  0.523599	  0.8	  0.000251849	  1.0482e-05	  12	  3.55e-06
64	  0.610616	  0.857493	  0.000181465	  4.62097e-06	  12	  1.56501e-06
65	  0.702481	  0.894427	  0.000133953	  5.55249e-06	  12	  1.88049e-06
66	  0.797522	  0.919145	  0.000101309	  4.51929e-06	  12	  1.53057e-06
67	  0.894726	  0.936329	  7.83672e-05	  2.5477e-06	  12	  8.62843e-07
68	  0.993459	  0.948683	  6.18957e-05	  2.72126e-06	  12	  9.21623e-07
69	  0.331153	  0	  0.00064369	  7.15686e-06	  12	  2.42385e-06
70	  0.347316	  0.301511	  0.000579791	  6.64496e-06	  24	  1.68864e-06
71	  0.391825	  0.534522	  0.000459314	  7.17448e-06	  24	  1.82321e-06
72	  0.456463	  0.688247	  0.00033562	  1.30053e-05	  24	  3.30495e-06
73	  0.533968	  0.784465	  0.00024156	  7.15995e-06	  24	  1.81952e-06
74	  0.61953	  0.845154	  0.000175917	  4.81549e-06	  24	  1.22373e-06
75	  0.710244	  0.884652	  0.000130793	  8.16314e-06	  24	  2.07445e-06
76	  0.804368	  0.911322	  9.94144e-05	  3.91203e-06	  24	  9.9414e-07
77	  0.900833	  0.929981	  7.7197e-05	  3.33063e-06	  24	  8.46394e-07
78	  0.998963	  0.943456	  6.11335e-05	  2.08435e-06	  24	  5.29684e-07
79	  0.377572	  0	  0.000493333	  5.99418e-06	  12	  2.03008e-06
80	  0.391825	  0.267261	  0.000459314	  4.60021e-06	  24	  1.16903e-06
81	  0.431771	  0.485071	  0.000374901	  7.81376e-06	  24	  1.98566e-06
82	  0.491179	  0.639602	  0.000287358	  5.81034e-06	  24	  1.47655e-06
83	  0.563933	  0.742781	  0.000215017	  7.63525e-06	  24	  1.9403e-06
84	  0.645536	  0.811107	  0.000160985	  6.29902e-06	  24	  1.60073e-06
85	  0.733038	  0.857143	  0.000122002	  5.36987e-06	  24	  1.36461e-06
86	  0.824564	  0.889001	  9.40695e-05	  2.54792e-06	  24	  6.47489e-07
87	  0.918912	  0.911685	  7.38245e-05	  3.72496e-06	  24	  9.46603e-07
88	  0.418879	  0	  0.000398371	  1.36611e-06	  6	  6.26018e-07
89	  0.431771	  0.242536	  0.000374901	  3.46797e-06	  12	  1.17451e-06
90	  0.468321	  0.447214	  0.00031798	  6.17984e-06	  12	  2.09296e-06
91	  0.523599	  0.6	  0.000251849	  5.73939e-06	  12	  1.94379e-06
92	  0.592384	  0.707107	  0.000193728	  3.03948e-06	  12	  1.02939e-06
93	  0.670534	  0.780869	  0.00014827	  6.00077e-06	  12	  2.03231e-06
94	  0.755145	  0.83205	  0.000114321	  3.56047e-06	  12	  1.20584e-06
95	  0.844278	  0.868243	  8.92337e-05	  3.45883e-06	  12	  1.17142e-06
96	  0.936642	  0.894427	  7.07132e-05	  1.67475e-06	  12	  5.67197e-07
97	  0.431771	  0	  0.000374901	  3.1954e-06	  12	  1.0822e-06
98	  0.444288	  0.235702	  0.000354409	  2.16248e-06	  24	  5.49538e-07
99	  0.479886	  0.436436	  0.000301799	  6.84173e-06	  24	  1.73865e-06
100	  0.533968	  0.588348	  0.00024156	  3.69777e-06	  24	  9.39693e-07
101	  0.601569	  0.696311	  0.000187384	  3.68946e-06	  24	  9.3758e-07
102	  0.678662	  0.771517	  0.000144415	  3.27232e-06	  24	  8.31575e-07
103	  0.762371	  0.824163	  0.000111916	  4.58392e-06	  24	  1.16488e-06
104	  0.850747	  0.86164	  8.77505e-05	  4.01672e-06	  24	  1.02075e-06
105	  0.942478	  0.888889	  6.97363e-05	  3.22546e-06	  24	  8.19668e-07
106	  0.444288	  0	  0.000354409	  2.91274e-06	  6	  1.33476e-06
107	  0.456463	  0.229416	  0.00033562	  5.41853e-06	  12	  1.83512e-06
108	  0.491179	  0.426401	  0.000287358	  4.602e-06	  12	  1.55858e-06
109	  0.54414	  0.57735	  0.000231969	  1.62842e-06	  12	  5.51504e-07
110	  0.610616	  0.685994	  0.000181465	  5.79078e-06	  12	  1.96119e-06
111	  0.686693	  0.762493	  0.000140776	  3.74437e-06	  12	  1.26813e-06
112	  0.76953	  0.816497	  0.00010966	  3.51551e-06	  12	  1.19062e-06
113	  0.857168	  0.855186	  8.62786e-05	  2.09086e-06	  12	  7.08121e-07
114	  0.948278	  0.883452	  6.87654e-05	  1.56448e-06	  12	  5.2985e-07
115	  0.468321	  0	  0.00031798	  3.69968e-06	  12	  1.25299e-06
116	  0.479886	  0.218218	  0.000301799	  5.24226e-06	  24	  1.33218e-06
117	  0.51302	  0.408248	  0.000262812	  5.28818e-06	  24	  1.34385e-06
118	  0.563933	  0.557086	  0.000215017	  5.15965e-06	  24	  1.31119e-06
119	  0.628319	  0.666667	  0.000170648	  3.9451e-06	  24	  1.00255e-06
120	  0.702481	  0.745356	  0.000133953	  4.23096e-06	  24	  1.07519e-06
121	  0.783651	  0.801784	  0.000105335	  3.74182e-06	  24	  9.50888e-07
122	  0.869868	  0.842701	  8.34996e-05	  2.51462e-06	  24	  6.39026e-07
123	  0.959772	  0.872872	  6.69309e-05	  2.32227e-06	  24	  5.90145e-07
124	  0.523599	  0	  0.000251849	  2.57522e-06	  18	  7.35747e-07
125	  0.533968	  0.196116	  0.00024156	  2.3685e-06	  36	  5.13174e-07
126	  0.563933	  0.371391	  0.000215017	  2.41616e-06	  36	  5.23502e-07
127	  0.610616	  0.514496	  0.000181465	  2.9435e-06	  36	  6.37758e-07
128	  0.670534	  0.624695	  0.00014827	  3.03155e-06	  36	  6.56835e-07
129	  0.74048	  0.707107	  0.000119362	  3.35324e-06	  36	  7.26536e-07
130	  0.817887	  0.768221	  9.58027e-05	  2.83199e-06	  36	  6.13599e-07
131	  0.900833	  0.813733	  7.7197e-05	  2.31465e-06	  36	  5.01508e-07
132	  0.987924	  0.847998	  6.26782e-05	  2.10636e-06	  36	  4.56379e-07
133	  0.533968	  0	  0.00024156	  2.30919e-06	  12	  7.82065e-07
134	  0.54414	  0.19245	  0.000231969	  3.65427e-06	  24	  9.28638e-07
135	  0.573574	  0.365148	  0.000207525	  2.37558e-06	  24	  6.03691e-07
136	  0.61953	  0.507093	  0.000175917	  3.24635e-06	  24	  8.24975e-07
137	  0.678662	  0.617213	  0.000144415	  3.18198e-06	  24	  8.08619e-07
138	  0.747849	  0.70014	  0.000116753	  2.91473e-06	  24	  7.40704e-07
139	  0.824564	  0.762001	  9.40695e-05	  1.22489e-06	  24	  3.11273e-07
140	  0.9069	  0.80829	  7.60446e-05	  2.78601e-06	  24	  7.07992e-07
141	  0.993459	  0.843274	  6.18957e-05	  2.10943e-06	  24	  5.36056e-07
142	  0.563933	  0	  0.000215017	  9.62927e-07	  12	  3.26119e-07
143	  0.573574	  0.182574	  0.000207525	  1.97244e-06	  24	  5.01244e-07
144	  0.601569	  0.348155	  0.000187384	  2.74878e-06	  24	  6.98533e-07
145	  0.645536	  0.486664	  0.000160985	  3.2047e-06	  24	  8.1439e-07
146	  0.702481	  0.596285	  0.000133953	  3.35237e-06	  24	  8.51917e-07
147	  0.76953	  0.680414	  0.00010966	  1.92044e-06	  24	  4.88031e-07
148	  0.844278	  0.744208	  8.92337e-05	  2.95223e-06	  24	  7.50233e-07
149	  0.92486	  0.792594	  7.27641e-05	  2.29091e-06	  24	  5.82175e-07
150	  0.592384	  0	  0.000193728	  7.52342e-07	  6	  3.44759e-07
151	  0.601569	  0.174078	  0.000187384	  1.48509e-06	  12	  5.02961e-07
152	  0.628319	  0.333333	  0.000170648	  2.06076e-06	  12	  6.97929e-07
153	  0.670534	  0.468521	  0.00014827	  1.84926e-06	  12	  6.26299e-07
154	  0.72552	  0.57735	  0.000124835	  3.63394e-06	  12	  1.23073e-06
155	  0.790617	  0.662266	  0.000103284	  2.6143e-06	  12	  8.85399e-07
156	  0.863541	  0.727607	  8.48614e-05	  2.23774e-06	  12	  7.57868e-07
157	  0.942478	  0.777778	  6.97363e-05	  1.65197e-06	  12	  5.59481e-07
158	  0.610616	  0	  0.000181465	  1.43506e-06	  12	  4.86019e-07
159	  0.61953	  0.169031	  0.000175917	  1.91144e-06	  24	  4.85744e-07
160	  0.645536	  0.324443	  0.000160985	  2.2094e-06	  24	  5.61462e-07
161	  0.686693	  0.457496	  0.000140776	  2.50631e-06	  24	  6.36914e-07
162	  0.74048	  0.565685	  0.000119362	  2.07416e-06	  24	  5.27093e-07
163	  0.804368	  0.650945	  9.94144e-05	  2.83685e-06	  24	  7.20912e-07
164	  0.876148	  0.717137	  8.21476e-05	  2.32477e-06	  24	  5.90779e-07
165	  0.954042	  0.76835	  6.78321e-05	  1.88461e-06	  24	  4.78924e-07
166	  0.628319	  0	  0.000170648	  5.42909e-06	  6	  2.48787e-06
167	  0.636985	  0.164399	  0.000165645	  2.5261e-06	  12	  8.55529e-07
168	  0.662306	  0.316228	  0.000152257	  1.66544e-06	  12	  5.64043e-07
169	  0.702481	  0.447214	  0.000133953	  9.42364e-07	  12	  3.19155e-07
170	  0.755145	  0.5547	  0.000114321	  1.2344e-06	  12	  4.18062e-07
171	  0.817887	  0.640184	  9.58027e-05	  1.6813e-06	  12	  5.69416e-07
172	  0.888577	  0.707107	  7.96115e-05	  1.9258e-06	  12	  6.52222e-07
173	  0.965468	  0.759257	  6.60351e-05	  2.13603e-06	  12	  7.23422e-07
174	  0.636985	  0	  0.000165645	  2.39827e-06	  12	  8.12235e-07
175	  0.645536	  0.162221	  0.000160985	  1.37478e-06	  24	  3.49365e-07
176	  0.670534	  0.312348	  0.00014827	  1.60549e-06	  24	  4.07993e-07
177	  0.710244	  0.442326	  0.000130793	  2.16699e-06	  24	  5.50685e-07
178	  0.762371	  0.549442	  0.000111916	  2.62043e-06	  24	  6.65914e-07
179	  0.824564	  0.635001	  9.40695e-05	  1.35251e-06	  24	  3.43704e-07
180	  0.894726	  0.702247	  7.83672e-05	  1.37723e-06	  24	  3.49988e-07
181	  0.971131	  0.754829	  6.51545e-05	  1.58882e-06	  24	  4.03756e-07
182	  0.662306	  0	  0.000152257	  1.5839e-06	  12	  5.36429e-07
183	  0.670534	  0.156174	  0.00014827	  1.43001e-06	  24	  3.63401e-07
184	  0.694632	  0.301511	  0.000137293	  1.68767e-06	  24	  4.28877e-07
185	  0.733038	  0.428571	  0.000122002	  1.96052e-06	  24	  4.98215e-07
186	  0.783651	  0.534522	  0.000105335	  1.7901e-06	  24	  4.54907e-07
187	  0.844278	  0.620174	  8.92337e-05	  1.74011e-06	  24	  4.42204e-07
188	  0.912926	  0.688247	  7.48999e-05	  1.1971e-06	  24	  3.04213e-07
189	  0.987924	  0.741999	  6.26782e-05	  1.3465e-06	  24	  3.42177e-07
190	  0.670534	  0	  0.00014827	  1.91302e-06	  12	  6.47892e-07
191	  0.678662	  0.154303	  0.000144415	  1.23495e-06	  24	  3.13832e-07
192	  0.702481	  0.298142	  0.000133953	  2.00984e-06	  24	  5.1075e-07
193	  0.74048	  0.424264	  0.000119362	  1.53804e-06	  24	  3.90853e-07
194	  0.790617	  0.529813	  0.000103284	  1.72631e-06	  24	  4.38698e-07
195	  0.850747	  0.615457	  8.77505e-05	  1.2413e-06	  24	  3.15444e-07
196	  0.918912	  0.683763	  7.38245e-05	  1.75403e-06	  24	  4.45741e-07
197	  0.993459	  0.737865	  6.18957e-05	  1.56593e-06	  24	  3.97941e-07
198	  0.702481	  0	  0.000133953	  7.67611e-07	  12	  2.59971e-07
199	  0.710244	  0.147442	  0.000130793	  1.5581e-06	  24	  3.95951e-07
200	  0.733038	  0.285714	  0.000122002	  2.01469e-06	  24	  5.11982e-07
201	  0.76953	  0.408248	  0.00010966	  1.68656e-06	  24	  4.28595e-07
202	  0.817887	  0.512148	  9.58027e-05	  2.37674e-06	  24	  6.03987e-07
203	  0.876148	  0.597614	  8.21476e-05	  1.99353e-06	  24	  5.06604e-07
204	  0.942478	  0.666667	  6.97363e-05	  1.63292e-06	  24	  4.14964e-07
205	  0.733038	  0	  0.000122002	  1.29241e-06	  6	  5.92243e-07
206	  0.74048	  0.141421	  0.000119362	  1.25369e-06	  12	  4.24595e-07
207	  0.762371	  0.274721	  0.000111916	  1.0137e-06	  12	  3.43316e-07
208	  0.797522	  0.393919	  0.000101309	  1.42913e-06	  12	  4.84009e-07
209	  0.844278	  0.496139	  8.92337e-05	  1.72302e-06	  12	  5.83543e-07
210	  0.900833	  0.581238	  7.7197e-05	  1.8591e-06	  12	  6.2963e-07
211	  0.965468	  0.650791	  6.60351e-05	  1.514e-06	  12	  5.12755e-07
212	  0.74048	  0	  0.000119362	  1.35184e-06	  18	  3.86223e-07
213	  0.747849	  0.140028	  0.000116753	  1.63669e-06	  36	  3.54616e-07
214	  0.76953	  0.272166	  0.00010966	  1.29465e-06	  36	  2.80507e-07
215	  0.804368	  0.390567	  9.94144e-05	  1.86696e-06	  36	  4.04509e-07
216	  0.850747	  0.492366	  8.77505e-05	  1.2575e-06	  36	  2.72458e-07
217	  0.9069	  0.57735	  7.60446e-05	  1.26573e-06	  36	  2.74242e-07
218	  0.971131	  0.646997	  6.51545e-05	  1.98104e-06	  36	  4.29226e-07
219	  0.755145	  0	  0.000114321	  8.42519e-07	  12	  2.8534e-07
220	  0.762371	  0.137361	  0.000111916	  1.63426e-06	  24	  4.15305e-07
221	  0.783651	  0.267261	  0.000105335	  1.396e-06	  24	  3.54757e-07
222	  0.817887	  0.384111	  9.58027e-05	  1.54509e-06	  24	  3.92645e-07
223	  0.863541	  0.485071	  8.48614e-05	  8.4099e-07	  24	  2.13716e-07
224	  0.918912	  0.569803	  7.38245e-05	  1.44358e-06	  24	  3.66849e-07
225	  0.982358	  0.639602	  6.34989e-05	  1.06573e-06	  24	  2.70828e-07
226	  0.762371	  0	  0.000111916	  7.15326e-07	  12	  2.42263e-07
227	  0.76953	  0.136083	  0.00010966	  1.54534e-06	  24	  3.92709e-07
228	  0.790617	  0.264906	  0.000103284	  1.08515e-06	  24	  2.75763e-07
229	  0.824564	  0.381	  9.40695e-05	  1.14901e-06	  24	  2.91991e-07
230	  0.869868	  0.481543	  8.34996e-05	  8.47344e-07	  24	  2.15331e-07
231	  0.92486	  0.566139	  7.27641e-05	  1.5664e-06	  24	  3.98061e-07
232	  0.987924	  0.635999	  6.26782e-05	  1.09958e-06	  24	  2.79431e-07
233	  0.797522	  0	  0.000101309	  1.2219e-06	  12	  4.13826e-07
234	  0.804368	  0.130189	  9.94144e-05	  1.53723e-06	  24	  3.90647e-07
235	  0.824564	  0.254	  9.40695e-05	  1.00543e-06	  24	  2.55504e-07
236	  0.857168	  0.366508	  8.62786e-05	  1.16625e-06	  24	  2.96372e-07
237	  0.900833	  0.464991	  7.7197e-05	  1.13387e-06	  24	  2.88144e-07
238	  0.954042	  0.548821	  6.78321e-05	  1.3192e-06	  24	  3.35239e-07
239	  0.817887	  0	  9.58027e-05	  8.90771e-07	  12	  3.01682e-07
240	  0.824564	  0.127	  9.40695e-05	  8.23312e-07	  24	  2.09224e-07
241	  0.844278	  0.248069	  8.92337e-05	  1.0544e-06	  24	  2.67948e-07
242	  0.876148	  0.358569	  8.21476e-05	  1.27034e-06	  24	  3.22824e-07
243	  0.918912	  0.455842	  7.38245e-05	  1.22402e-06	  24	  3.11052e-07
244	  0.971131	  0.539164	  6.51545e-05	  1.41223e-06	  24	  3.58883e-07
245	  0.837758	  0	  9.08132e-05	  1.14272e-06	  6	  5.23648e-07
246	  0.844278	  0.124035	  8.92337e-05	  1.48903e-06	  12	  5.04296e-07
247	  0.863541	  0.242536	  8.48614e-05	  4.43755e-07	  12	  1.50289e-07
248	  0.894726	  0.351123	  7.83672e-05	  9.39341e-07	  12	  3.18131e-07
249	  0.936642	  0.447214	  7.07132e-05	  1.0191e-06	  12	  3.45142e-07
250	  0.987924	  0.529999	  6.26782e-05	  1.61846e-06	  12	  5.48132e-07
251	  0.844278	  0	  8.92337e-05	  1.32086e-06	  24	  3.35662e-07
252	  0.850747	  0.123091	  8.77505e-05	  1.16225e-06	  48	  2.25868e-07
253	  0.869868	  0.240772	  8.34996e-05	  9.37409e-07	  48	  1.82174e-07
254	  0.900833	  0.348743	  7.7197e-05	  1.13226e-06	  48	  2.20041e-07
255	  0.942478	  0.444444	  6.97363e-05	  1.06362e-06	  48	  2.06701e-07
256	  0.993459	  0.527046	  6.18957e-05	  1.186e-06	  48	  2.30484e-07
257	  0.863541	  0	  8.48614e-05	  5.7408e-07	  12	  1.94426e-07
258	  0.869868	  0.120386	  8.34996e-05	  1.02643e-06	  24	  2.60841e-07
259	  0.888577	  0.235702	  7.96115e-05	  9.93056e-07	  24	  2.5236e-07
260	  0.918912	  0.341882	  7.38245e-05	  1.0202e-06	  24	  2.59257e-07
261	  0.959772	  0.436436	  6.69309e-05	  1.02944e-06	  24	  2.61604e-07
262	  0.888577	  0	  7.96115e-05	  8.52999e-07	  6	  3.90885e-07
263	  0.894726	  0.117041	  7.83672e-05	  6.66553e-07	  12	  2.25745e-07
264	  0.912926	  0.229416	  7.48999e-05	  9.898e-07	  12	  3.35221e-07
265	  0.942478	  0.333333	  6.97363e-05	  1.10297e-06	  12	  3.73549e-07
266	  0.982358	  0.426401	  6.34989e-05	  9.92437e-07	  12	  3.36114e-07
267	  0.894726	  0	  7.83672e-05	  6.4486e-07	  12	  2.18398e-07
268	  0.900833	  0.116248	  7.7197e-05	  7.99293e-07	  24	  2.0312e-07
269	  0.918912	  0.227921	  7.38245e-05	  1.05915e-06	  24	  2.69155e-07
270	  0.948278	  0.331295	  6.87654e-05	  1.05167e-06	  24	  2.67254e-07
271	  0.987924	  0.423999	  6.26782e-05	  9.38268e-07	  24	  2.38437e-07
272	  0.900833	  0	  7.7197e-05	  1.28423e-06	  12	  4.34936e-07
273	  0.9069	  0.11547	  7.60446e-05	  8.74912e-07	  24	  2.22336e-07
274	  0.92486	  0.226455	  7.27641e-05	  7.20687e-07	  24	  1.83144e-07
275	  0.954042	  0.329293	  6.78321e-05	  1.01597e-06	  24	  2.58182e-07
276	  0.993459	  0.421637	  6.18957e-05	  9.29811e-07	  24	  2.36288e-07
277	  0.936642	  0	  7.07132e-05	  6.48127e-07	  12	  2.19505e-07
278	  0.942478	  0.111111	  6.97363e-05	  9.03138e-07	  24	  2.29509e-07
279	  0.959772	  0.218218	  6.69309e-05	  8.30507e-07	  24	  2.11052e-07
280	  0.987924	  0.317999	  6.26782e-05	  7.6865e-07	  24	  1.95332e-07
281	  0.942478	  0	  6.97363e-05	  1.3977e-06	  6	  6.40492e-07
282	  0.948278	  0.110432	  6.87654e-05	  1.04429e-06	  12	  3.53676e-07
283	  0.965468	  0.21693	  6.60351e-05	  9.11918e-07	  12	  3.08844e-07
284	  0.993459	  0.316228	  6.18957e-05	  9.54769e-07	  12	  3.23356e-07
285	  0.948278	  0	  6.87654e-05	  9.2219e-07	  12	  3.12323e-07
286	  0.954042	  0.109764	  6.78321e-05	  7.24448e-07	  24	  1.841e-07
287	  0.971131	  0.215666	  6.51545e-05	  6.61649e-07	  24	  1.68141e-07
288	  0.998963	  0.314485	  6.11335e-05	  7.59504e-07	  24	  1.93008e-07
289	  0.965468	  0	  6.60351e-05	  7.64411e-07	  24	  1.94255e-07
290	  0.971131	  0.107833	  6.51545e-05	  8.13407e-07	  48	  1.58075e-07
291	  0.987924	  0.212	  6.26782e-05	  8.91101e-07	  48	  1.73174e-07
292	  0.987924	  0	  6.26782e-05	  7.36887e-07	  12	  2.49565e-07
293	  0.993459	  0.105409	  6.18957e-05	  7.80032e-07	  24	  1.98225e-07
294	  0.993459	  0	  6.18957e-05	  6.79792e-07	  12	  2.30229e-07
295	  0.998963	  0.104828	  6.11335e-05	  6.85659e-07	  24	  1.74242e-07
296	  1.08818	  0.030936	  5.03103e-05	  6.39978e-07	  138	  8.64774e-08
297	  1.08818	  0.0938307	  5.03103e-05	  5.89092e-07	  252	  6.65639e-08
298	  1.08818	  0.156319	  5.03103e-05	  5.40521e-07	  72	  9.07271e-08
299	  1.08818	  0.218712	  5.03103e-05	  5.99337e-07	  216	  7.07465e-08
300	  1.08818	  0.281224	  5.03103e-05	  7.05432e-07	  288	  7.68396e-08
301	  1.08818	  0.343807	  5.03103e-05	  6.75342e-07	  120	  9.54172e-08
302	  1.08818	  0.406302	  5.03103e-05	  9.45108e-07	  180	  1.177e-07
303	  1.08818	  0.468745	  5.03103e-05	  8.67762e-07	  180	  1.08067e-07
304	  1.08818	  0.531226	  5.03103e-05	  1.02058e-06	  192	  1.24684e-07
305	  1.08818	  0.593785	  5.03103e-05	  1.26612e-06	  192	  1.5468e-07
306	  1.08818	  0.656281	  5.03103e-05	  1.02563e-06	  168	  1.30411e-07
307	  1.08818	  0.718743	  5.03103e-05	  1.35669e-06	  228	  1.57684e-07
308	  1.08818	  0.781255	  5.03103e-05	  1.89586e-06	  144	  2.52781e-07
309	  1.08818	  0.843774	  5.03103e-05	  1.63149e-06	  240	  1.86887e-07
310	  1.08818	  0.90628	  5.03103e-05	  1.96281e-06	  168	  2.49574e-07
311	  1.08818	  0.968758	  5.03103e-05	  2.03613e-06	  150	  2.68056e-07
312	  1.25577	  0.030936	  3.61853e-05	  4.92715e-07	  198	  5.96515e-08
313	  1.25577	  0.0938307	  3.61853e-05	  5.06981e-07	  396	  5.08258e-08
314	  1.25577	  0.156319	  3.61853e-05	  4.88291e-07	  396	  4.89521e-08
315	  1.25577	  0.218712	  3.61853e-05	  4.57878e-07	  204	  5.49517e-08
316	  1.25577	  0.281224	  3.61853e-05	  5.4428e-07	  216	  6.42475e-08
317	  1.25577	  0.343807	  3.61853e-05	  5.38984e-07	  372	  5.48943e-08
318	  1.25577	  0.406302	  3.61853e-05	  6.21698e-07	  312	  6.62816e-08
319	  1.25577	  0.468745	  3.61853e-05	  6.13496e-07	  288	  6.68254e-08
320	  1.25577	  0.531226	  3.61853e-05	  8.0776e-07	  264	  9.01022e-08
321	  1.25577	  0.593785	  3.61853e-05	  7.79324e-07	  312	  8.30867e-08
322	  1.25577	  0.656281	  3.61853e-05	  8.07371e-07	  276	  8.89665e-08
323	  1.25577	  0.718743	  3.61853e-05	  9.35108e-07	  312	  9.96955e-08
324	  1.25577	  0.781255	  3.61853e-05	  1.1029e-06	  276	  1.21531e-07
325	  1.25577	  0.843774	  3.61853e-05	  1.08741e-06	  240	  1.24563e-07
326	  1.25577	  0.90628	  3.61853e-05	  1.21326e-06	  324	  1.28066e-07
327	  1.25577	  0.968758	  3.61853e-05	  1.40515e-06	  315	  1.49429e-07
328	  1.45182	  0.030936	  2.58127e-05	  3.49779e-07	  246	  3.979e-08
329	  1.45182	  0.0938307	  2.58127e-05	  3.22033e-07	  516	  3.02783e-08
330	  1.45182	  0.156319	  2.58127e-05	  3.55116e-07	  504	  3.3574e-08
331	  1.45182	  0.218712	  2.58127e-05	  3.26e-07	  528	  3.04874e-08
332	  1.45182	  0.281224	  2.58127e-05	  3.58367e-07	  504	  3.38813e-08
333	  1.45182	  0.343807	  2.58127e-05	  3.98319e-07	  384	  4.02425e-08
334	  1.45182	  0.406302	  2.58127e-05	  4.88087e-07	  420	  4.82206e-08
335	  1.45182	  0.468745	  2.58127e-05	  4.34365e-07	  468	  4.17968e-08
336	  1.45182	  0.531226	  2.58127e-05	  4.88877e-07	  480	  4.67579e-08
337	  1.45182	  0.593785	  2.58127e-05	  5.05647e-07	  468	  4.86559e-08
338	  1.45182	  0.656281	  2.58127e-05	  5.35862e-07	  396	  5.37212e-08
339	  1.45182	  0.718743	  2.58127e-05	  6.06032e-07	  456	  5.86816e-08
340	  1.45182	  0.781255	  2.58127e-05	  7.23897e-07	  432	  7.10234e-08
341	  1.45182	  0.843774	  2.58127e-05	  7.20373e-07	  480	  6.8899e-08
342	  1.45182	  0.90628	  2.58127e-05	  8.2328e-07	  480	  7.87414e-08
343	  1.45182	  0.968758	  2.58127e-05	  9.66199e-07	  414	  9.5796e-08
344	  1.68148	  0.030936	  1.82704e-05	  2.40637e-07	  798	  2.05503e-08
345	  1.68148	  0.0938307	  1.82704e-05	  2.64058e-07	  708	  2.31268e-08
346	  1.68148	  0.156319	  1.82704e-05	  2.53189e-07	  684	  2.23404e-08
347	  1.68148	  0.218712	  1.82704e-05	  2.70324e-07	  720	  2.35906e-08
348	  1.68148	  0.281224	  1.82704e-05	  2.76245e-07	  708	  2.41942e-08
349	  1.68148	  0.343807	  1.82704e-05	  2.92107e-07	  720	  2.54916e-08
350	  1.68148	  0.406302	  1.82704e-05	  3.08555e-07	  672	  2.73305e-08
351	  1.68148	  0.468745	  1.82704e-05	  3.58195e-07	  732	  3.1149e-08
352	  1.68148	  0.531226	  1.82704e-05	  3.65181e-07	  672	  3.23462e-08
353	  1.68148	  0.593785	  1.82704e-05	  3.74931e-07	  708	  3.28373e-08
354	  1.68148	  0.656281	  1.82704e-05	  3.8499e-07	  744	  3.33639e-08
355	  1.68148	  0.718743	  1.82704e-05	  4.70699e-07	  744	  4.07916e-08
356	  1.68148	  0.781255	  1.82704e-05	  5.13241e-07	  696	  4.51164e-08
357	  1.68148	  0.843774	  1.82704e-05	  5.03072e-07	  708	  4.40602e-08
358	  1.68148	  0.90628	  1.82704e-05	  5.36413e-07	  696	  4.71534e-08
359	  1.68148	  0.968758	  1.82704e-05	  6.34939e-07	  741	  5.5072e-08
360	  1.94819	  0.030936	  1.2868e-05	  1.7661e-07	  1368	  1.36055e-08
361	  1.94819	  0.0938307	  1.2868e-05	  1.79135e-07	  924	  1.48498e-08
362	  1.94819	  0.156319	  1.2868e-05	  1.86493e-07	  972	  1.53064e-08
363	  1.94819	  0.218712	  1.2868e-05	  2.02602e-07	  972	  1.66286e-08
364	  1.94819	  0.281224	  1.2868e-05	  1.85336e-07	  1200	  1.4617e-08
365	  1.94819	  0.343807	  1.2868e-05	  2.01632e-07	  1140	  1.60534e-08
366	  1.94819	  0.406302	  1.2868e-05	  2.16332e-07	  1080	  1.73993e-08
367	  1.94819	  0.468745	  1.2868e-05	  2.3873e-07	  1068	  1.92415e-08
368	  1.94819	  0.531226	  1.2868e-05	  2.26179e-07	  1164	  1.79384e-08
369	  1.94819	  0.593785	  1.2868e-05	  2.71775e-07	  1188	  2.14737e-08
370	  1.94819	  0.656281	  1.2868e-05	  2.7145e-07	  1068	  2.18787e-08
371	  1.94819	  0.718743	  1.2868e-05	  2.93139e-07	  1008	  2.389e-08
372	  1.94819	  0.781255	  1.2868e-05	  3.14065e-07	  1164	  2.49087e-08
373	  1.94819	  0.843774	  1.2868e-05	  3.25773e-07	  1176	  2.57884e-08
374	  1.94819	  0.90628	  1.2868e-05	  3.41069e-07	  1080	  2.74319e-08
375	  1.94819	  0.968758	  1.2868e-05	  3.65384e-07	  1038	  2.96102e-08
376	  2.25604	  0.030936	  9.04471e-06	  1.35325e-07	  1896	  9.8741e-09
377	  2.25604	  0.0938307	  9.04471e-06	  1.36588e-07	  1272	  1.06591e-08
378	  2.25604	  0.156319	  9.04471e-06	  1.31379e-07	  2040	  9.4777e-09
379	  2.25604	  0.218712	  9.04471e-06	  1.42288e-07	  1740	  1.05255e-08
380	  2.25604	  0.281224	  9.04471e-06	  1.44854e-07	  1584	  1.08823e-08
381	  2.25604	  0.343807	  9.04471e-06	  1.45302e-07	  1764	  1.07247e-08
382	  2.25604	  0.406302	  9.04471e-06	  1.52355e-07	  1632	  1.13891e-08
383	  2.25604	  0.468745	  9.04471e-06	  1.60685e-07	  1860	  1.176e-08
384	  2.25604	  0.531226	  9.04471e-06	  1.71041e-07	  1560	  1.28825e-08
385	  2.25604	  0.593785	  9.04471e-06	  1.78974e-07	  1692	  1.32997e-08
386	  2.25604	  0.656281	  9.04471e-06	  1.90078e-07	  1704	  1.41086e-08
387	  2.25604	  0.718743	  9.04471e-06	  1.97746e-07	  1824	  1.45174e-08
388	  2.25604	  0.781255	  9.04471e-06	  1.98996e-07	  1668	  1.48222e-08
389	  2.25604	  0.843774	  9.04471e-06	  2.07666e-07	  1680	  1.54499e-08
390	  2.25604	  0.90628	  9.04471e-06	  2.19357e-07	  1776	  1.61729e-08
391	  2.25604	  0.968758	  9.04471e-06	  2.22229e-07	  1656	  1.65725e-08
392	  2.61216	  0.030936	  6.3402e-06	  1.0024e-07	  2586	  6.98319e-09
393	  2.61216	  0.0938307	  6.3402e-06	  9.71524e-08	  3036	  6.62083e-09
394	  2.61216	  0.156319	  6.3402e-06	  1.04314e-07	  2124	  7.47913e-09
395	  2.61216	  0.218712	  6.3402e-06	  9.7692e-08	  2940	  6.68631e-09
396	  2.61216	  0.281224	  6.3402e-06	  1.01555e-07	  2616	  7.06331e-09
397	  2.61216	  0.343807	  6.3402e-06	  1.07615e-07	  2448	  7.55577e-09
398	  2.61216	  0.406302	  6.3402e-06	  1.12956e-07	  2916	  7.73961e-09
399	  2.61216	  0.468745	  6.3402e-06	  1.11804e-07	  2544	  7.80686e-09
400	  2.61216	  0.531226	  6.3402e-06	  1.18628e-07	  2652	  8.23499e-09
401	  2.61216	  0.593785	  6.3402e-06	  1.21312e-07	  2748	  8.37974e-09
402	  2.61216	  0.656281	  6.3402e-06	  1.24071e-07	  2676	  8.60195e-09
403	  2.61216	  0.718743	  6.3402e-06	  1.26253e-07	  2472	  8.85199e-09
404	  2.61216	  0.781255	  6.3402e-06	  1.28752e-07	  2616	  8.95489e-09
405	  2.61216	  0.843774	  6.3402e-06	  1.30573e-07	  2736	  9.02497e-09
406	  2.61216	  0.90628	  6.3402e-06	  1.32682e-07	  2568	  9.25239e-09
407	  2.61216	  0.968758	  6.3402e-06	  1.33559e-07	  2745	  9.22712e-09
408	  3.02645	  0.030936	  4.42237e-06	  7.87715e-08	  3414	  5.28672e-09
409	  3.02645	  0.0938307	  4.42237e-06	  7.41228e-08	  4512	  4.80963e-09
410	  3.02645	  0.156319	  4.42237e-06	  7.44764e-08	  4632	  4.81812e-09
411	  3.02645	  0.218712	  4.42237e-06	  7.01184e-08	  3972	  4.61849e-09
412	  3.02645	  0.281224	  4.42237e-06	  7.29932e-08	  4176	  4.7792e-09
413	  3.02645	  0.343807	  4.42237e-06	  7.86318e-08	  4344	  5.12463e-09
414	  3.02645	  0.406302	  4.42237e-06	  7.96066e-08	  4044	  5.23215e-09
415	  3.02645	  0.468745	  4.42237e-06	  7.9205e-08	  4092	  5.19843e-09
416	  3.02645	  0.531226	  4.42237e-06	  8.30706e-08	  4296	  5.42093e-09
417	  3.02645	  0.593785	  4.42237e-06	  8.37446e-08	  3996	  5.51201e-09
418	  3.02645	  0.656281	  4.42237e-06	  8.13681e-08	  4188	  5.32574e-09
419	  3.02645	  0.718743	  4.42237e-06	  8.66636e-08	  4212	  5.66852e-09
420	  3.02645	  0.781255	  4.42237e-06	  8.22123e-08	  4140	  5.38834e-09
421	  3.02645	  0.843774	  4.42237e-06	  8.13846e-08	  4128	  5.33592e-09
422	  3.02645	  0.90628	  4.42237e-06	  8.10555e-08	  4188	  5.30528e-09
423	  3.02645	  0.968758	  4.42237e-06	  7.54888e-08	  4128	  4.94937e-09
424	  3.50419	  0.030936	  3.0819e-06	  5.45569e-08	  7002	  3.37983e-09
425	  3.50419	  0.0938307	  3.0819e-06	  5.44961e-08	  6240	  3.41469e-09
426	  3.50419	  0.156319	  3.0819e-06	  5.26418e-08	  5964	  3.31374e-09
427	  3.50419	  0.218712	  3.0819e-06	  5.42441e-08	  6180	  3.40222e-09
428	  3.50419	  0.281224	  3.0819e-06	  5.30284e-08	  6420	  3.31324e-09
429	  3.50419	  0.343807	  3.0819e-06	  5.38935e-08	  6516	  3.36232e-09
430	  3.50419	  0.406302	  3.0819e-06	  5.65065e-08	  6312	  3.53656e-09
431	  3.50419	  0.468745	  3.0819e-06	  5.53657e-08	  6276	  3.46716e-09
432	  3.50419	  0.531226	  3.0819e-06	  5.56213e-08	  6360	  3.47852e-09
433	  3.50419	  0.593785	  3.0819e-06	  5.56437e-08	  6408	  3.4773e-09
434	  3.50419	  0.656281	  3.0819e-06	  5.61308e-08	  6360	  3.51038e-09
435	  3.50419	  0.718743	  3.0819e-06	  5.29981e-08	  6336	  3.31572e-09
436	  3.50419	  0.781255	  3.0819e-06	  4.98633e-08	  6372	  3.11782e-09
437	  3.50419	  0.843774	  3.0819e-06	  5.03679e-08	  6456	  3.14525e-09
438	  3.50419	  0.90628	  3.0819e-06	  4.71666e-08	  6360	  2.94976e-09
439	  3.50419	  0.968758	  3.0819e-06	  4.45168e-08	  6327	  2.7855e-09
440	  4.05763	  0.030936	  2.14162e-06	  4.04439e-08	  10392	  2.41893e-09
441	  4.05763	  0.0938307	  2.14162e-06	  3.94153e-08	  9420	  2.37687e-09
442	  4.05763	  0.156319	  2.14162e-06	  3.96461e-08	  10176	  2.37532e-09
443	  4.05763	  0.218712	  2.14162e-06	  3.83216e-08	  10260	  2.29441e-09
444	  4.05763	  0.281224	  2.14162e-06	  3.71169e-08	  9528	  2.2361e-09
445	  4.05763	  0.343807	  2.14162e-06	  3.76015e-08	  10140	  2.25348e-09
446	  4.05763	  0.406302	  2.14162e-06	  3.85503e-08	  9960	  2.31379e-09
447	  4.05763	  0.468745	  2.14162e-06	  3.78552e-08	  10068	  2.27003e-09
448	  4.05763	  0.531226	  2.14162e-06	  3.72466e-08	  9996	  2.23487e-09
449	  4.05763	  0.593785	  2.14162e-06	  3.502e-08	  9828	  2.10425e-09
450	  4.05763	  0.656281	  2.14162e-06	  3.36134e-08	  10032	  2.01627e-09
451	  4.05763	  0.718743	  2.14162e-06	  3.29275e-08	  9924	  1.97691e-09
452	  4.05763	  0.781255	  2.14162e-06	  2.99713e-08	  10116	  1.79655e-09
453	  4.05763	  0.843774	  2.14162e-06	  2.90442e-08	  9888	  1.74429e-09
454	  4.05763	  0.90628	  2.14162e-06	  2.7567e-08	  10008	  1.65391e-09
455	  4.05763	  0.968758	  2.14162e-06	  2.36777e-08	  9978	  1.42092e-09
456	  4.69917	  0.030936	  1.48334e-06	  2.96527e-08	  13626	  1.73666e-09
457	  4.69917	  0.0938307	  1.48334e-06	  2.95156e-08	  16392	  1.70631e-09
458	  4.69917	  0.156319	  1.48334e-06	  2.84552e-08	  15708	  1.6498e-09
459	  4.69917	  0.218712	  1.48334e-06	  2.74284e-08	  15432	  1.59222e-09
460	  4.69917	  0.281224	  1.48334e-06	  2.65725e-08	  15780	  1.54016e-09
461	  4.69917	  0.343807	  1.48334e-06	  2.60307e-08	  15300	  1.51198e-09
462	  4.69917	  0.406302	  1.48334e-06	  2.50157e-08	  15588	  1.45115e-09
463	  4.69917	  0.468745	  1.48334e-06	  2.45564e-08	  15396	  1.42573e-09
464	  4.69917	  0.531226	  1.48334e-06	  2.35264e-08	  15504	  1.36527e-09
465	  4.69917	  0.593785	  1.48334e-06	  2.21696e-08	  15660	  1.28564e-09
466	  4.69917	  0.656281	  1.48334e-06	  2.07148e-08	  15192	  1.2038e-09
467	  4.69917	  0.718743	  1.48334e-06	  1.92948e-08	  15600	  1.11922e-09
468	  4.69917	  0.781255	  1.48334e-06	  1.75945e-08	  15216	  1.02236e-09
469	  4.69917	  0.843774	  1.48334e-06	  1.6259e-08	  15516	  9.43479e-10
470	  4.69917	  0.90628	  1.48334e-06	  1.46652e-08	  15540	  8.50901e-10
471	  4.69917	  0.968758	  1.48334e-06	  1.28912e-08	  15405	  7.48421e-10
472	  5.4432	  0.030936	  1.02479e-06	  2.18526e-08	  26250	  1.2275e-09
473	  5.4432	  0.0938307	  1.02479e-06	  2.1191e-08	  22392	  1.20116e-09
474	  5.4432	  0.156319	  1.02479e-06	  2.00639e-08	  24516	  1.13134e-09
475	  5.4432	  0.218712	  1.02479e-06	  1.93706e-08	  23592	  1.09464e-09
476	  5.4432	  0.281224	  1.02479e-06	  1.81496e-08	  24264	  1.024e-09
477	  5.4432	  0.343807	  1.02479e-06	  1.75528e-08	  23928	  9.91113e-10
478	  5.4432	  0.406302	  1.02479e-06	  1.67004e-08	  24120	  9.4255e-10
479	  5.4432	  0.468745	  1.02479e-06	  1.55142e-08	  23964	  8.75928e-10
480	  5.4432	  0.531226	  1.02479e-06	  1.45356e-08	  24060	  8.2049e-10
481	  5.4432	  0.593785	  1.02479e-06	  1.34214e-08	  24108	  7.57508e-10
482	  5.4432	  0.656281	  1.02479e-06	  1.22283e-08	  24228	  6.89975e-10
483	  5.4432	  0.718743	  1.02479e-06	  1.09283e-08	  24144	  6.16747e-10
484	  5.4432	  0.781255	  1.02479e-06	  9.73309e-09	  23940	  5.4956e-10
485	  5.4432	  0.843774	  1.02479e-06	  8.5733e-09	  24192	  4.83786e-10
486	  5.4432	  0.90628	  1.02479e-06	  7.55497e-09	  23988	  4.26528e-10
487	  5.4432	  0.968758	  1.02479e-06	  6.43253e-09	  24141	  3.63027e-10
488	  6.30378	  0.030936	  7.06823e-07	  1.57706e-08	  35082	  8.72727e-10
489	  6.30378	  0.0938307	  7.06823e-07	  1.50886e-08	  39108	  8.30729e-10
490	  6.30378	  0.156319	  7.06823e-07	  1.42591e-08	  36924	  7.8716e-10
491	  6.30378	  0.218712	  7.06823e-07	  1.34529e-08	  37692	  7.41937e-10
492	  6.30378	  0.281224	  7.06823e-07	  1.23842e-08	  37092	  6.8351e-10
493	  6.30378	  0.343807	  7.06823e-07	  1.16358e-08	  37536	  6.4185e-10
494	  6.30378	  0.406302	  7.06823e-07	  1.054e-08	  36984	  5.81805e-10
495	  6.30378	  0.468745	  7.06823e-07	  9.61676e-09	  37428	  5.30547e-10
496	  6.30378	  0.531226	  7.06823e-07	  8.59581e-09	  37392	  4.74243e-10
497	  6.30378	  0.593785	  7.06823e-07	  7.61324e-09	  37200	  4.20135e-10
498	  6.30378	  0.656281	  7.06823e-07	  6.72666e-09	  36924	  3.71339e-10
499	  6.30378	  0.718743	  7.06823e-07	  5.79153e-09	  37272	  3.19575e-10
500	  6.30378	  0.781255	  7.06823e-07	  4.95279e-09	  37284	  2.7329e-10
501	  6.30378	  0.843774	  7.06823e-07	  4.13616e-09	  37188	  2.28256e-10
502	  6.30378	  0.90628	  7.06823e-07	  3.56375e-09	  37320	  1.96635e-10
503	  6.30378	  0.968758	  7.06823e-07	  2.8908e-09	  37119	  1.59544e-10
504	  7.30029	  0.030936	  4.86302e-07	  1.11435e-08	  60258	  6.02573e-10
505	  7.30029	  0.0938307	  4.86302e-07	  1.04818e-08	  56916	  5.68028e-10
506	  7.30029	  0.156319	  4.86302e-07	  9.69279e-09	  56820	  5.25303e-10
507	  7.30029	  0.218712	  4.86302e-07	  8.91343e-09	  58716	  4.82456e-10
508	  7.30029	  0.281224	  4.86302e-07	  8.05514e-09	  57840	  4.3625e-10
509	  7.30029	  0.343807	  4.86302e-07	  7.22342e-09	  57612	  3.91266e-10
510	  7.30029	  0.406302	  4.86302e-07	  6.42148e-09	  58464	  3.47632e-10
511	  7.30029	  0.468745	  4.86302e-07	  5.59083e-09	  57948	  3.02767e-10
512	  7.30029	  0.531226	  4.86302e-07	  4.8334e-09	  57708	  2.6179e-10
513	  7.30029	  0.593785	  4.86302e-07	  4.05468e-09	  58236	  2.19536e-10
514	  7.30029	  0.656281	  4.86302e-07	  3.41807e-09	  58008	  1.85095e-10
515	  7.30029	  0.718743	  4.86302e-07	  2.83151e-09	  58200	  1.53313e-10
516	  7.30029	  0.781255	  4.86302e-07	  2.28619e-09	  58128	  1.23792e-10
517	  7.30029	  0.843774	  4.86302e-07	  1.87032e-09	  57972	  1.01284e-10
518	  7.30029	  0.90628	  4.86302e-07	  1.5032e-09	  57960	  8.14039e-11
519	  7.30029	  0.968758	  4.86302e-07	  1.18871e-09	  58122	  6.43664e-11
520	  8.455	  0.030936	  3.33992e-07	  7.66888e-09	  90198	  4.08979e-10
521	  8.455	  0.0938307	  3.33992e-07	  7.25673e-09	  89292	  3.87121e-10
522	  8.455	  0.156319	  3.33992e-07	  6.54797e-09	  90804	  3.49128e-10
523	  8.455	  0.218712	  3.33992e-07	  5.75631e-09	  89628	  3.07043e-10
524	  8.455	  0.281224	  3.33992e-07	  5.05076e-09	  89844	  2.69388e-10
525	  8.455	  0.343807	  3.33992e-07	  4.31619e-09	  90636	  2.30146e-10
526	  8.455	  0.406302	  3.33992e-07	  3.65102e-09	  89628	  1.94746e-10
527	  8.455	  0.468745	  3.33992e-07	  3.02457e-09	  89772	  1.61323e-10
528	  8.455	  0.531226	  3.33992e-07	  2.45426e-09	  90324	  1.30879e-10
529	  8.455	  0.593785	  3.33992e-07	  1.95572e-09	  89784	  1.04313e-10
530	  8.455	  0.656281	  3.33992e-07	  1.56536e-09	  90216	  8.34798e-11
531	  8.455	  0.718743	  3.33992e-07	  1.24035e-09	  89796	  6.61566e-11
532	  8.455	  0.781255	  3.33992e-07	  9.67077e-10	  90120	  5.15753e-11
533	  8.455	  0.843774	  3.33992e-07	  7.47347e-10	  90132	  3.98567e-11
534	  8.455	  0.90628	  3.33992e-07	  5.71653e-10	  89916	  3.04891e-11
535	  8.455	  0.968758	  3.33992e-07	  4.31123e-10	  89964	  2.29935e-11
536	  9.79129	  0.030936	  2.28926e-07	  5.18358e-09	  139068	  2.73079e-10
537	  9.79129	  0.0938307	  2.28926e-07	  4.75774e-09	  141180	  2.50549e-10
538	  9.79129	  0.156319	  2.28926e-07	  4.21903e-09	  139380	  2.22252e-10
539	  9.79129	  0.218712	  2.28926e-07	  3.59788e-09	  138804	  1.89551e-10
540	  9.79129	  0.281224	  2.28926e-07	  2.9514e-09	  140952	  1.55431e-10
541	  9.79129	  0.343807	  2.28926e-07	  2.41099e-09	  139668	  1.27001e-10
542	  9.79129	  0.406302	  2.28926e-07	  1.90848e-09	  139464	  1.00535e-10
543	  9.79129	  0.468745	  2.28926e-07	  1.4861e-09	  139812	  7.82792e-11
544	  9.79129	  0.531226	  2.28926e-07	  1.13834e-09	  139884	  5.99606e-11
545	  9.79129	  0.593785	  2.28926e-07	  8.62147e-10	  140184	  4.541e-11
546	  9.79129	  0.656281	  2.28926e-07	  6.50794e-10	  139404	  3.42827e-11
547	  9.79129	  0.718743	  2.28926e-07	  4.89958e-10	  139932	  2.58077e-11
548	  9.79129	  0.781255	  2.28926e-07	  3.62044e-10	  139980	  1.90699e-11
549	  9.79129	  0.843774	  2.28926e-07	  2.6697e-10	  139632	  1.40629e-11
550	  9.79129	  0.90628	  2.28926e-07	  1.97322e-10	  140088	  1.03933e-11
551	  9.79129	  0.968758	  2.28926e-07	  1.39756e-10	  139623	  7.36182e-12
