#n	   k	      mu	    PL	    Pf	     w	     err  
0	  0.10472	  1	  0.00340069	  0.000258143	  3	  0.000161946
1	  0.20944	  1	  0.00120796	  0.000104073	  3	  6.52903e-05
2	  0.314159	  1	  0.00056581	  0.000116364	  3	  7.30007e-05
3	  0.418879	  1	  0.000317111	  5.95949e-06	  3	  3.73869e-06
4	  0.523599	  1	  0.000200477	  2.46222e-05	  3	  1.54468e-05
5	  0.628319	  1	  0.000135839	  4.36171e-06	  3	  2.73632e-06
6	  0.733038	  1	  9.71158e-05	  1.48913e-05	  3	  9.34203e-06
7	  0.837758	  1	  7.2289e-05	  2.12805e-05	  3	  1.33503e-05
8	  0.942478	  1	  5.55114e-05	  2.54768e-06	  3	  1.59829e-06
9	  0.10472	  0	  0.00340069	  5.1237e-05	  6	  2.34793e-05
10	  0.148096	  0.707107	  0.00216258	  9.47285e-05	  12	  3.20822e-05
11	  0.23416	  0.894427	  0.000956871	  4.31255e-05	  12	  1.46055e-05
12	  0.331153	  0.948683	  0.000512389	  2.8214e-05	  12	  9.55537e-06
13	  0.431771	  0.970143	  0.000298428	  2.83906e-05	  12	  9.61519e-06
14	  0.533968	  0.980581	  0.000192286	  2.03656e-05	  12	  6.89734e-06
15	  0.636985	  0.986394	  0.000131856	  9.73768e-06	  12	  3.29791e-06
16	  0.74048	  0.989949	  9.50147e-05	  1.01331e-05	  12	  3.43183e-06
17	  0.844278	  0.992278	  7.10317e-05	  6.22213e-06	  12	  2.10728e-06
18	  0.948278	  0.993884	  5.47385e-05	  3.99227e-06	  12	  1.35208e-06
19	  0.148096	  0	  0.00216258	  2.84809e-05	  6	  1.30513e-05
20	  0.18138	  0.57735	  0.00153421	  0.00012724	  12	  4.3093e-05
21	  0.25651	  0.816497	  0.000842148	  4.1967e-05	  12	  1.42132e-05
22	  0.347316	  0.904534	  0.000461525	  4.13076e-05	  12	  1.39899e-05
23	  0.444288	  0.942809	  0.000282116	  3.10413e-05	  12	  1.05129e-05
24	  0.54414	  0.96225	  0.000184652	  2.06037e-05	  12	  6.97796e-06
25	  0.645536	  0.973329	  0.000128147	  2.2291e-05	  12	  7.54941e-06
26	  0.747849	  0.980196	  9.29373e-05	  9.7502e-06	  12	  3.30215e-06
27	  0.850747	  0.984732	  6.98511e-05	  6.33912e-06	  12	  2.1469e-06
28	  0.954042	  0.987878	  5.39956e-05	  5.51003e-06	  12	  1.86611e-06
29	  0.20944	  0	  0.00120796	  2.21706e-05	  6	  1.01596e-05
30	  0.23416	  0.447214	  0.000956871	  1.38457e-05	  12	  4.6892e-06
31	  0.296192	  0.707107	  0.000623093	  5.51306e-05	  12	  1.86714e-05
32	  0.377572	  0.83205	  0.000392702	  4.14828e-05	  12	  1.40492e-05
33	  0.468321	  0.894427	  0.000253118	  3.96851e-05	  12	  1.34404e-05
34	  0.563933	  0.928477	  0.000171157	  1.93056e-05	  12	  6.53832e-06
35	  0.662306	  0.948683	  0.000121199	  1.68404e-05	  12	  5.70342e-06
36	  0.762371	  0.961524	  8.90872e-05	  1.02959e-05	  12	  3.48697e-06
37	  0.863541	  0.970143	  6.75513e-05	  5.36578e-06	  12	  1.81726e-06
38	  0.965468	  0.976187	  5.25652e-05	  3.45179e-06	  12	  1.16903e-06
39	  0.23416	  0	  0.000956871	  8.78957e-06	  12	  2.97681e-06
40	  0.25651	  0.408248	  0.000842148	  1.86142e-05	  24	  4.73031e-06
41	  0.314159	  0.666667	  0.00056581	  3.1404e-05	  24	  7.98051e-06
42	  0.391825	  0.801784	  0.000365623	  2.75078e-05	  24	  6.99038e-06
43	  0.479886	  0.872872	  0.000240238	  1.83133e-05	  24	  4.65386e-06
44	  0.573574	  0.912871	  0.000165194	  1.73005e-05	  24	  4.39647e-06
45	  0.670534	  0.937043	  0.000118025	  1.19029e-05	  24	  3.02482e-06
46	  0.76953	  0.952579	  8.72914e-05	  1.19066e-05	  24	  3.02575e-06
47	  0.869868	  0.963087	  6.64672e-05	  6.69516e-06	  24	  1.7014e-06
48	  0.971131	  0.970495	  5.18642e-05	  2.98778e-06	  24	  7.59267e-07
49	  0.296192	  0	  0.000623093	  2.20662e-05	  6	  1.01118e-05
50	  0.314159	  0.333333	  0.00056581	  1.50285e-05	  12	  5.08978e-06
51	  0.36276	  0.57735	  0.000422434	  3.42599e-05	  12	  1.1603e-05
52	  0.431771	  0.727607	  0.000298428	  1.12209e-05	  12	  3.80025e-06
53	  0.51302	  0.816497	  0.000209203	  2.11085e-05	  12	  7.14893e-06
54	  0.601569	  0.870388	  0.000149161	  1.03911e-05	  12	  3.5192e-06
55	  0.694632	  0.904534	  0.000109288	  9.82591e-06	  12	  3.32779e-06
56	  0.790617	  0.927173	  8.22162e-05	  1.1561e-05	  12	  3.91543e-06
57	  0.888577	  0.942809	  6.33722e-05	  4.45699e-06	  12	  1.50947e-06
58	  0.987924	  0.953998	  4.9893e-05	  6.77444e-06	  12	  2.29433e-06
59	  0.314159	  0	  0.00056581	  1.88498e-05	  6	  8.63787e-06
60	  0.331153	  0.316228	  0.000512389	  1.10374e-05	  12	  3.73809e-06
61	  0.377572	  0.5547	  0.000392702	  2.50776e-05	  12	  8.49317e-06
62	  0.444288	  0.707107	  0.000282116	  2.08757e-05	  12	  7.07009e-06
63	  0.523599	  0.8	  0.000200477	  3.06515e-05	  12	  1.03809e-05
64	  0.610616	  0.857493	  0.00014445	  1.08808e-05	  12	  3.68506e-06
65	  0.702481	  0.894427	  0.000106629	  9.98086e-06	  12	  3.38027e-06
66	  0.797522	  0.919145	  8.0644e-05	  1.00884e-05	  12	  3.41668e-06
67	  0.894726	  0.936329	  6.23818e-05	  4.86527e-06	  12	  1.64775e-06
68	  0.993459	  0.948683	  4.92701e-05	  5.34319e-06	  12	  1.80961e-06
69	  0.331153	  0	  0.000512389	  8.34046e-06	  12	  2.82471e-06
70	  0.347316	  0.301511	  0.000461525	  1.21671e-05	  24	  3.09195e-06
71	  0.391825	  0.534522	  0.000365623	  1.40393e-05	  24	  3.56773e-06
72	  0.456463	  0.688247	  0.00026716	  1.11647e-05	  24	  2.83722e-06
73	  0.533968	  0.784465	  0.000192286	  1.45049e-05	  24	  3.68605e-06
74	  0.61953	  0.845154	  0.000140033	  1.58576e-05	  24	  4.02979e-06
75	  0.710244	  0.884652	  0.000104113	  9.58165e-06	  24	  2.43493e-06
76	  0.804368	  0.911322	  7.91357e-05	  6.1932e-06	  24	  1.57384e-06
77	  0.900833	  0.929981	  6.14503e-05	  8.9562e-06	  24	  2.27599e-06
78	  0.998963	  0.943456	  4.86634e-05	  5.98431e-06	  24	  1.52076e-06
79	  0.377572	  0	  0.000392702	  1.20876e-05	  12	  4.09377e-06
80	  0.391825	  0.267261	  0.000365623	  8.85037e-06	  24	  2.24909e-06
81	  0.431771	  0.485071	  0.000298428	  7.80372e-06	  24	  1.98311e-06
82	  0.491179	  0.639602	  0.000228743	  1.11743e-05	  24	  2.83966e-06
83	  0.563933	  0.742781	  0.000171157	  1.28431e-05	  24	  3.26375e-06
84	  0.645536	  0.811107	  0.000128147	  1.23749e-05	  24	  3.14476e-06
85	  0.733038	  0.857143	  9.71158e-05	  1.01477e-05	  24	  2.57878e-06
86	  0.824564	  0.889001	  7.48811e-05	  7.05669e-06	  24	  1.79328e-06
87	  0.918912	  0.911685	  5.87657e-05	  4.99942e-06	  24	  1.27047e-06
88	  0.418879	  0	  0.000317111	  4.07288e-06	  6	  1.86639e-06
89	  0.431771	  0.242536	  0.000298428	  8.97519e-06	  12	  3.03967e-06
90	  0.468321	  0.447214	  0.000253118	  1.42193e-05	  12	  4.81572e-06
91	  0.523599	  0.6	  0.000200477	  1.78662e-05	  12	  6.05082e-06
92	  0.592384	  0.707107	  0.000154211	  1.00453e-05	  12	  3.40209e-06
93	  0.670534	  0.780869	  0.000118025	  7.03585e-06	  12	  2.38287e-06
94	  0.755145	  0.83205	  9.10016e-05	  9.61807e-06	  12	  3.2574e-06
95	  0.844278	  0.868243	  7.10317e-05	  4.52489e-06	  12	  1.53247e-06
96	  0.936642	  0.894427	  5.6289e-05	  4.18542e-06	  12	  1.4175e-06
97	  0.431771	  0	  0.000298428	  6.87413e-06	  12	  2.3281e-06
98	  0.444288	  0.235702	  0.000282116	  8.29703e-06	  24	  2.10848e-06
99	  0.479886	  0.436436	  0.000240238	  7.75368e-06	  24	  1.9704e-06
100	  0.533968	  0.588348	  0.000192286	  7.79293e-06	  24	  1.98037e-06
101	  0.601569	  0.696311	  0.000149161	  9.01783e-06	  24	  2.29165e-06
102	  0.678662	  0.771517	  0.000114957	  6.23962e-06	  24	  1.58564e-06
103	  0.762371	  0.824163	  8.90872e-05	  5.9484e-06	  24	  1.51163e-06
104	  0.850747	  0.86164	  6.98511e-05	  4.45512e-06	  24	  1.13215e-06
105	  0.942478	  0.888889	  5.55114e-05	  3.04664e-06	  24	  7.74225e-07
106	  0.444288	  0	  0.000282116	  6.85807e-06	  6	  3.1427e-06
107	  0.456463	  0.229416	  0.00026716	  4.26604e-06	  12	  1.4448e-06
108	  0.491179	  0.426401	  0.000228743	  9.21922e-06	  12	  3.12232e-06
109	  0.54414	  0.57735	  0.000184652	  7.33436e-06	  12	  2.48396e-06
110	  0.610616	  0.685994	  0.00014445	  8.23067e-06	  12	  2.78752e-06
111	  0.686693	  0.762493	  0.00011206	  1.04179e-05	  12	  3.52827e-06
112	  0.76953	  0.816497	  8.72914e-05	  4.95801e-06	  12	  1.67916e-06
113	  0.857168	  0.855186	  6.86794e-05	  5.89432e-06	  12	  1.99626e-06
114	  0.948278	  0.883452	  5.47385e-05	  4.10333e-06	  12	  1.3897e-06
115	  0.468321	  0	  0.000253118	  1.06484e-05	  12	  3.60635e-06
116	  0.479886	  0.218218	  0.000240238	  5.26818e-06	  24	  1.33877e-06
117	  0.51302	  0.408248	  0.000209203	  9.29944e-06	  24	  2.36321e-06
118	  0.563933	  0.557086	  0.000171157	  7.21907e-06	  24	  1.83454e-06
119	  0.628319	  0.666667	  0.000135839	  6.07883e-06	  24	  1.54478e-06
120	  0.702481	  0.745356	  0.000106629	  5.82115e-06	  24	  1.47929e-06
121	  0.783651	  0.801784	  8.38484e-05	  6.64583e-06	  24	  1.68886e-06
122	  0.869868	  0.842701	  6.64672e-05	  5.66093e-06	  24	  1.43858e-06
123	  0.959772	  0.872872	  5.32783e-05	  3.353e-06	  24	  8.52079e-07
124	  0.523599	  0	  0.000200477	  8.35428e-06	  18	  2.38684e-06
125	  0.533968	  0.196116	  0.000192286	  5.31486e-06	  36	  1.15155e-06
126	  0.563933	  0.371391	  0.000171157	  6.36578e-06	  36	  1.37925e-06
127	  0.610616	  0.514496	  0.00014445	  4.32362e-06	  36	  9.36785e-07
128	  0.670534	  0.624695	  0.000118025	  4.93077e-06	  36	  1.06833e-06
129	  0.74048	  0.707107	  9.50147e-05	  5.292e-06	  36	  1.1466e-06
130	  0.817887	  0.768221	  7.62607e-05	  5.30673e-06	  36	  1.14979e-06
131	  0.900833	  0.813733	  6.14503e-05	  4.43327e-06	  36	  9.60542e-07
132	  0.987924	  0.847998	  4.9893e-05	  4.23033e-06	  36	  9.16572e-07
133	  0.533968	  0	  0.000192286	  5.37437e-06	  12	  1.82016e-06
134	  0.54414	  0.19245	  0.000184652	  6.24573e-06	  24	  1.58719e-06
135	  0.573574	  0.365148	  0.000165194	  5.12752e-06	  24	  1.30303e-06
136	  0.61953	  0.507093	  0.000140033	  6.82666e-06	  24	  1.73482e-06
137	  0.678662	  0.617213	  0.000114957	  4.71101e-06	  24	  1.19718e-06
138	  0.747849	  0.70014	  9.29373e-05	  5.95812e-06	  24	  1.5141e-06
139	  0.824564	  0.762001	  7.48811e-05	  5.03982e-06	  24	  1.28074e-06
140	  0.9069	  0.80829	  6.0533e-05	  4.25741e-06	  24	  1.08191e-06
141	  0.993459	  0.843274	  4.92701e-05	  2.71563e-06	  24	  6.90107e-07
142	  0.563933	  0	  0.000171157	  4.94819e-06	  12	  1.67583e-06
143	  0.573574	  0.182574	  0.000165194	  3.8474e-06	  24	  9.77717e-07
144	  0.601569	  0.348155	  0.000149161	  4.0132e-06	  24	  1.01985e-06
145	  0.645536	  0.486664	  0.000128147	  6.40894e-06	  24	  1.62867e-06
146	  0.702481	  0.596285	  0.000106629	  4.01412e-06	  24	  1.02008e-06
147	  0.76953	  0.680414	  8.72914e-05	  4.90341e-06	  24	  1.24607e-06
148	  0.844278	  0.744208	  7.10317e-05	  3.30894e-06	  24	  8.40881e-07
149	  0.92486	  0.792594	  5.79216e-05	  3.66913e-06	  24	  9.32413e-07
150	  0.592384	  0	  0.000154211	  3.31462e-06	  6	  1.51892e-06
151	  0.601569	  0.174078	  0.000149161	  3.46094e-06	  12	  1.17213e-06
152	  0.628319	  0.333333	  0.000135839	  3.49135e-06	  12	  1.18243e-06
153	  0.670534	  0.468521	  0.000118025	  4.84504e-06	  12	  1.64089e-06
154	  0.72552	  0.57735	  9.93707e-05	  3.72585e-06	  12	  1.26185e-06
155	  0.790617	  0.662266	  8.22162e-05	  4.756e-06	  12	  1.61074e-06
156	  0.863541	  0.727607	  6.75513e-05	  7.3193e-06	  12	  2.47887e-06
157	  0.942478	  0.777778	  5.55114e-05	  2.56671e-06	  12	  8.6928e-07
158	  0.610616	  0	  0.00014445	  3.44511e-06	  12	  1.16677e-06
159	  0.61953	  0.169031	  0.000140033	  4.48964e-06	  24	  1.14093e-06
160	  0.645536	  0.324443	  0.000128147	  4.72878e-06	  24	  1.2017e-06
161	  0.686693	  0.457496	  0.00011206	  5.88909e-06	  24	  1.49656e-06
162	  0.74048	  0.565685	  9.50147e-05	  4.68578e-06	  24	  1.19077e-06
163	  0.804368	  0.650945	  7.91357e-05	  4.65514e-06	  24	  1.18298e-06
164	  0.876148	  0.717137	  6.5391e-05	  4.36485e-06	  24	  1.10921e-06
165	  0.954042	  0.76835	  5.39956e-05	  3.20492e-06	  24	  8.14446e-07
166	  0.628319	  0	  0.000135839	  1.55826e-06	  6	  7.14068e-07
167	  0.636985	  0.164399	  0.000131856	  2.00265e-06	  12	  6.78249e-07
168	  0.662306	  0.316228	  0.000121199	  5.81104e-06	  12	  1.96806e-06
169	  0.702481	  0.447214	  0.000106629	  3.48137e-06	  12	  1.17905e-06
170	  0.755145	  0.5547	  9.10016e-05	  3.10033e-06	  12	  1.05e-06
171	  0.817887	  0.640184	  7.62607e-05	  5.13174e-06	  12	  1.73799e-06
172	  0.888577	  0.707107	  6.33722e-05	  4.79634e-06	  12	  1.6244e-06
173	  0.965468	  0.759257	  5.25652e-05	  3.71378e-06	  12	  1.25776e-06
174	  0.636985	  0	  0.000131856	  2.14674e-06	  12	  7.27048e-07
175	  0.645536	  0.162221	  0.000128147	  5.31832e-06	  24	  1.35151e-06
176	  0.670534	  0.312348	  0.000118025	  3.20939e-06	  24	  8.15583e-07
177	  0.710244	  0.442326	  0.000104113	  5.06222e-06	  24	  1.28643e-06
178	  0.762371	  0.549442	  8.90872e-05	  4.14727e-06	  24	  1.05392e-06
179	  0.824564	  0.635001	  7.48811e-05	  3.56348e-06	  24	  9.05567e-07
180	  0.894726	  0.702247	  6.23818e-05	  3.55898e-06	  24	  9.04422e-07
181	  0.971131	  0.754829	  5.18642e-05	  3.4277e-06	  24	  8.71062e-07
182	  0.662306	  0	  0.000121199	  4.22453e-06	  12	  1.43074e-06
183	  0.670534	  0.156174	  0.000118025	  3.29893e-06	  24	  8.38338e-07
184	  0.694632	  0.301511	  0.000109288	  3.43019e-06	  24	  8.71695e-07
185	  0.733038	  0.428571	  9.71158e-05	  4.26319e-06	  24	  1.08338e-06
186	  0.783651	  0.534522	  8.38484e-05	  2.93653e-06	  24	  7.46243e-07
187	  0.844278	  0.620174	  7.10317e-05	  2.43431e-06	  24	  6.18617e-07
188	  0.912926	  0.688247	  5.96217e-05	  2.41065e-06	  24	  6.12604e-07
189	  0.987924	  0.741999	  4.9893e-05	  2.64989e-06	  24	  6.734e-07
190	  0.670534	  0	  0.000118025	  1.71269e-06	  12	  5.80046e-07
191	  0.678662	  0.154303	  0.000114957	  2.83683e-06	  24	  7.20907e-07
192	  0.702481	  0.298142	  0.000106629	  2.9314e-06	  24	  7.4494e-07
193	  0.74048	  0.424264	  9.50147e-05	  4.11122e-06	  24	  1.04476e-06
194	  0.790617	  0.529813	  8.22162e-05	  3.63801e-06	  24	  9.24506e-07
195	  0.850747	  0.615457	  6.98511e-05	  3.95802e-06	  24	  1.00583e-06
196	  0.918912	  0.683763	  5.87657e-05	  3.58309e-06	  24	  9.10551e-07
197	  0.993459	  0.737865	  4.92701e-05	  4.07768e-06	  24	  1.03624e-06
198	  0.702481	  0	  0.000106629	  2.66128e-06	  12	  9.0131e-07
199	  0.710244	  0.147442	  0.000104113	  3.07723e-06	  24	  7.81999e-07
200	  0.733038	  0.285714	  9.71158e-05	  2.59546e-06	  24	  6.5957e-07
201	  0.76953	  0.408248	  8.72914e-05	  3.17414e-06	  24	  8.06626e-07
202	  0.817887	  0.512148	  7.62607e-05	  3.02053e-06	  24	  7.6759e-07
203	  0.876148	  0.597614	  6.5391e-05	  2.56248e-06	  24	  6.51188e-07
204	  0.942478	  0.666667	  5.55114e-05	  2.85305e-06	  24	  7.25028e-07
205	  0.733038	  0	  9.71158e-05	  1.35019e-06	  6	  6.18721e-07
206	  0.74048	  0.141421	  9.50147e-05	  3.86656e-06	  12	  1.30951e-06
207	  0.762371	  0.274721	  8.90872e-05	  2.10536e-06	  12	  7.13033e-07
208	  0.797522	  0.393919	  8.0644e-05	  2.88456e-06	  12	  9.76928e-07
209	  0.844278	  0.496139	  7.10317e-05	  2.24328e-06	  12	  7.59743e-07
210	  0.900833	  0.581238	  6.14503e-05	  3.03127e-06	  12	  1.02661e-06
211	  0.965468	  0.650791	  5.25652e-05	  3.32998e-06	  12	  1.12778e-06
212	  0.74048	  0	  9.50147e-05	  2.81253e-06	  18	  8.03546e-07
213	  0.747849	  0.140028	  9.29373e-05	  3.0959e-06	  36	  6.70778e-07
214	  0.76953	  0.272166	  8.72914e-05	  2.4804e-06	  36	  5.37419e-07
215	  0.804368	  0.390567	  7.91357e-05	  3.23427e-06	  36	  7.00759e-07
216	  0.850747	  0.492366	  6.98511e-05	  2.63547e-06	  36	  5.71018e-07
217	  0.9069	  0.57735	  6.0533e-05	  1.95814e-06	  36	  4.24263e-07
218	  0.971131	  0.646997	  5.18642e-05	  3.13865e-06	  36	  6.8004e-07
219	  0.755145	  0	  9.10016e-05	  2.47397e-06	  12	  8.37872e-07
220	  0.762371	  0.137361	  8.90872e-05	  2.28202e-06	  24	  5.79917e-07
221	  0.783651	  0.267261	  8.38484e-05	  2.11676e-06	  24	  5.3792e-07
222	  0.817887	  0.384111	  7.62607e-05	  2.09101e-06	  24	  5.31376e-07
223	  0.863541	  0.485071	  6.75513e-05	  3.51181e-06	  24	  8.92435e-07
224	  0.918912	  0.569803	  5.87657e-05	  3.08383e-06	  24	  7.83676e-07
225	  0.982358	  0.639602	  5.05463e-05	  2.38569e-06	  24	  6.06262e-07
226	  0.762371	  0	  8.90872e-05	  1.82154e-06	  12	  6.1691e-07
227	  0.76953	  0.136083	  8.72914e-05	  2.28279e-06	  24	  5.80112e-07
228	  0.790617	  0.264906	  8.22162e-05	  1.87161e-06	  24	  4.75621e-07
229	  0.824564	  0.381	  7.48811e-05	  2.15108e-06	  24	  5.4664e-07
230	  0.869868	  0.481543	  6.64672e-05	  2.71893e-06	  24	  6.90946e-07
231	  0.92486	  0.566139	  5.79216e-05	  1.9689e-06	  24	  5.00345e-07
232	  0.987924	  0.635999	  4.9893e-05	  1.93504e-06	  24	  4.91741e-07
233	  0.797522	  0	  8.0644e-05	  2.02468e-06	  12	  6.8571e-07
234	  0.804368	  0.130189	  7.91357e-05	  2.18025e-06	  24	  5.54053e-07
235	  0.824564	  0.254	  7.48811e-05	  1.47074e-06	  24	  3.7375e-07
236	  0.857168	  0.366508	  6.86794e-05	  2.37091e-06	  24	  6.02505e-07
237	  0.900833	  0.464991	  6.14503e-05	  1.97461e-06	  24	  5.01796e-07
238	  0.954042	  0.548821	  5.39956e-05	  2.63346e-06	  24	  6.69226e-07
239	  0.817887	  0	  7.62607e-05	  1.92377e-06	  12	  6.51533e-07
240	  0.824564	  0.127	  7.48811e-05	  1.69103e-06	  24	  4.29733e-07
241	  0.844278	  0.248069	  7.10317e-05	  1.99262e-06	  24	  5.06373e-07
242	  0.876148	  0.358569	  6.5391e-05	  2.1743e-06	  24	  5.52541e-07
243	  0.918912	  0.455842	  5.87657e-05	  2.28761e-06	  24	  5.81337e-07
244	  0.971131	  0.539164	  5.18642e-05	  2.50928e-06	  24	  6.3767e-07
245	  0.837758	  0	  7.2289e-05	  4.57982e-06	  6	  2.09869e-06
246	  0.844278	  0.124035	  7.10317e-05	  1.90595e-06	  12	  6.45498e-07
247	  0.863541	  0.242536	  6.75513e-05	  1.13865e-06	  12	  3.85634e-07
248	  0.894726	  0.351123	  6.23818e-05	  2.3121e-06	  12	  7.83052e-07
249	  0.936642	  0.447214	  5.6289e-05	  2.14493e-06	  12	  7.26436e-07
250	  0.987924	  0.529999	  4.9893e-05	  1.72597e-06	  12	  5.84544e-07
251	  0.844278	  0	  7.10317e-05	  1.52056e-06	  24	  3.8641e-07
252	  0.850747	  0.123091	  6.98511e-05	  1.54444e-06	  48	  3.00142e-07
253	  0.869868	  0.240772	  6.64672e-05	  1.94847e-06	  48	  3.78662e-07
254	  0.900833	  0.348743	  6.14503e-05	  1.8772e-06	  48	  3.64811e-07
255	  0.942478	  0.444444	  5.55114e-05	  1.82546e-06	  48	  3.54756e-07
256	  0.993459	  0.527046	  4.92701e-05	  1.78181e-06	  48	  3.46272e-07
257	  0.863541	  0	  6.75513e-05	  9.64334e-07	  12	  3.26596e-07
258	  0.869868	  0.120386	  6.64672e-05	  2.07953e-06	  24	  5.28458e-07
259	  0.888577	  0.235702	  6.33722e-05	  1.7376e-06	  24	  4.41566e-07
260	  0.918912	  0.341882	  5.87657e-05	  2.21424e-06	  24	  5.62693e-07
261	  0.959772	  0.436436	  5.32783e-05	  1.61714e-06	  24	  4.10955e-07
262	  0.888577	  0	  6.33722e-05	  1.5852e-06	  6	  7.26413e-07
263	  0.894726	  0.117041	  6.23818e-05	  1.49418e-06	  12	  5.06043e-07
264	  0.912926	  0.229416	  5.96217e-05	  1.62135e-06	  12	  5.49111e-07
265	  0.942478	  0.333333	  5.55114e-05	  1.46934e-06	  12	  4.9763e-07
266	  0.982358	  0.426401	  5.05463e-05	  1.77768e-06	  12	  6.02057e-07
267	  0.894726	  0	  6.23818e-05	  1.65343e-06	  12	  5.59977e-07
268	  0.900833	  0.116248	  6.14503e-05	  1.91036e-06	  24	  4.8547e-07
269	  0.918912	  0.227921	  5.87657e-05	  2.24314e-06	  24	  5.70037e-07
270	  0.948278	  0.331295	  5.47385e-05	  1.97826e-06	  24	  5.02723e-07
271	  0.987924	  0.423999	  4.9893e-05	  2.76723e-06	  24	  7.03221e-07
272	  0.900833	  0	  6.14503e-05	  1.59272e-06	  12	  5.39416e-07
273	  0.9069	  0.11547	  6.0533e-05	  1.53417e-06	  24	  3.89869e-07
274	  0.92486	  0.226455	  5.79216e-05	  1.38147e-06	  24	  3.51064e-07
275	  0.954042	  0.329293	  5.39956e-05	  1.62471e-06	  24	  4.12877e-07
276	  0.993459	  0.421637	  4.92701e-05	  2.01014e-06	  24	  5.10825e-07
277	  0.936642	  0	  5.6289e-05	  1.02234e-06	  12	  3.46242e-07
278	  0.942478	  0.111111	  5.55114e-05	  1.24325e-06	  24	  3.15939e-07
279	  0.959772	  0.218218	  5.32783e-05	  1.29704e-06	  24	  3.2961e-07
280	  0.987924	  0.317999	  4.9893e-05	  1.94348e-06	  24	  4.93884e-07
281	  0.942478	  0	  5.55114e-05	  9.84146e-07	  6	  4.50983e-07
282	  0.948278	  0.110432	  5.47385e-05	  1.75409e-06	  12	  5.94067e-07
283	  0.965468	  0.21693	  5.25652e-05	  2.06519e-06	  12	  6.99427e-07
284	  0.993459	  0.316228	  4.92701e-05	  1.14369e-06	  12	  3.8734e-07
285	  0.948278	  0	  5.47385e-05	  1.44243e-06	  12	  4.88515e-07
286	  0.954042	  0.109764	  5.39956e-05	  1.36732e-06	  24	  3.4747e-07
287	  0.971131	  0.215666	  5.18642e-05	  1.95203e-06	  24	  4.96059e-07
288	  0.998963	  0.314485	  4.86634e-05	  1.88413e-06	  24	  4.78804e-07
289	  0.965468	  0	  5.25652e-05	  1.59385e-06	  24	  4.05035e-07
290	  0.971131	  0.107833	  5.18642e-05	  1.82617e-06	  48	  3.54893e-07
291	  0.987924	  0.212	  4.9893e-05	  1.23639e-06	  48	  2.40278e-07
292	  0.987924	  0	  4.9893e-05	  8.41282e-07	  12	  2.84921e-07
293	  0.993459	  0.105409	  4.92701e-05	  8.41248e-07	  24	  2.13782e-07
294	  0.993459	  0	  4.92701e-05	  9.74531e-07	  12	  3.30049e-07
295	  0.998963	  0.104828	  4.86634e-05	  1.7081e-06	  24	  4.34069e-07
296	  1.08818	  0.030936	  4.0048e-05	  1.01037e-06	  138	  1.36526e-07
297	  1.08818	  0.0938307	  4.0048e-05	  1.07169e-06	  252	  1.21095e-07
298	  1.08818	  0.156319	  4.0048e-05	  9.30725e-07	  72	  1.56223e-07
299	  1.08818	  0.218712	  4.0048e-05	  1.12764e-06	  216	  1.33108e-07
300	  1.08818	  0.281224	  4.0048e-05	  1.21938e-06	  288	  1.32822e-07
301	  1.08818	  0.343807	  4.0048e-05	  1.2172e-06	  120	  1.71974e-07
302	  1.08818	  0.406302	  4.0048e-05	  1.58823e-06	  180	  1.97791e-07
303	  1.08818	  0.468745	  4.0048e-05	  1.62844e-06	  180	  2.02799e-07
304	  1.08818	  0.531226	  4.0048e-05	  1.67818e-06	  192	  2.05021e-07
305	  1.08818	  0.593785	  4.0048e-05	  2.39851e-06	  192	  2.93023e-07
306	  1.08818	  0.656281	  4.0048e-05	  2.39899e-06	  168	  3.05036e-07
307	  1.08818	  0.718743	  4.0048e-05	  2.62182e-06	  228	  3.04725e-07
308	  1.08818	  0.781255	  4.0048e-05	  2.7975e-06	  144	  3.73e-07
309	  1.08818	  0.843774	  4.0048e-05	  3.09873e-06	  240	  3.54959e-07
310	  1.08818	  0.90628	  4.0048e-05	  3.31588e-06	  168	  4.2162e-07
311	  1.08818	  0.968758	  4.0048e-05	  4.20938e-06	  150	  5.54163e-07
312	  1.25577	  0.030936	  2.88042e-05	  8.36425e-07	  198	  1.01263e-07
313	  1.25577	  0.0938307	  2.88042e-05	  8.77091e-07	  396	  8.793e-08
314	  1.25577	  0.156319	  2.88042e-05	  8.367e-07	  396	  8.38807e-08
315	  1.25577	  0.218712	  2.88042e-05	  7.64285e-07	  204	  9.17249e-08
316	  1.25577	  0.281224	  2.88042e-05	  9.97122e-07	  216	  1.17702e-07
317	  1.25577	  0.343807	  2.88042e-05	  9.07456e-07	  372	  9.24222e-08
318	  1.25577	  0.406302	  2.88042e-05	  9.99328e-07	  312	  1.06542e-07
319	  1.25577	  0.468745	  2.88042e-05	  1.24497e-06	  288	  1.35609e-07
320	  1.25577	  0.531226	  2.88042e-05	  1.35389e-06	  264	  1.51021e-07
321	  1.25577	  0.593785	  2.88042e-05	  1.41085e-06	  312	  1.50417e-07
322	  1.25577	  0.656281	  2.88042e-05	  1.49057e-06	  276	  1.6425e-07
323	  1.25577	  0.718743	  2.88042e-05	  1.6983e-06	  312	  1.81063e-07
324	  1.25577	  0.781255	  2.88042e-05	  2.16613e-06	  276	  2.38692e-07
325	  1.25577	  0.843774	  2.88042e-05	  2.3208e-06	  240	  2.65847e-07
326	  1.25577	  0.90628	  2.88042e-05	  2.50222e-06	  324	  2.64123e-07
327	  1.25577	  0.968758	  2.88042e-05	  2.63801e-06	  315	  2.80536e-07
328	  1.45182	  0.030936	  2.05474e-05	  6.36711e-07	  246	  7.24308e-08
329	  1.45182	  0.0938307	  2.05474e-05	  5.83186e-07	  516	  5.48326e-08
330	  1.45182	  0.156319	  2.05474e-05	  5.53379e-07	  504	  5.23184e-08
331	  1.45182	  0.218712	  2.05474e-05	  6.14471e-07	  528	  5.7465e-08
332	  1.45182	  0.281224	  2.05474e-05	  7.0907e-07	  504	  6.7038e-08
333	  1.45182	  0.343807	  2.05474e-05	  6.51927e-07	  384	  6.58648e-08
334	  1.45182	  0.406302	  2.05474e-05	  6.97165e-07	  420	  6.88764e-08
335	  1.45182	  0.468745	  2.05474e-05	  8.29013e-07	  468	  7.97718e-08
336	  1.45182	  0.531226	  2.05474e-05	  9.13073e-07	  480	  8.73295e-08
337	  1.45182	  0.593785	  2.05474e-05	  1.03073e-06	  468	  9.91824e-08
338	  1.45182	  0.656281	  2.05474e-05	  1.11921e-06	  396	  1.12203e-07
339	  1.45182	  0.718743	  2.05474e-05	  1.13244e-06	  456	  1.09654e-07
340	  1.45182	  0.781255	  2.05474e-05	  1.20332e-06	  432	  1.18061e-07
341	  1.45182	  0.843774	  2.05474e-05	  1.55847e-06	  480	  1.49058e-07
342	  1.45182	  0.90628	  2.05474e-05	  1.5234e-06	  480	  1.45703e-07
343	  1.45182	  0.968758	  2.05474e-05	  1.74474e-06	  414	  1.72986e-07
344	  1.68148	  0.030936	  1.45436e-05	  4.11475e-07	  798	  3.51398e-08
345	  1.68148	  0.0938307	  1.45436e-05	  4.57492e-07	  708	  4.00682e-08
346	  1.68148	  0.156319	  1.45436e-05	  4.75714e-07	  684	  4.19751e-08
347	  1.68148	  0.218712	  1.45436e-05	  5.14656e-07	  720	  4.49129e-08
348	  1.68148	  0.281224	  1.45436e-05	  5.16994e-07	  708	  4.52796e-08
349	  1.68148	  0.343807	  1.45436e-05	  4.97938e-07	  720	  4.3454e-08
350	  1.68148	  0.406302	  1.45436e-05	  5.58683e-07	  672	  4.94858e-08
351	  1.68148	  0.468745	  1.45436e-05	  6.30751e-07	  732	  5.48508e-08
352	  1.68148	  0.531226	  1.45436e-05	  6.87887e-07	  672	  6.09301e-08
353	  1.68148	  0.593785	  1.45436e-05	  7.52531e-07	  708	  6.59084e-08
354	  1.68148	  0.656281	  1.45436e-05	  7.42149e-07	  744	  6.4316e-08
355	  1.68148	  0.718743	  1.45436e-05	  8.4186e-07	  744	  7.29571e-08
356	  1.68148	  0.781255	  1.45436e-05	  9.66281e-07	  696	  8.49408e-08
357	  1.68148	  0.843774	  1.45436e-05	  1.08643e-06	  708	  9.51517e-08
358	  1.68148	  0.90628	  1.45436e-05	  1.04323e-06	  696	  9.17048e-08
359	  1.68148	  0.968758	  1.45436e-05	  1.12854e-06	  741	  9.78849e-08
360	  1.94819	  0.030936	  1.02432e-05	  3.25414e-07	  1368	  2.50689e-08
361	  1.94819	  0.0938307	  1.02432e-05	  3.04256e-07	  924	  2.52221e-08
362	  1.94819	  0.156319	  1.02432e-05	  3.38243e-07	  972	  2.77613e-08
363	  1.94819	  0.218712	  1.02432e-05	  3.28217e-07	  972	  2.69384e-08
364	  1.94819	  0.281224	  1.02432e-05	  3.34627e-07	  1200	  2.63912e-08
365	  1.94819	  0.343807	  1.02432e-05	  3.6908e-07	  1140	  2.93852e-08
366	  1.94819	  0.406302	  1.02432e-05	  3.86369e-07	  1080	  3.10753e-08
367	  1.94819	  0.468745	  1.02432e-05	  4.44423e-07	  1068	  3.58203e-08
368	  1.94819	  0.531226	  1.02432e-05	  4.72464e-07	  1164	  3.74713e-08
369	  1.94819	  0.593785	  1.02432e-05	  4.75444e-07	  1188	  3.75662e-08
370	  1.94819	  0.656281	  1.02432e-05	  5.16083e-07	  1068	  4.15961e-08
371	  1.94819	  0.718743	  1.02432e-05	  5.80606e-07	  1008	  4.73177e-08
372	  1.94819	  0.781255	  1.02432e-05	  6.14513e-07	  1164	  4.87373e-08
373	  1.94819	  0.843774	  1.02432e-05	  6.88362e-07	  1176	  5.44912e-08
374	  1.94819	  0.90628	  1.02432e-05	  6.95323e-07	  1080	  5.59242e-08
375	  1.94819	  0.968758	  1.02432e-05	  7.47282e-07	  1038	  6.05586e-08
376	  2.25604	  0.030936	  7.19976e-06	  2.35477e-07	  1896	  1.71817e-08
377	  2.25604	  0.0938307	  7.19976e-06	  2.42692e-07	  1272	  1.89393e-08
378	  2.25604	  0.156319	  7.19976e-06	  2.23462e-07	  2040	  1.61206e-08
379	  2.25604	  0.218712	  7.19976e-06	  2.5436e-07	  1740	  1.88158e-08
380	  2.25604	  0.281224	  7.19976e-06	  2.68663e-07	  1584	  2.01836e-08
381	  2.25604	  0.343807	  7.19976e-06	  2.59573e-07	  1764	  1.91589e-08
382	  2.25604	  0.406302	  7.19976e-06	  2.72936e-07	  1632	  2.0403e-08
383	  2.25604	  0.468745	  7.19976e-06	  2.8338e-07	  1860	  2.07397e-08
384	  2.25604	  0.531226	  7.19976e-06	  3.18949e-07	  1560	  2.40227e-08
385	  2.25604	  0.593785	  7.19976e-06	  3.36101e-07	  1692	  2.49759e-08
386	  2.25604	  0.656281	  7.19976e-06	  3.48062e-07	  1704	  2.5835e-08
387	  2.25604	  0.718743	  7.19976e-06	  3.73929e-07	  1824	  2.74519e-08
388	  2.25604	  0.781255	  7.19976e-06	  4.19303e-07	  1668	  3.12318e-08
389	  2.25604	  0.843774	  7.19976e-06	  4.11099e-07	  1680	  3.05848e-08
390	  2.25604	  0.90628	  7.19976e-06	  4.38077e-07	  1776	  3.22989e-08
391	  2.25604	  0.968758	  7.19976e-06	  4.58374e-07	  1656	  3.41826e-08
392	  2.61216	  0.030936	  5.04692e-06	  1.72343e-07	  2586	  1.20062e-08
393	  2.61216	  0.0938307	  5.04692e-06	  1.67997e-07	  3036	  1.14488e-08
394	  2.61216	  0.156319	  5.04692e-06	  1.87449e-07	  2124	  1.34398e-08
395	  2.61216	  0.218712	  5.04692e-06	  1.70104e-07	  2940	  1.16424e-08
396	  2.61216	  0.281224	  5.04692e-06	  1.8317e-07	  2616	  1.27398e-08
397	  2.61216	  0.343807	  5.04692e-06	  1.77497e-07	  2448	  1.24623e-08
398	  2.61216	  0.406302	  5.04692e-06	  1.9859e-07	  2916	  1.36071e-08
399	  2.61216	  0.468745	  5.04692e-06	  2.03872e-07	  2544	  1.42356e-08
400	  2.61216	  0.531226	  5.04692e-06	  2.29454e-07	  2652	  1.59283e-08
401	  2.61216	  0.593785	  5.04692e-06	  2.22586e-07	  2748	  1.53754e-08
402	  2.61216	  0.656281	  5.04692e-06	  2.4059e-07	  2676	  1.66804e-08
403	  2.61216	  0.718743	  5.04692e-06	  2.52194e-07	  2472	  1.76821e-08
404	  2.61216	  0.781255	  5.04692e-06	  2.64554e-07	  2616	  1.84002e-08
405	  2.61216	  0.843774	  5.04692e-06	  2.8405e-07	  2736	  1.96329e-08
406	  2.61216	  0.90628	  5.04692e-06	  2.68506e-07	  2568	  1.87239e-08
407	  2.61216	  0.968758	  5.04692e-06	  2.79327e-07	  2745	  1.92977e-08
408	  3.02645	  0.030936	  3.52029e-06	  1.21492e-07	  3414	  8.15386e-09
409	  3.02645	  0.0938307	  3.52029e-06	  1.28232e-07	  4512	  8.32061e-09
410	  3.02645	  0.156319	  3.52029e-06	  1.23508e-07	  4632	  7.9901e-09
411	  3.02645	  0.218712	  3.52029e-06	  1.22214e-07	  3972	  8.04985e-09
412	  3.02645	  0.281224	  3.52029e-06	  1.29449e-07	  4176	  8.4756e-09
413	  3.02645	  0.343807	  3.52029e-06	  1.33867e-07	  4344	  8.72441e-09
414	  3.02645	  0.406302	  3.52029e-06	  1.36648e-07	  4044	  8.98119e-09
415	  3.02645	  0.468745	  3.52029e-06	  1.38643e-07	  4092	  9.09951e-09
416	  3.02645	  0.531226	  3.52029e-06	  1.47578e-07	  4296	  9.63047e-09
417	  3.02645	  0.593785	  3.52029e-06	  1.53849e-07	  3996	  1.01262e-08
418	  3.02645	  0.656281	  3.52029e-06	  1.62416e-07	  4188	  1.06305e-08
419	  3.02645	  0.718743	  3.52029e-06	  1.61724e-07	  4212	  1.05781e-08
420	  3.02645	  0.781255	  3.52029e-06	  1.65088e-07	  4140	  1.08201e-08
421	  3.02645	  0.843774	  3.52029e-06	  1.7157e-07	  4128	  1.12489e-08
422	  3.02645	  0.90628	  3.52029e-06	  1.68262e-07	  4188	  1.10131e-08
423	  3.02645	  0.968758	  3.52029e-06	  1.62222e-07	  4128	  1.0636e-08
424	  3.50419	  0.030936	  2.45325e-06	  8.88198e-08	  7002	  5.50244e-09
425	  3.50419	  0.0938307	  2.45325e-06	  8.93198e-08	  6240	  5.59671e-09
426	  3.50419	  0.156319	  2.45325e-06	  8.7451e-08	  5964	  5.50494e-09
427	  3.50419	  0.218712	  2.45325e-06	  9.00531e-08	  6180	  5.64818e-09
428	  3.50419	  0.281224	  2.45325e-06	  9.34819e-08	  6420	  5.8408e-09
429	  3.50419	  0.343807	  2.45325e-06	  9.23108e-08	  6516	  5.75911e-09
430	  3.50419	  0.406302	  2.45325e-06	  9.66465e-08	  6312	  6.0488e-09
431	  3.50419	  0.468745	  2.45325e-06	  9.81311e-08	  6276	  6.14525e-09
432	  3.50419	  0.531226	  2.45325e-06	  9.89448e-08	  6360	  6.18793e-09
433	  3.50419	  0.593785	  2.45325e-06	  1.03097e-07	  6408	  6.44278e-09
434	  3.50419	  0.656281	  2.45325e-06	  1.0534e-07	  6360	  6.58789e-09
435	  3.50419	  0.718743	  2.45325e-06	  1.05738e-07	  6336	  6.61526e-09
436	  3.50419	  0.781255	  2.45325e-06	  1.03835e-07	  6372	  6.49255e-09
437	  3.50419	  0.843774	  2.45325e-06	  1.02525e-07	  6456	  6.40227e-09
438	  3.50419	  0.90628	  2.45325e-06	  9.97855e-08	  6360	  6.24051e-09
439	  3.50419	  0.968758	  2.45325e-06	  9.67329e-08	  6327	  6.05276e-09
440	  4.05763	  0.030936	  1.70477e-06	  6.54686e-08	  10392	  3.91565e-09
441	  4.05763	  0.0938307	  1.70477e-06	  6.29722e-08	  9420	  3.79743e-09
442	  4.05763	  0.156319	  1.70477e-06	  6.31761e-08	  10176	  3.78508e-09
443	  4.05763	  0.218712	  1.70477e-06	  6.481e-08	  10260	  3.88033e-09
444	  4.05763	  0.281224	  1.70477e-06	  6.53501e-08	  9528	  3.937e-09
445	  4.05763	  0.343807	  1.70477e-06	  6.42863e-08	  10140	  3.85272e-09
446	  4.05763	  0.406302	  1.70477e-06	  6.60006e-08	  9960	  3.96136e-09
447	  4.05763	  0.468745	  1.70477e-06	  6.58994e-08	  10068	  3.95174e-09
448	  4.05763	  0.531226	  1.70477e-06	  6.76892e-08	  9996	  4.06148e-09
449	  4.05763	  0.593785	  1.70477e-06	  6.60374e-08	  9828	  3.968e-09
450	  4.05763	  0.656281	  1.70477e-06	  6.6533e-08	  10032	  3.99092e-09
451	  4.05763	  0.718743	  1.70477e-06	  6.57148e-08	  9924	  3.9454e-09
452	  4.05763	  0.781255	  1.70477e-06	  6.31041e-08	  10116	  3.78261e-09
453	  4.05763	  0.843774	  1.70477e-06	  6.12646e-08	  9888	  3.67933e-09
454	  4.05763	  0.90628	  1.70477e-06	  5.94661e-08	  10008	  3.56773e-09
455	  4.05763	  0.968758	  1.70477e-06	  5.37621e-08	  9978	  3.22632e-09
456	  4.69917	  0.030936	  1.18077e-06	  4.76717e-08	  13626	  2.79197e-09
457	  4.69917	  0.0938307	  1.18077e-06	  4.57465e-08	  16392	  2.64463e-09
458	  4.69917	  0.156319	  1.18077e-06	  4.42654e-08	  15708	  2.56646e-09
459	  4.69917	  0.218712	  1.18077e-06	  4.49205e-08	  15432	  2.60763e-09
460	  4.69917	  0.281224	  1.18077e-06	  4.41171e-08	  15780	  2.55705e-09
461	  4.69917	  0.343807	  1.18077e-06	  4.35039e-08	  15300	  2.5269e-09
462	  4.69917	  0.406302	  1.18077e-06	  4.39509e-08	  15588	  2.54957e-09
463	  4.69917	  0.468745	  1.18077e-06	  4.38179e-08	  15396	  2.54404e-09
464	  4.69917	  0.531226	  1.18077e-06	  4.21954e-08	  15504	  2.44865e-09
465	  4.69917	  0.593785	  1.18077e-06	  4.19214e-08	  15660	  2.43107e-09
466	  4.69917	  0.656281	  1.18077e-06	  4.0162e-08	  15192	  2.33394e-09
467	  4.69917	  0.718743	  1.18077e-06	  3.84278e-08	  15600	  2.22906e-09
468	  4.69917	  0.781255	  1.18077e-06	  3.72823e-08	  15216	  2.16635e-09
469	  4.69917	  0.843774	  1.18077e-06	  3.44511e-08	  15516	  1.99913e-09
470	  4.69917	  0.90628	  1.18077e-06	  3.17989e-08	  15540	  1.84503e-09
471	  4.69917	  0.968758	  1.18077e-06	  2.85662e-08	  15405	  1.65847e-09
472	  5.4432	  0.030936	  8.15755e-07	  3.2734e-08	  26250	  1.83874e-09
473	  5.4432	  0.0938307	  8.15755e-07	  3.22148e-08	  22392	  1.82602e-09
474	  5.4432	  0.156319	  8.15755e-07	  3.11576e-08	  24516	  1.75687e-09
475	  5.4432	  0.218712	  8.15755e-07	  3.07333e-08	  23592	  1.73676e-09
476	  5.4432	  0.281224	  8.15755e-07	  2.99692e-08	  24264	  1.69086e-09
477	  5.4432	  0.343807	  8.15755e-07	  2.94349e-08	  23928	  1.66203e-09
478	  5.4432	  0.406302	  8.15755e-07	  2.85451e-08	  24120	  1.61105e-09
479	  5.4432	  0.468745	  8.15755e-07	  2.72963e-08	  23964	  1.54114e-09
480	  5.4432	  0.531226	  8.15755e-07	  2.64539e-08	  24060	  1.49324e-09
481	  5.4432	  0.593785	  8.15755e-07	  2.55572e-08	  24108	  1.44246e-09
482	  5.4432	  0.656281	  8.15755e-07	  2.36642e-08	  24228	  1.33524e-09
483	  5.4432	  0.718743	  8.15755e-07	  2.18851e-08	  24144	  1.2351e-09
484	  5.4432	  0.781255	  8.15755e-07	  2.03146e-08	  23940	  1.14702e-09
485	  5.4432	  0.843774	  8.15755e-07	  1.87025e-08	  24192	  1.05537e-09
486	  5.4432	  0.90628	  8.15755e-07	  1.65526e-08	  23988	  9.34502e-10
487	  5.4432	  0.968758	  8.15755e-07	  1.43804e-08	  24141	  8.11574e-10
488	  6.30378	  0.030936	  5.62645e-07	  2.31931e-08	  35082	  1.28349e-09
489	  6.30378	  0.0938307	  5.62645e-07	  2.2364e-08	  39108	  1.23129e-09
490	  6.30378	  0.156319	  5.62645e-07	  2.17638e-08	  36924	  1.20145e-09
491	  6.30378	  0.218712	  5.62645e-07	  2.07923e-08	  37692	  1.14671e-09
492	  6.30378	  0.281224	  5.62645e-07	  1.99669e-08	  37092	  1.10202e-09
493	  6.30378	  0.343807	  5.62645e-07	  1.91252e-08	  37536	  1.05497e-09
494	  6.30378	  0.406302	  5.62645e-07	  1.78767e-08	  36984	  9.86792e-10
495	  6.30378	  0.468745	  5.62645e-07	  1.68217e-08	  37428	  9.28036e-10
496	  6.30378	  0.531226	  5.62645e-07	  1.58442e-08	  37392	  8.74146e-10
497	  6.30378	  0.593785	  5.62645e-07	  1.43383e-08	  37200	  7.91255e-10
498	  6.30378	  0.656281	  5.62645e-07	  1.3013e-08	  36924	  7.18372e-10
499	  6.30378	  0.718743	  5.62645e-07	  1.17661e-08	  37272	  6.49253e-10
500	  6.30378	  0.781255	  5.62645e-07	  1.04399e-08	  37284	  5.76063e-10
501	  6.30378	  0.843774	  5.62645e-07	  9.22155e-09	  37188	  5.08896e-10
502	  6.30378	  0.90628	  5.62645e-07	  7.96468e-09	  37320	  4.39463e-10
503	  6.30378	  0.968758	  5.62645e-07	  6.64551e-09	  37119	  3.66769e-10
504	  7.30029	  0.030936	  3.87106e-07	  1.59611e-08	  60258	  8.63074e-10
505	  7.30029	  0.0938307	  3.87106e-07	  1.52757e-08	  56916	  8.27816e-10
506	  7.30029	  0.156319	  3.87106e-07	  1.44951e-08	  56820	  7.85564e-10
507	  7.30029	  0.218712	  3.87106e-07	  1.37135e-08	  58716	  7.42267e-10
508	  7.30029	  0.281224	  3.87106e-07	  1.27303e-08	  57840	  6.89445e-10
509	  7.30029	  0.343807	  3.87106e-07	  1.19044e-08	  57612	  6.44815e-10
510	  7.30029	  0.406302	  3.87106e-07	  1.07831e-08	  58464	  5.83749e-10
511	  7.30029	  0.468745	  3.87106e-07	  9.79874e-09	  57948	  5.30642e-10
512	  7.30029	  0.531226	  3.87106e-07	  8.87689e-09	  57708	  4.80797e-10
513	  7.30029	  0.593785	  3.87106e-07	  7.68487e-09	  58236	  4.16088e-10
514	  7.30029	  0.656281	  3.87106e-07	  6.78396e-09	  58008	  3.67365e-10
515	  7.30029	  0.718743	  3.87106e-07	  5.77882e-09	  58200	  3.12895e-10
516	  7.30029	  0.781255	  3.87106e-07	  4.97884e-09	  58128	  2.69593e-10
517	  7.30029	  0.843774	  3.87106e-07	  4.25423e-09	  57972	  2.30381e-10
518	  7.30029	  0.90628	  3.87106e-07	  3.5261e-09	  57960	  1.90951e-10
519	  7.30029	  0.968758	  3.87106e-07	  2.84733e-09	  58122	  1.54177e-10
520	  8.455	  0.030936	  2.65864e-07	  1.06231e-08	  90198	  5.66525e-10
521	  8.455	  0.0938307	  2.65864e-07	  1.00718e-08	  89292	  5.37297e-10
522	  8.455	  0.156319	  2.65864e-07	  9.48794e-09	  90804	  5.05883e-10
523	  8.455	  0.218712	  2.65864e-07	  8.63425e-09	  89628	  4.60553e-10
524	  8.455	  0.281224	  2.65864e-07	  7.84746e-09	  89844	  4.18554e-10
525	  8.455	  0.343807	  2.65864e-07	  6.96341e-09	  90636	  3.713e-10
526	  8.455	  0.406302	  2.65864e-07	  6.08464e-09	  89628	  3.24556e-10
527	  8.455	  0.468745	  2.65864e-07	  5.27243e-09	  89772	  2.81218e-10
528	  8.455	  0.531226	  2.65864e-07	  4.54226e-09	  90324	  2.42227e-10
529	  8.455	  0.593785	  2.65864e-07	  3.79307e-09	  89784	  2.02312e-10
530	  8.455	  0.656281	  2.65864e-07	  3.19714e-09	  90216	  1.70501e-10
531	  8.455	  0.718743	  2.65864e-07	  2.6279e-09	  89796	  1.40164e-10
532	  8.455	  0.781255	  2.65864e-07	  2.17731e-09	  90120	  1.16118e-10
533	  8.455	  0.843774	  2.65864e-07	  1.7719e-09	  90132	  9.44969e-11
534	  8.455	  0.90628	  2.65864e-07	  1.42553e-09	  89916	  7.60305e-11
535	  8.455	  0.968758	  2.65864e-07	  1.1108e-09	  89964	  5.92436e-11
536	  9.79129	  0.030936	  1.82229e-07	  6.88875e-09	  139068	  3.6291e-10
537	  9.79129	  0.0938307	  1.82229e-07	  6.42421e-09	  141180	  3.38308e-10
538	  9.79129	  0.156319	  1.82229e-07	  5.85992e-09	  139380	  3.08692e-10
539	  9.79129	  0.218712	  1.82229e-07	  5.22949e-09	  138804	  2.75511e-10
540	  9.79129	  0.281224	  1.82229e-07	  4.52661e-09	  140952	  2.38388e-10
541	  9.79129	  0.343807	  1.82229e-07	  3.81092e-09	  139668	  2.00743e-10
542	  9.79129	  0.406302	  1.82229e-07	  3.18535e-09	  139464	  1.67797e-10
543	  9.79129	  0.468745	  1.82229e-07	  2.60563e-09	  139812	  1.3725e-10
544	  9.79129	  0.531226	  1.82229e-07	  2.1284e-09	  139884	  1.12111e-10
545	  9.79129	  0.593785	  1.82229e-07	  1.72479e-09	  140184	  9.08464e-11
546	  9.79129	  0.656281	  1.82229e-07	  1.38074e-09	  139404	  7.27353e-11
547	  9.79129	  0.718743	  1.82229e-07	  1.09983e-09	  139932	  5.79315e-11
548	  9.79129	  0.781255	  1.82229e-07	  8.76049e-10	  139980	  4.6144e-11
549	  9.79129	  0.843774	  1.82229e-07	  6.84591e-10	  139632	  3.60616e-11
550	  9.79129	  0.90628	  1.82229e-07	  5.24925e-10	  140088	  2.76487e-11
551	  9.79129	  0.968758	  1.82229e-07	  3.92647e-10	  139623	  2.06832e-11
