#n	   k	      mu	    PL	    Pf	     w	     err  
0	  0.10472	  1	  0.00340069	  0.000447576	  3	  0.000280787
1	  0.20944	  1	  0.00120796	  0.000127683	  3	  8.01021e-05
2	  0.314159	  1	  0.00056581	  0.000118719	  3	  7.44784e-05
3	  0.418879	  1	  0.000317111	  2.13543e-05	  3	  1.33966e-05
4	  0.523599	  1	  0.000200477	  6.86441e-06	  3	  4.30639e-06
5	  0.628319	  1	  0.000135839	  3.52161e-05	  3	  2.20928e-05
6	  0.733038	  1	  9.71158e-05	  1.58425e-05	  3	  9.93879e-06
7	  0.837758	  1	  7.2289e-05	  1.2661e-05	  3	  7.94286e-06
8	  0.942478	  1	  5.55114e-05	  1.82292e-06	  3	  1.14361e-06
9	  0.10472	  0	  0.00340069	  7.42061e-05	  6	  3.40048e-05
10	  0.148096	  0.707107	  0.00216258	  0.000108234	  12	  3.66563e-05
11	  0.23416	  0.894427	  0.000956871	  0.000130345	  12	  4.41444e-05
12	  0.331153	  0.948683	  0.000512389	  5.33705e-05	  12	  1.80753e-05
13	  0.431771	  0.970143	  0.000298428	  2.79556e-05	  12	  9.46788e-06
14	  0.533968	  0.980581	  0.000192286	  1.83495e-05	  12	  6.21451e-06
15	  0.636985	  0.986394	  0.000131856	  1.18689e-05	  12	  4.01971e-06
16	  0.74048	  0.989949	  9.50147e-05	  1.44702e-05	  12	  4.90068e-06
17	  0.844278	  0.992278	  7.10317e-05	  7.61943e-06	  12	  2.58051e-06
18	  0.948278	  0.993884	  5.47385e-05	  7.09389e-06	  12	  2.40252e-06
19	  0.148096	  0	  0.00216258	  4.08026e-05	  6	  1.86977e-05
20	  0.18138	  0.57735	  0.00153421	  5.72205e-05	  12	  1.93792e-05
21	  0.25651	  0.816497	  0.000842148	  6.38987e-05	  12	  2.16409e-05
22	  0.347316	  0.904534	  0.000461525	  3.644e-05	  12	  1.23413e-05
23	  0.444288	  0.942809	  0.000282116	  2.29842e-05	  12	  7.78418e-06
24	  0.54414	  0.96225	  0.000184652	  2.14458e-05	  12	  7.26316e-06
25	  0.645536	  0.973329	  0.000128147	  1.25211e-05	  12	  4.24058e-06
26	  0.747849	  0.980196	  9.29373e-05	  8.8099e-06	  12	  2.98369e-06
27	  0.850747	  0.984732	  6.98511e-05	  9.51472e-06	  12	  3.2224e-06
28	  0.954042	  0.987878	  5.39956e-05	  6.73328e-06	  12	  2.2804e-06
29	  0.20944	  0	  0.00120796	  2.49198e-05	  6	  1.14194e-05
30	  0.23416	  0.447214	  0.000956871	  4.10345e-05	  12	  1.38974e-05
31	  0.296192	  0.707107	  0.000623093	  4.89097e-05	  12	  1.65645e-05
32	  0.377572	  0.83205	  0.000392702	  3.36757e-05	  12	  1.14051e-05
33	  0.468321	  0.894427	  0.000253118	  2.69561e-05	  12	  9.12938e-06
34	  0.563933	  0.928477	  0.000171157	  1.00144e-05	  12	  3.39164e-06
35	  0.662306	  0.948683	  0.000121199	  1.05669e-05	  12	  3.57876e-06
36	  0.762371	  0.961524	  8.90872e-05	  9.82572e-06	  12	  3.32773e-06
37	  0.863541	  0.970143	  6.75513e-05	  3.23502e-06	  12	  1.09562e-06
38	  0.965468	  0.976187	  5.25652e-05	  4.84675e-06	  12	  1.64147e-06
39	  0.23416	  0	  0.000956871	  2.5793e-05	  12	  8.73544e-06
40	  0.25651	  0.408248	  0.000842148	  2.54407e-05	  24	  6.46509e-06
41	  0.314159	  0.666667	  0.00056581	  3.49167e-05	  24	  8.87319e-06
42	  0.391825	  0.801784	  0.000365623	  2.50284e-05	  24	  6.36033e-06
43	  0.479886	  0.872872	  0.000240238	  2.96457e-05	  24	  7.53369e-06
44	  0.573574	  0.912871	  0.000165194	  1.30842e-05	  24	  3.32501e-06
45	  0.670534	  0.937043	  0.000118025	  8.85331e-06	  24	  2.24984e-06
46	  0.76953	  0.952579	  8.72914e-05	  8.66301e-06	  24	  2.20148e-06
47	  0.869868	  0.963087	  6.64672e-05	  7.13725e-06	  24	  1.81375e-06
48	  0.971131	  0.970495	  5.18642e-05	  5.60086e-06	  24	  1.42331e-06
49	  0.296192	  0	  0.000623093	  1.47113e-05	  6	  6.74142e-06
50	  0.314159	  0.333333	  0.00056581	  1.90837e-05	  12	  6.46318e-06
51	  0.36276	  0.57735	  0.000422434	  1.6288e-05	  12	  5.51634e-06
52	  0.431771	  0.727607	  0.000298428	  2.09223e-05	  12	  7.08586e-06
53	  0.51302	  0.816497	  0.000209203	  1.83896e-05	  12	  6.22808e-06
54	  0.601569	  0.870388	  0.000149161	  1.38518e-05	  12	  4.69126e-06
55	  0.694632	  0.904534	  0.000109288	  1.35711e-05	  12	  4.59619e-06
56	  0.790617	  0.927173	  8.22162e-05	  7.0924e-06	  12	  2.40202e-06
57	  0.888577	  0.942809	  6.33722e-05	  5.91314e-06	  12	  2.00263e-06
58	  0.987924	  0.953998	  4.9893e-05	  2.9519e-06	  12	  9.99734e-07
59	  0.314159	  0	  0.00056581	  1.90672e-05	  6	  8.7375e-06
60	  0.331153	  0.316228	  0.000512389	  1.57762e-05	  12	  5.34301e-06
61	  0.377572	  0.5547	  0.000392702	  2.17488e-05	  12	  7.36576e-06
62	  0.444288	  0.707107	  0.000282116	  1.18432e-05	  12	  4.01098e-06
63	  0.523599	  0.8	  0.000200477	  1.78069e-05	  12	  6.03076e-06
64	  0.610616	  0.857493	  0.00014445	  6.93402e-06	  12	  2.34838e-06
65	  0.702481	  0.894427	  0.000106629	  8.28033e-06	  12	  2.80434e-06
66	  0.797522	  0.919145	  8.0644e-05	  7.54723e-06	  12	  2.55606e-06
67	  0.894726	  0.936329	  6.23818e-05	  3.63811e-06	  12	  1.23214e-06
68	  0.993459	  0.948683	  4.92701e-05	  4.86856e-06	  12	  1.64886e-06
69	  0.331153	  0	  0.000512389	  1.17938e-05	  12	  3.99426e-06
70	  0.347316	  0.301511	  0.000461525	  1.11588e-05	  24	  2.83571e-06
71	  0.391825	  0.534522	  0.000365623	  1.15716e-05	  24	  2.94062e-06
72	  0.456463	  0.688247	  0.00026716	  2.10025e-05	  24	  5.33725e-06
73	  0.533968	  0.784465	  0.000192286	  1.10623e-05	  24	  2.8112e-06
74	  0.61953	  0.845154	  0.000140033	  8.35265e-06	  24	  2.12261e-06
75	  0.710244	  0.884652	  0.000104113	  1.23609e-05	  24	  3.1412e-06
76	  0.804368	  0.911322	  7.91357e-05	  7.2365e-06	  24	  1.83897e-06
77	  0.900833	  0.929981	  6.14503e-05	  5.33042e-06	  24	  1.35459e-06
78	  0.998963	  0.943456	  4.86634e-05	  3.62913e-06	  24	  9.2225e-07
79	  0.377572	  0	  0.000392702	  1.00421e-05	  12	  3.40101e-06
80	  0.391825	  0.267261	  0.000365623	  7.48391e-06	  24	  1.90184e-06
81	  0.431771	  0.485071	  0.000298428	  1.35393e-05	  24	  3.44068e-06
82	  0.491179	  0.639602	  0.000228743	  9.29646e-06	  24	  2.36246e-06
83	  0.563933	  0.742781	  0.000171157	  1.24682e-05	  24	  3.16848e-06
84	  0.645536	  0.811107	  0.000128147	  1.0279e-05	  24	  2.61214e-06
85	  0.733038	  0.857143	  9.71158e-05	  8.88855e-06	  24	  2.2588e-06
86	  0.824564	  0.889001	  7.48811e-05	  4.06313e-06	  24	  1.03254e-06
87	  0.918912	  0.911685	  5.87657e-05	  5.82636e-06	  24	  1.48062e-06
88	  0.418879	  0	  0.000317111	  2.53887e-06	  6	  1.16343e-06
89	  0.431771	  0.242536	  0.000298428	  5.56596e-06	  12	  1.88505e-06
90	  0.468321	  0.447214	  0.000253118	  1.01334e-05	  12	  3.43194e-06
91	  0.523599	  0.6	  0.000200477	  9.63215e-06	  12	  3.26217e-06
92	  0.592384	  0.707107	  0.000154211	  4.31961e-06	  12	  1.46295e-06
93	  0.670534	  0.780869	  0.000118025	  9.93344e-06	  12	  3.36421e-06
94	  0.755145	  0.83205	  9.10016e-05	  5.89478e-06	  12	  1.99641e-06
95	  0.844278	  0.868243	  7.10317e-05	  5.68052e-06	  12	  1.92385e-06
96	  0.936642	  0.894427	  5.6289e-05	  3.05305e-06	  12	  1.03399e-06
97	  0.431771	  0	  0.000298428	  5.47215e-06	  12	  1.85328e-06
98	  0.444288	  0.235702	  0.000282116	  3.40055e-06	  24	  8.64161e-07
99	  0.479886	  0.436436	  0.000240238	  1.17092e-05	  24	  2.97559e-06
100	  0.533968	  0.588348	  0.000192286	  6.36656e-06	  24	  1.6179e-06
101	  0.601569	  0.696311	  0.000149161	  5.78996e-06	  24	  1.47137e-06
102	  0.678662	  0.771517	  0.000114957	  5.35738e-06	  24	  1.36144e-06
103	  0.762371	  0.824163	  8.90872e-05	  8.14146e-06	  24	  2.06894e-06
104	  0.850747	  0.86164	  6.98511e-05	  6.75623e-06	  24	  1.71692e-06
105	  0.942478	  0.888889	  5.55114e-05	  5.59806e-06	  24	  1.4226e-06
106	  0.444288	  0	  0.000282116	  5.12925e-06	  6	  2.35047e-06
107	  0.456463	  0.229416	  0.00026716	  9.022e-06	  12	  3.05553e-06
108	  0.491179	  0.426401	  0.000228743	  7.76087e-06	  12	  2.62841e-06
109	  0.54414	  0.57735	  0.000184652	  2.81416e-06	  12	  9.53088e-07
110	  0.610616	  0.685994	  0.00014445	  9.95114e-06	  12	  3.3702e-06
111	  0.686693	  0.762493	  0.00011206	  6.31007e-06	  12	  2.13706e-06
112	  0.76953	  0.816497	  8.72914e-05	  5.69843e-06	  12	  1.92992e-06
113	  0.857168	  0.855186	  6.86794e-05	  3.22406e-06	  12	  1.09191e-06
114	  0.948278	  0.883452	  5.47385e-05	  2.55126e-06	  12	  8.64048e-07
115	  0.468321	  0	  0.000253118	  6.38138e-06	  12	  2.16121e-06
116	  0.479886	  0.218218	  0.000240238	  8.89529e-06	  24	  2.26051e-06
117	  0.51302	  0.408248	  0.000209203	  9.05726e-06	  24	  2.30167e-06
118	  0.563933	  0.557086	  0.000171157	  8.53508e-06	  24	  2.16897e-06
119	  0.628319	  0.666667	  0.000135839	  6.43715e-06	  24	  1.63584e-06
120	  0.702481	  0.745356	  0.000106629	  7.3682e-06	  24	  1.87244e-06
121	  0.783651	  0.801784	  8.38484e-05	  6.09831e-06	  24	  1.54973e-06
122	  0.869868	  0.842701	  6.64672e-05	  4.1017e-06	  24	  1.04234e-06
123	  0.959772	  0.872872	  5.32783e-05	  3.87529e-06	  24	  9.84805e-07
124	  0.523599	  0	  0.000200477	  4.55647e-06	  18	  1.30179e-06
125	  0.533968	  0.196116	  0.000192286	  4.31703e-06	  36	  9.35356e-07
126	  0.563933	  0.371391	  0.000171157	  4.16896e-06	  36	  9.03276e-07
127	  0.610616	  0.514496	  0.00014445	  4.93225e-06	  36	  1.06865e-06
128	  0.670534	  0.624695	  0.000118025	  5.23656e-06	  36	  1.13459e-06
129	  0.74048	  0.707107	  9.50147e-05	  5.58734e-06	  36	  1.21059e-06
130	  0.817887	  0.768221	  7.62607e-05	  4.78386e-06	  36	  1.0365e-06
131	  0.900833	  0.813733	  6.14503e-05	  4.35077e-06	  36	  9.42666e-07
132	  0.987924	  0.847998	  4.9893e-05	  3.68294e-06	  36	  7.9797e-07
133	  0.533968	  0	  0.000192286	  4.19377e-06	  12	  1.42033e-06
134	  0.54414	  0.19245	  0.000184652	  6.10778e-06	  24	  1.55214e-06
135	  0.573574	  0.365148	  0.000165194	  4.41741e-06	  24	  1.12257e-06
136	  0.61953	  0.507093	  0.000140033	  5.47651e-06	  24	  1.39171e-06
137	  0.678662	  0.617213	  0.000114957	  5.12463e-06	  24	  1.30229e-06
138	  0.747849	  0.70014	  9.29373e-05	  4.98101e-06	  24	  1.2658e-06
139	  0.824564	  0.762001	  7.48811e-05	  2.10523e-06	  24	  5.3499e-07
140	  0.9069	  0.80829	  6.0533e-05	  4.44065e-06	  24	  1.12848e-06
141	  0.993459	  0.843274	  4.92701e-05	  3.29452e-06	  24	  8.37217e-07
142	  0.563933	  0	  0.000171157	  1.84513e-06	  12	  6.24898e-07
143	  0.573574	  0.182574	  0.000165194	  3.54235e-06	  24	  9.00196e-07
144	  0.601569	  0.348155	  0.000149161	  4.44711e-06	  24	  1.13012e-06
145	  0.645536	  0.486664	  0.000128147	  5.15475e-06	  24	  1.30995e-06
146	  0.702481	  0.596285	  0.000106629	  5.31289e-06	  24	  1.35013e-06
147	  0.76953	  0.680414	  8.72914e-05	  3.09237e-06	  24	  7.85845e-07
148	  0.844278	  0.744208	  7.10317e-05	  5.06081e-06	  24	  1.28607e-06
149	  0.92486	  0.792594	  5.79216e-05	  3.92554e-06	  24	  9.97575e-07
150	  0.592384	  0	  0.000154211	  1.19837e-06	  6	  5.49149e-07
151	  0.601569	  0.174078	  0.000149161	  2.60158e-06	  12	  8.81091e-07
152	  0.628319	  0.333333	  0.000135839	  3.59896e-06	  12	  1.21888e-06
153	  0.670534	  0.468521	  0.000118025	  3.09306e-06	  12	  1.04754e-06
154	  0.72552	  0.57735	  9.93707e-05	  5.77275e-06	  12	  1.95509e-06
155	  0.790617	  0.662266	  8.22162e-05	  4.33486e-06	  12	  1.46811e-06
156	  0.863541	  0.727607	  6.75513e-05	  3.4783e-06	  12	  1.17801e-06
157	  0.942478	  0.777778	  5.55114e-05	  2.84215e-06	  12	  9.62564e-07
158	  0.610616	  0	  0.00014445	  2.82773e-06	  12	  9.5768e-07
159	  0.61953	  0.169031	  0.000140033	  3.13549e-06	  24	  7.96804e-07
160	  0.645536	  0.324443	  0.000128147	  3.83904e-06	  24	  9.75593e-07
161	  0.686693	  0.457496	  0.00011206	  3.99306e-06	  24	  1.01473e-06
162	  0.74048	  0.565685	  9.50147e-05	  3.64787e-06	  24	  9.27011e-07
163	  0.804368	  0.650945	  7.91357e-05	  4.73437e-06	  24	  1.20312e-06
164	  0.876148	  0.717137	  6.5391e-05	  4.23231e-06	  24	  1.07553e-06
165	  0.954042	  0.76835	  5.39956e-05	  3.33784e-06	  24	  8.48225e-07
166	  0.628319	  0	  0.000135839	  8.44615e-06	  6	  3.87043e-06
167	  0.636985	  0.164399	  0.000131856	  4.50904e-06	  12	  1.5271e-06
168	  0.662306	  0.316228	  0.000121199	  2.87256e-06	  12	  9.72864e-07
169	  0.702481	  0.447214	  0.000106629	  1.62121e-06	  12	  5.49065e-07
170	  0.755145	  0.5547	  9.10016e-05	  2.28001e-06	  12	  7.72184e-07
171	  0.817887	  0.640184	  7.62607e-05	  2.78234e-06	  12	  9.42308e-07
172	  0.888577	  0.707107	  6.33722e-05	  2.95269e-06	  12	  1e-06
173	  0.965468	  0.759257	  5.25652e-05	  3.50456e-06	  12	  1.18691e-06
174	  0.636985	  0	  0.000131856	  4.48738e-06	  12	  1.51976e-06
175	  0.645536	  0.162221	  0.000128147	  2.39327e-06	  24	  6.08187e-07
176	  0.670534	  0.312348	  0.000118025	  2.57068e-06	  24	  6.53272e-07
177	  0.710244	  0.442326	  0.000104113	  3.55823e-06	  24	  9.04231e-07
178	  0.762371	  0.549442	  8.90872e-05	  4.60982e-06	  24	  1.17147e-06
179	  0.824564	  0.635001	  7.48811e-05	  2.25787e-06	  24	  5.7378e-07
180	  0.894726	  0.702247	  6.23818e-05	  2.37911e-06	  24	  6.0459e-07
181	  0.971131	  0.754829	  5.18642e-05	  3.0601e-06	  24	  7.77645e-07
182	  0.662306	  0	  0.000121199	  2.56005e-06	  12	  8.67025e-07
183	  0.670534	  0.156174	  0.000118025	  2.43043e-06	  24	  6.1763e-07
184	  0.694632	  0.301511	  0.000109288	  2.48777e-06	  24	  6.32202e-07
185	  0.733038	  0.428571	  9.71158e-05	  3.69715e-06	  24	  9.39534e-07
186	  0.783651	  0.534522	  8.38484e-05	  2.88017e-06	  24	  7.31921e-07
187	  0.844278	  0.620174	  7.10317e-05	  2.85798e-06	  24	  7.26281e-07
188	  0.912926	  0.688247	  5.96217e-05	  2.20038e-06	  24	  5.59169e-07
189	  0.987924	  0.741999	  4.9893e-05	  2.51752e-06	  24	  6.39763e-07
190	  0.670534	  0	  0.000118025	  2.96941e-06	  12	  1.00566e-06
191	  0.678662	  0.154303	  0.000114957	  2.1252e-06	  24	  5.40065e-07
192	  0.702481	  0.298142	  0.000106629	  3.31134e-06	  24	  8.41492e-07
193	  0.74048	  0.424264	  9.50147e-05	  2.7351e-06	  24	  6.95056e-07
194	  0.790617	  0.529813	  8.22162e-05	  2.86771e-06	  24	  7.28754e-07
195	  0.850747	  0.615457	  6.98511e-05	  2.14514e-06	  24	  5.45132e-07
196	  0.918912	  0.683763	  5.87657e-05	  3.25682e-06	  24	  8.27637e-07
197	  0.993459	  0.737865	  4.92701e-05	  2.7605e-06	  24	  7.0151e-07
198	  0.702481	  0	  0.000106629	  1.35533e-06	  12	  4.59017e-07
199	  0.710244	  0.147442	  0.000104113	  2.67315e-06	  24	  6.79312e-07
200	  0.733038	  0.285714	  9.71158e-05	  3.43368e-06	  24	  8.7258e-07
201	  0.76953	  0.408248	  8.72914e-05	  2.90832e-06	  24	  7.39074e-07
202	  0.817887	  0.512148	  7.62607e-05	  4.00782e-06	  24	  1.01848e-06
203	  0.876148	  0.597614	  6.5391e-05	  3.25196e-06	  24	  8.26401e-07
204	  0.942478	  0.666667	  5.55114e-05	  2.79008e-06	  24	  7.09026e-07
205	  0.733038	  0	  9.71158e-05	  1.91109e-06	  6	  8.75753e-07
206	  0.74048	  0.141421	  9.50147e-05	  2.06601e-06	  12	  6.99705e-07
207	  0.762371	  0.274721	  8.90872e-05	  1.92608e-06	  12	  6.52315e-07
208	  0.797522	  0.393919	  8.0644e-05	  2.56551e-06	  12	  8.68876e-07
209	  0.844278	  0.496139	  7.10317e-05	  3.12002e-06	  12	  1.05667e-06
210	  0.900833	  0.581238	  6.14503e-05	  3.24931e-06	  12	  1.10046e-06
211	  0.965468	  0.650791	  5.25652e-05	  2.62226e-06	  12	  8.88094e-07
212	  0.74048	  0	  9.50147e-05	  2.14035e-06	  18	  6.11503e-07
213	  0.747849	  0.140028	  9.29373e-05	  3.04089e-06	  36	  6.58859e-07
214	  0.76953	  0.272166	  8.72914e-05	  2.34234e-06	  36	  5.07506e-07
215	  0.804368	  0.390567	  7.91357e-05	  3.37392e-06	  36	  7.31016e-07
216	  0.850747	  0.492366	  6.98511e-05	  2.03e-06	  36	  4.39833e-07
217	  0.9069	  0.57735	  6.0533e-05	  2.04924e-06	  36	  4.44001e-07
218	  0.971131	  0.646997	  5.18642e-05	  3.40676e-06	  36	  7.38132e-07
219	  0.755145	  0	  9.10016e-05	  1.41606e-06	  12	  4.79584e-07
220	  0.762371	  0.137361	  8.90872e-05	  2.8192e-06	  24	  7.16427e-07
221	  0.783651	  0.267261	  8.38484e-05	  2.47558e-06	  24	  6.29105e-07
222	  0.817887	  0.384111	  7.62607e-05	  2.66719e-06	  24	  6.77797e-07
223	  0.863541	  0.485071	  6.75513e-05	  1.53115e-06	  24	  3.89103e-07
224	  0.918912	  0.569803	  5.87657e-05	  2.3327e-06	  24	  5.92795e-07
225	  0.982358	  0.639602	  5.05463e-05	  1.88216e-06	  24	  4.78303e-07
226	  0.762371	  0	  8.90872e-05	  1.24224e-06	  12	  4.20717e-07
227	  0.76953	  0.136083	  8.72914e-05	  2.85027e-06	  24	  7.24322e-07
228	  0.790617	  0.264906	  8.22162e-05	  1.96258e-06	  24	  4.9874e-07
229	  0.824564	  0.381	  7.48811e-05	  1.88924e-06	  24	  4.80101e-07
230	  0.869868	  0.481543	  6.64672e-05	  1.41447e-06	  24	  3.59451e-07
231	  0.92486	  0.566139	  5.79216e-05	  2.64397e-06	  24	  6.71898e-07
232	  0.987924	  0.635999	  4.9893e-05	  2.09428e-06	  24	  5.32208e-07
233	  0.797522	  0	  8.0644e-05	  2.23323e-06	  12	  7.56339e-07
234	  0.804368	  0.130189	  7.91357e-05	  2.64997e-06	  24	  6.7342e-07
235	  0.824564	  0.254	  7.48811e-05	  1.6683e-06	  24	  4.23955e-07
236	  0.857168	  0.366508	  6.86794e-05	  2.09236e-06	  24	  5.31718e-07
237	  0.900833	  0.464991	  6.14503e-05	  2.01354e-06	  24	  5.1169e-07
238	  0.954042	  0.548821	  5.39956e-05	  2.28749e-06	  24	  5.81307e-07
239	  0.817887	  0	  7.62607e-05	  1.6656e-06	  12	  5.64098e-07
240	  0.824564	  0.127	  7.48811e-05	  1.61405e-06	  24	  4.10169e-07
241	  0.844278	  0.248069	  7.10317e-05	  1.77497e-06	  24	  4.51062e-07
242	  0.876148	  0.358569	  6.5391e-05	  2.30373e-06	  24	  5.85434e-07
243	  0.918912	  0.455842	  5.87657e-05	  2.06059e-06	  24	  5.23646e-07
244	  0.971131	  0.539164	  5.18642e-05	  2.53732e-06	  24	  6.44795e-07
245	  0.837758	  0	  7.2289e-05	  1.91804e-06	  6	  8.7894e-07
246	  0.844278	  0.124035	  7.10317e-05	  2.66426e-06	  12	  9.0232e-07
247	  0.863541	  0.242536	  6.75513e-05	  8.8341e-07	  12	  2.99189e-07
248	  0.894726	  0.351123	  6.23818e-05	  1.63896e-06	  12	  5.55076e-07
249	  0.936642	  0.447214	  5.6289e-05	  1.6449e-06	  12	  5.57088e-07
250	  0.987924	  0.529999	  4.9893e-05	  2.76612e-06	  12	  9.36818e-07
251	  0.844278	  0	  7.10317e-05	  2.29249e-06	  24	  5.82578e-07
252	  0.850747	  0.123091	  6.98511e-05	  1.92172e-06	  48	  3.73462e-07
253	  0.869868	  0.240772	  6.64672e-05	  1.64489e-06	  48	  3.19664e-07
254	  0.900833	  0.348743	  6.14503e-05	  1.93928e-06	  48	  3.76874e-07
255	  0.942478	  0.444444	  5.55114e-05	  1.87359e-06	  48	  3.64108e-07
256	  0.993459	  0.527046	  4.92701e-05	  2.06708e-06	  48	  4.01711e-07
257	  0.863541	  0	  6.75513e-05	  9.64211e-07	  12	  3.26554e-07
258	  0.869868	  0.120386	  6.64672e-05	  1.62245e-06	  24	  4.12304e-07
259	  0.888577	  0.235702	  6.33722e-05	  1.61371e-06	  24	  4.10082e-07
260	  0.918912	  0.341882	  5.87657e-05	  1.85966e-06	  24	  4.72585e-07
261	  0.959772	  0.436436	  5.32783e-05	  1.73721e-06	  24	  4.41466e-07
262	  0.888577	  0	  6.33722e-05	  1.6011e-06	  6	  7.33699e-07
263	  0.894726	  0.117041	  6.23818e-05	  1.17245e-06	  12	  3.97081e-07
264	  0.912926	  0.229416	  5.96217e-05	  1.64725e-06	  12	  5.57882e-07
265	  0.942478	  0.333333	  5.55114e-05	  1.7807e-06	  12	  6.03079e-07
266	  0.982358	  0.426401	  5.05463e-05	  1.73837e-06	  12	  5.88741e-07
267	  0.894726	  0	  6.23818e-05	  1.2322e-06	  12	  4.17315e-07
268	  0.900833	  0.116248	  6.14503e-05	  1.50111e-06	  24	  3.81467e-07
269	  0.918912	  0.227921	  5.87657e-05	  1.81024e-06	  24	  4.60026e-07
270	  0.948278	  0.331295	  5.47385e-05	  1.75882e-06	  24	  4.46958e-07
271	  0.987924	  0.423999	  4.9893e-05	  1.53683e-06	  24	  3.90546e-07
272	  0.900833	  0	  6.14503e-05	  1.96604e-06	  12	  6.65847e-07
273	  0.9069	  0.11547	  6.0533e-05	  1.46998e-06	  24	  3.73557e-07
274	  0.92486	  0.226455	  5.79216e-05	  1.20491e-06	  24	  3.06197e-07
275	  0.954042	  0.329293	  5.39956e-05	  1.77113e-06	  24	  4.50086e-07
276	  0.993459	  0.421637	  4.92701e-05	  1.61013e-06	  24	  4.09172e-07
277	  0.936642	  0	  5.6289e-05	  1.07744e-06	  12	  3.64903e-07
278	  0.942478	  0.111111	  5.55114e-05	  1.50905e-06	  24	  3.83485e-07
279	  0.959772	  0.218218	  5.32783e-05	  1.25686e-06	  24	  3.19399e-07
280	  0.987924	  0.317999	  4.9893e-05	  1.2727e-06	  24	  3.23425e-07
281	  0.942478	  0	  5.55114e-05	  2.72679e-06	  6	  1.24955e-06
282	  0.948278	  0.110432	  5.47385e-05	  1.89799e-06	  12	  6.42802e-07
283	  0.965468	  0.21693	  5.25652e-05	  1.55774e-06	  12	  5.27569e-07
284	  0.993459	  0.316228	  4.92701e-05	  1.78507e-06	  12	  6.04559e-07
285	  0.948278	  0	  5.47385e-05	  1.74851e-06	  12	  5.92176e-07
286	  0.954042	  0.109764	  5.39956e-05	  1.23602e-06	  24	  3.14104e-07
287	  0.971131	  0.215666	  5.18642e-05	  1.02812e-06	  24	  2.61271e-07
288	  0.998963	  0.314485	  4.86634e-05	  1.3656e-06	  24	  3.47031e-07
289	  0.965468	  0	  5.25652e-05	  1.16347e-06	  24	  2.95667e-07
290	  0.971131	  0.107833	  5.18642e-05	  1.40597e-06	  48	  2.73232e-07
291	  0.987924	  0.212	  4.9893e-05	  1.49982e-06	  48	  2.91472e-07
292	  0.987924	  0	  4.9893e-05	  1.34928e-06	  12	  4.56966e-07
293	  0.993459	  0.105409	  4.92701e-05	  1.36857e-06	  24	  3.47786e-07
294	  0.993459	  0	  4.92701e-05	  1.15561e-06	  12	  3.91377e-07
295	  0.998963	  0.104828	  4.86634e-05	  1.13435e-06	  24	  2.88266e-07
296	  1.08818	  0.030936	  4.0048e-05	  1.0777e-06	  138	  1.45625e-07
297	  1.08818	  0.0938307	  4.0048e-05	  9.88545e-07	  252	  1.117e-07
298	  1.08818	  0.156319	  4.0048e-05	  8.94996e-07	  72	  1.50226e-07
299	  1.08818	  0.218712	  4.0048e-05	  1.01495e-06	  216	  1.19806e-07
300	  1.08818	  0.281224	  4.0048e-05	  1.20186e-06	  288	  1.30913e-07
301	  1.08818	  0.343807	  4.0048e-05	  1.13648e-06	  120	  1.6057e-07
302	  1.08818	  0.406302	  4.0048e-05	  1.57931e-06	  180	  1.9668e-07
303	  1.08818	  0.468745	  4.0048e-05	  1.53414e-06	  180	  1.91055e-07
304	  1.08818	  0.531226	  4.0048e-05	  1.71815e-06	  192	  2.09904e-07
305	  1.08818	  0.593785	  4.0048e-05	  2.21714e-06	  192	  2.70865e-07
306	  1.08818	  0.656281	  4.0048e-05	  1.85349e-06	  168	  2.35674e-07
307	  1.08818	  0.718743	  4.0048e-05	  2.36031e-06	  228	  2.7433e-07
308	  1.08818	  0.781255	  4.0048e-05	  3.16386e-06	  144	  4.21849e-07
309	  1.08818	  0.843774	  4.0048e-05	  2.73628e-06	  240	  3.1344e-07
310	  1.08818	  0.90628	  4.0048e-05	  3.62557e-06	  168	  4.60998e-07
311	  1.08818	  0.968758	  4.0048e-05	  3.61047e-06	  150	  4.75318e-07
312	  1.25577	  0.030936	  2.88042e-05	  8.23735e-07	  198	  9.9727e-08
313	  1.25577	  0.0938307	  2.88042e-05	  8.47649e-07	  396	  8.49785e-08
314	  1.25577	  0.156319	  2.88042e-05	  8.16328e-07	  396	  8.18384e-08
315	  1.25577	  0.218712	  2.88042e-05	  7.80128e-07	  204	  9.36263e-08
316	  1.25577	  0.281224	  2.88042e-05	  9.23414e-07	  216	  1.09001e-07
317	  1.25577	  0.343807	  2.88042e-05	  9.19255e-07	  372	  9.36239e-08
318	  1.25577	  0.406302	  2.88042e-05	  1.0411e-06	  312	  1.10995e-07
319	  1.25577	  0.468745	  2.88042e-05	  1.03784e-06	  288	  1.13048e-07
320	  1.25577	  0.531226	  2.88042e-05	  1.37476e-06	  264	  1.53348e-07
321	  1.25577	  0.593785	  2.88042e-05	  1.28134e-06	  312	  1.36608e-07
322	  1.25577	  0.656281	  2.88042e-05	  1.42094e-06	  276	  1.56578e-07
323	  1.25577	  0.718743	  2.88042e-05	  1.58979e-06	  312	  1.69494e-07
324	  1.25577	  0.781255	  2.88042e-05	  1.82981e-06	  276	  2.01632e-07
325	  1.25577	  0.843774	  2.88042e-05	  1.93897e-06	  240	  2.22109e-07
326	  1.25577	  0.90628	  2.88042e-05	  2.20999e-06	  324	  2.33276e-07
327	  1.25577	  0.968758	  2.88042e-05	  2.51153e-06	  315	  2.67086e-07
328	  1.45182	  0.030936	  2.05474e-05	  5.83561e-07	  246	  6.63846e-08
329	  1.45182	  0.0938307	  2.05474e-05	  5.29104e-07	  516	  4.97477e-08
330	  1.45182	  0.156319	  2.05474e-05	  5.9073e-07	  504	  5.58497e-08
331	  1.45182	  0.218712	  2.05474e-05	  5.63821e-07	  528	  5.27282e-08
332	  1.45182	  0.281224	  2.05474e-05	  5.99456e-07	  504	  5.66747e-08
333	  1.45182	  0.343807	  2.05474e-05	  6.98193e-07	  384	  7.05392e-08
334	  1.45182	  0.406302	  2.05474e-05	  8.32308e-07	  420	  8.22279e-08
335	  1.45182	  0.468745	  2.05474e-05	  7.28108e-07	  468	  7.00622e-08
336	  1.45182	  0.531226	  2.05474e-05	  8.18513e-07	  480	  7.82855e-08
337	  1.45182	  0.593785	  2.05474e-05	  8.6829e-07	  468	  8.35512e-08
338	  1.45182	  0.656281	  2.05474e-05	  9.43942e-07	  396	  9.4632e-08
339	  1.45182	  0.718743	  2.05474e-05	  1.04535e-06	  456	  1.01221e-07
340	  1.45182	  0.781255	  2.05474e-05	  1.29828e-06	  432	  1.27378e-07
341	  1.45182	  0.843774	  2.05474e-05	  1.33186e-06	  480	  1.27384e-07
342	  1.45182	  0.90628	  2.05474e-05	  1.59228e-06	  480	  1.52291e-07
343	  1.45182	  0.968758	  2.05474e-05	  1.69563e-06	  414	  1.68117e-07
344	  1.68148	  0.030936	  1.45436e-05	  3.95141e-07	  798	  3.37449e-08
345	  1.68148	  0.0938307	  1.45436e-05	  4.49423e-07	  708	  3.93615e-08
346	  1.68148	  0.156319	  1.45436e-05	  4.08004e-07	  684	  3.60006e-08
347	  1.68148	  0.218712	  1.45436e-05	  4.50947e-07	  720	  3.93531e-08
348	  1.68148	  0.281224	  1.45436e-05	  4.58028e-07	  708	  4.01151e-08
349	  1.68148	  0.343807	  1.45436e-05	  4.82568e-07	  720	  4.21127e-08
350	  1.68148	  0.406302	  1.45436e-05	  5.25073e-07	  672	  4.65088e-08
351	  1.68148	  0.468745	  1.45436e-05	  5.94274e-07	  732	  5.16787e-08
352	  1.68148	  0.531226	  1.45436e-05	  6.1115e-07	  672	  5.41331e-08
353	  1.68148	  0.593785	  1.45436e-05	  6.36389e-07	  708	  5.57364e-08
354	  1.68148	  0.656281	  1.45436e-05	  6.63799e-07	  744	  5.7526e-08
355	  1.68148	  0.718743	  1.45436e-05	  8.29678e-07	  744	  7.19013e-08
356	  1.68148	  0.781255	  1.45436e-05	  8.88582e-07	  696	  7.81107e-08
357	  1.68148	  0.843774	  1.45436e-05	  9.36822e-07	  708	  8.20491e-08
358	  1.68148	  0.90628	  1.45436e-05	  1.0374e-06	  696	  9.11922e-08
359	  1.68148	  0.968758	  1.45436e-05	  1.11907e-06	  741	  9.70638e-08
360	  1.94819	  0.030936	  1.02432e-05	  2.91323e-07	  1368	  2.24426e-08
361	  1.94819	  0.0938307	  1.02432e-05	  2.92262e-07	  924	  2.42279e-08
362	  1.94819	  0.156319	  1.02432e-05	  3.14453e-07	  972	  2.58087e-08
363	  1.94819	  0.218712	  1.02432e-05	  3.34628e-07	  972	  2.74646e-08
364	  1.94819	  0.281224	  1.02432e-05	  3.04487e-07	  1200	  2.40141e-08
365	  1.94819	  0.343807	  1.02432e-05	  3.27781e-07	  1140	  2.60971e-08
366	  1.94819	  0.406302	  1.02432e-05	  3.59156e-07	  1080	  2.88866e-08
367	  1.94819	  0.468745	  1.02432e-05	  4.05215e-07	  1068	  3.26602e-08
368	  1.94819	  0.531226	  1.02432e-05	  3.87888e-07	  1164	  3.07636e-08
369	  1.94819	  0.593785	  1.02432e-05	  4.68468e-07	  1188	  3.70151e-08
370	  1.94819	  0.656281	  1.02432e-05	  4.73334e-07	  1068	  3.81505e-08
371	  1.94819	  0.718743	  1.02432e-05	  4.99891e-07	  1008	  4.07397e-08
372	  1.94819	  0.781255	  1.02432e-05	  5.67865e-07	  1164	  4.50376e-08
373	  1.94819	  0.843774	  1.02432e-05	  5.98912e-07	  1176	  4.74103e-08
374	  1.94819	  0.90628	  1.02432e-05	  6.44927e-07	  1080	  5.18708e-08
375	  1.94819	  0.968758	  1.02432e-05	  6.83645e-07	  1038	  5.54016e-08
376	  2.25604	  0.030936	  7.19976e-06	  2.18225e-07	  1896	  1.5923e-08
377	  2.25604	  0.0938307	  7.19976e-06	  2.18747e-07	  1272	  1.70707e-08
378	  2.25604	  0.156319	  7.19976e-06	  2.15436e-07	  2040	  1.55417e-08
379	  2.25604	  0.218712	  7.19976e-06	  2.29456e-07	  1740	  1.69736e-08
380	  2.25604	  0.281224	  7.19976e-06	  2.33241e-07	  1584	  1.75224e-08
381	  2.25604	  0.343807	  7.19976e-06	  2.40851e-07	  1764	  1.77771e-08
382	  2.25604	  0.406302	  7.19976e-06	  2.52587e-07	  1632	  1.88818e-08
383	  2.25604	  0.468745	  7.19976e-06	  2.71628e-07	  1860	  1.98796e-08
384	  2.25604	  0.531226	  7.19976e-06	  2.91205e-07	  1560	  2.19331e-08
385	  2.25604	  0.593785	  7.19976e-06	  3.04276e-07	  1692	  2.2611e-08
386	  2.25604	  0.656281	  7.19976e-06	  3.34935e-07	  1704	  2.48606e-08
387	  2.25604	  0.718743	  7.19976e-06	  3.49518e-07	  1824	  2.56597e-08
388	  2.25604	  0.781255	  7.19976e-06	  3.7125e-07	  1668	  2.76526e-08
389	  2.25604	  0.843774	  7.19976e-06	  3.97159e-07	  1680	  2.95476e-08
390	  2.25604	  0.90628	  7.19976e-06	  4.24133e-07	  1776	  3.12709e-08
391	  2.25604	  0.968758	  7.19976e-06	  4.36349e-07	  1656	  3.25401e-08
392	  2.61216	  0.030936	  5.04692e-06	  1.62458e-07	  2586	  1.13176e-08
393	  2.61216	  0.0938307	  5.04692e-06	  1.57363e-07	  3036	  1.07241e-08
394	  2.61216	  0.156319	  5.04692e-06	  1.67375e-07	  2124	  1.20004e-08
395	  2.61216	  0.218712	  5.04692e-06	  1.61031e-07	  2940	  1.10214e-08
396	  2.61216	  0.281224	  5.04692e-06	  1.68743e-07	  2616	  1.17364e-08
397	  2.61216	  0.343807	  5.04692e-06	  1.77938e-07	  2448	  1.24932e-08
398	  2.61216	  0.406302	  5.04692e-06	  1.86204e-07	  2916	  1.27584e-08
399	  2.61216	  0.468745	  5.04692e-06	  1.91658e-07	  2544	  1.33828e-08
400	  2.61216	  0.531226	  5.04692e-06	  2.00233e-07	  2652	  1.38998e-08
401	  2.61216	  0.593785	  5.04692e-06	  2.0919e-07	  2748	  1.44501e-08
402	  2.61216	  0.656281	  5.04692e-06	  2.28178e-07	  2676	  1.58198e-08
403	  2.61216	  0.718743	  5.04692e-06	  2.24633e-07	  2472	  1.57497e-08
404	  2.61216	  0.781255	  5.04692e-06	  2.41741e-07	  2616	  1.68135e-08
405	  2.61216	  0.843774	  5.04692e-06	  2.47292e-07	  2736	  1.70924e-08
406	  2.61216	  0.90628	  5.04692e-06	  2.59375e-07	  2568	  1.80871e-08
407	  2.61216	  0.968758	  5.04692e-06	  2.61307e-07	  2745	  1.80528e-08
408	  3.02645	  0.030936	  3.52029e-06	  1.19761e-07	  3414	  8.0377e-09
409	  3.02645	  0.0938307	  3.52029e-06	  1.17103e-07	  4512	  7.59847e-09
410	  3.02645	  0.156319	  3.52029e-06	  1.15831e-07	  4632	  7.49349e-09
411	  3.02645	  0.218712	  3.52029e-06	  1.13831e-07	  3972	  7.49771e-09
412	  3.02645	  0.281224	  3.52029e-06	  1.20018e-07	  4176	  7.85812e-09
413	  3.02645	  0.343807	  3.52029e-06	  1.26569e-07	  4344	  8.24881e-09
414	  3.02645	  0.406302	  3.52029e-06	  1.31447e-07	  4044	  8.6394e-09
415	  3.02645	  0.468745	  3.52029e-06	  1.34339e-07	  4092	  8.81705e-09
416	  3.02645	  0.531226	  3.52029e-06	  1.45076e-07	  4296	  9.46723e-09
417	  3.02645	  0.593785	  3.52029e-06	  1.46923e-07	  3996	  9.6704e-09
418	  3.02645	  0.656281	  3.52029e-06	  1.49501e-07	  4188	  9.78521e-09
419	  3.02645	  0.718743	  3.52029e-06	  1.60275e-07	  4212	  1.04833e-08
420	  3.02645	  0.781255	  3.52029e-06	  1.54781e-07	  4140	  1.01446e-08
421	  3.02645	  0.843774	  3.52029e-06	  1.57089e-07	  4128	  1.02994e-08
422	  3.02645	  0.90628	  3.52029e-06	  1.60675e-07	  4188	  1.05166e-08
423	  3.02645	  0.968758	  3.52029e-06	  1.55637e-07	  4128	  1.02042e-08
424	  3.50419	  0.030936	  2.45325e-06	  8.51944e-08	  7002	  5.27784e-09
425	  3.50419	  0.0938307	  2.45325e-06	  8.61483e-08	  6240	  5.39799e-09
426	  3.50419	  0.156319	  2.45325e-06	  8.21727e-08	  5964	  5.17268e-09
427	  3.50419	  0.218712	  2.45325e-06	  8.53805e-08	  6180	  5.35511e-09
428	  3.50419	  0.281224	  2.45325e-06	  8.69916e-08	  6420	  5.43528e-09
429	  3.50419	  0.343807	  2.45325e-06	  8.9484e-08	  6516	  5.58275e-09
430	  3.50419	  0.406302	  2.45325e-06	  9.23896e-08	  6312	  5.78237e-09
431	  3.50419	  0.468745	  2.45325e-06	  9.7443e-08	  6276	  6.10216e-09
432	  3.50419	  0.531226	  2.45325e-06	  9.63525e-08	  6360	  6.02581e-09
433	  3.50419	  0.593785	  2.45325e-06	  9.73918e-08	  6408	  6.08622e-09
434	  3.50419	  0.656281	  2.45325e-06	  1.04081e-07	  6360	  6.50917e-09
435	  3.50419	  0.718743	  2.45325e-06	  1.00869e-07	  6336	  6.31064e-09
436	  3.50419	  0.781255	  2.45325e-06	  9.72117e-08	  6372	  6.0784e-09
437	  3.50419	  0.843774	  2.45325e-06	  1.02245e-07	  6456	  6.38477e-09
438	  3.50419	  0.90628	  2.45325e-06	  9.64093e-08	  6360	  6.02937e-09
439	  3.50419	  0.968758	  2.45325e-06	  9.07712e-08	  6327	  5.67973e-09
440	  4.05763	  0.030936	  1.70477e-06	  6.16986e-08	  10392	  3.69016e-09
441	  4.05763	  0.0938307	  1.70477e-06	  5.98774e-08	  9420	  3.6108e-09
442	  4.05763	  0.156319	  1.70477e-06	  6.15258e-08	  10176	  3.6862e-09
443	  4.05763	  0.218712	  1.70477e-06	  6.17126e-08	  10260	  3.69488e-09
444	  4.05763	  0.281224	  1.70477e-06	  5.97695e-08	  9528	  3.6008e-09
445	  4.05763	  0.343807	  1.70477e-06	  6.12098e-08	  10140	  3.66835e-09
446	  4.05763	  0.406302	  1.70477e-06	  6.47257e-08	  9960	  3.88484e-09
447	  4.05763	  0.468745	  1.70477e-06	  6.43519e-08	  10068	  3.85894e-09
448	  4.05763	  0.531226	  1.70477e-06	  6.6298e-08	  9996	  3.97801e-09
449	  4.05763	  0.593785	  1.70477e-06	  6.40639e-08	  9828	  3.84941e-09
450	  4.05763	  0.656281	  1.70477e-06	  6.33199e-08	  10032	  3.79818e-09
451	  4.05763	  0.718743	  1.70477e-06	  6.25448e-08	  9924	  3.75508e-09
452	  4.05763	  0.781255	  1.70477e-06	  5.9921e-08	  10116	  3.59181e-09
453	  4.05763	  0.843774	  1.70477e-06	  5.87088e-08	  9888	  3.52584e-09
454	  4.05763	  0.90628	  1.70477e-06	  5.64159e-08	  10008	  3.38473e-09
455	  4.05763	  0.968758	  1.70477e-06	  5.10869e-08	  9978	  3.06578e-09
456	  4.69917	  0.030936	  1.18077e-06	  4.40382e-08	  13626	  2.57918e-09
457	  4.69917	  0.0938307	  1.18077e-06	  4.43554e-08	  16392	  2.56421e-09
458	  4.69917	  0.156319	  1.18077e-06	  4.381e-08	  15708	  2.54005e-09
459	  4.69917	  0.218712	  1.18077e-06	  4.29623e-08	  15432	  2.49395e-09
460	  4.69917	  0.281224	  1.18077e-06	  4.26526e-08	  15780	  2.47217e-09
461	  4.69917	  0.343807	  1.18077e-06	  4.304e-08	  15300	  2.49996e-09
462	  4.69917	  0.406302	  1.18077e-06	  4.24765e-08	  15588	  2.46404e-09
463	  4.69917	  0.468745	  1.18077e-06	  4.29027e-08	  15396	  2.4909e-09
464	  4.69917	  0.531226	  1.18077e-06	  4.24254e-08	  15504	  2.462e-09
465	  4.69917	  0.593785	  1.18077e-06	  4.0987e-08	  15660	  2.37688e-09
466	  4.69917	  0.656281	  1.18077e-06	  3.92246e-08	  15192	  2.27947e-09
467	  4.69917	  0.718743	  1.18077e-06	  3.81924e-08	  15600	  2.2154e-09
468	  4.69917	  0.781255	  1.18077e-06	  3.62706e-08	  15216	  2.10757e-09
469	  4.69917	  0.843774	  1.18077e-06	  3.37906e-08	  15516	  1.9608e-09
470	  4.69917	  0.90628	  1.18077e-06	  3.11263e-08	  15540	  1.806e-09
471	  4.69917	  0.968758	  1.18077e-06	  2.84337e-08	  15405	  1.65077e-09
472	  5.4432	  0.030936	  8.15755e-07	  3.21357e-08	  26250	  1.80513e-09
473	  5.4432	  0.0938307	  8.15755e-07	  3.16018e-08	  22392	  1.79128e-09
474	  5.4432	  0.156319	  8.15755e-07	  3.10341e-08	  24516	  1.74991e-09
475	  5.4432	  0.218712	  8.15755e-07	  3.02165e-08	  23592	  1.70755e-09
476	  5.4432	  0.281224	  8.15755e-07	  3.0017e-08	  24264	  1.69355e-09
477	  5.4432	  0.343807	  8.15755e-07	  2.94192e-08	  23928	  1.66115e-09
478	  5.4432	  0.406302	  8.15755e-07	  2.85377e-08	  24120	  1.61063e-09
479	  5.4432	  0.468745	  8.15755e-07	  2.72689e-08	  23964	  1.5396e-09
480	  5.4432	  0.531226	  8.15755e-07	  2.66014e-08	  24060	  1.50157e-09
481	  5.4432	  0.593785	  8.15755e-07	  2.53079e-08	  24108	  1.42839e-09
482	  5.4432	  0.656281	  8.15755e-07	  2.36565e-08	  24228	  1.3348e-09
483	  5.4432	  0.718743	  8.15755e-07	  2.23187e-08	  24144	  1.25957e-09
484	  5.4432	  0.781255	  8.15755e-07	  2.03034e-08	  23940	  1.14639e-09
485	  5.4432	  0.843774	  8.15755e-07	  1.81808e-08	  24192	  1.02593e-09
486	  5.4432	  0.90628	  8.15755e-07	  1.67178e-08	  23988	  9.43833e-10
487	  5.4432	  0.968758	  8.15755e-07	  1.4755e-08	  24141	  8.32713e-10
488	  6.30378	  0.030936	  5.62645e-07	  2.28862e-08	  35082	  1.2665e-09
489	  6.30378	  0.0938307	  5.62645e-07	  2.24043e-08	  39108	  1.23351e-09
490	  6.30378	  0.156319	  5.62645e-07	  2.19366e-08	  36924	  1.21099e-09
491	  6.30378	  0.218712	  5.62645e-07	  2.11698e-08	  37692	  1.16753e-09
492	  6.30378	  0.281224	  5.62645e-07	  2.00693e-08	  37092	  1.10767e-09
493	  6.30378	  0.343807	  5.62645e-07	  1.96894e-08	  37536	  1.0861e-09
494	  6.30378	  0.406302	  5.62645e-07	  1.85511e-08	  36984	  1.02402e-09
495	  6.30378	  0.468745	  5.62645e-07	  1.74706e-08	  37428	  9.63837e-10
496	  6.30378	  0.531226	  5.62645e-07	  1.61187e-08	  37392	  8.89292e-10
497	  6.30378	  0.593785	  5.62645e-07	  1.49497e-08	  37200	  8.24995e-10
498	  6.30378	  0.656281	  5.62645e-07	  1.35385e-08	  36924	  7.47383e-10
499	  6.30378	  0.718743	  5.62645e-07	  1.22455e-08	  37272	  6.75703e-10
500	  6.30378	  0.781255	  5.62645e-07	  1.07657e-08	  37284	  5.94042e-10
501	  6.30378	  0.843774	  5.62645e-07	  9.51122e-09	  37188	  5.24882e-10
502	  6.30378	  0.90628	  5.62645e-07	  8.35697e-09	  37320	  4.61108e-10
503	  6.30378	  0.968758	  5.62645e-07	  7.20953e-09	  37119	  3.97897e-10
504	  7.30029	  0.030936	  3.87106e-07	  1.616e-08	  60258	  8.7383e-10
505	  7.30029	  0.0938307	  3.87106e-07	  1.58293e-08	  56916	  8.57814e-10
506	  7.30029	  0.156319	  3.87106e-07	  1.51954e-08	  56820	  8.2352e-10
507	  7.30029	  0.218712	  3.87106e-07	  1.44761e-08	  58716	  7.83544e-10
508	  7.30029	  0.281224	  3.87106e-07	  1.35483e-08	  57840	  7.33749e-10
509	  7.30029	  0.343807	  3.87106e-07	  1.25313e-08	  57612	  6.78775e-10
510	  7.30029	  0.406302	  3.87106e-07	  1.16627e-08	  58464	  6.3137e-10
511	  7.30029	  0.468745	  3.87106e-07	  1.05681e-08	  57948	  5.72305e-10
512	  7.30029	  0.531226	  3.87106e-07	  9.52381e-09	  57708	  5.15836e-10
513	  7.30029	  0.593785	  3.87106e-07	  8.33403e-09	  58236	  4.51237e-10
514	  7.30029	  0.656281	  3.87106e-07	  7.33094e-09	  58008	  3.96985e-10
515	  7.30029	  0.718743	  3.87106e-07	  6.35551e-09	  58200	  3.4412e-10
516	  7.30029	  0.781255	  3.87106e-07	  5.3795e-09	  58128	  2.91287e-10
517	  7.30029	  0.843774	  3.87106e-07	  4.60609e-09	  57972	  2.49435e-10
518	  7.30029	  0.90628	  3.87106e-07	  3.91241e-09	  57960	  2.11871e-10
519	  7.30029	  0.968758	  3.87106e-07	  3.39416e-09	  58122	  1.83787e-10
520	  8.455	  0.030936	  2.65864e-07	  1.1261e-08	  90198	  6.00543e-10
521	  8.455	  0.0938307	  2.65864e-07	  1.1009e-08	  89292	  5.87293e-10
522	  8.455	  0.156319	  2.65864e-07	  1.05059e-08	  90804	  5.6016e-10
523	  8.455	  0.218712	  2.65864e-07	  9.61067e-09	  89628	  5.12635e-10
524	  8.455	  0.281224	  2.65864e-07	  8.8358e-09	  89844	  4.71268e-10
525	  8.455	  0.343807	  2.65864e-07	  7.92405e-09	  90636	  4.22523e-10
526	  8.455	  0.406302	  2.65864e-07	  6.98348e-09	  89628	  3.72501e-10
527	  8.455	  0.468745	  2.65864e-07	  6.06152e-09	  89772	  3.23307e-10
528	  8.455	  0.531226	  2.65864e-07	  5.25003e-09	  90324	  2.7997e-10
529	  8.455	  0.593785	  2.65864e-07	  4.42284e-09	  89784	  2.35903e-10
530	  8.455	  0.656281	  2.65864e-07	  3.67273e-09	  90216	  1.95864e-10
531	  8.455	  0.718743	  2.65864e-07	  3.07567e-09	  89796	  1.64047e-10
532	  8.455	  0.781255	  2.65864e-07	  2.55896e-09	  90120	  1.36472e-10
533	  8.455	  0.843774	  2.65864e-07	  2.12292e-09	  90132	  1.13217e-10
534	  8.455	  0.90628	  2.65864e-07	  1.79164e-09	  89916	  9.55568e-11
535	  8.455	  0.968758	  2.65864e-07	  1.60402e-09	  89964	  8.55487e-11
536	  9.79129	  0.030936	  1.82229e-07	  7.92688e-09	  139068	  4.176e-10
537	  9.79129	  0.0938307	  1.82229e-07	  7.67326e-09	  141180	  4.04085e-10
538	  9.79129	  0.156319	  1.82229e-07	  7.17567e-09	  139380	  3.78004e-10
539	  9.79129	  0.218712	  1.82229e-07	  6.44131e-09	  138804	  3.39355e-10
540	  9.79129	  0.281224	  1.82229e-07	  5.64942e-09	  140952	  2.97519e-10
541	  9.79129	  0.343807	  1.82229e-07	  4.81402e-09	  139668	  2.53582e-10
542	  9.79129	  0.406302	  1.82229e-07	  4.04014e-09	  139464	  2.12826e-10
543	  9.79129	  0.468745	  1.82229e-07	  3.32336e-09	  139812	  1.75056e-10
544	  9.79129	  0.531226	  1.82229e-07	  2.72645e-09	  139884	  1.43612e-10
545	  9.79129	  0.593785	  1.82229e-07	  2.2094e-09	  140184	  1.16371e-10
546	  9.79129	  0.656281	  1.82229e-07	  1.78504e-09	  139404	  9.4033e-11
547	  9.79129	  0.718743	  1.82229e-07	  1.44652e-09	  139932	  7.61927e-11
548	  9.79129	  0.781255	  1.82229e-07	  1.17115e-09	  139980	  6.16879e-11
549	  9.79129	  0.843774	  1.82229e-07	  9.51504e-10	  139632	  5.01216e-11
550	  9.79129	  0.90628	  1.82229e-07	  7.95303e-10	  140088	  4.189e-11
551	  9.79129	  0.968758	  1.82229e-07	  7.09829e-10	  139623	  3.73911e-11
