#n	   k	      mu	    PL	    Pf	     w	     err  
0	  0.10472	  1	  0.00276739	  0.000601412	  3	  0.000377296
1	  0.20944	  1	  0.000983009	  0.000276287	  3	  0.000173329
2	  0.314159	  1	  0.000460441	  0.0001856	  3	  0.000116437
3	  0.418879	  1	  0.000258057	  9.61983e-05	  3	  6.035e-05
4	  0.523599	  1	  0.000163143	  1.5479e-05	  3	  9.71078e-06
5	  0.628319	  1	  0.000110542	  1.49619e-05	  3	  9.38633e-06
6	  0.733038	  1	  7.90303e-05	  1.666e-05	  3	  1.04517e-05
7	  0.837758	  1	  5.88269e-05	  2.59886e-05	  3	  1.6304e-05
8	  0.942478	  1	  4.51737e-05	  1.79468e-05	  3	  1.1259e-05
9	  0.10472	  0	  0.00276739	  0.000137865	  6	  6.31765e-05
10	  0.148096	  0.707107	  0.00175985	  0.000151211	  12	  5.12116e-05
11	  0.23416	  0.894427	  0.000778677	  0.000157617	  12	  5.33811e-05
12	  0.331153	  0.948683	  0.000416969	  0.000124414	  12	  4.2136e-05
13	  0.431771	  0.970143	  0.000242853	  3.71693e-05	  12	  1.25883e-05
14	  0.533968	  0.980581	  0.000156478	  2.17883e-05	  12	  7.37916e-06
15	  0.636985	  0.986394	  0.000107301	  2.14009e-05	  12	  7.24795e-06
16	  0.74048	  0.989949	  7.73204e-05	  1.74148e-05	  12	  5.89795e-06
17	  0.844278	  0.992278	  5.78037e-05	  1.94122e-05	  12	  6.57442e-06
18	  0.948278	  0.993884	  4.45448e-05	  7.21532e-06	  12	  2.44365e-06
19	  0.148096	  0	  0.00175985	  5.60389e-05	  6	  2.56797e-05
20	  0.18138	  0.57735	  0.0012485	  9.61806e-05	  12	  3.2574e-05
21	  0.25651	  0.816497	  0.000685318	  0.00010804	  12	  3.65906e-05
22	  0.347316	  0.904534	  0.000375577	  5.40652e-05	  12	  1.83105e-05
23	  0.444288	  0.942809	  0.000229579	  4.09459e-05	  12	  1.38674e-05
24	  0.54414	  0.96225	  0.000150265	  3.92062e-05	  12	  1.32782e-05
25	  0.645536	  0.973329	  0.000104283	  2.07551e-05	  12	  7.02924e-06
26	  0.747849	  0.980196	  7.56299e-05	  2.01876e-05	  12	  6.83705e-06
27	  0.850747	  0.984732	  5.6843e-05	  1.63583e-05	  12	  5.54015e-06
28	  0.954042	  0.987878	  4.39402e-05	  8.05606e-06	  12	  2.72839e-06
29	  0.20944	  0	  0.000983009	  5.29334e-05	  6	  2.42566e-05
30	  0.23416	  0.447214	  0.000778677	  5.93354e-05	  12	  2.00954e-05
31	  0.296192	  0.707107	  0.000507056	  5.21633e-05	  12	  1.76664e-05
32	  0.377572	  0.83205	  0.000319571	  3.78918e-05	  12	  1.2833e-05
33	  0.468321	  0.894427	  0.000205981	  6.39159e-05	  12	  2.16467e-05
34	  0.563933	  0.928477	  0.000139283	  1.84551e-05	  12	  6.2503e-06
35	  0.662306	  0.948683	  9.86289e-05	  1.90589e-05	  12	  6.45479e-06
36	  0.762371	  0.961524	  7.24968e-05	  1.64381e-05	  12	  5.56719e-06
37	  0.863541	  0.970143	  5.49714e-05	  1.46386e-05	  12	  4.95772e-06
38	  0.965468	  0.976187	  4.27761e-05	  1.17127e-05	  12	  3.9668e-06
39	  0.23416	  0	  0.000778677	  3.71151e-05	  12	  1.257e-05
40	  0.25651	  0.408248	  0.000685318	  5.305e-05	  24	  1.34813e-05
41	  0.314159	  0.666667	  0.000460441	  5.80736e-05	  24	  1.47579e-05
42	  0.391825	  0.801784	  0.000297534	  3.21329e-05	  24	  8.16575e-06
43	  0.479886	  0.872872	  0.000195499	  4.46537e-05	  24	  1.13476e-05
44	  0.573574	  0.912871	  0.00013443	  1.80989e-05	  24	  4.59936e-06
45	  0.670534	  0.937043	  9.6046e-05	  2.01279e-05	  24	  5.11498e-06
46	  0.76953	  0.952579	  7.10354e-05	  1.10572e-05	  24	  2.8099e-06
47	  0.869868	  0.963087	  5.40893e-05	  9.6407e-06	  24	  2.44994e-06
48	  0.971131	  0.970495	  4.22057e-05	  8.21566e-06	  24	  2.0878e-06
49	  0.296192	  0	  0.000507056	  2.2588e-05	  6	  1.03509e-05
50	  0.314159	  0.333333	  0.000460441	  2.76281e-05	  12	  9.35695e-06
51	  0.36276	  0.57735	  0.000343765	  3.6514e-05	  12	  1.23664e-05
52	  0.431771	  0.727607	  0.000242853	  3.56836e-05	  12	  1.20852e-05
53	  0.51302	  0.816497	  0.000170244	  2.77253e-05	  12	  9.38986e-06
54	  0.601569	  0.870388	  0.000121384	  2.25217e-05	  12	  7.62755e-06
55	  0.694632	  0.904534	  8.89354e-05	  1.65261e-05	  12	  5.59698e-06
56	  0.790617	  0.927173	  6.69054e-05	  1.39641e-05	  12	  4.72929e-06
57	  0.888577	  0.942809	  5.15706e-05	  9.43903e-06	  12	  3.19677e-06
58	  0.987924	  0.953998	  4.06016e-05	  5.74382e-06	  12	  1.94529e-06
59	  0.314159	  0	  0.000460441	  3.30345e-05	  6	  1.5138e-05
60	  0.331153	  0.316228	  0.000416969	  3.94586e-05	  12	  1.33637e-05
61	  0.377572	  0.5547	  0.000319571	  3.0566e-05	  12	  1.0352e-05
62	  0.444288	  0.707107	  0.000229579	  1.64699e-05	  12	  5.57795e-06
63	  0.523599	  0.8	  0.000163143	  2.17044e-05	  12	  7.35075e-06
64	  0.610616	  0.857493	  0.000117549	  1.98876e-05	  12	  6.73545e-06
65	  0.702481	  0.894427	  8.67717e-05	  1.20654e-05	  12	  4.08626e-06
66	  0.797522	  0.919145	  6.56259e-05	  1.83544e-05	  12	  6.21617e-06
67	  0.894726	  0.936329	  5.07646e-05	  1.60069e-05	  12	  5.42115e-06
68	  0.993459	  0.948683	  4.00947e-05	  9.22783e-06	  12	  3.12524e-06
69	  0.331153	  0	  0.000416969	  3.61377e-05	  12	  1.22389e-05
70	  0.347316	  0.301511	  0.000375577	  1.23041e-05	  24	  3.12677e-06
71	  0.391825	  0.534522	  0.000297534	  2.20338e-05	  24	  5.59932e-06
72	  0.456463	  0.688247	  0.000217407	  2.31689e-05	  24	  5.88778e-06
73	  0.533968	  0.784465	  0.000156478	  1.75417e-05	  24	  4.45776e-06
74	  0.61953	  0.845154	  0.000113955	  1.81789e-05	  24	  4.61971e-06
75	  0.710244	  0.884652	  8.47248e-05	  1.69448e-05	  24	  4.30609e-06
76	  0.804368	  0.911322	  6.43985e-05	  8.57521e-06	  24	  2.17917e-06
77	  0.900833	  0.929981	  5.00066e-05	  8.68175e-06	  24	  2.20624e-06
78	  0.998963	  0.943456	  3.9601e-05	  9.07218e-06	  24	  2.30546e-06
79	  0.377572	  0	  0.000319571	  1.57721e-05	  12	  5.3416e-06
80	  0.391825	  0.267261	  0.000297534	  1.34098e-05	  24	  3.40775e-06
81	  0.431771	  0.485071	  0.000242853	  2.6031e-05	  24	  6.6151e-06
82	  0.491179	  0.639602	  0.000186145	  1.28311e-05	  24	  3.26069e-06
83	  0.563933	  0.742781	  0.000139283	  1.93266e-05	  24	  4.91135e-06
84	  0.645536	  0.811107	  0.000104283	  1.57583e-05	  24	  4.00457e-06
85	  0.733038	  0.857143	  7.90303e-05	  1.14028e-05	  24	  2.89772e-06
86	  0.824564	  0.889001	  6.09362e-05	  7.11866e-06	  24	  1.80902e-06
87	  0.918912	  0.911685	  4.7822e-05	  6.43103e-06	  24	  1.63428e-06
88	  0.418879	  0	  0.000258057	  1.66513e-05	  6	  7.63045e-06
89	  0.431771	  0.242536	  0.000242853	  1.35357e-05	  12	  4.58421e-06
90	  0.468321	  0.447214	  0.000205981	  2.18566e-05	  12	  7.40228e-06
91	  0.523599	  0.6	  0.000163143	  1.30633e-05	  12	  4.42421e-06
92	  0.592384	  0.707107	  0.000125493	  2.7261e-05	  12	  9.23262e-06
93	  0.670534	  0.780869	  9.6046e-05	  9.23734e-06	  12	  3.12846e-06
94	  0.755145	  0.83205	  7.40547e-05	  1.09343e-05	  12	  3.70318e-06
95	  0.844278	  0.868243	  5.78037e-05	  1.09617e-05	  12	  3.71246e-06
96	  0.936642	  0.894427	  4.58065e-05	  8.98541e-06	  12	  3.04314e-06
97	  0.431771	  0	  0.000242853	  1.18849e-05	  12	  4.02513e-06
98	  0.444288	  0.235702	  0.000229579	  8.37469e-06	  24	  2.12821e-06
99	  0.479886	  0.436436	  0.000195499	  1.67899e-05	  24	  4.26672e-06
100	  0.533968	  0.588348	  0.000156478	  1.31384e-05	  24	  3.33878e-06
101	  0.601569	  0.696311	  0.000121384	  1.18871e-05	  24	  3.02081e-06
102	  0.678662	  0.771517	  9.3549e-05	  1.04399e-05	  24	  2.65304e-06
103	  0.762371	  0.824163	  7.24968e-05	  1.00696e-05	  24	  2.55894e-06
104	  0.850747	  0.86164	  5.6843e-05	  1.00181e-05	  24	  2.54585e-06
105	  0.942478	  0.888889	  4.51737e-05	  7.58761e-06	  24	  1.92819e-06
106	  0.444288	  0	  0.000229579	  7.07856e-06	  6	  3.24374e-06
107	  0.456463	  0.229416	  0.000217407	  1.29251e-05	  12	  4.37739e-06
108	  0.491179	  0.426401	  0.000186145	  6.82881e-06	  12	  2.31275e-06
109	  0.54414	  0.57735	  0.000150265	  7.35779e-06	  12	  2.4919e-06
110	  0.610616	  0.685994	  0.000117549	  6.38518e-06	  12	  2.1625e-06
111	  0.686693	  0.762493	  9.11917e-05	  5.6843e-06	  12	  1.92513e-06
112	  0.76953	  0.816497	  7.10354e-05	  9.23595e-06	  12	  3.12799e-06
113	  0.857168	  0.855186	  5.58895e-05	  1.07078e-05	  12	  3.62648e-06
114	  0.948278	  0.883452	  4.45448e-05	  8.73947e-06	  12	  2.95984e-06
115	  0.468321	  0	  0.000205981	  1.31775e-05	  12	  4.46289e-06
116	  0.479886	  0.218218	  0.000195499	  1.33651e-05	  24	  3.3964e-06
117	  0.51302	  0.408248	  0.000170244	  9.91544e-06	  24	  2.51975e-06
118	  0.563933	  0.557086	  0.000139283	  1.27251e-05	  24	  3.23376e-06
119	  0.628319	  0.666667	  0.000110542	  1.27317e-05	  24	  3.23544e-06
120	  0.702481	  0.745356	  8.67717e-05	  1.21391e-05	  24	  3.08485e-06
121	  0.783651	  0.801784	  6.82336e-05	  7.23504e-06	  24	  1.8386e-06
122	  0.869868	  0.842701	  5.40893e-05	  9.8779e-06	  24	  2.51021e-06
123	  0.959772	  0.872872	  4.33564e-05	  8.90364e-06	  24	  2.26263e-06
124	  0.523599	  0	  0.000163143	  7.0189e-06	  18	  2.00532e-06
125	  0.533968	  0.196116	  0.000156478	  6.73623e-06	  36	  1.45952e-06
126	  0.563933	  0.371391	  0.000139283	  8.97153e-06	  36	  1.94383e-06
127	  0.610616	  0.514496	  0.000117549	  7.93898e-06	  36	  1.72011e-06
128	  0.670534	  0.624695	  9.6046e-05	  8.64724e-06	  36	  1.87357e-06
129	  0.74048	  0.707107	  7.73204e-05	  8.7595e-06	  36	  1.89789e-06
130	  0.817887	  0.768221	  6.2059e-05	  7.54861e-06	  36	  1.63553e-06
131	  0.900833	  0.813733	  5.00066e-05	  7.88365e-06	  36	  1.70812e-06
132	  0.987924	  0.847998	  4.06016e-05	  6.6519e-06	  36	  1.44125e-06
133	  0.533968	  0	  0.000156478	  5.64479e-06	  12	  1.91175e-06
134	  0.54414	  0.19245	  0.000150265	  9.28564e-06	  24	  2.3597e-06
135	  0.573574	  0.365148	  0.00013443	  5.9174e-06	  24	  1.50376e-06
136	  0.61953	  0.507093	  0.000113955	  8.72174e-06	  24	  2.21641e-06
137	  0.678662	  0.617213	  9.3549e-05	  7.35536e-06	  24	  1.86917e-06
138	  0.747849	  0.70014	  7.56299e-05	  1.30658e-05	  24	  3.32033e-06
139	  0.824564	  0.762001	  6.09362e-05	  7.18397e-06	  24	  1.82562e-06
140	  0.9069	  0.80829	  4.92601e-05	  6.21196e-06	  24	  1.57861e-06
141	  0.993459	  0.843274	  4.00947e-05	  7.08636e-06	  24	  1.80081e-06
142	  0.563933	  0	  0.000139283	  4.65344e-06	  12	  1.576e-06
143	  0.573574	  0.182574	  0.00013443	  5.08453e-06	  24	  1.2921e-06
144	  0.601569	  0.348155	  0.000121384	  6.57909e-06	  24	  1.67191e-06
145	  0.645536	  0.486664	  0.000104283	  9.37638e-06	  24	  2.38276e-06
146	  0.702481	  0.596285	  8.67717e-05	  7.67019e-06	  24	  1.94918e-06
147	  0.76953	  0.680414	  7.10354e-05	  8.4581e-06	  24	  2.14941e-06
148	  0.844278	  0.744208	  5.78037e-05	  8.40425e-06	  24	  2.13572e-06
149	  0.92486	  0.792594	  4.71351e-05	  6.17657e-06	  24	  1.56962e-06
150	  0.592384	  0	  0.000125493	  9.29708e-06	  6	  4.26037e-06
151	  0.601569	  0.174078	  0.000121384	  6.9847e-06	  12	  2.36554e-06
152	  0.628319	  0.333333	  0.000110542	  6.50706e-06	  12	  2.20378e-06
153	  0.670534	  0.468521	  9.6046e-05	  8.043e-06	  12	  2.72396e-06
154	  0.72552	  0.57735	  8.08652e-05	  9.66808e-06	  12	  3.27434e-06
155	  0.790617	  0.662266	  6.69054e-05	  1.0427e-05	  12	  3.53137e-06
156	  0.863541	  0.727607	  5.49714e-05	  3.86333e-06	  12	  1.30841e-06
157	  0.942478	  0.777778	  4.51737e-05	  7.01435e-06	  12	  2.37558e-06
158	  0.610616	  0	  0.000117549	  7.53223e-06	  12	  2.55098e-06
159	  0.61953	  0.169031	  0.000113955	  6.88447e-06	  24	  1.74951e-06
160	  0.645536	  0.324443	  0.000104283	  7.47392e-06	  24	  1.8993e-06
161	  0.686693	  0.457496	  9.11917e-05	  4.02759e-06	  24	  1.02351e-06
162	  0.74048	  0.565685	  7.73204e-05	  7.16316e-06	  24	  1.82033e-06
163	  0.804368	  0.650945	  6.43985e-05	  5.39672e-06	  24	  1.37144e-06
164	  0.876148	  0.717137	  5.32135e-05	  6.65292e-06	  24	  1.69067e-06
165	  0.954042	  0.76835	  4.39402e-05	  5.77088e-06	  24	  1.46652e-06
166	  0.628319	  0	  0.000110542	  2.02147e-06	  6	  9.26336e-07
167	  0.636985	  0.164399	  0.000107301	  6.44974e-06	  12	  2.18437e-06
168	  0.662306	  0.316228	  9.86289e-05	  5.79935e-06	  12	  1.9641e-06
169	  0.702481	  0.447214	  8.67717e-05	  4.33263e-06	  12	  1.46736e-06
170	  0.755145	  0.5547	  7.40547e-05	  3.22858e-06	  12	  1.09344e-06
171	  0.817887	  0.640184	  6.2059e-05	  5.55549e-06	  12	  1.88151e-06
172	  0.888577	  0.707107	  5.15706e-05	  6.82242e-06	  12	  2.31058e-06
173	  0.965468	  0.759257	  4.27761e-05	  5.62348e-06	  12	  1.90453e-06
174	  0.636985	  0	  0.000107301	  6.26679e-06	  12	  2.1224e-06
175	  0.645536	  0.162221	  0.000104283	  5.17546e-06	  24	  1.31521e-06
176	  0.670534	  0.312348	  9.6046e-05	  7.09805e-06	  24	  1.80378e-06
177	  0.710244	  0.442326	  8.47248e-05	  8.06471e-06	  24	  2.04944e-06
178	  0.762371	  0.549442	  7.24968e-05	  6.93663e-06	  24	  1.76276e-06
179	  0.824564	  0.635001	  6.09362e-05	  6.40063e-06	  24	  1.62656e-06
180	  0.894726	  0.702247	  5.07646e-05	  7.27418e-06	  24	  1.84855e-06
181	  0.971131	  0.754829	  4.22057e-05	  4.59168e-06	  24	  1.16686e-06
182	  0.662306	  0	  9.86289e-05	  4.52835e-06	  12	  1.53364e-06
183	  0.670534	  0.156174	  9.6046e-05	  6.38146e-06	  24	  1.62168e-06
184	  0.694632	  0.301511	  8.89354e-05	  5.03592e-06	  24	  1.27975e-06
185	  0.733038	  0.428571	  7.90303e-05	  5.13948e-06	  24	  1.30606e-06
186	  0.783651	  0.534522	  6.82336e-05	  4.58739e-06	  24	  1.16577e-06
187	  0.844278	  0.620174	  5.78037e-05	  5.68e-06	  24	  1.44343e-06
188	  0.912926	  0.688247	  4.85186e-05	  6.28947e-06	  24	  1.59831e-06
189	  0.987924	  0.741999	  4.06016e-05	  4.30779e-06	  24	  1.09471e-06
190	  0.670534	  0	  9.6046e-05	  2.61121e-06	  12	  8.8435e-07
191	  0.678662	  0.154303	  9.3549e-05	  3.28892e-06	  24	  8.35794e-07
192	  0.702481	  0.298142	  8.67717e-05	  5.07045e-06	  24	  1.28852e-06
193	  0.74048	  0.424264	  7.73204e-05	  5.87204e-06	  24	  1.49223e-06
194	  0.790617	  0.529813	  6.69054e-05	  5.89688e-06	  24	  1.49854e-06
195	  0.850747	  0.615457	  5.6843e-05	  4.90025e-06	  24	  1.24527e-06
196	  0.918912	  0.683763	  4.7822e-05	  5.68513e-06	  24	  1.44473e-06
197	  0.993459	  0.737865	  4.00947e-05	  5.04973e-06	  24	  1.28326e-06
198	  0.702481	  0	  8.67717e-05	  3.0215e-06	  12	  1.02331e-06
199	  0.710244	  0.147442	  8.47248e-05	  5.64282e-06	  24	  1.43398e-06
200	  0.733038	  0.285714	  7.90303e-05	  3.98837e-06	  24	  1.01354e-06
201	  0.76953	  0.408248	  7.10354e-05	  4.19647e-06	  24	  1.06642e-06
202	  0.817887	  0.512148	  6.2059e-05	  4.60389e-06	  24	  1.16996e-06
203	  0.876148	  0.597614	  5.32135e-05	  3.13583e-06	  24	  7.96891e-07
204	  0.942478	  0.666667	  4.51737e-05	  5.90497e-06	  24	  1.5006e-06
205	  0.733038	  0	  7.90303e-05	  4.29702e-06	  6	  1.9691e-06
206	  0.74048	  0.141421	  7.73204e-05	  4.6308e-06	  12	  1.56834e-06
207	  0.762371	  0.274721	  7.24968e-05	  5.56069e-06	  12	  1.88327e-06
208	  0.797522	  0.393919	  6.56259e-05	  6.07335e-06	  12	  2.05689e-06
209	  0.844278	  0.496139	  5.78037e-05	  3.85827e-06	  12	  1.3067e-06
210	  0.900833	  0.581238	  5.00066e-05	  4.04593e-06	  12	  1.37026e-06
211	  0.965468	  0.650791	  4.27761e-05	  3.05667e-06	  12	  1.03522e-06
212	  0.74048	  0	  7.73204e-05	  4.43973e-06	  18	  1.26844e-06
213	  0.747849	  0.140028	  7.56299e-05	  5.53044e-06	  36	  1.19826e-06
214	  0.76953	  0.272166	  7.10354e-05	  3.73902e-06	  36	  8.1012e-07
215	  0.804368	  0.390567	  6.43985e-05	  4.3004e-06	  36	  9.31754e-07
216	  0.850747	  0.492366	  5.6843e-05	  4.72259e-06	  36	  1.02323e-06
217	  0.9069	  0.57735	  4.92601e-05	  4.70648e-06	  36	  1.01974e-06
218	  0.971131	  0.646997	  4.22057e-05	  6.0352e-06	  36	  1.30763e-06
219	  0.755145	  0	  7.40547e-05	  3.54721e-06	  12	  1.20135e-06
220	  0.762371	  0.137361	  7.24968e-05	  4.74985e-06	  24	  1.20705e-06
221	  0.783651	  0.267261	  6.82336e-05	  3.16078e-06	  24	  8.0323e-07
222	  0.817887	  0.384111	  6.2059e-05	  3.85786e-06	  24	  9.80376e-07
223	  0.863541	  0.485071	  5.49714e-05	  2.77979e-06	  24	  7.06411e-07
224	  0.918912	  0.569803	  4.7822e-05	  3.30281e-06	  24	  8.39323e-07
225	  0.982358	  0.639602	  4.11333e-05	  4.13984e-06	  24	  1.05203e-06
226	  0.762371	  0	  7.24968e-05	  3.96882e-06	  12	  1.34414e-06
227	  0.76953	  0.136083	  7.10354e-05	  3.27599e-06	  24	  8.32509e-07
228	  0.790617	  0.264906	  6.69054e-05	  5.68871e-06	  24	  1.44564e-06
229	  0.824564	  0.381	  6.09362e-05	  2.14734e-06	  24	  5.45692e-07
230	  0.869868	  0.481543	  5.40893e-05	  4.04949e-06	  24	  1.02907e-06
231	  0.92486	  0.566139	  4.71351e-05	  4.09822e-06	  24	  1.04146e-06
232	  0.987924	  0.635999	  4.06016e-05	  2.89568e-06	  24	  7.35863e-07
233	  0.797522	  0	  6.56259e-05	  4.23964e-06	  12	  1.43586e-06
234	  0.804368	  0.130189	  6.43985e-05	  2.76548e-06	  24	  7.02776e-07
235	  0.824564	  0.254	  6.09362e-05	  2.04043e-06	  24	  5.18522e-07
236	  0.857168	  0.366508	  5.58895e-05	  3.20831e-06	  24	  8.15309e-07
237	  0.900833	  0.464991	  5.00066e-05	  4.06344e-06	  24	  1.03262e-06
238	  0.954042	  0.548821	  4.39402e-05	  4.82256e-06	  24	  1.22553e-06
239	  0.817887	  0	  6.2059e-05	  2.77781e-06	  12	  9.40776e-07
240	  0.824564	  0.127	  6.09362e-05	  3.1038e-06	  24	  7.88752e-07
241	  0.844278	  0.248069	  5.78037e-05	  3.25136e-06	  24	  8.2625e-07
242	  0.876148	  0.358569	  5.32135e-05	  3.1912e-06	  24	  8.10962e-07
243	  0.918912	  0.455842	  4.7822e-05	  2.90426e-06	  24	  7.38043e-07
244	  0.971131	  0.539164	  4.22057e-05	  4.50691e-06	  24	  1.14531e-06
245	  0.837758	  0	  5.88269e-05	  1.81503e-06	  6	  8.31736e-07
246	  0.844278	  0.124035	  5.78037e-05	  2.43178e-06	  12	  8.23584e-07
247	  0.863541	  0.242536	  5.49714e-05	  2.70071e-06	  12	  9.14663e-07
248	  0.894726	  0.351123	  5.07646e-05	  3.9076e-06	  12	  1.32341e-06
249	  0.936642	  0.447214	  4.58065e-05	  3.93447e-06	  12	  1.33251e-06
250	  0.987924	  0.529999	  4.06016e-05	  4.54552e-06	  12	  1.53945e-06
251	  0.844278	  0	  5.78037e-05	  2.09565e-06	  24	  5.32556e-07
252	  0.850747	  0.123091	  5.6843e-05	  3.26116e-06	  48	  6.33765e-07
253	  0.869868	  0.240772	  5.40893e-05	  3.1321e-06	  48	  6.08684e-07
254	  0.900833	  0.348743	  5.00066e-05	  3.30773e-06	  48	  6.42817e-07
255	  0.942478	  0.444444	  4.51737e-05	  3.62598e-06	  48	  7.04664e-07
256	  0.993459	  0.527046	  4.00947e-05	  3.7878e-06	  48	  7.36111e-07
257	  0.863541	  0	  5.49714e-05	  2.70751e-06	  12	  9.16965e-07
258	  0.869868	  0.120386	  5.40893e-05	  2.89735e-06	  24	  7.36287e-07
259	  0.888577	  0.235702	  5.15706e-05	  3.71763e-06	  24	  9.4474e-07
260	  0.918912	  0.341882	  4.7822e-05	  2.81392e-06	  24	  7.15086e-07
261	  0.959772	  0.436436	  4.33564e-05	  3.43263e-06	  24	  8.72315e-07
262	  0.888577	  0	  5.15706e-05	  1.67504e-06	  6	  7.67583e-07
263	  0.894726	  0.117041	  5.07646e-05	  3.21086e-06	  12	  1.08744e-06
264	  0.912926	  0.229416	  4.85186e-05	  3.39451e-06	  12	  1.14964e-06
265	  0.942478	  0.333333	  4.51737e-05	  3.86465e-06	  12	  1.30886e-06
266	  0.982358	  0.426401	  4.11333e-05	  2.56767e-06	  12	  8.69605e-07
267	  0.894726	  0	  5.07646e-05	  2.94829e-06	  12	  9.98512e-07
268	  0.900833	  0.116248	  5.00066e-05	  2.45184e-06	  24	  6.23072e-07
269	  0.918912	  0.227921	  4.7822e-05	  2.78797e-06	  24	  7.08491e-07
270	  0.948278	  0.331295	  4.45448e-05	  4.54346e-06	  24	  1.1546e-06
271	  0.987924	  0.423999	  4.06016e-05	  2.86146e-06	  24	  7.27167e-07
272	  0.900833	  0	  5.00066e-05	  3.42589e-06	  12	  1.16026e-06
273	  0.9069	  0.11547	  4.92601e-05	  2.49167e-06	  24	  6.33192e-07
274	  0.92486	  0.226455	  4.71351e-05	  1.62539e-06	  24	  4.13051e-07
275	  0.954042	  0.329293	  4.39402e-05	  3.44592e-06	  24	  8.75692e-07
276	  0.993459	  0.421637	  4.00947e-05	  2.62348e-06	  24	  6.6669e-07
277	  0.936642	  0	  4.58065e-05	  2.65698e-06	  12	  8.99853e-07
278	  0.942478	  0.111111	  4.51737e-05	  2.69272e-06	  24	  6.84286e-07
279	  0.959772	  0.218218	  4.33564e-05	  2.36818e-06	  24	  6.01811e-07
280	  0.987924	  0.317999	  4.06016e-05	  2.29942e-06	  24	  5.84338e-07
281	  0.942478	  0	  4.51737e-05	  5.52762e-06	  6	  2.53302e-06
282	  0.948278	  0.110432	  4.45448e-05	  2.78334e-06	  12	  9.42647e-07
283	  0.965468	  0.21693	  4.27761e-05	  4.35615e-06	  12	  1.47532e-06
284	  0.993459	  0.316228	  4.00947e-05	  1.8744e-06	  12	  6.34811e-07
285	  0.948278	  0	  4.45448e-05	  2.35931e-06	  12	  7.99039e-07
286	  0.954042	  0.109764	  4.39402e-05	  2.86676e-06	  24	  7.28514e-07
287	  0.971131	  0.215666	  4.22057e-05	  2.121e-06	  24	  5.38997e-07
288	  0.998963	  0.314485	  3.9601e-05	  3.77625e-06	  24	  9.59636e-07
289	  0.965468	  0	  4.27761e-05	  2.92877e-06	  24	  7.44272e-07
290	  0.971131	  0.107833	  4.22057e-05	  2.10545e-06	  48	  4.09169e-07
291	  0.987924	  0.212	  4.06016e-05	  1.82436e-06	  48	  3.54543e-07
292	  0.987924	  0	  4.06016e-05	  1.9221e-06	  12	  6.50967e-07
293	  0.993459	  0.105409	  4.00947e-05	  2.91968e-06	  24	  7.41961e-07
294	  0.993459	  0	  4.00947e-05	  1.62715e-06	  12	  5.51077e-07
295	  0.998963	  0.104828	  3.9601e-05	  2.51573e-06	  24	  6.39307e-07
296	  1.08818	  0.030936	  3.259e-05	  1.71516e-06	  138	  2.31762e-07
297	  1.08818	  0.0938307	  3.259e-05	  1.76868e-06	  252	  1.99851e-07
298	  1.08818	  0.156319	  3.259e-05	  1.37395e-06	  72	  2.3062e-07
299	  1.08818	  0.218712	  3.259e-05	  2.03018e-06	  216	  2.39645e-07
300	  1.08818	  0.281224	  3.259e-05	  1.91491e-06	  288	  2.08583e-07
301	  1.08818	  0.343807	  3.259e-05	  1.81373e-06	  120	  2.56257e-07
302	  1.08818	  0.406302	  3.259e-05	  2.44724e-06	  180	  3.04768e-07
303	  1.08818	  0.468745	  3.259e-05	  2.61386e-06	  180	  3.25519e-07
304	  1.08818	  0.531226	  3.259e-05	  2.32036e-06	  192	  2.83476e-07
305	  1.08818	  0.593785	  3.259e-05	  3.24067e-06	  192	  3.95909e-07
306	  1.08818	  0.656281	  3.259e-05	  3.17169e-06	  168	  4.03286e-07
307	  1.08818	  0.718743	  3.259e-05	  3.74823e-06	  228	  4.35644e-07
308	  1.08818	  0.781255	  3.259e-05	  4.11537e-06	  144	  5.48716e-07
309	  1.08818	  0.843774	  3.259e-05	  4.52007e-06	  240	  5.17772e-07
310	  1.08818	  0.90628	  3.259e-05	  5.25444e-06	  168	  6.6811e-07
311	  1.08818	  0.968758	  3.259e-05	  5.98423e-06	  150	  7.87822e-07
312	  1.25577	  0.030936	  2.34401e-05	  1.4947e-06	  198	  1.80959e-07
313	  1.25577	  0.0938307	  2.34401e-05	  1.35557e-06	  396	  1.35899e-07
314	  1.25577	  0.156319	  2.34401e-05	  1.3123e-06	  396	  1.3156e-07
315	  1.25577	  0.218712	  2.34401e-05	  1.14271e-06	  204	  1.37142e-07
316	  1.25577	  0.281224	  2.34401e-05	  1.59981e-06	  216	  1.88843e-07
317	  1.25577	  0.343807	  2.34401e-05	  1.34365e-06	  372	  1.36847e-07
318	  1.25577	  0.406302	  2.34401e-05	  1.56244e-06	  312	  1.66577e-07
319	  1.25577	  0.468745	  2.34401e-05	  1.79301e-06	  288	  1.95305e-07
320	  1.25577	  0.531226	  2.34401e-05	  1.92659e-06	  264	  2.14903e-07
321	  1.25577	  0.593785	  2.34401e-05	  2.2793e-06	  312	  2.43005e-07
322	  1.25577	  0.656281	  2.34401e-05	  2.29977e-06	  276	  2.53419e-07
323	  1.25577	  0.718743	  2.34401e-05	  2.94461e-06	  312	  3.13937e-07
324	  1.25577	  0.781255	  2.34401e-05	  2.93719e-06	  276	  3.23657e-07
325	  1.25577	  0.843774	  2.34401e-05	  3.60239e-06	  240	  4.12653e-07
326	  1.25577	  0.90628	  2.34401e-05	  3.60245e-06	  324	  3.80258e-07
327	  1.25577	  0.968758	  2.34401e-05	  4.11914e-06	  315	  4.38044e-07
328	  1.45182	  0.030936	  1.67209e-05	  1.05191e-06	  246	  1.19663e-07
329	  1.45182	  0.0938307	  1.67209e-05	  9.48941e-07	  516	  8.92219e-08
330	  1.45182	  0.156319	  1.67209e-05	  9.60024e-07	  504	  9.0764e-08
331	  1.45182	  0.218712	  1.67209e-05	  1.08556e-06	  528	  1.01521e-07
332	  1.45182	  0.281224	  1.67209e-05	  1.02085e-06	  504	  9.65146e-08
333	  1.45182	  0.343807	  1.67209e-05	  1.27549e-06	  384	  1.28864e-07
334	  1.45182	  0.406302	  1.67209e-05	  1.21599e-06	  420	  1.20134e-07
335	  1.45182	  0.468745	  1.67209e-05	  1.38196e-06	  468	  1.3298e-07
336	  1.45182	  0.531226	  1.67209e-05	  1.32496e-06	  480	  1.26724e-07
337	  1.45182	  0.593785	  1.67209e-05	  1.9068e-06	  468	  1.83482e-07
338	  1.45182	  0.656281	  1.67209e-05	  1.68555e-06	  396	  1.6898e-07
339	  1.45182	  0.718743	  1.67209e-05	  1.82613e-06	  456	  1.76823e-07
340	  1.45182	  0.781255	  1.67209e-05	  2.18483e-06	  432	  2.14359e-07
341	  1.45182	  0.843774	  1.67209e-05	  2.25993e-06	  480	  2.16148e-07
342	  1.45182	  0.90628	  1.67209e-05	  2.59467e-06	  480	  2.48164e-07
343	  1.45182	  0.968758	  1.67209e-05	  2.83605e-06	  414	  2.81186e-07
344	  1.68148	  0.030936	  1.18352e-05	  6.8904e-07	  798	  5.88438e-08
345	  1.68148	  0.0938307	  1.18352e-05	  6.96007e-07	  708	  6.09579e-08
346	  1.68148	  0.156319	  1.18352e-05	  7.18294e-07	  684	  6.33794e-08
347	  1.68148	  0.218712	  1.18352e-05	  7.36593e-07	  720	  6.42809e-08
348	  1.68148	  0.281224	  1.18352e-05	  7.63068e-07	  708	  6.68312e-08
349	  1.68148	  0.343807	  1.18352e-05	  8.11809e-07	  720	  7.08448e-08
350	  1.68148	  0.406302	  1.18352e-05	  8.01277e-07	  672	  7.09738e-08
351	  1.68148	  0.468745	  1.18352e-05	  9.0777e-07	  732	  7.89407e-08
352	  1.68148	  0.531226	  1.18352e-05	  1.02231e-06	  672	  9.0552e-08
353	  1.68148	  0.593785	  1.18352e-05	  1.07762e-06	  708	  9.43803e-08
354	  1.68148	  0.656281	  1.18352e-05	  1.12535e-06	  744	  9.75249e-08
355	  1.68148	  0.718743	  1.18352e-05	  1.28549e-06	  744	  1.11403e-07
356	  1.68148	  0.781255	  1.18352e-05	  1.49377e-06	  696	  1.3131e-07
357	  1.68148	  0.843774	  1.18352e-05	  1.61205e-06	  708	  1.41187e-07
358	  1.68148	  0.90628	  1.18352e-05	  1.67033e-06	  696	  1.4683e-07
359	  1.68148	  0.968758	  1.18352e-05	  1.83677e-06	  741	  1.59314e-07
360	  1.94819	  0.030936	  8.33561e-06	  5.05733e-07	  1368	  3.89601e-08
361	  1.94819	  0.0938307	  8.33561e-06	  5.03716e-07	  924	  4.17569e-08
362	  1.94819	  0.156319	  8.33561e-06	  5.18459e-07	  972	  4.25526e-08
363	  1.94819	  0.218712	  8.33561e-06	  5.04078e-07	  972	  4.13722e-08
364	  1.94819	  0.281224	  8.33561e-06	  5.34893e-07	  1200	  4.21857e-08
365	  1.94819	  0.343807	  8.33561e-06	  5.71635e-07	  1140	  4.55121e-08
366	  1.94819	  0.406302	  8.33561e-06	  5.94907e-07	  1080	  4.78478e-08
367	  1.94819	  0.468745	  8.33561e-06	  6.48591e-07	  1068	  5.22761e-08
368	  1.94819	  0.531226	  8.33561e-06	  6.78286e-07	  1164	  5.37952e-08
369	  1.94819	  0.593785	  8.33561e-06	  7.56925e-07	  1188	  5.98069e-08
370	  1.94819	  0.656281	  8.33561e-06	  8.18474e-07	  1068	  6.59686e-08
371	  1.94819	  0.718743	  8.33561e-06	  8.9619e-07	  1008	  7.30368e-08
372	  1.94819	  0.781255	  8.33561e-06	  9.22987e-07	  1164	  7.32026e-08
373	  1.94819	  0.843774	  8.33561e-06	  1.05303e-06	  1176	  8.33587e-08
374	  1.94819	  0.90628	  8.33561e-06	  1.08064e-06	  1080	  8.69151e-08
375	  1.94819	  0.968758	  8.33561e-06	  1.13263e-06	  1038	  9.17869e-08
376	  2.25604	  0.030936	  5.85898e-06	  3.68183e-07	  1896	  2.68647e-08
377	  2.25604	  0.0938307	  5.85898e-06	  3.88904e-07	  1272	  3.03495e-08
378	  2.25604	  0.156319	  5.85898e-06	  3.68603e-07	  2040	  2.65911e-08
379	  2.25604	  0.218712	  5.85898e-06	  3.8488e-07	  1740	  2.84708e-08
380	  2.25604	  0.281224	  5.85898e-06	  3.95176e-07	  1584	  2.9688e-08
381	  2.25604	  0.343807	  5.85898e-06	  4.17912e-07	  1764	  3.08459e-08
382	  2.25604	  0.406302	  5.85898e-06	  4.29616e-07	  1632	  3.21154e-08
383	  2.25604	  0.468745	  5.85898e-06	  4.57174e-07	  1860	  3.34592e-08
384	  2.25604	  0.531226	  5.85898e-06	  4.80273e-07	  1560	  3.61734e-08
385	  2.25604	  0.593785	  5.85898e-06	  4.99715e-07	  1692	  3.71343e-08
386	  2.25604	  0.656281	  5.85898e-06	  5.74597e-07	  1704	  4.26495e-08
387	  2.25604	  0.718743	  5.85898e-06	  5.8611e-07	  1824	  4.30291e-08
388	  2.25604	  0.781255	  5.85898e-06	  6.1902e-07	  1668	  4.61077e-08
389	  2.25604	  0.843774	  5.85898e-06	  7.21691e-07	  1680	  5.3692e-08
390	  2.25604	  0.90628	  5.85898e-06	  7.1778e-07	  1776	  5.29212e-08
391	  2.25604	  0.968758	  5.85898e-06	  7.74423e-07	  1656	  5.77515e-08
392	  2.61216	  0.030936	  4.10705e-06	  2.70072e-07	  2586	  1.88145e-08
393	  2.61216	  0.0938307	  4.10705e-06	  2.67684e-07	  3036	  1.82424e-08
394	  2.61216	  0.156319	  4.10705e-06	  2.76473e-07	  2124	  1.98226e-08
395	  2.61216	  0.218712	  4.10705e-06	  2.70825e-07	  2940	  1.8536e-08
396	  2.61216	  0.281224	  4.10705e-06	  2.84155e-07	  2616	  1.97634e-08
397	  2.61216	  0.343807	  4.10705e-06	  2.90535e-07	  2448	  2.03988e-08
398	  2.61216	  0.406302	  4.10705e-06	  3.06965e-07	  2916	  2.10328e-08
399	  2.61216	  0.468745	  4.10705e-06	  3.09062e-07	  2544	  2.15806e-08
400	  2.61216	  0.531226	  4.10705e-06	  3.42646e-07	  2652	  2.37859e-08
401	  2.61216	  0.593785	  4.10705e-06	  3.53311e-07	  2748	  2.44054e-08
402	  2.61216	  0.656281	  4.10705e-06	  3.80007e-07	  2676	  2.63463e-08
403	  2.61216	  0.718743	  4.10705e-06	  3.97052e-07	  2472	  2.78385e-08
404	  2.61216	  0.781255	  4.10705e-06	  4.19279e-07	  2616	  2.91615e-08
405	  2.61216	  0.843774	  4.10705e-06	  4.44506e-07	  2736	  3.07234e-08
406	  2.61216	  0.90628	  4.10705e-06	  4.77755e-07	  2568	  3.33155e-08
407	  2.61216	  0.968758	  4.10705e-06	  4.74251e-07	  2745	  3.27644e-08
408	  3.02645	  0.030936	  2.86472e-06	  1.90135e-07	  3414	  1.27609e-08
409	  3.02645	  0.0938307	  2.86472e-06	  1.95326e-07	  4512	  1.26742e-08
410	  3.02645	  0.156319	  2.86472e-06	  1.92109e-07	  4632	  1.24282e-08
411	  3.02645	  0.218712	  2.86472e-06	  1.91697e-07	  3972	  1.26265e-08
412	  3.02645	  0.281224	  2.86472e-06	  1.95291e-07	  4176	  1.27866e-08
413	  3.02645	  0.343807	  2.86472e-06	  2.05363e-07	  4344	  1.3384e-08
414	  3.02645	  0.406302	  2.86472e-06	  2.12834e-07	  4044	  1.39885e-08
415	  3.02645	  0.468745	  2.86472e-06	  2.23414e-07	  4092	  1.46633e-08
416	  3.02645	  0.531226	  2.86472e-06	  2.42083e-07	  4296	  1.57976e-08
417	  3.02645	  0.593785	  2.86472e-06	  2.35187e-07	  3996	  1.54798e-08
418	  3.02645	  0.656281	  2.86472e-06	  2.6073e-07	  4188	  1.70654e-08
419	  3.02645	  0.718743	  2.86472e-06	  2.61449e-07	  4212	  1.7101e-08
420	  3.02645	  0.781255	  2.86472e-06	  2.70617e-07	  4140	  1.77367e-08
421	  3.02645	  0.843774	  2.86472e-06	  2.8663e-07	  4128	  1.87927e-08
422	  3.02645	  0.90628	  2.86472e-06	  2.78932e-07	  4188	  1.82568e-08
423	  3.02645	  0.968758	  2.86472e-06	  2.89783e-07	  4128	  1.89994e-08
424	  3.50419	  0.030936	  1.99639e-06	  1.32774e-07	  7002	  8.22542e-09
425	  3.50419	  0.0938307	  1.99639e-06	  1.38782e-07	  6240	  8.69596e-09
426	  3.50419	  0.156319	  1.99639e-06	  1.33352e-07	  5964	  8.39434e-09
427	  3.50419	  0.218712	  1.99639e-06	  1.34729e-07	  6180	  8.45027e-09
428	  3.50419	  0.281224	  1.99639e-06	  1.41837e-07	  6420	  8.86203e-09
429	  3.50419	  0.343807	  1.99639e-06	  1.37893e-07	  6516	  8.60292e-09
430	  3.50419	  0.406302	  1.99639e-06	  1.44138e-07	  6312	  9.02113e-09
431	  3.50419	  0.468745	  1.99639e-06	  1.53672e-07	  6276	  9.62341e-09
432	  3.50419	  0.531226	  1.99639e-06	  1.57238e-07	  6360	  9.83356e-09
433	  3.50419	  0.593785	  1.99639e-06	  1.61121e-07	  6408	  1.00688e-08
434	  3.50419	  0.656281	  1.99639e-06	  1.63227e-07	  6360	  1.02081e-08
435	  3.50419	  0.718743	  1.99639e-06	  1.6828e-07	  6336	  1.05281e-08
436	  3.50419	  0.781255	  1.99639e-06	  1.74998e-07	  6372	  1.09422e-08
437	  3.50419	  0.843774	  1.99639e-06	  1.69958e-07	  6456	  1.06132e-08
438	  3.50419	  0.90628	  1.99639e-06	  1.74134e-07	  6360	  1.08902e-08
439	  3.50419	  0.968758	  1.99639e-06	  1.68446e-07	  6327	  1.054e-08
440	  4.05763	  0.030936	  1.3873e-06	  9.71864e-08	  10392	  5.81268e-09
441	  4.05763	  0.0938307	  1.3873e-06	  9.49394e-08	  9420	  5.72516e-09
442	  4.05763	  0.156319	  1.3873e-06	  9.72507e-08	  10176	  5.82659e-09
443	  4.05763	  0.218712	  1.3873e-06	  9.73471e-08	  10260	  5.82841e-09
444	  4.05763	  0.281224	  1.3873e-06	  9.90147e-08	  9528	  5.96511e-09
445	  4.05763	  0.343807	  1.3873e-06	  9.76337e-08	  10140	  5.85126e-09
446	  4.05763	  0.406302	  1.3873e-06	  9.95335e-08	  9960	  5.97401e-09
447	  4.05763	  0.468745	  1.3873e-06	  1.01948e-07	  10068	  6.11341e-09
448	  4.05763	  0.531226	  1.3873e-06	  1.04218e-07	  9996	  6.2533e-09
449	  4.05763	  0.593785	  1.3873e-06	  1.05593e-07	  9828	  6.34478e-09
450	  4.05763	  0.656281	  1.3873e-06	  1.05274e-07	  10032	  6.31475e-09
451	  4.05763	  0.718743	  1.3873e-06	  1.06571e-07	  9924	  6.39836e-09
452	  4.05763	  0.781255	  1.3873e-06	  1.07782e-07	  10116	  6.46071e-09
453	  4.05763	  0.843774	  1.3873e-06	  1.03307e-07	  9888	  6.20423e-09
454	  4.05763	  0.90628	  1.3873e-06	  1.01261e-07	  10008	  6.07525e-09
455	  4.05763	  0.968758	  1.3873e-06	  9.44039e-08	  9978	  5.66527e-09
456	  4.69917	  0.030936	  9.60877e-07	  6.87377e-08	  13626	  4.02574e-09
457	  4.69917	  0.0938307	  9.60877e-07	  6.85721e-08	  16392	  3.96419e-09
458	  4.69917	  0.156319	  9.60877e-07	  6.69445e-08	  15708	  3.88136e-09
459	  4.69917	  0.218712	  9.60877e-07	  6.64305e-08	  15432	  3.85628e-09
460	  4.69917	  0.281224	  9.60877e-07	  6.65646e-08	  15780	  3.85812e-09
461	  4.69917	  0.343807	  9.60877e-07	  6.6889e-08	  15300	  3.88521e-09
462	  4.69917	  0.406302	  9.60877e-07	  6.68216e-08	  15588	  3.87629e-09
463	  4.69917	  0.468745	  9.60877e-07	  6.62266e-08	  15396	  3.84507e-09
464	  4.69917	  0.531226	  9.60877e-07	  6.79981e-08	  15504	  3.94601e-09
465	  4.69917	  0.593785	  9.60877e-07	  6.72925e-08	  15660	  3.90236e-09
466	  4.69917	  0.656281	  9.60877e-07	  6.60723e-08	  15192	  3.83968e-09
467	  4.69917	  0.718743	  9.60877e-07	  6.47728e-08	  15600	  3.75724e-09
468	  4.69917	  0.781255	  9.60877e-07	  6.31268e-08	  15216	  3.66809e-09
469	  4.69917	  0.843774	  9.60877e-07	  5.94219e-08	  15516	  3.44814e-09
470	  4.69917	  0.90628	  9.60877e-07	  5.74835e-08	  15540	  3.3353e-09
471	  4.69917	  0.968758	  9.60877e-07	  5.31519e-08	  15405	  3.08583e-09
472	  5.4432	  0.030936	  6.6384e-07	  4.80069e-08	  26250	  2.69665e-09
473	  5.4432	  0.0938307	  6.6384e-07	  4.67741e-08	  22392	  2.65128e-09
474	  5.4432	  0.156319	  6.6384e-07	  4.60387e-08	  24516	  2.59597e-09
475	  5.4432	  0.218712	  6.6384e-07	  4.47452e-08	  23592	  2.52857e-09
476	  5.4432	  0.281224	  6.6384e-07	  4.51304e-08	  24264	  2.54624e-09
477	  5.4432	  0.343807	  6.6384e-07	  4.42617e-08	  23928	  2.49922e-09
478	  5.4432	  0.406302	  6.6384e-07	  4.36174e-08	  24120	  2.46172e-09
479	  5.4432	  0.468745	  6.6384e-07	  4.22972e-08	  23964	  2.38809e-09
480	  5.4432	  0.531226	  6.6384e-07	  4.16489e-08	  24060	  2.35095e-09
481	  5.4432	  0.593785	  6.6384e-07	  4.1004e-08	  24108	  2.31429e-09
482	  5.4432	  0.656281	  6.6384e-07	  3.89955e-08	  24228	  2.2003e-09
483	  5.4432	  0.718743	  6.6384e-07	  3.78134e-08	  24144	  2.13403e-09
484	  5.4432	  0.781255	  6.6384e-07	  3.53843e-08	  23940	  1.99791e-09
485	  5.4432	  0.843774	  6.6384e-07	  3.29077e-08	  24192	  1.85696e-09
486	  5.4432	  0.90628	  6.6384e-07	  2.98932e-08	  23988	  1.68767e-09
487	  5.4432	  0.968758	  6.6384e-07	  2.65949e-08	  24141	  1.50091e-09
488	  6.30378	  0.030936	  4.57865e-07	  3.31467e-08	  35082	  1.8343e-09
489	  6.30378	  0.0938307	  4.57865e-07	  3.20487e-08	  39108	  1.7645e-09
490	  6.30378	  0.156319	  4.57865e-07	  3.08265e-08	  36924	  1.70175e-09
491	  6.30378	  0.218712	  4.57865e-07	  3.04583e-08	  37692	  1.6798e-09
492	  6.30378	  0.281224	  4.57865e-07	  2.93474e-08	  37092	  1.61975e-09
493	  6.30378	  0.343807	  4.57865e-07	  2.88431e-08	  37536	  1.59103e-09
494	  6.30378	  0.406302	  4.57865e-07	  2.77985e-08	  36984	  1.53447e-09
495	  6.30378	  0.468745	  4.57865e-07	  2.66555e-08	  37428	  1.47056e-09
496	  6.30378	  0.531226	  4.57865e-07	  2.55188e-08	  37392	  1.40791e-09
497	  6.30378	  0.593785	  4.57865e-07	  2.3768e-08	  37200	  1.31163e-09
498	  6.30378	  0.656281	  4.57865e-07	  2.19664e-08	  36924	  1.21264e-09
499	  6.30378	  0.718743	  4.57865e-07	  2.02647e-08	  37272	  1.1182e-09
500	  6.30378	  0.781255	  4.57865e-07	  1.86144e-08	  37284	  1.02712e-09
501	  6.30378	  0.843774	  4.57865e-07	  1.69184e-08	  37188	  9.33651e-10
502	  6.30378	  0.90628	  4.57865e-07	  1.47699e-08	  37320	  8.14952e-10
503	  6.30378	  0.968758	  4.57865e-07	  1.29768e-08	  37119	  7.16196e-10
504	  7.30029	  0.030936	  3.15016e-07	  2.2106e-08	  60258	  1.19535e-09
505	  7.30029	  0.0938307	  3.15016e-07	  2.12346e-08	  56916	  1.15074e-09
506	  7.30029	  0.156319	  3.15016e-07	  2.06303e-08	  56820	  1.11806e-09
507	  7.30029	  0.218712	  3.15016e-07	  1.97491e-08	  58716	  1.06896e-09
508	  7.30029	  0.281224	  3.15016e-07	  1.8731e-08	  57840	  1.01444e-09
509	  7.30029	  0.343807	  3.15016e-07	  1.77207e-08	  57612	  9.59864e-10
510	  7.30029	  0.406302	  3.15016e-07	  1.68974e-08	  58464	  9.14755e-10
511	  7.30029	  0.468745	  3.15016e-07	  1.56244e-08	  57948	  8.46123e-10
512	  7.30029	  0.531226	  3.15016e-07	  1.44123e-08	  57708	  7.8061e-10
513	  7.30029	  0.593785	  3.15016e-07	  1.30192e-08	  58236	  7.0491e-10
514	  7.30029	  0.656281	  3.15016e-07	  1.16799e-08	  58008	  6.32492e-10
515	  7.30029	  0.718743	  3.15016e-07	  1.0375e-08	  58200	  5.61758e-10
516	  7.30029	  0.781255	  3.15016e-07	  9.12817e-09	  58128	  4.9427e-10
517	  7.30029	  0.843774	  3.15016e-07	  7.99374e-09	  57972	  4.32887e-10
518	  7.30029	  0.90628	  3.15016e-07	  6.81174e-09	  57960	  3.68881e-10
519	  7.30029	  0.968758	  3.15016e-07	  5.77009e-09	  58122	  3.12439e-10
520	  8.455	  0.030936	  2.16353e-07	  1.46016e-08	  90198	  7.78697e-10
521	  8.455	  0.0938307	  2.16353e-07	  1.40139e-08	  89292	  7.47595e-10
522	  8.455	  0.156319	  2.16353e-07	  1.32261e-08	  90804	  7.05196e-10
523	  8.455	  0.218712	  2.16353e-07	  1.23552e-08	  89628	  6.59032e-10
524	  8.455	  0.281224	  2.16353e-07	  1.16431e-08	  89844	  6.20998e-10
525	  8.455	  0.343807	  2.16353e-07	  1.05015e-08	  90636	  5.59959e-10
526	  8.455	  0.406302	  2.16353e-07	  9.68272e-09	  89628	  5.16479e-10
527	  8.455	  0.468745	  2.16353e-07	  8.65199e-09	  89772	  4.61476e-10
528	  8.455	  0.531226	  2.16353e-07	  7.59835e-09	  90324	  4.052e-10
529	  8.455	  0.593785	  2.16353e-07	  6.67607e-09	  89784	  3.56084e-10
530	  8.455	  0.656281	  2.16353e-07	  5.77174e-09	  90216	  3.07803e-10
531	  8.455	  0.718743	  2.16353e-07	  4.93696e-09	  89796	  2.63323e-10
532	  8.455	  0.781255	  2.16353e-07	  4.1944e-09	  90120	  2.23692e-10
533	  8.455	  0.843774	  2.16353e-07	  3.49911e-09	  90132	  1.8661e-10
534	  8.455	  0.90628	  2.16353e-07	  2.89965e-09	  89916	  1.54652e-10
535	  8.455	  0.968758	  2.16353e-07	  2.36062e-09	  89964	  1.25901e-10
536	  9.79129	  0.030936	  1.48293e-07	  9.33732e-09	  139068	  4.91904e-10
537	  9.79129	  0.0938307	  1.48293e-07	  8.70909e-09	  141180	  4.58633e-10
538	  9.79129	  0.156319	  1.48293e-07	  8.14458e-09	  139380	  4.29045e-10
539	  9.79129	  0.218712	  1.48293e-07	  7.43461e-09	  138804	  3.91686e-10
540	  9.79129	  0.281224	  1.48293e-07	  6.73798e-09	  140952	  3.54846e-10
541	  9.79129	  0.343807	  1.48293e-07	  5.90768e-09	  139668	  3.11192e-10
542	  9.79129	  0.406302	  1.48293e-07	  5.13847e-09	  139464	  2.70683e-10
543	  9.79129	  0.468745	  1.48293e-07	  4.38753e-09	  139812	  2.3111e-10
544	  9.79129	  0.531226	  1.48293e-07	  3.71772e-09	  139884	  1.95826e-10
545	  9.79129	  0.593785	  1.48293e-07	  3.10753e-09	  140184	  1.63676e-10
546	  9.79129	  0.656281	  1.48293e-07	  2.60344e-09	  139404	  1.37145e-10
547	  9.79129	  0.718743	  1.48293e-07	  2.1599e-09	  139932	  1.13769e-10
548	  9.79129	  0.781255	  1.48293e-07	  1.78381e-09	  139980	  9.39585e-11
549	  9.79129	  0.843774	  1.48293e-07	  1.43021e-09	  139632	  7.53381e-11
550	  9.79129	  0.90628	  1.48293e-07	  1.15119e-09	  140088	  6.06353e-11
551	  9.79129	  0.968758	  1.48293e-07	  8.93181e-10	  139623	  4.70494e-11
