#n	   k	      mu	    PL	    Pf	     w	     err  
0	  0.10472	  1	  0.00340069	  0.000419751	  3	  0.000263331
1	  0.20944	  1	  0.00120796	  0.000183059	  3	  0.000114842
2	  0.314159	  1	  0.00056581	  0.000133029	  3	  8.34558e-05
3	  0.418879	  1	  0.000317111	  6.92399e-05	  3	  4.34377e-05
4	  0.523599	  1	  0.000200477	  8.39191e-06	  3	  5.26466e-06
5	  0.628319	  1	  0.000135839	  1.10831e-05	  3	  6.95296e-06
6	  0.733038	  1	  9.71158e-05	  1.04761e-05	  3	  6.57221e-06
7	  0.837758	  1	  7.2289e-05	  1.87788e-05	  3	  1.17809e-05
8	  0.942478	  1	  5.55114e-05	  9.09054e-06	  3	  5.70295e-06
9	  0.10472	  0	  0.00340069	  8.54029e-05	  6	  3.91357e-05
10	  0.148096	  0.707107	  0.00216258	  0.000102622	  12	  3.47554e-05
11	  0.23416	  0.894427	  0.000956871	  0.000107741	  12	  3.64892e-05
12	  0.331153	  0.948683	  0.000512389	  8.20173e-05	  12	  2.77772e-05
13	  0.431771	  0.970143	  0.000298428	  2.54386e-05	  12	  8.61543e-06
14	  0.533968	  0.980581	  0.000192286	  1.65727e-05	  12	  5.61275e-06
15	  0.636985	  0.986394	  0.000131856	  1.40257e-05	  12	  4.75015e-06
16	  0.74048	  0.989949	  9.50147e-05	  1.08842e-05	  12	  3.6862e-06
17	  0.844278	  0.992278	  7.10317e-05	  1.29644e-05	  12	  4.39073e-06
18	  0.948278	  0.993884	  5.47385e-05	  4.51082e-06	  12	  1.5277e-06
19	  0.148096	  0	  0.00216258	  3.64526e-05	  6	  1.67043e-05
20	  0.18138	  0.57735	  0.00153421	  6.46125e-05	  12	  2.18827e-05
21	  0.25651	  0.816497	  0.000842148	  7.13172e-05	  12	  2.41534e-05
22	  0.347316	  0.904534	  0.000461525	  3.78305e-05	  12	  1.28123e-05
23	  0.444288	  0.942809	  0.000282116	  2.81974e-05	  12	  9.54976e-06
24	  0.54414	  0.96225	  0.000184652	  2.62809e-05	  12	  8.90069e-06
25	  0.645536	  0.973329	  0.000128147	  1.45804e-05	  12	  4.93802e-06
26	  0.747849	  0.980196	  9.29373e-05	  1.30335e-05	  12	  4.41412e-06
27	  0.850747	  0.984732	  6.98511e-05	  1.14378e-05	  12	  3.87369e-06
28	  0.954042	  0.987878	  5.39956e-05	  5.16483e-06	  12	  1.7492e-06
29	  0.20944	  0	  0.00120796	  3.10635e-05	  6	  1.42348e-05
30	  0.23416	  0.447214	  0.000956871	  3.84216e-05	  12	  1.30124e-05
31	  0.296192	  0.707107	  0.000623093	  3.39882e-05	  12	  1.1511e-05
32	  0.377572	  0.83205	  0.000392702	  2.43268e-05	  12	  8.23888e-06
33	  0.468321	  0.894427	  0.000253118	  4.32439e-05	  12	  1.46456e-05
34	  0.563933	  0.928477	  0.000171157	  1.27063e-05	  12	  4.30332e-06
35	  0.662306	  0.948683	  0.000121199	  1.2775e-05	  12	  4.32657e-06
36	  0.762371	  0.961524	  8.90872e-05	  9.99481e-06	  12	  3.38499e-06
37	  0.863541	  0.970143	  6.75513e-05	  9.47841e-06	  12	  3.2101e-06
38	  0.965468	  0.976187	  5.25652e-05	  9.15437e-06	  12	  3.10036e-06
39	  0.23416	  0	  0.000956871	  2.43411e-05	  12	  8.24372e-06
40	  0.25651	  0.408248	  0.000842148	  3.35156e-05	  24	  8.51713e-06
41	  0.314159	  0.666667	  0.00056581	  3.95959e-05	  24	  1.00623e-05
42	  0.391825	  0.801784	  0.000365623	  2.10741e-05	  24	  5.35544e-06
43	  0.479886	  0.872872	  0.000240238	  2.94679e-05	  24	  7.48851e-06
44	  0.573574	  0.912871	  0.000165194	  1.27642e-05	  24	  3.24369e-06
45	  0.670534	  0.937043	  0.000118025	  1.32179e-05	  24	  3.35898e-06
46	  0.76953	  0.952579	  8.72914e-05	  7.30935e-06	  24	  1.85748e-06
47	  0.869868	  0.963087	  6.64672e-05	  5.98714e-06	  24	  1.52148e-06
48	  0.971131	  0.970495	  5.18642e-05	  5.65163e-06	  24	  1.43622e-06
49	  0.296192	  0	  0.000623093	  1.43173e-05	  6	  6.5609e-06
50	  0.314159	  0.333333	  0.00056581	  1.82704e-05	  12	  6.18773e-06
51	  0.36276	  0.57735	  0.000422434	  2.57093e-05	  12	  8.70711e-06
52	  0.431771	  0.727607	  0.000298428	  2.33404e-05	  12	  7.90483e-06
53	  0.51302	  0.816497	  0.000209203	  1.99708e-05	  12	  6.76361e-06
54	  0.601569	  0.870388	  0.000149161	  1.69079e-05	  12	  5.7263e-06
55	  0.694632	  0.904534	  0.000109288	  1.11366e-05	  12	  3.77168e-06
56	  0.790617	  0.927173	  8.22162e-05	  8.99325e-06	  12	  3.04579e-06
57	  0.888577	  0.942809	  6.33722e-05	  6.33315e-06	  12	  2.14488e-06
58	  0.987924	  0.953998	  4.9893e-05	  3.66322e-06	  12	  1.24064e-06
59	  0.314159	  0	  0.00056581	  2.02527e-05	  6	  9.28079e-06
60	  0.331153	  0.316228	  0.000512389	  2.41927e-05	  12	  8.19348e-06
61	  0.377572	  0.5547	  0.000392702	  1.93631e-05	  12	  6.55782e-06
62	  0.444288	  0.707107	  0.000282116	  1.20633e-05	  12	  4.08555e-06
63	  0.523599	  0.8	  0.000200477	  1.45681e-05	  12	  4.93386e-06
64	  0.610616	  0.857493	  0.00014445	  1.34863e-05	  12	  4.56748e-06
65	  0.702481	  0.894427	  0.000106629	  8.77173e-06	  12	  2.97077e-06
66	  0.797522	  0.919145	  8.0644e-05	  1.3185e-05	  12	  4.46544e-06
67	  0.894726	  0.936329	  6.23818e-05	  1.02456e-05	  12	  3.46992e-06
68	  0.993459	  0.948683	  4.92701e-05	  6.93662e-06	  12	  2.34926e-06
69	  0.331153	  0	  0.000512389	  2.17936e-05	  12	  7.38096e-06
70	  0.347316	  0.301511	  0.000461525	  7.83508e-06	  24	  1.99108e-06
71	  0.391825	  0.534522	  0.000365623	  1.37188e-05	  24	  3.48627e-06
72	  0.456463	  0.688247	  0.00026716	  1.49556e-05	  24	  3.80058e-06
73	  0.533968	  0.784465	  0.000192286	  1.11711e-05	  24	  2.83886e-06
74	  0.61953	  0.845154	  0.000140033	  1.2026e-05	  24	  3.0561e-06
75	  0.710244	  0.884652	  0.000104113	  1.08483e-05	  24	  2.75681e-06
76	  0.804368	  0.911322	  7.91357e-05	  6.23031e-06	  24	  1.58327e-06
77	  0.900833	  0.929981	  6.14503e-05	  5.49107e-06	  24	  1.39541e-06
78	  0.998963	  0.943456	  4.86634e-05	  5.0599e-06	  24	  1.28584e-06
79	  0.377572	  0	  0.000392702	  9.57731e-06	  12	  3.2436e-06
80	  0.391825	  0.267261	  0.000365623	  8.21742e-06	  24	  2.08825e-06
81	  0.431771	  0.485071	  0.000298428	  1.65409e-05	  24	  4.20345e-06
82	  0.491179	  0.639602	  0.000228743	  8.5539e-06	  24	  2.17375e-06
83	  0.563933	  0.742781	  0.000171157	  1.30724e-05	  24	  3.32202e-06
84	  0.645536	  0.811107	  0.000128147	  9.69583e-06	  24	  2.46395e-06
85	  0.733038	  0.857143	  9.71158e-05	  7.80061e-06	  24	  1.98232e-06
86	  0.824564	  0.889001	  7.48811e-05	  5.17647e-06	  24	  1.31546e-06
87	  0.918912	  0.911685	  5.87657e-05	  4.15426e-06	  24	  1.0557e-06
88	  0.418879	  0	  0.000317111	  1.01062e-05	  6	  4.63114e-06
89	  0.431771	  0.242536	  0.000298428	  8.14401e-06	  12	  2.75817e-06
90	  0.468321	  0.447214	  0.000253118	  1.51385e-05	  12	  5.12703e-06
91	  0.523599	  0.6	  0.000200477	  8.29103e-06	  12	  2.80796e-06
92	  0.592384	  0.707107	  0.000154211	  1.79595e-05	  12	  6.08245e-06
93	  0.670534	  0.780869	  0.000118025	  6.19454e-06	  12	  2.09794e-06
94	  0.755145	  0.83205	  9.10016e-05	  7.20351e-06	  12	  2.43965e-06
95	  0.844278	  0.868243	  7.10317e-05	  7.62569e-06	  12	  2.58263e-06
96	  0.936642	  0.894427	  5.6289e-05	  6.1551e-06	  12	  2.08458e-06
97	  0.431771	  0	  0.000298428	  7.21699e-06	  12	  2.44422e-06
98	  0.444288	  0.235702	  0.000282116	  5.19643e-06	  24	  1.32054e-06
99	  0.479886	  0.436436	  0.000240238	  1.09933e-05	  24	  2.79367e-06
100	  0.533968	  0.588348	  0.000192286	  8.78616e-06	  24	  2.23277e-06
101	  0.601569	  0.696311	  0.000149161	  7.39349e-06	  24	  1.87887e-06
102	  0.678662	  0.771517	  0.000114957	  7.03499e-06	  24	  1.78776e-06
103	  0.762371	  0.824163	  8.90872e-05	  6.30011e-06	  24	  1.60101e-06
104	  0.850747	  0.86164	  6.98511e-05	  6.92953e-06	  24	  1.76096e-06
105	  0.942478	  0.888889	  5.55114e-05	  4.94525e-06	  24	  1.25671e-06
106	  0.444288	  0	  0.000282116	  4.73328e-06	  6	  2.16902e-06
107	  0.456463	  0.229416	  0.00026716	  8.10965e-06	  12	  2.74654e-06
108	  0.491179	  0.426401	  0.000228743	  4.50438e-06	  12	  1.52552e-06
109	  0.54414	  0.57735	  0.000184652	  4.69247e-06	  12	  1.58922e-06
110	  0.610616	  0.685994	  0.00014445	  4.17985e-06	  12	  1.41561e-06
111	  0.686693	  0.762493	  0.00011206	  3.29356e-06	  12	  1.11545e-06
112	  0.76953	  0.816497	  8.72914e-05	  6.49856e-06	  12	  2.2009e-06
113	  0.857168	  0.855186	  6.86794e-05	  7.52242e-06	  12	  2.54766e-06
114	  0.948278	  0.883452	  5.47385e-05	  5.66613e-06	  12	  1.91898e-06
115	  0.468321	  0	  0.000253118	  8.79402e-06	  12	  2.97832e-06
116	  0.479886	  0.218218	  0.000240238	  8.53769e-06	  24	  2.16963e-06
117	  0.51302	  0.408248	  0.000209203	  6.95808e-06	  24	  1.76822e-06
118	  0.563933	  0.557086	  0.000171157	  8.2549e-06	  24	  2.09777e-06
119	  0.628319	  0.666667	  0.000135839	  8.47284e-06	  24	  2.15315e-06
120	  0.702481	  0.745356	  0.000106629	  8.05435e-06	  24	  2.04681e-06
121	  0.783651	  0.801784	  8.38484e-05	  5.16058e-06	  24	  1.31143e-06
122	  0.869868	  0.842701	  6.64672e-05	  6.27631e-06	  24	  1.59496e-06
123	  0.959772	  0.872872	  5.32783e-05	  5.90122e-06	  24	  1.49964e-06
124	  0.523599	  0	  0.000200477	  4.08403e-06	  18	  1.16682e-06
125	  0.533968	  0.196116	  0.000192286	  4.03972e-06	  36	  8.75272e-07
126	  0.563933	  0.371391	  0.000171157	  5.72548e-06	  36	  1.24052e-06
127	  0.610616	  0.514496	  0.00014445	  5.10726e-06	  36	  1.10657e-06
128	  0.670534	  0.624695	  0.000118025	  5.82695e-06	  36	  1.26251e-06
129	  0.74048	  0.707107	  9.50147e-05	  5.43702e-06	  36	  1.17802e-06
130	  0.817887	  0.768221	  7.62607e-05	  4.79738e-06	  36	  1.03943e-06
131	  0.900833	  0.813733	  6.14503e-05	  4.89078e-06	  36	  1.05967e-06
132	  0.987924	  0.847998	  4.9893e-05	  4.58706e-06	  36	  9.93862e-07
133	  0.533968	  0	  0.000192286	  3.16885e-06	  12	  1.07321e-06
134	  0.54414	  0.19245	  0.000184652	  6.06118e-06	  24	  1.54029e-06
135	  0.573574	  0.365148	  0.000165194	  3.83542e-06	  24	  9.74672e-07
136	  0.61953	  0.507093	  0.000140033	  5.40899e-06	  24	  1.37455e-06
137	  0.678662	  0.617213	  0.000114957	  4.98172e-06	  24	  1.26598e-06
138	  0.747849	  0.70014	  9.29373e-05	  7.72728e-06	  24	  1.96369e-06
139	  0.824564	  0.762001	  7.48811e-05	  4.52225e-06	  24	  1.14921e-06
140	  0.9069	  0.80829	  6.0533e-05	  4.16727e-06	  24	  1.059e-06
141	  0.993459	  0.843274	  4.92701e-05	  4.18093e-06	  24	  1.06248e-06
142	  0.563933	  0	  0.000171157	  2.62253e-06	  12	  8.88187e-07
143	  0.573574	  0.182574	  0.000165194	  3.1859e-06	  24	  8.09614e-07
144	  0.601569	  0.348155	  0.000149161	  4.12441e-06	  24	  1.04811e-06
145	  0.645536	  0.486664	  0.000128147	  5.67956e-06	  24	  1.44331e-06
146	  0.702481	  0.596285	  0.000106629	  4.67349e-06	  24	  1.18765e-06
147	  0.76953	  0.680414	  8.72914e-05	  5.7726e-06	  24	  1.46696e-06
148	  0.844278	  0.744208	  7.10317e-05	  5.4513e-06	  24	  1.38531e-06
149	  0.92486	  0.792594	  5.79216e-05	  4.25706e-06	  24	  1.08182e-06
150	  0.592384	  0	  0.000154211	  6.34148e-06	  6	  2.90597e-06
151	  0.601569	  0.174078	  0.000149161	  4.39894e-06	  12	  1.48981e-06
152	  0.628319	  0.333333	  0.000135839	  4.27374e-06	  12	  1.44741e-06
153	  0.670534	  0.468521	  0.000118025	  5.10236e-06	  12	  1.72804e-06
154	  0.72552	  0.57735	  9.93707e-05	  6.34253e-06	  12	  2.14806e-06
155	  0.790617	  0.662266	  8.22162e-05	  6.79049e-06	  12	  2.29977e-06
156	  0.863541	  0.727607	  6.75513e-05	  2.80098e-06	  12	  9.48624e-07
157	  0.942478	  0.777778	  5.55114e-05	  4.40109e-06	  12	  1.49054e-06
158	  0.610616	  0	  0.00014445	  4.7851e-06	  12	  1.62059e-06
159	  0.61953	  0.169031	  0.000140033	  4.2931e-06	  24	  1.09098e-06
160	  0.645536	  0.324443	  0.000128147	  4.86105e-06	  24	  1.23531e-06
161	  0.686693	  0.457496	  0.00011206	  2.10464e-06	  24	  5.3484e-07
162	  0.74048	  0.565685	  9.50147e-05	  4.23638e-06	  24	  1.07657e-06
163	  0.804368	  0.650945	  7.91357e-05	  3.39966e-06	  24	  8.63936e-07
164	  0.876148	  0.717137	  6.5391e-05	  4.22006e-06	  24	  1.07242e-06
165	  0.954042	  0.76835	  5.39956e-05	  3.28457e-06	  24	  8.34688e-07
166	  0.628319	  0	  0.000135839	  1.31561e-06	  6	  6.02875e-07
167	  0.636985	  0.164399	  0.000131856	  3.95021e-06	  12	  1.33784e-06
168	  0.662306	  0.316228	  0.000121199	  3.6936e-06	  12	  1.25093e-06
169	  0.702481	  0.447214	  0.000106629	  3.12922e-06	  12	  1.05979e-06
170	  0.755145	  0.5547	  9.10016e-05	  2.05254e-06	  12	  6.95145e-07
171	  0.817887	  0.640184	  7.62607e-05	  3.65384e-06	  12	  1.23747e-06
172	  0.888577	  0.707107	  6.33722e-05	  4.54495e-06	  12	  1.53926e-06
173	  0.965468	  0.759257	  5.25652e-05	  3.48829e-06	  12	  1.1814e-06
174	  0.636985	  0	  0.000131856	  3.98278e-06	  12	  1.34887e-06
175	  0.645536	  0.162221	  0.000128147	  3.03589e-06	  24	  7.71492e-07
176	  0.670534	  0.312348	  0.000118025	  4.57119e-06	  24	  1.16165e-06
177	  0.710244	  0.442326	  0.000104113	  4.96993e-06	  24	  1.26298e-06
178	  0.762371	  0.549442	  8.90872e-05	  4.34164e-06	  24	  1.10332e-06
179	  0.824564	  0.635001	  7.48811e-05	  4.07687e-06	  24	  1.03603e-06
180	  0.894726	  0.702247	  6.23818e-05	  4.82023e-06	  24	  1.22494e-06
181	  0.971131	  0.754829	  5.18642e-05	  3.05107e-06	  24	  7.75351e-07
182	  0.662306	  0	  0.000121199	  2.70351e-06	  12	  9.15611e-07
183	  0.670534	  0.156174	  0.000118025	  3.96245e-06	  24	  1.00695e-06
184	  0.694632	  0.301511	  0.000109288	  3.10937e-06	  24	  7.90165e-07
185	  0.733038	  0.428571	  9.71158e-05	  3.20192e-06	  24	  8.13685e-07
186	  0.783651	  0.534522	  8.38484e-05	  3.07072e-06	  24	  7.80343e-07
187	  0.844278	  0.620174	  7.10317e-05	  3.8943e-06	  24	  9.89635e-07
188	  0.912926	  0.688247	  5.96217e-05	  3.99962e-06	  24	  1.0164e-06
189	  0.987924	  0.741999	  4.9893e-05	  2.7413e-06	  24	  6.96631e-07
190	  0.670534	  0	  0.000118025	  1.48801e-06	  12	  5.03953e-07
191	  0.678662	  0.154303	  0.000114957	  2.08054e-06	  24	  5.28716e-07
192	  0.702481	  0.298142	  0.000106629	  3.31321e-06	  24	  8.41966e-07
193	  0.74048	  0.424264	  9.50147e-05	  3.72171e-06	  24	  9.45775e-07
194	  0.790617	  0.529813	  8.22162e-05	  3.95862e-06	  24	  1.00598e-06
195	  0.850747	  0.615457	  6.98511e-05	  3.47401e-06	  24	  8.82829e-07
196	  0.918912	  0.683763	  5.87657e-05	  3.92733e-06	  24	  9.98028e-07
197	  0.993459	  0.737865	  4.92701e-05	  3.32148e-06	  24	  8.44069e-07
198	  0.702481	  0	  0.000106629	  1.9386e-06	  12	  6.56556e-07
199	  0.710244	  0.147442	  0.000104113	  3.49219e-06	  24	  8.8745e-07
200	  0.733038	  0.285714	  9.71158e-05	  2.31842e-06	  24	  5.89165e-07
201	  0.76953	  0.408248	  8.72914e-05	  2.89877e-06	  24	  7.36647e-07
202	  0.817887	  0.512148	  7.62607e-05	  2.92592e-06	  24	  7.43546e-07
203	  0.876148	  0.597614	  6.5391e-05	  1.83071e-06	  24	  4.65229e-07
204	  0.942478	  0.666667	  5.55114e-05	  3.64983e-06	  24	  9.27509e-07
205	  0.733038	  0	  9.71158e-05	  2.54776e-06	  6	  1.1675e-06
206	  0.74048	  0.141421	  9.50147e-05	  2.8918e-06	  12	  9.7938e-07
207	  0.762371	  0.274721	  8.90872e-05	  3.82796e-06	  12	  1.29643e-06
208	  0.797522	  0.393919	  8.0644e-05	  3.83413e-06	  12	  1.29853e-06
209	  0.844278	  0.496139	  7.10317e-05	  2.47297e-06	  12	  8.37535e-07
210	  0.900833	  0.581238	  6.14503e-05	  2.68126e-06	  12	  9.08076e-07
211	  0.965468	  0.650791	  5.25652e-05	  1.68911e-06	  12	  5.7206e-07
212	  0.74048	  0	  9.50147e-05	  2.89121e-06	  18	  8.26025e-07
213	  0.747849	  0.140028	  9.29373e-05	  3.50116e-06	  36	  7.58584e-07
214	  0.76953	  0.272166	  8.72914e-05	  2.46742e-06	  36	  5.34607e-07
215	  0.804368	  0.390567	  7.91357e-05	  2.67533e-06	  36	  5.79655e-07
216	  0.850747	  0.492366	  6.98511e-05	  2.77904e-06	  36	  6.02126e-07
217	  0.9069	  0.57735	  6.0533e-05	  3.18911e-06	  36	  6.90974e-07
218	  0.971131	  0.646997	  5.18642e-05	  3.95622e-06	  36	  8.5718e-07
219	  0.755145	  0	  9.10016e-05	  2.05689e-06	  12	  6.96618e-07
220	  0.762371	  0.137361	  8.90872e-05	  2.7376e-06	  24	  6.95689e-07
221	  0.783651	  0.267261	  8.38484e-05	  2.11312e-06	  24	  5.36994e-07
222	  0.817887	  0.384111	  7.62607e-05	  2.52664e-06	  24	  6.4208e-07
223	  0.863541	  0.485071	  6.75513e-05	  1.85026e-06	  24	  4.70195e-07
224	  0.918912	  0.569803	  5.87657e-05	  2.24045e-06	  24	  5.69352e-07
225	  0.982358	  0.639602	  5.05463e-05	  3.07066e-06	  24	  7.8033e-07
226	  0.762371	  0	  8.90872e-05	  2.7833e-06	  12	  9.42634e-07
227	  0.76953	  0.136083	  8.72914e-05	  2.13421e-06	  24	  5.42354e-07
228	  0.790617	  0.264906	  8.22162e-05	  3.41575e-06	  24	  8.68024e-07
229	  0.824564	  0.381	  7.48811e-05	  1.36206e-06	  24	  3.46133e-07
230	  0.869868	  0.481543	  6.64672e-05	  2.63948e-06	  24	  6.70757e-07
231	  0.92486	  0.566139	  5.79216e-05	  2.77241e-06	  24	  7.04536e-07
232	  0.987924	  0.635999	  4.9893e-05	  1.83026e-06	  24	  4.65113e-07
233	  0.797522	  0	  8.0644e-05	  2.68038e-06	  12	  9.07779e-07
234	  0.804368	  0.130189	  7.91357e-05	  1.74005e-06	  24	  4.42189e-07
235	  0.824564	  0.254	  7.48811e-05	  1.20469e-06	  24	  3.0614e-07
236	  0.857168	  0.366508	  6.86794e-05	  2.26772e-06	  24	  5.76282e-07
237	  0.900833	  0.464991	  6.14503e-05	  2.56617e-06	  24	  6.52126e-07
238	  0.954042	  0.548821	  5.39956e-05	  2.92734e-06	  24	  7.43909e-07
239	  0.817887	  0	  7.62607e-05	  1.68476e-06	  12	  5.70586e-07
240	  0.824564	  0.127	  7.48811e-05	  1.92658e-06	  24	  4.8959e-07
241	  0.844278	  0.248069	  7.10317e-05	  2.03677e-06	  24	  5.17591e-07
242	  0.876148	  0.358569	  6.5391e-05	  1.90815e-06	  24	  4.84907e-07
243	  0.918912	  0.455842	  5.87657e-05	  2.0387e-06	  24	  5.18083e-07
244	  0.971131	  0.539164	  5.18642e-05	  2.59607e-06	  24	  6.59724e-07
245	  0.837758	  0	  7.2289e-05	  1.12652e-06	  6	  5.16225e-07
246	  0.844278	  0.124035	  7.10317e-05	  1.69916e-06	  12	  5.75463e-07
247	  0.863541	  0.242536	  6.75513e-05	  1.89719e-06	  12	  6.4253e-07
248	  0.894726	  0.351123	  6.23818e-05	  2.34916e-06	  12	  7.95604e-07
249	  0.936642	  0.447214	  5.6289e-05	  2.61799e-06	  12	  8.86648e-07
250	  0.987924	  0.529999	  4.9893e-05	  3.0566e-06	  12	  1.03519e-06
251	  0.844278	  0	  7.10317e-05	  1.35861e-06	  24	  3.45255e-07
252	  0.850747	  0.123091	  6.98511e-05	  1.95348e-06	  48	  3.79634e-07
253	  0.869868	  0.240772	  6.64672e-05	  1.9746e-06	  48	  3.83738e-07
254	  0.900833	  0.348743	  6.14503e-05	  2.15364e-06	  48	  4.18533e-07
255	  0.942478	  0.444444	  5.55114e-05	  2.06626e-06	  48	  4.01551e-07
256	  0.993459	  0.527046	  4.92701e-05	  2.41872e-06	  48	  4.70048e-07
257	  0.863541	  0	  6.75513e-05	  1.77094e-06	  12	  5.99774e-07
258	  0.869868	  0.120386	  6.64672e-05	  1.82702e-06	  24	  4.64291e-07
259	  0.888577	  0.235702	  6.33722e-05	  2.29788e-06	  24	  5.83947e-07
260	  0.918912	  0.341882	  5.87657e-05	  1.7829e-06	  24	  4.53079e-07
261	  0.959772	  0.436436	  5.32783e-05	  2.22132e-06	  24	  5.6449e-07
262	  0.888577	  0	  6.33722e-05	  1.16575e-06	  6	  5.34203e-07
263	  0.894726	  0.117041	  6.23818e-05	  2.12862e-06	  12	  7.2091e-07
264	  0.912926	  0.229416	  5.96217e-05	  2.25049e-06	  12	  7.62187e-07
265	  0.942478	  0.333333	  5.55114e-05	  2.19764e-06	  12	  7.44286e-07
266	  0.982358	  0.426401	  5.05463e-05	  1.73995e-06	  12	  5.89279e-07
267	  0.894726	  0	  6.23818e-05	  1.93826e-06	  12	  6.5644e-07
268	  0.900833	  0.116248	  6.14503e-05	  1.59363e-06	  24	  4.04981e-07
269	  0.918912	  0.227921	  5.87657e-05	  1.68345e-06	  24	  4.27806e-07
270	  0.948278	  0.331295	  5.47385e-05	  2.71643e-06	  24	  6.90309e-07
271	  0.987924	  0.423999	  4.9893e-05	  1.89878e-06	  24	  4.82525e-07
272	  0.900833	  0	  6.14503e-05	  2.0972e-06	  12	  7.1027e-07
273	  0.9069	  0.11547	  6.0533e-05	  1.55544e-06	  24	  3.95275e-07
274	  0.92486	  0.226455	  5.79216e-05	  1.20916e-06	  24	  3.07277e-07
275	  0.954042	  0.329293	  5.39956e-05	  2.2343e-06	  24	  5.67789e-07
276	  0.993459	  0.421637	  4.92701e-05	  1.79951e-06	  24	  4.57299e-07
277	  0.936642	  0	  5.6289e-05	  1.5641e-06	  12	  5.2972e-07
278	  0.942478	  0.111111	  5.55114e-05	  1.60733e-06	  24	  4.0846e-07
279	  0.959772	  0.218218	  5.32783e-05	  1.53485e-06	  24	  3.90042e-07
280	  0.987924	  0.317999	  4.9893e-05	  1.46471e-06	  24	  3.72219e-07
281	  0.942478	  0	  5.55114e-05	  4.02527e-06	  6	  1.84457e-06
282	  0.948278	  0.110432	  5.47385e-05	  1.64445e-06	  12	  5.56936e-07
283	  0.965468	  0.21693	  5.25652e-05	  2.59377e-06	  12	  8.78444e-07
284	  0.993459	  0.316228	  4.92701e-05	  1.42655e-06	  12	  4.83136e-07
285	  0.948278	  0	  5.47385e-05	  1.4262e-06	  12	  4.83018e-07
286	  0.954042	  0.109764	  5.39956e-05	  1.67843e-06	  24	  4.26529e-07
287	  0.971131	  0.215666	  5.18642e-05	  1.29765e-06	  24	  3.29764e-07
288	  0.998963	  0.314485	  4.86634e-05	  2.47422e-06	  24	  6.28759e-07
289	  0.965468	  0	  5.25652e-05	  1.75091e-06	  24	  4.44948e-07
290	  0.971131	  0.107833	  5.18642e-05	  1.33149e-06	  48	  2.58758e-07
291	  0.987924	  0.212	  4.9893e-05	  1.22798e-06	  48	  2.38643e-07
292	  0.987924	  0	  4.9893e-05	  1.36543e-06	  12	  4.62437e-07
293	  0.993459	  0.105409	  4.92701e-05	  1.94896e-06	  24	  4.95277e-07
294	  0.993459	  0	  4.92701e-05	  1.06528e-06	  12	  3.60784e-07
295	  0.998963	  0.104828	  4.86634e-05	  1.6021e-06	  24	  4.07133e-07
296	  1.08818	  0.030936	  4.0048e-05	  9.7735e-07	  138	  1.32065e-07
297	  1.08818	  0.0938307	  4.0048e-05	  1.09134e-06	  252	  1.23315e-07
298	  1.08818	  0.156319	  4.0048e-05	  8.86747e-07	  72	  1.48842e-07
299	  1.08818	  0.218712	  4.0048e-05	  1.24372e-06	  216	  1.46811e-07
300	  1.08818	  0.281224	  4.0048e-05	  1.2175e-06	  288	  1.32617e-07
301	  1.08818	  0.343807	  4.0048e-05	  1.22814e-06	  120	  1.73521e-07
302	  1.08818	  0.406302	  4.0048e-05	  1.52928e-06	  180	  1.9045e-07
303	  1.08818	  0.468745	  4.0048e-05	  1.62363e-06	  180	  2.02199e-07
304	  1.08818	  0.531226	  4.0048e-05	  1.50325e-06	  192	  1.8365e-07
305	  1.08818	  0.593785	  4.0048e-05	  2.11584e-06	  192	  2.5849e-07
306	  1.08818	  0.656281	  4.0048e-05	  2.01338e-06	  168	  2.56005e-07
307	  1.08818	  0.718743	  4.0048e-05	  2.31728e-06	  228	  2.6933e-07
308	  1.08818	  0.781255	  4.0048e-05	  2.75578e-06	  144	  3.67438e-07
309	  1.08818	  0.843774	  4.0048e-05	  3.01108e-06	  240	  3.44918e-07
310	  1.08818	  0.90628	  4.0048e-05	  3.37812e-06	  168	  4.29534e-07
311	  1.08818	  0.968758	  4.0048e-05	  4.04057e-06	  150	  5.3194e-07
312	  1.25577	  0.030936	  2.88042e-05	  9.47845e-07	  198	  1.14753e-07
313	  1.25577	  0.0938307	  2.88042e-05	  8.45443e-07	  396	  8.47572e-08
314	  1.25577	  0.156319	  2.88042e-05	  7.96981e-07	  396	  7.98989e-08
315	  1.25577	  0.218712	  2.88042e-05	  7.34977e-07	  204	  8.82075e-08
316	  1.25577	  0.281224	  2.88042e-05	  9.99382e-07	  216	  1.17968e-07
317	  1.25577	  0.343807	  2.88042e-05	  8.46904e-07	  372	  8.62551e-08
318	  1.25577	  0.406302	  2.88042e-05	  1.02557e-06	  312	  1.0934e-07
319	  1.25577	  0.468745	  2.88042e-05	  1.11182e-06	  288	  1.21106e-07
320	  1.25577	  0.531226	  2.88042e-05	  1.28006e-06	  264	  1.42785e-07
321	  1.25577	  0.593785	  2.88042e-05	  1.44455e-06	  312	  1.54009e-07
322	  1.25577	  0.656281	  2.88042e-05	  1.47474e-06	  276	  1.62506e-07
323	  1.25577	  0.718743	  2.88042e-05	  1.80602e-06	  312	  1.92547e-07
324	  1.25577	  0.781255	  2.88042e-05	  1.86297e-06	  276	  2.05287e-07
325	  1.25577	  0.843774	  2.88042e-05	  2.40692e-06	  240	  2.75712e-07
326	  1.25577	  0.90628	  2.88042e-05	  2.26536e-06	  324	  2.39121e-07
327	  1.25577	  0.968758	  2.88042e-05	  2.61581e-06	  315	  2.78175e-07
328	  1.45182	  0.030936	  2.05474e-05	  6.43188e-07	  246	  7.31676e-08
329	  1.45182	  0.0938307	  2.05474e-05	  5.98526e-07	  516	  5.6275e-08
330	  1.45182	  0.156319	  2.05474e-05	  5.88207e-07	  504	  5.56112e-08
331	  1.45182	  0.218712	  2.05474e-05	  6.73586e-07	  528	  6.29933e-08
332	  1.45182	  0.281224	  2.05474e-05	  6.37092e-07	  504	  6.02329e-08
333	  1.45182	  0.343807	  2.05474e-05	  7.93812e-07	  384	  8.01997e-08
334	  1.45182	  0.406302	  2.05474e-05	  7.90728e-07	  420	  7.812e-08
335	  1.45182	  0.468745	  2.05474e-05	  8.67077e-07	  468	  8.34345e-08
336	  1.45182	  0.531226	  2.05474e-05	  8.57728e-07	  480	  8.20361e-08
337	  1.45182	  0.593785	  2.05474e-05	  1.17893e-06	  468	  1.13442e-07
338	  1.45182	  0.656281	  2.05474e-05	  1.0514e-06	  396	  1.05405e-07
339	  1.45182	  0.718743	  2.05474e-05	  1.12341e-06	  456	  1.08779e-07
340	  1.45182	  0.781255	  2.05474e-05	  1.33589e-06	  432	  1.31068e-07
341	  1.45182	  0.843774	  2.05474e-05	  1.43179e-06	  480	  1.36941e-07
342	  1.45182	  0.90628	  2.05474e-05	  1.61708e-06	  480	  1.54664e-07
343	  1.45182	  0.968758	  2.05474e-05	  1.72951e-06	  414	  1.71476e-07
344	  1.68148	  0.030936	  1.45436e-05	  4.35429e-07	  798	  3.71855e-08
345	  1.68148	  0.0938307	  1.45436e-05	  4.41155e-07	  708	  3.86374e-08
346	  1.68148	  0.156319	  1.45436e-05	  4.51773e-07	  684	  3.98626e-08
347	  1.68148	  0.218712	  1.45436e-05	  4.52128e-07	  720	  3.94562e-08
348	  1.68148	  0.281224	  1.45436e-05	  4.78431e-07	  708	  4.19021e-08
349	  1.68148	  0.343807	  1.45436e-05	  5.07494e-07	  720	  4.42879e-08
350	  1.68148	  0.406302	  1.45436e-05	  5.09326e-07	  672	  4.5114e-08
351	  1.68148	  0.468745	  1.45436e-05	  5.87545e-07	  732	  5.10936e-08
352	  1.68148	  0.531226	  1.45436e-05	  6.59615e-07	  672	  5.8426e-08
353	  1.68148	  0.593785	  1.45436e-05	  6.94712e-07	  708	  6.08445e-08
354	  1.68148	  0.656281	  1.45436e-05	  7.13987e-07	  744	  6.18754e-08
355	  1.68148	  0.718743	  1.45436e-05	  8.00607e-07	  744	  6.9382e-08
356	  1.68148	  0.781255	  1.45436e-05	  9.4457e-07	  696	  8.30323e-08
357	  1.68148	  0.843774	  1.45436e-05	  1.02523e-06	  708	  8.97923e-08
358	  1.68148	  0.90628	  1.45436e-05	  1.01684e-06	  696	  8.93849e-08
359	  1.68148	  0.968758	  1.45436e-05	  1.12394e-06	  741	  9.74856e-08
360	  1.94819	  0.030936	  1.02432e-05	  3.25093e-07	  1368	  2.50442e-08
361	  1.94819	  0.0938307	  1.02432e-05	  3.13092e-07	  924	  2.59545e-08
362	  1.94819	  0.156319	  1.02432e-05	  3.18005e-07	  972	  2.61002e-08
363	  1.94819	  0.218712	  1.02432e-05	  3.21108e-07	  972	  2.6355e-08
364	  1.94819	  0.281224	  1.02432e-05	  3.2947e-07	  1200	  2.59844e-08
365	  1.94819	  0.343807	  1.02432e-05	  3.51191e-07	  1140	  2.79609e-08
366	  1.94819	  0.406302	  1.02432e-05	  3.7919e-07	  1080	  3.04979e-08
367	  1.94819	  0.468745	  1.02432e-05	  4.15756e-07	  1068	  3.35097e-08
368	  1.94819	  0.531226	  1.02432e-05	  4.27527e-07	  1164	  3.39074e-08
369	  1.94819	  0.593785	  1.02432e-05	  4.79708e-07	  1188	  3.79032e-08
370	  1.94819	  0.656281	  1.02432e-05	  5.231e-07	  1068	  4.21616e-08
371	  1.94819	  0.718743	  1.02432e-05	  5.50421e-07	  1008	  4.48577e-08
372	  1.94819	  0.781255	  1.02432e-05	  5.7531e-07	  1164	  4.56281e-08
373	  1.94819	  0.843774	  1.02432e-05	  6.65397e-07	  1176	  5.26732e-08
374	  1.94819	  0.90628	  1.02432e-05	  6.63337e-07	  1080	  5.33516e-08
375	  1.94819	  0.968758	  1.02432e-05	  6.65171e-07	  1038	  5.39045e-08
376	  2.25604	  0.030936	  7.19976e-06	  2.35068e-07	  1896	  1.71519e-08
377	  2.25604	  0.0938307	  7.19976e-06	  2.47673e-07	  1272	  1.93281e-08
378	  2.25604	  0.156319	  7.19976e-06	  2.375e-07	  2040	  1.71334e-08
379	  2.25604	  0.218712	  7.19976e-06	  2.44141e-07	  1740	  1.80599e-08
380	  2.25604	  0.281224	  7.19976e-06	  2.48547e-07	  1584	  1.86724e-08
381	  2.25604	  0.343807	  7.19976e-06	  2.66224e-07	  1764	  1.96499e-08
382	  2.25604	  0.406302	  7.19976e-06	  2.73453e-07	  1632	  2.04416e-08
383	  2.25604	  0.468745	  7.19976e-06	  2.87529e-07	  1860	  2.10434e-08
384	  2.25604	  0.531226	  7.19976e-06	  3.14931e-07	  1560	  2.37201e-08
385	  2.25604	  0.593785	  7.19976e-06	  3.11934e-07	  1692	  2.31801e-08
386	  2.25604	  0.656281	  7.19976e-06	  3.6836e-07	  1704	  2.73416e-08
387	  2.25604	  0.718743	  7.19976e-06	  3.61402e-07	  1824	  2.65322e-08
388	  2.25604	  0.781255	  7.19976e-06	  3.85373e-07	  1668	  2.87045e-08
389	  2.25604	  0.843774	  7.19976e-06	  4.34738e-07	  1680	  3.23434e-08
390	  2.25604	  0.90628	  7.19976e-06	  4.23635e-07	  1776	  3.12342e-08
391	  2.25604	  0.968758	  7.19976e-06	  4.53564e-07	  1656	  3.3824e-08
392	  2.61216	  0.030936	  5.04692e-06	  1.71512e-07	  2586	  1.19483e-08
393	  2.61216	  0.0938307	  5.04692e-06	  1.72651e-07	  3036	  1.17659e-08
394	  2.61216	  0.156319	  5.04692e-06	  1.79583e-07	  2124	  1.28758e-08
395	  2.61216	  0.218712	  5.04692e-06	  1.73483e-07	  2940	  1.18737e-08
396	  2.61216	  0.281224	  5.04692e-06	  1.8309e-07	  2616	  1.27342e-08
397	  2.61216	  0.343807	  5.04692e-06	  1.85207e-07	  2448	  1.30036e-08
398	  2.61216	  0.406302	  5.04692e-06	  1.92274e-07	  2916	  1.31743e-08
399	  2.61216	  0.468745	  5.04692e-06	  1.98478e-07	  2544	  1.3859e-08
400	  2.61216	  0.531226	  5.04692e-06	  2.194e-07	  2652	  1.52304e-08
401	  2.61216	  0.593785	  5.04692e-06	  2.18629e-07	  2748	  1.51021e-08
402	  2.61216	  0.656281	  5.04692e-06	  2.36189e-07	  2676	  1.63753e-08
403	  2.61216	  0.718743	  5.04692e-06	  2.44425e-07	  2472	  1.71373e-08
404	  2.61216	  0.781255	  5.04692e-06	  2.53702e-07	  2616	  1.76454e-08
405	  2.61216	  0.843774	  5.04692e-06	  2.6809e-07	  2736	  1.85298e-08
406	  2.61216	  0.90628	  5.04692e-06	  2.75184e-07	  2568	  1.91896e-08
407	  2.61216	  0.968758	  5.04692e-06	  2.72243e-07	  2745	  1.88083e-08
408	  3.02645	  0.030936	  3.52029e-06	  1.22578e-07	  3414	  8.22677e-09
409	  3.02645	  0.0938307	  3.52029e-06	  1.26378e-07	  4512	  8.2003e-09
410	  3.02645	  0.156319	  3.52029e-06	  1.27073e-07	  4632	  8.22073e-09
411	  3.02645	  0.218712	  3.52029e-06	  1.23005e-07	  3972	  8.10196e-09
412	  3.02645	  0.281224	  3.52029e-06	  1.25866e-07	  4176	  8.241e-09
413	  3.02645	  0.343807	  3.52029e-06	  1.30581e-07	  4344	  8.51026e-09
414	  3.02645	  0.406302	  3.52029e-06	  1.35323e-07	  4044	  8.89413e-09
415	  3.02645	  0.468745	  3.52029e-06	  1.41563e-07	  4092	  9.29116e-09
416	  3.02645	  0.531226	  3.52029e-06	  1.50319e-07	  4296	  9.80937e-09
417	  3.02645	  0.593785	  3.52029e-06	  1.498e-07	  3996	  9.85971e-09
418	  3.02645	  0.656281	  3.52029e-06	  1.63616e-07	  4188	  1.0709e-08
419	  3.02645	  0.718743	  3.52029e-06	  1.61025e-07	  4212	  1.05324e-08
420	  3.02645	  0.781255	  3.52029e-06	  1.63469e-07	  4140	  1.0714e-08
421	  3.02645	  0.843774	  3.52029e-06	  1.67069e-07	  4128	  1.09537e-08
422	  3.02645	  0.90628	  3.52029e-06	  1.66893e-07	  4188	  1.09235e-08
423	  3.02645	  0.968758	  3.52029e-06	  1.62193e-07	  4128	  1.06341e-08
424	  3.50419	  0.030936	  2.45325e-06	  8.65645e-08	  7002	  5.36272e-09
425	  3.50419	  0.0938307	  2.45325e-06	  9.02866e-08	  6240	  5.65729e-09
426	  3.50419	  0.156319	  2.45325e-06	  8.77662e-08	  5964	  5.52478e-09
427	  3.50419	  0.218712	  2.45325e-06	  8.70839e-08	  6180	  5.46195e-09
428	  3.50419	  0.281224	  2.45325e-06	  9.23919e-08	  6420	  5.77269e-09
429	  3.50419	  0.343807	  2.45325e-06	  8.9114e-08	  6516	  5.55967e-09
430	  3.50419	  0.406302	  2.45325e-06	  9.40488e-08	  6312	  5.88622e-09
431	  3.50419	  0.468745	  2.45325e-06	  9.69786e-08	  6276	  6.07308e-09
432	  3.50419	  0.531226	  2.45325e-06	  9.96631e-08	  6360	  6.23286e-09
433	  3.50419	  0.593785	  2.45325e-06	  9.98864e-08	  6408	  6.24212e-09
434	  3.50419	  0.656281	  2.45325e-06	  9.99529e-08	  6360	  6.25098e-09
435	  3.50419	  0.718743	  2.45325e-06	  1.02492e-07	  6336	  6.41223e-09
436	  3.50419	  0.781255	  2.45325e-06	  1.02203e-07	  6372	  6.39048e-09
437	  3.50419	  0.843774	  2.45325e-06	  1.00156e-07	  6456	  6.25434e-09
438	  3.50419	  0.90628	  2.45325e-06	  9.74827e-08	  6360	  6.09649e-09
439	  3.50419	  0.968758	  2.45325e-06	  9.32577e-08	  6327	  5.83531e-09
440	  4.05763	  0.030936	  1.70477e-06	  6.40743e-08	  10392	  3.83226e-09
441	  4.05763	  0.0938307	  1.70477e-06	  6.33565e-08	  9420	  3.8206e-09
442	  4.05763	  0.156319	  1.70477e-06	  6.42753e-08	  10176	  3.85093e-09
443	  4.05763	  0.218712	  1.70477e-06	  6.37223e-08	  10260	  3.81521e-09
444	  4.05763	  0.281224	  1.70477e-06	  6.36393e-08	  9528	  3.83393e-09
445	  4.05763	  0.343807	  1.70477e-06	  6.31776e-08	  10140	  3.78628e-09
446	  4.05763	  0.406302	  1.70477e-06	  6.45013e-08	  9960	  3.87137e-09
447	  4.05763	  0.468745	  1.70477e-06	  6.48438e-08	  10068	  3.88843e-09
448	  4.05763	  0.531226	  1.70477e-06	  6.62911e-08	  9996	  3.9776e-09
449	  4.05763	  0.593785	  1.70477e-06	  6.4527e-08	  9828	  3.87724e-09
450	  4.05763	  0.656281	  1.70477e-06	  6.36195e-08	  10032	  3.81615e-09
451	  4.05763	  0.718743	  1.70477e-06	  6.29064e-08	  9924	  3.77679e-09
452	  4.05763	  0.781255	  1.70477e-06	  6.20376e-08	  10116	  3.71869e-09
453	  4.05763	  0.843774	  1.70477e-06	  5.92824e-08	  9888	  3.56029e-09
454	  4.05763	  0.90628	  1.70477e-06	  5.60116e-08	  10008	  3.36047e-09
455	  4.05763	  0.968758	  1.70477e-06	  5.2429e-08	  9978	  3.14632e-09
456	  4.69917	  0.030936	  1.18077e-06	  4.65845e-08	  13626	  2.72831e-09
457	  4.69917	  0.0938307	  1.18077e-06	  4.62046e-08	  16392	  2.67112e-09
458	  4.69917	  0.156319	  1.18077e-06	  4.53478e-08	  15708	  2.62921e-09
459	  4.69917	  0.218712	  1.18077e-06	  4.44191e-08	  15432	  2.57852e-09
460	  4.69917	  0.281224	  1.18077e-06	  4.41103e-08	  15780	  2.55666e-09
461	  4.69917	  0.343807	  1.18077e-06	  4.37262e-08	  15300	  2.53981e-09
462	  4.69917	  0.406302	  1.18077e-06	  4.23075e-08	  15588	  2.45423e-09
463	  4.69917	  0.468745	  1.18077e-06	  4.23807e-08	  15396	  2.46059e-09
464	  4.69917	  0.531226	  1.18077e-06	  4.27259e-08	  15504	  2.47943e-09
465	  4.69917	  0.593785	  1.18077e-06	  4.13641e-08	  15660	  2.39875e-09
466	  4.69917	  0.656281	  1.18077e-06	  3.94118e-08	  15192	  2.29034e-09
467	  4.69917	  0.718743	  1.18077e-06	  3.78054e-08	  15600	  2.19295e-09
468	  4.69917	  0.781255	  1.18077e-06	  3.58042e-08	  15216	  2.08047e-09
469	  4.69917	  0.843774	  1.18077e-06	  3.32954e-08	  15516	  1.93207e-09
470	  4.69917	  0.90628	  1.18077e-06	  3.10723e-08	  15540	  1.80287e-09
471	  4.69917	  0.968758	  1.18077e-06	  2.80361e-08	  15405	  1.62769e-09
472	  5.4432	  0.030936	  8.15755e-07	  3.29816e-08	  26250	  1.85265e-09
473	  5.4432	  0.0938307	  8.15755e-07	  3.23978e-08	  22392	  1.83639e-09
474	  5.4432	  0.156319	  8.15755e-07	  3.15064e-08	  24516	  1.77654e-09
475	  5.4432	  0.218712	  8.15755e-07	  3.08197e-08	  23592	  1.74164e-09
476	  5.4432	  0.281224	  8.15755e-07	  2.99704e-08	  24264	  1.69092e-09
477	  5.4432	  0.343807	  8.15755e-07	  2.90875e-08	  23928	  1.64242e-09
478	  5.4432	  0.406302	  8.15755e-07	  2.80342e-08	  24120	  1.58222e-09
479	  5.4432	  0.468745	  8.15755e-07	  2.69675e-08	  23964	  1.52258e-09
480	  5.4432	  0.531226	  8.15755e-07	  2.59405e-08	  24060	  1.46426e-09
481	  5.4432	  0.593785	  8.15755e-07	  2.47872e-08	  24108	  1.399e-09
482	  5.4432	  0.656281	  8.15755e-07	  2.29004e-08	  24228	  1.29214e-09
483	  5.4432	  0.718743	  8.15755e-07	  2.17757e-08	  24144	  1.22893e-09
484	  5.4432	  0.781255	  8.15755e-07	  1.9889e-08	  23940	  1.123e-09
485	  5.4432	  0.843774	  8.15755e-07	  1.8018e-08	  24192	  1.01674e-09
486	  5.4432	  0.90628	  8.15755e-07	  1.59679e-08	  23988	  9.01495e-10
487	  5.4432	  0.968758	  8.15755e-07	  1.38885e-08	  24141	  7.83815e-10
488	  6.30378	  0.030936	  5.62645e-07	  2.31977e-08	  35082	  1.28374e-09
489	  6.30378	  0.0938307	  5.62645e-07	  2.26899e-08	  39108	  1.24923e-09
490	  6.30378	  0.156319	  5.62645e-07	  2.15868e-08	  36924	  1.19168e-09
491	  6.30378	  0.218712	  5.62645e-07	  2.08934e-08	  37692	  1.15229e-09
492	  6.30378	  0.281224	  5.62645e-07	  1.98774e-08	  37092	  1.09708e-09
493	  6.30378	  0.343807	  5.62645e-07	  1.88636e-08	  37536	  1.04054e-09
494	  6.30378	  0.406302	  5.62645e-07	  1.7887e-08	  36984	  9.87362e-10
495	  6.30378	  0.468745	  5.62645e-07	  1.66636e-08	  37428	  9.19316e-10
496	  6.30378	  0.531226	  5.62645e-07	  1.53909e-08	  37392	  8.49136e-10
497	  6.30378	  0.593785	  5.62645e-07	  1.42266e-08	  37200	  7.85093e-10
498	  6.30378	  0.656281	  5.62645e-07	  1.28178e-08	  36924	  7.07593e-10
499	  6.30378	  0.718743	  5.62645e-07	  1.14548e-08	  37272	  6.32074e-10
500	  6.30378	  0.781255	  5.62645e-07	  1.0171e-08	  37284	  5.61224e-10
501	  6.30378	  0.843774	  5.62645e-07	  8.9423e-09	  37188	  4.93486e-10
502	  6.30378	  0.90628	  5.62645e-07	  7.68955e-09	  37320	  4.24282e-10
503	  6.30378	  0.968758	  5.62645e-07	  6.42542e-09	  37119	  3.54621e-10
504	  7.30029	  0.030936	  3.87106e-07	  1.58726e-08	  60258	  8.58293e-10
505	  7.30029	  0.0938307	  3.87106e-07	  1.52981e-08	  56916	  8.29028e-10
506	  7.30029	  0.156319	  3.87106e-07	  1.45797e-08	  56820	  7.9015e-10
507	  7.30029	  0.218712	  3.87106e-07	  1.36422e-08	  58716	  7.3841e-10
508	  7.30029	  0.281224	  3.87106e-07	  1.27398e-08	  57840	  6.89963e-10
509	  7.30029	  0.343807	  3.87106e-07	  1.17529e-08	  57612	  6.36609e-10
510	  7.30029	  0.406302	  3.87106e-07	  1.07485e-08	  58464	  5.81878e-10
511	  7.30029	  0.468745	  3.87106e-07	  9.65912e-09	  57948	  5.23081e-10
512	  7.30029	  0.531226	  3.87106e-07	  8.66734e-09	  57708	  4.69447e-10
513	  7.30029	  0.593785	  3.87106e-07	  7.61332e-09	  58236	  4.12215e-10
514	  7.30029	  0.656281	  3.87106e-07	  6.6187e-09	  58008	  3.58416e-10
515	  7.30029	  0.718743	  3.87106e-07	  5.64908e-09	  58200	  3.0587e-10
516	  7.30029	  0.781255	  3.87106e-07	  4.79393e-09	  58128	  2.5958e-10
517	  7.30029	  0.843774	  3.87106e-07	  4.08437e-09	  57972	  2.21182e-10
518	  7.30029	  0.90628	  3.87106e-07	  3.37938e-09	  57960	  1.83006e-10
519	  7.30029	  0.968758	  3.87106e-07	  2.72459e-09	  58122	  1.47531e-10
520	  8.455	  0.030936	  2.65864e-07	  1.0666e-08	  90198	  5.68816e-10
521	  8.455	  0.0938307	  2.65864e-07	  1.02744e-08	  89292	  5.48105e-10
522	  8.455	  0.156319	  2.65864e-07	  9.5464e-09	  90804	  5.09e-10
523	  8.455	  0.218712	  2.65864e-07	  8.66129e-09	  89628	  4.61996e-10
524	  8.455	  0.281224	  2.65864e-07	  7.91972e-09	  89844	  4.22408e-10
525	  8.455	  0.343807	  2.65864e-07	  6.92332e-09	  90636	  3.69163e-10
526	  8.455	  0.406302	  2.65864e-07	  6.11277e-09	  89628	  3.26057e-10
527	  8.455	  0.468745	  2.65864e-07	  5.25434e-09	  89772	  2.80254e-10
528	  8.455	  0.531226	  2.65864e-07	  4.43607e-09	  90324	  2.36564e-10
529	  8.455	  0.593785	  2.65864e-07	  3.77805e-09	  89784	  2.01511e-10
530	  8.455	  0.656281	  2.65864e-07	  3.13964e-09	  90216	  1.67435e-10
531	  8.455	  0.718743	  2.65864e-07	  2.55955e-09	  89796	  1.36519e-10
532	  8.455	  0.781255	  2.65864e-07	  2.11e-09	  90120	  1.12529e-10
533	  8.455	  0.843774	  2.65864e-07	  1.70358e-09	  90132	  9.08534e-11
534	  8.455	  0.90628	  2.65864e-07	  1.35741e-09	  89916	  7.23972e-11
535	  8.455	  0.968758	  2.65864e-07	  1.05715e-09	  89964	  5.63821e-11
536	  9.79129	  0.030936	  1.82229e-07	  6.99105e-09	  139068	  3.683e-10
537	  9.79129	  0.0938307	  1.82229e-07	  6.53666e-09	  141180	  3.4423e-10
538	  9.79129	  0.156319	  1.82229e-07	  5.94138e-09	  139380	  3.12984e-10
539	  9.79129	  0.218712	  1.82229e-07	  5.25007e-09	  138804	  2.76595e-10
540	  9.79129	  0.281224	  1.82229e-07	  4.55957e-09	  140952	  2.40123e-10
541	  9.79129	  0.343807	  1.82229e-07	  3.83189e-09	  139668	  2.01848e-10
542	  9.79129	  0.406302	  1.82229e-07	  3.19506e-09	  139464	  1.68309e-10
543	  9.79129	  0.468745	  1.82229e-07	  2.60934e-09	  139812	  1.37445e-10
544	  9.79129	  0.531226	  1.82229e-07	  2.1099e-09	  139884	  1.11136e-10
545	  9.79129	  0.593785	  1.82229e-07	  1.69252e-09	  140184	  8.91466e-11
546	  9.79129	  0.656281	  1.82229e-07	  1.35752e-09	  139404	  7.15119e-11
547	  9.79129	  0.718743	  1.82229e-07	  1.08826e-09	  139932	  5.73224e-11
548	  9.79129	  0.781255	  1.82229e-07	  8.5422e-10	  139980	  4.49942e-11
549	  9.79129	  0.843774	  1.82229e-07	  6.60928e-10	  139632	  3.48152e-11
550	  9.79129	  0.90628	  1.82229e-07	  5.04683e-10	  140088	  2.65825e-11
551	  9.79129	  0.968758	  1.82229e-07	  3.7476e-10	  139623	  1.97409e-11
