#n	   k	      mu	    PL	    Pf	     w	     err  
0	  0.10472	  1	  0.00379853	  0.000374817	  3	  0.000235142
1	  0.20944	  1	  0.00134928	  0.000106109	  3	  6.65674e-05
2	  0.314159	  1	  0.000632002	  0.000101076	  3	  6.341e-05
3	  0.418879	  1	  0.000354209	  1.90351e-05	  3	  1.19417e-05
4	  0.523599	  1	  0.00022393	  5.65539e-06	  3	  3.54791e-06
5	  0.628319	  1	  0.000151731	  2.72372e-05	  3	  1.70873e-05
6	  0.733038	  1	  0.000108477	  1.24434e-05	  3	  7.80636e-06
7	  0.837758	  1	  8.07459e-05	  1.07531e-05	  3	  6.74599e-06
8	  0.942478	  1	  6.20055e-05	  1.63937e-06	  3	  1.02846e-06
9	  0.10472	  0	  0.00379853	  6.37208e-05	  6	  2.91999e-05
10	  0.148096	  0.707107	  0.00241558	  9.02434e-05	  12	  3.05632e-05
11	  0.23416	  0.894427	  0.00106881	  0.00010993	  12	  3.72305e-05
12	  0.331153	  0.948683	  0.000572332	  4.43466e-05	  12	  1.50191e-05
13	  0.431771	  0.970143	  0.00033334	  2.4157e-05	  12	  8.18136e-06
14	  0.533968	  0.980581	  0.000214781	  1.58504e-05	  12	  5.36813e-06
15	  0.636985	  0.986394	  0.000147282	  9.68884e-06	  12	  3.28137e-06
16	  0.74048	  0.989949	  0.00010613	  1.25386e-05	  12	  4.24652e-06
17	  0.844278	  0.992278	  7.93415e-05	  6.06555e-06	  12	  2.05425e-06
18	  0.948278	  0.993884	  6.11422e-05	  5.85833e-06	  12	  1.98407e-06
19	  0.148096	  0	  0.00241558	  3.37722e-05	  6	  1.5476e-05
20	  0.18138	  0.57735	  0.0017137	  4.60591e-05	  12	  1.55991e-05
21	  0.25651	  0.816497	  0.000940668	  5.23681e-05	  12	  1.77358e-05
22	  0.347316	  0.904534	  0.000515517	  3.07103e-05	  12	  1.04008e-05
23	  0.444288	  0.942809	  0.00031512	  2.0429e-05	  12	  6.91879e-06
24	  0.54414	  0.96225	  0.000206254	  1.72969e-05	  12	  5.85804e-06
25	  0.645536	  0.973329	  0.000143139	  1.06554e-05	  12	  3.60871e-06
26	  0.747849	  0.980196	  0.00010381	  6.85007e-06	  12	  2.31995e-06
27	  0.850747	  0.984732	  7.80228e-05	  7.76247e-06	  12	  2.62896e-06
28	  0.954042	  0.987878	  6.03124e-05	  5.62603e-06	  12	  1.9054e-06
29	  0.20944	  0	  0.00134928	  2.09486e-05	  6	  9.59966e-06
30	  0.23416	  0.447214	  0.00106881	  3.47831e-05	  12	  1.17802e-05
31	  0.296192	  0.707107	  0.000695986	  4.17919e-05	  12	  1.41539e-05
32	  0.377572	  0.83205	  0.000438644	  2.80822e-05	  12	  9.51075e-06
33	  0.468321	  0.894427	  0.00028273	  2.24721e-05	  12	  7.61075e-06
34	  0.563933	  0.928477	  0.000191181	  8.72677e-06	  12	  2.95554e-06
35	  0.662306	  0.948683	  0.000135378	  8.64625e-06	  12	  2.92827e-06
36	  0.762371	  0.961524	  9.95093e-05	  8.91809e-06	  12	  3.02034e-06
37	  0.863541	  0.970143	  7.54539e-05	  2.38573e-06	  12	  8.07988e-07
38	  0.965468	  0.976187	  5.87146e-05	  3.88191e-06	  12	  1.31471e-06
39	  0.23416	  0	  0.00106881	  2.15288e-05	  12	  7.29127e-06
40	  0.25651	  0.408248	  0.000940668	  2.08427e-05	  24	  5.29665e-06
41	  0.314159	  0.666667	  0.000632002	  2.87597e-05	  24	  7.30854e-06
42	  0.391825	  0.801784	  0.000408396	  2.104e-05	  24	  5.34677e-06
43	  0.479886	  0.872872	  0.000268343	  2.42662e-05	  24	  6.16662e-06
44	  0.573574	  0.912871	  0.000184519	  1.09693e-05	  24	  2.78756e-06
45	  0.670534	  0.937043	  0.000131833	  7.21948e-06	  24	  1.83464e-06
46	  0.76953	  0.952579	  9.75033e-05	  6.96578e-06	  24	  1.77017e-06
47	  0.869868	  0.963087	  7.4243e-05	  5.60594e-06	  24	  1.42461e-06
48	  0.971131	  0.970495	  5.79317e-05	  4.60011e-06	  24	  1.169e-06
49	  0.296192	  0	  0.000695986	  1.23569e-05	  6	  5.66251e-06
50	  0.314159	  0.333333	  0.000632002	  1.57669e-05	  12	  5.33984e-06
51	  0.36276	  0.57735	  0.000471853	  1.33925e-05	  12	  4.53571e-06
52	  0.431771	  0.727607	  0.00033334	  1.73237e-05	  12	  5.8671e-06
53	  0.51302	  0.816497	  0.000233677	  1.50548e-05	  12	  5.09869e-06
54	  0.601569	  0.870388	  0.000166611	  1.16233e-05	  12	  3.93654e-06
55	  0.694632	  0.904534	  0.000122073	  1.15884e-05	  12	  3.92472e-06
56	  0.790617	  0.927173	  9.18345e-05	  6.30268e-06	  12	  2.13456e-06
57	  0.888577	  0.942809	  7.0786e-05	  4.92241e-06	  12	  1.6671e-06
58	  0.987924	  0.953998	  5.57298e-05	  2.30551e-06	  12	  7.8082e-07
59	  0.314159	  0	  0.000632002	  1.63441e-05	  6	  7.48966e-06
60	  0.331153	  0.316228	  0.000572332	  1.27228e-05	  12	  4.30889e-06
61	  0.377572	  0.5547	  0.000438644	  1.82057e-05	  12	  6.16581e-06
62	  0.444288	  0.707107	  0.00031512	  9.63444e-06	  12	  3.26295e-06
63	  0.523599	  0.8	  0.00022393	  1.46282e-05	  12	  4.9542e-06
64	  0.610616	  0.857493	  0.000161348	  6.12861e-06	  12	  2.07561e-06
65	  0.702481	  0.894427	  0.000119103	  7.29405e-06	  12	  2.47031e-06
66	  0.797522	  0.919145	  9.00783e-05	  6.29743e-06	  12	  2.13278e-06
67	  0.894726	  0.936329	  6.96796e-05	  3.21187e-06	  12	  1.08778e-06
68	  0.993459	  0.948683	  5.50341e-05	  3.88745e-06	  12	  1.31658e-06
69	  0.331153	  0	  0.000572332	  9.96833e-06	  12	  3.37602e-06
70	  0.347316	  0.301511	  0.000515517	  9.25684e-06	  24	  2.35239e-06
71	  0.391825	  0.534522	  0.000408396	  9.77908e-06	  24	  2.4851e-06
72	  0.456463	  0.688247	  0.000298414	  1.76503e-05	  24	  4.48536e-06
73	  0.533968	  0.784465	  0.000214781	  9.45165e-06	  24	  2.40189e-06
74	  0.61953	  0.845154	  0.000156415	  6.79442e-06	  24	  1.72663e-06
75	  0.710244	  0.884652	  0.000116293	  1.07379e-05	  24	  2.72875e-06
76	  0.804368	  0.911322	  8.83936e-05	  5.63136e-06	  24	  1.43107e-06
77	  0.900833	  0.929981	  6.86392e-05	  4.51107e-06	  24	  1.14637e-06
78	  0.998963	  0.943456	  5.43564e-05	  2.91696e-06	  24	  7.4127e-07
79	  0.377572	  0	  0.000438644	  8.33879e-06	  12	  2.82414e-06
80	  0.391825	  0.267261	  0.000408396	  6.37743e-06	  24	  1.62066e-06
81	  0.431771	  0.485071	  0.00033334	  1.09623e-05	  24	  2.78579e-06
82	  0.491179	  0.639602	  0.000255503	  7.86009e-06	  24	  1.99744e-06
83	  0.563933	  0.742781	  0.000191181	  1.0399e-05	  24	  2.64263e-06
84	  0.645536	  0.811107	  0.000143139	  8.54398e-06	  24	  2.17123e-06
85	  0.733038	  0.857143	  0.000108477	  7.33535e-06	  24	  1.86409e-06
86	  0.824564	  0.889001	  8.36412e-05	  3.40382e-06	  24	  8.64992e-07
87	  0.918912	  0.911685	  6.56405e-05	  4.93274e-06	  24	  1.25353e-06
88	  0.418879	  0	  0.000354209	  1.88622e-06	  6	  8.64355e-07
89	  0.431771	  0.242536	  0.00033334	  4.77563e-06	  12	  1.61739e-06
90	  0.468321	  0.447214	  0.00028273	  8.53399e-06	  12	  2.89025e-06
91	  0.523599	  0.6	  0.00022393	  7.96073e-06	  12	  2.6961e-06
92	  0.592384	  0.707107	  0.000172252	  3.86426e-06	  12	  1.30873e-06
93	  0.670534	  0.780869	  0.000131833	  8.28489e-06	  12	  2.80589e-06
94	  0.755145	  0.83205	  0.000101648	  4.9025e-06	  12	  1.66036e-06
95	  0.844278	  0.868243	  7.93415e-05	  4.71007e-06	  12	  1.59518e-06
96	  0.936642	  0.894427	  6.28741e-05	  2.40744e-06	  12	  8.15339e-07
97	  0.431771	  0	  0.00033334	  4.56032e-06	  12	  1.54447e-06
98	  0.444288	  0.235702	  0.00031512	  2.90148e-06	  24	  7.37335e-07
99	  0.479886	  0.436436	  0.000268343	  9.60869e-06	  24	  2.4418e-06
100	  0.533968	  0.588348	  0.000214781	  5.137e-06	  24	  1.30544e-06
101	  0.601569	  0.696311	  0.000166611	  4.90062e-06	  24	  1.24537e-06
102	  0.678662	  0.771517	  0.000128405	  4.48834e-06	  24	  1.1406e-06
103	  0.762371	  0.824163	  9.95093e-05	  6.58312e-06	  24	  1.67293e-06
104	  0.850747	  0.86164	  7.80228e-05	  5.61066e-06	  24	  1.4258e-06
105	  0.942478	  0.888889	  6.20055e-05	  4.59031e-06	  24	  1.16651e-06
106	  0.444288	  0	  0.00031512	  4.11343e-06	  6	  1.88497e-06
107	  0.456463	  0.229416	  0.000298414	  7.46017e-06	  12	  2.52657e-06
108	  0.491179	  0.426401	  0.000255503	  6.35614e-06	  12	  2.15267e-06
109	  0.54414	  0.57735	  0.000206254	  2.3022e-06	  12	  7.79698e-07
110	  0.610616	  0.685994	  0.000161348	  8.18673e-06	  12	  2.77264e-06
111	  0.686693	  0.762493	  0.00012517	  5.21738e-06	  12	  1.767e-06
112	  0.76953	  0.816497	  9.75033e-05	  4.73852e-06	  12	  1.60482e-06
113	  0.857168	  0.855186	  7.6714e-05	  2.77019e-06	  12	  9.38194e-07
114	  0.948278	  0.883452	  6.11422e-05	  2.12535e-06	  12	  7.19804e-07
115	  0.468321	  0	  0.00028273	  5.24102e-06	  12	  1.775e-06
116	  0.479886	  0.218218	  0.000268343	  7.33752e-06	  24	  1.86464e-06
117	  0.51302	  0.408248	  0.000233677	  7.49204e-06	  24	  1.90391e-06
118	  0.563933	  0.557086	  0.000191181	  7.07398e-06	  24	  1.79767e-06
119	  0.628319	  0.666667	  0.000151731	  5.29908e-06	  24	  1.34663e-06
120	  0.702481	  0.745356	  0.000119103	  5.96575e-06	  24	  1.51604e-06
121	  0.783651	  0.801784	  9.36575e-05	  5.12096e-06	  24	  1.30136e-06
122	  0.869868	  0.842701	  7.4243e-05	  3.42297e-06	  24	  8.69859e-07
123	  0.959772	  0.872872	  5.95111e-05	  3.22491e-06	  24	  8.19529e-07
124	  0.523599	  0	  0.00022393	  3.63629e-06	  18	  1.0389e-06
125	  0.533968	  0.196116	  0.000214781	  3.39204e-06	  36	  7.34943e-07
126	  0.563933	  0.371391	  0.000191181	  3.39747e-06	  36	  7.36119e-07
127	  0.610616	  0.514496	  0.000161348	  4.07463e-06	  36	  8.82837e-07
128	  0.670534	  0.624695	  0.000131833	  4.23347e-06	  36	  9.17253e-07
129	  0.74048	  0.707107	  0.00010613	  4.60517e-06	  36	  9.97786e-07
130	  0.817887	  0.768221	  8.51823e-05	  3.9505e-06	  36	  8.55943e-07
131	  0.900833	  0.813733	  6.86392e-05	  3.39067e-06	  36	  7.34646e-07
132	  0.987924	  0.847998	  5.57298e-05	  2.97373e-06	  36	  6.44308e-07
133	  0.533968	  0	  0.000214781	  3.35539e-06	  12	  1.13639e-06
134	  0.54414	  0.19245	  0.000206254	  5.12677e-06	  24	  1.30284e-06
135	  0.573574	  0.365148	  0.000184519	  3.48774e-06	  24	  8.86319e-07
136	  0.61953	  0.507093	  0.000156415	  4.51652e-06	  24	  1.14776e-06
137	  0.678662	  0.617213	  0.000128405	  4.33053e-06	  24	  1.10049e-06
138	  0.747849	  0.70014	  0.00010381	  4.08277e-06	  24	  1.03753e-06
139	  0.824564	  0.762001	  8.36412e-05	  1.69464e-06	  24	  4.30648e-07
140	  0.9069	  0.80829	  6.76145e-05	  3.78568e-06	  24	  9.62033e-07
141	  0.993459	  0.843274	  5.50341e-05	  2.82188e-06	  24	  7.17107e-07
142	  0.563933	  0	  0.000191181	  1.41137e-06	  12	  4.77996e-07
143	  0.573574	  0.182574	  0.000184519	  2.8609e-06	  24	  7.27024e-07
144	  0.601569	  0.348155	  0.000166611	  3.73106e-06	  24	  9.48154e-07
145	  0.645536	  0.486664	  0.000143139	  4.36688e-06	  24	  1.10973e-06
146	  0.702481	  0.596285	  0.000119103	  4.49621e-06	  24	  1.1426e-06
147	  0.76953	  0.680414	  9.75033e-05	  2.5961e-06	  24	  6.59733e-07
148	  0.844278	  0.744208	  7.93415e-05	  4.09806e-06	  24	  1.04141e-06
149	  0.92486	  0.792594	  6.46977e-05	  3.22868e-06	  24	  8.20486e-07
150	  0.592384	  0	  0.000172252	  1.01218e-06	  6	  4.63828e-07
151	  0.601569	  0.174078	  0.000166611	  2.08499e-06	  12	  7.06134e-07
152	  0.628319	  0.333333	  0.000151731	  2.92577e-06	  12	  9.90884e-07
153	  0.670534	  0.468521	  0.000131833	  2.54883e-06	  12	  8.63227e-07
154	  0.72552	  0.57735	  0.000110996	  4.95262e-06	  12	  1.67733e-06
155	  0.790617	  0.662266	  9.18345e-05	  3.60033e-06	  12	  1.21934e-06
156	  0.863541	  0.727607	  7.54539e-05	  2.99515e-06	  12	  1.01438e-06
157	  0.942478	  0.777778	  6.20055e-05	  2.26308e-06	  12	  7.66449e-07
158	  0.610616	  0	  0.000161348	  2.1281e-06	  12	  7.20734e-07
159	  0.61953	  0.169031	  0.000156415	  2.61071e-06	  24	  6.63444e-07
160	  0.645536	  0.324443	  0.000143139	  3.10555e-06	  24	  7.89195e-07
161	  0.686693	  0.457496	  0.00012517	  3.41575e-06	  24	  8.68024e-07
162	  0.74048	  0.565685	  0.00010613	  2.94005e-06	  24	  7.47137e-07
163	  0.804368	  0.650945	  8.83936e-05	  3.91567e-06	  24	  9.95066e-07
164	  0.876148	  0.717137	  7.30409e-05	  3.35064e-06	  24	  8.51479e-07
165	  0.954042	  0.76835	  6.03124e-05	  2.69559e-06	  24	  6.85014e-07
166	  0.628319	  0	  0.000151731	  7.50841e-06	  6	  3.44072e-06
167	  0.636985	  0.164399	  0.000147282	  3.61706e-06	  12	  1.22501e-06
168	  0.662306	  0.316228	  0.000135378	  2.35473e-06	  12	  7.97488e-07
169	  0.702481	  0.447214	  0.000119103	  1.34511e-06	  12	  4.55556e-07
170	  0.755145	  0.5547	  0.000101648	  1.8296e-06	  12	  6.19639e-07
171	  0.817887	  0.640184	  8.51823e-05	  2.28034e-06	  12	  7.72296e-07
172	  0.888577	  0.707107	  7.0786e-05	  2.52241e-06	  12	  8.54277e-07
173	  0.965468	  0.759257	  5.87146e-05	  2.92803e-06	  12	  9.9165e-07
174	  0.636985	  0	  0.000147282	  3.51529e-06	  12	  1.19054e-06
175	  0.645536	  0.162221	  0.000143139	  1.91033e-06	  24	  4.85462e-07
176	  0.670534	  0.312348	  0.000131833	  2.19402e-06	  24	  5.57554e-07
177	  0.710244	  0.442326	  0.000116293	  2.96215e-06	  24	  7.52753e-07
178	  0.762371	  0.549442	  9.95093e-05	  3.70156e-06	  24	  9.40657e-07
179	  0.824564	  0.635001	  8.36412e-05	  1.86772e-06	  24	  4.74634e-07
180	  0.894726	  0.702247	  6.96796e-05	  1.93131e-06	  24	  4.90793e-07
181	  0.971131	  0.754829	  5.79317e-05	  2.37521e-06	  24	  6.03597e-07
182	  0.662306	  0	  0.000135378	  2.17995e-06	  12	  7.38293e-07
183	  0.670534	  0.156174	  0.000131833	  2.02736e-06	  24	  5.15202e-07
184	  0.694632	  0.301511	  0.000122073	  2.22562e-06	  24	  5.65584e-07
185	  0.733038	  0.428571	  0.000108477	  2.88348e-06	  24	  7.32761e-07
186	  0.783651	  0.534522	  9.36575e-05	  2.38111e-06	  24	  6.05098e-07
187	  0.844278	  0.620174	  7.93415e-05	  2.35777e-06	  24	  5.99166e-07
188	  0.912926	  0.688247	  6.65967e-05	  1.72581e-06	  24	  4.3857e-07
189	  0.987924	  0.741999	  5.57298e-05	  1.98339e-06	  24	  5.04026e-07
190	  0.670534	  0	  0.000131833	  2.59738e-06	  12	  8.79669e-07
191	  0.678662	  0.154303	  0.000128405	  1.74362e-06	  24	  4.43095e-07
192	  0.702481	  0.298142	  0.000119103	  2.79804e-06	  24	  7.1105e-07
193	  0.74048	  0.424264	  0.00010613	  2.19116e-06	  24	  5.56827e-07
194	  0.790617	  0.529813	  9.18345e-05	  2.39745e-06	  24	  6.0925e-07
195	  0.850747	  0.615457	  7.80228e-05	  1.71776e-06	  24	  4.36525e-07
196	  0.918912	  0.683763	  6.56405e-05	  2.58681e-06	  24	  6.57372e-07
197	  0.993459	  0.737865	  5.50341e-05	  2.21721e-06	  24	  5.63447e-07
198	  0.702481	  0	  0.000119103	  1.11976e-06	  12	  3.79234e-07
199	  0.710244	  0.147442	  0.000116293	  2.21244e-06	  24	  5.62233e-07
200	  0.733038	  0.285714	  0.000108477	  2.83468e-06	  24	  7.2036e-07
201	  0.76953	  0.408248	  9.75033e-05	  2.34493e-06	  24	  5.95904e-07
202	  0.817887	  0.512148	  8.51823e-05	  3.32591e-06	  24	  8.45195e-07
203	  0.876148	  0.597614	  7.30409e-05	  2.73227e-06	  24	  6.94335e-07
204	  0.942478	  0.666667	  6.20055e-05	  2.27709e-06	  24	  5.78663e-07
205	  0.733038	  0	  0.000108477	  1.72296e-06	  6	  7.89544e-07
206	  0.74048	  0.141421	  0.00010613	  1.74684e-06	  12	  5.91612e-07
207	  0.762371	  0.274721	  9.95093e-05	  1.48651e-06	  12	  5.03443e-07
208	  0.797522	  0.393919	  9.00783e-05	  2.05051e-06	  12	  6.94456e-07
209	  0.844278	  0.496139	  7.93415e-05	  2.45326e-06	  12	  8.30859e-07
210	  0.900833	  0.581238	  6.86392e-05	  2.6457e-06	  12	  8.96034e-07
211	  0.965468	  0.650791	  5.87146e-05	  2.14316e-06	  12	  7.25834e-07
212	  0.74048	  0	  0.00010613	  1.81981e-06	  18	  5.19924e-07
213	  0.747849	  0.140028	  0.00010381	  2.38299e-06	  36	  5.16314e-07
214	  0.76953	  0.272166	  9.75033e-05	  1.84661e-06	  36	  4.001e-07
215	  0.804368	  0.390567	  8.83936e-05	  2.67811e-06	  36	  5.80258e-07
216	  0.850747	  0.492366	  7.80228e-05	  1.70057e-06	  36	  3.68456e-07
217	  0.9069	  0.57735	  6.76145e-05	  1.71436e-06	  36	  3.71444e-07
218	  0.971131	  0.646997	  5.79317e-05	  2.79077e-06	  36	  6.04667e-07
219	  0.755145	  0	  0.000101648	  1.17126e-06	  12	  3.96676e-07
220	  0.762371	  0.137361	  9.95093e-05	  2.27961e-06	  24	  5.79303e-07
221	  0.783651	  0.267261	  9.36575e-05	  1.95726e-06	  24	  4.97388e-07
222	  0.817887	  0.384111	  8.51823e-05	  2.19227e-06	  24	  5.57109e-07
223	  0.863541	  0.485071	  7.54539e-05	  1.18486e-06	  24	  3.01102e-07
224	  0.918912	  0.569803	  6.56405e-05	  1.95556e-06	  24	  4.96955e-07
225	  0.982358	  0.639602	  5.64596e-05	  1.53347e-06	  24	  3.89691e-07
226	  0.762371	  0	  9.95093e-05	  9.88935e-07	  12	  3.34928e-07
227	  0.76953	  0.136083	  9.75033e-05	  2.25729e-06	  24	  5.73631e-07
228	  0.790617	  0.264906	  9.18345e-05	  1.56291e-06	  24	  3.97173e-07
229	  0.824564	  0.381	  8.36412e-05	  1.58654e-06	  24	  4.03178e-07
230	  0.869868	  0.481543	  7.4243e-05	  1.15489e-06	  24	  2.93486e-07
231	  0.92486	  0.566139	  6.46977e-05	  2.20358e-06	  24	  5.59983e-07
232	  0.987924	  0.635999	  5.57298e-05	  1.62817e-06	  24	  4.13757e-07
233	  0.797522	  0	  9.00783e-05	  1.75644e-06	  12	  5.94864e-07
234	  0.804368	  0.130189	  8.83936e-05	  2.16733e-06	  24	  5.5077e-07
235	  0.824564	  0.254	  8.36412e-05	  1.38543e-06	  24	  3.52071e-07
236	  0.857168	  0.366508	  7.6714e-05	  1.68057e-06	  24	  4.27072e-07
237	  0.900833	  0.464991	  6.86392e-05	  1.60317e-06	  24	  4.07403e-07
238	  0.954042	  0.548821	  6.03124e-05	  1.83383e-06	  24	  4.66021e-07
239	  0.817887	  0	  8.51823e-05	  1.29143e-06	  12	  4.37375e-07
240	  0.824564	  0.127	  8.36412e-05	  1.22906e-06	  24	  3.12334e-07
241	  0.844278	  0.248069	  7.93415e-05	  1.45727e-06	  24	  3.70327e-07
242	  0.876148	  0.358569	  7.30409e-05	  1.83097e-06	  24	  4.65294e-07
243	  0.918912	  0.455842	  6.56405e-05	  1.69763e-06	  24	  4.3141e-07
244	  0.971131	  0.539164	  5.79317e-05	  1.99208e-06	  24	  5.06235e-07
245	  0.837758	  0	  8.07459e-05	  1.61778e-06	  6	  7.41344e-07
246	  0.844278	  0.124035	  7.93415e-05	  2.14577e-06	  12	  7.2672e-07
247	  0.863541	  0.242536	  7.54539e-05	  6.7427e-07	  12	  2.28359e-07
248	  0.894726	  0.351123	  6.96796e-05	  1.34387e-06	  12	  4.55137e-07
249	  0.936642	  0.447214	  6.28741e-05	  1.37751e-06	  12	  4.66528e-07
250	  0.987924	  0.529999	  5.57298e-05	  2.25472e-06	  12	  7.63616e-07
251	  0.844278	  0	  7.93415e-05	  1.87442e-06	  24	  4.76336e-07
252	  0.850747	  0.123091	  7.80228e-05	  1.58996e-06	  48	  3.0899e-07
253	  0.869868	  0.240772	  7.4243e-05	  1.32241e-06	  48	  2.56995e-07
254	  0.900833	  0.348743	  6.86392e-05	  1.57481e-06	  48	  3.06044e-07
255	  0.942478	  0.444444	  6.20055e-05	  1.51e-06	  48	  2.9345e-07
256	  0.993459	  0.527046	  5.50341e-05	  1.67278e-06	  48	  3.25083e-07
257	  0.863541	  0	  7.54539e-05	  8.12297e-07	  12	  2.75105e-07
258	  0.869868	  0.120386	  7.4243e-05	  1.40539e-06	  24	  3.57145e-07
259	  0.888577	  0.235702	  7.0786e-05	  1.3841e-06	  24	  3.51734e-07
260	  0.918912	  0.341882	  6.56405e-05	  1.45048e-06	  24	  3.68601e-07
261	  0.959772	  0.436436	  5.95111e-05	  1.4583e-06	  24	  3.7059e-07
262	  0.888577	  0	  7.0786e-05	  1.25265e-06	  6	  5.74024e-07
263	  0.894726	  0.117041	  6.96796e-05	  9.43701e-07	  12	  3.19608e-07
264	  0.912926	  0.229416	  6.65967e-05	  1.35763e-06	  12	  4.59796e-07
265	  0.942478	  0.333333	  6.20055e-05	  1.50857e-06	  12	  5.10915e-07
266	  0.982358	  0.426401	  5.64596e-05	  1.42846e-06	  12	  4.83783e-07
267	  0.894726	  0	  6.96796e-05	  9.36328e-07	  12	  3.17111e-07
268	  0.900833	  0.116248	  6.86392e-05	  1.17272e-06	  24	  2.98016e-07
269	  0.918912	  0.227921	  6.56405e-05	  1.46267e-06	  24	  3.71701e-07
270	  0.948278	  0.331295	  6.11422e-05	  1.46391e-06	  24	  3.72016e-07
271	  0.987924	  0.423999	  5.57298e-05	  1.26764e-06	  24	  3.22138e-07
272	  0.900833	  0	  6.86392e-05	  1.7429e-06	  12	  5.90278e-07
273	  0.9069	  0.11547	  6.76145e-05	  1.20681e-06	  24	  3.06679e-07
274	  0.92486	  0.226455	  6.46977e-05	  9.75386e-07	  24	  2.47869e-07
275	  0.954042	  0.329293	  6.03124e-05	  1.45366e-06	  24	  3.6941e-07
276	  0.993459	  0.421637	  5.50341e-05	  1.32081e-06	  24	  3.3565e-07
277	  0.936642	  0	  6.28741e-05	  8.81272e-07	  12	  2.98465e-07
278	  0.942478	  0.111111	  6.20055e-05	  1.26766e-06	  24	  3.22143e-07
279	  0.959772	  0.218218	  5.95111e-05	  1.11074e-06	  24	  2.82266e-07
280	  0.987924	  0.317999	  5.57298e-05	  1.0408e-06	  24	  2.64492e-07
281	  0.942478	  0	  6.20055e-05	  2.12581e-06	  6	  9.74149e-07
282	  0.948278	  0.110432	  6.11422e-05	  1.50488e-06	  12	  5.09665e-07
283	  0.965468	  0.21693	  5.87146e-05	  1.30507e-06	  12	  4.41993e-07
284	  0.993459	  0.316228	  5.50341e-05	  1.36988e-06	  12	  4.63944e-07
285	  0.948278	  0	  6.11422e-05	  1.34182e-06	  12	  4.5444e-07
286	  0.954042	  0.109764	  6.03124e-05	  1.0155e-06	  24	  2.58063e-07
287	  0.971131	  0.215666	  5.79317e-05	  8.49535e-07	  24	  2.15887e-07
288	  0.998963	  0.314485	  5.43564e-05	  1.10265e-06	  24	  2.80209e-07
289	  0.965468	  0	  5.87146e-05	  1.01917e-06	  24	  2.58995e-07
290	  0.971131	  0.107833	  5.79317e-05	  1.14579e-06	  48	  2.2267e-07
291	  0.987924	  0.212	  5.57298e-05	  1.24761e-06	  48	  2.42458e-07
292	  0.987924	  0	  5.57298e-05	  1.05571e-06	  12	  3.57542e-07
293	  0.993459	  0.105409	  5.50341e-05	  1.11034e-06	  24	  2.82163e-07
294	  0.993459	  0	  5.50341e-05	  9.24778e-07	  12	  3.13199e-07
295	  0.998963	  0.104828	  5.43564e-05	  9.613e-07	  24	  2.4429e-07
296	  1.08818	  0.030936	  4.47331e-05	  8.95083e-07	  138	  1.20949e-07
297	  1.08818	  0.0938307	  4.47331e-05	  8.20983e-07	  252	  9.27662e-08
298	  1.08818	  0.156319	  4.47331e-05	  7.44074e-07	  72	  1.24894e-07
299	  1.08818	  0.218712	  4.47331e-05	  8.32809e-07	  216	  9.83059e-08
300	  1.08818	  0.281224	  4.47331e-05	  9.82871e-07	  288	  1.0706e-07
301	  1.08818	  0.343807	  4.47331e-05	  9.3636e-07	  120	  1.32296e-07
302	  1.08818	  0.406302	  4.47331e-05	  1.30968e-06	  180	  1.63102e-07
303	  1.08818	  0.468745	  4.47331e-05	  1.22636e-06	  180	  1.52725e-07
304	  1.08818	  0.531226	  4.47331e-05	  1.40463e-06	  192	  1.71602e-07
305	  1.08818	  0.593785	  4.47331e-05	  1.79004e-06	  192	  2.18687e-07
306	  1.08818	  0.656281	  4.47331e-05	  1.48074e-06	  168	  1.88279e-07
307	  1.08818	  0.718743	  4.47331e-05	  1.91117e-06	  228	  2.22129e-07
308	  1.08818	  0.781255	  4.47331e-05	  2.63093e-06	  144	  3.50791e-07
309	  1.08818	  0.843774	  4.47331e-05	  2.24649e-06	  240	  2.57335e-07
310	  1.08818	  0.90628	  4.47331e-05	  2.85448e-06	  168	  3.62952e-07
311	  1.08818	  0.968758	  4.47331e-05	  2.88834e-06	  150	  3.80249e-07
312	  1.25577	  0.030936	  3.21739e-05	  6.87497e-07	  198	  8.32332e-08
313	  1.25577	  0.0938307	  3.21739e-05	  7.05396e-07	  396	  7.07172e-08
314	  1.25577	  0.156319	  3.21739e-05	  6.77704e-07	  396	  6.79412e-08
315	  1.25577	  0.218712	  3.21739e-05	  6.376e-07	  204	  7.6521e-08
316	  1.25577	  0.281224	  3.21739e-05	  7.56446e-07	  216	  8.92919e-08
317	  1.25577	  0.343807	  3.21739e-05	  7.50153e-07	  372	  7.64013e-08
318	  1.25577	  0.406302	  3.21739e-05	  8.56016e-07	  312	  9.12632e-08
319	  1.25577	  0.468745	  3.21739e-05	  8.49858e-07	  288	  9.25713e-08
320	  1.25577	  0.531226	  3.21739e-05	  1.12672e-06	  264	  1.25681e-07
321	  1.25577	  0.593785	  3.21739e-05	  1.06337e-06	  312	  1.1337e-07
322	  1.25577	  0.656281	  3.21739e-05	  1.14391e-06	  276	  1.2605e-07
323	  1.25577	  0.718743	  3.21739e-05	  1.30275e-06	  312	  1.38892e-07
324	  1.25577	  0.781255	  3.21739e-05	  1.51719e-06	  276	  1.67183e-07
325	  1.25577	  0.843774	  3.21739e-05	  1.54516e-06	  240	  1.76998e-07
326	  1.25577	  0.90628	  3.21739e-05	  1.74315e-06	  324	  1.83999e-07
327	  1.25577	  0.968758	  3.21739e-05	  2.01332e-06	  315	  2.14103e-07
328	  1.45182	  0.030936	  2.29512e-05	  4.82703e-07	  246	  5.49112e-08
329	  1.45182	  0.0938307	  2.29512e-05	  4.42998e-07	  516	  4.16518e-08
330	  1.45182	  0.156319	  2.29512e-05	  4.91469e-07	  504	  4.64653e-08
331	  1.45182	  0.218712	  2.29512e-05	  4.56019e-07	  528	  4.26466e-08
332	  1.45182	  0.281224	  2.29512e-05	  4.94088e-07	  504	  4.67129e-08
333	  1.45182	  0.343807	  2.29512e-05	  5.57669e-07	  384	  5.63419e-08
334	  1.45182	  0.406302	  2.29512e-05	  6.79065e-07	  420	  6.70882e-08
335	  1.45182	  0.468745	  2.29512e-05	  5.96937e-07	  468	  5.74403e-08
336	  1.45182	  0.531226	  2.29512e-05	  6.71661e-07	  480	  6.424e-08
337	  1.45182	  0.593785	  2.29512e-05	  7.04824e-07	  468	  6.78217e-08
338	  1.45182	  0.656281	  2.29512e-05	  7.56046e-07	  396	  7.57951e-08
339	  1.45182	  0.718743	  2.29512e-05	  8.43234e-07	  456	  8.16498e-08
340	  1.45182	  0.781255	  2.29512e-05	  1.04014e-06	  432	  1.0205e-07
341	  1.45182	  0.843774	  2.29512e-05	  1.03489e-06	  480	  9.89809e-08
342	  1.45182	  0.90628	  2.29512e-05	  1.23049e-06	  480	  1.17688e-07
343	  1.45182	  0.968758	  2.29512e-05	  1.37499e-06	  414	  1.36326e-07
344	  1.68148	  0.030936	  1.6245e-05	  3.30601e-07	  798	  2.82332e-08
345	  1.68148	  0.0938307	  1.6245e-05	  3.69408e-07	  708	  3.23536e-08
346	  1.68148	  0.156319	  1.6245e-05	  3.42985e-07	  684	  3.02637e-08
347	  1.68148	  0.218712	  1.6245e-05	  3.71228e-07	  720	  3.23962e-08
348	  1.68148	  0.281224	  1.6245e-05	  3.79791e-07	  708	  3.3263e-08
349	  1.68148	  0.343807	  1.6245e-05	  3.9921e-07	  720	  3.48382e-08
350	  1.68148	  0.406302	  1.6245e-05	  4.24439e-07	  672	  3.75951e-08
351	  1.68148	  0.468745	  1.6245e-05	  4.90605e-07	  732	  4.26635e-08
352	  1.68148	  0.531226	  1.6245e-05	  5.03339e-07	  672	  4.45837e-08
353	  1.68148	  0.593785	  1.6245e-05	  5.13646e-07	  708	  4.49863e-08
354	  1.68148	  0.656281	  1.6245e-05	  5.36278e-07	  744	  4.64748e-08
355	  1.68148	  0.718743	  1.6245e-05	  6.65259e-07	  744	  5.76525e-08
356	  1.68148	  0.781255	  1.6245e-05	  7.2172e-07	  696	  6.34427e-08
357	  1.68148	  0.843774	  1.6245e-05	  7.27676e-07	  708	  6.37316e-08
358	  1.68148	  0.90628	  1.6245e-05	  7.99577e-07	  696	  7.02867e-08
359	  1.68148	  0.968758	  1.6245e-05	  8.97403e-07	  741	  7.78371e-08
360	  1.94819	  0.030936	  1.14415e-05	  2.44811e-07	  1368	  1.88595e-08
361	  1.94819	  0.0938307	  1.14415e-05	  2.45703e-07	  924	  2.03682e-08
362	  1.94819	  0.156319	  1.14415e-05	  2.58523e-07	  972	  2.12183e-08
363	  1.94819	  0.218712	  1.14415e-05	  2.76904e-07	  972	  2.27269e-08
364	  1.94819	  0.281224	  1.14415e-05	  2.5399e-07	  1200	  2.00316e-08
365	  1.94819	  0.343807	  1.14415e-05	  2.72819e-07	  1140	  2.17211e-08
366	  1.94819	  0.406302	  1.14415e-05	  2.95728e-07	  1080	  2.37851e-08
367	  1.94819	  0.468745	  1.14415e-05	  3.2961e-07	  1068	  2.65664e-08
368	  1.94819	  0.531226	  1.14415e-05	  3.1128e-07	  1164	  2.46878e-08
369	  1.94819	  0.593785	  1.14415e-05	  3.77322e-07	  1188	  2.98133e-08
370	  1.94819	  0.656281	  1.14415e-05	  3.77969e-07	  1068	  3.04641e-08
371	  1.94819	  0.718743	  1.14415e-05	  4.04291e-07	  1008	  3.29485e-08
372	  1.94819	  0.781255	  1.14415e-05	  4.45451e-07	  1164	  3.53289e-08
373	  1.94819	  0.843774	  1.14415e-05	  4.72999e-07	  1176	  3.74429e-08
374	  1.94819	  0.90628	  1.14415e-05	  4.98727e-07	  1080	  4.01121e-08
375	  1.94819	  0.968758	  1.14415e-05	  5.33497e-07	  1038	  4.32338e-08
376	  2.25604	  0.030936	  8.04204e-06	  1.8364e-07	  1896	  1.33994e-08
377	  2.25604	  0.0938307	  8.04204e-06	  1.85745e-07	  1272	  1.44953e-08
378	  2.25604	  0.156319	  8.04204e-06	  1.7948e-07	  2040	  1.29478e-08
379	  2.25604	  0.218712	  8.04204e-06	  1.92677e-07	  1740	  1.42529e-08
380	  2.25604	  0.281224	  8.04204e-06	  1.95425e-07	  1584	  1.46815e-08
381	  2.25604	  0.343807	  8.04204e-06	  1.97994e-07	  1764	  1.46139e-08
382	  2.25604	  0.406302	  8.04204e-06	  2.06985e-07	  1632	  1.54729e-08
383	  2.25604	  0.468745	  8.04204e-06	  2.20053e-07	  1860	  1.6105e-08
384	  2.25604	  0.531226	  8.04204e-06	  2.35159e-07	  1560	  1.77119e-08
385	  2.25604	  0.593785	  8.04204e-06	  2.4429e-07	  1692	  1.81534e-08
386	  2.25604	  0.656281	  8.04204e-06	  2.65754e-07	  1704	  1.97256e-08
387	  2.25604	  0.718743	  8.04204e-06	  2.77236e-07	  1824	  2.03532e-08
388	  2.25604	  0.781255	  8.04204e-06	  2.87077e-07	  1668	  2.1383e-08
389	  2.25604	  0.843774	  8.04204e-06	  3.03223e-07	  1680	  2.2559e-08
390	  2.25604	  0.90628	  8.04204e-06	  3.22486e-07	  1776	  2.37766e-08
391	  2.25604	  0.968758	  8.04204e-06	  3.32212e-07	  1656	  2.47743e-08
392	  2.61216	  0.030936	  5.63734e-06	  1.36874e-07	  2586	  9.5353e-09
393	  2.61216	  0.0938307	  5.63734e-06	  1.31965e-07	  3036	  8.99325e-09
394	  2.61216	  0.156319	  5.63734e-06	  1.41292e-07	  2124	  1.01304e-08
395	  2.61216	  0.218712	  5.63734e-06	  1.3316e-07	  2940	  9.11384e-09
396	  2.61216	  0.281224	  5.63734e-06	  1.38009e-07	  2616	  9.59875e-09
397	  2.61216	  0.343807	  5.63734e-06	  1.45532e-07	  2448	  1.0218e-08
398	  2.61216	  0.406302	  5.63734e-06	  1.52399e-07	  2916	  1.04421e-08
399	  2.61216	  0.468745	  5.63734e-06	  1.52956e-07	  2544	  1.06803e-08
400	  2.61216	  0.531226	  5.63734e-06	  1.61094e-07	  2652	  1.11829e-08
401	  2.61216	  0.593785	  5.63734e-06	  1.66143e-07	  2748	  1.14765e-08
402	  2.61216	  0.656281	  5.63734e-06	  1.76001e-07	  2676	  1.22024e-08
403	  2.61216	  0.718743	  5.63734e-06	  1.75945e-07	  2472	  1.23361e-08
404	  2.61216	  0.781255	  5.63734e-06	  1.85609e-07	  2616	  1.29094e-08
405	  2.61216	  0.843774	  5.63734e-06	  1.89093e-07	  2736	  1.30698e-08
406	  2.61216	  0.90628	  5.63734e-06	  1.95131e-07	  2568	  1.36072e-08
407	  2.61216	  0.968758	  5.63734e-06	  1.97377e-07	  2745	  1.36361e-08
408	  3.02645	  0.030936	  3.93212e-06	  1.04735e-07	  3414	  7.02922e-09
409	  3.02645	  0.0938307	  3.93212e-06	  9.93557e-08	  4512	  6.44692e-09
410	  3.02645	  0.156319	  3.93212e-06	  9.90325e-08	  4632	  6.40673e-09
411	  3.02645	  0.218712	  3.93212e-06	  9.45843e-08	  3972	  6.22998e-09
412	  3.02645	  0.281224	  3.93212e-06	  9.85625e-08	  4176	  6.45334e-09
413	  3.02645	  0.343807	  3.93212e-06	  1.05008e-07	  4344	  6.84363e-09
414	  3.02645	  0.406302	  3.93212e-06	  1.07794e-07	  4044	  7.08477e-09
415	  3.02645	  0.468745	  3.93212e-06	  1.07975e-07	  4092	  7.08671e-09
416	  3.02645	  0.531226	  3.93212e-06	  1.1459e-07	  4296	  7.47782e-09
417	  3.02645	  0.593785	  3.93212e-06	  1.15264e-07	  3996	  7.58661e-09
418	  3.02645	  0.656281	  3.93212e-06	  1.14987e-07	  4188	  7.5262e-09
419	  3.02645	  0.718743	  3.93212e-06	  1.23325e-07	  4212	  8.06647e-09
420	  3.02645	  0.781255	  3.93212e-06	  1.17262e-07	  4140	  7.68553e-09
421	  3.02645	  0.843774	  3.93212e-06	  1.17791e-07	  4128	  7.7229e-09
422	  3.02645	  0.90628	  3.93212e-06	  1.20021e-07	  4188	  7.85566e-09
423	  3.02645	  0.968758	  3.93212e-06	  1.13766e-07	  4128	  7.45902e-09
424	  3.50419	  0.030936	  2.74025e-06	  7.3067e-08	  7002	  4.52655e-09
425	  3.50419	  0.0938307	  2.74025e-06	  7.30066e-08	  6240	  4.57454e-09
426	  3.50419	  0.156319	  2.74025e-06	  7.00252e-08	  5964	  4.408e-09
427	  3.50419	  0.218712	  2.74025e-06	  7.22113e-08	  6180	  4.52913e-09
428	  3.50419	  0.281224	  2.74025e-06	  7.12352e-08	  6420	  4.45081e-09
429	  3.50419	  0.343807	  2.74025e-06	  7.25112e-08	  6516	  4.52385e-09
430	  3.50419	  0.406302	  2.74025e-06	  7.56472e-08	  6312	  4.73452e-09
431	  3.50419	  0.468745	  2.74025e-06	  7.64422e-08	  6276	  4.78703e-09
432	  3.50419	  0.531226	  2.74025e-06	  7.592e-08	  6360	  4.74798e-09
433	  3.50419	  0.593785	  2.74025e-06	  7.66499e-08	  6408	  4.79002e-09
434	  3.50419	  0.656281	  2.74025e-06	  7.93147e-08	  6360	  4.96028e-09
435	  3.50419	  0.718743	  2.74025e-06	  7.60381e-08	  6336	  4.75717e-09
436	  3.50419	  0.781255	  2.74025e-06	  7.17443e-08	  6372	  4.48599e-09
437	  3.50419	  0.843774	  2.74025e-06	  7.4753e-08	  6456	  4.668e-09
438	  3.50419	  0.90628	  2.74025e-06	  7.01157e-08	  6360	  4.38498e-09
439	  3.50419	  0.968758	  2.74025e-06	  6.5893e-08	  6327	  4.12305e-09
440	  4.05763	  0.030936	  1.90421e-06	  5.34657e-08	  10392	  3.19776e-09
441	  4.05763	  0.0938307	  1.90421e-06	  5.16947e-08	  9420	  3.11736e-09
442	  4.05763	  0.156319	  1.90421e-06	  5.20865e-08	  10176	  3.12066e-09
443	  4.05763	  0.218712	  1.90421e-06	  5.09915e-08	  10260	  3.05299e-09
444	  4.05763	  0.281224	  1.90421e-06	  4.9022e-08	  9528	  2.95332e-09
445	  4.05763	  0.343807	  1.90421e-06	  4.98748e-08	  10140	  2.98903e-09
446	  4.05763	  0.406302	  1.90421e-06	  5.17859e-08	  9960	  3.10819e-09
447	  4.05763	  0.468745	  1.90421e-06	  5.09621e-08	  10068	  3.056e-09
448	  4.05763	  0.531226	  1.90421e-06	  5.12522e-08	  9996	  3.07523e-09
449	  4.05763	  0.593785	  1.90421e-06	  4.85638e-08	  9828	  2.91806e-09
450	  4.05763	  0.656281	  1.90421e-06	  4.71832e-08	  10032	  2.83024e-09
451	  4.05763	  0.718743	  1.90421e-06	  4.63331e-08	  9924	  2.78175e-09
452	  4.05763	  0.781255	  1.90421e-06	  4.36463e-08	  10116	  2.61627e-09
453	  4.05763	  0.843774	  1.90421e-06	  4.24816e-08	  9888	  2.5513e-09
454	  4.05763	  0.90628	  1.90421e-06	  4.00258e-08	  10008	  2.40139e-09
455	  4.05763	  0.968758	  1.90421e-06	  3.5612e-08	  9978	  2.13711e-09
456	  4.69917	  0.030936	  1.3189e-06	  3.85572e-08	  13626	  2.25817e-09
457	  4.69917	  0.0938307	  1.3189e-06	  3.8273e-08	  16392	  2.21258e-09
458	  4.69917	  0.156319	  1.3189e-06	  3.70632e-08	  15708	  2.14888e-09
459	  4.69917	  0.218712	  1.3189e-06	  3.59515e-08	  15432	  2.08698e-09
460	  4.69917	  0.281224	  1.3189e-06	  3.47055e-08	  15780	  2.01155e-09
461	  4.69917	  0.343807	  1.3189e-06	  3.44116e-08	  15300	  1.99878e-09
462	  4.69917	  0.406302	  1.3189e-06	  3.32891e-08	  15588	  1.93108e-09
463	  4.69917	  0.468745	  1.3189e-06	  3.32486e-08	  15396	  1.93039e-09
464	  4.69917	  0.531226	  1.3189e-06	  3.21881e-08	  15504	  1.86791e-09
465	  4.69917	  0.593785	  1.3189e-06	  3.07284e-08	  15660	  1.78197e-09
466	  4.69917	  0.656281	  1.3189e-06	  2.87073e-08	  15192	  1.66827e-09
467	  4.69917	  0.718743	  1.3189e-06	  2.74669e-08	  15600	  1.59326e-09
468	  4.69917	  0.781255	  1.3189e-06	  2.55452e-08	  15216	  1.48435e-09
469	  4.69917	  0.843774	  1.3189e-06	  2.36032e-08	  15516	  1.36965e-09
470	  4.69917	  0.90628	  1.3189e-06	  2.14532e-08	  15540	  1.24476e-09
471	  4.69917	  0.968758	  1.3189e-06	  1.9162e-08	  15405	  1.11249e-09
472	  5.4432	  0.030936	  9.11188e-07	  2.78919e-08	  26250	  1.56675e-09
473	  5.4432	  0.0938307	  9.11188e-07	  2.70339e-08	  22392	  1.53236e-09
474	  5.4432	  0.156319	  9.11188e-07	  2.5862e-08	  24516	  1.45827e-09
475	  5.4432	  0.218712	  9.11188e-07	  2.49218e-08	  23592	  1.40835e-09
476	  5.4432	  0.281224	  9.11188e-07	  2.39171e-08	  24264	  1.34939e-09
477	  5.4432	  0.343807	  9.11188e-07	  2.31094e-08	  23928	  1.30486e-09
478	  5.4432	  0.406302	  9.11188e-07	  2.19732e-08	  24120	  1.24014e-09
479	  5.4432	  0.468745	  9.11188e-07	  2.07007e-08	  23964	  1.16876e-09
480	  5.4432	  0.531226	  9.11188e-07	  1.97707e-08	  24060	  1.116e-09
481	  5.4432	  0.593785	  9.11188e-07	  1.83375e-08	  24108	  1.03498e-09
482	  5.4432	  0.656281	  9.11188e-07	  1.68926e-08	  24228	  9.53154e-10
483	  5.4432	  0.718743	  9.11188e-07	  1.54303e-08	  24144	  8.70822e-10
484	  5.4432	  0.781255	  9.11188e-07	  1.38486e-08	  23940	  7.81934e-10
485	  5.4432	  0.843774	  9.11188e-07	  1.2229e-08	  24192	  6.90076e-10
486	  5.4432	  0.90628	  9.11188e-07	  1.10243e-08	  23988	  6.22397e-10
487	  5.4432	  0.968758	  9.11188e-07	  9.53398e-09	  24141	  5.38061e-10
488	  6.30378	  0.030936	  6.28467e-07	  1.98649e-08	  35082	  1.0993e-09
489	  6.30378	  0.0938307	  6.28467e-07	  1.89734e-08	  39108	  1.04461e-09
490	  6.30378	  0.156319	  6.28467e-07	  1.80422e-08	  36924	  9.96005e-10
491	  6.30378	  0.218712	  6.28467e-07	  1.70702e-08	  37692	  9.41434e-10
492	  6.30378	  0.281224	  6.28467e-07	  1.58289e-08	  37092	  8.73632e-10
493	  6.30378	  0.343807	  6.28467e-07	  1.50986e-08	  37536	  8.32859e-10
494	  6.30378	  0.406302	  6.28467e-07	  1.3769e-08	  36984	  7.60047e-10
495	  6.30378	  0.468745	  6.28467e-07	  1.28086e-08	  37428	  7.06635e-10
496	  6.30378	  0.531226	  6.28467e-07	  1.15449e-08	  37392	  6.36947e-10
497	  6.30378	  0.593785	  6.28467e-07	  1.03481e-08	  37200	  5.7106e-10
498	  6.30378	  0.656281	  6.28467e-07	  9.26793e-09	  36924	  5.11628e-10
499	  6.30378	  0.718743	  6.28467e-07	  8.12564e-09	  37272	  4.48371e-10
500	  6.30378	  0.781255	  6.28467e-07	  7.0139e-09	  37284	  3.87019e-10
501	  6.30378	  0.843774	  6.28467e-07	  6.00965e-09	  37188	  3.31646e-10
502	  6.30378	  0.90628	  6.28467e-07	  5.19323e-09	  37320	  2.86544e-10
503	  6.30378	  0.968758	  6.28467e-07	  4.30677e-09	  37119	  2.37693e-10
504	  7.30029	  0.030936	  4.32392e-07	  1.37371e-08	  60258	  7.42819e-10
505	  7.30029	  0.0938307	  4.32392e-07	  1.29844e-08	  56916	  7.03648e-10
506	  7.30029	  0.156319	  4.32392e-07	  1.21307e-08	  56820	  6.57423e-10
507	  7.30029	  0.218712	  4.32392e-07	  1.12308e-08	  58716	  6.07886e-10
508	  7.30029	  0.281224	  4.32392e-07	  1.01712e-08	  57840	  5.50852e-10
509	  7.30029	  0.343807	  4.32392e-07	  9.21461e-09	  57612	  4.99121e-10
510	  7.30029	  0.406302	  4.32392e-07	  8.32787e-09	  58464	  4.50835e-10
511	  7.30029	  0.468745	  4.32392e-07	  7.34603e-09	  57948	  3.97818e-10
512	  7.30029	  0.531226	  4.32392e-07	  6.4242e-09	  57708	  3.47952e-10
513	  7.30029	  0.593785	  4.32392e-07	  5.48366e-09	  58236	  2.96906e-10
514	  7.30029	  0.656281	  4.32392e-07	  4.69887e-09	  58008	  2.54453e-10
515	  7.30029	  0.718743	  4.32392e-07	  3.93845e-09	  58200	  2.13248e-10
516	  7.30029	  0.781255	  4.32392e-07	  3.25044e-09	  58128	  1.76004e-10
517	  7.30029	  0.843774	  4.32392e-07	  2.71422e-09	  57972	  1.46984e-10
518	  7.30029	  0.90628	  4.32392e-07	  2.20013e-09	  57960	  1.19145e-10
519	  7.30029	  0.968758	  4.32392e-07	  1.75454e-09	  58122	  9.50047e-11
520	  8.455	  0.030936	  2.96967e-07	  9.2783e-09	  90198	  4.94809e-10
521	  8.455	  0.0938307	  2.96967e-07	  8.79993e-09	  89292	  4.69446e-10
522	  8.455	  0.156319	  2.96967e-07	  8.02132e-09	  90804	  4.27685e-10
523	  8.455	  0.218712	  2.96967e-07	  7.10311e-09	  89628	  3.78882e-10
524	  8.455	  0.281224	  2.96967e-07	  6.26531e-09	  89844	  3.34168e-10
525	  8.455	  0.343807	  2.96967e-07	  5.46446e-09	  90636	  2.91374e-10
526	  8.455	  0.406302	  2.96967e-07	  4.64862e-09	  89628	  2.47959e-10
527	  8.455	  0.468745	  2.96967e-07	  3.90886e-09	  89772	  2.08489e-10
528	  8.455	  0.531226	  2.96967e-07	  3.26129e-09	  90324	  1.73916e-10
529	  8.455	  0.593785	  2.96967e-07	  2.65059e-09	  89784	  1.41375e-10
530	  8.455	  0.656281	  2.96967e-07	  2.14422e-09	  90216	  1.1435e-10
531	  8.455	  0.718743	  2.96967e-07	  1.7323e-09	  89796	  9.23958e-11
532	  8.455	  0.781255	  2.96967e-07	  1.37686e-09	  90120	  7.34292e-11
533	  8.455	  0.843774	  2.96967e-07	  1.08699e-09	  90132	  5.797e-11
534	  8.455	  0.90628	  2.96967e-07	  8.53324e-10	  89916	  4.55119e-11
535	  8.455	  0.968758	  2.96967e-07	  6.48555e-10	  89964	  3.459e-11
536	  9.79129	  0.030936	  2.03548e-07	  6.11879e-09	  139068	  3.22347e-10
537	  9.79129	  0.0938307	  2.03548e-07	  5.64363e-09	  141180	  2.97202e-10
538	  9.79129	  0.156319	  2.03548e-07	  5.05273e-09	  139380	  2.66171e-10
539	  9.79129	  0.218712	  2.03548e-07	  4.33694e-09	  138804	  2.28488e-10
540	  9.79129	  0.281224	  2.03548e-07	  3.62266e-09	  140952	  1.90782e-10
541	  9.79129	  0.343807	  2.03548e-07	  2.99429e-09	  139668	  1.57727e-10
542	  9.79129	  0.406302	  2.03548e-07	  2.40595e-09	  139464	  1.2674e-10
543	  9.79129	  0.468745	  2.03548e-07	  1.91562e-09	  139812	  1.00904e-10
544	  9.79129	  0.531226	  2.03548e-07	  1.49925e-09	  139884	  7.89708e-11
545	  9.79129	  0.593785	  2.03548e-07	  1.16449e-09	  140184	  6.13349e-11
546	  9.79129	  0.656281	  2.03548e-07	  8.96447e-10	  139404	  4.72233e-11
547	  9.79129	  0.718743	  2.03548e-07	  6.95375e-10	  139932	  3.66277e-11
548	  9.79129	  0.781255	  2.03548e-07	  5.31695e-10	  139980	  2.80059e-11
549	  9.79129	  0.843774	  2.03548e-07	  3.99999e-10	  139632	  2.10704e-11
550	  9.79129	  0.90628	  2.03548e-07	  3.02926e-10	  140088	  1.59557e-11
551	  9.79129	  0.968758	  2.03548e-07	  2.17817e-10	  139623	  1.14738e-11
