#n	   k	      mu	    PL	    Pf	     w	     err  
0	  0.10472	  1	  0.00340069	  0.000346276	  3	  0.000217237
1	  0.20944	  1	  0.00120796	  9.98658e-05	  3	  6.26508e-05
2	  0.314159	  1	  0.00056581	  9.29411e-05	  3	  5.83066e-05
3	  0.418879	  1	  0.000317111	  1.70259e-05	  3	  1.06812e-05
4	  0.523599	  1	  0.000200477	  5.32366e-06	  3	  3.3398e-06
5	  0.628319	  1	  0.000135839	  2.7802e-05	  3	  1.74416e-05
6	  0.733038	  1	  9.71158e-05	  1.1919e-05	  3	  7.47741e-06
7	  0.837758	  1	  7.2289e-05	  9.88666e-06	  3	  6.2024e-06
8	  0.942478	  1	  5.55114e-05	  1.52194e-06	  3	  9.54792e-07
9	  0.10472	  0	  0.00340069	  6.02927e-05	  6	  2.7629e-05
10	  0.148096	  0.707107	  0.00216258	  8.51242e-05	  12	  2.88295e-05
11	  0.23416	  0.894427	  0.000956871	  0.000101127	  12	  3.42492e-05
12	  0.331153	  0.948683	  0.000512389	  4.15362e-05	  12	  1.40673e-05
13	  0.431771	  0.970143	  0.000298428	  2.27582e-05	  12	  7.70762e-06
14	  0.533968	  0.980581	  0.000192286	  1.44922e-05	  12	  4.90816e-06
15	  0.636985	  0.986394	  0.000131856	  9.48014e-06	  12	  3.21069e-06
16	  0.74048	  0.989949	  9.50147e-05	  1.17837e-05	  12	  3.99084e-06
17	  0.844278	  0.992278	  7.10317e-05	  6.01116e-06	  12	  2.03583e-06
18	  0.948278	  0.993884	  5.47385e-05	  5.73136e-06	  12	  1.94107e-06
19	  0.148096	  0	  0.00216258	  3.23667e-05	  6	  1.4832e-05
20	  0.18138	  0.57735	  0.00153421	  4.36235e-05	  12	  1.47742e-05
21	  0.25651	  0.816497	  0.000842148	  4.95326e-05	  12	  1.67755e-05
22	  0.347316	  0.904534	  0.000461525	  2.86736e-05	  12	  9.71103e-06
23	  0.444288	  0.942809	  0.000282116	  1.8026e-05	  12	  6.10497e-06
24	  0.54414	  0.96225	  0.000184652	  1.70573e-05	  12	  5.7769e-06
25	  0.645536	  0.973329	  0.000128147	  9.972e-06	  12	  3.37727e-06
26	  0.747849	  0.980196	  9.29373e-05	  6.97752e-06	  12	  2.36311e-06
27	  0.850747	  0.984732	  6.98511e-05	  7.52451e-06	  12	  2.54836e-06
28	  0.954042	  0.987878	  5.39956e-05	  5.30532e-06	  12	  1.79678e-06
29	  0.20944	  0	  0.00120796	  2.0345e-05	  6	  9.32305e-06
30	  0.23416	  0.447214	  0.000956871	  3.25964e-05	  12	  1.10396e-05
31	  0.296192	  0.707107	  0.000623093	  3.87572e-05	  12	  1.31261e-05
32	  0.377572	  0.83205	  0.000392702	  2.64609e-05	  12	  8.96165e-06
33	  0.468321	  0.894427	  0.000253118	  2.083e-05	  12	  7.05461e-06
34	  0.563933	  0.928477	  0.000171157	  8.17648e-06	  12	  2.76917e-06
35	  0.662306	  0.948683	  0.000121199	  8.46377e-06	  12	  2.86647e-06
36	  0.762371	  0.961524	  8.90872e-05	  7.8955e-06	  12	  2.67401e-06
37	  0.863541	  0.970143	  6.75513e-05	  2.51475e-06	  12	  8.51683e-07
38	  0.965468	  0.976187	  5.25652e-05	  3.9448e-06	  12	  1.336e-06
39	  0.23416	  0	  0.000956871	  2.03547e-05	  12	  6.89362e-06
40	  0.25651	  0.408248	  0.000842148	  1.98719e-05	  24	  5.04993e-06
41	  0.314159	  0.666667	  0.00056581	  2.71413e-05	  24	  6.89727e-06
42	  0.391825	  0.801784	  0.000365623	  1.98037e-05	  24	  5.03259e-06
43	  0.479886	  0.872872	  0.000240238	  2.33015e-05	  24	  5.92147e-06
44	  0.573574	  0.912871	  0.000165194	  1.03127e-05	  24	  2.6207e-06
45	  0.670534	  0.937043	  0.000118025	  7.16532e-06	  24	  1.82088e-06
46	  0.76953	  0.952579	  8.72914e-05	  6.8362e-06	  24	  1.73724e-06
47	  0.869868	  0.963087	  6.64672e-05	  5.65196e-06	  24	  1.4363e-06
48	  0.971131	  0.970495	  5.18642e-05	  4.47237e-06	  24	  1.13654e-06
49	  0.296192	  0	  0.000623093	  1.16418e-05	  6	  5.33485e-06
50	  0.314159	  0.333333	  0.00056581	  1.48506e-05	  12	  5.02953e-06
51	  0.36276	  0.57735	  0.000422434	  1.27243e-05	  12	  4.3094e-06
52	  0.431771	  0.727607	  0.000298428	  1.60528e-05	  12	  5.43668e-06
53	  0.51302	  0.816497	  0.000209203	  1.45681e-05	  12	  4.93385e-06
54	  0.601569	  0.870388	  0.000149161	  1.10785e-05	  12	  3.752e-06
55	  0.694632	  0.904534	  0.000109288	  1.0726e-05	  12	  3.63262e-06
56	  0.790617	  0.927173	  8.22162e-05	  5.72409e-06	  12	  1.93861e-06
57	  0.888577	  0.942809	  6.33722e-05	  4.69091e-06	  12	  1.5887e-06
58	  0.987924	  0.953998	  4.9893e-05	  2.28965e-06	  12	  7.75447e-07
59	  0.314159	  0	  0.00056581	  1.53192e-05	  6	  7.02e-06
60	  0.331153	  0.316228	  0.000512389	  1.21893e-05	  12	  4.1282e-06
61	  0.377572	  0.5547	  0.000392702	  1.70329e-05	  12	  5.76863e-06
62	  0.444288	  0.707107	  0.000282116	  9.14927e-06	  12	  3.09863e-06
63	  0.523599	  0.8	  0.000200477	  1.39035e-05	  12	  4.70876e-06
64	  0.610616	  0.857493	  0.00014445	  5.65761e-06	  12	  1.91609e-06
65	  0.702481	  0.894427	  0.000106629	  6.78593e-06	  12	  2.29823e-06
66	  0.797522	  0.919145	  8.0644e-05	  6.12291e-06	  12	  2.07368e-06
67	  0.894726	  0.936329	  6.23818e-05	  2.88339e-06	  12	  9.76532e-07
68	  0.993459	  0.948683	  4.92701e-05	  3.73897e-06	  12	  1.2663e-06
69	  0.331153	  0	  0.000512389	  9.49929e-06	  12	  3.21717e-06
70	  0.347316	  0.301511	  0.000461525	  8.89471e-06	  24	  2.26036e-06
71	  0.391825	  0.534522	  0.000365623	  9.38621e-06	  24	  2.38526e-06
72	  0.456463	  0.688247	  0.00026716	  1.64659e-05	  24	  4.18439e-06
73	  0.533968	  0.784465	  0.000192286	  8.63847e-06	  24	  2.19524e-06
74	  0.61953	  0.845154	  0.000140033	  6.65433e-06	  24	  1.69103e-06
75	  0.710244	  0.884652	  0.000104113	  9.79944e-06	  24	  2.49027e-06
76	  0.804368	  0.911322	  7.91357e-05	  5.61466e-06	  24	  1.42682e-06
77	  0.900833	  0.929981	  6.14503e-05	  4.33175e-06	  24	  1.1008e-06
78	  0.998963	  0.943456	  4.86634e-05	  2.88498e-06	  24	  7.33144e-07
79	  0.377572	  0	  0.000392702	  7.87834e-06	  12	  2.6682e-06
80	  0.391825	  0.267261	  0.000365623	  6.07338e-06	  24	  1.54339e-06
81	  0.431771	  0.485071	  0.000298428	  1.03375e-05	  24	  2.62702e-06
82	  0.491179	  0.639602	  0.000228743	  7.37509e-06	  24	  1.87419e-06
83	  0.563933	  0.742781	  0.000171157	  9.77576e-06	  24	  2.48426e-06
84	  0.645536	  0.811107	  0.000128147	  7.99193e-06	  24	  2.03094e-06
85	  0.733038	  0.857143	  9.71158e-05	  7.01033e-06	  24	  1.7815e-06
86	  0.824564	  0.889001	  7.48811e-05	  3.17157e-06	  24	  8.05973e-07
87	  0.918912	  0.911685	  5.87657e-05	  4.5759e-06	  24	  1.16285e-06
88	  0.418879	  0	  0.000317111	  1.86742e-06	  6	  8.55742e-07
89	  0.431771	  0.242536	  0.000298428	  4.5943e-06	  12	  1.55597e-06
90	  0.468321	  0.447214	  0.000253118	  7.91417e-06	  12	  2.68033e-06
91	  0.523599	  0.6	  0.000200477	  7.61094e-06	  12	  2.57764e-06
92	  0.592384	  0.707107	  0.000154211	  3.62631e-06	  12	  1.22814e-06
93	  0.670534	  0.780869	  0.000118025	  7.90685e-06	  12	  2.67785e-06
94	  0.755145	  0.83205	  9.10016e-05	  4.67234e-06	  12	  1.58241e-06
95	  0.844278	  0.868243	  7.10317e-05	  4.46319e-06	  12	  1.51157e-06
96	  0.936642	  0.894427	  5.6289e-05	  2.41732e-06	  12	  8.18685e-07
97	  0.431771	  0	  0.000298428	  4.39471e-06	  12	  1.48838e-06
98	  0.444288	  0.235702	  0.000282116	  2.6644e-06	  24	  6.77088e-07
99	  0.479886	  0.436436	  0.000240238	  9.10307e-06	  24	  2.31331e-06
100	  0.533968	  0.588348	  0.000192286	  4.85368e-06	  24	  1.23344e-06
101	  0.601569	  0.696311	  0.000149161	  4.50694e-06	  24	  1.14532e-06
102	  0.678662	  0.771517	  0.000114957	  4.33552e-06	  24	  1.10176e-06
103	  0.762371	  0.824163	  8.90872e-05	  6.38868e-06	  24	  1.62352e-06
104	  0.850747	  0.86164	  6.98511e-05	  5.39257e-06	  24	  1.37038e-06
105	  0.942478	  0.888889	  5.55114e-05	  4.49995e-06	  24	  1.14355e-06
106	  0.444288	  0	  0.000282116	  3.88449e-06	  6	  1.78006e-06
107	  0.456463	  0.229416	  0.00026716	  6.95114e-06	  12	  2.35418e-06
108	  0.491179	  0.426401	  0.000228743	  6.04961e-06	  12	  2.04885e-06
109	  0.54414	  0.57735	  0.000184652	  2.23006e-06	  12	  7.55267e-07
110	  0.610616	  0.685994	  0.00014445	  8.02193e-06	  12	  2.71683e-06
111	  0.686693	  0.762493	  0.00011206	  5.00167e-06	  12	  1.69394e-06
112	  0.76953	  0.816497	  8.72914e-05	  4.43995e-06	  12	  1.5037e-06
113	  0.857168	  0.855186	  6.86794e-05	  2.56344e-06	  12	  8.68175e-07
114	  0.948278	  0.883452	  5.47385e-05	  2.09128e-06	  12	  7.08264e-07
115	  0.468321	  0	  0.000253118	  4.94415e-06	  12	  1.67446e-06
116	  0.479886	  0.218218	  0.000240238	  6.93529e-06	  24	  1.76243e-06
117	  0.51302	  0.408248	  0.000209203	  7.21024e-06	  24	  1.8323e-06
118	  0.563933	  0.557086	  0.000171157	  6.64576e-06	  24	  1.68885e-06
119	  0.628319	  0.666667	  0.000135839	  4.84489e-06	  24	  1.2312e-06
120	  0.702481	  0.745356	  0.000106629	  5.80011e-06	  24	  1.47395e-06
121	  0.783651	  0.801784	  8.38484e-05	  4.83768e-06	  24	  1.22937e-06
122	  0.869868	  0.842701	  6.64672e-05	  3.18297e-06	  24	  8.0887e-07
123	  0.959772	  0.872872	  5.32783e-05	  3.1384e-06	  24	  7.97542e-07
124	  0.523599	  0	  0.000200477	  3.48561e-06	  18	  9.95848e-07
125	  0.533968	  0.196116	  0.000192286	  3.24803e-06	  36	  7.03741e-07
126	  0.563933	  0.371391	  0.000171157	  3.26726e-06	  36	  7.07906e-07
127	  0.610616	  0.514496	  0.00014445	  3.88155e-06	  36	  8.41002e-07
128	  0.670534	  0.624695	  0.000118025	  4.08674e-06	  36	  8.8546e-07
129	  0.74048	  0.707107	  9.50147e-05	  4.35059e-06	  36	  9.42629e-07
130	  0.817887	  0.768221	  7.62607e-05	  3.81028e-06	  36	  8.25561e-07
131	  0.900833	  0.813733	  6.14503e-05	  3.4241e-06	  36	  7.41887e-07
132	  0.987924	  0.847998	  4.9893e-05	  2.89277e-06	  36	  6.26767e-07
133	  0.533968	  0	  0.000192286	  3.22871e-06	  12	  1.09348e-06
134	  0.54414	  0.19245	  0.000184652	  4.89329e-06	  24	  1.2435e-06
135	  0.573574	  0.365148	  0.000165194	  3.42925e-06	  24	  8.71455e-07
136	  0.61953	  0.507093	  0.000140033	  4.33356e-06	  24	  1.10126e-06
137	  0.678662	  0.617213	  0.000114957	  4.05693e-06	  24	  1.03096e-06
138	  0.747849	  0.70014	  9.29373e-05	  3.93531e-06	  24	  1.00006e-06
139	  0.824564	  0.762001	  7.48811e-05	  1.67244e-06	  24	  4.25007e-07
140	  0.9069	  0.80829	  6.0533e-05	  3.5718e-06	  24	  9.0768e-07
141	  0.993459	  0.843274	  4.92701e-05	  2.64733e-06	  24	  6.7275e-07
142	  0.563933	  0	  0.000171157	  1.40233e-06	  12	  4.74934e-07
143	  0.573574	  0.182574	  0.000165194	  2.7939e-06	  24	  7.09999e-07
144	  0.601569	  0.348155	  0.000149161	  3.45896e-06	  24	  8.79006e-07
145	  0.645536	  0.486664	  0.000128147	  4.12031e-06	  24	  1.04707e-06
146	  0.702481	  0.596285	  0.000106629	  4.1589e-06	  24	  1.05688e-06
147	  0.76953	  0.680414	  8.72914e-05	  2.45371e-06	  24	  6.23548e-07
148	  0.844278	  0.744208	  7.10317e-05	  3.8731e-06	  24	  9.84249e-07
149	  0.92486	  0.792594	  5.79216e-05	  3.12933e-06	  24	  7.95239e-07
150	  0.592384	  0	  0.000154211	  9.48961e-07	  6	  4.3486e-07
151	  0.601569	  0.174078	  0.000149161	  2.00173e-06	  12	  6.77936e-07
152	  0.628319	  0.333333	  0.000135839	  2.74994e-06	  12	  9.31337e-07
153	  0.670534	  0.468521	  0.000118025	  2.42167e-06	  12	  8.20159e-07
154	  0.72552	  0.57735	  9.93707e-05	  4.66435e-06	  12	  1.5797e-06
155	  0.790617	  0.662266	  8.22162e-05	  3.44453e-06	  12	  1.16658e-06
156	  0.863541	  0.727607	  6.75513e-05	  2.79584e-06	  12	  9.46882e-07
157	  0.942478	  0.777778	  5.55114e-05	  2.19909e-06	  12	  7.44776e-07
158	  0.610616	  0	  0.00014445	  2.0489e-06	  12	  6.93911e-07
159	  0.61953	  0.169031	  0.000140033	  2.46766e-06	  24	  6.27092e-07
160	  0.645536	  0.324443	  0.000128147	  2.99033e-06	  24	  7.59916e-07
161	  0.686693	  0.457496	  0.00011206	  3.23007e-06	  24	  8.20839e-07
162	  0.74048	  0.565685	  9.50147e-05	  2.82052e-06	  24	  7.16763e-07
163	  0.804368	  0.650945	  7.91357e-05	  3.7783e-06	  24	  9.60158e-07
164	  0.876148	  0.717137	  6.5391e-05	  3.33849e-06	  24	  8.4839e-07
165	  0.954042	  0.76835	  5.39956e-05	  2.64922e-06	  24	  6.7323e-07
166	  0.628319	  0	  0.000135839	  6.99037e-06	  6	  3.20332e-06
167	  0.636985	  0.164399	  0.000131856	  3.41421e-06	  12	  1.15631e-06
168	  0.662306	  0.316228	  0.000121199	  2.31592e-06	  12	  7.84345e-07
169	  0.702481	  0.447214	  0.000106629	  1.34108e-06	  12	  4.54189e-07
170	  0.755145	  0.5547	  9.10016e-05	  1.8114e-06	  12	  6.13476e-07
171	  0.817887	  0.640184	  7.62607e-05	  2.22521e-06	  12	  7.53624e-07
172	  0.888577	  0.707107	  6.33722e-05	  2.33575e-06	  12	  7.91061e-07
173	  0.965468	  0.759257	  5.25652e-05	  2.75052e-06	  12	  9.31534e-07
174	  0.636985	  0	  0.000131856	  3.35384e-06	  12	  1.13586e-06
175	  0.645536	  0.162221	  0.000128147	  1.80913e-06	  24	  4.59743e-07
176	  0.670534	  0.312348	  0.000118025	  2.09155e-06	  24	  5.31513e-07
177	  0.710244	  0.442326	  0.000104113	  2.82496e-06	  24	  7.17891e-07
178	  0.762371	  0.549442	  8.90872e-05	  3.59104e-06	  24	  9.12571e-07
179	  0.824564	  0.635001	  7.48811e-05	  1.81331e-06	  24	  4.60805e-07
180	  0.894726	  0.702247	  6.23818e-05	  1.92036e-06	  24	  4.88011e-07
181	  0.971131	  0.754829	  5.18642e-05	  2.41752e-06	  24	  6.14351e-07
182	  0.662306	  0	  0.000121199	  2.05045e-06	  12	  6.94437e-07
183	  0.670534	  0.156174	  0.000118025	  1.94578e-06	  24	  4.94469e-07
184	  0.694632	  0.301511	  0.000109288	  2.0076e-06	  24	  5.10181e-07
185	  0.733038	  0.428571	  9.71158e-05	  2.83575e-06	  24	  7.20633e-07
186	  0.783651	  0.534522	  8.38484e-05	  2.20546e-06	  24	  5.60461e-07
187	  0.844278	  0.620174	  7.10317e-05	  2.19074e-06	  24	  5.56721e-07
188	  0.912926	  0.688247	  5.96217e-05	  1.71616e-06	  24	  4.36118e-07
189	  0.987924	  0.741999	  4.9893e-05	  2.03624e-06	  24	  5.17458e-07
190	  0.670534	  0	  0.000118025	  2.44218e-06	  12	  8.27106e-07
191	  0.678662	  0.154303	  0.000114957	  1.69353e-06	  24	  4.30367e-07
192	  0.702481	  0.298142	  0.000106629	  2.63799e-06	  24	  6.70378e-07
193	  0.74048	  0.424264	  9.50147e-05	  2.13599e-06	  24	  5.42807e-07
194	  0.790617	  0.529813	  8.22162e-05	  2.26777e-06	  24	  5.76295e-07
195	  0.850747	  0.615457	  6.98511e-05	  1.65372e-06	  24	  4.20251e-07
196	  0.918912	  0.683763	  5.87657e-05	  2.54904e-06	  24	  6.47773e-07
197	  0.993459	  0.737865	  4.92701e-05	  2.16474e-06	  24	  5.50113e-07
198	  0.702481	  0	  0.000106629	  1.10323e-06	  12	  3.73638e-07
199	  0.710244	  0.147442	  0.000104113	  2.11049e-06	  24	  5.36326e-07
200	  0.733038	  0.285714	  9.71158e-05	  2.68327e-06	  24	  6.81884e-07
201	  0.76953	  0.408248	  8.72914e-05	  2.19886e-06	  24	  5.58784e-07
202	  0.817887	  0.512148	  7.62607e-05	  3.19788e-06	  24	  8.12658e-07
203	  0.876148	  0.597614	  6.5391e-05	  2.54638e-06	  24	  6.47096e-07
204	  0.942478	  0.666667	  5.55114e-05	  2.21007e-06	  24	  5.61632e-07
205	  0.733038	  0	  9.71158e-05	  1.52266e-06	  6	  6.97757e-07
206	  0.74048	  0.141421	  9.50147e-05	  1.63368e-06	  12	  5.53288e-07
207	  0.762371	  0.274721	  8.90872e-05	  1.40757e-06	  12	  4.76709e-07
208	  0.797522	  0.393919	  8.0644e-05	  2.01047e-06	  12	  6.80897e-07
209	  0.844278	  0.496139	  7.10317e-05	  2.37977e-06	  12	  8.0597e-07
210	  0.900833	  0.581238	  6.14503e-05	  2.60976e-06	  12	  8.83861e-07
211	  0.965468	  0.650791	  5.25652e-05	  2.04659e-06	  12	  6.93128e-07
212	  0.74048	  0	  9.50147e-05	  1.69055e-06	  18	  4.82994e-07
213	  0.747849	  0.140028	  9.29373e-05	  2.27578e-06	  36	  4.93086e-07
214	  0.76953	  0.272166	  8.72914e-05	  1.78068e-06	  36	  3.85815e-07
215	  0.804368	  0.390567	  7.91357e-05	  2.56928e-06	  36	  5.56677e-07
216	  0.850747	  0.492366	  6.98511e-05	  1.61865e-06	  36	  3.50707e-07
217	  0.9069	  0.57735	  6.0533e-05	  1.63675e-06	  36	  3.54628e-07
218	  0.971131	  0.646997	  5.18642e-05	  2.72751e-06	  36	  5.90961e-07
219	  0.755145	  0	  9.10016e-05	  1.13163e-06	  12	  3.83253e-07
220	  0.762371	  0.137361	  8.90872e-05	  2.13246e-06	  24	  5.41909e-07
221	  0.783651	  0.267261	  8.38484e-05	  1.84883e-06	  24	  4.69831e-07
222	  0.817887	  0.384111	  7.62607e-05	  2.1381e-06	  24	  5.43342e-07
223	  0.863541	  0.485071	  6.75513e-05	  1.16497e-06	  24	  2.96047e-07
224	  0.918912	  0.569803	  5.87657e-05	  1.81407e-06	  24	  4.60998e-07
225	  0.982358	  0.639602	  5.05463e-05	  1.54616e-06	  24	  3.92917e-07
226	  0.762371	  0	  8.90872e-05	  9.39372e-07	  12	  3.18142e-07
227	  0.76953	  0.136083	  8.72914e-05	  2.17939e-06	  24	  5.53836e-07
228	  0.790617	  0.264906	  8.22162e-05	  1.52955e-06	  24	  3.88696e-07
229	  0.824564	  0.381	  7.48811e-05	  1.4791e-06	  24	  3.75875e-07
230	  0.869868	  0.481543	  6.64672e-05	  1.09479e-06	  24	  2.78212e-07
231	  0.92486	  0.566139	  5.79216e-05	  2.12209e-06	  24	  5.39274e-07
232	  0.987924	  0.635999	  4.9893e-05	  1.6273e-06	  24	  4.13537e-07
233	  0.797522	  0	  8.0644e-05	  1.72586e-06	  12	  5.84505e-07
234	  0.804368	  0.130189	  7.91357e-05	  2.00909e-06	  24	  5.10557e-07
235	  0.824564	  0.254	  7.48811e-05	  1.27446e-06	  24	  3.23871e-07
236	  0.857168	  0.366508	  6.86794e-05	  1.6597e-06	  24	  4.21769e-07
237	  0.900833	  0.464991	  6.14503e-05	  1.5666e-06	  24	  3.98111e-07
238	  0.954042	  0.548821	  5.39956e-05	  1.76556e-06	  24	  4.48672e-07
239	  0.817887	  0	  7.62607e-05	  1.30317e-06	  12	  4.4135e-07
240	  0.824564	  0.127	  7.48811e-05	  1.22081e-06	  24	  3.10238e-07
241	  0.844278	  0.248069	  7.10317e-05	  1.36917e-06	  24	  3.4794e-07
242	  0.876148	  0.358569	  6.5391e-05	  1.75979e-06	  24	  4.47205e-07
243	  0.918912	  0.455842	  5.87657e-05	  1.57336e-06	  24	  3.9983e-07
244	  0.971131	  0.539164	  5.18642e-05	  1.90233e-06	  24	  4.83429e-07
245	  0.837758	  0	  7.2289e-05	  1.53372e-06	  6	  7.02825e-07
246	  0.844278	  0.124035	  7.10317e-05	  2.05175e-06	  12	  6.94876e-07
247	  0.863541	  0.242536	  6.75513e-05	  6.51774e-07	  12	  2.2074e-07
248	  0.894726	  0.351123	  6.23818e-05	  1.27897e-06	  12	  4.33154e-07
249	  0.936642	  0.447214	  5.6289e-05	  1.27787e-06	  12	  4.32782e-07
250	  0.987924	  0.529999	  4.9893e-05	  2.17086e-06	  12	  7.35217e-07
251	  0.844278	  0	  7.10317e-05	  1.78689e-06	  24	  4.54092e-07
252	  0.850747	  0.123091	  6.98511e-05	  1.47352e-06	  48	  2.8636e-07
253	  0.869868	  0.240772	  6.64672e-05	  1.27419e-06	  48	  2.47622e-07
254	  0.900833	  0.348743	  6.14503e-05	  1.48497e-06	  48	  2.88586e-07
255	  0.942478	  0.444444	  5.55114e-05	  1.47787e-06	  48	  2.87205e-07
256	  0.993459	  0.527046	  4.92701e-05	  1.62028e-06	  48	  3.14881e-07
257	  0.863541	  0	  6.75513e-05	  7.39543e-07	  12	  2.50465e-07
258	  0.869868	  0.120386	  6.64672e-05	  1.29335e-06	  24	  3.28671e-07
259	  0.888577	  0.235702	  6.33722e-05	  1.30389e-06	  24	  3.3135e-07
260	  0.918912	  0.341882	  5.87657e-05	  1.36434e-06	  24	  3.46711e-07
261	  0.959772	  0.436436	  5.32783e-05	  1.40891e-06	  24	  3.58038e-07
262	  0.888577	  0	  6.33722e-05	  1.25605e-06	  6	  5.75585e-07
263	  0.894726	  0.117041	  6.23818e-05	  9.27495e-07	  12	  3.14119e-07
264	  0.912926	  0.229416	  5.96217e-05	  1.28028e-06	  12	  4.33601e-07
265	  0.942478	  0.333333	  5.55114e-05	  1.43542e-06	  12	  4.86141e-07
266	  0.982358	  0.426401	  5.05463e-05	  1.37593e-06	  12	  4.65992e-07
267	  0.894726	  0	  6.23818e-05	  9.2617e-07	  12	  3.13671e-07
268	  0.900833	  0.116248	  6.14503e-05	  1.16485e-06	  24	  2.96017e-07
269	  0.918912	  0.227921	  5.87657e-05	  1.35555e-06	  24	  3.44477e-07
270	  0.948278	  0.331295	  5.47385e-05	  1.41275e-06	  24	  3.59014e-07
271	  0.987924	  0.423999	  4.9893e-05	  1.18155e-06	  24	  3.00259e-07
272	  0.900833	  0	  6.14503e-05	  1.63437e-06	  12	  5.53522e-07
273	  0.9069	  0.11547	  6.0533e-05	  1.12423e-06	  24	  2.85695e-07
274	  0.92486	  0.226455	  5.79216e-05	  9.25534e-07	  24	  2.35201e-07
275	  0.954042	  0.329293	  5.39956e-05	  1.39975e-06	  24	  3.5571e-07
276	  0.993459	  0.421637	  4.92701e-05	  1.29446e-06	  24	  3.28954e-07
277	  0.936642	  0	  5.6289e-05	  8.04494e-07	  12	  2.72462e-07
278	  0.942478	  0.111111	  5.55114e-05	  1.21112e-06	  24	  3.07774e-07
279	  0.959772	  0.218218	  5.32783e-05	  1.00899e-06	  24	  2.56409e-07
280	  0.987924	  0.317999	  4.9893e-05	  9.62346e-07	  24	  2.44555e-07
281	  0.942478	  0	  5.55114e-05	  2.15115e-06	  6	  9.85761e-07
282	  0.948278	  0.110432	  5.47385e-05	  1.44312e-06	  12	  4.88748e-07
283	  0.965468	  0.21693	  5.25652e-05	  1.25204e-06	  12	  4.24034e-07
284	  0.993459	  0.316228	  4.92701e-05	  1.29036e-06	  12	  4.37014e-07
285	  0.948278	  0	  5.47385e-05	  1.31335e-06	  12	  4.44799e-07
286	  0.954042	  0.109764	  5.39956e-05	  9.30974e-07	  24	  2.36583e-07
287	  0.971131	  0.215666	  5.18642e-05	  7.68615e-07	  24	  1.95324e-07
288	  0.998963	  0.314485	  4.86634e-05	  1.09986e-06	  24	  2.79501e-07
289	  0.965468	  0	  5.25652e-05	  9.48948e-07	  24	  2.41151e-07
290	  0.971131	  0.107833	  5.18642e-05	  1.09541e-06	  48	  2.1288e-07
291	  0.987924	  0.212	  4.9893e-05	  1.17936e-06	  48	  2.29194e-07
292	  0.987924	  0	  4.9893e-05	  1.00849e-06	  12	  3.41552e-07
293	  0.993459	  0.105409	  4.92701e-05	  1.06104e-06	  24	  2.69637e-07
294	  0.993459	  0	  4.92701e-05	  8.65017e-07	  12	  2.9296e-07
295	  0.998963	  0.104828	  4.86634e-05	  9.09129e-07	  24	  2.31032e-07
296	  1.08818	  0.030936	  4.0048e-05	  8.54081e-07	  138	  1.15408e-07
297	  1.08818	  0.0938307	  4.0048e-05	  7.80356e-07	  252	  8.81756e-08
298	  1.08818	  0.156319	  4.0048e-05	  7.0288e-07	  72	  1.17979e-07
299	  1.08818	  0.218712	  4.0048e-05	  7.89035e-07	  216	  9.31387e-08
300	  1.08818	  0.281224	  4.0048e-05	  9.39634e-07	  288	  1.0235e-07
301	  1.08818	  0.343807	  4.0048e-05	  8.77085e-07	  120	  1.23921e-07
302	  1.08818	  0.406302	  4.0048e-05	  1.24194e-06	  180	  1.54665e-07
303	  1.08818	  0.468745	  4.0048e-05	  1.19725e-06	  180	  1.49101e-07
304	  1.08818	  0.531226	  4.0048e-05	  1.34159e-06	  192	  1.63901e-07
305	  1.08818	  0.593785	  4.0048e-05	  1.74002e-06	  192	  2.12576e-07
306	  1.08818	  0.656281	  4.0048e-05	  1.47371e-06	  168	  1.87385e-07
307	  1.08818	  0.718743	  4.0048e-05	  1.8553e-06	  228	  2.15635e-07
308	  1.08818	  0.781255	  4.0048e-05	  2.52922e-06	  144	  3.37229e-07
309	  1.08818	  0.843774	  4.0048e-05	  2.16254e-06	  240	  2.47718e-07
310	  1.08818	  0.90628	  4.0048e-05	  2.86783e-06	  168	  3.64649e-07
311	  1.08818	  0.968758	  4.0048e-05	  2.8097e-06	  150	  3.69896e-07
312	  1.25577	  0.030936	  2.88042e-05	  6.51212e-07	  198	  7.88402e-08
313	  1.25577	  0.0938307	  2.88042e-05	  6.63009e-07	  396	  6.64679e-08
314	  1.25577	  0.156319	  2.88042e-05	  6.42677e-07	  396	  6.44296e-08
315	  1.25577	  0.218712	  2.88042e-05	  6.09569e-07	  204	  7.31568e-08
316	  1.25577	  0.281224	  2.88042e-05	  7.17547e-07	  216	  8.47003e-08
317	  1.25577	  0.343807	  2.88042e-05	  7.16865e-07	  372	  7.3011e-08
318	  1.25577	  0.406302	  2.88042e-05	  8.15699e-07	  312	  8.69648e-08
319	  1.25577	  0.468745	  2.88042e-05	  8.18155e-07	  288	  8.9118e-08
320	  1.25577	  0.531226	  2.88042e-05	  1.09334e-06	  264	  1.21957e-07
321	  1.25577	  0.593785	  2.88042e-05	  1.00924e-06	  312	  1.07599e-07
322	  1.25577	  0.656281	  2.88042e-05	  1.13264e-06	  276	  1.24808e-07
323	  1.25577	  0.718743	  2.88042e-05	  1.2611e-06	  312	  1.34451e-07
324	  1.25577	  0.781255	  2.88042e-05	  1.45574e-06	  276	  1.60412e-07
325	  1.25577	  0.843774	  2.88042e-05	  1.542e-06	  240	  1.76635e-07
326	  1.25577	  0.90628	  2.88042e-05	  1.76456e-06	  324	  1.86259e-07
327	  1.25577	  0.968758	  2.88042e-05	  2.00857e-06	  315	  2.13598e-07
328	  1.45182	  0.030936	  2.05474e-05	  4.56342e-07	  246	  5.19124e-08
329	  1.45182	  0.0938307	  2.05474e-05	  4.16858e-07	  516	  3.9194e-08
330	  1.45182	  0.156319	  2.05474e-05	  4.67178e-07	  504	  4.41687e-08
331	  1.45182	  0.218712	  2.05474e-05	  4.39428e-07	  528	  4.1095e-08
332	  1.45182	  0.281224	  2.05474e-05	  4.69685e-07	  504	  4.44057e-08
333	  1.45182	  0.343807	  2.05474e-05	  5.36246e-07	  384	  5.41774e-08
334	  1.45182	  0.406302	  2.05474e-05	  6.54068e-07	  420	  6.46186e-08
335	  1.45182	  0.468745	  2.05474e-05	  5.73143e-07	  468	  5.51507e-08
336	  1.45182	  0.531226	  2.05474e-05	  6.42083e-07	  480	  6.14111e-08
337	  1.45182	  0.593785	  2.05474e-05	  6.90313e-07	  468	  6.64254e-08
338	  1.45182	  0.656281	  2.05474e-05	  7.49095e-07	  396	  7.50982e-08
339	  1.45182	  0.718743	  2.05474e-05	  8.2372e-07	  456	  7.97602e-08
340	  1.45182	  0.781255	  2.05474e-05	  1.03118e-06	  432	  1.01172e-07
341	  1.45182	  0.843774	  2.05474e-05	  1.03869e-06	  480	  9.93444e-08
342	  1.45182	  0.90628	  2.05474e-05	  1.26601e-06	  480	  1.21085e-07
343	  1.45182	  0.968758	  2.05474e-05	  1.34972e-06	  414	  1.33821e-07
344	  1.68148	  0.030936	  1.45436e-05	  3.09396e-07	  798	  2.64223e-08
345	  1.68148	  0.0938307	  1.45436e-05	  3.50851e-07	  708	  3.07284e-08
346	  1.68148	  0.156319	  1.45436e-05	  3.21765e-07	  684	  2.83912e-08
347	  1.68148	  0.218712	  1.45436e-05	  3.53597e-07	  720	  3.08577e-08
348	  1.68148	  0.281224	  1.45436e-05	  3.6025e-07	  708	  3.15515e-08
349	  1.68148	  0.343807	  1.45436e-05	  3.77125e-07	  720	  3.29109e-08
350	  1.68148	  0.406302	  1.45436e-05	  4.08332e-07	  672	  3.61683e-08
351	  1.68148	  0.468745	  1.45436e-05	  4.69e-07	  732	  4.07847e-08
352	  1.68148	  0.531226	  1.45436e-05	  4.87931e-07	  672	  4.32189e-08
353	  1.68148	  0.593785	  1.45436e-05	  4.9618e-07	  708	  4.34566e-08
354	  1.68148	  0.656281	  1.45436e-05	  5.23515e-07	  744	  4.53687e-08
355	  1.68148	  0.718743	  1.45436e-05	  6.54753e-07	  744	  5.67421e-08
356	  1.68148	  0.781255	  1.45436e-05	  7.04258e-07	  696	  6.19077e-08
357	  1.68148	  0.843774	  1.45436e-05	  7.38469e-07	  708	  6.46768e-08
358	  1.68148	  0.90628	  1.45436e-05	  8.25452e-07	  696	  7.25613e-08
359	  1.68148	  0.968758	  1.45436e-05	  8.94301e-07	  741	  7.7568e-08
360	  1.94819	  0.030936	  1.02432e-05	  2.32093e-07	  1368	  1.78797e-08
361	  1.94819	  0.0938307	  1.02432e-05	  2.32768e-07	  924	  1.92959e-08
362	  1.94819	  0.156319	  1.02432e-05	  2.4811e-07	  972	  2.03637e-08
363	  1.94819	  0.218712	  1.02432e-05	  2.61954e-07	  972	  2.14999e-08
364	  1.94819	  0.281224	  1.02432e-05	  2.42349e-07	  1200	  1.91135e-08
365	  1.94819	  0.343807	  1.02432e-05	  2.57218e-07	  1140	  2.04791e-08
366	  1.94819	  0.406302	  1.02432e-05	  2.84612e-07	  1080	  2.28911e-08
367	  1.94819	  0.468745	  1.02432e-05	  3.18368e-07	  1068	  2.56603e-08
368	  1.94819	  0.531226	  1.02432e-05	  3.0573e-07	  1164	  2.42476e-08
369	  1.94819	  0.593785	  1.02432e-05	  3.68016e-07	  1188	  2.9078e-08
370	  1.94819	  0.656281	  1.02432e-05	  3.70601e-07	  1068	  2.98703e-08
371	  1.94819	  0.718743	  1.02432e-05	  3.93741e-07	  1008	  3.20887e-08
372	  1.94819	  0.781255	  1.02432e-05	  4.46246e-07	  1164	  3.5392e-08
373	  1.94819	  0.843774	  1.02432e-05	  4.7247e-07	  1176	  3.7401e-08
374	  1.94819	  0.90628	  1.02432e-05	  5.10969e-07	  1080	  4.10968e-08
375	  1.94819	  0.968758	  1.02432e-05	  5.42146e-07	  1038	  4.39347e-08
376	  2.25604	  0.030936	  7.19976e-06	  1.72442e-07	  1896	  1.25823e-08
377	  2.25604	  0.0938307	  7.19976e-06	  1.74806e-07	  1272	  1.36416e-08
378	  2.25604	  0.156319	  7.19976e-06	  1.69564e-07	  2040	  1.22324e-08
379	  2.25604	  0.218712	  7.19976e-06	  1.82182e-07	  1740	  1.34766e-08
380	  2.25604	  0.281224	  7.19976e-06	  1.8558e-07	  1584	  1.39419e-08
381	  2.25604	  0.343807	  7.19976e-06	  1.90219e-07	  1764	  1.404e-08
382	  2.25604	  0.406302	  7.19976e-06	  1.99375e-07	  1632	  1.4904e-08
383	  2.25604	  0.468745	  7.19976e-06	  2.12579e-07	  1860	  1.5558e-08
384	  2.25604	  0.531226	  7.19976e-06	  2.28864e-07	  1560	  1.72377e-08
385	  2.25604	  0.593785	  7.19976e-06	  2.39457e-07	  1692	  1.77942e-08
386	  2.25604	  0.656281	  7.19976e-06	  2.63343e-07	  1704	  1.95466e-08
387	  2.25604	  0.718743	  7.19976e-06	  2.75296e-07	  1824	  2.02107e-08
388	  2.25604	  0.781255	  7.19976e-06	  2.92173e-07	  1668	  2.17626e-08
389	  2.25604	  0.843774	  7.19976e-06	  3.11171e-07	  1680	  2.31503e-08
390	  2.25604	  0.90628	  7.19976e-06	  3.35835e-07	  1776	  2.47608e-08
391	  2.25604	  0.968758	  7.19976e-06	  3.45938e-07	  1656	  2.57979e-08
392	  2.61216	  0.030936	  5.04692e-06	  1.29278e-07	  2586	  9.00612e-09
393	  2.61216	  0.0938307	  5.04692e-06	  1.25216e-07	  3036	  8.53335e-09
394	  2.61216	  0.156319	  5.04692e-06	  1.3321e-07	  2124	  9.55092e-09
395	  2.61216	  0.218712	  5.04692e-06	  1.27331e-07	  2940	  8.71488e-09
396	  2.61216	  0.281224	  5.04692e-06	  1.32603e-07	  2616	  9.22277e-09
397	  2.61216	  0.343807	  5.04692e-06	  1.38868e-07	  2448	  9.7501e-09
398	  2.61216	  0.406302	  5.04692e-06	  1.46146e-07	  2916	  1.00137e-08
399	  2.61216	  0.468745	  5.04692e-06	  1.50029e-07	  2544	  1.0476e-08
400	  2.61216	  0.531226	  5.04692e-06	  1.57238e-07	  2652	  1.09152e-08
401	  2.61216	  0.593785	  5.04692e-06	  1.62716e-07	  2748	  1.12398e-08
402	  2.61216	  0.656281	  5.04692e-06	  1.77903e-07	  2676	  1.23342e-08
403	  2.61216	  0.718743	  5.04692e-06	  1.75834e-07	  2472	  1.23282e-08
404	  2.61216	  0.781255	  5.04692e-06	  1.88714e-07	  2616	  1.31254e-08
405	  2.61216	  0.843774	  5.04692e-06	  1.9349e-07	  2736	  1.33736e-08
406	  2.61216	  0.90628	  5.04692e-06	  2.03774e-07	  2568	  1.42099e-08
407	  2.61216	  0.968758	  5.04692e-06	  2.05417e-07	  2745	  1.41916e-08
408	  3.02645	  0.030936	  3.52029e-06	  9.73064e-08	  3414	  6.53069e-09
409	  3.02645	  0.0938307	  3.52029e-06	  9.34507e-08	  4512	  6.06376e-09
410	  3.02645	  0.156319	  3.52029e-06	  9.25908e-08	  4632	  5.98999e-09
411	  3.02645	  0.218712	  3.52029e-06	  9.05013e-08	  3972	  5.96105e-09
412	  3.02645	  0.281224	  3.52029e-06	  9.42992e-08	  4176	  6.1742e-09
413	  3.02645	  0.343807	  3.52029e-06	  9.98452e-08	  4344	  6.50716e-09
414	  3.02645	  0.406302	  3.52029e-06	  1.03849e-07	  4044	  6.82549e-09
415	  3.02645	  0.468745	  3.52029e-06	  1.05939e-07	  4092	  6.95307e-09
416	  3.02645	  0.531226	  3.52029e-06	  1.13623e-07	  4296	  7.41468e-09
417	  3.02645	  0.593785	  3.52029e-06	  1.14178e-07	  3996	  7.51512e-09
418	  3.02645	  0.656281	  3.52029e-06	  1.16678e-07	  4188	  7.63683e-09
419	  3.02645	  0.718743	  3.52029e-06	  1.24852e-07	  4212	  8.16637e-09
420	  3.02645	  0.781255	  3.52029e-06	  1.20298e-07	  4140	  7.88455e-09
421	  3.02645	  0.843774	  3.52029e-06	  1.22441e-07	  4128	  8.02777e-09
422	  3.02645	  0.90628	  3.52029e-06	  1.25855e-07	  4188	  8.23749e-09
423	  3.02645	  0.968758	  3.52029e-06	  1.21633e-07	  4128	  7.97475e-09
424	  3.50419	  0.030936	  2.45325e-06	  6.88403e-08	  7002	  4.26469e-09
425	  3.50419	  0.0938307	  2.45325e-06	  6.89667e-08	  6240	  4.3214e-09
426	  3.50419	  0.156319	  2.45325e-06	  6.61275e-08	  5964	  4.16265e-09
427	  3.50419	  0.218712	  2.45325e-06	  6.82347e-08	  6180	  4.27972e-09
428	  3.50419	  0.281224	  2.45325e-06	  6.88134e-08	  6420	  4.2995e-09
429	  3.50419	  0.343807	  2.45325e-06	  7.02532e-08	  6516	  4.38297e-09
430	  3.50419	  0.406302	  2.45325e-06	  7.27097e-08	  6312	  4.55067e-09
431	  3.50419	  0.468745	  2.45325e-06	  7.58958e-08	  6276	  4.75281e-09
432	  3.50419	  0.531226	  2.45325e-06	  7.49205e-08	  6360	  4.68547e-09
433	  3.50419	  0.593785	  2.45325e-06	  7.57725e-08	  6408	  4.73519e-09
434	  3.50419	  0.656281	  2.45325e-06	  8.05944e-08	  6360	  5.04031e-09
435	  3.50419	  0.718743	  2.45325e-06	  7.80026e-08	  6336	  4.88007e-09
436	  3.50419	  0.781255	  2.45325e-06	  7.48899e-08	  6372	  4.68267e-09
437	  3.50419	  0.843774	  2.45325e-06	  7.8593e-08	  6456	  4.90779e-09
438	  3.50419	  0.90628	  2.45325e-06	  7.41746e-08	  6360	  4.63883e-09
439	  3.50419	  0.968758	  2.45325e-06	  7.01278e-08	  6327	  4.38803e-09
440	  4.05763	  0.030936	  1.70477e-06	  5.01488e-08	  10392	  2.99938e-09
441	  4.05763	  0.0938307	  1.70477e-06	  4.82526e-08	  9420	  2.90979e-09
442	  4.05763	  0.156319	  1.70477e-06	  4.91989e-08	  10176	  2.94766e-09
443	  4.05763	  0.218712	  1.70477e-06	  4.90186e-08	  10260	  2.93487e-09
444	  4.05763	  0.281224	  1.70477e-06	  4.71049e-08	  9528	  2.83782e-09
445	  4.05763	  0.343807	  1.70477e-06	  4.82424e-08	  10140	  2.8912e-09
446	  4.05763	  0.406302	  1.70477e-06	  5.05644e-08	  9960	  3.03488e-09
447	  4.05763	  0.468745	  1.70477e-06	  5.00046e-08	  10068	  2.99859e-09
448	  4.05763	  0.531226	  1.70477e-06	  5.12808e-08	  9996	  3.07695e-09
449	  4.05763	  0.593785	  1.70477e-06	  4.91467e-08	  9828	  2.95309e-09
450	  4.05763	  0.656281	  1.70477e-06	  4.85529e-08	  10032	  2.9124e-09
451	  4.05763	  0.718743	  1.70477e-06	  4.7687e-08	  9924	  2.86305e-09
452	  4.05763	  0.781255	  1.70477e-06	  4.5529e-08	  10116	  2.72912e-09
453	  4.05763	  0.843774	  1.70477e-06	  4.45612e-08	  9888	  2.67619e-09
454	  4.05763	  0.90628	  1.70477e-06	  4.27478e-08	  10008	  2.5647e-09
455	  4.05763	  0.968758	  1.70477e-06	  3.86831e-08	  9978	  2.32141e-09
456	  4.69917	  0.030936	  1.18077e-06	  3.59922e-08	  13626	  2.10795e-09
457	  4.69917	  0.0938307	  1.18077e-06	  3.59257e-08	  16392	  2.07688e-09
458	  4.69917	  0.156319	  1.18077e-06	  3.50704e-08	  15708	  2.03334e-09
459	  4.69917	  0.218712	  1.18077e-06	  3.42611e-08	  15432	  1.98886e-09
460	  4.69917	  0.281224	  1.18077e-06	  3.34719e-08	  15780	  1.94005e-09
461	  4.69917	  0.343807	  1.18077e-06	  3.35011e-08	  15300	  1.9459e-09
462	  4.69917	  0.406302	  1.18077e-06	  3.27136e-08	  15588	  1.8977e-09
463	  4.69917	  0.468745	  1.18077e-06	  3.30017e-08	  15396	  1.91605e-09
464	  4.69917	  0.531226	  1.18077e-06	  3.24099e-08	  15504	  1.88079e-09
465	  4.69917	  0.593785	  1.18077e-06	  3.11953e-08	  15660	  1.80905e-09
466	  4.69917	  0.656281	  1.18077e-06	  2.95783e-08	  15192	  1.71889e-09
467	  4.69917	  0.718743	  1.18077e-06	  2.87114e-08	  15600	  1.66545e-09
468	  4.69917	  0.781255	  1.18077e-06	  2.72344e-08	  15216	  1.58251e-09
469	  4.69917	  0.843774	  1.18077e-06	  2.52911e-08	  15516	  1.46759e-09
470	  4.69917	  0.90628	  1.18077e-06	  2.30316e-08	  15540	  1.33634e-09
471	  4.69917	  0.968758	  1.18077e-06	  2.09911e-08	  15405	  1.21868e-09
472	  5.4432	  0.030936	  8.15755e-07	  2.61343e-08	  26250	  1.46802e-09
473	  5.4432	  0.0938307	  8.15755e-07	  2.54504e-08	  22392	  1.4426e-09
474	  5.4432	  0.156319	  8.15755e-07	  2.48223e-08	  24516	  1.39965e-09
475	  5.4432	  0.218712	  8.15755e-07	  2.38377e-08	  23592	  1.34708e-09
476	  5.4432	  0.281224	  8.15755e-07	  2.33324e-08	  24264	  1.31641e-09
477	  5.4432	  0.343807	  8.15755e-07	  2.26835e-08	  23928	  1.28082e-09
478	  5.4432	  0.406302	  8.15755e-07	  2.17424e-08	  24120	  1.22712e-09
479	  5.4432	  0.468745	  8.15755e-07	  2.07382e-08	  23964	  1.17087e-09
480	  5.4432	  0.531226	  8.15755e-07	  2.01127e-08	  24060	  1.1353e-09
481	  5.4432	  0.593785	  8.15755e-07	  1.88968e-08	  24108	  1.06655e-09
482	  5.4432	  0.656281	  8.15755e-07	  1.75691e-08	  24228	  9.9133e-10
483	  5.4432	  0.718743	  8.15755e-07	  1.63925e-08	  24144	  9.2512e-10
484	  5.4432	  0.781255	  8.15755e-07	  1.4843e-08	  23940	  8.38081e-10
485	  5.4432	  0.843774	  8.15755e-07	  1.3209e-08	  24192	  7.45377e-10
486	  5.4432	  0.90628	  8.15755e-07	  1.20117e-08	  23988	  6.78137e-10
487	  5.4432	  0.968758	  8.15755e-07	  1.05128e-08	  24141	  5.93303e-10
488	  6.30378	  0.030936	  5.62645e-07	  1.85975e-08	  35082	  1.02917e-09
489	  6.30378	  0.0938307	  5.62645e-07	  1.79388e-08	  39108	  9.87649e-10
490	  6.30378	  0.156319	  5.62645e-07	  1.72408e-08	  36924	  9.51764e-10
491	  6.30378	  0.218712	  5.62645e-07	  1.6459e-08	  37692	  9.07728e-10
492	  6.30378	  0.281224	  5.62645e-07	  1.53814e-08	  37092	  8.48936e-10
493	  6.30378	  0.343807	  5.62645e-07	  1.48926e-08	  37536	  8.21499e-10
494	  6.30378	  0.406302	  5.62645e-07	  1.3897e-08	  36984	  7.67112e-10
495	  6.30378	  0.468745	  5.62645e-07	  1.29566e-08	  37428	  7.14803e-10
496	  6.30378	  0.531226	  5.62645e-07	  1.18636e-08	  37392	  6.54533e-10
497	  6.30378	  0.593785	  5.62645e-07	  1.08277e-08	  37200	  5.97522e-10
498	  6.30378	  0.656281	  5.62645e-07	  9.78274e-09	  36924	  5.40047e-10
499	  6.30378	  0.718743	  5.62645e-07	  8.73145e-09	  37272	  4.81799e-10
500	  6.30378	  0.781255	  5.62645e-07	  7.57593e-09	  37284	  4.18032e-10
501	  6.30378	  0.843774	  5.62645e-07	  6.64391e-09	  37188	  3.66648e-10
502	  6.30378	  0.90628	  5.62645e-07	  5.73387e-09	  37320	  3.16374e-10
503	  6.30378	  0.968758	  5.62645e-07	  4.81094e-09	  37119	  2.65518e-10
504	  7.30029	  0.030936	  3.87106e-07	  1.29354e-08	  60258	  6.99466e-10
505	  7.30029	  0.0938307	  3.87106e-07	  1.24191e-08	  56916	  6.73012e-10
506	  7.30029	  0.156319	  3.87106e-07	  1.17659e-08	  56820	  6.37652e-10
507	  7.30029	  0.218712	  3.87106e-07	  1.09804e-08	  58716	  5.94333e-10
508	  7.30029	  0.281224	  3.87106e-07	  1.01404e-08	  57840	  5.49185e-10
509	  7.30029	  0.343807	  3.87106e-07	  9.22035e-09	  57612	  4.99431e-10
510	  7.30029	  0.406302	  3.87106e-07	  8.44049e-09	  58464	  4.56932e-10
511	  7.30029	  0.468745	  3.87106e-07	  7.55298e-09	  57948	  4.09025e-10
512	  7.30029	  0.531226	  3.87106e-07	  6.74722e-09	  57708	  3.65448e-10
513	  7.30029	  0.593785	  3.87106e-07	  5.81013e-09	  58236	  3.14583e-10
514	  7.30029	  0.656281	  3.87106e-07	  5.02795e-09	  58008	  2.72274e-10
515	  7.30029	  0.718743	  3.87106e-07	  4.29759e-09	  58200	  2.32694e-10
516	  7.30029	  0.781255	  3.87106e-07	  3.57788e-09	  58128	  1.93734e-10
517	  7.30029	  0.843774	  3.87106e-07	  3.00239e-09	  57972	  1.62589e-10
518	  7.30029	  0.90628	  3.87106e-07	  2.46348e-09	  57960	  1.33407e-10
519	  7.30029	  0.968758	  3.87106e-07	  2.00839e-09	  58122	  1.0875e-10
520	  8.455	  0.030936	  2.65864e-07	  8.80137e-09	  90198	  4.69374e-10
521	  8.455	  0.0938307	  2.65864e-07	  8.41941e-09	  89292	  4.49146e-10
522	  8.455	  0.156319	  2.65864e-07	  7.83628e-09	  90804	  4.17819e-10
523	  8.455	  0.218712	  2.65864e-07	  7.02841e-09	  89628	  3.74897e-10
524	  8.455	  0.281224	  2.65864e-07	  6.32679e-09	  89844	  3.37447e-10
525	  8.455	  0.343807	  2.65864e-07	  5.5843e-09	  90636	  2.97764e-10
526	  8.455	  0.406302	  2.65864e-07	  4.83911e-09	  89628	  2.5812e-10
527	  8.455	  0.468745	  2.65864e-07	  4.10761e-09	  89772	  2.1909e-10
528	  8.455	  0.531226	  2.65864e-07	  3.50612e-09	  90324	  1.86972e-10
529	  8.455	  0.593785	  2.65864e-07	  2.87888e-09	  89784	  1.53552e-10
530	  8.455	  0.656281	  2.65864e-07	  2.34459e-09	  90216	  1.25036e-10
531	  8.455	  0.718743	  2.65864e-07	  1.92132e-09	  89796	  1.02478e-10
532	  8.455	  0.781255	  2.65864e-07	  1.54479e-09	  90120	  8.23852e-11
533	  8.455	  0.843774	  2.65864e-07	  1.22905e-09	  90132	  6.55464e-11
534	  8.455	  0.90628	  2.65864e-07	  9.85479e-10	  89916	  5.25604e-11
535	  8.455	  0.968758	  2.65864e-07	  7.59668e-10	  89964	  4.05161e-11
536	  9.79129	  0.030936	  1.82229e-07	  5.85752e-09	  139068	  3.08583e-10
537	  9.79129	  0.0938307	  1.82229e-07	  5.5105e-09	  141180	  2.90191e-10
538	  9.79129	  0.156319	  1.82229e-07	  5.00319e-09	  139380	  2.63561e-10
539	  9.79129	  0.218712	  1.82229e-07	  4.36955e-09	  138804	  2.30206e-10
540	  9.79129	  0.281224	  1.82229e-07	  3.7483e-09	  140952	  1.97399e-10
541	  9.79129	  0.343807	  1.82229e-07	  3.11592e-09	  139668	  1.64134e-10
542	  9.79129	  0.406302	  1.82229e-07	  2.56076e-09	  139464	  1.34895e-10
543	  9.79129	  0.468745	  1.82229e-07	  2.05766e-09	  139812	  1.08386e-10
544	  9.79129	  0.531226	  1.82229e-07	  1.63526e-09	  139884	  8.6135e-11
545	  9.79129	  0.593785	  1.82229e-07	  1.28657e-09	  140184	  6.77646e-11
546	  9.79129	  0.656281	  1.82229e-07	  1.00564e-09	  139404	  5.29755e-11
547	  9.79129	  0.718743	  1.82229e-07	  7.86645e-10	  139932	  4.14351e-11
548	  9.79129	  0.781255	  1.82229e-07	  6.0892e-10	  139980	  3.20735e-11
549	  9.79129	  0.843774	  1.82229e-07	  4.67466e-10	  139632	  2.46243e-11
550	  9.79129	  0.90628	  1.82229e-07	  3.57144e-10	  140088	  1.88114e-11
551	  9.79129	  0.968758	  1.82229e-07	  2.62089e-10	  139623	  1.38059e-11
