#n	   k	      mu	    PL	    Pf	     w	     err  
0	  0.10472	  1	  0.00337336	  0.000263045	  3	  0.000165021
1	  0.20944	  1	  0.00118523	  7.38164e-05	  3	  4.63088e-05
2	  0.314159	  1	  0.000541544	  7.01252e-05	  3	  4.39931e-05
3	  0.418879	  1	  0.000303979	  1.33347e-05	  3	  8.36553e-06
4	  0.523599	  1	  0.000190456	  3.89643e-06	  3	  2.44443e-06
5	  0.628319	  1	  0.000128324	  1.83477e-05	  3	  1.15104e-05
6	  0.733038	  1	  9.13892e-05	  8.78099e-06	  3	  5.50876e-06
7	  0.837758	  1	  6.77334e-05	  7.57138e-06	  3	  4.74991e-06
8	  0.942478	  1	  5.17837e-05	  1.06327e-06	  3	  6.67041e-07
9	  0.10472	  0	  0.00337336	  4.47947e-05	  6	  2.05271e-05
10	  0.148096	  0.707107	  0.00214369	  6.34545e-05	  12	  2.14905e-05
11	  0.23416	  0.894427	  0.000929148	  7.5483e-05	  12	  2.55642e-05
12	  0.331153	  0.948683	  0.000492723	  3.04134e-05	  12	  1.03003e-05
13	  0.431771	  0.970143	  0.000285165	  1.68748e-05	  12	  5.71508e-06
14	  0.533968	  0.980581	  0.000182562	  1.1172e-05	  12	  3.78367e-06
15	  0.636985	  0.986394	  0.0001246	  6.74448e-06	  12	  2.28419e-06
16	  0.74048	  0.989949	  8.93161e-05	  8.87441e-06	  12	  3.00554e-06
17	  0.844278	  0.992278	  6.65372e-05	  4.18274e-06	  12	  1.41659e-06
18	  0.948278	  0.993884	  5.10869e-05	  4.04441e-06	  12	  1.36974e-06
19	  0.148096	  0	  0.00214369	  2.36451e-05	  6	  1.08353e-05
20	  0.18138	  0.57735	  0.00147854	  3.10204e-05	  12	  1.05058e-05
21	  0.25651	  0.816497	  0.000808954	  3.55521e-05	  12	  1.20406e-05
22	  0.347316	  0.904534	  0.000445552	  2.14012e-05	  12	  7.24805e-06
23	  0.444288	  0.942809	  0.000268995	  1.42964e-05	  12	  4.84185e-06
24	  0.54414	  0.96225	  0.000175401	  1.19209e-05	  12	  4.0373e-06
25	  0.645536	  0.973329	  0.000121008	  7.41891e-06	  12	  2.5126e-06
26	  0.747849	  0.980196	  8.73604e-05	  4.77339e-06	  12	  1.61663e-06
27	  0.850747	  0.984732	  6.53547e-05	  5.49569e-06	  12	  1.86125e-06
28	  0.954042	  0.987878	  5.03943e-05	  3.99944e-06	  12	  1.35451e-06
29	  0.20944	  0	  0.00118523	  1.52261e-05	  6	  6.97734e-06
30	  0.23416	  0.447214	  0.000929148	  2.39551e-05	  12	  8.11301e-06
31	  0.296192	  0.707107	  0.000602839	  2.89779e-05	  12	  9.81411e-06
32	  0.377572	  0.83205	  0.000375464	  1.93104e-05	  12	  6.53995e-06
33	  0.468321	  0.894427	  0.000241325	  1.51856e-05	  12	  5.143e-06
34	  0.563933	  0.928477	  0.000162345	  6.14035e-06	  12	  2.07958e-06
35	  0.662306	  0.948683	  0.000114406	  5.97751e-06	  12	  2.02443e-06
36	  0.762371	  0.961524	  8.37153e-05	  6.24398e-06	  12	  2.11468e-06
37	  0.863541	  0.970143	  6.32417e-05	  1.5948e-06	  12	  5.40119e-07
38	  0.965468	  0.976187	  4.90214e-05	  2.73671e-06	  12	  9.26857e-07
39	  0.23416	  0	  0.000929148	  1.48021e-05	  12	  5.0131e-06
40	  0.25651	  0.408248	  0.000808954	  1.42365e-05	  24	  3.61783e-06
41	  0.314159	  0.666667	  0.000541544	  1.938e-05	  24	  4.92493e-06
42	  0.391825	  0.801784	  0.000349651	  1.44196e-05	  24	  3.66438e-06
43	  0.479886	  0.872872	  0.000229069	  1.64544e-05	  24	  4.18145e-06
44	  0.573574	  0.912871	  0.000156465	  7.49307e-06	  24	  1.90417e-06
45	  0.670534	  0.937043	  0.000111285	  4.97456e-06	  24	  1.26416e-06
46	  0.76953	  0.952579	  8.19185e-05	  4.85047e-06	  24	  1.23262e-06
47	  0.869868	  0.963087	  6.21968e-05	  3.93234e-06	  24	  9.99304e-07
48	  0.971131	  0.970495	  4.83411e-05	  3.24184e-06	  24	  8.23829e-07
49	  0.296192	  0	  0.000602839	  8.59708e-06	  6	  3.9396e-06
50	  0.314159	  0.333333	  0.000541544	  1.06197e-05	  12	  3.59663e-06
51	  0.36276	  0.57735	  0.000406132	  9.09018e-06	  12	  3.07862e-06
52	  0.431771	  0.727607	  0.000285165	  1.18373e-05	  12	  4.00901e-06
53	  0.51302	  0.816497	  0.000198765	  1.01802e-05	  12	  3.44777e-06
54	  0.601569	  0.870388	  0.00014121	  8.07627e-06	  12	  2.73523e-06
55	  0.694632	  0.904534	  0.000102908	  8.06143e-06	  12	  2.73021e-06
56	  0.790617	  0.927173	  7.7144e-05	  4.43308e-06	  12	  1.50137e-06
57	  0.888577	  0.942809	  5.92597e-05	  3.44819e-06	  12	  1.16782e-06
58	  0.987924	  0.953998	  4.65162e-05	  1.66771e-06	  12	  5.64813e-07
59	  0.314159	  0	  0.000541544	  1.14033e-05	  6	  5.22555e-06
60	  0.331153	  0.316228	  0.000492723	  8.69913e-06	  12	  2.94618e-06
61	  0.377572	  0.5547	  0.000375464	  1.24338e-05	  12	  4.21102e-06
62	  0.444288	  0.707107	  0.000268995	  6.57852e-06	  12	  2.22798e-06
63	  0.523599	  0.8	  0.000190456	  1.00147e-05	  12	  3.39171e-06
64	  0.610616	  0.857493	  0.000136604	  4.23116e-06	  12	  1.43299e-06
65	  0.702481	  0.894427	  0.000100427	  5.0481e-06	  12	  1.70967e-06
66	  0.797522	  0.919145	  7.56233e-05	  4.33679e-06	  12	  1.46876e-06
67	  0.894726	  0.936329	  5.83458e-05	  2.25702e-06	  12	  7.64397e-07
68	  0.993459	  0.948683	  4.59175e-05	  2.70406e-06	  12	  9.15799e-07
69	  0.331153	  0	  0.000492723	  7.01854e-06	  12	  2.377e-06
70	  0.347316	  0.301511	  0.000445552	  6.46939e-06	  24	  1.64403e-06
71	  0.391825	  0.534522	  0.000349651	  6.73554e-06	  24	  1.71166e-06
72	  0.456463	  0.688247	  0.0002546	  1.20371e-05	  24	  3.05891e-06
73	  0.533968	  0.784465	  0.000182562	  6.53207e-06	  24	  1.65996e-06
74	  0.61953	  0.845154	  0.000132434	  4.69189e-06	  24	  1.19232e-06
75	  0.710244	  0.884652	  9.80305e-05	  7.50336e-06	  24	  1.90678e-06
76	  0.804368	  0.911322	  7.42288e-05	  3.87453e-06	  24	  9.84611e-07
77	  0.900833	  0.929981	  5.74381e-05	  3.17853e-06	  24	  8.07741e-07
78	  0.998963	  0.943456	  4.53221e-05	  2.0681e-06	  24	  5.25554e-07
79	  0.377572	  0	  0.000375464	  5.7353e-06	  12	  1.9424e-06
80	  0.391825	  0.267261	  0.000349651	  4.34113e-06	  24	  1.10319e-06
81	  0.431771	  0.485071	  0.000285165	  7.45514e-06	  24	  1.89453e-06
82	  0.491179	  0.639602	  0.000218013	  5.35388e-06	  24	  1.36055e-06
83	  0.563933	  0.742781	  0.000162345	  7.11762e-06	  24	  1.80876e-06
84	  0.645536	  0.811107	  0.000121008	  5.87015e-06	  24	  1.49175e-06
85	  0.733038	  0.857143	  9.13892e-05	  5.11904e-06	  24	  1.30087e-06
86	  0.824564	  0.889001	  7.01542e-05	  2.39572e-06	  24	  6.0881e-07
87	  0.918912	  0.911685	  5.48981e-05	  3.45498e-06	  24	  8.77993e-07
88	  0.418879	  0	  0.000303979	  1.28482e-06	  6	  5.88766e-07
89	  0.431771	  0.242536	  0.000285165	  3.2998e-06	  12	  1.11756e-06
90	  0.468321	  0.447214	  0.000241325	  5.75072e-06	  12	  1.94762e-06
91	  0.523599	  0.6	  0.000190456	  5.39521e-06	  12	  1.82722e-06
92	  0.592384	  0.707107	  0.000145945	  2.77835e-06	  12	  9.4096e-07
93	  0.670534	  0.780869	  0.000111285	  5.71068e-06	  12	  1.93406e-06
94	  0.755145	  0.83205	  8.55291e-05	  3.35275e-06	  12	  1.13549e-06
95	  0.844278	  0.868243	  6.65372e-05	  3.30462e-06	  12	  1.11919e-06
96	  0.936642	  0.894427	  5.25294e-05	  1.6527e-06	  12	  5.59729e-07
97	  0.431771	  0	  0.000285165	  3.09025e-06	  12	  1.04659e-06
98	  0.444288	  0.235702	  0.000268995	  1.98104e-06	  24	  5.0343e-07
99	  0.479886	  0.436436	  0.000229069	  6.44266e-06	  24	  1.63723e-06
100	  0.533968	  0.588348	  0.000182562	  3.45538e-06	  24	  8.78096e-07
101	  0.601569	  0.696311	  0.00014121	  3.34833e-06	  24	  8.50892e-07
102	  0.678662	  0.771517	  0.000108388	  3.06813e-06	  24	  7.79685e-07
103	  0.762371	  0.824163	  8.37153e-05	  4.46135e-06	  24	  1.13374e-06
104	  0.850747	  0.86164	  6.53547e-05	  3.84552e-06	  24	  9.7724e-07
105	  0.942478	  0.888889	  5.17837e-05	  3.19141e-06	  24	  8.11013e-07
106	  0.444288	  0	  0.000268995	  2.72058e-06	  6	  1.2467e-06
107	  0.456463	  0.229416	  0.0002546	  5.10074e-06	  12	  1.7275e-06
108	  0.491179	  0.426401	  0.000218013	  4.33641e-06	  12	  1.46864e-06
109	  0.54414	  0.57735	  0.000175401	  1.51714e-06	  12	  5.13817e-07
110	  0.610616	  0.685994	  0.000136604	  5.57099e-06	  12	  1.88676e-06
111	  0.686693	  0.762493	  0.000105632	  3.57003e-06	  12	  1.20908e-06
112	  0.76953	  0.816497	  8.19185e-05	  3.40326e-06	  12	  1.1526e-06
113	  0.857168	  0.855186	  6.42942e-05	  1.97246e-06	  12	  6.68023e-07
114	  0.948278	  0.883452	  5.10869e-05	  1.51617e-06	  12	  5.13489e-07
115	  0.468321	  0	  0.000241325	  3.52762e-06	  12	  1.19472e-06
116	  0.479886	  0.218218	  0.000229069	  4.97332e-06	  24	  1.26384e-06
117	  0.51302	  0.408248	  0.000198765	  5.12396e-06	  24	  1.30212e-06
118	  0.563933	  0.557086	  0.000162345	  4.87095e-06	  24	  1.23783e-06
119	  0.628319	  0.666667	  0.000128324	  3.64879e-06	  24	  9.27245e-07
120	  0.702481	  0.745356	  0.000100427	  4.13404e-06	  24	  1.05056e-06
121	  0.783651	  0.801784	  7.87209e-05	  3.53817e-06	  24	  8.99134e-07
122	  0.869868	  0.842701	  6.21968e-05	  2.36956e-06	  24	  6.02161e-07
123	  0.959772	  0.872872	  4.97058e-05	  2.29504e-06	  24	  5.83224e-07
124	  0.523599	  0	  0.000190456	  2.48554e-06	  18	  7.10123e-07
125	  0.533968	  0.196116	  0.000182562	  2.31245e-06	  36	  5.01032e-07
126	  0.563933	  0.371391	  0.000162345	  2.30572e-06	  36	  4.99573e-07
127	  0.610616	  0.514496	  0.000136604	  2.78828e-06	  36	  6.04128e-07
128	  0.670534	  0.624695	  0.000111285	  2.89562e-06	  36	  6.27385e-07
129	  0.74048	  0.707107	  8.93161e-05	  3.17606e-06	  36	  6.88146e-07
130	  0.817887	  0.768221	  7.14749e-05	  2.7144e-06	  36	  5.88119e-07
131	  0.900833	  0.813733	  5.74381e-05	  2.30964e-06	  36	  5.00421e-07
132	  0.987924	  0.847998	  4.65162e-05	  2.06158e-06	  36	  4.46675e-07
133	  0.533968	  0	  0.000182562	  2.29562e-06	  12	  7.77468e-07
134	  0.54414	  0.19245	  0.000175401	  3.50776e-06	  24	  8.91406e-07
135	  0.573574	  0.365148	  0.000156465	  2.34866e-06	  24	  5.9685e-07
136	  0.61953	  0.507093	  0.000132434	  3.0834e-06	  24	  7.83567e-07
137	  0.678662	  0.617213	  0.000108388	  2.94491e-06	  24	  7.48373e-07
138	  0.747849	  0.70014	  8.73604e-05	  2.81717e-06	  24	  7.15912e-07
139	  0.824564	  0.762001	  7.01542e-05	  1.18151e-06	  24	  3.00251e-07
140	  0.9069	  0.80829	  5.65364e-05	  2.60674e-06	  24	  6.62435e-07
141	  0.993459	  0.843274	  4.59175e-05	  1.99492e-06	  24	  5.06959e-07
142	  0.563933	  0	  0.000162345	  9.81005e-07	  12	  3.32242e-07
143	  0.573574	  0.182574	  0.000156465	  1.95461e-06	  24	  4.96712e-07
144	  0.601569	  0.348155	  0.00014121	  2.50682e-06	  24	  6.37044e-07
145	  0.645536	  0.486664	  0.000121008	  2.97886e-06	  24	  7.56999e-07
146	  0.702481	  0.596285	  0.000100427	  3.12865e-06	  24	  7.95065e-07
147	  0.76953	  0.680414	  8.19185e-05	  1.84942e-06	  24	  4.69982e-07
148	  0.844278	  0.744208	  6.65372e-05	  2.80994e-06	  24	  7.14073e-07
149	  0.92486	  0.792594	  5.41035e-05	  2.23495e-06	  24	  5.67955e-07
150	  0.592384	  0	  0.000145945	  6.69465e-07	  6	  3.06781e-07
151	  0.601569	  0.174078	  0.00014121	  1.40073e-06	  12	  4.74391e-07
152	  0.628319	  0.333333	  0.000128324	  1.9645e-06	  12	  6.65326e-07
153	  0.670534	  0.468521	  0.000111285	  1.76846e-06	  12	  5.98934e-07
154	  0.72552	  0.57735	  9.34835e-05	  3.42327e-06	  12	  1.15938e-06
155	  0.790617	  0.662266	  7.7144e-05	  2.48028e-06	  12	  8.40009e-07
156	  0.863541	  0.727607	  6.32417e-05	  2.08123e-06	  12	  7.04861e-07
157	  0.942478	  0.777778	  5.17837e-05	  1.56638e-06	  12	  5.30493e-07
158	  0.610616	  0	  0.000136604	  1.43456e-06	  12	  4.8585e-07
159	  0.61953	  0.169031	  0.000132434	  1.81983e-06	  24	  4.62463e-07
160	  0.645536	  0.324443	  0.000121008	  2.13153e-06	  24	  5.41673e-07
161	  0.686693	  0.457496	  0.000105632	  2.34671e-06	  24	  5.96355e-07
162	  0.74048	  0.565685	  8.93161e-05	  1.98558e-06	  24	  5.04584e-07
163	  0.804368	  0.650945	  7.42288e-05	  2.71546e-06	  24	  6.90065e-07
164	  0.876148	  0.717137	  6.11595e-05	  2.28781e-06	  24	  5.81389e-07
165	  0.954042	  0.76835	  5.03943e-05	  1.84868e-06	  24	  4.69794e-07
166	  0.628319	  0	  0.000128324	  5.0999e-06	  6	  2.33702e-06
167	  0.636985	  0.164399	  0.0001246	  2.45319e-06	  12	  8.30836e-07
168	  0.662306	  0.316228	  0.000114406	  1.62987e-06	  12	  5.51997e-07
169	  0.702481	  0.447214	  0.000100427	  8.8969e-07	  12	  3.01316e-07
170	  0.755145	  0.5547	  8.55291e-05	  1.20175e-06	  12	  4.07003e-07
171	  0.817887	  0.640184	  7.14749e-05	  1.58033e-06	  12	  5.35219e-07
172	  0.888577	  0.707107	  5.92597e-05	  1.7802e-06	  12	  6.0291e-07
173	  0.965468	  0.759257	  4.90214e-05	  2.05009e-06	  12	  6.94314e-07
174	  0.636985	  0	  0.0001246	  2.42629e-06	  12	  8.21723e-07
175	  0.645536	  0.162221	  0.000121008	  1.31527e-06	  24	  3.34243e-07
176	  0.670534	  0.312348	  0.000111285	  1.50947e-06	  24	  3.83592e-07
177	  0.710244	  0.442326	  9.80305e-05	  2.02839e-06	  24	  5.15463e-07
178	  0.762371	  0.549442	  8.37153e-05	  2.53189e-06	  24	  6.43414e-07
179	  0.824564	  0.635001	  7.01542e-05	  1.28374e-06	  24	  3.2623e-07
180	  0.894726	  0.702247	  5.83458e-05	  1.3589e-06	  24	  3.45329e-07
181	  0.971131	  0.754829	  4.83411e-05	  1.64097e-06	  24	  4.1701e-07
182	  0.662306	  0	  0.000114406	  1.49443e-06	  12	  5.06127e-07
183	  0.670534	  0.156174	  0.000111285	  1.39861e-06	  24	  3.55421e-07
184	  0.694632	  0.301511	  0.000102908	  1.5301e-06	  24	  3.88834e-07
185	  0.733038	  0.428571	  9.13892e-05	  1.92136e-06	  24	  4.88265e-07
186	  0.783651	  0.534522	  7.87209e-05	  1.64132e-06	  24	  4.17099e-07
187	  0.844278	  0.620174	  6.65372e-05	  1.59553e-06	  24	  4.05463e-07
188	  0.912926	  0.688247	  5.56979e-05	  1.17523e-06	  24	  2.98653e-07
189	  0.987924	  0.741999	  4.65162e-05	  1.37802e-06	  24	  3.50188e-07
190	  0.670534	  0	  0.000111285	  1.79405e-06	  12	  6.076e-07
191	  0.678662	  0.154303	  0.000108388	  1.18451e-06	  24	  3.01013e-07
192	  0.702481	  0.298142	  0.000100427	  1.90903e-06	  24	  4.85129e-07
193	  0.74048	  0.424264	  8.93161e-05	  1.48516e-06	  24	  3.77415e-07
194	  0.790617	  0.529813	  7.7144e-05	  1.61629e-06	  24	  4.10739e-07
195	  0.850747	  0.615457	  6.53547e-05	  1.17517e-06	  24	  2.98639e-07
196	  0.918912	  0.683763	  5.48981e-05	  1.73237e-06	  24	  4.40238e-07
197	  0.993459	  0.737865	  4.59175e-05	  1.52414e-06	  24	  3.8732e-07
198	  0.702481	  0	  0.000100427	  7.44347e-07	  12	  2.52092e-07
199	  0.710244	  0.147442	  9.80305e-05	  1.4979e-06	  24	  3.80651e-07
200	  0.733038	  0.285714	  9.13892e-05	  1.90188e-06	  24	  4.83313e-07
201	  0.76953	  0.408248	  8.19185e-05	  1.59037e-06	  24	  4.04151e-07
202	  0.817887	  0.512148	  7.14749e-05	  2.28924e-06	  24	  5.81752e-07
203	  0.876148	  0.597614	  6.11595e-05	  1.8368e-06	  24	  4.66775e-07
204	  0.942478	  0.666667	  5.17837e-05	  1.53219e-06	  24	  3.89366e-07
205	  0.733038	  0	  9.13892e-05	  1.19333e-06	  6	  5.46843e-07
206	  0.74048	  0.141421	  8.93161e-05	  1.21742e-06	  12	  4.12311e-07
207	  0.762371	  0.274721	  8.37153e-05	  9.56744e-07	  12	  3.24025e-07
208	  0.797522	  0.393919	  7.56233e-05	  1.38989e-06	  12	  4.70722e-07
209	  0.844278	  0.496139	  6.65372e-05	  1.69467e-06	  12	  5.73942e-07
210	  0.900833	  0.581238	  5.74381e-05	  1.83973e-06	  12	  6.23072e-07
211	  0.965468	  0.650791	  4.90214e-05	  1.48545e-06	  12	  5.03086e-07
212	  0.74048	  0	  8.93161e-05	  1.28114e-06	  18	  3.66024e-07
213	  0.747849	  0.140028	  8.73604e-05	  1.60358e-06	  36	  3.47443e-07
214	  0.76953	  0.272166	  8.19185e-05	  1.24653e-06	  36	  2.70081e-07
215	  0.804368	  0.390567	  7.42288e-05	  1.84651e-06	  36	  4.00077e-07
216	  0.850747	  0.492366	  6.53547e-05	  1.17067e-06	  36	  2.53645e-07
217	  0.9069	  0.57735	  5.65364e-05	  1.19812e-06	  36	  2.59592e-07
218	  0.971131	  0.646997	  4.83411e-05	  1.94366e-06	  36	  4.21126e-07
219	  0.755145	  0	  8.55291e-05	  8.30523e-07	  12	  2.81277e-07
220	  0.762371	  0.137361	  8.37153e-05	  1.54626e-06	  24	  3.92941e-07
221	  0.783651	  0.267261	  7.87209e-05	  1.33777e-06	  24	  3.39959e-07
222	  0.817887	  0.384111	  7.14749e-05	  1.50465e-06	  24	  3.82368e-07
223	  0.863541	  0.485071	  6.32417e-05	  7.86133e-07	  24	  1.99775e-07
224	  0.918912	  0.569803	  5.48981e-05	  1.3433e-06	  24	  3.41364e-07
225	  0.982358	  0.639602	  4.71184e-05	  1.03985e-06	  24	  2.64251e-07
226	  0.762371	  0	  8.37153e-05	  6.68858e-07	  12	  2.26525e-07
227	  0.76953	  0.136083	  8.19185e-05	  1.51011e-06	  24	  3.83755e-07
228	  0.790617	  0.264906	  7.7144e-05	  1.08542e-06	  24	  2.75832e-07
229	  0.824564	  0.381	  7.01542e-05	  1.08093e-06	  24	  2.74692e-07
230	  0.869868	  0.481543	  6.21968e-05	  7.93741e-07	  24	  2.01709e-07
231	  0.92486	  0.566139	  5.41035e-05	  1.49983e-06	  24	  3.81143e-07
232	  0.987924	  0.635999	  4.65162e-05	  1.10386e-06	  24	  2.80517e-07
233	  0.797522	  0	  7.56233e-05	  1.20793e-06	  12	  4.09096e-07
234	  0.804368	  0.130189	  7.42288e-05	  1.47674e-06	  24	  3.75275e-07
235	  0.824564	  0.254	  7.01542e-05	  9.3807e-07	  24	  2.38386e-07
236	  0.857168	  0.366508	  6.42942e-05	  1.16596e-06	  24	  2.96298e-07
237	  0.900833	  0.464991	  5.74381e-05	  1.09062e-06	  24	  2.77153e-07
238	  0.954042	  0.548821	  5.03943e-05	  1.25097e-06	  24	  3.17901e-07
239	  0.817887	  0	  7.14749e-05	  9.13247e-07	  12	  3.09294e-07
240	  0.824564	  0.127	  7.01542e-05	  8.39516e-07	  24	  2.13341e-07
241	  0.844278	  0.248069	  6.65372e-05	  9.80634e-07	  24	  2.49203e-07
242	  0.876148	  0.358569	  6.11595e-05	  1.21876e-06	  24	  3.09716e-07
243	  0.918912	  0.455842	  5.48981e-05	  1.13547e-06	  24	  2.8855e-07
244	  0.971131	  0.539164	  4.83411e-05	  1.33852e-06	  24	  3.40151e-07
245	  0.837758	  0	  6.77334e-05	  1.08445e-06	  6	  4.96946e-07
246	  0.844278	  0.124035	  6.65372e-05	  1.46829e-06	  12	  4.97273e-07
247	  0.863541	  0.242536	  6.32417e-05	  4.62606e-07	  12	  1.56673e-07
248	  0.894726	  0.351123	  5.83458e-05	  9.04704e-07	  12	  3.06401e-07
249	  0.936642	  0.447214	  5.25294e-05	  9.94839e-07	  12	  3.36927e-07
250	  0.987924	  0.529999	  4.65162e-05	  1.53517e-06	  12	  5.19923e-07
251	  0.844278	  0	  6.65372e-05	  1.28806e-06	  24	  3.27328e-07
252	  0.850747	  0.123091	  6.53547e-05	  1.09146e-06	  48	  2.12112e-07
253	  0.869868	  0.240772	  6.21968e-05	  9.10735e-07	  48	  1.7699e-07
254	  0.900833	  0.348743	  5.74381e-05	  1.06058e-06	  48	  2.0611e-07
255	  0.942478	  0.444444	  5.17837e-05	  1.03275e-06	  48	  2.00703e-07
256	  0.993459	  0.527046	  4.59175e-05	  1.14475e-06	  48	  2.22467e-07
257	  0.863541	  0	  6.32417e-05	  5.56438e-07	  12	  1.88452e-07
258	  0.869868	  0.120386	  6.21968e-05	  9.50268e-07	  24	  2.41486e-07
259	  0.888577	  0.235702	  5.92597e-05	  9.41569e-07	  24	  2.39275e-07
260	  0.918912	  0.341882	  5.48981e-05	  9.71558e-07	  24	  2.46896e-07
261	  0.959772	  0.436436	  4.97058e-05	  9.96321e-07	  24	  2.53189e-07
262	  0.888577	  0	  5.92597e-05	  9.00859e-07	  6	  4.12817e-07
263	  0.894726	  0.117041	  5.83458e-05	  6.47883e-07	  12	  2.19422e-07
264	  0.912926	  0.229416	  5.56979e-05	  9.18275e-07	  12	  3.10997e-07
265	  0.942478	  0.333333	  5.17837e-05	  1.04241e-06	  12	  3.53039e-07
266	  0.982358	  0.426401	  4.71184e-05	  9.44584e-07	  12	  3.19907e-07
267	  0.894726	  0	  5.83458e-05	  6.41652e-07	  12	  2.17311e-07
268	  0.900833	  0.116248	  5.74381e-05	  7.95061e-07	  24	  2.02044e-07
269	  0.918912	  0.227921	  5.48981e-05	  9.85847e-07	  24	  2.50527e-07
270	  0.948278	  0.331295	  5.10869e-05	  1.03212e-06	  24	  2.62285e-07
271	  0.987924	  0.423999	  4.65162e-05	  8.76601e-07	  24	  2.22765e-07
272	  0.900833	  0	  5.74381e-05	  1.17726e-06	  12	  3.98709e-07
273	  0.9069	  0.11547	  5.65364e-05	  8.27683e-07	  24	  2.10334e-07
274	  0.92486	  0.226455	  5.41035e-05	  6.84897e-07	  24	  1.74049e-07
275	  0.954042	  0.329293	  5.03943e-05	  9.99642e-07	  24	  2.54033e-07
276	  0.993459	  0.421637	  4.59175e-05	  9.17408e-07	  24	  2.33136e-07
277	  0.936642	  0	  5.25294e-05	  6.15225e-07	  12	  2.08361e-07
278	  0.942478	  0.111111	  5.17837e-05	  8.63362e-07	  24	  2.19401e-07
279	  0.959772	  0.218218	  4.97058e-05	  7.50002e-07	  24	  1.90594e-07
280	  0.987924	  0.317999	  4.65162e-05	  7.02481e-07	  24	  1.78517e-07
281	  0.942478	  0	  5.17837e-05	  1.45621e-06	  6	  6.67305e-07
282	  0.948278	  0.110432	  5.10869e-05	  1.00606e-06	  12	  3.40729e-07
283	  0.965468	  0.21693	  4.90214e-05	  8.721e-07	  12	  2.95359e-07
284	  0.993459	  0.316228	  4.59175e-05	  9.22879e-07	  12	  3.12556e-07
285	  0.948278	  0	  5.10869e-05	  9.15697e-07	  12	  3.10124e-07
286	  0.954042	  0.109764	  5.03943e-05	  6.66841e-07	  24	  1.6946e-07
287	  0.971131	  0.215666	  4.83411e-05	  5.91412e-07	  24	  1.50292e-07
288	  0.998963	  0.314485	  4.53221e-05	  7.54943e-07	  24	  1.91849e-07
289	  0.965468	  0	  4.90214e-05	  7.01262e-07	  24	  1.78208e-07
290	  0.971131	  0.107833	  4.83411e-05	  7.90993e-07	  48	  1.5372e-07
291	  0.987924	  0.212	  4.65162e-05	  8.48597e-07	  48	  1.64914e-07
292	  0.987924	  0	  4.65162e-05	  7.18806e-07	  12	  2.43442e-07
293	  0.993459	  0.105409	  4.59175e-05	  7.3643e-07	  24	  1.87145e-07
294	  0.993459	  0	  4.59175e-05	  6.23608e-07	  12	  2.112e-07
295	  0.998963	  0.104828	  4.53221e-05	  6.56989e-07	  24	  1.66957e-07
296	  1.08818	  0.030936	  3.72146e-05	  6.15777e-07	  138	  8.32073e-08
297	  1.08818	  0.0938307	  3.72146e-05	  5.62722e-07	  252	  6.35843e-08
298	  1.08818	  0.156319	  3.72146e-05	  5.07324e-07	  72	  8.51549e-08
299	  1.08818	  0.218712	  3.72146e-05	  5.68751e-07	  216	  6.71362e-08
300	  1.08818	  0.281224	  3.72146e-05	  6.7209e-07	  288	  7.32078e-08
301	  1.08818	  0.343807	  3.72146e-05	  6.30042e-07	  120	  8.90168e-08
302	  1.08818	  0.406302	  3.72146e-05	  8.95751e-07	  180	  1.11553e-07
303	  1.08818	  0.468745	  3.72146e-05	  8.34493e-07	  180	  1.03924e-07
304	  1.08818	  0.531226	  3.72146e-05	  9.66708e-07	  192	  1.18102e-07
305	  1.08818	  0.593785	  3.72146e-05	  1.22969e-06	  192	  1.5023e-07
306	  1.08818	  0.656281	  3.72146e-05	  1.01592e-06	  168	  1.29175e-07
307	  1.08818	  0.718743	  3.72146e-05	  1.32217e-06	  228	  1.53671e-07
308	  1.08818	  0.781255	  3.72146e-05	  1.86033e-06	  144	  2.48044e-07
309	  1.08818	  0.843774	  3.72146e-05	  1.58014e-06	  240	  1.81005e-07
310	  1.08818	  0.90628	  3.72146e-05	  1.99769e-06	  168	  2.5401e-07
311	  1.08818	  0.968758	  3.72146e-05	  2.04165e-06	  150	  2.68782e-07
312	  1.25577	  0.030936	  2.66409e-05	  4.6636e-07	  198	  5.64607e-08
313	  1.25577	  0.0938307	  2.66409e-05	  4.7894e-07	  396	  4.80146e-08
314	  1.25577	  0.156319	  2.66409e-05	  4.61438e-07	  396	  4.626e-08
315	  1.25577	  0.218712	  2.66409e-05	  4.40744e-07	  204	  5.28954e-08
316	  1.25577	  0.281224	  2.66409e-05	  5.19222e-07	  216	  6.12897e-08
317	  1.25577	  0.343807	  2.66409e-05	  5.16714e-07	  372	  5.2626e-08
318	  1.25577	  0.406302	  2.66409e-05	  5.92506e-07	  312	  6.31694e-08
319	  1.25577	  0.468745	  2.66409e-05	  5.85948e-07	  288	  6.38247e-08
320	  1.25577	  0.531226	  2.66409e-05	  7.79852e-07	  264	  8.69892e-08
321	  1.25577	  0.593785	  2.66409e-05	  7.38951e-07	  312	  7.87824e-08
322	  1.25577	  0.656281	  2.66409e-05	  8.0041e-07	  276	  8.81995e-08
323	  1.25577	  0.718743	  2.66409e-05	  9.13717e-07	  312	  9.74149e-08
324	  1.25577	  0.781255	  2.66409e-05	  1.06723e-06	  276	  1.17602e-07
325	  1.25577	  0.843774	  2.66409e-05	  1.09301e-06	  240	  1.25204e-07
326	  1.25577	  0.90628	  2.66409e-05	  1.22922e-06	  324	  1.29751e-07
327	  1.25577	  0.968758	  2.66409e-05	  1.44449e-06	  315	  1.53612e-07
328	  1.45182	  0.030936	  1.89001e-05	  3.30931e-07	  246	  3.76459e-08
329	  1.45182	  0.0938307	  1.89001e-05	  3.05134e-07	  516	  2.86895e-08
330	  1.45182	  0.156319	  1.89001e-05	  3.38506e-07	  504	  3.20036e-08
331	  1.45182	  0.218712	  1.89001e-05	  3.14018e-07	  528	  2.93668e-08
332	  1.45182	  0.281224	  1.89001e-05	  3.39668e-07	  504	  3.21134e-08
333	  1.45182	  0.343807	  1.89001e-05	  3.8392e-07	  384	  3.87879e-08
334	  1.45182	  0.406302	  1.89001e-05	  4.70801e-07	  420	  4.65128e-08
335	  1.45182	  0.468745	  1.89001e-05	  4.13832e-07	  468	  3.9821e-08
336	  1.45182	  0.531226	  1.89001e-05	  4.6837e-07	  480	  4.47966e-08
337	  1.45182	  0.593785	  1.89001e-05	  4.91547e-07	  468	  4.72991e-08
338	  1.45182	  0.656281	  1.89001e-05	  5.29127e-07	  396	  5.3046e-08
339	  1.45182	  0.718743	  1.89001e-05	  5.93736e-07	  456	  5.74911e-08
340	  1.45182	  0.781255	  1.89001e-05	  7.37068e-07	  432	  7.23156e-08
341	  1.45182	  0.843774	  1.89001e-05	  7.34642e-07	  480	  7.02638e-08
342	  1.45182	  0.90628	  1.89001e-05	  8.77671e-07	  480	  8.39436e-08
343	  1.45182	  0.968758	  1.89001e-05	  9.90466e-07	  414	  9.8202e-08
344	  1.68148	  0.030936	  1.33206e-05	  2.25996e-07	  798	  1.92999e-08
345	  1.68148	  0.0938307	  1.33206e-05	  2.53703e-07	  708	  2.22199e-08
346	  1.68148	  0.156319	  1.33206e-05	  2.36652e-07	  684	  2.08812e-08
347	  1.68148	  0.218712	  1.33206e-05	  2.55993e-07	  720	  2.23399e-08
348	  1.68148	  0.281224	  1.33206e-05	  2.63045e-07	  708	  2.30381e-08
349	  1.68148	  0.343807	  1.33206e-05	  2.78058e-07	  720	  2.42655e-08
350	  1.68148	  0.406302	  1.33206e-05	  2.95137e-07	  672	  2.6142e-08
351	  1.68148	  0.468745	  1.33206e-05	  3.44659e-07	  732	  2.99719e-08
352	  1.68148	  0.531226	  1.33206e-05	  3.52504e-07	  672	  3.12234e-08
353	  1.68148	  0.593785	  1.33206e-05	  3.62455e-07	  708	  3.17447e-08
354	  1.68148	  0.656281	  1.33206e-05	  3.78928e-07	  744	  3.28385e-08
355	  1.68148	  0.718743	  1.33206e-05	  4.72194e-07	  744	  4.09212e-08
356	  1.68148	  0.781255	  1.33206e-05	  5.14984e-07	  696	  4.52696e-08
357	  1.68148	  0.843774	  1.33206e-05	  5.23137e-07	  708	  4.58176e-08
358	  1.68148	  0.90628	  1.33206e-05	  5.79468e-07	  696	  5.0938e-08
359	  1.68148	  0.968758	  1.33206e-05	  6.53584e-07	  741	  5.66893e-08
360	  1.94819	  0.030936	  9.33117e-06	  1.68258e-07	  1368	  1.29621e-08
361	  1.94819	  0.0938307	  9.33117e-06	  1.70136e-07	  924	  1.41039e-08
362	  1.94819	  0.156319	  9.33117e-06	  1.79398e-07	  972	  1.47241e-08
363	  1.94819	  0.218712	  9.33117e-06	  1.94445e-07	  972	  1.59591e-08
364	  1.94819	  0.281224	  9.33117e-06	  1.76778e-07	  1200	  1.3942e-08
365	  1.94819	  0.343807	  9.33117e-06	  1.90261e-07	  1140	  1.51481e-08
366	  1.94819	  0.406302	  9.33117e-06	  2.07642e-07	  1080	  1.67004e-08
367	  1.94819	  0.468745	  9.33117e-06	  2.31827e-07	  1068	  1.86851e-08
368	  1.94819	  0.531226	  9.33117e-06	  2.2118e-07	  1164	  1.75419e-08
369	  1.94819	  0.593785	  9.33117e-06	  2.68038e-07	  1188	  2.11785e-08
370	  1.94819	  0.656281	  9.33117e-06	  2.70601e-07	  1068	  2.18103e-08
371	  1.94819	  0.718743	  9.33117e-06	  2.91878e-07	  1008	  2.37872e-08
372	  1.94819	  0.781255	  9.33117e-06	  3.23615e-07	  1164	  2.56661e-08
373	  1.94819	  0.843774	  9.33117e-06	  3.4462e-07	  1176	  2.72803e-08
374	  1.94819	  0.90628	  9.33117e-06	  3.66695e-07	  1080	  2.94929e-08
375	  1.94819	  0.968758	  9.33117e-06	  3.96332e-07	  1038	  3.21182e-08
376	  2.25604	  0.030936	  6.52811e-06	  1.28013e-07	  1896	  9.34057e-09
377	  2.25604	  0.0938307	  6.52811e-06	  1.2947e-07	  1272	  1.01037e-08
378	  2.25604	  0.156319	  6.52811e-06	  1.24981e-07	  2040	  9.01619e-09
379	  2.25604	  0.218712	  6.52811e-06	  1.35222e-07	  1740	  1.00028e-08
380	  2.25604	  0.281224	  6.52811e-06	  1.38639e-07	  1584	  1.04154e-08
381	  2.25604	  0.343807	  6.52811e-06	  1.40018e-07	  1764	  1.03346e-08
382	  2.25604	  0.406302	  6.52811e-06	  1.46966e-07	  1632	  1.09862e-08
383	  2.25604	  0.468745	  6.52811e-06	  1.56567e-07	  1860	  1.14586e-08
384	  2.25604	  0.531226	  6.52811e-06	  1.69361e-07	  1560	  1.2756e-08
385	  2.25604	  0.593785	  6.52811e-06	  1.76433e-07	  1692	  1.31109e-08
386	  2.25604	  0.656281	  6.52811e-06	  1.92113e-07	  1704	  1.42596e-08
387	  2.25604	  0.718743	  6.52811e-06	  2.01861e-07	  1824	  1.48195e-08
388	  2.25604	  0.781255	  6.52811e-06	  2.10474e-07	  1668	  1.56772e-08
389	  2.25604	  0.843774	  6.52811e-06	  2.23029e-07	  1680	  1.65928e-08
390	  2.25604	  0.90628	  6.52811e-06	  2.40587e-07	  1776	  1.77383e-08
391	  2.25604	  0.968758	  6.52811e-06	  2.48399e-07	  1656	  1.8524e-08
392	  2.61216	  0.030936	  4.55291e-06	  9.48823e-08	  2586	  6.60994e-09
393	  2.61216	  0.0938307	  4.55291e-06	  9.2111e-08	  3036	  6.27726e-09
394	  2.61216	  0.156319	  4.55291e-06	  9.8982e-08	  2124	  7.09682e-09
395	  2.61216	  0.218712	  4.55291e-06	  9.36415e-08	  2940	  6.40908e-09
396	  2.61216	  0.281224	  4.55291e-06	  9.77269e-08	  2616	  6.79706e-09
397	  2.61216	  0.343807	  4.55291e-06	  1.03681e-07	  2448	  7.2796e-09
398	  2.61216	  0.406302	  4.55291e-06	  1.09243e-07	  2916	  7.48514e-09
399	  2.61216	  0.468745	  4.55291e-06	  1.10521e-07	  2544	  7.71728e-09
400	  2.61216	  0.531226	  4.55291e-06	  1.17082e-07	  2652	  8.12762e-09
401	  2.61216	  0.593785	  4.55291e-06	  1.21067e-07	  2748	  8.36284e-09
402	  2.61216	  0.656281	  4.55291e-06	  1.28775e-07	  2676	  8.92809e-09
403	  2.61216	  0.718743	  4.55291e-06	  1.30903e-07	  2472	  9.17798e-09
404	  2.61216	  0.781255	  4.55291e-06	  1.38626e-07	  2616	  9.64164e-09
405	  2.61216	  0.843774	  4.55291e-06	  1.42457e-07	  2736	  9.84637e-09
406	  2.61216	  0.90628	  4.55291e-06	  1.48323e-07	  2568	  1.0343e-08
407	  2.61216	  0.968758	  4.55291e-06	  1.51754e-07	  2745	  1.04842e-08
408	  3.02645	  0.030936	  3.15769e-06	  7.32262e-08	  3414	  4.91455e-09
409	  3.02645	  0.0938307	  3.15769e-06	  6.99808e-08	  4512	  4.54087e-09
410	  3.02645	  0.156319	  3.15769e-06	  7.01653e-08	  4632	  4.53921e-09
411	  3.02645	  0.218712	  3.15769e-06	  6.72983e-08	  3972	  4.43274e-09
412	  3.02645	  0.281224	  3.15769e-06	  7.05992e-08	  4176	  4.62245e-09
413	  3.02645	  0.343807	  3.15769e-06	  7.59077e-08	  4344	  4.94709e-09
414	  3.02645	  0.406302	  3.15769e-06	  7.81771e-08	  4044	  5.1382e-09
415	  3.02645	  0.468745	  3.15769e-06	  7.90955e-08	  4092	  5.19125e-09
416	  3.02645	  0.531226	  3.15769e-06	  8.42252e-08	  4296	  5.49628e-09
417	  3.02645	  0.593785	  3.15769e-06	  8.58233e-08	  3996	  5.64883e-09
418	  3.02645	  0.656281	  3.15769e-06	  8.60107e-08	  4188	  5.62961e-09
419	  3.02645	  0.718743	  3.15769e-06	  9.31834e-08	  4212	  6.09497e-09
420	  3.02645	  0.781255	  3.15769e-06	  8.94106e-08	  4140	  5.86012e-09
421	  3.02645	  0.843774	  3.15769e-06	  9.08687e-08	  4128	  5.95774e-09
422	  3.02645	  0.90628	  3.15769e-06	  9.38521e-08	  4188	  6.14285e-09
423	  3.02645	  0.968758	  3.15769e-06	  8.93149e-08	  4128	  5.85587e-09
424	  3.50419	  0.030936	  2.19091e-06	  5.18634e-08	  7002	  3.21297e-09
425	  3.50419	  0.0938307	  2.19091e-06	  5.20303e-08	  6240	  3.26018e-09
426	  3.50419	  0.156319	  2.19091e-06	  5.03336e-08	  5964	  3.16844e-09
427	  3.50419	  0.218712	  2.19091e-06	  5.20804e-08	  6180	  3.26651e-09
428	  3.50419	  0.281224	  2.19091e-06	  5.17636e-08	  6420	  3.23421e-09
429	  3.50419	  0.343807	  2.19091e-06	  5.30771e-08	  6516	  3.31138e-09
430	  3.50419	  0.406302	  2.19091e-06	  5.60638e-08	  6312	  3.50886e-09
431	  3.50419	  0.468745	  2.19091e-06	  5.67764e-08	  6276	  3.5555e-09
432	  3.50419	  0.531226	  2.19091e-06	  5.68876e-08	  6360	  3.55771e-09
433	  3.50419	  0.593785	  2.19091e-06	  5.82838e-08	  6408	  3.64228e-09
434	  3.50419	  0.656281	  2.19091e-06	  6.08363e-08	  6360	  3.80466e-09
435	  3.50419	  0.718743	  2.19091e-06	  5.88437e-08	  6336	  3.68144e-09
436	  3.50419	  0.781255	  2.19091e-06	  5.61304e-08	  6372	  3.50969e-09
437	  3.50419	  0.843774	  2.19091e-06	  5.93025e-08	  6456	  3.70318e-09
438	  3.50419	  0.90628	  2.19091e-06	  5.62929e-08	  6360	  3.52052e-09
439	  3.50419	  0.968758	  2.19091e-06	  5.36314e-08	  6327	  3.35582e-09
440	  4.05763	  0.030936	  1.51336e-06	  3.83494e-08	  10392	  2.29366e-09
441	  4.05763	  0.0938307	  1.51336e-06	  3.74123e-08	  9420	  2.25609e-09
442	  4.05763	  0.156319	  1.51336e-06	  3.79249e-08	  10176	  2.2722e-09
443	  4.05763	  0.218712	  1.51336e-06	  3.74606e-08	  10260	  2.24286e-09
444	  4.05763	  0.281224	  1.51336e-06	  3.63821e-08	  9528	  2.19183e-09
445	  4.05763	  0.343807	  1.51336e-06	  3.72905e-08	  10140	  2.23485e-09
446	  4.05763	  0.406302	  1.51336e-06	  3.89135e-08	  9960	  2.33559e-09
447	  4.05763	  0.468745	  1.51336e-06	  3.88154e-08	  10068	  2.32761e-09
448	  4.05763	  0.531226	  1.51336e-06	  3.93927e-08	  9996	  2.36364e-09
449	  4.05763	  0.593785	  1.51336e-06	  3.7975e-08	  9828	  2.28181e-09
450	  4.05763	  0.656281	  1.51336e-06	  3.71884e-08	  10032	  2.23071e-09
451	  4.05763	  0.718743	  1.51336e-06	  3.71258e-08	  9924	  2.22896e-09
452	  4.05763	  0.781255	  1.51336e-06	  3.54837e-08	  10116	  2.12698e-09
453	  4.05763	  0.843774	  1.51336e-06	  3.4925e-08	  9888	  2.09747e-09
454	  4.05763	  0.90628	  1.51336e-06	  3.35425e-08	  10008	  2.01241e-09
455	  4.05763	  0.968758	  1.51336e-06	  3.041e-08	  9978	  1.82494e-09
456	  4.69917	  0.030936	  1.04338e-06	  2.81018e-08	  13626	  1.64583e-09
457	  4.69917	  0.0938307	  1.04338e-06	  2.81627e-08	  16392	  1.6281e-09
458	  4.69917	  0.156319	  1.04338e-06	  2.75995e-08	  15708	  1.60019e-09
459	  4.69917	  0.218712	  1.04338e-06	  2.69769e-08	  15432	  1.566e-09
460	  4.69917	  0.281224	  1.04338e-06	  2.63232e-08	  15780	  1.52571e-09
461	  4.69917	  0.343807	  1.04338e-06	  2.63084e-08	  15300	  1.52811e-09
462	  4.69917	  0.406302	  1.04338e-06	  2.57312e-08	  15588	  1.49265e-09
463	  4.69917	  0.468745	  1.04338e-06	  2.6056e-08	  15396	  1.51279e-09
464	  4.69917	  0.531226	  1.04338e-06	  2.56541e-08	  15504	  1.48874e-09
465	  4.69917	  0.593785	  1.04338e-06	  2.49202e-08	  15660	  1.44515e-09
466	  4.69917	  0.656281	  1.04338e-06	  2.36184e-08	  15192	  1.37254e-09
467	  4.69917	  0.718743	  1.04338e-06	  2.29309e-08	  15600	  1.33014e-09
468	  4.69917	  0.781255	  1.04338e-06	  2.17855e-08	  15216	  1.26589e-09
469	  4.69917	  0.843774	  1.04338e-06	  2.04466e-08	  15516	  1.18647e-09
470	  4.69917	  0.90628	  1.04338e-06	  1.90175e-08	  15540	  1.10343e-09
471	  4.69917	  0.968758	  1.04338e-06	  1.73124e-08	  15405	  1.00511e-09
472	  5.4432	  0.030936	  7.17077e-07	  2.08741e-08	  26250	  1.17254e-09
473	  5.4432	  0.0938307	  7.17077e-07	  2.04462e-08	  22392	  1.15895e-09
474	  5.4432	  0.156319	  7.17077e-07	  1.98067e-08	  24516	  1.11683e-09
475	  5.4432	  0.218712	  7.17077e-07	  1.92539e-08	  23592	  1.08805e-09
476	  5.4432	  0.281224	  7.17077e-07	  1.86589e-08	  24264	  1.05273e-09
477	  5.4432	  0.343807	  7.17077e-07	  1.82892e-08	  23928	  1.03269e-09
478	  5.4432	  0.406302	  7.17077e-07	  1.76925e-08	  24120	  9.98547e-10
479	  5.4432	  0.468745	  7.17077e-07	  1.70158e-08	  23964	  9.6071e-10
480	  5.4432	  0.531226	  7.17077e-07	  1.64793e-08	  24060	  9.30208e-10
481	  5.4432	  0.593785	  7.17077e-07	  1.5589e-08	  24108	  8.79853e-10
482	  5.4432	  0.656281	  7.17077e-07	  1.46982e-08	  24228	  8.29339e-10
483	  5.4432	  0.718743	  7.17077e-07	  1.37067e-08	  24144	  7.73546e-10
484	  5.4432	  0.781255	  7.17077e-07	  1.25554e-08	  23940	  7.08914e-10
485	  5.4432	  0.843774	  7.17077e-07	  1.13518e-08	  24192	  6.40575e-10
486	  5.4432	  0.90628	  7.17077e-07	  1.0442e-08	  23988	  5.89519e-10
487	  5.4432	  0.968758	  7.17077e-07	  9.32022e-09	  24141	  5.25997e-10
488	  6.30378	  0.030936	  4.9157e-07	  1.52075e-08	  35082	  8.41566e-10
489	  6.30378	  0.0938307	  4.9157e-07	  1.47921e-08	  39108	  8.14405e-10
490	  6.30378	  0.156319	  4.9157e-07	  1.42713e-08	  36924	  7.87833e-10
491	  6.30378	  0.218712	  4.9157e-07	  1.37085e-08	  37692	  7.56035e-10
492	  6.30378	  0.281224	  4.9157e-07	  1.29046e-08	  37092	  7.12233e-10
493	  6.30378	  0.343807	  4.9157e-07	  1.25172e-08	  37536	  6.90466e-10
494	  6.30378	  0.406302	  4.9157e-07	  1.16715e-08	  36984	  6.44264e-10
495	  6.30378	  0.468745	  4.9157e-07	  1.11184e-08	  37428	  6.13392e-10
496	  6.30378	  0.531226	  4.9157e-07	  1.0252e-08	  37392	  5.65615e-10
497	  6.30378	  0.593785	  4.9157e-07	  9.41381e-09	  37200	  5.19499e-10
498	  6.30378	  0.656281	  4.9157e-07	  8.64122e-09	  36924	  4.77031e-10
499	  6.30378	  0.718743	  4.9157e-07	  7.79876e-09	  37272	  4.30334e-10
500	  6.30378	  0.781255	  4.9157e-07	  6.92959e-09	  37284	  3.82367e-10
501	  6.30378	  0.843774	  4.9157e-07	  6.0951e-09	  37188	  3.36362e-10
502	  6.30378	  0.90628	  4.9157e-07	  5.42986e-09	  37320	  2.996e-10
503	  6.30378	  0.968758	  4.9157e-07	  4.64179e-09	  37119	  2.56182e-10
504	  7.30029	  0.030936	  3.36789e-07	  1.09874e-08	  60258	  5.9413e-10
505	  7.30029	  0.0938307	  3.36789e-07	  1.05721e-08	  56916	  5.72917e-10
506	  7.30029	  0.156319	  3.36789e-07	  1.00254e-08	  56820	  5.43331e-10
507	  7.30029	  0.218712	  3.36789e-07	  9.4634e-09	  58716	  5.12225e-10
508	  7.30029	  0.281224	  3.36789e-07	  8.77526e-09	  57840	  4.7525e-10
509	  7.30029	  0.343807	  3.36789e-07	  8.13342e-09	  57612	  4.40557e-10
510	  7.30029	  0.406302	  3.36789e-07	  7.55697e-09	  58464	  4.09103e-10
511	  7.30029	  0.468745	  3.36789e-07	  6.85709e-09	  57948	  3.7134e-10
512	  7.30029	  0.531226	  3.36789e-07	  6.20704e-09	  57708	  3.36191e-10
513	  7.30029	  0.593785	  3.36789e-07	  5.44986e-09	  58236	  2.95077e-10
514	  7.30029	  0.656281	  3.36789e-07	  4.81731e-09	  58008	  2.60867e-10
515	  7.30029	  0.718743	  3.36789e-07	  4.15541e-09	  58200	  2.24995e-10
516	  7.30029	  0.781255	  3.36789e-07	  3.54917e-09	  58128	  1.9218e-10
517	  7.30029	  0.843774	  3.36789e-07	  3.05745e-09	  57972	  1.65571e-10
518	  7.30029	  0.90628	  3.36789e-07	  2.56339e-09	  57960	  1.38817e-10
519	  7.30029	  0.968758	  3.36789e-07	  2.12862e-09	  58122	  1.1526e-10
520	  8.455	  0.030936	  2.29847e-07	  7.78911e-09	  90198	  4.15391e-10
521	  8.455	  0.0938307	  2.29847e-07	  7.52639e-09	  89292	  4.01507e-10
522	  8.455	  0.156319	  2.29847e-07	  7.04191e-09	  90804	  3.75464e-10
523	  8.455	  0.218712	  2.29847e-07	  6.39314e-09	  89628	  3.41012e-10
524	  8.455	  0.281224	  2.29847e-07	  5.80425e-09	  89844	  3.09577e-10
525	  8.455	  0.343807	  2.29847e-07	  5.23962e-09	  90636	  2.79385e-10
526	  8.455	  0.406302	  2.29847e-07	  4.60739e-09	  89628	  2.45759e-10
527	  8.455	  0.468745	  2.29847e-07	  4.03831e-09	  89772	  2.15393e-10
528	  8.455	  0.531226	  2.29847e-07	  3.50633e-09	  90324	  1.86983e-10
529	  8.455	  0.593785	  2.29847e-07	  2.94042e-09	  89784	  1.56834e-10
530	  8.455	  0.656281	  2.29847e-07	  2.46859e-09	  90216	  1.31648e-10
531	  8.455	  0.718743	  2.29847e-07	  2.0634e-09	  89796	  1.10056e-10
532	  8.455	  0.781255	  2.29847e-07	  1.69309e-09	  90120	  9.02944e-11
533	  8.455	  0.843774	  2.29847e-07	  1.38006e-09	  90132	  7.35997e-11
534	  8.455	  0.90628	  2.29847e-07	  1.12241e-09	  89916	  5.98634e-11
535	  8.455	  0.968758	  2.29847e-07	  8.98473e-10	  89964	  4.79191e-11
536	  9.79129	  0.030936	  1.56828e-07	  5.45409e-09	  139068	  2.8733e-10
537	  9.79129	  0.0938307	  1.56828e-07	  5.1754e-09	  141180	  2.72544e-10
538	  9.79129	  0.156319	  1.56828e-07	  4.77862e-09	  139380	  2.51731e-10
539	  9.79129	  0.218712	  1.56828e-07	  4.25662e-09	  138804	  2.24256e-10
540	  9.79129	  0.281224	  1.56828e-07	  3.69761e-09	  140952	  1.94729e-10
541	  9.79129	  0.343807	  1.56828e-07	  3.19258e-09	  139668	  1.68171e-10
542	  9.79129	  0.406302	  1.56828e-07	  2.68004e-09	  139464	  1.41178e-10
543	  9.79129	  0.468745	  1.56828e-07	  2.23533e-09	  139812	  1.17744e-10
544	  9.79129	  0.531226	  1.56828e-07	  1.82564e-09	  139884	  9.61633e-11
545	  9.79129	  0.593785	  1.56828e-07	  1.47244e-09	  140184	  7.75545e-11
546	  9.79129	  0.656281	  1.56828e-07	  1.17191e-09	  139404	  6.17345e-11
547	  9.79129	  0.718743	  1.56828e-07	  9.34968e-10	  139932	  4.92478e-11
548	  9.79129	  0.781255	  1.56828e-07	  7.3936e-10	  139980	  3.89442e-11
549	  9.79129	  0.843774	  1.56828e-07	  5.76529e-10	  139632	  3.03693e-11
550	  9.79129	  0.90628	  1.56828e-07	  4.51255e-10	  140088	  2.37684e-11
551	  9.79129	  0.968758	  1.56828e-07	  3.43167e-10	  139623	  1.80767e-11
