#n	   k	      mu	    PL	    Pf	     w	     err  
0	  0.0523599	  1	  0.000800124	  0.000189782	  3	  0.00011906
1	  0.10472	  1	  0.000345924	  7.42871e-05	  3	  4.66041e-05
2	  0.15708	  1	  0.000192165	  6.04862e-05	  3	  3.7946e-05
3	  0.20944	  1	  0.000122876	  1.47505e-05	  3	  9.25376e-06
4	  0.261799	  1	  8.25405e-05	  1.25113e-05	  3	  7.84897e-06
5	  0.314159	  1	  5.75551e-05	  3.60845e-05	  3	  2.26376e-05
6	  0.366519	  1	  4.21603e-05	  6.13514e-06	  3	  3.84888e-06
7	  0.418879	  1	  3.22571e-05	  4.6244e-06	  3	  2.90112e-06
8	  0.471239	  1	  2.5403e-05	  8.11838e-06	  3	  5.09306e-06
9	  0.0523599	  0	  0.000800124	  3.40465e-05	  6	  1.56017e-05
10	  0.074048	  0.707107	  0.000616188	  6.53826e-05	  12	  2.21435e-05
11	  0.11708	  0.894427	  0.000309791	  6.83155e-05	  12	  2.31368e-05
12	  0.165576	  0.948683	  0.000174025	  3.73014e-05	  12	  1.2633e-05
13	  0.215885	  0.970143	  0.000114258	  1.88961e-05	  12	  6.39965e-06
14	  0.266984	  0.980581	  7.92835e-05	  1.28399e-05	  12	  4.34854e-06
15	  0.318493	  0.986394	  5.62247e-05	  1.42446e-05	  12	  4.8243e-06
16	  0.37024	  0.989949	  4.13911e-05	  8.14391e-06	  12	  2.75814e-06
17	  0.422139	  0.992278	  3.17606e-05	  8.02493e-06	  12	  2.71784e-06
18	  0.474139	  0.993884	  2.50745e-05	  6.81217e-06	  12	  2.30711e-06
19	  0.074048	  0	  0.000616188	  2.58773e-05	  6	  1.18582e-05
20	  0.09069	  0.57735	  0.000442373	  3.50909e-05	  12	  1.18844e-05
21	  0.128255	  0.816497	  0.000285236	  4.36745e-05	  12	  1.47915e-05
22	  0.173658	  0.904534	  0.000163173	  2.61015e-05	  12	  8.83991e-06
23	  0.222144	  0.942809	  0.000107126	  1.20778e-05	  12	  4.09044e-06
24	  0.27207	  0.96225	  7.60268e-05	  2.2028e-05	  12	  7.46032e-06
25	  0.322768	  0.973329	  5.48852e-05	  7.54965e-06	  12	  2.55688e-06
26	  0.373924	  0.980196	  4.06582e-05	  1.10784e-05	  12	  3.75198e-06
27	  0.425374	  0.984732	  3.12679e-05	  6.78552e-06	  12	  2.29809e-06
28	  0.477021	  0.987878	  2.4755e-05	  3.34402e-06	  12	  1.13254e-06
29	  0.10472	  0	  0.000345924	  1.53567e-05	  6	  7.03719e-06
30	  0.11708	  0.447214	  0.000309791	  2.4188e-05	  12	  8.19186e-06
31	  0.148096	  0.707107	  0.000219982	  2.94315e-05	  12	  9.96771e-06
32	  0.188786	  0.83205	  0.00014934	  2.43086e-05	  12	  8.23273e-06
33	  0.23416	  0.894427	  9.73346e-05	  1.73832e-05	  12	  5.88727e-06
34	  0.281967	  0.928477	  7.00204e-05	  6.88428e-06	  12	  2.33154e-06
35	  0.331153	  0.948683	  5.21211e-05	  9.10708e-06	  12	  3.08434e-06
36	  0.381186	  0.961524	  3.92472e-05	  5.55372e-06	  12	  1.88091e-06
37	  0.431771	  0.970143	  3.03566e-05	  3.22327e-06	  12	  1.09164e-06
38	  0.482734	  0.976187	  2.41304e-05	  3.87314e-06	  12	  1.31173e-06
39	  0.11708	  0	  0.000309791	  1.64482e-05	  12	  5.57061e-06
40	  0.128255	  0.408248	  0.000285236	  1.87549e-05	  24	  4.76606e-06
41	  0.15708	  0.666667	  0.000192165	  2.20529e-05	  24	  5.60418e-06
42	  0.195913	  0.801784	  0.000141418	  1.8345e-05	  24	  4.66191e-06
43	  0.239943	  0.872872	  9.40902e-05	  2.25566e-05	  24	  5.73216e-06
44	  0.286787	  0.912871	  6.74399e-05	  1.0849e-05	  24	  2.75699e-06
45	  0.335267	  0.937043	  5.07425e-05	  8.29917e-06	  24	  2.10902e-06
46	  0.384765	  0.952579	  3.85581e-05	  9.65767e-06	  24	  2.45425e-06
47	  0.434934	  0.963087	  2.99191e-05	  5.57189e-06	  24	  1.41595e-06
48	  0.485566	  0.970495	  2.38413e-05	  3.51675e-06	  24	  8.93691e-07
49	  0.148096	  0	  0.000219982	  1.00627e-05	  6	  4.61124e-06
50	  0.15708	  0.333333	  0.000192165	  1.21512e-05	  12	  4.11531e-06
51	  0.18138	  0.57735	  0.000156063	  1.33734e-05	  12	  4.52924e-06
52	  0.215885	  0.727607	  0.000114258	  1.39869e-05	  12	  4.73703e-06
53	  0.25651	  0.816497	  8.56647e-05	  1.75098e-05	  12	  5.93014e-06
54	  0.300785	  0.870388	  6.17392e-05	  9.3413e-06	  12	  3.16367e-06
55	  0.347316	  0.904534	  4.69471e-05	  7.21759e-06	  12	  2.44442e-06
56	  0.395308	  0.927173	  3.6518e-05	  5.9955e-06	  12	  2.03053e-06
57	  0.444288	  0.942809	  2.86973e-05	  5.60268e-06	  12	  1.89749e-06
58	  0.493962	  0.953998	  2.30034e-05	  5.61396e-06	  12	  1.90131e-06
59	  0.15708	  0	  0.000192165	  1.00803e-05	  6	  4.6193e-06
60	  0.165576	  0.316228	  0.000174025	  1.05228e-05	  12	  3.56382e-06
61	  0.188786	  0.5547	  0.00014934	  1.48291e-05	  12	  5.02224e-06
62	  0.222144	  0.707107	  0.000107126	  1.04704e-05	  12	  3.54606e-06
63	  0.261799	  0.8	  8.25405e-05	  1.32518e-05	  12	  4.48804e-06
64	  0.305308	  0.857493	  6.02543e-05	  6.36779e-06	  12	  2.15661e-06
65	  0.351241	  0.894427	  4.58251e-05	  6.50168e-06	  12	  2.20196e-06
66	  0.398761	  0.919145	  3.58544e-05	  7.69069e-06	  12	  2.60465e-06
67	  0.447363	  0.936329	  2.83096e-05	  4.21745e-06	  12	  1.42834e-06
68	  0.496729	  0.948683	  2.27426e-05	  3.07335e-06	  12	  1.04087e-06
69	  0.165576	  0	  0.000174025	  7.82666e-06	  12	  2.6507e-06
70	  0.173658	  0.301511	  0.000163173	  8.37063e-06	  24	  2.12718e-06
71	  0.195913	  0.534522	  0.000141418	  1.00577e-05	  24	  2.55591e-06
72	  0.228231	  0.688247	  0.000101576	  1.26606e-05	  24	  3.21736e-06
73	  0.266984	  0.784465	  7.92835e-05	  7.94833e-06	  24	  2.01986e-06
74	  0.309765	  0.845154	  5.8884e-05	  7.51459e-06	  24	  1.90964e-06
75	  0.355122	  0.884652	  4.47985e-05	  7.0261e-06	  24	  1.7855e-06
76	  0.402184	  0.911322	  3.51965e-05	  8.04323e-06	  24	  2.04398e-06
77	  0.450417	  0.929981	  2.79263e-05	  5.08314e-06	  24	  1.29175e-06
78	  0.499481	  0.943456	  2.24832e-05	  5.22131e-06	  24	  1.32686e-06
79	  0.188786	  0	  0.00014934	  7.48548e-06	  12	  2.53515e-06
80	  0.195913	  0.267261	  0.000141418	  6.10171e-06	  24	  1.55059e-06
81	  0.215885	  0.485071	  0.000114258	  9.88923e-06	  24	  2.51309e-06
82	  0.24559	  0.639602	  9.12982e-05	  7.59082e-06	  24	  1.92901e-06
83	  0.281967	  0.742781	  7.00204e-05	  9.39379e-06	  24	  2.38719e-06
84	  0.322768	  0.811107	  5.48852e-05	  7.94581e-06	  24	  2.01922e-06
85	  0.366519	  0.857143	  4.21603e-05	  7.15933e-06	  24	  1.81936e-06
86	  0.412282	  0.889001	  3.33693e-05	  3.5188e-06	  24	  8.94211e-07
87	  0.459456	  0.911685	  2.68095e-05	  4.32041e-06	  24	  1.09792e-06
88	  0.20944	  0	  0.000122876	  2.6266e-06	  6	  1.20363e-06
89	  0.215885	  0.242536	  0.000114258	  4.93093e-06	  12	  1.66998e-06
90	  0.23416	  0.447214	  9.73346e-05	  6.87173e-06	  12	  2.32729e-06
91	  0.261799	  0.6	  8.25405e-05	  8.25063e-06	  12	  2.79428e-06
92	  0.296192	  0.707107	  6.3382e-05	  3.9039e-06	  12	  1.32215e-06
93	  0.335267	  0.780869	  5.07425e-05	  7.74104e-06	  12	  2.6217e-06
94	  0.377572	  0.83205	  3.99463e-05	  4.44621e-06	  12	  1.50582e-06
95	  0.422139	  0.868243	  3.17606e-05	  5.04404e-06	  12	  1.70829e-06
96	  0.468321	  0.894427	  2.57476e-05	  2.97405e-06	  12	  1.00724e-06
97	  0.215885	  0	  0.000114258	  4.76287e-06	  12	  1.61307e-06
98	  0.222144	  0.235702	  0.000107126	  2.82189e-06	  24	  7.17111e-07
99	  0.239943	  0.436436	  9.40902e-05	  8.52478e-06	  24	  2.16635e-06
100	  0.266984	  0.588348	  7.92835e-05	  6.23246e-06	  24	  1.58382e-06
101	  0.300785	  0.696311	  6.17392e-05	  4.51444e-06	  24	  1.14723e-06
102	  0.339331	  0.771517	  4.94179e-05	  5.76999e-06	  24	  1.46629e-06
103	  0.381186	  0.824163	  3.92472e-05	  7.17603e-06	  24	  1.8236e-06
104	  0.425374	  0.86164	  3.12679e-05	  5.40093e-06	  24	  1.37251e-06
105	  0.471239	  0.888889	  2.5403e-05	  4.77976e-06	  24	  1.21465e-06
106	  0.222144	  0	  0.000107126	  4.37218e-06	  6	  2.00354e-06
107	  0.228231	  0.229416	  0.000101576	  5.49407e-06	  12	  1.8607e-06
108	  0.24559	  0.426401	  9.12982e-05	  5.71194e-06	  12	  1.93449e-06
109	  0.27207	  0.57735	  7.60268e-05	  3.96947e-06	  12	  1.34436e-06
110	  0.305308	  0.685994	  6.02543e-05	  8.74863e-06	  12	  2.96294e-06
111	  0.343347	  0.762493	  4.813e-05	  5.68988e-06	  12	  1.92702e-06
112	  0.384765	  0.816497	  3.85581e-05	  4.74141e-06	  12	  1.6058e-06
113	  0.428584	  0.855186	  3.07973e-05	  4.53041e-06	  12	  1.53434e-06
114	  0.474139	  0.883452	  2.50745e-05	  3.77821e-06	  12	  1.27959e-06
115	  0.23416	  0	  9.73346e-05	  4.30219e-06	  12	  1.45705e-06
116	  0.239943	  0.218218	  9.40902e-05	  6.42689e-06	  24	  1.63323e-06
117	  0.25651	  0.408248	  8.56647e-05	  7.17941e-06	  24	  1.82446e-06
118	  0.281967	  0.557086	  7.00204e-05	  6.2743e-06	  24	  1.59445e-06
119	  0.314159	  0.666667	  5.75551e-05	  5.0691e-06	  24	  1.28818e-06
120	  0.351241	  0.745356	  4.58251e-05	  6.0725e-06	  24	  1.54317e-06
121	  0.391825	  0.801784	  3.71918e-05	  4.38998e-06	  24	  1.1156e-06
122	  0.434934	  0.842701	  2.99191e-05	  3.75828e-06	  24	  9.55069e-07
123	  0.479886	  0.872872	  2.44374e-05	  3.12053e-06	  24	  7.93002e-07
124	  0.261799	  0	  8.25405e-05	  3.81366e-06	  18	  1.08957e-06
125	  0.266984	  0.196116	  7.92835e-05	  4.07253e-06	  36	  8.82381e-07
126	  0.281967	  0.371391	  7.00204e-05	  3.7075e-06	  36	  8.03291e-07
127	  0.305308	  0.514496	  6.02543e-05	  4.54308e-06	  36	  9.84334e-07
128	  0.335267	  0.624695	  5.07425e-05	  5.00195e-06	  36	  1.08376e-06
129	  0.37024	  0.707107	  4.13911e-05	  4.54101e-06	  36	  9.83887e-07
130	  0.408944	  0.768221	  3.39556e-05	  4.49089e-06	  36	  9.73027e-07
131	  0.450417	  0.813733	  2.79263e-05	  5.07347e-06	  36	  1.09925e-06
132	  0.493962	  0.847998	  2.30034e-05	  3.21238e-06	  36	  6.96017e-07
133	  0.266984	  0	  7.92835e-05	  3.5479e-06	  12	  1.20159e-06
134	  0.27207	  0.19245	  7.60268e-05	  5.01238e-06	  24	  1.27377e-06
135	  0.286787	  0.365148	  6.74399e-05	  4.48124e-06	  24	  1.13879e-06
136	  0.309765	  0.507093	  5.8884e-05	  4.36313e-06	  24	  1.10878e-06
137	  0.339331	  0.617213	  4.94179e-05	  3.7493e-06	  24	  9.52788e-07
138	  0.373924	  0.70014	  4.06582e-05	  4.0911e-06	  24	  1.03965e-06
139	  0.412282	  0.762001	  3.33693e-05	  3.28779e-06	  24	  8.35508e-07
140	  0.45345	  0.80829	  2.75455e-05	  3.01819e-06	  24	  7.66996e-07
141	  0.496729	  0.843274	  2.27426e-05	  3.70856e-06	  24	  9.42435e-07
142	  0.281967	  0	  7.00204e-05	  2.11925e-06	  12	  7.17737e-07
143	  0.286787	  0.182574	  6.74399e-05	  3.56279e-06	  24	  9.05392e-07
144	  0.300785	  0.348155	  6.17392e-05	  3.28042e-06	  24	  8.33633e-07
145	  0.322768	  0.486664	  5.48852e-05	  4.52144e-06	  24	  1.14901e-06
146	  0.351241	  0.596285	  4.58251e-05	  3.80191e-06	  24	  9.66157e-07
147	  0.384765	  0.680414	  3.85581e-05	  3.40818e-06	  24	  8.661e-07
148	  0.422139	  0.744208	  3.17606e-05	  3.12452e-06	  24	  7.94015e-07
149	  0.46243	  0.792594	  2.64454e-05	  2.9431e-06	  24	  7.47912e-07
150	  0.296192	  0	  6.3382e-05	  1.49083e-06	  6	  6.83171e-07
151	  0.300785	  0.174078	  6.17392e-05	  2.27343e-06	  12	  7.69955e-07
152	  0.314159	  0.333333	  5.75551e-05	  3.02355e-06	  12	  1.024e-06
153	  0.335267	  0.468521	  5.07425e-05	  3.48908e-06	  12	  1.18166e-06
154	  0.36276	  0.57735	  4.29707e-05	  3.83138e-06	  12	  1.29759e-06
155	  0.395308	  0.662266	  3.6518e-05	  3.41303e-06	  12	  1.15591e-06
156	  0.431771	  0.727607	  3.03566e-05	  3.73402e-06	  12	  1.26462e-06
157	  0.471239	  0.777778	  2.5403e-05	  3.69638e-06	  12	  1.25187e-06
158	  0.305308	  0	  6.02543e-05	  3.18704e-06	  12	  1.07937e-06
159	  0.309765	  0.169031	  5.8884e-05	  2.71006e-06	  24	  6.88693e-07
160	  0.322768	  0.324443	  5.48852e-05	  3.78817e-06	  24	  9.62666e-07
161	  0.343347	  0.457496	  4.813e-05	  3.4579e-06	  24	  8.78735e-07
162	  0.37024	  0.565685	  4.13911e-05	  3.51524e-06	  24	  8.93308e-07
163	  0.402184	  0.650945	  3.51965e-05	  4.86288e-06	  24	  1.23578e-06
164	  0.438074	  0.717137	  2.95034e-05	  4.28139e-06	  24	  1.08801e-06
165	  0.477021	  0.76835	  2.4755e-05	  3.26507e-06	  24	  8.29733e-07
166	  0.314159	  0	  5.75551e-05	  4.66183e-06	  6	  2.13628e-06
167	  0.318493	  0.164399	  5.62247e-05	  3.85712e-06	  12	  1.30631e-06
168	  0.331153	  0.316228	  5.21211e-05	  2.80384e-06	  12	  9.49591e-07
169	  0.351241	  0.447214	  4.58251e-05	  2.29156e-06	  12	  7.76094e-07
170	  0.377572	  0.5547	  3.99463e-05	  2.63713e-06	  12	  8.93132e-07
171	  0.408944	  0.640184	  3.39556e-05	  3.5177e-06	  12	  1.19136e-06
172	  0.444288	  0.707107	  2.86973e-05	  2.76225e-06	  12	  9.35505e-07
173	  0.482734	  0.759257	  2.41304e-05	  3.07241e-06	  12	  1.04055e-06
174	  0.318493	  0	  5.62247e-05	  3.94503e-06	  12	  1.33608e-06
175	  0.322768	  0.162221	  5.48852e-05	  2.3973e-06	  24	  6.09211e-07
176	  0.335267	  0.312348	  5.07425e-05	  2.50312e-06	  24	  6.36102e-07
177	  0.355122	  0.442326	  4.47985e-05	  3.22988e-06	  24	  8.20789e-07
178	  0.381186	  0.549442	  3.92472e-05	  3.83053e-06	  24	  9.7343e-07
179	  0.412282	  0.635001	  3.33693e-05	  2.65572e-06	  24	  6.74883e-07
180	  0.447363	  0.702247	  2.83096e-05	  3.01184e-06	  24	  7.65381e-07
181	  0.485566	  0.754829	  2.38413e-05	  3.75011e-06	  24	  9.52993e-07
182	  0.331153	  0	  5.21211e-05	  2.17578e-06	  12	  7.36884e-07
183	  0.335267	  0.156174	  5.07425e-05	  2.34615e-06	  24	  5.96213e-07
184	  0.347316	  0.301511	  4.69471e-05	  2.14646e-06	  24	  5.45468e-07
185	  0.366519	  0.428571	  4.21603e-05	  3.62557e-06	  24	  9.21344e-07
186	  0.391825	  0.534522	  3.71918e-05	  2.74033e-06	  24	  6.96385e-07
187	  0.422139	  0.620174	  3.17606e-05	  2.42302e-06	  24	  6.15747e-07
188	  0.456463	  0.688247	  2.71759e-05	  3.02637e-06	  24	  7.69075e-07
189	  0.493962	  0.741999	  2.30034e-05	  2.21875e-06	  24	  5.63839e-07
190	  0.335267	  0	  5.07425e-05	  2.33162e-06	  12	  7.89663e-07
191	  0.339331	  0.154303	  4.94179e-05	  1.93944e-06	  24	  4.92858e-07
192	  0.351241	  0.298142	  4.58251e-05	  2.32871e-06	  24	  5.91781e-07
193	  0.37024	  0.424264	  4.13911e-05	  2.74175e-06	  24	  6.96744e-07
194	  0.395308	  0.529813	  3.6518e-05	  2.45283e-06	  24	  6.23324e-07
195	  0.425374	  0.615457	  3.12679e-05	  3.09817e-06	  24	  7.8732e-07
196	  0.459456	  0.683763	  2.68095e-05	  2.13813e-06	  24	  5.4335e-07
197	  0.496729	  0.737865	  2.27426e-05	  2.55711e-06	  24	  6.49824e-07
198	  0.351241	  0	  4.58251e-05	  1.63956e-06	  12	  5.55277e-07
199	  0.355122	  0.147442	  4.47985e-05	  2.17841e-06	  24	  5.53587e-07
200	  0.366519	  0.285714	  4.21603e-05	  2.85729e-06	  24	  7.26105e-07
201	  0.384765	  0.408248	  3.85581e-05	  2.74483e-06	  24	  6.97529e-07
202	  0.408944	  0.512148	  3.39556e-05	  3.10618e-06	  24	  7.89356e-07
203	  0.438074	  0.597614	  2.95034e-05	  2.61442e-06	  24	  6.64386e-07
204	  0.471239	  0.666667	  2.5403e-05	  2.9137e-06	  24	  7.40442e-07
205	  0.366519	  0	  4.21603e-05	  1.65161e-06	  6	  7.56848e-07
206	  0.37024	  0.141421	  4.13911e-05	  1.85499e-06	  12	  6.28241e-07
207	  0.381186	  0.274721	  3.92472e-05	  1.75398e-06	  12	  5.94028e-07
208	  0.398761	  0.393919	  3.58544e-05	  3.11928e-06	  12	  1.05642e-06
209	  0.422139	  0.496139	  3.17606e-05	  2.92167e-06	  12	  9.89497e-07
210	  0.450417	  0.581238	  2.79263e-05	  2.86172e-06	  12	  9.69194e-07
211	  0.482734	  0.650791	  2.41304e-05	  2.28771e-06	  12	  7.74789e-07
212	  0.37024	  0	  4.13911e-05	  2.03772e-06	  18	  5.82183e-07
213	  0.373924	  0.140028	  4.06582e-05	  2.25934e-06	  36	  4.89524e-07
214	  0.384765	  0.272166	  3.85581e-05	  2.35212e-06	  36	  5.09626e-07
215	  0.402184	  0.390567	  3.51965e-05	  2.96655e-06	  36	  6.42752e-07
216	  0.425374	  0.492366	  3.12679e-05	  2.13454e-06	  36	  4.62483e-07
217	  0.45345	  0.57735	  2.75455e-05	  1.89436e-06	  36	  4.10444e-07
218	  0.485566	  0.646997	  2.38413e-05	  2.93237e-06	  36	  6.35346e-07
219	  0.377572	  0	  3.99463e-05	  1.46289e-06	  12	  4.95444e-07
220	  0.381186	  0.137361	  3.92472e-05	  2.42807e-06	  24	  6.17032e-07
221	  0.391825	  0.267261	  3.71918e-05	  2.38653e-06	  24	  6.06476e-07
222	  0.408944	  0.384111	  3.39556e-05	  2.32061e-06	  24	  5.89723e-07
223	  0.431771	  0.485071	  3.03566e-05	  2.4603e-06	  24	  6.25223e-07
224	  0.459456	  0.569803	  2.68095e-05	  2.00816e-06	  24	  5.10322e-07
225	  0.491179	  0.639602	  2.32681e-05	  1.63169e-06	  24	  4.14652e-07
226	  0.381186	  0	  3.92472e-05	  1.43259e-06	  12	  4.85184e-07
227	  0.384765	  0.136083	  3.85581e-05	  2.59241e-06	  24	  6.58794e-07
228	  0.395308	  0.264906	  3.6518e-05	  1.79218e-06	  24	  4.55435e-07
229	  0.412282	  0.381	  3.33693e-05	  1.27777e-06	  24	  3.24713e-07
230	  0.434934	  0.481543	  2.99191e-05	  2.12021e-06	  24	  5.38798e-07
231	  0.46243	  0.566139	  2.64454e-05	  2.16084e-06	  24	  5.49121e-07
232	  0.493962	  0.635999	  2.30034e-05	  1.93268e-06	  24	  4.91141e-07
233	  0.398761	  0	  3.58544e-05	  2.51105e-06	  12	  8.5043e-07
234	  0.402184	  0.130189	  3.51965e-05	  2.08091e-06	  24	  5.28809e-07
235	  0.412282	  0.254	  3.33693e-05	  1.11215e-06	  24	  2.82623e-07
236	  0.428584	  0.366508	  3.07973e-05	  2.02279e-06	  24	  5.1404e-07
237	  0.450417	  0.464991	  2.79263e-05	  2.39349e-06	  24	  6.08243e-07
238	  0.477021	  0.548821	  2.4755e-05	  1.93044e-06	  24	  4.90572e-07
239	  0.408944	  0	  3.39556e-05	  1.89011e-06	  12	  6.40133e-07
240	  0.412282	  0.127	  3.33693e-05	  1.75224e-06	  24	  4.45288e-07
241	  0.422139	  0.248069	  3.17606e-05	  1.33553e-06	  24	  3.39392e-07
242	  0.438074	  0.358569	  2.95034e-05	  1.98813e-06	  24	  5.05231e-07
243	  0.459456	  0.455842	  2.68095e-05	  1.32594e-06	  24	  3.36955e-07
244	  0.485566	  0.539164	  2.38413e-05	  2.23118e-06	  24	  5.66998e-07
245	  0.418879	  0	  3.22571e-05	  1.78608e-06	  6	  8.18467e-07
246	  0.422139	  0.124035	  3.17606e-05	  2.60979e-06	  12	  8.83872e-07
247	  0.431771	  0.242536	  3.03566e-05	  1.1984e-06	  12	  4.0587e-07
248	  0.447363	  0.351123	  2.83096e-05	  1.57056e-06	  12	  5.31909e-07
249	  0.468321	  0.447214	  2.57476e-05	  1.26076e-06	  12	  4.26986e-07
250	  0.493962	  0.529999	  2.30034e-05	  2.13744e-06	  12	  7.23897e-07
251	  0.422139	  0	  3.17606e-05	  2.0517e-06	  24	  5.21385e-07
252	  0.425374	  0.123091	  3.12679e-05	  1.48965e-06	  48	  2.89496e-07
253	  0.434934	  0.240772	  2.99191e-05	  1.65452e-06	  48	  3.21535e-07
254	  0.450417	  0.348743	  2.79263e-05	  1.90681e-06	  48	  3.70565e-07
255	  0.471239	  0.444444	  2.5403e-05	  1.86293e-06	  48	  3.62037e-07
256	  0.496729	  0.527046	  2.27426e-05	  2.00342e-06	  48	  3.8934e-07
257	  0.431771	  0	  3.03566e-05	  1.12247e-06	  12	  3.80153e-07
258	  0.434934	  0.120386	  2.99191e-05	  1.22752e-06	  24	  3.11943e-07
259	  0.444288	  0.235702	  2.86973e-05	  1.21563e-06	  24	  3.0892e-07
260	  0.459456	  0.341882	  2.68095e-05	  1.64237e-06	  24	  4.17365e-07
261	  0.479886	  0.436436	  2.44374e-05	  1.44317e-06	  24	  3.66744e-07
262	  0.444288	  0	  2.86973e-05	  1.77208e-06	  6	  8.12051e-07
263	  0.447363	  0.117041	  2.83096e-05	  1.45991e-06	  12	  4.94437e-07
264	  0.456463	  0.229416	  2.71759e-05	  1.52149e-06	  12	  5.15292e-07
265	  0.471239	  0.333333	  2.5403e-05	  1.37999e-06	  12	  4.67369e-07
266	  0.491179	  0.426401	  2.32681e-05	  1.1435e-06	  12	  3.87275e-07
267	  0.447363	  0	  2.83096e-05	  1.36364e-06	  12	  4.61832e-07
268	  0.450417	  0.116248	  2.79263e-05	  1.60138e-06	  24	  4.06948e-07
269	  0.459456	  0.227921	  2.68095e-05	  1.46083e-06	  24	  3.71232e-07
270	  0.474139	  0.331295	  2.50745e-05	  1.87559e-06	  24	  4.76633e-07
271	  0.493962	  0.423999	  2.30034e-05	  1.40464e-06	  24	  3.56952e-07
272	  0.450417	  0	  2.79263e-05	  1.41679e-06	  12	  4.79831e-07
273	  0.45345	  0.11547	  2.75455e-05	  9.58692e-07	  24	  2.43627e-07
274	  0.46243	  0.226455	  2.64454e-05	  1.23623e-06	  24	  3.14155e-07
275	  0.477021	  0.329293	  2.4755e-05	  1.38148e-06	  24	  3.51067e-07
276	  0.496729	  0.421637	  2.27426e-05	  1.61463e-06	  24	  4.10316e-07
277	  0.468321	  0	  2.57476e-05	  9.61876e-07	  12	  3.25764e-07
278	  0.471239	  0.111111	  2.5403e-05	  1.22791e-06	  24	  3.12043e-07
279	  0.479886	  0.218218	  2.44374e-05	  9.00147e-07	  24	  2.28749e-07
280	  0.493962	  0.317999	  2.30034e-05	  1.15812e-06	  24	  2.94307e-07
281	  0.471239	  0	  2.5403e-05	  2.93996e-06	  6	  1.34723e-06
282	  0.474139	  0.110432	  2.50745e-05	  1.71001e-06	  12	  5.79137e-07
283	  0.482734	  0.21693	  2.41304e-05	  1.14739e-06	  12	  3.88593e-07
284	  0.496729	  0.316228	  2.27426e-05	  1.31448e-06	  12	  4.4518e-07
285	  0.474139	  0	  2.50745e-05	  1.71909e-06	  12	  5.82214e-07
286	  0.477021	  0.109764	  2.4755e-05	  1.01884e-06	  24	  2.58911e-07
287	  0.485566	  0.215666	  2.38413e-05	  1.00675e-06	  24	  2.55841e-07
288	  0.499481	  0.314485	  2.24832e-05	  1.26733e-06	  24	  3.22059e-07
289	  0.482734	  0	  2.41304e-05	  1.03021e-06	  24	  2.61801e-07
290	  0.485566	  0.107833	  2.38413e-05	  1.35499e-06	  48	  2.63326e-07
291	  0.493962	  0.212	  2.30034e-05	  1.26311e-06	  48	  2.45471e-07
292	  0.493962	  0	  2.30034e-05	  1.25911e-06	  12	  4.26429e-07
293	  0.496729	  0.105409	  2.27426e-05	  1.42854e-06	  24	  3.63026e-07
294	  0.496729	  0	  2.27426e-05	  9.43778e-07	  12	  3.19634e-07
295	  0.499481	  0.104828	  2.24832e-05	  1.00847e-06	  24	  2.56277e-07
296	  0.557622	  0.0311873	  1.78326e-05	  9.95836e-07	  192	  1.2166e-07
297	  0.557622	  0.0937546	  1.78326e-05	  9.56663e-07	  384	  9.66527e-08
298	  0.557622	  0.156239	  1.78326e-05	  8.2724e-07	  168	  1.05185e-07
299	  0.557622	  0.218749	  1.78326e-05	  9.80168e-07	  216	  1.157e-07
300	  0.557622	  0.281247	  1.78326e-05	  1.10575e-06	  372	  1.12618e-07
301	  0.557622	  0.343756	  1.78326e-05	  1.00627e-06	  216	  1.18781e-07
302	  0.557622	  0.406258	  1.78326e-05	  1.45091e-06	  204	  1.74129e-07
303	  0.557622	  0.468751	  1.78326e-05	  1.45312e-06	  276	  1.60124e-07
304	  0.557622	  0.531244	  1.78326e-05	  1.60516e-06	  264	  1.79049e-07
305	  0.557622	  0.593752	  1.78326e-05	  1.82118e-06	  252	  2.05782e-07
306	  0.557622	  0.656252	  1.78326e-05	  1.82315e-06	  192	  2.22732e-07
307	  0.557622	  0.718753	  1.78326e-05	  2.00769e-06	  336	  2.09913e-07
308	  0.557622	  0.78125	  1.78326e-05	  2.35614e-06	  240	  2.69896e-07
309	  0.557622	  0.843744	  1.78326e-05	  2.65464e-06	  252	  2.99959e-07
310	  0.557622	  0.906252	  1.78326e-05	  3.20241e-06	  252	  3.61854e-07
311	  0.557622	  0.968755	  1.78326e-05	  3.6128e-06	  246	  4.10984e-07
312	  0.672523	  0.0311873	  1.19284e-05	  6.43163e-07	  282	  7.04579e-08
313	  0.672523	  0.0937546	  1.19284e-05	  6.35238e-07	  564	  5.85103e-08
314	  0.672523	  0.156239	  1.19284e-05	  7.37652e-07	  564	  6.79434e-08
315	  0.672523	  0.218749	  1.19284e-05	  6.90915e-07	  516	  6.49615e-08
316	  0.672523	  0.281247	  1.19284e-05	  7.09362e-07	  396	  7.11149e-08
317	  0.672523	  0.343756	  1.19284e-05	  8.09009e-07	  468	  7.78469e-08
318	  0.672523	  0.406258	  1.19284e-05	  9.10801e-07	  468	  8.76419e-08
319	  0.672523	  0.468751	  1.19284e-05	  8.80057e-07	  420	  8.69453e-08
320	  0.672523	  0.531244	  1.19284e-05	  1.01526e-06	  516	  9.5457e-08
321	  0.672523	  0.593752	  1.19284e-05	  1.0826e-06	  564	  9.97156e-08
322	  0.672523	  0.656252	  1.19284e-05	  1.25837e-06	  444	  1.22638e-07
323	  0.672523	  0.718753	  1.19284e-05	  1.35016e-06	  456	  1.30735e-07
324	  0.672523	  0.78125	  1.19284e-05	  1.44972e-06	  456	  1.40375e-07
325	  0.672523	  0.843744	  1.19284e-05	  1.99529e-06	  468	  1.91997e-07
326	  0.672523	  0.906252	  1.19284e-05	  2.30769e-06	  504	  2.18178e-07
327	  0.672523	  0.968755	  1.19284e-05	  2.65587e-06	  426	  2.61471e-07
328	  0.813161	  0.0311873	  7.85672e-06	  4.27458e-07	  690	  3.76459e-08
329	  0.813161	  0.0937546	  7.85672e-06	  4.32607e-07	  828	  3.66645e-08
330	  0.813161	  0.156239	  7.85672e-06	  4.6423e-07	  876	  3.88964e-08
331	  0.813161	  0.218749	  7.85672e-06	  4.79917e-07	  864	  4.03229e-08
332	  0.813161	  0.281247	  7.85672e-06	  4.69069e-07	  852	  3.95235e-08
333	  0.813161	  0.343756	  7.85672e-06	  5.18579e-07	  828	  4.39508e-08
334	  0.813161	  0.406258	  7.85672e-06	  5.89879e-07	  828	  4.99936e-08
335	  0.813161	  0.468751	  7.85672e-06	  5.92452e-07	  888	  4.9504e-08
336	  0.813161	  0.531244	  7.85672e-06	  6.70297e-07	  732	  5.82898e-08
337	  0.813161	  0.593752	  7.85672e-06	  7.48336e-07	  816	  6.36138e-08
338	  0.813161	  0.656252	  7.85672e-06	  8.24464e-07	  840	  6.96699e-08
339	  0.813161	  0.718753	  7.85672e-06	  9.3758e-07	  816	  7.97009e-08
340	  0.813161	  0.78125	  7.85672e-06	  9.98207e-07	  744	  8.65064e-08
341	  0.813161	  0.843744	  7.85672e-06	  1.20304e-06	  888	  1.00523e-07
342	  0.813161	  0.906252	  7.85672e-06	  1.33219e-06	  768	  1.1468e-07
343	  0.813161	  0.968755	  7.85672e-06	  1.57934e-06	  849	  1.3317e-07
344	  0.98304	  0.0311873	  5.13352e-06	  3.03497e-07	  1926	  2.20904e-08
345	  0.98304	  0.0937546	  5.13352e-06	  3.02244e-07	  1260	  2.3627e-08
346	  0.98304	  0.156239	  5.13352e-06	  3.1692e-07	  1236	  2.48605e-08
347	  0.98304	  0.218749	  5.13352e-06	  3.02786e-07	  1368	  2.33257e-08
348	  0.98304	  0.281247	  5.13352e-06	  3.24937e-07	  1572	  2.44423e-08
349	  0.98304	  0.343756	  5.13352e-06	  3.46497e-07	  1404	  2.65722e-08
350	  0.98304	  0.406258	  5.13352e-06	  3.54275e-07	  1368	  2.72923e-08
351	  0.98304	  0.468751	  5.13352e-06	  4.06205e-07	  1476	  3.08833e-08
352	  0.98304	  0.531244	  5.13352e-06	  4.32897e-07	  1524	  3.27338e-08
353	  0.98304	  0.593752	  5.13352e-06	  4.6081e-07	  1440	  3.51839e-08
354	  0.98304	  0.656252	  5.13352e-06	  5.04719e-07	  1404	  3.87059e-08
355	  0.98304	  0.718753	  5.13352e-06	  5.96367e-07	  1440	  4.5534e-08
356	  0.98304	  0.78125	  5.13352e-06	  6.86277e-07	  1500	  5.20335e-08
357	  0.98304	  0.843744	  5.13352e-06	  7.4211e-07	  1428	  5.67438e-08
358	  0.98304	  0.906252	  5.13352e-06	  8.45977e-07	  1524	  6.39692e-08
359	  0.98304	  0.968755	  5.13352e-06	  9.5651e-07	  1428	  7.31374e-08
360	  1.18839	  0.0311873	  3.32783e-06	  1.94971e-07	  2670	  1.35218e-08
361	  1.18839	  0.0937546	  3.32783e-06	  1.92398e-07	  2124	  1.37946e-08
362	  1.18839	  0.156239	  3.32783e-06	  1.95929e-07	  3024	  1.33594e-08
363	  1.18839	  0.218749	  3.32783e-06	  2.14087e-07	  2472	  1.50103e-08
364	  1.18839	  0.281247	  3.32783e-06	  2.12445e-07	  2448	  1.49161e-08
365	  1.18839	  0.343756	  3.32783e-06	  2.29282e-07	  2604	  1.59572e-08
366	  1.18839	  0.406258	  3.32783e-06	  2.464e-07	  2640	  1.71156e-08
367	  1.18839	  0.468751	  3.32783e-06	  2.57062e-07	  2652	  1.78448e-08
368	  1.18839	  0.531244	  3.32783e-06	  2.76514e-07	  2388	  1.94842e-08
369	  1.18839	  0.593752	  3.32783e-06	  3.01867e-07	  2628	  2.09819e-08
370	  1.18839	  0.656252	  3.32783e-06	  3.55731e-07	  2556	  2.48228e-08
371	  1.18839	  0.718753	  3.32783e-06	  3.66116e-07	  2592	  2.5497e-08
372	  1.18839	  0.78125	  3.32783e-06	  4.31914e-07	  2424	  3.03683e-08
373	  1.18839	  0.843744	  3.32783e-06	  4.78692e-07	  2712	  3.31266e-08
374	  1.18839	  0.906252	  3.32783e-06	  5.11932e-07	  2532	  3.57703e-08
375	  1.18839	  0.968755	  3.32783e-06	  5.84446e-07	  2556	  4.07825e-08
376	  1.43678	  0.0311873	  2.14203e-06	  1.31498e-07	  4026	  8.64731e-09
377	  1.43678	  0.0937546	  2.14203e-06	  1.3043e-07	  5280	  8.31649e-09
378	  1.43678	  0.156239	  2.14203e-06	  1.312e-07	  4332	  8.55339e-09
379	  1.43678	  0.218749	  2.14203e-06	  1.34917e-07	  4632	  8.72823e-09
380	  1.43678	  0.281247	  2.14203e-06	  1.45837e-07	  4464	  9.4746e-09
381	  1.43678	  0.343756	  2.14203e-06	  1.52991e-07	  4500	  9.9302e-09
382	  1.43678	  0.406258	  2.14203e-06	  1.58515e-07	  4500	  1.02888e-08
383	  1.43678	  0.468751	  2.14203e-06	  1.73899e-07	  4380	  1.13225e-08
384	  1.43678	  0.531244	  2.14203e-06	  1.89637e-07	  4752	  1.22328e-08
385	  1.43678	  0.593752	  2.14203e-06	  2.04297e-07	  4488	  1.32644e-08
386	  1.43678	  0.656252	  2.14203e-06	  2.26551e-07	  4716	  1.46265e-08
387	  1.43678	  0.718753	  2.14203e-06	  2.43454e-07	  4500	  1.58019e-08
388	  1.43678	  0.78125	  2.14203e-06	  2.64023e-07	  4524	  1.71265e-08
389	  1.43678	  0.843744	  2.14203e-06	  2.85308e-07	  4512	  1.85128e-08
390	  1.43678	  0.906252	  2.14203e-06	  3.37827e-07	  4524	  2.1914e-08
391	  1.43678	  0.968755	  2.14203e-06	  3.64944e-07	  4563	  2.36498e-08
392	  1.73827	  0.0311873	  1.36716e-06	  8.62055e-08	  8526	  5.24388e-09
393	  1.73827	  0.0937546	  1.36716e-06	  8.89629e-08	  7788	  5.45623e-09
394	  1.73827	  0.156239	  1.36716e-06	  8.74495e-08	  7656	  5.37191e-09
395	  1.73827	  0.218749	  1.36716e-06	  9.11433e-08	  8052	  5.57288e-09
396	  1.73827	  0.281247	  1.36716e-06	  9.2757e-08	  8256	  5.6587e-09
397	  1.73827	  0.343756	  1.36716e-06	  9.85542e-08	  8244	  6.01315e-09
398	  1.73827	  0.406258	  1.36716e-06	  1.0486e-07	  8112	  6.40727e-09
399	  1.73827	  0.468751	  1.36716e-06	  1.08494e-07	  7968	  6.64013e-09
400	  1.73827	  0.531244	  1.36716e-06	  1.16936e-07	  8208	  7.13753e-09
401	  1.73827	  0.593752	  1.36716e-06	  1.28306e-07	  8076	  7.84301e-09
402	  1.73827	  0.656252	  1.36716e-06	  1.38451e-07	  7884	  8.48183e-09
403	  1.73827	  0.718753	  1.36716e-06	  1.48406e-07	  8040	  9.07542e-09
404	  1.73827	  0.78125	  1.36716e-06	  1.61164e-07	  8256	  9.83191e-09
405	  1.73827	  0.843744	  1.36716e-06	  1.75575e-07	  8088	  1.0731e-08
406	  1.73827	  0.906252	  1.36716e-06	  1.93853e-07	  8040	  1.18546e-08
407	  1.73827	  0.968755	  1.36716e-06	  2.03531e-07	  8037	  1.24468e-08
408	  2.10243	  0.0311873	  8.68105e-07	  5.62403e-08	  14208	  3.28384e-09
409	  2.10243	  0.0937546	  8.68105e-07	  5.52414e-08	  14388	  3.22261e-09
410	  2.10243	  0.156239	  8.68105e-07	  5.8947e-08	  14232	  3.44146e-09
411	  2.10243	  0.218749	  8.68105e-07	  5.81131e-08	  14244	  3.39258e-09
412	  2.10243	  0.281247	  8.68105e-07	  5.96971e-08	  14160	  3.48653e-09
413	  2.10243	  0.343756	  8.68105e-07	  6.31531e-08	  14232	  3.68703e-09
414	  2.10243	  0.406258	  8.68105e-07	  6.62343e-08	  14112	  3.86927e-09
415	  2.10243	  0.468751	  8.68105e-07	  6.93151e-08	  14268	  4.04605e-09
416	  2.10243	  0.531244	  8.68105e-07	  7.51346e-08	  14268	  4.38574e-09
417	  2.10243	  0.593752	  8.68105e-07	  7.97645e-08	  14172	  4.65826e-09
418	  2.10243	  0.656252	  8.68105e-07	  8.58409e-08	  14040	  5.0165e-09
419	  2.10243	  0.718753	  8.68105e-07	  9.20593e-08	  14340	  5.37173e-09
420	  2.10243	  0.78125	  8.68105e-07	  9.68501e-08	  14160	  5.6564e-09
421	  2.10243	  0.843744	  8.68105e-07	  1.05354e-07	  14280	  6.14934e-09
422	  2.10243	  0.906252	  8.68105e-07	  1.09816e-07	  14280	  6.40979e-09
423	  2.10243	  0.968755	  8.68105e-07	  1.15664e-07	  14205	  6.75368e-09
424	  2.54295	  0.0311873	  5.47958e-07	  3.67698e-08	  25416	  2.06913e-09
425	  2.54295	  0.0937546	  5.47958e-07	  3.70346e-08	  25008	  2.08592e-09
426	  2.54295	  0.156239	  5.47958e-07	  3.76975e-08	  25044	  2.12309e-09
427	  2.54295	  0.218749	  5.47958e-07	  3.80701e-08	  25524	  2.14179e-09
428	  2.54295	  0.281247	  5.47958e-07	  3.85106e-08	  25176	  2.16824e-09
429	  2.54295	  0.343756	  5.47958e-07	  3.95098e-08	  25200	  2.22438e-09
430	  2.54295	  0.406258	  5.47958e-07	  4.16319e-08	  25368	  2.34298e-09
431	  2.54295	  0.468751	  5.47958e-07	  4.33873e-08	  25260	  2.44235e-09
432	  2.54295	  0.531244	  5.47958e-07	  4.61105e-08	  25044	  2.5969e-09
433	  2.54295	  0.593752	  5.47958e-07	  4.86291e-08	  25368	  2.73677e-09
434	  2.54295	  0.656252	  5.47958e-07	  5.21039e-08	  25596	  2.93087e-09
435	  2.54295	  0.718753	  5.47958e-07	  5.45563e-08	  25224	  3.07132e-09
436	  2.54295	  0.78125	  5.47958e-07	  5.72946e-08	  24948	  3.22747e-09
437	  2.54295	  0.843744	  5.47958e-07	  5.98205e-08	  25392	  3.36643e-09
438	  2.54295	  0.906252	  5.47958e-07	  6.15461e-08	  25332	  3.464e-09
439	  2.54295	  0.968755	  5.47958e-07	  6.45918e-08	  25071	  3.63753e-09
440	  3.07539	  0.0311873	  3.44321e-07	  2.44318e-08	  42570	  1.34e-09
441	  3.07539	  0.0937546	  3.44321e-07	  2.37577e-08	  45396	  1.29939e-09
442	  3.07539	  0.156239	  3.44321e-07	  2.41546e-08	  45336	  1.32117e-09
443	  3.07539	  0.218749	  3.44321e-07	  2.41537e-08	  44328	  1.32241e-09
444	  3.07539	  0.281247	  3.44321e-07	  2.43999e-08	  44508	  1.33565e-09
445	  3.07539	  0.343756	  3.44321e-07	  2.51947e-08	  44748	  1.37884e-09
446	  3.07539	  0.406258	  3.44321e-07	  2.59313e-08	  44496	  1.4195e-09
447	  3.07539	  0.468751	  3.44321e-07	  2.6997e-08	  44580	  1.47772e-09
448	  3.07539	  0.531244	  3.44321e-07	  2.82809e-08	  44676	  1.54784e-09
449	  3.07539	  0.593752	  3.44321e-07	  2.94259e-08	  44520	  1.61076e-09
450	  3.07539	  0.656252	  3.44321e-07	  3.04157e-08	  44292	  1.66531e-09
451	  3.07539	  0.718753	  3.44321e-07	  3.18479e-08	  44796	  1.74287e-09
452	  3.07539	  0.78125	  3.44321e-07	  3.25785e-08	  44676	  1.78306e-09
453	  3.07539	  0.843744	  3.44321e-07	  3.30489e-08	  44388	  1.80931e-09
454	  3.07539	  0.906252	  3.44321e-07	  3.36549e-08	  44532	  1.84223e-09
455	  3.07539	  0.968755	  3.44321e-07	  3.37032e-08	  44553	  1.84484e-09
456	  3.719	  0.0311873	  2.15335e-07	  1.54368e-08	  80406	  8.2628e-10
457	  3.719	  0.0937546	  2.15335e-07	  1.51662e-08	  78528	  8.12428e-10
458	  3.719	  0.156239	  2.15335e-07	  1.51973e-08	  78504	  8.14104e-10
459	  3.719	  0.218749	  2.15335e-07	  1.52659e-08	  78540	  8.17768e-10
460	  3.719	  0.281247	  2.15335e-07	  1.52983e-08	  78660	  8.1946e-10
461	  3.719	  0.343756	  2.15335e-07	  1.56179e-08	  78456	  8.36653e-10
462	  3.719	  0.406258	  2.15335e-07	  1.58389e-08	  79152	  8.48241e-10
463	  3.719	  0.468751	  2.15335e-07	  1.63916e-08	  78780	  8.77982e-10
464	  3.719	  0.531244	  2.15335e-07	  1.66492e-08	  78888	  8.91737e-10
465	  3.719	  0.593752	  2.15335e-07	  1.71541e-08	  78804	  9.18812e-10
466	  3.719	  0.656252	  2.15335e-07	  1.7517e-08	  78528	  9.38359e-10
467	  3.719	  0.718753	  2.15335e-07	  1.77157e-08	  78684	  9.48942e-10
468	  3.719	  0.78125	  2.15335e-07	  1.77679e-08	  78984	  9.51616e-10
469	  3.719	  0.843744	  2.15335e-07	  1.76317e-08	  78888	  9.4436e-10
470	  3.719	  0.906252	  2.15335e-07	  1.74382e-08	  78864	  9.34006e-10
471	  3.719	  0.968755	  2.15335e-07	  1.70881e-08	  78726	  9.15307e-10
472	  4.49782	  0.0311873	  1.34067e-07	  9.60466e-09	  139272	  5.0597e-10
473	  4.49782	  0.0937546	  1.34067e-07	  9.44495e-09	  139704	  4.97517e-10
474	  4.49782	  0.156239	  1.34067e-07	  9.38743e-09	  139548	  4.94501e-10
475	  4.49782	  0.218749	  1.34067e-07	  9.39066e-09	  139668	  4.9466e-10
476	  4.49782	  0.281247	  1.34067e-07	  9.3688e-09	  139596	  4.93516e-10
477	  4.49782	  0.343756	  1.34067e-07	  9.45825e-09	  139536	  4.98233e-10
478	  4.49782	  0.406258	  1.34067e-07	  9.50611e-09	  138984	  5.00804e-10
479	  4.49782	  0.468751	  1.34067e-07	  9.58423e-09	  139548	  5.04868e-10
480	  4.49782	  0.531244	  1.34067e-07	  9.61075e-09	  139440	  5.06275e-10
481	  4.49782	  0.593752	  1.34067e-07	  9.62951e-09	  139404	  5.07266e-10
482	  4.49782	  0.656252	  1.34067e-07	  9.60485e-09	  139644	  5.05945e-10
483	  4.49782	  0.718753	  1.34067e-07	  9.40274e-09	  139500	  4.95312e-10
484	  4.49782	  0.78125	  1.34067e-07	  9.17531e-09	  139500	  4.83332e-10
485	  4.49782	  0.843744	  1.34067e-07	  8.87357e-09	  139308	  4.67453e-10
486	  4.49782	  0.906252	  1.34067e-07	  8.55011e-09	  139452	  4.50401e-10
487	  4.49782	  0.968755	  1.34067e-07	  8.09543e-09	  139644	  4.26435e-10
488	  5.43965	  0.0311873	  8.31143e-08	  5.89454e-09	  245130	  3.06632e-10
489	  5.43965	  0.0937546	  8.31143e-08	  5.73081e-09	  247236	  2.98066e-10
490	  5.43965	  0.156239	  8.31143e-08	  5.68237e-09	  247224	  2.95547e-10
491	  5.43965	  0.218749	  8.31143e-08	  5.59261e-09	  246900	  2.90885e-10
492	  5.43965	  0.281247	  8.31143e-08	  5.55445e-09	  246672	  2.88906e-10
493	  5.43965	  0.343756	  8.31143e-08	  5.45363e-09	  247212	  2.8365e-10
494	  5.43965	  0.406258	  8.31143e-08	  5.4163e-09	  246408	  2.81726e-10
495	  5.43965	  0.468751	  8.31143e-08	  5.29865e-09	  246696	  2.756e-10
496	  5.43965	  0.531244	  8.31143e-08	  5.20773e-09	  246528	  2.70875e-10
497	  5.43965	  0.593752	  8.31143e-08	  5.07224e-09	  246924	  2.63819e-10
498	  5.43965	  0.656252	  8.31143e-08	  4.87621e-09	  246768	  2.53627e-10
499	  5.43965	  0.718753	  8.31143e-08	  4.68479e-09	  246540	  2.43675e-10
500	  5.43965	  0.78125	  8.31143e-08	  4.40184e-09	  246408	  2.28959e-10
501	  5.43965	  0.843744	  8.31143e-08	  4.14404e-09	  246768	  2.15544e-10
502	  5.43965	  0.906252	  8.31143e-08	  3.87106e-09	  246612	  2.01348e-10
503	  5.43965	  0.968755	  8.31143e-08	  3.54767e-09	  246780	  1.84525e-10
504	  6.57891	  0.0311873	  5.13415e-08	  3.50116e-09	  440496	  1.80333e-10
505	  6.57891	  0.0937546	  5.13415e-08	  3.38723e-09	  432708	  1.74511e-10
506	  6.57891	  0.156239	  5.13415e-08	  3.29833e-09	  437184	  1.69905e-10
507	  6.57891	  0.218749	  5.13415e-08	  3.22038e-09	  436008	  1.65896e-10
508	  6.57891	  0.281247	  5.13415e-08	  3.12488e-09	  436512	  1.60974e-10
509	  6.57891	  0.343756	  5.13415e-08	  3.02678e-09	  436728	  1.55919e-10
510	  6.57891	  0.406258	  5.13415e-08	  2.89026e-09	  436404	  1.48888e-10
511	  6.57891	  0.468751	  5.13415e-08	  2.76066e-09	  436620	  1.42211e-10
512	  6.57891	  0.531244	  5.13415e-08	  2.62359e-09	  436176	  1.35152e-10
513	  6.57891	  0.593752	  5.13415e-08	  2.45647e-09	  437028	  1.26539e-10
514	  6.57891	  0.656252	  5.13415e-08	  2.28702e-09	  436296	  1.17814e-10
515	  6.57891	  0.718753	  5.13415e-08	  2.09842e-09	  436956	  1.08096e-10
516	  6.57891	  0.78125	  5.13415e-08	  1.91907e-09	  436200	  9.88593e-11
517	  6.57891	  0.843744	  5.13415e-08	  1.7449e-09	  436884	  8.98848e-11
518	  6.57891	  0.906252	  5.13415e-08	  1.5862e-09	  436560	  8.17108e-11
519	  6.57891	  0.968755	  5.13415e-08	  1.46943e-09	  436485	  7.56955e-11
520	  7.95665	  0.0311873	  3.1602e-08	  1.98125e-09	  771750	  1.01318e-10
521	  7.95665	  0.0937546	  3.1602e-08	  1.91298e-09	  773916	  9.78237e-11
522	  7.95665	  0.156239	  3.1602e-08	  1.84087e-09	  768432	  9.41433e-11
523	  7.95665	  0.218749	  3.1602e-08	  1.76947e-09	  774300	  9.04843e-11
524	  7.95665	  0.281247	  3.1602e-08	  1.66691e-09	  772140	  8.52424e-11
525	  7.95665	  0.343756	  3.1602e-08	  1.55491e-09	  770640	  7.95165e-11
526	  7.95665	  0.406258	  3.1602e-08	  1.4389e-09	  773148	  7.35813e-11
527	  7.95665	  0.468751	  3.1602e-08	  1.31869e-09	  771396	  6.74361e-11
528	  7.95665	  0.531244	  3.1602e-08	  1.19571e-09	  771888	  6.11467e-11
529	  7.95665	  0.593752	  3.1602e-08	  1.07402e-09	  772812	  5.49228e-11
530	  7.95665	  0.656252	  3.1602e-08	  9.60297e-10	  771948	  4.91078e-11
531	  7.95665	  0.718753	  3.1602e-08	  8.50369e-10	  770964	  4.34869e-11
532	  7.95665	  0.78125	  3.1602e-08	  7.55737e-10	  773016	  3.86464e-11
533	  7.95665	  0.843744	  3.1602e-08	  6.69197e-10	  771312	  3.42218e-11
534	  7.95665	  0.906252	  3.1602e-08	  6.07898e-10	  772296	  3.10866e-11
535	  7.95665	  0.968755	  3.1602e-08	  5.9621e-10	  771855	  3.04891e-11
536	  9.62243	  0.0311873	  1.93866e-08	  1.07932e-09	  1.36555e+06	  5.48898e-11
537	  9.62243	  0.0937546	  1.93866e-08	  1.03469e-09	  1.36112e+06	  5.26215e-11
538	  9.62243	  0.156239	  1.93866e-08	  9.83663e-10	  1.37094e+06	  5.00232e-11
539	  9.62243	  0.218749	  1.93866e-08	  9.14262e-10	  1.36158e+06	  4.64966e-11
540	  9.62243	  0.281247	  1.93866e-08	  8.30782e-10	  1.36709e+06	  4.22496e-11
541	  9.62243	  0.343756	  1.93866e-08	  7.40274e-10	  1.36517e+06	  3.76473e-11
542	  9.62243	  0.406258	  1.93866e-08	  6.50782e-10	  1.36558e+06	  3.3096e-11
543	  9.62243	  0.468751	  1.93866e-08	  5.67093e-10	  1.36436e+06	  2.88402e-11
544	  9.62243	  0.531244	  1.93866e-08	  4.92344e-10	  1.36668e+06	  2.50384e-11
545	  9.62243	  0.593752	  1.93866e-08	  4.25944e-10	  1.36381e+06	  2.1662e-11
546	  9.62243	  0.656252	  1.93866e-08	  3.6729e-10	  1.36573e+06	  1.86788e-11
547	  9.62243	  0.718753	  1.93866e-08	  3.1686e-10	  1.3655e+06	  1.61142e-11
548	  9.62243	  0.78125	  1.93866e-08	  2.72683e-10	  1.36499e+06	  1.38676e-11
549	  9.62243	  0.843744	  1.93866e-08	  2.37235e-10	  1.36476e+06	  1.20648e-11
550	  9.62243	  0.906252	  1.93866e-08	  2.12296e-10	  1.36657e+06	  1.07964e-11
551	  9.62243	  0.968755	  1.93866e-08	  2.05284e-10	  1.36467e+06	  1.04399e-11
